1.368e-01 8.262e+04
1.952e-01 7.361e+04
1.522e-01 7.994e+04
1.436e-01 8.250e+04
1.684e-01 7.602e+04
7.900e-06 7.891e+03
3.679e-06 8.754e+03
1.403e-01 8.194e+04
1.574e-01 7.954e+04
1.571e-01 7.567e+04
1.520e-01 7.894e+04
1.861e-01 7.520e+04
1.494e-01 8.047e+04
1.358e-01 8.299e+04
1.454e-01 8.138e+04
1.537e-01 8.045e+04
1.395e-01 8.213e+04
1.860e-01 7.496e+04
1.366e-01 8.295e+04
1.569e-01 7.866e+04
1.463e-01 8.091e+04
1.480e-01 8.079e+04
1.522e-01 8.073e+04
1.500e-01 8.007e+04
1.407e-01 8.238e+04
1.626e-01 7.638e+04
1.537e-01 8.069e+04
1.432e-01 8.285e+04
1.592e-01 7.790e+04
1.535e-01 7.519e+04
1.393e-01 8.234e+04
1.488e-01 8.019e+04
1.543e-01 7.911e+04
1.610e-01 7.869e+04
1.607e-01 7.859e+04
1.461e-01 8.235e+04
1.435e-01 8.035e+04
1.502e-01 8.126e+04
1.431e-01 8.154e+04
1.462e-01 8.082e+04
1.340e-01 8.421e+04
1.495e-01 7.933e+04
1.621e-01 7.700e+04
1.454e-01 8.097e+04
1.932e-01 7.521e+04
1.372e-01 8.213e+04
1.452e-01 8.034e+04
1.410e-01 8.153e+04
1.937e-01 7.317e+04
1.424e-01 8.216e+04
1.522e-01 8.082e+04
1.614e-01 8.004e+04
1.389e-01 8.259e+04
1.438e-01 8.120e+04
1.443e-01 7.964e+04
1.396e-01 8.271e+04
1.338e-01 8.273e+04
1.491e-01 8.147e+04
1.512e-01 8.043e+04
1.499e-01 8.177e+04
1.436e-01 8.225e+04
1.480e-01 7.989e+04
1.425e-01 8.176e+04
1.460e-01 8.133e+04
1.424e-01 8.318e+04
1.447e-01 8.014e+04
1.465e-01 7.968e+04
1.718e-01 7.747e+04
1.334e-01 8.340e+04
1.481e-01 8.163e+04
1.605e-01 8.041e+04
1.463e-01 8.052e+04
1.756e-01 7.475e+04
1.403e-01 8.305e+04
1.441e-01 8.099e+04
1.773e-01 7.491e+04
1.550e-01 7.966e+04
1.456e-01 8.063e+04
1.562e-01 8.079e+04
1.536e-01 7.906e+04
1.370e-01 8.230e+04
1.436e-01 8.181e+04
1.444e-01 8.161e+04
1.398e-01 8.175e+04
1.565e-01 8.006e+04
1.680e-01 7.841e+04
1.570e-01 7.872e+04
1.549e-01 7.916e+04
1.357e-01 8.212e+04
1.503e-01 8.007e+04
1.507e-01 7.805e+04
1.476e-01 7.910e+04
1.591e-01 7.952e+04
1.651e-01 7.804e+04
1.444e-01 8.101e+04
1.904e-01 7.185e+04
1.389e-01 8.109e+04
1.145e-05 6.872e+03
1.373e-01 8.290e+04
1.773e-01 7.708e+04
1.475e-01 8.152e+04
1.433e-01 8.181e+04
1.624e-01 7.829e+04
1.367e-01 8.328e+04
1.537e-01 8.039e+04
1.645e-01 7.979e+04
1.449e-01 8.191e+04
1.651e-01 7.823e+04
1.575e-01 8.004e+04
1.490e-01 7.722e+04
1.564e-01 8.006e+04
1.890e-01 7.341e+04
1.808e-01 7.282e+04
1.550e-01 8.118e+04
1.444e-01 8.154e+04
1.483e-01 8.108e+04
3.203e-06 4.632e+03
1.515e-01 7.657e+04
1.421e-01 8.221e+04
1.542e-01 8.100e+04
1.512e-01 7.738e+04
1.398e-01 8.182e+04
1.570e-01 7.854e+04
1.382e-01 8.247e+04
1.403e-01 8.220e+04
1.454e-01 8.174e+04
1.497e-01 7.996e+04
1.358e-01 8.177e+04
1.369e-01 8.231e+04
1.524e-01 7.953e+04
1.428e-01 8.203e+04
1.453e-01 8.040e+04
1.619e-01 7.575e+04
1.417e-01 8.232e+04
4.076e-06 1.064e+04
1.827e-01 7.558e+04
1.589e-01 7.764e+04
1.770e-01 7.686e+04
1.503e-01 8.033e+04
1.437e-01 8.150e+04
1.461e-01 8.258e+04
1.351e-01 8.365e+04
1.493e-01 8.027e+04
1.371e-01 8.268e+04
1.624e-01 7.739e+04
1.426e-01 8.230e+04
1.469e-01 7.977e+04
1.610e-01 7.592e+04
1.571e-01 8.067e+04
1.722e-01 7.754e+04
1.630e-01 7.547e+04
1.456e-01 8.010e+04
1.412e-01 8.244e+04
1.538e-01 7.940e+04
1.354e-01 8.354e+04
1.414e-01 8.203e+04
1.505e-01 7.966e+04
2.111e-01 7.253e+04
1.536e-01 7.852e+04
1.560e-01 7.907e+04
1.589e-01 7.978e+04
1.512e-01 7.964e+04
1.447e-01 8.215e+04
1.694e-01 7.303e+04
1.761e-01 7.468e+04
1.749e-01 7.404e+04
1.569e-01 7.986e+04
1.802e-01 7.560e+04
1.476e-01 8.121e+04
1.452e-01 8.085e+04
1.535e-01 8.071e+04
1.667e-01 7.641e+04
1.538e-01 8.119e+04
1.570e-01 7.973e+04
1.419e-01 8.057e+04
1.424e-01 8.156e+04
1.417e-01 8.154e+04
1.533e-01 7.627e+04
1.450e-01 8.197e+04
1.557e-01 7.862e+04
1.774e-01 7.670e+04
1.623e-01 7.783e+04
1.635e-01 7.952e+04
1.473e-01 8.100e+04
2.133e-01 6.928e+04
1.740e-01 7.690e+04
1.646e-01 7.873e+04
1.494e-01 7.992e+04
1.468e-01 7.975e+04
1.573e-01 8.046e+04
1.414e-01 8.275e+04
1.436e-01 8.125e+04
1.419e-01 8.207e+04
1.411e-01 8.121e+04
1.469e-01 7.994e+04
1.416e-01 8.228e+04
1.509e-01 8.061e+04
1.491e-01 8.009e+04
1.650e-01 7.638e+04
1.465e-01 8.107e+04
1.574e-01 7.584e+04
1.542e-01 7.823e+04
1.403e-01 8.350e+04
1.406e-01 8.155e+04
1.397e-01 8.234e+04
1.514e-01 8.024e+04
1.435e-01 8.143e+04
1.489e-01 8.019e+04
1.479e-01 8.129e+04
1.376e-01 8.288e+04
1.552e-01 7.878e+04
1.532e-01 7.798e+04
1.458e-01 7.933e+04
1.491e-01 8.224e+04
1.754e-01 7.559e+04
1.639e-01 7.710e+04
2.112e-01 6.968e+04
1.431e-01 8.220e+04
1.546e-01 7.946e+04
1.391e-01 8.276e+04
1.481e-01 8.044e+04
1.698e-01 7.519e+04
1.751e-01 7.534e+04
1.517e-01 8.073e+04
1.573e-01 7.877e+04
1.526e-01 7.931e+04
1.530e-01 8.027e+04
1.295e-01 8.381e+04
1.539e-01 8.002e+04
1.447e-01 8.010e+04
1.685e-01 7.927e+04
1.420e-01 8.229e+04
1.400e-01 8.331e+04
1.416e-01 8.246e+04
1.433e-01 8.076e+04
1.460e-01 7.943e+04
1.435e-01 8.128e+04
1.466e-01 8.143e+04
1.609e-01 7.648e+04
1.472e-01 8.207e+04
1.498e-01 8.123e+04
1.566e-01 7.739e+04
1.428e-01 8.266e+04
1.438e-01 8.061e+04
1.566e-01 8.043e+04
1.562e-01 7.773e+04
1.413e-01 8.281e+04
1.638e-01 7.880e+04
1.379e-01 8.127e+04
1.504e-01 7.886e+04
1.556e-01 8.023e+04
1.541e-01 7.943e+04
1.370e-01 8.374e+04
1.431e-01 8.219e+04
1.493e-01 8.023e+04
1.471e-01 8.038e+04
1.766e-01 7.358e+04
1.480e-01 8.012e+04
1.465e-01 8.102e+04
1.504e-01 8.123e+04
1.441e-01 8.033e+04
1.422e-01 8.179e+04
1.574e-01 7.999e+04
1.418e-01 8.215e+04
1.521e-01 7.929e+04
1.432e-01 8.117e+04
1.349e-01 8.352e+04
1.759e-01 7.689e+04
1.672e-01 7.573e+04
1.224e-06 9.034e+03
1.331e-01 8.414e+04
1.646e-01 7.784e+04
1.608e-01 7.418e+04
1.390e-01 8.173e+04
1.454e-01 8.020e+04
1.452e-01 8.058e+04
1.503e-01 7.979e+04
1.558e-01 8.023e+04
1.629e-01 7.794e+04
1.650e-01 7.703e+04
1.433e-01 8.094e+04
1.612e-01 7.740e+04
1.538e-01 7.998e+04
1.368e-01 8.230e+04
1.687e-01 7.742e+04
1.453e-01 8.138e+04
1.414e-01 8.236e+04
1.505e-01 8.028e+04
1.417e-01 8.175e+04
1.508e-01 7.911e+04
1.386e-01 8.170e+04
1.441e-01 8.115e+04
1.445e-01 8.123e+04
1.655e-01 7.753e+04
1.520e-01 8.082e+04
1.608e-01 7.823e+04
1.447e-01 7.880e+04
1.711e-01 7.317e+04
1.534e-01 8.016e+04
1.387e-01 8.094e+04
1.639e-01 7.677e+04
1.567e-01 7.881e+04
1.679e-01 7.828e+04
1.389e-01 8.304e+04
1.509e-01 7.966e+04
1.501e-01 8.030e+04
1.357e-01 8.262e+04
1.756e-01 7.609e+04
1.572e-01 8.032e+04
1.791e-05 1.526e+04
1.445e-01 7.849e+04
1.816e-01 7.454e+04
1.388e-01 8.356e+04
1.471e-01 8.049e+04
1.466e-01 8.132e+04
1.393e-01 8.272e+04
1.563e-01 8.055e+04
1.304e-01 8.410e+04
1.580e-01 7.853e+04
1.478e-01 8.033e+04
1.377e-01 8.205e+04
1.548e-01 8.055e+04
1.441e-01 7.923e+04
1.572e-01 7.832e+04
1.632e-01 7.742e+04
1.298e-06 1.224e+04
1.453e-01 8.062e+04
1.554e-01 8.057e+04
1.428e-01 8.253e+04
1.391e-01 8.265e+04
1.606e-01 7.782e+04
1.348e-01 8.314e+04
1.584e-01 7.786e+04
1.503e-01 8.122e+04
3.881e-06 1.696e+04
1.590e-01 7.962e+04
2.029e-06 1.026e+04
1.460e-01 8.145e+04
1.365e-01 8.252e+04
1.320e-01 8.277e+04
1.780e-01 7.556e+04
1.349e-01 8.311e+04
1.390e-01 8.183e+04
1.433e-01 8.135e+04
1.636e-01 7.768e+04
1.586e-01 7.976e+04
1.587e-01 8.038e+04
1.382e-01 8.292e+04
1.580e-01 7.891e+04
1.492e-01 8.160e+04
1.491e-01 8.121e+04
1.763e-01 7.718e+04
1.682e-01 7.608e+04
1.563e-01 7.851e+04
1.570e-01 7.617e+04
1.415e-01 8.159e+04
1.573e-01 7.836e+04
1.539e-01 8.123e+04
1.288e-01 8.309e+04
1.362e-01 8.258e+04
1.644e-01 7.664e+04
1.473e-01 8.189e+04
1.788e-01 7.610e+04
1.486e-01 8.006e+04
1.438e-01 8.158e+04
1.441e-01 8.166e+04
1.485e-01 8.005e+04
1.771e-01 7.599e+04
1.433e-01 8.095e+04
1.335e-01 8.382e+04
1.395e-01 8.211e+04
1.468e-01 7.969e+04
1.697e-01 7.816e+04
1.439e-01 8.103e+04
1.375e-01 8.199e+04
1.421e-01 8.127e+04
1.493e-01 7.996e+04
1.371e-01 8.318e+04
1.335e-01 8.333e+04
1.409e-01 8.164e+04
1.534e-01 7.969e+04
1.431e-01 8.110e+04
1.365e-01 8.335e+04
1.489e-01 8.092e+04
1.370e-01 8.309e+04
1.805e-01 7.466e+04
1.619e-01 7.944e+04
1.825e-01 7.220e+04
1.502e-01 8.166e+04
1.476e-01 8.148e+04
1.550e-01 7.793e+04
1.440e-01 8.055e+04
1.515e-01 7.973e+04
1.442e-01 8.085e+04
1.515e-01 8.010e+04
1.458e-01 8.160e+04
1.448e-01 8.090e+04
1.621e-01 7.750e+04
1.530e-01 8.063e+04
1.428e-01 8.057e+04
1.815e-01 7.494e+04
1.563e-01 7.737e+04
1.372e-01 8.277e+04
1.698e-01 7.774e+04
1.437e-01 8.193e+04
1.361e-01 8.106e+04
1.538e-01 7.562e+04
1.785e-01 7.469e+04
1.545e-01 8.010e+04
1.504e-01 7.935e+04
1.740e-01 7.865e+04
1.602e-01 7.702e+04
1.409e-01 8.024e+04
1.358e-01 8.254e+04
1.366e-01 8.177e+04
1.345e-01 8.382e+04
1.388e-01 8.216e+04
1.801e-01 7.476e+04
1.396e-01 8.277e+04
1.575e-01 7.779e+04
1.434e-01 8.105e+04
1.391e-01 8.208e+04
1.423e-01 8.168e+04
1.343e-01 8.328e+04
1.606e-01 7.762e+04
1.576e-01 7.962e+04
1.414e-01 8.148e+04
1.691e-01 7.767e+04
1.747e-01 7.661e+04
1.657e-01 7.815e+04
1.489e-01 8.102e+04
1.317e-01 8.340e+04
1.380e-01 8.206e+04
1.425e-01 7.873e+04
1.623e-01 7.915e+04
1.485e-01 8.104e+04
1.358e-01 8.286e+04
1.708e-01 7.836e+04
1.512e-01 8.000e+04
1.573e-01 8.067e+04
1.565e-01 7.732e+04
1.493e-01 8.120e+04
1.578e-01 7.667e+04
1.550e-01 8.009e+04
1.507e-01 8.228e+04
1.435e-01 8.228e+04
1.346e-01 8.270e+04
1.626e-01 7.897e+04
1.800e-01 7.410e+04
1.444e-01 8.079e+04
1.511e-01 8.150e+04
1.609e-01 7.415e+04
1.472e-01 8.237e+04
1.595e-01 7.865e+04
1.632e-01 7.747e+04
1.690e-01 7.796e+04
1.569e-01 7.908e+04
1.568e-01 7.929e+04
1.412e-01 8.194e+04
1.656e-01 7.892e+04
1.554e-01 7.974e+04
1.563e-01 7.942e+04
1.480e-01 8.039e+04
1.408e-01 8.156e+04
1.622e-01 7.576e+04
1.442e-01 8.169e+04
1.434e-01 8.165e+04
1.591e-01 7.995e+04
1.443e-01 8.079e+04
1.521e-01 7.913e+04
1.456e-01 8.187e+04
1.622e-01 7.684e+04
1.361e-01 8.249e+04
1.562e-01 7.897e+04
1.505e-01 7.967e+04
1.455e-01 8.169e+04
1.498e-01 8.126e+04
1.830e-01 7.356e+04
1.528e-01 7.694e+04
1.520e-01 8.061e+04
1.547e-01 7.979e+04
1.311e-01 8.382e+04
1.402e-01 8.206e+04
1.583e-01 7.881e+04
1.484e-01 8.041e+04
1.417e-01 8.195e+04
1.523e-01 7.851e+04
1.369e-01 8.287e+04
1.506e-01 8.138e+04
1.490e-01 8.175e+04
1.516e-01 8.064e+04
1.412e-01 8.181e+04
1.485e-01 8.062e+04
1.489e-01 8.055e+04
1.422e-01 8.244e+04
1.422e-01 8.117e+04
1.514e-01 7.961e+04
1.672e-01 7.578e+04
1.419e-01 8.163e+04
1.616e-01 7.911e+04
1.614e-01 7.626e+04
1.368e-01 8.217e+04
1.513e-01 8.111e+04
1.315e-01 8.325e+04
1.720e-01 7.692e+04
2.118e-01 7.138e+04
1.449e-01 8.116e+04
1.530e-01 8.024e+04
1.435e-01 8.223e+04
1.651e-01 7.841e+04
1.555e-01 7.813e+04
1.393e-01 8.285e+04
1.368e-01 8.314e+04
1.458e-01 8.200e+04
1.684e-01 7.694e+04
1.465e-01 8.004e+04
1.479e-01 8.132e+04
1.413e-01 8.275e+04
1.422e-01 8.247e+04
1.474e-01 7.953e+04
1.685e-01 7.217e+04
1.421e-01 8.154e+04
1.402e-01 8.209e+04
1.438e-01 8.092e+04
1.367e-01 8.391e+04
1.481e-01 8.172e+04
1.327e-01 8.386e+04
1.715e-01 7.610e+04
1.488e-01 7.943e+04
1.447e-01 8.153e+04
2.349e-06 1.147e+04
1.527e-01 7.738e+04
1.505e-01 7.974e+04
1.424e-01 8.223e+04
1.388e-01 8.212e+04
1.458e-01 8.062e+04
1.813e-01 7.482e+04
1.511e-01 7.897e+04
1.380e-01 8.366e+04
1.391e-01 8.147e+04
1.813e-01 7.560e+04
1.383e-01 8.268e+04
1.491e-01 8.123e+04
1.381e-01 8.296e+04
1.399e-01 8.263e+04
1.392e-01 8.092e+04
1.495e-01 8.100e+04
1.531e-01 8.161e+04
1.683e-01 7.578e+04
1.525e-01 8.132e+04
1.373e-01 8.152e+04
1.483e-01 7.975e+04
1.598e-01 7.985e+04
1.397e-01 8.011e+04
1.610e-01 7.625e+04
1.454e-01 8.129e+04
1.462e-01 8.042e+04
1.364e-01 8.295e+04
1.477e-01 8.147e+04
1.560e-01 7.880e+04
1.616e-01 7.945e+04
1.655e-01 7.732e+04
1.370e-01 8.218e+04
1.553e-01 7.874e+04
1.566e-01 8.042e+04
1.487e-01 8.104e+04
1.586e-01 8.061e+04
1.407e-01 8.148e+04
9.443e-07 1.178e+04
1.574e-01 7.874e+04
1.583e-01 7.899e+04
1.677e-01 7.635e+04
1.425e-01 8.050e+04
1.528e-01 7.944e+04
1.427e-01 8.284e+04
1.439e-01 7.972e+04
1.452e-01 8.222e+04
1.425e-01 8.106e+04
1.426e-01 8.107e+04
1.494e-01 8.143e+04
1.537e-01 7.538e+04
1.533e-01 7.986e+04
1.395e-01 8.212e+04
1.491e-01 8.126e+04
1.432e-01 8.187e+04
1.442e-01 8.122e+04
1.338e-01 8.410e+04
1.752e-01 7.257e+04
1.580e-01 7.957e+04
1.450e-01 8.125e+04
1.620e-01 7.850e+04
1.377e-01 8.155e+04
1.734e-01 7.449e+04
1.486e-01 8.070e+04
1.267e-01 8.431e+04
1.507e-01 8.095e+04
1.580e-01 7.729e+04
1.460e-01 7.827e+04
1.500e-01 8.086e+04
1.817e-01 7.426e+04
1.353e-01 8.169e+04
1.616e-01 7.891e+04
1.809e-01 7.599e+04
1.402e-01 8.248e+04
1.956e-01 7.517e+04
1.513e-01 7.815e+04
1.513e-01 7.856e+04
1.339e-01 8.394e+04
2.104e-05 1.343e+04
1.882e-01 7.351e+04
1.576e-01 7.785e+04
1.495e-01 8.011e+04
1.570e-01 8.014e+04
1.718e-01 7.601e+04
1.365e-01 8.365e+04
1.344e-01 8.292e+04
1.511e-01 8.057e+04
1.497e-01 8.160e+04
1.357e-01 8.381e+04
1.527e-01 8.021e+04
1.396e-01 8.307e+04
1.355e-01 8.157e+04
1.629e-01 7.850e+04
1.441e-01 8.316e+04
1.631e-01 7.908e+04
1.469e-01 8.103e+04
1.414e-01 7.978e+04
1.589e-01 7.856e+04
1.328e-01 8.377e+04
1.672e-01 7.949e+04
1.444e-01 8.057e+04
1.334e-01 8.331e+04
1.367e-01 8.311e+04
1.542e-01 8.025e+04
1.365e-01 8.334e+04
1.724e-01 7.314e+04
1.346e-01 8.326e+04
1.451e-01 8.075e+04
1.431e-01 8.023e+04
1.395e-01 8.022e+04
1.493e-01 8.026e+04
1.485e-01 8.096e+04
1.478e-01 8.078e+04
1.371e-01 8.218e+04
1.410e-01 8.229e+04
1.326e-01 8.280e+04
1.390e-01 8.178e+04
1.455e-01 8.156e+04
1.536e-01 7.982e+04
1.466e-01 8.118e+04
1.596e-01 8.034e+04
1.593e-01 7.965e+04
1.445e-01 8.086e+04
1.541e-01 7.977e+04
1.525e-01 7.958e+04
1.741e-01 7.701e+04
1.720e-01 7.581e+04
1.384e-01 8.312e+04
1.369e-01 8.364e+04
1.432e-01 8.068e+04
1.538e-01 8.109e+04
1.422e-01 8.169e+04
1.414e-01 8.183e+04
1.426e-01 8.277e+04
1.542e-01 8.040e+04
1.407e-01 7.984e+04
1.420e-01 7.924e+04
1.900e-01 7.456e+04
1.553e-01 8.063e+04
1.780e-01 7.234e+04
1.421e-01 8.204e+04
1.418e-01 8.189e+04
1.417e-01 8.235e+04
1.352e-01 8.360e+04
1.413e-01 8.253e+04
1.381e-01 8.246e+04
1.850e-01 7.718e+04
1.423e-01 8.046e+04
1.576e-01 7.875e+04
1.514e-01 7.942e+04
1.476e-01 8.069e+04
1.320e-01 8.438e+04
1.442e-01 7.981e+04
1.535e-01 7.957e+04
1.433e-01 8.275e+04
1.466e-01 8.131e+04
1.525e-01 7.889e+04
1.401e-01 8.203e+04
1.623e-01 7.719e+04
1.403e-01 8.297e+04
1.351e-01 8.329e+04
1.709e-01 7.510e+04
1.584e-01 7.955e+04
1.710e-01 7.547e+04
1.593e-01 7.891e+04
1.471e-01 7.992e+04
1.394e-01 8.191e+04
1.440e-01 8.115e+04
1.451e-01 8.143e+04
1.585e-01 7.890e+04
1.489e-01 8.066e+04
1.422e-01 8.240e+04
1.665e-01 7.711e+04
1.699e-01 7.537e+04
1.500e-01 7.908e+04
1.488e-01 8.062e+04
1.438e-01 8.248e+04
1.518e-01 8.086e+04
1.403e-01 8.207e+04
1.504e-01 7.969e+04
1.424e-01 8.261e+04
1.568e-01 7.896e+04
1.496e-01 8.077e+04
1.360e-01 8.387e+04
1.825e-01 7.381e+04
1.387e-01 8.127e+04
1.465e-01 8.197e+04
1.621e-01 7.689e+04
1.462e-01 8.179e+04
1.416e-01 8.136e+04
1.482e-01 8.106e+04
1.437e-01 8.059e+04
1.611e-01 7.918e+04
1.438e-01 7.973e+04
1.688e-01 7.631e+04
1.462e-01 8.140e+04
1.380e-01 8.245e+04
1.400e-01 8.157e+04
1.810e-01 7.678e+04
1.608e-01 7.848e+04
1.534e-01 7.963e+04
1.450e-01 8.120e+04
1.494e-01 8.107e+04
1.392e-01 8.153e+04
1.627e-01 7.498e+04
1.587e-01 7.442e+04
1.430e-01 8.097e+04
1.406e-01 8.167e+04
1.491e-01 8.139e+04
1.555e-01 7.893e+04
8.331e-07 1.583e+04
1.500e-01 8.108e+04
1.404e-01 8.235e+04
1.539e-01 7.944e+04
1.811e-01 7.690e+04
1.816e-01 7.375e+04
1.409e-01 8.075e+04
1.398e-01 8.267e+04
1.592e-01 7.841e+04
1.472e-01 8.135e+04
1.501e-01 8.177e+04
1.890e-01 7.076e+04
1.368e-01 8.155e+04
1.561e-01 7.657e+04
1.392e-01 8.296e+04
1.629e-01 7.888e+04
1.587e-01 7.685e+04
1.449e-01 7.972e+04
1.435e-01 8.179e+04
1.431e-01 8.074e+04
1.515e-01 7.927e+04
1.469e-01 8.203e+04
1.346e-01 8.366e+04
1.448e-01 8.178e+04
1.384e-01 8.184e+04
1.435e-01 8.150e+04
1.379e-01 8.222e+04
1.510e-01 7.898e+04
1.366e-01 8.349e+04
1.554e-01 8.025e+04
1.419e-01 8.073e+04
1.458e-01 8.178e+04
1.377e-01 8.325e+04
1.443e-01 8.168e+04
1.417e-01 8.044e+04
1.793e-01 7.836e+04
1.456e-01 8.051e+04
1.504e-01 7.909e+04
1.676e-01 7.687e+04
1.519e-01 8.047e+04
1.475e-01 7.974e+04
1.504e-01 8.052e+04
1.429e-01 8.080e+04
1.433e-01 8.235e+04
1.437e-01 8.054e+04
1.592e-01 8.000e+04
1.451e-01 8.137e+04
1.501e-01 7.944e+04
1.774e-01 7.351e+04
1.790e-01 7.408e+04
1.454e-01 8.124e+04
1.531e-01 8.071e+04
1.502e-01 8.073e+04
1.549e-01 7.723e+04
1.694e-01 7.728e+04
1.479e-01 8.118e+04
1.699e-01 7.518e+04
1.568e-01 8.065e+04
1.402e-01 8.287e+04
1.621e-01 7.849e+04
1.452e-01 8.063e+04
1.501e-01 7.997e+04
1.341e-01 8.295e+04
1.517e-01 7.951e+04
1.372e-01 8.323e+04
1.424e-01 8.168e+04
1.360e-01 8.319e+04
1.664e-01 7.475e+04
1.462e-01 8.005e+04
1.490e-01 8.036e+04
1.452e-01 8.116e+04
1.347e-01 8.222e+04
1.540e-01 8.073e+04
1.520e-01 8.030e+04
1.627e-01 7.895e+04
1.461e-01 8.117e+04
1.423e-01 8.195e+04
1.382e-01 8.265e+04
1.710e-01 7.738e+04
1.428e-01 8.157e+04
1.607e-01 7.826e+04
1.461e-01 8.022e+04
1.616e-01 7.932e+04
1.656e-01 7.645e+04
1.589e-01 7.667e+04
1.664e-01 7.655e+04
1.742e-01 7.460e+04
1.414e-01 8.267e+04
1.446e-01 8.225e+04
1.364e-01 8.366e+04
1.427e-01 8.136e+04
1.614e-01 7.737e+04
1.571e-01 7.680e+04
1.620e-01 7.614e+04
1.658e-01 7.867e+04
1.819e-01 7.624e+04
1.615e-01 7.675e+04
1.546e-01 8.091e+04
1.424e-01 8.164e+04
1.512e-01 8.120e+04
1.414e-01 8.207e+04
1.394e-01 8.014e+04
1.390e-01 8.232e+04
1.539e-01 7.955e+04
1.473e-01 8.050e+04
1.471e-01 8.093e+04
1.487e-01 8.096e+04
1.475e-01 8.060e+04
1.528e-01 8.019e+04
1.407e-01 8.239e+04
1.427e-01 8.281e+04
1.618e-01 7.921e+04
1.321e-01 8.409e+04
3.456e-06 6.434e+03
1.476e-01 8.098e+04
1.731e-01 7.678e+04
1.401e-01 8.175e+04
1.433e-01 8.071e+04
1.408e-01 8.104e+04
1.408e-01 8.211e+04
1.583e-01 7.967e+04
1.445e-01 8.184e+04
1.644e-01 7.907e+04
1.558e-01 7.875e+04
1.806e-01 7.802e+04
1.401e-01 8.257e+04
1.412e-01 8.247e+04
1.391e-01 8.192e+04
1.399e-01 8.093e+04
1.375e-01 8.333e+04
1.320e-01 8.371e+04
1.436e-01 8.204e+04
1.352e-01 8.348e+04
1.855e-01 7.459e+04
1.705e-01 7.789e+04
1.444e-01 8.149e+04
1.472e-01 8.123e+04
1.493e-01 8.082e+04
1.419e-01 8.087e+04
1.891e-01 7.380e+04
1.427e-01 8.188e+04
1.350e-01 8.138e+04
1.472e-01 7.958e+04
1.473e-01 8.024e+04
1.421e-01 8.291e+04
1.527e-01 8.143e+04
1.349e-01 8.383e+04
1.452e-01 7.924e+04
1.457e-01 8.169e+04
1.520e-01 8.138e+04
1.491e-01 8.087e+04
1.701e-01 7.662e+04
1.503e-01 8.083e+04
1.594e-01 8.014e+04
1.461e-01 8.091e+04
1.440e-01 8.033e+04
1.436e-01 8.201e+04
1.745e-01 7.566e+04
1.516e-01 7.983e+04
1.424e-01 8.222e+04
1.403e-01 8.325e+04
1.362e-01 8.314e+04
1.527e-01 8.078e+04
1.668e-01 7.526e+04
1.516e-01 7.896e+04
1.886e-01 7.242e+04
1.527e-01 7.972e+04
1.559e-01 8.046e+04
1.491e-01 7.991e+04
1.549e-01 8.023e+04
1.572e-01 7.793e+04
1.776e-01 7.647e+04
1.359e-01 8.165e+04
1.458e-01 8.173e+04
1.478e-01 8.075e+04
1.426e-01 8.129e+04
1.425e-01 8.059e+04
1.744e-01 7.616e+04
1.328e-01 8.245e+04
1.814e-01 7.547e+04
1.359e-01 8.261e+04
1.411e-01 8.272e+04
1.489e-01 7.999e+04
1.417e-01 8.251e+04
1.459e-01 8.218e+04
1.585e-01 8.003e+04
1.721e-01 7.592e+04
1.384e-01 8.251e+04
1.378e-01 8.140e+04
1.398e-01 8.334e+04
1.675e-01 7.758e+04
1.419e-01 8.068e+04
1.508e-01 7.977e+04
1.461e-01 8.194e+04
1.487e-01 8.213e+04
1.486e-01 8.012e+04
1.425e-01 8.187e+04
1.427e-01 8.141e+04
1.526e-01 7.991e+04
1.462e-01 7.862e+04
1.468e-01 8.208e+04
1.408e-01 8.254e+04
1.396e-01 8.262e+04
1.390e-01 8.204e+04
1.485e-01 7.937e+04
1.769e-01 7.661e+04
1.483e-01 7.997e+04
1.357e-01 8.318e+04
1.395e-01 8.220e+04
1.427e-01 8.097e+04
2.033e-01 7.229e+04
1.407e-01 8.176e+04
1.386e-01 8.244e+04
1.665e-01 7.632e+04
1.696e-01 7.689e+04
1.339e-01 8.377e+04
1.454e-01 8.155e+04
1.337e-01 8.374e+04
1.375e-01 8.248e+04
1.498e-01 7.932e+04
1.378e-01 8.371e+04
1.471e-01 8.231e+04
1.478e-01 8.184e+04
1.574e-01 7.817e+04
1.257e-06 5.517e+03
1.645e-01 7.931e+04
1.432e-01 8.060e+04
1.396e-01 8.281e+04
1.433e-01 8.145e+04
9.286e-06 1.088e+04
1.564e-01 7.996e+04
1.640e-01 7.654e+04
1.568e-01 8.084e+04
1.368e-01 8.263e+04
1.528e-01 7.980e+04
1.395e-01 8.314e+04
1.602e-01 7.816e+04
1.421e-01 8.204e+04
1.548e-01 7.818e+04
1.375e-01 8.143e+04
1.939e-01 7.580e+04
1.463e-01 8.076e+04
1.506e-01 8.044e+04
1.710e-01 7.596e+04
1.655e-01 7.759e+04
1.744e-01 7.596e+04
1.458e-01 7.989e+04
1.399e-01 8.213e+04
1.537e-01 8.062e+04
1.630e-01 8.016e+04
1.765e-01 7.603e+04
1.414e-01 8.260e+04
1.875e-01 7.185e+04
1.439e-01 8.041e+04
1.344e-01 8.303e+04
1.379e-01 8.303e+04
1.527e-01 7.867e+04
1.461e-01 8.202e+04
1.404e-01 8.127e+04
1.797e-01 7.732e+04
1.422e-01 8.266e+04
1.357e-01 8.282e+04
1.443e-01 8.205e+04
1.549e-01 7.872e+04
1.327e-01 8.403e+04
1.807e-01 7.586e+04
1.626e-01 7.943e+04
1.501e-01 7.964e+04
1.897e-01 7.316e+04
1.548e-01 8.100e+04
1.438e-01 8.084e+04
1.378e-01 8.296e+04
1.969e-01 7.281e+04
1.515e-01 7.958e+04
1.550e-01 8.094e+04
1.382e-01 8.247e+04
1.488e-01 7.991e+04
1.401e-01 8.087e+04
1.560e-01 7.621e+04
1.396e-01 8.101e+04
1.443e-01 8.154e+04
1.517e-01 8.049e+04
1.407e-01 8.245e+04
1.544e-01 7.977e+04
1.753e-01 7.499e+04
1.631e-01 7.900e+04
1.384e-01 8.272e+04
1.740e-01 7.412e+04
1.607e-01 7.662e+04
1.868e-01 7.544e+04
1.540e-01 7.800e+04
1.571e-01 7.966e+04
1.830e-01 7.424e+04
1.680e-01 7.663e+04
1.456e-01 7.984e+04
1.754e-01 7.310e+04
1.747e-01 7.530e+04
1.473e-01 8.014e+04
1.388e-01 8.329e+04
1.422e-01 8.093e+04
1.423e-01 8.142e+04
1.573e-01 7.690e+04
1.360e-01 8.377e+04
1.398e-01 8.215e+04
1.415e-01 8.290e+04
1.388e-01 8.229e+04
1.730e-01 7.407e+04
1.561e-01 7.980e+04
1.479e-01 7.932e+04
1.526e-01 7.945e+04
1.325e-01 8.377e+04
2.742e-07 7.547e+03
1.675e-01 7.677e+04
1.478e-01 8.097e+04
1.361e-01 8.273e+04
1.743e-01 7.484e+04
1.545e-01 8.059e+04
1.408e-01 8.277e+04
1.859e-01 7.212e+04
1.508e-01 7.957e+04
1.632e-01 7.535e+04
1.387e-01 8.256e+04
1.498e-01 8.092e+04
1.420e-01 8.062e+04
1.495e-01 8.184e+04
1.348e-01 8.237e+04
1.420e-01 8.274e+04
1.351e-01 8.304e+04
1.759e-01 7.598e+04
1.457e-06 1.463e+04
1.584e-01 7.558e+04
1.512e-01 7.918e+04
1.510e-01 7.748e+04
1.348e-01 8.315e+04
1.403e-01 8.127e+04
1.468e-01 8.225e+04
1.342e-01 8.263e+04
1.624e-01 7.368e+04
1.431e-01 8.243e+04
1.484e-01 7.998e+04
1.524e-01 8.040e+04
1.509e-01 8.052e+04
1.755e-01 7.378e+04
1.422e-01 8.171e+04
1.376e-01 8.236e+04
1.494e-01 8.011e+04
1.619e-01 7.841e+04
1.525e-01 8.074e+04
1.364e-01 8.256e+04
1.466e-01 8.121e+04
1.530e-01 8.051e+04
1.658e-01 7.916e+04
1.492e-01 8.131e+04
1.618e-01 7.922e+04
1.497e-01 7.915e+04
1.564e-01 7.890e+04
1.453e-01 8.133e+04
1.461e-01 8.099e+04
1.504e-01 7.993e+04
1.509e-01 8.004e+04
1.525e-01 7.909e+04
1.470e-01 8.083e+04
1.478e-01 8.120e+04
1.428e-01 8.206e+04
1.510e-01 8.063e+04
1.479e-01 7.968e+04
1.686e-01 7.982e+04
1.370e-01 8.252e+04
1.417e-01 8.297e+04
1.342e-01 8.208e+04
1.529e-01 8.052e+04
1.607e-01 7.879e+04
1.842e-01 7.560e+04
1.566e-01 7.867e+04
1.446e-01 8.298e+04
1.515e-01 7.791e+04
1.546e-01 8.067e+04
1.389e-01 8.288e+04
1.419e-01 8.099e+04
1.501e-01 8.126e+04
1.337e-01 8.357e+04
1.521e-01 8.066e+04
1.551e-01 7.825e+04
1.610e-01 7.618e+04
1.502e-01 8.102e+04
1.606e-01 7.793e+04
1.378e-01 8.227e+04
1.463e-01 8.092e+04
1.460e-01 8.023e+04
1.788e-01 7.474e+04
1.472e-01 8.232e+04
1.572e-01 7.868e+04
1.589e-01 7.855e+04
1.503e-01 8.134e+04
1.790e-01 7.535e+04
1.498e-01 7.903e+04
1.461e-01 8.060e+04
1.659e-01 7.755e+04
1.546e-01 8.121e+04
1.354e-01 8.385e+04
1.389e-01 8.342e+04
1.370e-01 8.277e+04
1.441e-01 8.048e+04
1.406e-01 8.315e+04
1.507e-01 8.101e+04
1.560e-01 8.034e+04
1.679e-01 7.281e+04
1.442e-01 8.218e+04
1.488e-01 8.143e+04
1.522e-01 7.899e+04
1.489e-01 7.979e+04
1.685e-01 7.773e+04
1.538e-01 7.995e+04
1.754e-01 7.835e+04
1.540e-01 7.895e+04
1.409e-01 8.228e+04
1.573e-01 7.959e+04
1.414e-01 8.286e+04
1.549e-01 7.899e+04
1.399e-01 8.217e+04
1.403e-01 8.140e+04
1.542e-01 7.801e+04
1.611e-01 7.811e+04
1.561e-01 7.957e+04
1.433e-01 8.204e+04
1.440e-01 8.209e+04
1.443e-01 8.108e+04
1.364e-01 8.251e+04
1.415e-01 8.176e+04
1.349e-01 8.297e+04
1.613e-01 7.930e+04
1.513e-01 7.947e+04
1.627e-01 7.718e+04
1.405e-01 8.152e+04
1.528e-01 7.920e+04
1.524e-01 8.066e+04
1.484e-01 8.111e+04
1.638e-01 7.781e+04
1.707e-01 7.426e+04
1.500e-01 7.951e+04
1.563e-01 8.020e+04
1.629e-01 7.725e+04
1.608e-01 8.057e+04
1.713e-01 7.690e+04
1.552e-01 7.834e+04
1.477e-01 8.118e+04
1.654e-01 7.801e+04
1.635e-01 7.861e+04
1.667e-01 7.981e+04
1.403e-01 8.113e+04
1.608e-01 7.252e+04
1.387e-01 8.238e+04
1.478e-01 8.186e+04
1.456e-01 8.001e+04
1.463e-01 8.037e+04
1.384e-01 8.203e+04
1.441e-01 8.192e+04
1.372e-01 8.234e+04
1.464e-01 8.050e+04
1.416e-01 8.135e+04
1.685e-01 7.894e+04
1.371e-01 8.307e+04
1.492e-01 8.150e+04
1.532e-01 7.890e+04
1.400e-01 8.304e+04
1.350e-01 8.346e+04
1.512e-01 7.858e+04
1.564e-01 8.022e+04
1.325e-01 8.324e+04
1.493e-01 8.135e+04
1.445e-01 8.173e+04
1.415e-01 8.215e+04
1.456e-01 8.060e+04
1.496e-01 8.169e+04
1.411e-01 8.132e+04
1.496e-01 7.965e+04
1.481e-01 8.131e+04
1.451e-01 8.110e+04
1.439e-01 8.208e+04
1.315e-01 8.350e+04
1.494e-01 8.059e+04
1.435e-01 8.131e+04
1.446e-01 8.053e+04
1.325e-01 8.448e+04
1.559e-01 7.972e+04
1.471e-01 8.197e+04
1.498e-01 7.923e+04
1.427e-01 8.125e+04
1.112e-06 2.087e+03
1.516e-01 7.886e+04
1.446e-01 8.252e+04
1.375e-01 8.268e+04
1.860e-01 7.186e+04
1.442e-01 8.246e+04
1.648e-01 7.770e+04
1.746e-01 7.535e+04
1.370e-01 8.306e+04
1.615e-01 7.780e+04
1.490e-01 8.114e+04
1.494e-01 8.044e+04
1.399e-01 8.277e+04
1.493e-01 8.006e+04
1.515e-01 7.896e+04
1.270e-06 1.435e+04
1.838e-01 7.440e+04
1.664e-01 7.730e+04
2.192e-01 7.244e+04
1.503e-01 8.108e+04
1.376e-01 8.222e+04
1.498e-01 7.990e+04
1.447e-01 8.092e+04
1.352e-01 8.331e+04
1.517e-01 8.036e+04
1.472e-01 8.129e+04
1.470e-01 8.094e+04
1.608e-01 7.717e+04
1.905e-01 7.212e+04
1.474e-01 8.104e+04
1.533e-01 7.757e+04
1.840e-01 7.367e+04
1.505e-01 8.065e+04
1.629e-01 7.763e+04
1.587e-01 7.851e+04
1.498e-01 8.006e+04
1.729e-01 7.679e+04
1.434e-01 8.069e+04
1.411e-01 8.278e+04
1.340e-01 8.281e+04
1.390e-01 8.226e+04
1.386e-01 8.257e+04
1.649e-01 7.310e+04
1.501e-01 8.048e+04
1.485e-01 8.079e+04
1.553e-01 7.906e+04
1.424e-01 8.209e+04
1.425e-01 8.142e+04
1.649e-01 7.733e+04
1.456e-01 8.042e+04
1.705e-01 7.731e+04
1.567e-01 7.930e+04
1.335e-01 8.320e+04
1.495e-01 8.124e+04
1.486e-01 7.959e+04
1.420e-01 8.120e+04
1.574e-01 8.022e+04
1.538e-01 7.985e+04
1.577e-01 7.944e+04
1.392e-01 8.332e+04
1.403e-01 8.226e+04
1.494e-01 8.077e+04
1.352e-01 8.286e+04
1.578e-01 7.809e+04
1.641e-01 7.647e+04
1.513e-01 8.130e+04
1.534e-01 7.974e+04
1.487e-01 8.011e+04
1.437e-01 7.900e+04
1.580e-01 8.003e+04
1.340e-01 8.307e+04
1.442e-01 8.128e+04
1.354e-01 8.346e+04
1.542e-01 7.935e+04
1.452e-01 8.074e+04
1.416e-01 8.305e+04
1.498e-01 8.052e+04
1.484e-01 7.989e+04
1.594e-01 8.085e+04
1.499e-01 8.161e+04
1.442e-01 8.120e+04
1.877e-01 7.402e+04
1.487e-01 8.043e+04
1.783e-01 7.723e+04
1.492e-01 8.143e+04
1.636e-01 7.975e+04
1.512e-01 7.899e+04
1.348e-01 8.209e+04
1.397e-01 8.155e+04
1.361e-01 8.247e+04
1.341e-01 8.322e+04
1.426e-01 8.069e+04
1.461e-01 8.118e+04
7.841e-06 1.363e+04
1.554e-01 8.061e+04
1.497e-01 8.055e+04
1.515e-01 8.009e+04
1.453e-01 8.067e+04
1.559e-01 7.829e+04
1.427e-01 8.260e+04
1.598e-01 7.712e+04
1.474e-01 8.212e+04
1.486e-01 8.079e+04
1.998e-01 7.439e+04
1.462e-01 8.096e+04
1.891e-01 7.430e+04
1.364e-01 8.292e+04
1.503e-01 7.994e+04
1.415e-01 8.215e+04
1.531e-01 7.919e+04
1.589e-01 7.441e+04
1.467e-01 8.219e+04
1.466e-01 8.167e+04
1.440e-01 8.021e+04
1.478e-01 8.108e+04
1.539e-01 7.811e+04
1.517e-01 7.987e+04
1.426e-01 8.135e+04
1.892e-01 7.191e+04
1.488e-01 8.073e+04
1.347e-01 8.236e+04
1.511e-01 8.126e+04
1.342e-01 8.313e+04
1.540e-01 7.854e+04
1.433e-01 8.070e+04
1.689e-01 7.465e+04
1.447e-01 8.281e+04
1.440e-01 8.105e+04
1.859e-01 7.379e+04
1.772e-01 7.844e+04
1.354e-01 8.319e+04
1.327e-01 8.356e+04
1.508e-01 7.996e+04
1.368e-01 8.246e+04
1.451e-01 8.120e+04
1.458e-01 8.049e+04
1.370e-01 8.153e+04
1.763e-01 7.790e+04
1.910e-01 7.405e+04
1.491e-01 7.981e+04
1.413e-01 8.093e+04
1.694e-01 7.610e+04
1.855e-01 7.395e+04
1.354e-01 8.364e+04
1.556e-01 7.692e+04
1.691e-01 7.632e+04
1.568e-01 7.864e+04
1.391e-01 8.242e+04
1.441e-01 8.199e+04
1.433e-01 8.115e+04
1.713e-01 7.783e+04
1.792e-01 7.199e+04
1.381e-01 8.136e+04
1.379e-01 8.203e+04
1.627e-01 7.904e+04
1.577e-01 7.803e+04
1.430e-01 8.225e+04
1.873e-01 7.357e+04
4.638e-06 7.609e+03
1.410e-01 8.246e+04
1.468e-01 8.199e+04
1.417e-01 8.150e+04
1.414e-01 8.244e+04
1.563e-01 8.034e+04
1.403e-01 8.315e+04
1.673e-01 7.834e+04
1.457e-01 8.121e+04
1.706e-01 7.664e+04
3.030e-06 7.055e+03
1.656e-01 7.763e+04
1.443e-01 8.235e+04
1.404e-01 8.149e+04
1.465e-01 8.038e+04
1.426e-01 8.165e+04
1.428e-01 8.178e+04
1.894e-01 7.290e+04
1.518e-01 8.006e+04
1.405e-01 8.164e+04
1.514e-01 7.787e+04
1.428e-01 8.088e+04
1.352e-01 8.356e+04
1.368e-01 8.270e+04
1.545e-01 7.865e+04
1.677e-01 7.741e+04
1.465e-01 8.136e+04
1.828e-01 7.287e+04
1.555e-01 7.919e+04
1.577e-01 7.911e+04
1.363e-01 8.243e+04
1.439e-01 8.049e+04
1.466e-01 8.131e+04
1.935e-01 7.433e+04
1.516e-01 8.038e+04
1.350e-01 8.352e+04
1.919e-01 7.459e+04
1.820e-01 7.439e+04
1.664e-01 7.331e+04
1.582e-01 8.004e+04
1.500e-01 8.007e+04
1.715e-01 7.800e+04
1.470e-01 8.072e+04
1.425e-01 8.157e+04
1.464e-01 8.003e+04
1.552e-01 8.127e+04
1.519e-01 7.890e+04
1.729e-01 7.504e+04
1.573e-01 8.036e+04
1.396e-01 8.128e+04
1.830e-01 7.458e+04
1.550e-01 8.076e+04
1.548e-01 7.983e+04
1.798e-01 7.412e+04
1.648e-01 7.612e+04
1.436e-01 7.920e+04
1.630e-01 7.777e+04
1.324e-01 8.443e+04
1.336e-01 8.329e+04
1.637e-01 7.876e+04
1.489e-01 8.006e+04
1.532e-01 7.999e+04
1.506e-01 8.013e+04
1.459e-01 8.181e+04
1.475e-01 8.130e+04
1.634e-01 7.798e+04
1.485e-01 7.911e+04
1.480e-01 8.122e+04
1.413e-01 8.282e+04
1.459e-01 8.113e+04
1.463e-01 8.093e+04
1.585e-01 7.956e+04
1.526e-01 7.784e+04
1.832e-01 7.337e+04
1.688e-01 7.738e+04
1.574e-01 7.840e+04
1.343e-01 8.317e+04
1.344e-01 8.320e+04
1.515e-01 7.968e+04
1.509e-01 7.955e+04
1.815e-01 7.662e+04
1.449e-01 8.053e+04
1.299e-01 8.326e+04
1.486e-01 7.994e+04
1.528e-01 8.062e+04
1.361e-01 8.176e+04
1.395e-01 8.276e+04
1.510e-01 7.813e+04
1.469e-01 8.178e+04
1.419e-01 8.275e+04
1.409e-01 8.136e+04
1.505e-01 8.046e+04
1.442e-01 7.976e+04
1.653e-01 7.937e+04
1.730e-01 7.414e+04
1.365e-01 8.376e+04
1.434e-01 8.071e+04
1.475e-01 8.126e+04
1.407e-01 8.095e+04
1.410e-01 8.150e+04
1.435e-01 8.162e+04
1.399e-01 8.331e+04
1.546e-01 7.977e+04
1.421e-01 8.168e+04
1.432e-01 8.149e+04
1.372e-01 8.244e+04
1.483e-01 8.113e+04
1.390e-01 8.341e+04
1.562e-01 7.986e+04
1.819e-01 7.616e+04
1.404e-01 8.199e+04
1.377e-01 8.181e+04
1.378e-01 8.171e+04
1.535e-01 7.943e+04
1.538e-01 8.012e+04
1.422e-01 8.267e+04
2.895e-07 3.643e+03
1.325e-01 8.334e+04
1.909e-01 7.656e+04
1.403e-01 8.100e+04
1.527e-01 8.005e+04
1.464e-01 8.171e+04
1.556e-01 7.570e+04
1.350e-01 8.288e+04
1.725e-01 7.510e+04
1.480e-01 8.147e+04
1.529e-01 8.084e+04
1.613e-01 7.952e+04
1.604e-01 7.951e+04
1.517e-01 8.136e+04
1.368e-01 8.325e+04
1.499e-01 7.946e+04
1.374e-01 8.168e+04
1.607e-01 7.458e+04
1.399e-01 8.133e+04
1.538e-01 7.652e+04
1.383e-01 8.291e+04
6.319e-06 9.965e+03
1.377e-01 8.370e+04
1.899e-01 7.180e+04
1.354e-01 8.352e+04
1.352e-01 8.313e+04
1.549e-01 7.835e+04
1.391e-01 8.166e+04
1.482e-01 7.954e+04
1.886e-01 7.496e+04
1.454e-01 7.738e+04
1.929e-01 7.168e+04
1.936e-01 7.587e+04
1.626e-01 7.813e+04
1.490e-01 8.019e+04
1.468e-01 7.984e+04
1.533e-01 7.927e+04
1.530e-01 8.013e+04
1.559e-01 7.889e+04
1.394e-01 8.220e+04
1.482e-01 7.948e+04
1.442e-01 8.021e+04
1.499e-01 8.016e+04
1.388e-01 8.169e+04
1.420e-01 7.971e+04
1.459e-01 8.175e+04
1.428e-01 7.855e+04
1.532e-01 7.898e+04
1.403e-01 8.297e+04
1.707e-01 7.393e+04
1.503e-01 8.055e+04
1.449e-01 8.042e+04
1.493e-01 8.112e+04
1.377e-01 8.050e+04
2.246e-01 7.217e+04
1.744e-01 7.686e+04
1.942e-01 7.397e+04
1.493e-01 8.096e+04
1.785e-01 7.558e+04
1.473e-01 7.897e+04
1.411e-01 8.098e+04
1.410e-01 8.200e+04
1.371e-01 8.269e+04
1.429e-01 8.088e+04
1.378e-01 8.318e+04
1.321e-01 8.296e+04
1.605e-01 8.037e+04
1.528e-01 8.151e+04
1.365e-01 8.193e+04
1.412e-01 8.253e+04
1.532e-01 8.006e+04
1.484e-01 8.006e+04
1.412e-01 8.122e+04
1.540e-01 8.016e+04
1.850e-01 7.384e+04
1.762e-01 7.689e+04
1.310e-01 8.370e+04
1.363e-01 8.405e+04
1.582e-01 7.895e+04
1.566e-01 7.859e+04
1.438e-01 8.088e+04
1.398e-01 8.156e+04
1.605e-01 7.739e+04
1.450e-01 8.168e+04
1.438e-01 8.183e+04
1.762e-01 7.627e+04
1.420e-01 8.291e+04
1.567e-01 8.053e+04
1.356e-01 8.277e+04
1.412e-01 8.154e+04
1.469e-01 8.040e+04
1.475e-01 8.058e+04
1.443e-01 8.166e+04
1.478e-01 8.036e+04
1.538e-01 7.998e+04
1.855e-01 7.433e+04
1.421e-01 8.248e+04
1.336e-01 8.366e+04
1.740e-01 7.849e+04
1.751e-01 7.777e+04
1.537e-01 7.972e+04
1.618e-01 7.808e+04
1.528e-01 8.005e+04
1.400e-01 8.293e+04
1.506e-01 8.037e+04
1.413e-01 8.016e+04
1.335e-01 8.320e+04
1.517e-01 8.129e+04
1.433e-01 7.685e+04
1.594e-01 7.799e+04
1.527e-01 8.116e+04
1.905e-01 7.342e+04
1.439e-01 8.146e+04
1.471e-01 7.945e+04
1.369e-01 8.267e+04
1.468e-01 7.790e+04
1.464e-01 8.093e+04
1.464e-01 8.036e+04
1.496e-01 7.903e+04
1.445e-01 8.013e+04
1.433e-01 7.967e+04
1.417e-01 8.089e+04
1.478e-01 8.012e+04
1.751e-01 7.311e+04
1.541e-01 8.074e+04
1.400e-01 8.283e+04
1.399e-01 8.255e+04
1.411e-01 8.252e+04
1.323e-01 8.400e+04
1.484e-01 8.164e+04
1.491e-01 7.975e+04
1.435e-01 8.202e+04
1.618e-01 7.696e+04
1.365e-01 8.309e+04
1.512e-01 8.021e+04
1.507e-01 8.068e+04
1.471e-01 8.129e+04
1.479e-01 8.229e+04
1.491e-01 7.962e+04
1.566e-01 7.955e+04
1.687e-01 7.691e+04
1.384e-01 8.310e+04
9.258e-06 4.875e+03
1.474e-01 8.165e+04
1.454e-01 8.112e+04
1.507e-01 7.860e+04
1.516e-01 8.154e+04
1.631e-01 7.682e+04
1.573e-01 7.772e+04
1.526e-01 7.861e+04
1.422e-01 7.873e+04
1.396e-01 8.043e+04
1.563e-01 8.047e+04
1.465e-01 8.191e+04
1.787e-01 7.424e+04
9.131e-06 6.524e+03
1.376e-01 8.215e+04
1.415e-01 8.331e+04
1.490e-01 8.188e+04
1.354e-01 8.245e+04
1.951e-06 1.101e+04
1.412e-01 8.182e+04
1.371e-01 8.268e+04
1.712e-01 7.911e+04
1.473e-01 8.182e+04
1.556e-01 7.902e+04
1.637e-01 7.521e+04
1.704e-01 7.695e+04
1.410e-01 8.253e+04
1.508e-01 8.077e+04
1.470e-01 8.018e+04
1.492e-01 8.020e+04
1.813e-01 7.501e+04
1.519e-01 7.948e+04
1.528e-01 8.068e+04
1.550e-01 8.006e+04
1.506e-01 8.177e+04
1.634e-01 7.825e+04
1.516e-01 7.927e+04
1.397e-01 8.177e+04
1.649e-01 7.855e+04
1.426e-01 8.151e+04
1.553e-01 8.094e+04
1.417e-01 7.990e+04
1.429e-01 8.024e+04
1.336e-01 8.341e+04
1.491e-01 8.246e+04
1.521e-01 8.104e+04
1.627e-01 7.786e+04
1.544e-01 7.875e+04
1.407e-01 8.324e+04
1.493e-01 8.068e+04
1.657e-01 7.966e+04
1.400e-01 8.064e+04
1.384e-01 8.229e+04
1.426e-01 8.128e+04
1.935e-01 7.262e+04
1.388e-01 8.192e+04
1.813e-01 7.316e+04
1.418e-01 7.997e+04
1.588e-01 7.906e+04
1.403e-01 8.229e+04
1.452e-01 7.974e+04
1.704e-01 7.787e+04
1.422e-01 8.227e+04
1.734e-01 7.688e+04
1.464e-01 8.067e+04
1.557e-01 7.873e+04
1.547e-01 7.817e+04
1.453e-01 8.027e+04
1.521e-01 8.041e+04
1.399e-01 8.235e+04
1.555e-01 8.005e+04
1.470e-01 8.033e+04
1.617e-01 7.879e+04
1.589e-01 7.730e+04
1.422e-01 8.232e+04
1.422e-01 8.167e+04
1.391e-01 8.234e+04
1.652e-01 7.820e+04
1.901e-01 7.368e+04
1.451e-01 8.227e+04
1.332e-01 8.318e+04
1.663e-01 7.955e+04
1.744e-01 7.823e+04
1.489e-01 8.193e+04
1.546e-01 7.983e+04
1.512e-01 8.092e+04
1.393e-01 8.253e+04
1.715e-01 7.665e+04
1.412e-01 8.096e+04
1.487e-01 7.990e+04
1.462e-01 8.085e+04
1.571e-01 7.963e+04
1.393e-01 8.238e+04
1.413e-01 8.215e+04
1.649e-01 7.858e+04
3.060e-06 6.442e+03
1.505e-01 8.049e+04
1.386e-01 8.039e+04
1.454e-01 8.036e+04
1.479e-01 8.066e+04
1.587e-01 7.919e+04
1.539e-01 7.599e+04
1.399e-01 8.260e+04
1.695e-01 7.701e+04
1.420e-01 8.083e+04
1.620e-01 7.926e+04
1.567e-01 7.916e+04
1.494e-01 7.843e+04
1.391e-01 8.075e+04
1.347e-01 8.385e+04
1.436e-01 8.099e+04
1.602e-01 7.566e+04
1.504e-01 7.904e+04
1.853e-01 7.683e+04
1.663e-01 7.714e+04
1.897e-01 7.541e+04
1.957e-01 7.374e+04
1.520e-01 7.945e+04
1.491e-01 8.135e+04
1.553e-01 8.044e+04
1.514e-01 8.156e+04
1.413e-01 8.296e+04
1.538e-01 7.896e+04
1.491e-01 8.054e+04
1.442e-01 8.249e+04
1.635e-01 7.754e+04
1.716e-01 7.218e+04
1.482e-01 7.755e+04
1.466e-01 7.987e+04
1.490e-01 8.058e+04
1.347e-01 8.205e+04
1.523e-01 7.906e+04
1.496e-01 8.057e+04
1.389e-01 8.335e+04
1.830e-01 7.397e+04
1.524e-01 8.134e+04
1.366e-01 8.247e+04
1.538e-01 7.808e+04
1.423e-01 8.153e+04
1.453e-01 8.174e+04
1.495e-01 7.901e+04
1.441e-01 8.085e+04
1.571e-01 8.034e+04
1.795e-01 7.386e+04
1.443e-01 8.039e+04
1.688e-01 8.023e+04
1.423e-01 8.198e+04
1.446e-01 8.135e+04
1.476e-01 8.046e+04
1.567e-01 7.945e+04
1.407e-01 8.115e+04
1.901e-01 7.459e+04
1.579e-01 8.085e+04
1.429e-01 8.066e+04
1.577e-01 7.455e+04
2.017e-01 6.998e+04
1.419e-01 8.226e+04
1.447e-01 8.196e+04
1.453e-01 8.034e+04
1.542e-01 7.909e+04
1.414e-01 8.138e+04
1.425e-01 8.184e+04
1.473e-01 8.045e+04
1.619e-01 7.991e+04
1.328e-01 8.381e+04
1.442e-01 8.191e+04
1.570e-01 7.945e+04
1.897e-01 7.434e+04
1.576e-01 8.015e+04
1.414e-01 8.284e+04
1.692e-01 7.894e+04
1.881e-01 7.380e+04
1.395e-01 8.309e+04
1.781e-01 7.696e+04
1.418e-01 8.117e+04
1.308e-01 8.233e+04
1.559e-01 7.972e+04
1.425e-01 8.227e+04
1.582e-01 7.917e+04
1.470e-01 8.208e+04
1.424e-01 8.223e+04
1.394e-01 8.185e+04
1.435e-01 8.106e+04
1.410e-01 8.178e+04
1.394e-01 8.248e+04
1.370e-01 8.241e+04
2.177e-01 7.374e+04
1.539e-01 7.985e+04
1.299e-01 8.399e+04
1.457e-01 8.115e+04
1.372e-01 8.243e+04
1.562e-01 8.007e+04
1.376e-01 8.026e+04
1.650e-01 7.779e+04
1.473e-01 8.073e+04
1.608e-01 7.573e+04
1.550e-01 8.023e+04
1.650e-01 7.799e+04
1.392e-01 8.117e+04
1.486e-01 8.117e+04
1.445e-01 8.146e+04
1.358e-01 8.221e+04
1.439e-01 8.110e+04
1.695e-01 7.424e+04
1.527e-01 8.017e+04
1.416e-01 8.049e+04
2.023e-01 7.469e+04
1.535e-01 7.983e+04
1.503e-01 7.887e+04
1.535e-01 8.021e+04
1.617e-01 7.682e+04
1.581e-01 7.816e+04
1.630e-01 7.917e+04
1.427e-01 8.131e+04
1.402e-01 8.299e+04
1.361e-01 8.306e+04
1.621e-01 7.618e+04
2.014e-01 7.446e+04
1.391e-01 8.258e+04
1.563e-01 8.148e+04
1.480e-01 8.142e+04
1.395e-01 8.277e+04
1.567e-01 8.029e+04
1.413e-01 8.194e+04
1.403e-01 8.107e+04
1.447e-01 8.204e+04
1.372e-01 8.318e+04
1.482e-01 8.032e+04
1.380e-01 8.291e+04
1.495e-01 8.012e+04
1.491e-01 8.162e+04
1.452e-01 8.030e+04
1.654e-01 7.963e+04
1.531e-01 8.083e+04
1.476e-01 7.964e+04
1.589e-01 7.960e+04
1.752e-01 7.691e+04
1.369e-01 8.353e+04
1.418e-01 8.242e+04
1.484e-01 8.180e+04
1.603e-01 7.991e+04
1.451e-01 8.107e+04
1.563e-01 7.767e+04
1.517e-01 8.044e+04
1.425e-01 8.234e+04
1.603e-01 7.833e+04
1.557e-01 8.059e+04
1.529e-01 8.093e+04
1.452e-01 8.109e+04
1.540e-01 8.014e+04
1.509e-01 8.064e+04
1.461e-01 8.204e+04
1.716e-01 7.677e+04
1.437e-01 8.160e+04
1.491e-01 8.060e+04
1.647e-01 7.783e+04
1.393e-01 8.047e+04
1.556e-01 8.017e+04
1.494e-01 7.941e+04
1.695e-01 7.462e+04
1.459e-01 8.133e+04
1.778e-01 7.306e+04
1.648e-01 7.740e+04
1.427e-01 8.116e+04
1.788e-01 7.345e+04
1.452e-01 8.018e+04
1.341e-01 8.350e+04
1.675e-01 7.465e+04
1.440e-01 8.032e+04
1.882e-01 7.310e+04
1.404e-01 8.046e+04
1.464e-01 7.886e+04
1.535e-01 8.035e+04
1.332e-01 8.266e+04
1.353e-01 8.298e+04
1.469e-01 8.159e+04
1.467e-01 8.197e+04
1.652e-01 7.409e+04
1.700e-01 7.649e+04
1.529e-01 7.947e+04
1.480e-01 8.126e+04
1.401e-01 8.154e+04
1.657e-01 7.324e+04
1.411e-01 8.184e+04
1.732e-01 7.425e+04
1.416e-01 8.116e+04
1.493e-01 8.047e+04
1.457e-01 8.132e+04
1.577e-01 7.811e+04
1.458e-01 8.177e+04
1.404e-01 8.092e+04
1.371e-01 8.340e+04
1.472e-01 8.018e+04
1.377e-01 8.261e+04
1.494e-01 8.132e+04
1.559e-01 8.098e+04
1.659e-01 7.866e+04
1.655e-01 7.741e+04
1.383e-01 8.177e+04
1.522e-01 7.640e+04
1.473e-01 7.976e+04
1.467e-01 8.225e+04
1.529e-01 8.033e+04
1.361e-01 8.339e+04
1.453e-01 8.140e+04
1.469e-01 8.032e+04
1.516e-01 8.086e+04
1.497e-01 8.125e+04
1.400e-01 8.250e+04
1.445e-01 8.244e+04
1.472e-01 8.059e+04
1.519e-01 7.904e+04
1.431e-01 8.144e+04
1.471e-01 7.899e+04
1.549e-01 8.116e+04
1.739e-01 7.367e+04
1.413e-01 8.077e+04
1.485e-01 8.145e+04
1.501e-01 7.895e+04
1.363e-01 8.292e+04
1.644e-01 7.505e+04
1.530e-01 8.055e+04
1.566e-01 7.842e+04
1.339e-01 8.191e+04
1.372e-01 8.336e+04
1.332e-01 8.356e+04
1.373e-01 8.023e+04
1.448e-01 8.124e+04
1.486e-01 8.151e+04
1.426e-01 8.053e+04
1.386e-01 8.329e+04
1.438e-01 8.228e+04
1.462e-01 8.234e+04
1.471e-01 8.022e+04
1.508e-01 8.078e+04
1.395e-01 8.135e+04
1.411e-01 8.180e+04
1.475e-01 8.086e+04
1.415e-01 8.191e+04
1.341e-01 8.313e+04
1.510e-01 8.086e+04
1.425e-01 8.205e+04
1.432e-01 8.234e+04
1.568e-01 7.940e+04
1.399e-01 8.144e+04
1.404e-01 8.024e+04
1.517e-01 8.042e+04
1.523e-01 7.770e+04
1.607e-01 7.793e+04
1.425e-01 8.053e+04
1.572e-01 7.850e+04
1.395e-01 8.199e+04
1.463e-01 8.076e+04
1.886e-01 7.536e+04
1.536e-01 8.147e+04
1.374e-01 8.156e+04
1.378e-01 8.291e+04
1.447e-01 8.102e+04
1.556e-01 8.041e+04
1.509e-01 7.712e+04
1.395e-01 8.207e+04
1.402e-01 8.118e+04
1.481e-01 8.137e+04
1.366e-01 8.295e+04
1.642e-01 7.629e+04
1.358e-01 8.394e+04
1.650e-01 7.896e+04
1.444e-01 8.247e+04
1.550e-01 8.000e+04
1.494e-01 7.909e+04
1.338e-01 8.368e+04
1.403e-01 8.243e+04
1.579e-01 7.759e+04
1.472e-01 7.987e+04
1.380e-01 8.306e+04
1.469e-01 8.061e+04
1.403e-01 8.215e+04
1.619e-01 7.740e+04
1.582e-01 7.926e+04
1.612e-01 7.665e+04
1.381e-01 8.375e+04
1.441e-01 8.112e+04
1.642e-01 7.853e+04
1.485e-01 8.079e+04
1.613e-01 7.995e+04
1.435e-01 8.159e+04
1.406e-01 8.315e+04
1.538e-01 7.824e+04
9.870e-07 1.207e+04
1.512e-01 7.906e+04
1.382e-01 8.161e+04
1.506e-01 7.886e+04
1.446e-01 8.154e+04
1.584e-01 7.955e+04
1.472e-01 8.106e+04
1.506e-01 8.039e+04
1.464e-01 8.173e+04
1.384e-01 8.246e+04
1.621e-01 7.839e+04
1.469e-01 8.176e+04
1.825e-01 7.523e+04
1.780e-01 7.479e+04
1.516e-01 7.960e+04
1.365e-01 8.340e+04
1.395e-01 8.115e+04
1.394e-01 8.269e+04
1.516e-01 7.881e+04
1.466e-01 8.010e+04
1.601e-01 7.748e+04
1.471e-01 8.186e+04
1.405e-01 8.130e+04
1.527e-01 8.116e+04
1.402e-01 8.183e+04
1.636e-01 7.673e+04
1.490e-01 8.125e+04
1.418e-01 8.232e+04
1.841e-01 7.303e+04
1.472e-01 8.060e+04
1.434e-01 8.094e+04
1.390e-01 8.205e+04
1.483e-01 8.009e+04
1.411e-01 8.141e+04
1.497e-01 8.184e+04
1.362e-01 8.324e+04
1.642e-01 7.775e+04
1.409e-01 8.204e+04
1.689e-01 7.840e+04
1.495e-01 8.122e+04
1.586e-01 7.889e+04
1.649e-01 7.630e+04
1.542e-01 7.766e+04
1.404e-01 8.145e+04
1.493e-01 8.060e+04
1.376e-01 8.302e+04
1.415e-01 8.207e+04
1.621e-01 7.881e+04
1.460e-01 8.072e+04
1.828e-01 7.210e+04
1.456e-01 8.089e+04
1.388e-01 8.310e+04
1.404e-01 8.112e+04
1.553e-01 7.914e+04
1.976e-01 7.270e+04
1.614e-01 7.729e+04
1.365e-01 8.283e+04
1.312e-01 8.190e+04
1.456e-01 8.092e+04
1.592e-01 7.716e+04
1.936e-01 7.295e+04
1.414e-01 8.174e+04
1.720e-01 7.768e+04
1.307e-01 8.351e+04
1.509e-01 7.948e+04
1.491e-01 8.147e+04
1.554e-01 8.101e+04
1.499e-01 7.919e+04
1.479e-01 8.021e+04
1.641e-01 7.745e+04
2.040e-01 7.262e+04
1.402e-01 8.247e+04
1.459e-01 8.162e+04
1.432e-01 8.160e+04
1.429e-01 7.929e+04
1.509e-01 7.964e+04
1.438e-01 8.147e+04
1.356e-01 8.325e+04
1.384e-01 8.266e+04
1.337e-01 8.220e+04
1.441e-01 8.115e+04
1.426e-01 7.983e+04
1.631e-01 7.803e+04
1.622e-01 7.516e+04
1.449e-01 8.143e+04
1.414e-01 8.298e+04
1.359e-01 8.123e+04
1.396e-01 8.060e+04
1.573e-01 8.024e+04
1.545e-01 7.624e+04
1.378e-01 8.224e+04
1.622e-01 7.589e+04
1.513e-01 7.936e+04
1.777e-01 7.491e+04
1.608e-01 7.694e+04
1.745e-01 7.731e+04
1.486e-01 8.181e+04
1.301e-01 8.402e+04
1.486e-01 7.961e+04
1.580e-01 7.605e+04
1.368e-01 8.332e+04
1.318e-01 8.389e+04
1.728e-01 7.556e+04
1.615e-01 7.865e+04
1.739e-01 7.497e+04
1.591e-01 7.835e+04
1.636e-01 7.587e+04
1.483e-01 8.171e+04
1.559e-01 8.002e+04
1.440e-01 8.148e+04
1.435e-01 8.128e+04
1.479e-01 7.960e+04
1.443e-01 8.026e+04
1.430e-01 8.249e+04
1.513e-01 8.149e+04
1.390e-01 7.969e+04
1.610e-01 7.540e+04
1.548e-01 7.944e+04
1.360e-01 8.388e+04
1.403e-01 8.317e+04
1.566e-01 8.071e+04
1.818e-01 7.492e+04
1.914e-01 7.351e+04
1.438e-01 8.168e+04
1.398e-01 8.162e+04
1.763e-01 7.448e+04
1.424e-01 8.097e+04
1.619e-01 7.830e+04
3.931e-06 2.174e+03
1.619e-01 7.927e+04
1.736e-01 7.276e+04
1.377e-01 8.260e+04
1.462e-01 7.950e+04
1.400e-01 8.342e+04
1.380e-01 8.277e+04
1.390e-01 8.347e+04
1.513e-01 8.021e+04
1.433e-01 8.045e+04
1.531e-01 8.072e+04
1.732e-01 7.622e+04
1.455e-01 8.213e+04
1.411e-01 8.116e+04
1.492e-01 8.002e+04
1.585e-01 7.835e+04
1.392e-01 8.321e+04
1.450e-01 8.095e+04
1.550e-01 7.808e+04
1.725e-01 7.611e+04
1.483e-01 8.116e+04
1.414e-01 8.275e+04
1.568e-01 7.825e+04
1.583e-01 7.707e+04
1.390e-01 8.259e+04
1.356e-01 8.340e+04
1.502e-01 8.057e+04
1.471e-01 7.920e+04
1.733e-01 7.524e+04
1.478e-01 7.961e+04
1.360e-01 8.370e+04
1.526e-01 7.926e+04
1.460e-01 7.991e+04
1.381e-01 8.200e+04
1.479e-01 8.079e+04
1.386e-01 8.320e+04
1.488e-01 8.079e+04
1.433e-01 8.075e+04
1.548e-01 7.977e+04
1.353e-01 8.340e+04
1.665e-01 7.635e+04
1.609e-01 7.804e+04
1.586e-01 7.852e+04
1.475e-01 8.140e+04
1.533e-01 7.691e+04
1.361e-01 8.293e+04
1.408e-01 8.189e+04
1.497e-01 8.140e+04
1.896e-01 7.178e+04
1.349e-01 8.292e+04
1.469e-01 8.163e+04
1.387e-01 8.248e+04
1.412e-01 8.147e+04
3.298e-06 2.085e+04
1.479e-01 8.013e+04
1.368e-01 8.266e+04
1.602e-01 7.967e+04
1.609e-01 7.902e+04
1.448e-01 7.992e+04
1.398e-01 8.263e+04
1.377e-01 8.223e+04
1.451e-01 8.113e+04
1.865e-01 7.201e+04
1.461e-01 8.108e+04
1.467e-01 7.935e+04
1.493e-01 8.145e+04
1.557e-01 7.945e+04
1.545e-01 7.705e+04
1.549e-01 8.040e+04
1.430e-01 8.187e+04
1.451e-01 8.200e+04
1.463e-01 8.179e+04
1.389e-01 8.294e+04
1.388e-01 8.272e+04
1.470e-01 8.138e+04
1.458e-01 8.116e+04
1.815e-01 7.441e+04
1.642e-01 7.701e+04
1.401e-01 8.244e+04
1.771e-01 7.398e+04
1.459e-01 8.085e+04
1.675e-01 7.747e+04
1.523e-01 7.924e+04
1.633e-01 7.755e+04
1.423e-01 8.227e+04
1.462e-01 8.281e+04
1.548e-01 7.821e+04
1.433e-01 8.014e+04
1.411e-01 8.211e+04
1.375e-01 8.279e+04
1.534e-01 7.740e+04
1.814e-01 7.356e+04
1.698e-01 7.296e+04
1.462e-01 8.031e+04
1.868e-01 7.626e+04
1.459e-01 8.083e+04
1.372e-01 8.248e+04
1.426e-01 8.199e+04
1.459e-01 8.268e+04
1.605e-01 7.875e+04
1.552e-01 7.896e+04
1.466e-01 8.002e+04
1.489e-01 8.129e+04
1.753e-01 7.569e+04
1.410e-01 8.181e+04
1.295e-05 1.465e+04
1.427e-01 8.168e+04
1.581e-01 7.927e+04
1.550e-01 7.821e+04
1.461e-01 7.987e+04
1.454e-01 8.177e+04
1.640e-01 7.825e+04
1.488e-01 8.007e+04
1.559e-01 7.969e+04
1.729e-01 7.706e+04
1.459e-01 8.243e+04
1.351e-01 8.332e+04
1.432e-01 7.998e+04
1.540e-01 8.046e+04
1.516e-01 7.895e+04
1.562e-01 7.961e+04
1.499e-01 8.154e+04
1.599e-01 7.963e+04
1.543e-01 7.697e+04
1.343e-01 8.316e+04
1.397e-01 8.310e+04
1.482e-01 7.970e+04
1.472e-01 7.902e+04
1.364e-01 8.241e+04
1.452e-01 8.169e+04
2.351e-01 6.696e+04
1.467e-01 7.742e+04
1.509e-01 7.979e+04
1.609e-01 7.901e+04
1.437e-01 8.035e+04
1.432e-01 8.064e+04
1.848e-01 7.314e+04
1.378e-01 8.200e+04
1.412e-01 8.237e+04
1.579e-01 7.779e+04
1.937e-01 7.522e+04
1.908e-01 7.338e+04
1.573e-01 7.900e+04
1.347e-01 8.336e+04
1.400e-01 8.223e+04
1.366e-01 8.344e+04
1.462e-01 8.073e+04
1.450e-01 8.161e+04
1.639e-01 7.615e+04
1.482e-01 8.044e+04
1.453e-01 8.211e+04
1.440e-01 8.043e+04
1.371e-01 8.307e+04
1.428e-01 8.234e+04
1.457e-01 8.091e+04
1.489e-01 8.101e+04
1.483e-01 8.098e+04
1.409e-01 8.152e+04
1.544e-01 7.886e+04
1.455e-01 8.190e+04
1.411e-01 8.080e+04
1.610e-01 7.907e+04
1.488e-01 8.007e+04
1.534e-01 7.885e+04
1.681e-01 7.417e+04
3.894e-06 6.268e+03
1.567e-01 8.041e+04
1.350e-01 8.288e+04
1.513e-01 7.911e+04
1.489e-01 7.969e+04
1.449e-01 8.191e+04
1.431e-01 8.208e+04
1.537e-01 7.933e+04
1.442e-01 8.194e+04
1.844e-01 7.575e+04
1.335e-01 8.311e+04
1.483e-01 7.992e+04
1.496e-01 8.132e+04
1.404e-01 8.185e+04
1.329e-01 8.264e+04
1.390e-01 8.234e+04
1.604e-01 7.770e+04
1.416e-01 8.096e+04
1.682e-01 7.543e+04
1.448e-01 8.073e+04
1.374e-01 8.254e+04
1.482e-01 8.152e+04
1.403e-01 8.299e+04
1.601e-01 7.753e+04
1.391e-01 8.257e+04
1.522e-01 7.894e+04
1.719e-01 7.446e+04
1.374e-01 8.354e+04
1.962e-01 7.441e+04
1.492e-01 8.231e+04
1.416e-01 8.224e+04
1.545e-01 8.035e+04
1.396e-01 8.099e+04
1.339e-01 8.318e+04
1.573e-01 8.094e+04
1.693e-01 7.561e+04
1.536e-01 7.935e+04
1.388e-01 8.231e+04
1.455e-01 8.115e+04
1.487e-01 8.127e+04
1.460e-01 8.070e+04
1.556e-01 7.886e+04
1.404e-01 8.186e+04
1.547e-01 8.101e+04
4.026e-06 1.343e+04
1.463e-01 8.168e+04
1.369e-01 8.274e+04
1.395e-01 8.138e+04
1.396e-01 8.237e+04
1.387e-01 8.162e+04
1.554e-01 7.970e+04
1.376e-01 8.255e+04
1.427e-01 8.182e+04
1.369e-01 8.279e+04
1.470e-01 8.042e+04
1.446e-01 8.190e+04
1.398e-01 8.187e+04
1.446e-01 8.228e+04
1.444e-01 8.041e+04
1.427e-01 8.182e+04
1.459e-01 8.147e+04
1.435e-01 8.067e+04
1.573e-01 8.027e+04
1.442e-01 7.959e+04
1.356e-01 8.305e+04
1.463e-01 8.041e+04
1.524e-01 7.843e+04
1.440e-01 8.180e+04
1.336e-01 8.297e+04
1.438e-01 8.189e+04
1.464e-01 8.161e+04
1.800e-01 7.473e+04
1.593e-01 7.571e+04
1.505e-01 7.951e+04
1.555e-01 7.811e+04
1.386e-01 8.213e+04
1.541e-01 8.053e+04
1.358e-01 8.314e+04
1.350e-01 8.228e+04
1.481e-01 8.259e+04
1.537e-01 7.860e+04
1.631e-01 7.875e+04
1.460e-01 7.966e+04
1.663e-01 7.638e+04
1.421e-01 8.110e+04
1.532e-01 7.990e+04
1.409e-01 8.272e+04
1.434e-01 8.024e+04
1.609e-01 7.685e+04
1.500e-01 8.022e+04
1.907e-01 7.442e+04
1.561e-01 8.092e+04
1.354e-01 8.235e+04
1.327e-01 8.381e+04
1.519e-01 8.039e+04
1.492e-01 8.145e+04
1.560e-01 8.000e+04
1.411e-01 8.195e+04
1.420e-01 8.233e+04
1.504e-01 8.104e+04
1.383e-01 8.191e+04
1.476e-01 8.039e+04
1.494e-01 8.148e+04
1.500e-01 8.027e+04
1.438e-01 8.178e+04
1.393e-01 8.259e+04
1.673e-01 7.733e+04
1.387e-01 8.179e+04
1.399e-01 8.243e+04
1.931e-05 1.394e+04
1.384e-01 8.276e+04
1.456e-01 8.090e+04
1.510e-01 7.956e+04
1.436e-01 8.190e+04
1.477e-01 7.976e+04
1.457e-01 7.576e+04
1.600e-01 7.875e+04
1.389e-01 8.222e+04
1.600e-01 8.043e+04
1.550e-01 7.927e+04
1.422e-01 8.137e+04
1.474e-01 8.121e+04
1.414e-01 8.147e+04
1.376e-01 8.285e+04
1.464e-01 8.049e+04
1.433e-01 8.144e+04
1.661e-01 7.915e+04
1.328e-01 8.398e+04
1.480e-01 8.191e+04
1.436e-01 7.976e+04
1.339e-01 8.364e+04
1.593e-01 7.873e+04
1.545e-01 8.004e+04
1.427e-01 7.858e+04
1.417e-01 8.162e+04
1.377e-01 8.234e+04
1.454e-01 7.936e+04
1.498e-01 8.022e+04
1.574e-01 7.981e+04
1.517e-01 8.070e+04
1.716e-01 7.367e+04
1.402e-01 8.269e+04
1.741e-01 7.776e+04
1.521e-01 7.962e+04
1.474e-01 8.018e+04
1.434e-01 8.173e+04
1.569e-01 7.912e+04
1.551e-01 8.063e+04
1.813e-01 7.542e+04
1.585e-01 7.642e+04
1.673e-01 7.679e+04
1.685e-01 7.792e+04
1.473e-01 8.053e+04
1.686e-01 7.603e+04
1.384e-01 8.131e+04
1.486e-01 8.184e+04
1.603e-01 7.974e+04
1.396e-01 8.210e+04
1.528e-01 7.593e+04
1.413e-01 8.241e+04
1.418e-01 8.262e+04
1.490e-01 8.025e+04
1.526e-01 7.998e+04
1.477e-01 8.110e+04
1.430e-01 7.975e+04
1.623e-01 7.930e+04
1.475e-01 8.059e+04
1.511e-01 7.982e+04
1.895e-01 7.509e+04
1.588e-01 7.867e+04
1.583e-01 7.798e+04
1.515e-01 8.158e+04
1.584e-01 7.961e+04
1.483e-01 8.096e+04
1.451e-01 8.132e+04
1.467e-01 8.127e+04
1.410e-01 8.237e+04
1.354e-01 8.344e+04
1.486e-01 8.213e+04
1.516e-01 8.074e+04
1.466e-01 7.932e+04
1.691e-01 7.819e+04
1.458e-01 8.027e+04
1.549e-01 8.138e+04
1.421e-01 8.198e+04
1.542e-01 7.647e+04
1.353e-01 8.192e+04
1.632e-01 7.889e+04
1.819e-01 7.493e+04
1.473e-01 7.997e+04
1.445e-01 8.129e+04
1.413e-01 8.221e+04
1.587e-01 8.001e+04
1.565e-01 7.972e+04
1.543e-01 8.050e+04
1.710e-01 7.594e+04
1.368e-01 8.399e+04
1.529e-01 8.011e+04
1.547e-01 8.098e+04
1.971e-01 7.305e+04
2.028e-01 7.362e+04
1.398e-01 8.280e+04
1.734e-01 7.725e+04
1.464e-01 7.998e+04
2.060e-01 7.396e+04
1.528e-01 7.942e+04
1.385e-01 8.208e+04
1.459e-01 8.158e+04
1.388e-01 8.344e+04
1.441e-01 8.128e+04
1.466e-01 8.132e+04
1.493e-01 8.090e+04
1.415e-01 8.153e+04
1.550e-01 7.914e+04
1.764e-01 7.902e+04
1.694e-01 7.587e+04
1.761e-01 7.145e+04
1.406e-01 8.312e+04
1.551e-01 7.645e+04
1.456e-01 8.150e+04
1.404e-01 8.210e+04
1.518e-01 7.983e+04
1.471e-01 8.128e+04
1.725e-01 7.526e+04
9.856e-07 4.449e+03
1.405e-01 8.250e+04
1.415e-01 8.136e+04
1.421e-01 8.085e+04
1.674e-01 7.766e+04
1.507e-01 7.936e+04
1.492e-01 7.986e+04
1.570e-01 7.821e+04
1.446e-01 8.239e+04
1.310e-01 8.291e+04
1.592e-01 7.981e+04
1.437e-01 8.003e+04
1.470e-01 8.221e+04
1.528e-01 8.052e+04
1.524e-01 8.001e+04
1.601e-01 7.526e+04
1.351e-01 8.345e+04
1.471e-01 8.199e+04
1.584e-01 7.791e+04
1.371e-01 8.308e+04
1.652e-01 7.859e+04
1.368e-01 8.209e+04
1.591e-01 7.888e+04
1.473e-01 8.120e+04
1.452e-01 8.146e+04
1.727e-01 7.470e+04
1.487e-01 8.063e+04
1.349e-01 8.377e+04
1.357e-01 8.306e+04
1.457e-01 7.925e+04
1.429e-01 8.213e+04
1.606e-01 7.691e+04
1.619e-01 7.825e+04
1.723e-01 7.533e+04
1.507e-01 7.903e+04
1.614e-01 7.783e+04
1.355e-01 8.289e+04
1.372e-01 8.137e+04
1.818e-01 7.228e+04
1.428e-01 8.124e+04
1.396e-01 8.235e+04
1.486e-01 8.133e+04
1.476e-01 8.189e+04
1.486e-01 8.143e+04
1.384e-01 8.244e+04
1.410e-01 8.296e+04
1.422e-01 8.091e+04
1.487e-01 8.001e+04
1.517e-01 7.912e+04
1.369e-01 8.337e+04
1.778e-01 7.334e+04
1.500e-01 7.967e+04
1.762e-01 7.477e+04
1.451e-01 8.020e+04
1.402e-01 8.316e+04
1.483e-01 7.991e+04
1.468e-01 8.125e+04
1.508e-01 8.041e+04
1.617e-01 7.753e+04
1.660e-01 7.569e+04
1.577e-01 7.925e+04
1.493e-01 8.089e+04
1.489e-01 8.089e+04
1.358e-01 8.292e+04
1.564e-01 7.766e+04
1.462e-01 8.171e+04
1.574e-01 8.037e+04
1.666e-01 7.655e+04
1.662e-01 7.812e+04
1.568e-01 8.003e+04
1.653e-01 7.850e+04
1.371e-01 8.185e+04
1.346e-01 8.296e+04
1.376e-01 8.217e+04
1.495e-01 7.944e+04
1.884e-01 7.413e+04
1.551e-01 7.819e+04
1.708e-01 7.490e+04
1.521e-01 8.080e+04
1.521e-01 8.044e+04
1.676e-01 7.867e+04
1.421e-01 8.079e+04
1.567e-01 7.903e+04
1.445e-01 8.097e+04
1.365e-01 8.338e+04
1.442e-01 8.068e+04
1.506e-01 7.990e+04
1.394e-01 8.084e+04
1.611e-01 7.694e+04
1.402e-01 8.145e+04
1.557e-01 8.006e+04
1.809e-01 7.608e+04
1.454e-01 8.279e+04
1.411e-01 8.293e+04
1.438e-01 8.225e+04
1.495e-01 8.028e+04
1.540e-01 7.977e+04
1.442e-01 8.095e+04
1.607e-01 7.923e+04
1.593e-01 7.854e+04
1.510e-01 8.008e+04
1.492e-01 7.908e+04
1.456e-01 8.135e+04
1.378e-01 8.168e+04
1.789e-01 7.242e+04
1.481e-01 8.085e+04
1.705e-01 7.379e+04
1.517e-01 7.604e+04
1.602e-01 8.006e+04
1.667e-01 7.664e+04
1.403e-01 8.293e+04
1.595e-01 7.905e+04
1.513e-01 8.082e+04
2.176e-06 1.131e+04
1.409e-01 8.258e+04
1.905e-01 7.493e+04
1.580e-01 8.030e+04
1.460e-01 8.144e+04
1.825e-01 7.606e+04
1.391e-01 8.240e+04
1.330e-01 8.355e+04
1.528e-01 8.032e+04
1.622e-01 7.778e+04
1.586e-01 7.973e+04
1.457e-01 8.083e+04
1.595e-01 7.654e+04
1.631e-01 7.418e+04
1.374e-01 8.348e+04
1.606e-01 7.688e+04
1.763e-01 7.598e+04
1.533e-01 8.004e+04
1.431e-01 8.039e+04
1.877e-01 7.382e+04
1.522e-01 8.046e+04
1.834e-01 7.567e+04
1.800e-01 7.400e+04
1.341e-01 8.215e+04
1.542e-01 8.072e+04
1.640e-01 7.802e+04
1.489e-01 7.939e+04
1.509e-01 8.024e+04
1.568e-01 7.937e+04
1.528e-01 8.039e+04
1.497e-01 7.864e+04
1.474e-01 7.998e+04
1.420e-01 8.044e+04
1.445e-01 8.047e+04
6.891e-06 1.710e+04
1.657e-01 7.849e+04
1.441e-01 7.887e+04
1.622e-01 7.997e+04
1.985e-01 7.115e+04
1.552e-01 7.940e+04
1.886e-01 7.312e+04
1.424e-01 8.022e+04
1.545e-01 8.017e+04
1.456e-01 8.128e+04
1.431e-01 8.128e+04
1.477e-01 8.030e+04
1.456e-01 8.122e+04
1.435e-01 8.039e+04
1.777e-01 7.384e+04
1.338e-01 8.407e+04
1.449e-01 8.133e+04
1.349e-01 8.295e+04
1.350e-01 8.382e+04
1.492e-01 8.047e+04
1.498e-01 8.069e+04
1.435e-01 8.254e+04
1.385e-01 8.323e+04
1.406e-01 8.193e+04
1.492e-01 8.066e+04
1.356e-01 8.356e+04
1.360e-01 8.272e+04
1.481e-01 8.154e+04
1.610e-01 7.879e+04
1.438e-01 8.169e+04
1.647e-01 7.801e+04
1.442e-01 8.268e+04
1.633e-01 8.048e+04
1.665e-01 7.492e+04
1.549e-01 7.703e+04
1.527e-01 8.093e+04
1.609e-01 7.793e+04
1.412e-01 8.144e+04
1.374e-01 8.330e+04
1.541e-01 8.034e+04
1.532e-01 8.027e+04
1.461e-01 7.975e+04
1.838e-01 7.204e+04
1.420e-01 8.101e+04
1.547e-01 7.809e+04
1.492e-01 8.102e+04
1.440e-01 8.189e+04
1.398e-01 8.115e+04
1.612e-01 7.518e+04
1.754e-01 7.844e+04
1.471e-01 8.226e+04
1.591e-01 7.838e+04
1.623e-01 7.843e+04
1.727e-01 7.542e+04
1.487e-01 8.187e+04
1.398e-01 8.239e+04
1.408e-01 8.269e+04
1.594e-01 7.658e+04
1.571e-01 7.491e+04
1.531e-01 8.008e+04
1.521e-01 7.995e+04
1.684e-01 7.594e+04
9.666e-06 1.676e+04
1.452e-01 8.259e+04
1.451e-01 8.136e+04
1.383e-01 8.180e+04
1.541e-01 7.485e+04
1.416e-01 8.138e+04
1.609e-01 7.859e+04
1.451e-01 8.159e+04
1.386e-01 8.270e+04
1.547e-01 7.795e+04
1.495e-01 7.977e+04
1.493e-01 8.164e+04
1.720e-01 7.476e+04
1.398e-01 8.261e+04
1.464e-01 8.140e+04
1.388e-01 8.306e+04
1.405e-01 8.300e+04
1.617e-01 7.912e+04
1.445e-01 8.248e+04
1.458e-01 8.140e+04
1.474e-01 8.182e+04
1.568e-01 7.978e+04
1.496e-01 7.883e+04
1.432e-01 8.129e+04
1.617e-01 7.918e+04
1.433e-01 8.214e+04
1.395e-01 8.374e+04
1.523e-01 7.910e+04
1.398e-01 8.323e+04
1.718e-01 7.829e+04
1.705e-01 7.661e+04
1.432e-01 8.133e+04
1.771e-01 7.400e+04
1.439e-01 8.209e+04
1.503e-01 8.026e+04
1.350e-01 8.387e+04
1.351e-01 8.212e+04
1.547e-01 8.125e+04
1.310e-01 8.361e+04
1.444e-01 8.302e+04
1.406e-01 8.296e+04
1.473e-01 8.007e+04
1.408e-01 8.203e+04
1.493e-01 8.127e+04
1.482e-01 8.112e+04
1.622e-01 7.892e+04
1.345e-01 8.353e+04
1.571e-01 8.045e+04
1.400e-01 8.207e+04
1.484e-01 7.976e+04
1.579e-01 7.786e+04
1.409e-01 8.215e+04
1.431e-01 8.184e+04
1.577e-01 7.541e+04
1.706e-01 7.693e+04
1.352e-01 8.242e+04
1.583e-01 7.834e+04
1.602e-01 7.732e+04
1.525e-01 7.867e+04
1.349e-01 8.206e+04
1.395e-01 8.117e+04
1.514e-01 7.970e+04
1.639e-01 7.477e+04
1.399e-01 8.217e+04
1.451e-01 8.124e+04
1.492e-01 7.959e+04
1.392e-01 8.221e+04
1.488e-01 8.094e+04
1.421e-01 8.257e+04
1.435e-01 8.124e+04
1.502e-01 8.104e+04
1.448e-01 8.111e+04
1.364e-01 8.213e+04
1.487e-01 8.118e+04
1.435e-01 8.151e+04
1.612e-01 7.984e+04
1.410e-01 8.238e+04
1.525e-01 7.912e+04
1.583e-01 7.900e+04
1.459e-01 7.886e+04
1.585e-01 7.844e+04
1.333e-01 8.304e+04
1.393e-01 8.223e+04
1.575e-01 7.956e+04
1.488e-01 7.964e+04
1.523e-01 8.138e+04
1.604e-01 7.504e+04
1.529e-01 8.096e+04
1.463e-01 8.187e+04
1.545e-01 8.028e+04
1.496e-01 8.073e+04
1.344e-01 8.413e+04
1.406e-01 8.135e+04
1.481e-01 8.020e+04
1.640e-01 7.899e+04
1.545e-01 7.979e+04
1.542e-01 7.716e+04
1.435e-01 8.158e+04
1.567e-01 7.994e+04
1.394e-01 8.174e+04
1.477e-01 8.198e+04
1.529e-01 7.763e+04
1.523e-01 7.917e+04
1.409e-01 8.208e+04
1.380e-01 8.307e+04
1.394e-01 8.295e+04
1.433e-01 8.211e+04
1.691e-01 7.825e+04
1.452e-01 8.082e+04
1.331e-01 8.300e+04
1.483e-01 7.893e+04
1.427e-01 8.211e+04
1.472e-01 7.988e+04
1.345e-01 8.375e+04
1.379e-01 8.259e+04
1.434e-01 8.144e+04
1.550e-01 8.028e+04
1.395e-01 8.332e+04
1.639e-01 7.773e+04
1.495e-01 8.108e+04
1.418e-01 8.274e+04
1.656e-01 7.576e+04
3.235e-06 1.399e+04
1.476e-01 8.017e+04
1.391e-01 8.249e+04
1.486e-01 8.147e+04
1.362e-01 8.223e+04
1.447e-01 8.200e+04
1.985e-01 7.481e+04
1.439e-01 8.254e+04
1.480e-01 8.084e+04
1.452e-01 8.121e+04
1.649e-01 7.782e+04
1.369e-01 8.179e+04
1.521e-01 8.009e+04
1.724e-01 7.572e+04
1.413e-01 8.226e+04
1.456e-01 8.095e+04
1.567e-01 7.829e+04
1.027e-05 1.074e+04
1.441e-01 8.050e+04
1.520e-01 8.052e+04
1.518e-01 7.945e+04
1.361e-01 8.271e+04
1.501e-01 8.006e+04
1.365e-01 8.287e+04
1.497e-01 7.960e+04
1.512e-01 7.889e+04
1.571e-01 8.017e+04
1.467e-01 8.163e+04
1.664e-01 7.583e+04
1.374e-01 8.238e+04
1.606e-01 7.760e+04
1.821e-01 7.618e+04
1.448e-01 8.124e+04
1.426e-01 8.200e+04
1.374e-01 8.352e+04
1.361e-01 8.302e+04
1.480e-01 8.048e+04
1.691e-01 7.684e+04
6.492e-06 1.694e+04
1.514e-01 8.163e+04
1.818e-01 7.411e+04
1.632e-01 7.856e+04
1.484e-01 8.034e+04
1.430e-01 8.122e+04
1.464e-01 8.010e+04
1.448e-01 7.988e+04
1.391e-01 8.263e+04
1.716e-01 7.522e+04
1.374e-01 8.269e+04
1.358e-01 8.353e+04
1.577e-01 7.825e+04
1.553e-01 7.969e+04
1.408e-01 8.120e+04
1.559e-01 8.082e+04
1.463e-01 8.007e+04
1.438e-01 8.279e+04
1.432e-01 8.163e+04
1.736e-01 7.605e+04
1.560e-01 7.974e+04
3.302e-06 1.260e+04
1.376e-01 8.272e+04
1.386e-01 8.294e+04
1.439e-01 8.210e+04
1.656e-01 7.805e+04
1.485e-01 7.950e+04
1.386e-01 8.305e+04
1.512e-01 8.043e+04
1.554e-01 7.918e+04
1.448e-01 8.196e+04
1.409e-01 8.122e+04
1.458e-01 8.049e+04
1.682e-01 7.703e+04
1.621e-01 7.798e+04
2.032e-01 7.533e+04
1.674e-01 7.631e+04
1.911e-01 7.484e+04
1.392e-01 8.315e+04
1.673e-01 7.444e+04
1.347e-01 8.273e+04
1.435e-01 8.219e+04
1.451e-01 8.056e+04
1.929e-01 7.532e+04
1.501e-01 8.119e+04
1.476e-01 8.194e+04
1.778e-01 7.453e+04
1.463e-01 8.116e+04
1.706e-01 7.738e+04
1.644e-01 7.866e+04
1.368e-01 8.312e+04
2.117e-01 7.326e+04
1.623e-01 7.734e+04
1.409e-01 8.283e+04
1.376e-01 8.246e+04
1.925e-01 7.363e+04
1.498e-01 8.054e+04
1.406e-01 8.235e+04
1.429e-01 8.074e+04
1.822e-01 7.139e+04
1.401e-01 8.251e+04
1.932e-01 7.411e+04
1.372e-01 8.338e+04
1.693e-01 7.756e+04
1.736e-01 7.787e+04
1.568e-01 8.023e+04
1.490e-01 8.048e+04
1.947e-01 7.441e+04
1.383e-01 8.147e+04
1.503e-01 7.870e+04
1.537e-01 7.758e+04
1.370e-01 8.184e+04
1.520e-01 8.024e+04
1.584e-01 7.759e+04
1.364e-01 8.350e+04
1.500e-01 8.118e+04
1.502e-01 8.000e+04
1.615e-01 7.757e+04
1.596e-01 7.804e+04
1.384e-01 8.253e+04
1.420e-01 8.159e+04
1.441e-01 8.049e+04
