2.024e-01 8.058e+04
2.287e-01 8.055e+04
1.607e-05 4.938e+04
1.837e-01 8.100e+04
6.664e-06 5.132e+02
2.030e-01 8.082e+04
1.773e-01 8.100e+04
1.882e-01 8.096e+04
1.578e-01 8.110e+04
1.707e-01 8.111e+04
1.965e-01 8.082e+04
1.749e-01 8.081e+04
1.356e-01 8.139e+04
1.650e-01 8.119e+04
2.197e-01 8.061e+04
1.771e-01 8.106e+04
1.809e-01 8.077e+04
1.705e-01 8.108e+04
1.810e-01 8.098e+04
1.887e-01 8.097e+04
1.922e-01 8.061e+04
1.865e-01 8.110e+04
1.613e-01 8.131e+04
2.583e-01 8.064e+04
2.101e-01 8.066e+04
1.588e-01 8.122e+04
1.877e-01 8.092e+04
6.800e-06 1.359e+04
1.694e-01 8.130e+04
1.859e-01 8.100e+04
1.871e-01 8.106e+04
1.640e-01 8.119e+04
2.744e-06 1.433e+04
1.912e-01 8.082e+04
1.457e-01 8.109e+04
9.898e-06 2.349e+04
1.411e-06 6.686e+03
1.893e-01 8.094e+04
2.156e-01 8.075e+04
1.517e-01 8.132e+04
2.247e-01 8.064e+04
1.860e-01 8.055e+04
1.704e-01 8.102e+04
1.611e-01 8.091e+04
1.724e-01 8.091e+04
2.772e-06 4.579e+04
1.921e-01 8.090e+04
1.705e-01 8.102e+04
1.806e-01 8.073e+04
1.616e-01 8.129e+04
1.883e-01 8.087e+04
2.173e-01 8.071e+04
1.548e-01 8.137e+04
1.581e-01 8.123e+04
1.903e-01 8.079e+04
1.509e-01 8.137e+04
1.639e-01 8.121e+04
1.467e-01 8.134e+04
1.757e-01 8.112e+04
9.042e-06 1.036e+04
1.605e-01 8.129e+04
1.751e-01 8.089e+04
1.940e-01 8.084e+04
8.377e-07 2.580e+03
1.474e-01 8.135e+04
1.650e-01 8.120e+04
1.873e-01 8.078e+04
2.084e-01 8.074e+04
2.454e-01 8.037e+04
1.725e-01 8.120e+04
1.592e-01 8.143e+04
1.509e-01 8.138e+04
1.689e-01 8.111e+04
2.439e-01 8.054e+04
2.053e-01 8.072e+04
1.875e-01 8.098e+04
1.605e-01 8.113e+04
3.226e-01 8.009e+04
1.926e-01 8.102e+04
1.520e-01 8.123e+04
1.665e-01 8.097e+04
1.501e-01 8.138e+04
1.979e-01 8.090e+04
1.497e-01 8.141e+04
1.366e-01 8.042e+04
2.353e-01 8.055e+04
1.774e-01 8.098e+04
1.996e-05 1.282e+04
1.801e-01 8.097e+04
7.134e-07 7.382e+03
1.762e-01 8.107e+04
1.537e-01 8.137e+04
1.867e-01 8.090e+04
1.334e-01 8.134e+04
1.889e-01 8.079e+04
3.477e-06 2.444e+04
1.642e-01 8.102e+04
1.946e-01 8.070e+04
1.770e-01 8.097e+04
1.365e-01 8.151e+04
2.022e-01 8.093e+04
1.640e-01 8.125e+04
1.655e-01 8.104e+04
1.773e-01 8.117e+04
1.686e-01 8.111e+04
2.629e-01 8.002e+04
2.013e-01 8.096e+04
2.262e-01 8.072e+04
3.012e-01 8.020e+04
2.017e-01 8.101e+04
1.505e-01 8.131e+04
1.906e-01 8.101e+04
2.077e-01 8.081e+04
1.861e-01 8.096e+04
1.955e-01 8.092e+04
1.888e-01 8.100e+04
1.795e-01 8.093e+04
1.888e-01 8.096e+04
1.871e-01 8.088e+04
1.699e-01 8.100e+04
1.561e-01 8.119e+04
2.127e-01 8.073e+04
1.625e-01 8.129e+04
3.221e-01 7.982e+04
2.270e-06 3.951e+04
1.759e-01 8.094e+04
1.809e-01 8.094e+04
1.989e-01 8.099e+04
1.505e-01 8.125e+04
1.648e-01 8.114e+04
1.620e-01 8.119e+04
1.860e-01 8.091e+04
1.649e-01 8.127e+04
2.051e-01 8.086e+04
2.092e-01 8.080e+04
1.814e-01 8.094e+04
1.839e-01 8.089e+04
2.063e-01 8.079e+04
2.027e-01 8.080e+04
2.097e-01 8.066e+04
1.881e-01 8.085e+04
1.783e-01 8.076e+04
2.101e-01 8.066e+04
1.710e-01 8.107e+04
2.021e-01 8.063e+04
2.311e-01 8.063e+04
1.996e-01 8.086e+04
1.663e-01 8.121e+04
1.717e-01 8.085e+04
1.896e-01 8.123e+04
1.542e-01 8.121e+04
1.584e-01 8.127e+04
1.916e-01 8.111e+04
1.672e-01 8.116e+04
2.002e-01 8.088e+04
1.766e-01 8.103e+04
1.888e-01 8.085e+04
2.420e-06 6.451e+03
5.392e-06 2.590e+04
1.452e-01 8.132e+04
1.915e-01 8.106e+04
1.782e-01 8.116e+04
1.855e-01 8.102e+04
1.877e-01 8.087e+04
2.227e-01 8.057e+04
1.772e-01 8.097e+04
2.000e-01 8.082e+04
1.675e-01 8.128e+04
5.092e-07 2.930e+04
1.817e-01 8.086e+04
1.617e-01 8.109e+04
1.901e-01 8.098e+04
1.211e-06 9.361e+03
2.186e-01 8.084e+04
1.805e-01 8.088e+04
2.062e-01 8.085e+04
1.875e-01 8.059e+04
1.996e-01 8.063e+04
1.712e-01 8.127e+04
1.911e-01 8.080e+04
1.735e-01 8.114e+04
1.566e-01 8.135e+04
5.833e-06 1.474e+04
1.962e-01 8.073e+04
1.943e-01 8.087e+04
1.436e-01 8.151e+04
1.990e-01 8.095e+04
1.595e-01 8.122e+04
1.605e-01 8.120e+04
1.613e-01 8.136e+04
3.528e-06 1.489e+04
1.466e-01 8.137e+04
1.533e-01 8.147e+04
1.271e-05 1.507e+04
1.679e-01 8.096e+04
1.629e-01 8.138e+04
1.971e-01 8.067e+04
2.076e-01 8.073e+04
1.723e-01 8.079e+04
2.015e-01 8.098e+04
1.784e-01 8.097e+04
6.210e-06 3.862e+04
1.723e-01 8.087e+04
1.662e-01 8.141e+04
1.633e-01 8.117e+04
1.760e-01 8.097e+04
1.706e-01 8.104e+04
1.736e-01 7.998e+04
1.590e-01 8.111e+04
1.894e-01 8.102e+04
3.041e-01 8.025e+04
2.542e-01 8.022e+04
7.724e-06 3.085e+04
2.087e-01 8.055e+04
1.972e-01 8.079e+04
1.132e-06 9.377e+03
9.882e-06 5.474e+04
1.813e-01 8.126e+04
3.432e-01 7.947e+04
1.713e-01 8.103e+04
1.652e-01 8.113e+04
2.076e-01 8.072e+04
1.908e-01 8.087e+04
1.731e-01 8.126e+04
1.681e-01 8.106e+04
2.445e-01 8.065e+04
1.798e-01 8.090e+04
1.854e-01 8.099e+04
1.760e-01 8.110e+04
1.642e-01 8.110e+04
1.958e-01 8.085e+04
1.613e-01 8.134e+04
1.769e-01 8.109e+04
1.598e-01 8.150e+04
1.906e-01 8.080e+04
1.877e-01 8.086e+04
1.792e-01 8.090e+04
1.482e-01 8.148e+04
1.795e-01 8.125e+04
1.580e-01 8.126e+04
1.748e-01 8.098e+04
2.111e-01 8.066e+04
1.841e-01 8.090e+04
1.865e-01 8.100e+04
1.932e-01 7.959e+04
8.401e-06 1.308e+04
1.720e-01 8.103e+04
5.481e-06 1.116e+04
1.790e-01 8.118e+04
2.099e-01 7.999e+04
2.248e-01 8.059e+04
1.891e-01 8.035e+04
1.684e-01 8.129e+04
1.837e-01 8.106e+04
1.889e-01 8.093e+04
1.470e-01 8.147e+04
1.532e-01 8.113e+04
2.009e-01 8.075e+04
1.792e-01 8.112e+04
1.681e-01 8.117e+04
1.851e-01 8.106e+04
1.715e-01 8.096e+04
1.764e-01 8.098e+04
1.945e-01 8.074e+04
1.575e-01 8.108e+04
3.941e-06 1.005e+04
1.610e-01 8.116e+04
2.186e-06 1.816e+04
1.373e-01 8.138e+04
1.755e-01 8.113e+04
2.120e-01 8.069e+04
1.784e-01 8.101e+04
1.337e-01 8.145e+04
1.821e-01 8.104e+04
2.038e-01 8.090e+04
1.537e-01 8.141e+04
1.718e-01 8.116e+04
1.782e-01 8.110e+04
1.765e-01 8.110e+04
2.053e-01 8.080e+04
1.509e-01 8.151e+04
1.129e-01 8.231e+04
1.812e-01 8.105e+04
1.714e-01 8.107e+04
2.031e-01 8.107e+04
1.794e-01 8.101e+04
1.876e-01 8.084e+04
1.513e-01 8.141e+04
1.763e-01 8.090e+04
1.736e-01 8.113e+04
2.103e-01 8.045e+04
5.677e-06 3.981e+04
1.933e-01 8.075e+04
1.738e-01 8.096e+04
1.960e-01 8.087e+04
1.956e-01 8.093e+04
1.878e-01 8.080e+04
2.091e-01 8.075e+04
3.754e-06 6.904e+03
1.972e-01 8.095e+04
1.990e-01 8.087e+04
1.964e-01 8.101e+04
1.484e-01 8.143e+04
1.603e-01 8.072e+04
1.442e-01 8.141e+04
1.497e-01 8.122e+04
1.458e-01 8.159e+04
1.908e-01 8.080e+04
1.982e-01 8.081e+04
1.752e-01 8.122e+04
1.785e-01 8.098e+04
1.760e-01 8.110e+04
1.344e-06 2.223e+04
1.990e-01 8.090e+04
1.686e-01 8.099e+04
2.167e-01 8.067e+04
2.169e-01 8.082e+04
1.475e-01 8.134e+04
1.682e-01 8.114e+04
2.266e-01 8.056e+04
1.970e-01 8.084e+04
1.683e-01 8.117e+04
1.638e-01 8.125e+04
1.912e-01 8.092e+04
1.643e-01 8.109e+04
2.314e-01 8.055e+04
1.755e-01 8.115e+04
1.536e-01 8.139e+04
1.202e-01 8.217e+04
1.736e-01 8.118e+04
1.855e-01 8.101e+04
1.689e-01 8.063e+04
1.589e-01 8.121e+04
2.026e-01 8.079e+04
1.568e-01 8.111e+04
1.752e-01 8.122e+04
1.301e-01 8.174e+04
1.830e-01 8.108e+04
1.896e-01 8.092e+04
1.755e-01 8.093e+04
2.079e-01 8.029e+04
2.278e-01 8.049e+04
1.925e-01 8.082e+04
2.079e-01 8.026e+04
2.063e-01 8.063e+04
1.887e-01 8.092e+04
1.807e-01 8.096e+04
1.472e-01 8.127e+04
2.180e-01 8.078e+04
3.368e-01 8.023e+04
1.697e-01 8.133e+04
1.639e-01 8.121e+04
1.425e-01 8.085e+04
1.999e-01 8.089e+04
1.901e-01 8.090e+04
1.407e-01 8.140e+04
1.668e-01 8.104e+04
1.705e-01 8.107e+04
7.217e-06 9.608e+03
1.785e-01 8.112e+04
1.771e-01 8.122e+04
1.548e-01 8.137e+04
2.194e-01 8.054e+04
5.293e-06 3.839e+04
1.933e-06 1.551e+04
1.625e-01 8.123e+04
1.839e-01 8.049e+04
1.711e-01 8.113e+04
2.065e-01 8.061e+04
7.862e-06 1.579e+04
6.412e-06 1.769e+04
2.524e-05 1.747e+04
1.805e-01 8.114e+04
2.030e-01 8.090e+04
1.679e-01 8.130e+04
1.922e-01 8.069e+04
2.850e-01 8.035e+04
2.117e-01 8.071e+04
1.934e-01 8.106e+04
2.114e-01 8.069e+04
1.668e-01 8.105e+04
1.496e-01 8.148e+04
1.674e-01 8.126e+04
2.464e-07 4.869e+03
1.902e-06 1.314e+04
1.499e-01 7.843e+04
1.912e-01 8.058e+04
1.358e-01 8.162e+04
1.871e-01 8.121e+04
1.846e-06 2.117e+03
1.821e-01 8.091e+04
2.143e-01 8.035e+04
1.799e-01 8.093e+04
1.614e-01 8.123e+04
1.775e-01 8.114e+04
2.070e-01 8.065e+04
1.666e-01 8.105e+04
1.853e-01 8.084e+04
1.802e-01 8.097e+04
1.795e-01 8.106e+04
1.973e-01 8.042e+04
2.090e-01 8.076e+04
5.414e-06 9.274e+03
1.936e-01 8.091e+04
1.632e-01 8.111e+04
9.927e-06 1.940e+04
2.304e-01 8.076e+04
1.418e-01 8.150e+04
1.890e-01 8.088e+04
2.255e-01 8.078e+04
1.420e-01 7.998e+04
1.595e-01 8.121e+04
1.831e-01 8.102e+04
1.754e-01 8.076e+04
2.009e-01 8.094e+04
8.650e-07 4.175e+03
1.640e-01 8.105e+04
1.433e-01 8.151e+04
1.304e-01 7.988e+04
1.678e-01 8.102e+04
1.598e-01 8.120e+04
1.245e-01 8.186e+04
1.579e-01 8.098e+04
1.530e-01 8.135e+04
1.632e-01 8.118e+04
1.707e-01 8.121e+04
2.109e-01 8.090e+04
1.693e-01 8.115e+04
2.053e-06 2.388e+04
1.819e-01 8.113e+04
1.307e-01 8.177e+04
1.822e-01 8.087e+04
1.986e-01 8.090e+04
2.205e-01 8.053e+04
1.761e-01 8.119e+04
1.900e-01 8.115e+04
1.880e-01 8.081e+04
1.949e-01 8.093e+04
1.315e-01 8.169e+04
1.668e-01 8.099e+04
2.050e-01 8.085e+04
1.983e-01 8.102e+04
1.738e-01 8.068e+04
1.628e-01 8.101e+04
2.411e-06 2.583e+04
1.538e-01 8.133e+04
2.043e-01 8.082e+04
2.081e-01 8.096e+04
1.781e-01 8.079e+04
1.820e-01 8.098e+04
2.015e-01 8.089e+04
2.040e-01 8.070e+04
1.369e-05 9.672e+03
1.521e-01 8.128e+04
1.359e-01 8.156e+04
1.790e-01 8.101e+04
1.581e-01 8.120e+04
1.816e-06 2.373e+04
2.049e-01 8.106e+04
4.173e-06 1.289e+04
2.003e-01 8.086e+04
1.797e-01 8.089e+04
1.648e-01 8.095e+04
1.511e-01 8.130e+04
1.652e-01 8.121e+04
2.099e-01 7.981e+04
1.933e-01 8.097e+04
2.440e-01 8.047e+04
1.384e-07 1.364e+04
1.697e-01 8.195e+04
1.713e-01 8.125e+04
1.863e-01 8.099e+04
1.694e-01 8.123e+04
1.594e-01 8.114e+04
1.466e-01 7.823e+04
5.886e-06 2.003e+04
1.379e-01 8.124e+04
1.880e-01 8.097e+04
1.940e-01 8.080e+04
1.964e-01 8.081e+04
1.839e-01 8.102e+04
1.713e-01 8.108e+04
2.049e-01 8.081e+04
1.844e-07 3.489e+04
1.981e-01 8.081e+04
2.133e-01 8.081e+04
1.743e-01 8.082e+04
1.488e-01 8.134e+04
1.910e-01 8.090e+04
1.885e-01 8.062e+04
1.615e-01 8.112e+04
2.043e-01 8.089e+04
1.725e-01 8.108e+04
1.698e-01 8.104e+04
1.821e-01 8.101e+04
1.732e-01 8.087e+04
1.850e-01 8.084e+04
1.896e-01 8.082e+04
1.548e-01 8.107e+04
2.936e-01 8.027e+04
1.725e-01 8.099e+04
1.695e-01 8.037e+04
2.115e-01 8.055e+04
2.064e-01 8.069e+04
1.509e-01 8.125e+04
1.716e-01 8.089e+04
4.428e-07 1.066e+04
1.475e-01 8.142e+04
1.732e-01 8.093e+04
1.849e-01 8.097e+04
1.944e-01 8.100e+04
1.762e-01 8.098e+04
1.781e-01 8.109e+04
2.612e-01 8.062e+04
1.635e-01 8.137e+04
2.077e-01 8.078e+04
1.657e-01 8.121e+04
1.914e-01 8.091e+04
1.309e-05 2.906e+04
1.764e-01 8.109e+04
1.753e-01 8.086e+04
2.061e-01 8.087e+04
1.482e-01 8.126e+04
2.021e-01 8.073e+04
1.489e-01 8.146e+04
1.574e-01 8.139e+04
1.862e-01 8.095e+04
1.804e-01 8.090e+04
1.415e-01 8.166e+04
1.876e-01 8.092e+04
1.792e-01 8.094e+04
1.721e-01 8.101e+04
1.564e-01 8.131e+04
1.348e-01 8.167e+04
1.679e-01 8.097e+04
1.532e-01 8.135e+04
1.638e-01 8.114e+04
2.278e-01 8.060e+04
2.136e-01 8.081e+04
1.759e-01 8.121e+04
9.768e-07 2.842e+04
1.718e-01 8.113e+04
1.679e-01 8.129e+04
1.987e-01 8.093e+04
2.543e-01 8.062e+04
1.951e-01 8.091e+04
2.144e-01 8.080e+04
1.343e-01 7.984e+04
1.881e-01 8.110e+04
2.037e-01 8.098e+04
1.927e-01 8.090e+04
1.766e-01 8.124e+04
2.038e-01 8.087e+04
1.858e-01 8.078e+04
1.825e-01 8.100e+04
1.500e-01 8.126e+04
1.585e-01 8.138e+04
1.809e-01 8.111e+04
1.676e-05 2.484e+04
1.852e-01 8.099e+04
1.558e-01 8.137e+04
2.042e-01 8.077e+04
1.853e-01 8.109e+04
1.608e-01 8.127e+04
3.300e-06 1.316e+04
1.597e-01 8.110e+04
1.734e-01 8.092e+04
1.753e-01 8.100e+04
1.869e-01 8.102e+04
1.726e-01 8.036e+04
1.656e-01 8.119e+04
1.730e-01 8.102e+04
1.932e-01 8.094e+04
1.628e-01 8.139e+04
3.155e-06 8.019e+03
1.640e-01 8.126e+04
1.792e-01 8.095e+04
1.845e-01 8.096e+04
1.786e-01 8.058e+04
1.718e-01 8.115e+04
1.629e-01 8.115e+04
1.983e-01 8.084e+04
1.702e-01 8.087e+04
1.834e-01 8.121e+04
2.137e-01 8.067e+04
1.927e-01 8.087e+04
1.582e-01 8.104e+04
1.864e-01 8.107e+04
1.934e-01 8.090e+04
1.543e-01 8.131e+04
1.937e-01 8.084e+04
1.692e-01 8.092e+04
1.511e-01 8.118e+04
2.330e-01 8.069e+04
2.426e-01 8.060e+04
1.640e-01 8.108e+04
1.747e-01 8.107e+04
6.125e-07 6.064e+03
1.681e-01 8.103e+04
1.650e-01 8.128e+04
1.603e-01 8.120e+04
1.612e-01 8.129e+04
2.692e-06 5.512e+03
1.699e-01 8.091e+04
1.638e-01 8.107e+04
1.814e-01 8.115e+04
1.991e-01 8.083e+04
1.579e-01 8.145e+04
1.689e-01 8.112e+04
2.905e-06 3.163e+04
1.926e-01 8.083e+04
1.690e-01 8.104e+04
2.018e-01 8.084e+04
1.604e-01 8.131e+04
1.787e-01 8.121e+04
1.867e-01 8.083e+04
1.639e-01 8.118e+04
2.717e-01 8.010e+04
1.743e-01 8.088e+04
2.372e-01 8.062e+04
2.384e-01 8.040e+04
1.806e-01 8.104e+04
1.690e-01 8.130e+04
1.668e-01 8.102e+04
2.662e-05 3.266e+03
1.838e-01 8.100e+04
1.708e-01 8.102e+04
1.701e-01 8.109e+04
1.801e-01 8.081e+04
5.347e-06 5.406e+03
1.433e-01 8.123e+04
1.598e-01 8.138e+04
2.112e-01 8.060e+04
1.813e-01 8.065e+04
1.513e-01 8.124e+04
1.556e-01 7.997e+04
1.843e-01 8.105e+04
1.759e-01 8.098e+04
1.888e-01 8.085e+04
1.808e-01 8.111e+04
2.111e-01 8.063e+04
1.772e-01 8.100e+04
1.619e-01 8.124e+04
1.847e-01 8.094e+04
1.659e-01 8.130e+04
2.123e-01 8.074e+04
1.650e-01 8.003e+04
1.845e-01 8.121e+04
1.589e-01 8.129e+04
1.533e-01 8.126e+04
1.905e-01 8.069e+04
1.869e-01 8.106e+04
2.045e-01 8.074e+04
1.628e-01 8.115e+04
1.671e-01 8.084e+04
1.640e-01 8.111e+04
1.711e-01 8.118e+04
1.481e-01 8.145e+04
1.551e-01 8.130e+04
4.023e-07 1.452e+04
1.906e-01 8.088e+04
1.811e-01 8.102e+04
1.857e-01 8.101e+04
1.572e-01 8.121e+04
1.754e-01 8.107e+04
6.257e-08 8.966e+03
1.585e-01 8.123e+04
1.936e-01 7.990e+04
1.889e-01 7.982e+04
9.113e-06 1.074e+04
1.811e-01 8.090e+04
1.481e-01 8.117e+04
1.506e-01 8.012e+04
1.977e-01 8.082e+04
2.952e-01 7.943e+04
2.036e-01 8.095e+04
1.848e-01 8.072e+04
1.584e-01 8.133e+04
2.314e-01 8.043e+04
2.015e-01 8.073e+04
1.444e-01 8.052e+04
1.487e-01 8.117e+04
1.959e-01 8.063e+04
1.848e-01 8.099e+04
1.967e-01 8.070e+04
1.589e-01 8.107e+04
2.619e-06 1.421e+04
1.952e-01 8.065e+04
1.185e-01 8.133e+04
1.805e-01 8.098e+04
2.447e-01 8.065e+04
1.684e-01 8.120e+04
1.869e-01 8.083e+04
1.946e-01 8.092e+04
1.836e-01 8.096e+04
1.778e-01 8.096e+04
1.881e-01 8.073e+04
1.654e-01 8.138e+04
8.119e-07 2.925e+04
4.743e-06 1.886e+03
1.568e-01 8.129e+04
1.495e-01 8.145e+04
1.763e-01 8.104e+04
1.668e-01 7.952e+04
1.918e-01 8.090e+04
1.693e-01 8.124e+04
1.757e-01 8.094e+04
2.022e-01 8.073e+04
1.725e-01 8.116e+04
1.919e-01 8.075e+04
1.644e-01 8.125e+04
2.047e-01 8.068e+04
1.829e-01 8.097e+04
1.778e-01 8.102e+04
1.237e-05 1.616e+04
1.702e-01 8.094e+04
2.046e-01 8.080e+04
2.752e-01 7.912e+04
1.725e-01 8.099e+04
2.163e-01 8.054e+04
1.698e-01 8.126e+04
1.980e-05 1.474e+04
1.951e-01 8.084e+04
3.824e-07 1.200e+04
1.757e-01 8.093e+04
1.618e-01 8.143e+04
2.345e-01 8.064e+04
1.809e-01 8.085e+04
1.775e-01 8.099e+04
2.076e-01 8.040e+04
1.827e-01 8.080e+04
1.801e-01 8.108e+04
1.755e-01 8.102e+04
1.387e-01 8.156e+04
2.095e-01 8.065e+04
1.570e-01 8.138e+04
2.001e-01 8.076e+04
1.819e-01 8.096e+04
1.660e-01 8.109e+04
2.149e-01 8.089e+04
1.346e-01 8.161e+04
1.858e-01 8.101e+04
1.744e-01 8.098e+04
1.850e-01 8.101e+04
1.847e-01 8.100e+04
1.890e-01 8.097e+04
1.885e-01 8.098e+04
2.000e-01 8.097e+04
1.528e-01 8.121e+04
1.563e-01 8.125e+04
1.444e-01 8.142e+04
1.604e-01 8.118e+04
2.010e-01 8.080e+04
2.071e-01 8.087e+04
1.851e-01 8.105e+04
1.953e-01 8.069e+04
1.189e-06 2.357e+04
1.644e-01 8.139e+04
1.584e-01 8.130e+04
1.547e-01 8.130e+04
1.882e-01 8.069e+04
4.779e-07 1.641e+04
1.637e-01 8.120e+04
1.823e-01 8.076e+04
1.833e-01 8.097e+04
2.177e-01 8.068e+04
2.447e-01 8.077e+04
1.643e-01 8.104e+04
1.768e-01 8.112e+04
1.483e-01 8.124e+04
1.692e-01 8.094e+04
2.468e-01 8.051e+04
1.435e-06 5.832e+03
1.842e-01 8.101e+04
1.835e-01 8.088e+04
1.720e-01 8.113e+04
1.475e-01 8.134e+04
2.243e-01 8.079e+04
1.972e-01 8.092e+04
2.183e-01 8.051e+04
1.772e-01 8.102e+04
1.506e-01 8.127e+04
1.703e-01 8.105e+04
2.420e-06 8.661e+03
1.717e-01 8.106e+04
2.087e-01 8.060e+04
1.699e-01 8.118e+04
1.529e-01 8.147e+04
1.752e-01 8.084e+04
2.087e-01 7.982e+04
1.596e-01 8.126e+04
1.622e-01 8.139e+04
1.816e-01 8.101e+04
1.910e-01 8.077e+04
2.562e-01 8.062e+04
1.835e-01 8.091e+04
1.752e-01 8.121e+04
1.585e-01 8.093e+04
1.978e-01 8.086e+04
1.882e-01 8.106e+04
1.484e-05 3.580e+04
1.775e-01 8.091e+04
2.052e-01 8.095e+04
1.788e-01 8.106e+04
1.656e-01 8.103e+04
1.456e-01 8.147e+04
1.715e-01 8.119e+04
1.721e-01 8.116e+04
1.844e-01 8.096e+04
2.033e-01 8.089e+04
1.763e-01 8.117e+04
2.012e-01 8.048e+04
5.230e-06 1.641e+04
1.875e-01 8.080e+04
1.781e-01 8.103e+04
1.812e-01 8.090e+04
2.309e-01 8.053e+04
1.633e-01 8.118e+04
1.924e-01 8.107e+04
1.649e-01 8.137e+04
1.610e-01 8.121e+04
1.699e-01 8.122e+04
3.202e-06 4.763e+03
1.887e-01 8.086e+04
1.679e-01 8.121e+04
2.064e-01 8.092e+04
1.719e-01 8.089e+04
1.759e-01 8.108e+04
1.728e-01 8.089e+04
1.708e-01 8.101e+04
1.655e-01 8.111e+04
1.763e-01 8.108e+04
1.652e-01 8.116e+04
5.655e-06 1.082e+04
1.982e-01 8.085e+04
1.959e-01 8.097e+04
1.625e-01 8.123e+04
1.885e-01 8.104e+04
1.661e-01 8.116e+04
1.716e-01 8.124e+04
1.949e-01 8.076e+04
1.928e-01 8.113e+04
1.934e-06 9.268e+03
1.498e-01 8.151e+04
1.746e-01 8.083e+04
1.599e-01 8.136e+04
1.342e-01 8.149e+04
1.507e-01 8.122e+04
1.649e-01 8.104e+04
1.762e-01 8.117e+04
2.090e-01 8.024e+04
1.534e-01 8.122e+04
1.729e-01 8.086e+04
2.096e-01 8.100e+04
2.019e-01 8.072e+04
1.669e-01 8.117e+04
1.783e-01 8.082e+04
1.369e-01 7.902e+04
1.669e-01 8.118e+04
2.214e-01 8.072e+04
1.793e-01 8.097e+04
1.871e-01 8.080e+04
1.340e-06 7.155e+03
1.700e-01 7.924e+04
1.242e-06 1.156e+04
1.827e-01 8.119e+04
7.889e-06 1.983e+04
1.698e-01 8.130e+04
1.747e-01 8.095e+04
1.721e-01 8.126e+04
1.600e-01 8.126e+04
5.684e-06 1.039e+04
2.601e-06 1.603e+04
7.629e-06 1.209e+04
2.182e-01 8.075e+04
2.119e-01 8.064e+04
1.718e-01 8.101e+04
1.681e-01 8.099e+04
1.689e-01 8.105e+04
1.867e-01 8.090e+04
1.662e-01 8.102e+04
6.207e-07 2.117e+04
1.702e-01 8.108e+04
1.957e-01 8.087e+04
1.706e-01 8.134e+04
1.595e-01 8.135e+04
1.706e-01 8.113e+04
1.753e-01 8.100e+04
1.815e-01 8.108e+04
2.057e-01 8.084e+04
1.693e-01 8.069e+04
1.906e-01 8.084e+04
1.553e-01 8.106e+04
1.886e-01 8.090e+04
1.790e-01 8.074e+04
1.632e-01 8.136e+04
1.631e-01 8.121e+04
1.959e-01 8.087e+04
1.811e-01 8.100e+04
1.986e-01 8.079e+04
1.667e-01 8.114e+04
1.799e-01 8.106e+04
1.677e-01 8.112e+04
1.653e-01 8.119e+04
1.803e-01 8.077e+04
1.884e-01 8.098e+04
2.021e-01 8.094e+04
1.965e-01 8.103e+04
1.710e-01 8.099e+04
1.710e-01 8.115e+04
1.843e-01 8.103e+04
1.645e-01 8.133e+04
1.613e-01 8.132e+04
1.563e-01 8.065e+04
1.964e-01 8.084e+04
1.831e-01 8.107e+04
1.413e-01 8.134e+04
1.732e-01 8.102e+04
2.151e-01 8.062e+04
1.944e-01 8.104e+04
1.892e-01 8.072e+04
4.137e-06 2.399e+04
1.833e-01 8.084e+04
2.278e-01 8.058e+04
1.820e-01 8.109e+04
1.502e-01 8.126e+04
1.452e-01 8.123e+04
2.236e-01 8.073e+04
1.765e-01 8.102e+04
1.738e-01 8.089e+04
1.697e-01 8.110e+04
1.632e-01 8.117e+04
1.858e-01 8.077e+04
1.705e-01 8.095e+04
2.201e-01 8.040e+04
1.505e-01 8.136e+04
1.841e-01 8.107e+04
1.654e-01 8.121e+04
1.606e-01 8.102e+04
2.147e-01 8.018e+04
1.585e-01 8.137e+04
1.652e-01 8.118e+04
1.588e-01 8.136e+04
1.371e-01 7.986e+04
1.805e-01 8.082e+04
2.380e-01 8.044e+04
1.608e-01 8.115e+04
1.826e-01 8.092e+04
5.424e-06 1.995e+04
1.687e-01 8.117e+04
1.758e-01 8.122e+04
1.890e-01 8.114e+04
1.854e-01 8.076e+04
1.774e-01 8.102e+04
2.170e-01 8.077e+04
1.854e-01 8.086e+04
1.866e-01 8.110e+04
1.804e-01 8.089e+04
2.116e-01 8.019e+04
1.408e-05 2.919e+04
1.802e-01 8.096e+04
1.745e-01 8.096e+04
2.033e-01 8.066e+04
2.060e-07 1.858e+04
1.452e-01 8.138e+04
1.879e-01 8.073e+04
2.167e-01 8.072e+04
1.943e-01 8.084e+04
1.626e-01 8.119e+04
1.834e-01 8.109e+04
1.679e-01 8.129e+04
1.743e-01 8.107e+04
1.371e-01 8.142e+04
1.331e-01 8.172e+04
2.040e-01 8.071e+04
1.569e-01 8.138e+04
2.042e-01 8.092e+04
2.185e-01 8.053e+04
1.715e-01 8.122e+04
2.144e-01 8.040e+04
1.763e-01 8.101e+04
1.634e-01 8.127e+04
1.878e-01 8.086e+04
1.993e-01 8.077e+04
1.573e-01 8.133e+04
1.598e-01 8.103e+04
1.620e-05 1.102e+03
1.955e-01 8.095e+04
1.753e-01 8.109e+04
2.814e-06 1.061e+04
1.956e-01 8.104e+04
1.936e-01 8.085e+04
1.921e-01 8.091e+04
1.751e-01 8.093e+04
1.622e-01 8.112e+04
2.010e-01 8.091e+04
2.286e-01 8.064e+04
1.616e-01 8.104e+04
1.948e-01 8.089e+04
5.776e-07 7.298e+03
2.076e-01 8.088e+04
3.824e-06 2.754e+04
1.387e-01 8.150e+04
1.733e-01 8.099e+04
1.975e-01 8.099e+04
1.530e-01 8.155e+04
1.732e-01 8.098e+04
1.867e-01 8.086e+04
1.919e-01 8.108e+04
1.970e-01 8.083e+04
1.514e-01 8.148e+04
1.638e-01 8.094e+04
7.676e-07 2.656e+04
1.649e-01 8.114e+04
2.148e-01 7.949e+04
2.428e-01 8.035e+04
1.706e-01 8.096e+04
1.619e-01 8.109e+04
1.875e-01 8.079e+04
1.819e-01 8.108e+04
1.522e-01 8.128e+04
1.644e-01 8.109e+04
1.642e-01 8.096e+04
1.996e-01 8.111e+04
2.602e-07 3.003e+04
2.117e-01 8.072e+04
1.910e-01 8.102e+04
2.118e-01 8.070e+04
2.051e-01 8.067e+04
5.107e-06 2.181e+04
1.643e-01 8.118e+04
1.942e-01 8.080e+04
1.907e-01 8.099e+04
1.499e-01 8.147e+04
1.668e-01 8.100e+04
1.796e-01 8.095e+04
5.946e-06 7.165e+03
1.796e-01 8.097e+04
1.962e-01 8.076e+04
2.111e-06 2.287e+04
1.748e-01 8.098e+04
2.433e-01 8.071e+04
1.853e-01 8.106e+04
1.800e-01 8.089e+04
1.783e-01 8.117e+04
1.820e-01 8.089e+04
1.172e-06 1.860e+04
1.963e-01 8.079e+04
5.533e-07 7.915e+03
1.448e-01 8.130e+04
1.797e-01 8.127e+04
1.967e-01 8.084e+04
2.072e-01 8.065e+04
2.038e-01 8.078e+04
1.419e-01 8.147e+04
1.617e-01 8.128e+04
2.027e-01 8.061e+04
1.609e-01 8.118e+04
1.504e-01 8.100e+04
2.126e-01 8.050e+04
1.774e-01 8.117e+04
1.637e-01 8.121e+04
3.620e-06 1.188e+04
1.748e-01 8.089e+04
1.889e-01 8.107e+04
1.604e-01 8.105e+04
1.746e-01 8.116e+04
1.928e-01 8.110e+04
1.775e-01 8.078e+04
1.655e-01 8.095e+04
1.628e-01 8.125e+04
1.843e-01 8.123e+04
1.764e-01 8.114e+04
1.895e-01 8.087e+04
1.764e-01 8.104e+04
1.889e-01 8.091e+04
2.403e-01 8.021e+04
1.758e-01 8.116e+04
2.343e-01 8.066e+04
1.632e-01 8.121e+04
1.698e-01 8.099e+04
1.817e-01 8.101e+04
1.982e-01 8.094e+04
1.565e-01 8.090e+04
2.265e-01 8.066e+04
1.995e-01 8.035e+04
1.921e-01 8.085e+04
1.807e-01 8.102e+04
1.958e-01 8.078e+04
1.726e-01 8.116e+04
2.077e-01 8.074e+04
1.636e-01 8.095e+04
1.440e-01 8.123e+04
1.794e-01 8.091e+04
1.819e-01 8.093e+04
1.412e-01 8.141e+04
2.366e-01 8.027e+04
1.504e-01 8.120e+04
1.901e-01 8.105e+04
1.676e-01 8.125e+04
1.647e-01 8.099e+04
1.750e-01 8.099e+04
1.760e-01 8.111e+04
2.225e-01 8.006e+04
1.722e-01 8.087e+04
1.964e-01 8.084e+04
1.536e-01 8.146e+04
1.901e-01 8.065e+04
1.605e-01 8.118e+04
1.578e-01 8.129e+04
2.737e-01 8.016e+04
1.940e-01 8.084e+04
1.868e-01 8.101e+04
1.455e-01 8.143e+04
1.606e-01 8.104e+04
2.196e-01 8.071e+04
1.823e-01 8.098e+04
1.787e-01 8.120e+04
1.895e-01 8.107e+04
1.676e-01 8.119e+04
1.914e-01 8.101e+04
2.394e-01 8.024e+04
4.026e-06 1.997e+04
1.662e-01 8.121e+04
2.063e-01 8.072e+04
7.121e-06 2.433e+04
1.964e-01 8.084e+04
1.618e-01 8.112e+04
1.707e-01 8.114e+04
1.947e-01 8.083e+04
1.926e-01 8.089e+04
1.055e-05 2.213e+04
2.181e-01 8.064e+04
1.973e-01 8.089e+04
2.782e-06 4.514e+04
1.653e-01 8.125e+04
2.009e-01 8.090e+04
1.962e-01 8.096e+04
1.631e-01 8.105e+04
8.158e-06 1.711e+04
1.752e-01 8.122e+04
1.481e-01 8.124e+04
1.633e-01 8.120e+04
1.230e-01 8.194e+04
1.917e-01 8.077e+04
1.319e-01 8.109e+04
1.932e-01 8.087e+04
2.099e-01 8.088e+04
1.496e-01 8.148e+04
1.951e-01 8.095e+04
1.674e-01 8.109e+04
2.563e-01 8.027e+04
1.682e-01 8.109e+04
1.426e-01 8.152e+04
1.710e-01 8.096e+04
1.775e-01 8.118e+04
1.932e-01 8.089e+04
1.533e-07 1.008e+04
2.083e-01 8.067e+04
1.693e-01 8.123e+04
1.424e-01 8.136e+04
1.393e-01 8.147e+04
1.884e-01 8.095e+04
8.088e-06 2.286e+04
1.865e-01 8.088e+04
1.594e-01 8.106e+04
1.785e-01 8.103e+04
1.680e-01 8.104e+04
1.679e-01 8.122e+04
2.304e-01 8.055e+04
1.824e-01 8.099e+04
2.236e-01 8.067e+04
1.813e-01 8.089e+04
1.551e-01 8.124e+04
1.884e-01 8.093e+04
1.983e-01 8.107e+04
1.495e-01 8.134e+04
1.886e-01 8.089e+04
1.607e-01 8.110e+04
2.150e-01 8.065e+04
1.791e-01 8.108e+04
1.795e-01 8.071e+04
1.251e-06 5.031e+02
2.284e-01 8.078e+04
1.599e-01 8.104e+04
2.029e-01 8.084e+04
1.561e-01 8.113e+04
1.769e-01 8.120e+04
1.772e-01 8.093e+04
1.408e-01 8.154e+04
1.625e-01 8.070e+04
1.908e-01 8.104e+04
1.655e-01 8.120e+04
1.855e-01 8.112e+04
1.633e-01 8.104e+04
2.060e-01 8.088e+04
1.700e-01 8.123e+04
2.135e-01 8.046e+04
1.798e-01 8.105e+04
1.329e-01 8.168e+04
1.660e-01 8.118e+04
1.866e-01 8.083e+04
1.941e-01 8.097e+04
1.758e-01 8.095e+04
1.889e-01 8.090e+04
1.831e-01 8.093e+04
2.395e-01 7.982e+04
1.691e-01 8.107e+04
1.837e-01 8.087e+04
1.376e-01 8.171e+04
1.649e-01 8.022e+04
1.534e-01 8.117e+04
6.179e-07 1.914e+04
2.271e-01 8.071e+04
1.977e-01 8.086e+04
1.287e-06 9.365e+03
1.702e-01 8.109e+04
2.140e-01 8.081e+04
1.554e-01 8.111e+04
1.391e-01 8.141e+04
1.530e-01 8.127e+04
1.558e-01 8.121e+04
1.698e-01 8.092e+04
3.860e-06 1.942e+04
4.570e-06 5.030e+03
3.911e-06 1.836e+04
1.882e-01 8.089e+04
1.661e-01 8.116e+04
2.488e-01 8.078e+04
1.831e-01 8.086e+04
1.440e-01 8.161e+04
2.181e-01 8.074e+04
1.624e-01 8.110e+04
1.609e-01 8.118e+04
1.589e-01 8.116e+04
1.837e-01 8.063e+04
1.874e-01 8.088e+04
1.813e-01 8.097e+04
1.534e-01 8.120e+04
1.526e-01 8.137e+04
1.656e-01 8.100e+04
1.618e-01 8.115e+04
1.615e-01 8.111e+04
2.253e-01 8.066e+04
1.645e-01 8.119e+04
1.710e-01 8.108e+04
2.050e-01 8.060e+04
1.742e-01 8.107e+04
1.532e-01 8.142e+04
1.934e-01 8.028e+04
1.913e-01 8.090e+04
1.997e-01 8.088e+04
1.816e-01 8.090e+04
1.603e-01 8.121e+04
1.762e-01 8.119e+04
9.944e-06 9.638e+03
1.724e-01 8.098e+04
1.763e-01 8.110e+04
1.878e-01 8.101e+04
1.955e-01 8.091e+04
2.000e-01 8.083e+04
6.140e-07 6.604e+03
1.784e-01 8.090e+04
1.974e-01 8.073e+04
1.784e-01 8.081e+04
2.595e-01 8.040e+04
1.794e-01 8.105e+04
2.178e-01 8.079e+04
2.465e-01 8.042e+04
1.750e-01 8.107e+04
1.924e-01 8.085e+04
1.862e-01 8.118e+04
1.633e-01 8.101e+04
1.534e-01 8.126e+04
1.851e-01 8.091e+04
2.817e-06 1.130e+04
1.796e-01 8.117e+04
2.087e-01 8.084e+04
1.554e-01 8.143e+04
1.612e-01 8.129e+04
3.749e-08 1.621e+04
2.163e-01 8.068e+04
1.704e-01 8.107e+04
3.661e-06 4.066e+04
1.728e-01 8.103e+04
1.846e-01 8.085e+04
1.739e-01 8.114e+04
1.916e-01 8.111e+04
1.701e-01 8.126e+04
1.676e-01 8.100e+04
2.044e-01 8.080e+04
1.893e-01 8.053e+04
1.698e-01 8.106e+04
1.672e-01 8.122e+04
5.406e-06 3.460e+04
6.974e-06 6.690e+03
1.961e-01 8.089e+04
1.676e-01 8.124e+04
1.750e-01 8.096e+04
2.339e-01 8.057e+04
1.898e-01 8.101e+04
1.886e-01 8.072e+04
1.910e-01 8.098e+04
2.581e-06 1.921e+04
1.473e-01 7.982e+04
2.281e-01 8.027e+04
2.040e-01 8.070e+04
2.000e-01 8.092e+04
2.931e-05 1.274e+04
2.139e-01 8.052e+04
1.792e-01 8.095e+04
2.723e-01 7.982e+04
2.118e-01 8.043e+04
2.266e-01 8.033e+04
1.797e-01 8.103e+04
1.873e-01 8.085e+04
2.202e-01 8.059e+04
1.857e-01 8.102e+04
1.813e-01 8.090e+04
2.184e-01 8.085e+04
1.548e-01 8.128e+04
1.924e-01 8.092e+04
1.887e-01 8.097e+04
1.828e-01 8.114e+04
1.786e-01 8.104e+04
1.976e-01 8.082e+04
1.633e-01 8.091e+04
1.592e-01 8.139e+04
1.973e-01 8.083e+04
1.440e-01 8.147e+04
2.208e-01 8.054e+04
1.870e-01 8.106e+04
1.838e-01 8.082e+04
1.695e-01 8.083e+04
1.984e-01 8.076e+04
1.450e-01 8.140e+04
1.760e-01 8.105e+04
1.704e-01 8.115e+04
1.964e-01 8.097e+04
1.699e-01 8.106e+04
1.635e-01 8.103e+04
1.482e-01 8.148e+04
1.656e-01 8.124e+04
1.907e-01 8.089e+04
1.935e-01 8.095e+04
1.919e-01 8.081e+04
5.040e-08 1.322e+04
1.603e-01 8.115e+04
2.050e-01 8.014e+04
1.671e-01 8.114e+04
1.952e-01 8.074e+04
1.991e-01 8.077e+04
1.776e-01 8.121e+04
1.700e-01 8.110e+04
2.229e-01 8.067e+04
1.769e-01 8.109e+04
1.759e-01 8.095e+04
1.513e-01 8.107e+04
1.775e-01 8.101e+04
1.638e-01 8.092e+04
1.784e-01 8.100e+04
4.942e-06 1.767e+04
1.856e-01 8.085e+04
1.999e-01 8.077e+04
1.817e-01 8.098e+04
2.364e-01 8.065e+04
8.051e-06 1.177e+04
1.876e-01 8.093e+04
1.874e-01 8.082e+04
1.930e-01 8.081e+04
1.643e-01 8.133e+04
1.345e-01 8.162e+04
1.821e-01 8.104e+04
1.725e-01 8.111e+04
1.764e-01 8.121e+04
1.804e-01 8.075e+04
1.776e-01 8.107e+04
1.779e-01 8.095e+04
1.677e-01 8.126e+04
1.718e-01 8.097e+04
2.072e-01 8.098e+04
1.791e-01 8.089e+04
1.574e-01 8.122e+04
1.894e-01 8.083e+04
5.145e-06 7.467e+03
1.660e-01 8.118e+04
1.859e-01 8.093e+04
1.880e-01 8.097e+04
1.769e-01 8.091e+04
1.629e-01 8.118e+04
1.766e-01 8.097e+04
1.488e-01 8.135e+04
1.496e-01 8.146e+04
2.012e-01 8.079e+04
1.602e-01 8.124e+04
3.318e-07 6.077e+03
1.604e-01 8.121e+04
1.893e-01 8.093e+04
1.549e-01 8.140e+04
2.001e-01 8.086e+04
1.607e-01 8.111e+04
1.679e-01 8.101e+04
3.037e-01 7.993e+04
1.909e-01 8.075e+04
1.670e-01 8.107e+04
1.677e-01 8.103e+04
1.808e-01 8.108e+04
2.032e-01 8.073e+04
1.805e-01 8.086e+04
1.927e-01 8.095e+04
1.954e-01 8.087e+04
1.654e-01 8.097e+04
1.880e-01 8.087e+04
1.744e-01 8.093e+04
1.887e-01 8.110e+04
1.617e-01 8.126e+04
1.973e-01 8.085e+04
1.903e-01 8.086e+04
1.787e-01 8.132e+04
1.735e-01 8.120e+04
1.815e-01 8.112e+04
1.624e-01 8.082e+04
1.857e-01 8.108e+04
1.539e-01 8.127e+04
2.250e-01 8.064e+04
1.949e-01 8.078e+04
1.869e-01 8.086e+04
1.892e-01 8.099e+04
1.630e-01 8.098e+04
1.885e-01 8.088e+04
2.172e-01 8.070e+04
1.595e-01 8.129e+04
1.785e-01 8.102e+04
1.718e-01 8.120e+04
1.901e-01 8.097e+04
1.464e-01 8.148e+04
1.516e-01 8.141e+04
1.659e-01 8.098e+04
1.971e-01 8.079e+04
1.761e-01 8.105e+04
1.801e-01 8.081e+04
1.621e-01 8.098e+04
1.916e-01 8.074e+04
1.881e-01 8.087e+04
2.075e-01 8.090e+04
1.634e-01 8.120e+04
1.507e-01 8.129e+04
1.864e-01 8.104e+04
1.807e-01 8.084e+04
1.497e-01 8.130e+04
1.620e-01 8.128e+04
1.547e-01 8.112e+04
2.076e-01 8.087e+04
1.874e-01 8.117e+04
1.750e-01 8.109e+04
2.147e-01 8.072e+04
1.388e-01 8.146e+04
2.015e-01 8.071e+04
1.809e-01 8.092e+04
1.572e-01 8.137e+04
1.459e-01 8.140e+04
1.792e-01 8.107e+04
1.583e-01 8.132e+04
1.967e-01 8.096e+04
1.766e-01 8.100e+04
1.587e-01 8.114e+04
1.513e-01 8.131e+04
2.224e-01 8.016e+04
1.809e-01 8.101e+04
1.786e-01 8.098e+04
2.157e-01 8.058e+04
1.801e-01 8.123e+04
2.177e-01 8.038e+04
1.887e-01 8.093e+04
1.949e-01 8.094e+04
1.433e-01 8.147e+04
2.362e-05 1.981e+04
1.855e-01 8.089e+04
1.499e-01 8.119e+04
1.791e-01 8.105e+04
1.795e-01 8.082e+04
1.754e-01 8.093e+04
2.108e-01 8.087e+04
1.803e-01 8.100e+04
1.770e-01 8.115e+04
3.421e-06 3.220e+04
2.018e-01 8.078e+04
1.860e-01 8.112e+04
1.126e-01 8.100e+04
2.079e-01 8.073e+04
2.278e-01 8.067e+04
1.698e-01 8.118e+04
1.761e-01 8.096e+04
1.530e-01 8.134e+04
2.156e-01 8.075e+04
1.698e-01 8.086e+04
1.600e-01 8.120e+04
2.165e-01 8.072e+04
2.627e-01 8.062e+04
1.684e-01 8.098e+04
2.452e-01 8.038e+04
1.856e-01 8.088e+04
2.090e-01 8.074e+04
1.747e-01 8.111e+04
2.409e-01 8.040e+04
1.754e-01 8.090e+04
1.876e-01 8.092e+04
1.495e-06 3.438e+04
1.716e-01 8.076e+04
7.013e-07 6.051e+03
1.710e-01 8.079e+04
1.866e-01 8.084e+04
1.777e-01 8.089e+04
1.554e-01 8.133e+04
2.030e-01 8.081e+04
1.961e-01 8.079e+04
2.391e-01 8.051e+04
1.811e-01 8.094e+04
1.692e-01 8.102e+04
2.062e-01 8.088e+04
1.639e-01 8.105e+04
2.223e-01 8.068e+04
2.012e-01 8.100e+04
1.697e-01 8.132e+04
2.486e-01 8.051e+04
1.682e-01 8.120e+04
1.544e-01 8.102e+04
4.321e-06 4.597e+03
1.617e-01 8.100e+04
1.931e-01 8.086e+04
1.821e-01 8.096e+04
2.333e-01 8.069e+04
1.839e-01 8.100e+04
1.813e-01 8.123e+04
1.360e-01 8.179e+04
1.833e-01 8.104e+04
1.880e-01 8.095e+04
1.155e-05 2.009e+04
3.042e-05 4.695e+04
1.833e-01 8.107e+04
1.693e-01 8.128e+04
2.063e-01 8.086e+04
1.539e-01 8.098e+04
1.538e-01 8.109e+04
1.716e-01 8.114e+04
2.051e-01 8.084e+04
1.883e-01 8.080e+04
1.877e-01 8.101e+04
2.195e-01 8.054e+04
1.652e-01 8.109e+04
1.690e-01 8.117e+04
1.482e-01 8.142e+04
1.561e-01 8.127e+04
1.893e-01 8.097e+04
1.818e-01 8.104e+04
1.843e-01 8.097e+04
2.009e-01 8.081e+04
1.759e-01 8.107e+04
1.745e-01 8.105e+04
1.717e-01 8.118e+04
2.171e-01 8.073e+04
1.475e-01 8.139e+04
1.682e-01 8.143e+04
1.973e-01 8.081e+04
1.510e-01 8.121e+04
1.713e-01 8.125e+04
1.687e-01 8.125e+04
1.882e-01 8.097e+04
1.671e-01 8.112e+04
1.922e-01 8.088e+04
1.868e-01 8.091e+04
2.129e-01 8.079e+04
2.158e-01 8.070e+04
1.604e-01 8.122e+04
1.755e-01 8.116e+04
1.778e-01 8.104e+04
2.019e-01 8.095e+04
2.281e-06 2.326e+03
1.398e-01 8.152e+04
2.055e-01 8.085e+04
1.867e-01 8.089e+04
1.897e-01 8.092e+04
1.991e-01 8.075e+04
1.690e-01 8.128e+04
1.786e-01 8.087e+04
1.639e-01 8.092e+04
2.042e-01 8.081e+04
1.753e-01 8.093e+04
2.034e-01 8.085e+04
1.852e-01 8.096e+04
1.958e-01 8.070e+04
1.880e-01 7.975e+04
8.685e-07 1.307e+04
1.973e-01 8.081e+04
2.472e-01 8.033e+04
1.506e-01 8.133e+04
1.686e-01 8.128e+04
2.023e-01 8.088e+04
1.795e-01 8.102e+04
2.048e-01 8.087e+04
1.900e-01 8.055e+04
1.817e-01 8.111e+04
1.180e-06 2.059e+04
1.666e-01 8.108e+04
1.949e-01 8.090e+04
1.841e-01 8.102e+04
1.890e-01 8.081e+04
1.882e-01 8.085e+04
1.677e-01 8.108e+04
1.623e-01 8.119e+04
4.280e-07 8.510e+03
2.383e-01 8.059e+04
1.370e-01 8.154e+04
1.649e-01 8.122e+04
1.654e-01 8.097e+04
1.973e-01 8.053e+04
1.932e-01 8.076e+04
1.731e-01 8.099e+04
1.902e-01 8.086e+04
1.963e-01 8.082e+04
1.702e-01 8.097e+04
1.940e-01 8.079e+04
2.007e-01 8.092e+04
1.962e-01 8.074e+04
1.680e-01 8.100e+04
1.899e-01 8.091e+04
2.025e-01 8.090e+04
1.342e-01 8.164e+04
1.727e-01 8.095e+04
2.245e-01 8.054e+04
1.583e-01 8.134e+04
2.098e-01 8.080e+04
1.994e-01 8.093e+04
1.073e-06 1.740e+04
2.643e-06 2.447e+04
2.080e-01 8.048e+04
1.775e-01 8.099e+04
1.260e-05 3.830e+04
1.700e-01 8.122e+04
1.775e-01 8.104e+04
1.844e-01 8.103e+04
1.931e-01 8.111e+04
2.127e-01 8.095e+04
1.664e-01 7.953e+04
2.032e-01 8.072e+04
7.544e-06 1.223e+04
1.824e-01 8.099e+04
1.432e-01 8.099e+04
1.807e-01 8.096e+04
1.652e-01 8.107e+04
1.847e-01 8.109e+04
1.502e-01 8.101e+04
1.558e-01 8.156e+04
1.559e-01 8.112e+04
1.965e-01 8.092e+04
1.631e-01 8.142e+04
1.575e-01 8.094e+04
1.863e-01 8.102e+04
2.133e-01 8.058e+04
1.939e-01 8.101e+04
1.430e-01 8.169e+04
1.672e-01 8.131e+04
1.799e-01 8.104e+04
2.193e-01 8.065e+04
1.919e-01 8.108e+04
1.981e-01 8.076e+04
2.004e-01 8.066e+04
1.824e-01 8.105e+04
1.717e-01 8.107e+04
2.026e-01 8.085e+04
1.915e-01 8.099e+04
1.991e-01 8.086e+04
1.706e-01 8.137e+04
5.994e-06 1.560e+04
2.718e-01 8.038e+04
1.581e-01 8.127e+04
1.563e-01 8.120e+04
1.613e-01 8.121e+04
1.667e-01 8.119e+04
1.985e-01 8.076e+04
1.930e-01 8.077e+04
2.079e-01 8.075e+04
1.513e-01 8.130e+04
2.302e-01 8.032e+04
2.057e-01 8.068e+04
6.076e-06 1.269e+04
1.899e-01 8.078e+04
1.826e-01 8.128e+04
1.480e-01 8.111e+04
1.716e-01 8.105e+04
1.704e-01 8.113e+04
1.905e-01 8.090e+04
1.751e-01 8.093e+04
1.913e-01 8.086e+04
7.642e-08 2.049e+04
2.113e-01 8.091e+04
1.717e-01 8.119e+04
1.890e-01 8.081e+04
1.890e-01 8.094e+04
2.001e-01 8.054e+04
1.489e-01 8.124e+04
2.004e-01 8.090e+04
1.911e-01 8.085e+04
1.679e-01 8.128e+04
1.763e-01 8.113e+04
1.550e-01 8.133e+04
1.608e-01 8.109e+04
1.740e-06 1.787e+04
1.680e-01 8.115e+04
1.741e-01 8.124e+04
1.463e-01 8.151e+04
2.206e-01 8.027e+04
1.685e-01 8.098e+04
1.689e-01 8.118e+04
1.751e-01 8.108e+04
2.158e-01 8.073e+04
2.037e-01 8.078e+04
1.637e-01 8.118e+04
1.524e-01 8.143e+04
1.750e-01 8.083e+04
1.719e-01 8.103e+04
1.789e-01 8.090e+04
1.785e-01 8.089e+04
1.603e-01 8.116e+04
1.461e-01 8.100e+04
2.207e-01 8.065e+04
8.495e-07 7.025e+03
1.769e-01 8.091e+04
1.799e-01 8.091e+04
1.688e-01 8.102e+04
1.734e-01 8.096e+04
1.581e-06 4.014e+04
2.266e-01 8.049e+04
1.887e-01 8.090e+04
1.686e-01 8.133e+04
1.972e-01 8.075e+04
1.901e-01 8.100e+04
1.568e-01 8.130e+04
1.593e-01 8.133e+04
1.636e-01 8.124e+04
1.814e-01 8.098e+04
1.600e-05 4.543e+04
1.902e-01 8.090e+04
1.628e-01 8.116e+04
1.552e-01 8.131e+04
9.539e-06 1.665e+04
1.887e-01 8.076e+04
1.510e-01 8.142e+04
1.704e-01 8.098e+04
1.687e-01 8.107e+04
1.833e-01 8.087e+04
1.519e-01 8.129e+04
2.363e-01 8.086e+04
1.512e-01 8.129e+04
1.656e-01 8.087e+04
2.720e-01 7.995e+04
1.918e-01 8.085e+04
1.660e-01 8.110e+04
1.795e-01 8.091e+04
1.546e-01 8.125e+04
2.132e-01 8.074e+04
1.864e-01 8.084e+04
1.830e-01 8.105e+04
1.816e-01 8.109e+04
1.829e-01 8.104e+04
1.801e-01 8.111e+04
2.343e-01 8.068e+04
1.834e-01 8.091e+04
2.177e-01 8.062e+04
2.463e-01 7.968e+04
1.615e-01 8.114e+04
2.342e-01 8.066e+04
1.817e-01 8.081e+04
1.628e-01 8.122e+04
1.959e-01 8.077e+04
1.887e-01 8.111e+04
1.630e-01 8.104e+04
1.605e-01 8.112e+04
1.775e-01 8.093e+04
1.988e-01 8.066e+04
8.098e-07 1.538e+04
1.731e-01 8.113e+04
1.973e-01 8.073e+04
1.680e-01 8.121e+04
1.573e-01 8.117e+04
2.580e-01 8.035e+04
2.231e-01 8.083e+04
1.817e-01 8.114e+04
3.285e-01 8.031e+04
1.662e-01 8.126e+04
1.564e-01 8.109e+04
1.419e-01 8.122e+04
1.508e-01 8.126e+04
1.756e-01 8.107e+04
2.275e-06 1.838e+04
1.916e-01 8.094e+04
1.659e-01 8.103e+04
1.987e-01 8.072e+04
1.739e-01 8.100e+04
1.858e-01 8.082e+04
1.707e-01 8.131e+04
2.524e-01 8.051e+04
1.699e-01 8.115e+04
1.540e-01 8.127e+04
4.623e-07 1.199e+04
1.850e-01 8.073e+04
1.791e-01 8.095e+04
1.799e-01 8.095e+04
1.843e-01 8.083e+04
1.687e-01 8.131e+04
2.043e-01 8.074e+04
1.542e-01 8.148e+04
1.772e-01 8.094e+04
1.932e-01 8.096e+04
2.020e-01 8.087e+04
1.788e-01 8.095e+04
2.095e-01 8.067e+04
1.736e-01 8.123e+04
1.754e-01 8.115e+04
1.996e-01 8.088e+04
1.507e-01 8.104e+04
1.985e-01 8.066e+04
1.834e-01 8.095e+04
1.846e-01 8.097e+04
1.653e-01 8.091e+04
5.033e-06 1.587e+04
3.401e-05 3.567e+04
1.530e-01 8.132e+04
1.744e-01 8.118e+04
1.745e-01 8.114e+04
1.616e-01 8.128e+04
1.711e-01 8.137e+04
1.886e-01 8.092e+04
2.091e-01 8.070e+04
1.740e-01 8.105e+04
1.142e-06 8.834e+03
1.893e-01 8.101e+04
1.805e-01 8.110e+04
1.644e-01 8.126e+04
1.843e-01 8.099e+04
1.835e-01 8.096e+04
2.989e-01 8.015e+04
1.537e-01 8.151e+04
1.530e-01 8.075e+04
1.766e-01 8.101e+04
2.430e-01 8.071e+04
1.056e-01 8.157e+04
1.886e-01 8.084e+04
7.181e-06 1.329e+04
1.543e-01 8.139e+04
3.098e-01 8.016e+04
1.725e-01 8.125e+04
1.672e-01 8.108e+04
2.203e-01 8.079e+04
1.957e-01 8.077e+04
1.446e-01 8.134e+04
1.692e-01 8.099e+04
1.533e-01 8.128e+04
2.662e-01 8.050e+04
1.898e-01 8.100e+04
2.980e-01 8.004e+04
2.055e-01 8.080e+04
1.683e-01 8.118e+04
1.770e-01 8.099e+04
1.721e-01 8.095e+04
1.810e-01 8.117e+04
1.903e-01 8.078e+04
1.683e-01 8.087e+04
2.083e-01 8.087e+04
2.110e-01 8.092e+04
1.888e-01 8.086e+04
1.657e-01 8.109e+04
2.047e-01 8.072e+04
1.534e-01 8.112e+04
1.691e-01 8.124e+04
1.633e-01 8.120e+04
1.957e-01 8.080e+04
5.132e-06 8.922e+03
1.715e-01 8.095e+04
1.751e-01 8.124e+04
2.148e-01 8.054e+04
1.882e-01 8.096e+04
1.509e-01 8.149e+04
1.980e-01 8.073e+04
1.613e-01 8.104e+04
1.800e-01 8.102e+04
1.696e-01 8.129e+04
1.326e-01 8.150e+04
1.861e-01 8.082e+04
1.632e-01 8.126e+04
1.672e-01 8.123e+04
1.769e-01 8.094e+04
1.762e-01 8.088e+04
1.905e-01 8.092e+04
2.122e-01 8.026e+04
1.234e-01 8.154e+04
1.702e-01 8.110e+04
1.407e-01 8.152e+04
1.465e-01 8.143e+04
1.298e-01 8.179e+04
1.486e-01 8.133e+04
1.647e-01 8.112e+04
1.588e-01 8.116e+04
1.640e-01 8.122e+04
1.707e-01 8.098e+04
1.763e-01 8.105e+04
2.054e-01 8.083e+04
1.765e-01 8.068e+04
1.501e-01 8.129e+04
1.631e-01 8.116e+04
1.544e-01 8.122e+04
1.980e-01 8.092e+04
1.975e-01 8.085e+04
2.052e-01 8.075e+04
1.628e-01 8.115e+04
1.732e-01 8.083e+04
1.598e-01 8.112e+04
1.939e-01 8.086e+04
1.922e-01 8.096e+04
1.956e-01 7.921e+04
1.885e-01 8.114e+04
1.617e-01 8.104e+04
2.065e-01 8.059e+04
3.930e-06 1.171e+04
1.733e-01 8.098e+04
2.125e-01 8.071e+04
1.566e-01 8.114e+04
1.676e-01 8.094e+04
1.431e-01 8.139e+04
1.612e-01 8.119e+04
2.351e-01 8.040e+04
1.704e-01 8.119e+04
1.841e-01 8.092e+04
2.564e-06 3.826e+03
1.683e-01 8.117e+04
2.066e-06 8.098e+03
1.503e-01 8.121e+04
1.758e-01 8.091e+04
1.411e-06 4.118e+04
1.935e-01 8.087e+04
1.582e-01 8.121e+04
1.691e-01 8.115e+04
2.099e-01 8.074e+04
1.588e-01 8.122e+04
1.585e-01 8.117e+04
1.191e-05 3.202e+04
1.976e-01 8.077e+04
1.759e-01 8.110e+04
1.722e-01 8.098e+04
1.950e-01 8.080e+04
1.828e-01 8.074e+04
1.778e-01 8.117e+04
1.703e-01 8.124e+04
1.925e-01 8.079e+04
1.396e-01 8.042e+04
2.250e-01 8.070e+04
1.510e-01 8.151e+04
1.893e-01 8.104e+04
1.781e-01 8.115e+04
1.542e-01 8.145e+04
1.798e-01 8.105e+04
1.571e-01 8.115e+04
1.950e-01 8.091e+04
1.779e-01 8.118e+04
1.824e-01 8.107e+04
2.025e-01 8.092e+04
1.856e-01 8.093e+04
1.668e-01 8.122e+04
1.747e-01 8.100e+04
2.065e-01 8.083e+04
1.478e-01 8.137e+04
1.821e-01 8.088e+04
2.132e-01 8.058e+04
1.725e-01 8.120e+04
1.845e-01 8.064e+04
2.029e-01 8.031e+04
6.543e-06 8.670e+03
1.903e-01 8.104e+04
1.552e-01 8.123e+04
1.916e-01 8.093e+04
1.470e-01 8.139e+04
1.657e-01 8.116e+04
1.379e-06 2.969e+03
1.818e-01 8.096e+04
2.274e-01 8.065e+04
1.737e-01 8.101e+04
1.787e-01 8.094e+04
1.810e-01 8.104e+04
1.824e-01 8.103e+04
1.945e-01 8.084e+04
1.579e-01 8.127e+04
1.689e-01 8.084e+04
1.694e-01 8.103e+04
1.751e-01 8.096e+04
1.740e-01 8.099e+04
1.944e-01 8.091e+04
7.054e-06 1.237e+04
1.585e-01 8.134e+04
2.296e-01 8.037e+04
2.168e-01 8.073e+04
1.586e-01 8.137e+04
1.744e-01 8.099e+04
1.664e-01 8.057e+04
1.296e-06 2.542e+04
1.750e-01 8.117e+04
1.584e-01 8.101e+04
1.545e-01 8.132e+04
1.500e-01 8.085e+04
1.721e-01 8.089e+04
1.691e-01 8.115e+04
1.570e-01 8.126e+04
1.840e-01 8.086e+04
2.173e-01 8.065e+04
1.536e-01 8.129e+04
1.806e-01 8.116e+04
2.406e-01 8.002e+04
1.622e-01 8.112e+04
2.042e-01 8.095e+04
1.030e-05 3.017e+04
1.813e-01 8.104e+04
2.704e-01 8.036e+04
2.518e-01 8.038e+04
2.125e-01 8.074e+04
2.166e-01 8.093e+04
1.680e-01 8.109e+04
1.737e-01 8.099e+04
1.772e-01 8.034e+04
1.511e-01 8.136e+04
2.757e-01 8.022e+04
1.764e-01 8.098e+04
2.863e-01 8.005e+04
2.174e-01 8.024e+04
1.668e-01 8.118e+04
1.579e-01 8.138e+04
2.042e-01 8.106e+04
2.173e-01 8.064e+04
1.878e-01 8.094e+04
1.145e-07 7.149e+03
1.874e-01 8.098e+04
2.254e-01 8.070e+04
1.257e-05 4.480e+03
1.792e-01 8.095e+04
1.571e-01 8.124e+04
1.837e-01 7.873e+04
1.509e-01 8.120e+04
1.827e-01 8.097e+04
2.145e-01 8.084e+04
1.547e-01 8.137e+04
1.849e-01 8.078e+04
1.930e-01 8.103e+04
1.991e-01 8.099e+04
1.661e-01 8.101e+04
5.937e-06 7.219e+02
1.757e-01 8.096e+04
1.926e-01 8.076e+04
1.896e-01 8.103e+04
2.208e-01 8.050e+04
1.599e-01 8.118e+04
1.888e-01 8.109e+04
1.699e-01 8.103e+04
1.367e-01 8.172e+04
1.752e-01 8.095e+04
1.723e-01 8.094e+04
1.685e-01 8.099e+04
1.674e-01 8.115e+04
1.603e-01 8.122e+04
1.789e-01 8.107e+04
1.624e-01 8.093e+04
1.895e-01 8.109e+04
1.656e-01 8.107e+04
1.609e-01 8.115e+04
1.880e-01 8.086e+04
1.847e-01 8.093e+04
1.626e-01 8.120e+04
1.554e-01 8.105e+04
2.816e-01 8.033e+04
1.956e-01 8.080e+04
1.899e-01 8.118e+04
2.432e-01 8.050e+04
1.768e-01 8.100e+04
7.252e-07 9.086e+03
1.726e-01 8.077e+04
1.659e-01 8.064e+04
6.142e-06 5.872e+03
1.457e-01 8.133e+04
2.157e-01 8.047e+04
1.455e-01 8.137e+04
1.671e-01 8.113e+04
1.752e-01 8.100e+04
1.718e-01 8.109e+04
2.494e-01 8.049e+04
8.552e-06 3.429e+04
1.821e-01 8.096e+04
2.525e-01 7.982e+04
1.813e-01 8.088e+04
1.931e-01 8.098e+04
1.800e-01 8.104e+04
1.606e-01 8.119e+04
1.455e-01 8.131e+04
1.872e-01 8.111e+04
2.170e-01 8.046e+04
2.113e-01 8.075e+04
1.768e-01 8.110e+04
1.799e-01 8.107e+04
1.590e-01 8.118e+04
1.835e-01 8.088e+04
2.321e-01 8.057e+04
1.737e-01 8.104e+04
1.477e-01 8.131e+04
1.653e-01 8.126e+04
1.606e-01 8.085e+04
2.473e-01 8.061e+04
1.489e-01 8.122e+04
1.722e-01 8.116e+04
1.705e-01 8.100e+04
1.667e-01 8.106e+04
1.518e-01 8.071e+04
2.001e-01 8.084e+04
1.390e-01 8.146e+04
1.928e-01 8.103e+04
1.806e-01 8.104e+04
1.718e-01 8.106e+04
1.838e-01 8.078e+04
1.498e-01 8.140e+04
1.339e-01 8.157e+04
1.434e-01 8.140e+04
1.931e-01 8.097e+04
2.278e-01 8.063e+04
1.639e-01 8.130e+04
1.526e-01 8.074e+04
2.111e-01 8.045e+04
1.869e-01 8.093e+04
1.855e-06 4.301e+03
1.798e-01 8.086e+04
1.571e-01 8.156e+04
1.871e-01 8.120e+04
1.690e-01 8.126e+04
1.640e-01 8.102e+04
1.758e-01 8.091e+04
1.683e-01 8.113e+04
1.633e-01 8.132e+04
1.992e-01 8.076e+04
1.937e-01 8.067e+04
2.090e-01 8.062e+04
1.846e-01 8.107e+04
2.026e-01 8.075e+04
2.106e-01 8.068e+04
1.766e-01 8.110e+04
1.883e-01 8.074e+04
4.030e-06 7.525e+03
2.011e-01 8.074e+04
5.925e-06 1.617e+04
2.516e-01 8.018e+04
1.729e-01 8.099e+04
1.614e-01 8.109e+04
1.750e-01 8.095e+04
1.633e-01 8.114e+04
1.955e-01 8.054e+04
1.444e-01 8.129e+04
1.783e-01 8.092e+04
2.050e-01 8.064e+04
1.540e-01 8.116e+04
9.387e-06 5.045e+04
2.175e-01 8.045e+04
2.024e-01 8.060e+04
1.529e-01 8.133e+04
2.072e-01 8.081e+04
1.535e-01 8.136e+04
2.218e-01 8.065e+04
2.588e-06 4.285e+03
1.578e-01 8.126e+04
1.656e-01 8.105e+04
1.945e-01 8.102e+04
1.598e-01 8.118e+04
1.561e-01 8.118e+04
2.022e-01 8.067e+04
2.131e-06 1.040e+02
1.542e-01 8.116e+04
1.780e-01 8.093e+04
1.537e-01 8.103e+04
1.637e-01 8.096e+04
1.831e-01 8.100e+04
1.643e-01 8.113e+04
1.680e-01 8.120e+04
1.633e-01 8.110e+04
1.506e-01 8.089e+04
1.592e-01 8.112e+04
1.782e-01 8.106e+04
1.878e-01 8.098e+04
1.946e-01 8.111e+04
1.547e-01 8.126e+04
1.689e-01 8.108e+04
1.432e-01 8.136e+04
2.063e-01 7.995e+04
1.905e-01 8.068e+04
1.442e-01 7.951e+04
1.602e-01 8.099e+04
1.034e-01 8.039e+04
1.776e-01 8.109e+04
1.837e-01 8.097e+04
1.737e-01 8.133e+04
1.731e-01 8.115e+04
1.532e-01 8.133e+04
1.709e-01 8.084e+04
2.371e-01 8.077e+04
1.926e-05 6.606e+03
2.238e-01 8.069e+04
1.513e-01 8.115e+04
1.748e-01 8.109e+04
1.958e-01 8.093e+04
1.628e-05 8.060e+03
1.638e-01 8.115e+04
1.670e-01 8.113e+04
1.631e-01 8.123e+04
1.921e-01 8.087e+04
2.079e-01 8.081e+04
2.064e-01 8.084e+04
1.462e-01 8.133e+04
1.845e-01 8.102e+04
2.013e-01 8.096e+04
1.671e-01 8.092e+04
1.725e-01 8.097e+04
1.830e-01 8.087e+04
1.891e-01 8.087e+04
2.158e-01 8.073e+04
1.719e-01 8.108e+04
1.671e-01 8.117e+04
1.537e-01 8.122e+04
2.269e-01 8.093e+04
1.823e-01 8.118e+04
1.694e-01 8.101e+04
1.706e-01 8.117e+04
1.684e-01 8.103e+04
1.809e-01 8.108e+04
1.890e-01 8.098e+04
4.342e-07 1.495e+04
1.618e-01 8.106e+04
1.692e-01 8.122e+04
2.424e-01 8.063e+04
1.983e-01 8.101e+04
1.767e-01 8.117e+04
2.190e-01 8.075e+04
5.674e-06 2.856e+03
1.673e-01 8.108e+04
1.743e-01 8.112e+04
1.595e-01 8.113e+04
1.582e-01 8.115e+04
4.009e-06 1.531e+04
2.046e-01 8.087e+04
2.110e-01 8.073e+04
1.668e-01 8.123e+04
1.362e-01 8.089e+04
1.708e-01 8.091e+04
1.519e-01 8.133e+04
1.658e-01 8.100e+04
1.628e-01 8.119e+04
8.186e-07 1.825e+04
1.832e-01 8.038e+04
1.606e-01 8.143e+04
2.621e-01 8.036e+04
1.633e-01 8.103e+04
1.639e-01 8.118e+04
1.608e-01 8.136e+04
1.859e-01 8.081e+04
1.827e-01 8.093e+04
1.187e-06 1.741e+04
1.702e-01 8.113e+04
1.633e-01 8.115e+04
1.732e-01 8.116e+04
1.702e-01 8.096e+04
2.085e-01 8.058e+04
1.759e-01 8.061e+04
1.762e-01 8.102e+04
1.869e-01 8.092e+04
1.602e-01 8.115e+04
1.543e-01 8.147e+04
1.042e-06 1.863e+04
1.876e-01 8.104e+04
1.673e-01 8.095e+04
2.570e-06 1.451e+04
1.880e-01 8.093e+04
1.647e-01 8.081e+04
1.876e-01 8.096e+04
2.098e-01 8.083e+04
2.004e-01 8.088e+04
1.828e-01 8.096e+04
1.762e-01 8.080e+04
1.927e-01 8.087e+04
1.680e-01 8.124e+04
1.553e-01 8.113e+04
1.860e-01 8.064e+04
1.897e-01 8.101e+04
2.675e-01 8.046e+04
1.633e-01 8.112e+04
1.559e-01 8.125e+04
1.941e-01 8.096e+04
2.107e-01 8.075e+04
1.395e-01 8.146e+04
1.809e-01 8.100e+04
1.922e-01 8.077e+04
2.088e-01 8.085e+04
1.893e-01 8.101e+04
3.797e-07 4.557e+04
2.081e-01 8.074e+04
1.630e-01 8.103e+04
2.174e-01 8.075e+04
1.513e-01 8.137e+04
1.598e-01 8.140e+04
1.701e-01 8.124e+04
1.410e-01 8.095e+04
1.832e-01 8.093e+04
1.749e-01 8.101e+04
2.077e-01 8.085e+04
1.651e-01 8.114e+04
1.850e-01 8.090e+04
1.953e-01 8.075e+04
1.947e-01 8.103e+04
2.241e-01 8.069e+04
1.778e-01 8.101e+04
1.732e-01 8.109e+04
1.658e-01 8.113e+04
1.846e-01 8.101e+04
1.793e-01 8.111e+04
1.626e-01 8.125e+04
1.923e-01 8.070e+04
1.501e-01 8.110e+04
2.035e-01 8.072e+04
1.668e-01 8.098e+04
1.768e-01 8.094e+04
1.927e-01 8.093e+04
2.384e-01 8.015e+04
1.555e-01 8.131e+04
2.153e-01 8.074e+04
2.128e-01 8.063e+04
1.883e-01 8.078e+04
1.778e-01 8.098e+04
1.723e-01 8.098e+04
1.954e-01 8.069e+04
1.554e-01 8.101e+04
1.989e-01 8.090e+04
1.635e-01 8.109e+04
1.707e-01 8.115e+04
1.569e-01 8.119e+04
2.009e-01 8.092e+04
1.769e-01 8.115e+04
1.714e-01 8.106e+04
1.865e-01 8.110e+04
1.405e-01 8.157e+04
1.380e-01 8.170e+04
1.402e-01 8.143e+04
1.652e-01 8.131e+04
1.396e-01 8.141e+04
1.475e-01 8.154e+04
1.764e-01 8.125e+04
2.118e-01 8.090e+04
1.715e-01 8.098e+04
2.050e-01 8.083e+04
1.468e-01 8.142e+04
1.461e-01 8.132e+04
1.691e-01 8.121e+04
1.927e-01 8.105e+04
1.373e-01 8.132e+04
1.931e-01 8.076e+04
1.877e-01 8.087e+04
1.490e-01 8.152e+04
2.062e-01 8.084e+04
1.515e-01 8.126e+04
1.905e-01 8.105e+04
7.502e-06 1.138e+04
1.855e-01 8.093e+04
1.919e-01 8.086e+04
2.635e-06 6.472e+03
1.729e-01 8.085e+04
1.770e-01 8.130e+04
1.548e-01 8.128e+04
1.707e-01 8.084e+04
2.071e-01 8.070e+04
1.905e-01 8.076e+04
1.870e-01 8.095e+04
1.748e-01 8.089e+04
4.025e-07 2.176e+04
1.727e-01 8.083e+04
1.690e-06 2.866e+04
1.778e-01 8.103e+04
1.580e-01 8.134e+04
2.624e-01 7.943e+04
2.069e-01 8.082e+04
2.081e-01 8.080e+04
1.837e-01 8.071e+04
1.611e-01 8.123e+04
1.526e-01 8.135e+04
1.770e-01 8.081e+04
1.612e-01 8.116e+04
1.790e-01 8.098e+04
1.788e-01 8.109e+04
1.958e-01 8.082e+04
1.679e-01 8.120e+04
1.632e-01 8.112e+04
1.699e-01 8.105e+04
1.897e-01 8.087e+04
1.735e-01 8.103e+04
1.966e-01 8.105e+04
1.719e-01 8.096e+04
1.602e-01 8.132e+04
1.743e-01 8.085e+04
1.856e-01 8.080e+04
1.657e-01 8.132e+04
1.978e-01 8.109e+04
2.370e-01 7.979e+04
1.399e-01 8.157e+04
1.884e-01 8.086e+04
2.175e-01 8.077e+04
1.801e-01 8.081e+04
1.680e-01 8.126e+04
1.723e-01 8.110e+04
2.074e-01 8.068e+04
2.270e-01 7.990e+04
1.462e-06 2.454e+04
1.682e-01 8.114e+04
2.214e-01 8.055e+04
2.061e-01 8.092e+04
1.967e-01 8.070e+04
1.622e-01 8.083e+04
1.507e-06 3.770e+04
2.059e-01 8.083e+04
1.905e-01 8.090e+04
1.545e-01 8.123e+04
1.609e-01 8.132e+04
1.442e-01 8.107e+04
1.634e-01 8.119e+04
2.182e-01 8.050e+04
1.719e-01 8.095e+04
2.246e-01 8.070e+04
1.788e-01 8.093e+04
1.611e-01 8.121e+04
1.521e-01 8.103e+04
1.686e-01 8.087e+04
2.936e-06 1.309e+04
1.704e-01 8.110e+04
1.752e-01 8.101e+04
1.743e-01 8.086e+04
1.941e-01 8.085e+04
1.656e-01 8.129e+04
1.799e-01 8.116e+04
1.656e-01 8.096e+04
1.784e-01 8.072e+04
1.658e-01 8.128e+04
1.532e-01 8.132e+04
1.745e-01 7.930e+04
1.655e-01 8.108e+04
1.783e-01 8.096e+04
1.572e-01 8.098e+04
1.597e-01 8.128e+04
1.551e-01 8.121e+04
1.346e-01 8.184e+04
2.126e-01 8.088e+04
1.742e-01 8.096e+04
2.284e-01 8.072e+04
1.633e-01 8.087e+04
1.837e-01 8.102e+04
1.788e-01 8.079e+04
1.926e-01 8.095e+04
2.026e-01 8.064e+04
2.305e-01 8.033e+04
1.765e-01 8.089e+04
1.843e-01 8.091e+04
2.609e-01 8.036e+04
1.739e-01 8.096e+04
1.717e-01 8.105e+04
1.736e-01 8.099e+04
1.844e-01 8.042e+04
1.782e-01 8.109e+04
1.770e-01 8.088e+04
1.974e-01 8.110e+04
1.951e-01 8.093e+04
1.733e-01 8.109e+04
1.693e-01 8.132e+04
1.494e-01 8.125e+04
1.919e-01 8.087e+04
1.588e-01 8.121e+04
1.807e-01 8.102e+04
1.774e-01 8.115e+04
1.540e-01 8.128e+04
1.569e-01 8.099e+04
1.877e-01 8.064e+04
1.655e-01 8.108e+04
1.415e-01 8.156e+04
1.989e-01 8.080e+04
1.846e-01 8.106e+04
1.031e-01 8.135e+04
1.720e-01 8.125e+04
2.162e-01 8.068e+04
1.735e-01 8.113e+04
1.794e-01 8.099e+04
1.955e-01 8.086e+04
1.098e-01 8.108e+04
1.437e-01 8.162e+04
1.932e-01 8.083e+04
2.130e-01 8.047e+04
1.121e-06 2.198e+04
1.808e-01 8.128e+04
1.845e-01 8.107e+04
1.810e-01 8.100e+04
1.896e-01 8.069e+04
1.564e-01 8.116e+04
1.883e-01 8.091e+04
1.413e-01 8.069e+04
1.790e-01 8.088e+04
2.100e-01 8.077e+04
1.846e-01 8.099e+04
1.611e-01 8.098e+04
2.120e-01 8.058e+04
1.715e-01 8.106e+04
1.759e-01 8.089e+04
1.758e-01 8.112e+04
1.673e-01 8.130e+04
1.425e-01 8.125e+04
1.950e-01 8.094e+04
1.895e-01 8.067e+04
1.514e-01 8.151e+04
1.785e-01 8.111e+04
8.718e-07 4.467e+04
1.769e-01 8.104e+04
1.360e-01 8.170e+04
1.898e-01 8.100e+04
9.154e-06 3.120e+04
1.317e-01 8.137e+04
1.384e-01 8.152e+04
2.415e-01 8.046e+04
1.785e-01 8.098e+04
1.851e-01 8.083e+04
1.968e-01 8.091e+04
2.144e-01 8.072e+04
7.640e-06 1.491e+04
1.711e-01 8.121e+04
1.629e-01 8.113e+04
2.172e-01 8.065e+04
1.993e-01 8.063e+04
1.697e-01 8.126e+04
2.226e-01 8.055e+04
1.842e-01 8.095e+04
1.717e-01 8.112e+04
2.070e-01 8.086e+04
1.402e-01 8.159e+04
1.837e-01 8.102e+04
1.772e-01 8.092e+04
2.072e-01 8.075e+04
1.901e-01 8.093e+04
2.207e-01 8.066e+04
1.613e-01 8.124e+04
1.649e-01 8.125e+04
1.541e-01 8.123e+04
1.869e-01 8.083e+04
1.795e-01 8.080e+04
1.741e-01 8.121e+04
1.906e-01 8.106e+04
1.754e-01 8.109e+04
2.223e-01 8.074e+04
1.853e-01 8.081e+04
2.500e-06 3.127e+04
1.884e-01 8.063e+04
1.831e-01 8.109e+04
2.651e-06 1.049e+04
2.498e-06 6.021e+03
1.887e-01 8.088e+04
2.352e-01 8.048e+04
2.120e-01 8.069e+04
1.848e-01 8.098e+04
1.994e-01 8.100e+04
2.042e-06 2.035e+04
2.302e-01 8.056e+04
1.580e-01 8.113e+04
1.547e-01 8.116e+04
1.437e-01 8.145e+04
1.588e-01 8.118e+04
2.183e-01 8.062e+04
1.733e-01 8.116e+04
1.837e-01 8.102e+04
1.595e-01 8.129e+04
1.817e-01 8.109e+04
1.547e-01 8.098e+04
1.600e-01 8.119e+04
1.561e-01 8.124e+04
1.672e-01 8.119e+04
1.814e-01 8.084e+04
1.972e-01 8.104e+04
2.144e-01 8.075e+04
1.453e-01 8.129e+04
1.853e-01 8.102e+04
2.285e-01 8.064e+04
1.746e-01 8.095e+04
6.508e-06 1.355e+04
2.104e-01 8.077e+04
1.905e-01 8.090e+04
1.987e-01 8.098e+04
2.137e-01 8.074e+04
1.424e-01 8.136e+04
1.803e-01 7.994e+04
2.321e-01 8.056e+04
2.326e-01 8.061e+04
1.904e-01 8.088e+04
1.658e-01 8.116e+04
1.807e-01 8.100e+04
1.422e-01 8.138e+04
1.864e-01 8.109e+04
2.593e-01 8.028e+04
1.752e-01 8.097e+04
2.007e-01 8.083e+04
1.752e-01 8.100e+04
1.603e-01 8.114e+04
1.751e-01 8.113e+04
1.604e-01 8.132e+04
1.589e-01 8.135e+04
2.050e-01 8.083e+04
2.099e-01 8.094e+04
1.562e-01 8.135e+04
1.864e-01 8.076e+04
1.927e-08 3.717e+04
1.608e-01 8.124e+04
2.215e-06 1.634e+04
1.989e-01 8.102e+04
1.614e-01 8.108e+04
1.527e-01 8.126e+04
1.584e-01 8.109e+04
2.062e-01 8.044e+04
1.922e-01 8.088e+04
1.860e-01 8.097e+04
7.992e-06 1.779e+04
1.769e-01 8.093e+04
1.663e-01 8.122e+04
1.356e-01 8.162e+04
2.204e-01 8.064e+04
2.192e-01 8.096e+04
1.491e-01 8.110e+04
2.347e-01 8.062e+04
1.951e-01 8.108e+04
1.934e-06 2.294e+04
1.981e-01 8.075e+04
1.713e-01 8.089e+04
1.742e-01 8.088e+04
1.358e-05 1.974e+04
1.654e-01 8.102e+04
1.919e-01 8.065e+04
1.792e-01 8.087e+04
2.182e-01 8.082e+04
1.896e-01 8.087e+04
6.441e-06 3.399e+04
3.830e-06 5.310e+03
2.027e-01 8.078e+04
1.715e-01 8.107e+04
2.012e-01 8.072e+04
1.668e-01 8.089e+04
2.298e-01 8.013e+04
1.951e-01 8.089e+04
1.856e-01 8.093e+04
1.879e-01 8.095e+04
1.703e-01 8.141e+04
1.765e-01 8.120e+04
1.565e-01 8.123e+04
1.581e-01 8.110e+04
1.841e-01 8.086e+04
2.746e-05 2.209e+04
1.958e-01 8.090e+04
8.090e-07 8.020e+03
1.998e-01 8.091e+04
1.685e-01 8.084e+04
1.657e-01 8.140e+04
1.612e-01 8.115e+04
1.759e-01 8.098e+04
1.967e-01 8.091e+04
1.878e-01 8.084e+04
1.608e-01 8.132e+04
1.651e-01 8.099e+04
1.944e-01 8.098e+04
1.531e-01 8.100e+04
2.572e-01 8.016e+04
2.009e-01 8.063e+04
1.537e-01 8.127e+04
2.075e-01 8.079e+04
1.807e-01 8.117e+04
1.533e-01 8.124e+04
1.313e-05 1.594e+03
1.577e-01 8.117e+04
2.426e-01 8.054e+04
1.673e-01 8.104e+04
1.680e-01 8.114e+04
1.408e-01 8.155e+04
2.191e-01 8.049e+04
1.900e-01 8.101e+04
1.550e-01 8.136e+04
1.562e-01 8.126e+04
1.467e-01 8.127e+04
1.674e-01 8.114e+04
1.862e-01 8.091e+04
1.707e-01 8.115e+04
2.008e-01 8.084e+04
1.322e-01 8.145e+04
1.858e-01 8.104e+04
2.203e-01 8.069e+04
1.872e-01 8.074e+04
1.507e-01 8.110e+04
1.474e-01 8.141e+04
1.865e-01 8.087e+04
1.502e-01 8.127e+04
1.836e-01 8.111e+04
1.618e-01 8.107e+04
1.408e-01 8.170e+04
1.566e-01 8.121e+04
1.840e-01 8.107e+04
1.940e-01 8.091e+04
1.571e-01 8.130e+04
1.627e-01 8.111e+04
1.567e-01 8.134e+04
1.916e-01 8.114e+04
7.410e-06 3.370e+04
1.676e-01 8.105e+04
2.132e-01 8.027e+04
1.998e-01 8.088e+04
8.372e-07 2.353e+04
1.958e-01 8.080e+04
1.628e-01 8.126e+04
1.754e-01 8.092e+04
1.768e-01 8.100e+04
1.810e-01 8.071e+04
1.707e-01 8.108e+04
1.497e-01 8.132e+04
1.718e-01 8.076e+04
2.176e-01 8.063e+04
1.536e-01 8.122e+04
1.676e-01 8.102e+04
1.931e-01 8.076e+04
1.687e-01 8.132e+04
3.338e-01 7.936e+04
1.766e-01 8.121e+04
2.068e-01 8.080e+04
1.665e-01 8.100e+04
1.656e-01 8.103e+04
1.933e-01 8.080e+04
1.654e-01 8.115e+04
1.580e-01 8.139e+04
1.519e-01 8.149e+04
1.835e-01 8.112e+04
1.552e-01 8.122e+04
1.651e-01 8.113e+04
1.646e-01 8.095e+04
2.001e-01 8.083e+04
1.839e-01 8.098e+04
1.519e-01 8.141e+04
1.930e-01 8.083e+04
1.755e-01 8.123e+04
1.591e-01 8.119e+04
1.784e-06 1.477e+04
2.337e-01 8.040e+04
1.623e-01 8.116e+04
2.087e-01 8.073e+04
1.669e-01 8.132e+04
1.836e-01 8.084e+04
2.133e-01 8.076e+04
1.833e-01 8.092e+04
1.947e-01 8.081e+04
1.846e-01 8.095e+04
2.232e-01 8.104e+04
1.871e-01 8.098e+04
2.141e-01 8.097e+04
1.685e-01 8.112e+04
2.044e-01 8.088e+04
1.544e-01 8.130e+04
1.374e-01 8.144e+04
1.878e-01 8.091e+04
1.420e-01 8.137e+04
1.302e-01 8.167e+04
1.537e-01 8.110e+04
1.350e-01 8.149e+04
1.785e-01 8.098e+04
1.954e-01 8.064e+04
2.320e-01 8.066e+04
1.462e-01 8.123e+04
1.805e-01 8.078e+04
1.716e-01 8.112e+04
1.870e-01 8.091e+04
2.234e-01 8.065e+04
1.383e-01 8.155e+04
1.845e-01 8.106e+04
1.939e-01 8.098e+04
2.316e-01 8.042e+04
3.312e-06 1.872e+04
2.186e-01 8.053e+04
2.046e-01 8.071e+04
1.637e-01 8.018e+04
1.507e-01 8.144e+04
1.401e-05 8.211e+02
2.036e-01 8.088e+04
1.782e-01 8.097e+04
1.510e-01 8.134e+04
1.649e-01 8.122e+04
1.770e-01 8.101e+04
1.694e-01 8.101e+04
1.813e-01 8.099e+04
1.892e-01 8.081e+04
2.228e-01 8.052e+04
1.797e-01 8.114e+04
2.120e-01 8.091e+04
1.506e-01 8.126e+04
1.361e-01 8.163e+04
2.166e-01 8.062e+04
1.749e-01 8.090e+04
1.941e-01 8.098e+04
1.851e-01 8.087e+04
1.751e-01 8.085e+04
1.851e-01 8.100e+04
1.750e-01 8.115e+04
2.008e-01 8.097e+04
1.932e-01 8.092e+04
1.596e-01 8.121e+04
1.719e-01 8.124e+04
2.722e-01 8.032e+04
1.630e-01 8.001e+04
1.872e-01 8.086e+04
1.587e-01 8.117e+04
1.904e-01 8.101e+04
1.912e-01 8.081e+04
2.993e-01 8.002e+04
4.992e-06 6.112e+03
1.816e-01 8.068e+04
1.389e-01 8.154e+04
1.948e-01 8.060e+04
1.987e-01 8.081e+04
1.930e-01 8.079e+04
1.810e-01 8.093e+04
1.734e-05 6.329e+03
1.634e-01 8.119e+04
1.976e-01 8.083e+04
1.769e-01 8.091e+04
3.072e-06 2.379e+04
2.167e-01 8.075e+04
1.628e-01 8.124e+04
1.725e-01 8.109e+04
1.688e-01 8.088e+04
2.040e-01 8.086e+04
2.163e-01 8.079e+04
1.699e-01 8.088e+04
1.825e-01 8.106e+04
2.012e-01 8.062e+04
1.950e-01 8.086e+04
1.701e-01 8.098e+04
1.739e-01 8.093e+04
2.258e-01 8.071e+04
1.725e-01 8.080e+04
1.510e-01 8.157e+04
4.956e-06 2.920e+04
1.774e-01 8.103e+04
1.589e-01 8.128e+04
1.675e-01 8.114e+04
1.467e-01 8.127e+04
1.971e-01 8.098e+04
1.492e-01 8.138e+04
1.908e-01 8.104e+04
1.599e-01 8.116e+04
1.938e-01 8.095e+04
1.982e-01 8.098e+04
1.699e-01 8.106e+04
1.653e-01 8.110e+04
1.870e-01 8.084e+04
2.013e-01 8.078e+04
2.286e-01 8.068e+04
1.874e-01 8.085e+04
1.547e-01 8.118e+04
1.943e-05 4.252e+04
1.953e-01 8.067e+04
1.739e-01 8.080e+04
1.866e-01 8.079e+04
1.623e-01 8.133e+04
1.554e-01 8.118e+04
2.121e-01 8.075e+04
1.847e-01 8.090e+04
2.250e-01 8.052e+04
1.586e-05 6.100e+03
1.699e-01 8.124e+04
1.972e-01 8.089e+04
1.588e-01 8.100e+04
1.903e-01 8.089e+04
1.813e-01 8.075e+04
1.620e-01 8.133e+04
1.446e-01 8.143e+04
1.656e-01 8.122e+04
1.933e-01 8.117e+04
2.883e-07 3.534e+04
2.130e-01 8.081e+04
1.369e-01 8.167e+04
1.986e-01 8.087e+04
1.879e-01 8.101e+04
1.636e-01 8.128e+04
1.799e-01 8.098e+04
1.986e-01 8.096e+04
6.025e-07 1.253e+04
1.453e-01 8.133e+04
4.349e-06 6.206e+03
1.771e-01 8.097e+04
1.911e-01 8.074e+04
1.597e-01 8.114e+04
1.581e-01 8.131e+04
1.959e-01 8.087e+04
1.690e-01 8.105e+04
2.238e-06 6.703e+03
1.755e-01 8.115e+04
1.759e-01 8.124e+04
1.790e-01 8.099e+04
1.828e-01 8.089e+04
1.872e-01 8.090e+04
1.923e-01 8.068e+04
1.587e-01 8.120e+04
1.574e-01 8.131e+04
1.461e-01 8.127e+04
2.270e-06 6.463e+03
1.521e-01 8.126e+04
2.052e-01 8.074e+04
1.557e-01 8.106e+04
2.115e-01 8.081e+04
1.909e-01 8.072e+04
1.484e-01 8.147e+04
2.003e-01 8.084e+04
2.317e-01 8.047e+04
1.803e-01 8.079e+04
1.745e-01 8.107e+04
1.300e-01 8.162e+04
1.842e-01 8.083e+04
1.853e-01 8.067e+04
1.883e-01 8.092e+04
2.109e-01 8.087e+04
1.706e-01 8.104e+04
1.541e-01 8.115e+04
1.507e-01 8.125e+04
2.140e-01 8.075e+04
3.910e-06 2.714e+03
1.754e-01 8.110e+04
1.996e-01 8.065e+04
1.655e-01 8.122e+04
8.549e-07 3.845e+04
2.144e-06 3.636e+04
1.452e-01 8.129e+04
1.699e-01 8.110e+04
1.689e-01 8.111e+04
1.785e-01 8.092e+04
1.668e-01 8.103e+04
1.877e-01 8.094e+04
1.377e-01 8.090e+04
1.352e-01 8.154e+04
1.649e-01 8.103e+04
1.610e-01 8.103e+04
1.613e-01 8.138e+04
1.797e-01 8.104e+04
1.868e-01 8.102e+04
1.799e-01 8.105e+04
1.904e-01 8.101e+04
1.844e-01 8.038e+04
1.619e-01 8.128e+04
2.253e-01 8.067e+04
1.755e-01 8.104e+04
1.547e-01 8.121e+04
1.660e-01 8.117e+04
1.828e-01 8.085e+04
1.421e-01 8.132e+04
1.687e-01 8.123e+04
1.601e-01 8.132e+04
1.526e-01 8.130e+04
2.123e-01 8.082e+04
1.867e-05 4.824e+04
1.703e-01 8.092e+04
1.842e-01 8.088e+04
1.859e-01 8.109e+04
1.848e-01 8.074e+04
1.845e-01 8.090e+04
1.943e-01 8.045e+04
1.924e-01 8.085e+04
1.973e-01 8.073e+04
1.579e-01 8.144e+04
1.912e-01 8.077e+04
1.101e-01 8.162e+04
1.851e-01 8.104e+04
2.990e-06 1.303e+04
1.341e-01 8.173e+04
2.097e-01 8.046e+04
1.742e-01 8.113e+04
1.706e-01 8.095e+04
1.454e-05 3.498e+04
1.753e-01 8.103e+04
1.702e-01 8.106e+04
1.617e-01 8.101e+04
2.076e-01 8.063e+04
1.648e-01 8.117e+04
1.901e-01 8.098e+04
1.873e-01 8.094e+04
1.868e-01 8.125e+04
1.974e-01 8.092e+04
1.629e-01 8.101e+04
2.373e-06 1.245e+04
1.415e-01 8.169e+04
1.555e-01 8.169e+04
1.871e-01 8.098e+04
1.938e-01 8.084e+04
