1.080e-01 6.224e+04
1.000e-01 6.490e+04
6.041e-02 1.684e+05
1.090e-01 6.147e+04
6.445e-02 1.481e+05
6.985e-02 1.223e+05
6.016e-02 1.689e+05
6.839e-02 1.358e+05
5.992e-02 1.718e+05
1.054e-01 6.454e+04
9.221e-02 7.980e+04
1.019e-01 6.616e+04
6.787e-02 1.368e+05
6.437e-02 1.499e+05
9.068e-02 7.819e+04
5.975e-02 1.686e+05
1.059e-01 6.417e+04
7.585e-02 1.026e+05
6.151e-02 1.611e+05
6.298e-02 1.534e+05
6.366e-02 1.561e+05
8.976e-02 7.911e+04
6.226e-02 1.578e+05
5.957e-02 1.739e+05
9.894e-02 6.327e+04
1.021e-01 6.614e+04
6.441e-02 1.460e+05
1.018e-01 6.465e+04
6.104e-02 1.659e+05
9.073e-02 8.221e+04
8.212e-02 9.752e+04
6.097e-02 1.642e+05
6.849e-02 1.256e+05
6.641e-02 1.338e+05
1.006e-01 6.667e+04
6.034e-02 1.676e+05
7.098e-02 1.264e+05
7.726e-02 1.017e+05
7.225e-02 1.159e+05
6.884e-02 1.293e+05
6.233e-02 1.594e+05
7.153e-02 1.217e+05
6.099e-02 1.629e+05
6.141e-02 1.655e+05
7.707e-02 9.999e+04
9.906e-02 6.504e+04
9.876e-02 6.861e+04
6.039e-02 1.689e+05
7.597e-02 1.011e+05
1.008e-01 6.400e+04
6.097e-02 1.646e+05
1.081e-01 6.247e+04
1.033e-01 6.298e+04
9.771e-02 6.922e+04
6.757e-02 1.337e+05
7.858e-02 9.726e+04
5.959e-02 1.725e+05
6.138e-02 1.618e+05
6.173e-02 1.592e+05
6.287e-02 1.576e+05
1.006e-01 6.317e+04
6.037e-02 1.692e+05
6.189e-02 1.626e+05
6.533e-02 1.459e+05
7.849e-02 1.028e+05
6.040e-02 1.678e+05
6.049e-02 1.689e+05
1.051e-01 6.269e+04
6.977e-02 1.259e+05
6.031e-02 1.652e+05
5.889e-02 1.776e+05
7.517e-02 1.042e+05
6.391e-02 1.508e+05
6.103e-02 1.629e+05
6.361e-02 1.465e+05
6.042e-02 1.658e+05
7.151e-02 1.252e+05
7.135e-02 1.189e+05
6.134e-02 1.643e+05
6.029e-02 1.684e+05
6.098e-02 1.646e+05
9.143e-02 8.037e+04
6.135e-02 1.623e+05
6.519e-02 1.465e+05
6.722e-02 1.303e+05
8.245e-02 9.476e+04
1.090e-01 6.211e+04
6.053e-02 1.673e+05
5.958e-02 1.749e+05
9.508e-02 6.816e+04
6.300e-02 1.569e+05
6.186e-02 1.598e+05
6.107e-02 1.661e+05
9.867e-02 6.705e+04
9.017e-02 7.576e+04
6.113e-02 1.649e+05
8.081e-02 9.614e+04
6.127e-02 1.665e+05
8.608e-02 8.915e+04
8.603e-02 9.213e+04
5.996e-02 1.693e+05
9.532e-02 6.956e+04
1.010e-01 6.441e+04
9.830e-02 6.408e+04
5.944e-02 1.737e+05
6.130e-02 1.640e+05
7.704e-02 1.038e+05
5.940e-02 1.742e+05
1.041e-01 6.268e+04
6.683e-02 1.356e+05
5.931e-02 1.750e+05
6.586e-02 1.360e+05
6.056e-02 1.689e+05
6.182e-02 1.625e+05
6.201e-02 1.601e+05
1.002e-01 6.252e+04
9.218e-02 7.988e+04
6.031e-02 1.686e+05
9.006e-02 6.910e+04
9.810e-02 6.531e+04
6.613e-02 1.340e+05
6.031e-02 1.676e+05
6.240e-02 1.568e+05
6.961e-02 1.289e+05
8.014e-02 9.816e+04
1.003e-01 6.611e+04
6.329e-02 1.548e+05
9.766e-02 6.415e+04
9.611e-02 7.204e+04
8.417e-02 8.487e+04
6.038e-02 1.676e+05
6.183e-02 1.606e+05
6.099e-02 1.662e+05
5.984e-02 1.691e+05
7.398e-02 1.167e+05
7.637e-02 1.041e+05
9.613e-02 6.358e+04
8.344e-02 9.069e+04
1.025e-01 6.483e+04
1.003e-01 6.667e+04
6.040e-02 1.701e+05
6.098e-02 1.643e+05
6.767e-02 1.284e+05
7.095e-02 1.251e+05
6.021e-02 1.683e+05
6.080e-02 1.677e+05
6.240e-02 1.547e+05
6.128e-02 1.623e+05
6.150e-02 1.605e+05
6.141e-02 1.625e+05
6.324e-02 1.514e+05
6.004e-02 1.661e+05
5.861e-02 1.784e+05
6.410e-02 1.501e+05
7.210e-02 1.172e+05
1.048e-01 6.557e+04
6.510e-02 1.460e+05
1.038e-01 6.106e+04
6.039e-02 1.684e+05
6.016e-02 1.667e+05
6.275e-02 1.586e+05
1.016e-01 6.668e+04
9.960e-02 6.352e+04
8.417e-02 8.908e+04
6.948e-02 1.302e+05
5.991e-02 1.720e+05
8.023e-02 9.709e+04
6.000e-02 1.700e+05
6.233e-02 1.579e+05
6.083e-02 1.667e+05
6.010e-02 1.681e+05
6.045e-02 1.676e+05
6.017e-02 1.689e+05
7.246e-02 1.208e+05
6.064e-02 1.676e+05
9.139e-02 7.620e+04
6.049e-02 1.675e+05
9.799e-02 6.644e+04
5.917e-02 1.743e+05
9.777e-02 6.776e+04
6.132e-02 1.646e+05
6.150e-02 1.626e+05
9.087e-02 8.223e+04
1.013e-01 6.376e+04
6.093e-02 1.631e+05
5.919e-02 1.721e+05
9.359e-02 7.404e+04
1.027e-01 6.292e+04
8.761e-02 7.876e+04
7.978e-02 1.007e+05
8.070e-02 9.260e+04
1.017e-01 6.445e+04
6.937e-02 1.249e+05
6.054e-02 1.623e+05
6.108e-02 1.598e+05
7.318e-02 1.164e+05
1.051e-01 6.628e+04
6.002e-02 1.667e+05
6.156e-02 1.603e+05
6.521e-02 1.481e+05
9.832e-02 6.627e+04
8.636e-02 8.378e+04
6.321e-02 1.506e+05
9.065e-02 7.565e+04
8.338e-02 8.931e+04
6.216e-02 1.593e+05
9.266e-02 7.178e+04
8.342e-02 9.055e+04
6.172e-02 1.581e+05
6.050e-02 1.676e+05
6.225e-02 1.603e+05
6.033e-02 1.689e+05
1.009e-01 6.357e+04
6.273e-02 1.534e+05
6.119e-02 1.641e+05
1.029e-01 6.456e+04
5.985e-02 1.718e+05
6.196e-02 1.632e+05
8.406e-02 9.228e+04
6.260e-02 1.580e+05
6.134e-02 1.620e+05
6.372e-02 1.503e+05
9.898e-02 6.241e+04
7.646e-02 1.050e+05
7.614e-02 1.041e+05
9.372e-02 7.236e+04
6.104e-02 1.664e+05
9.006e-02 8.308e+04
7.259e-02 1.229e+05
1.057e-01 6.033e+04
6.433e-02 1.422e+05
5.892e-02 1.763e+05
9.914e-02 6.499e+04
6.925e-02 1.314e+05
9.367e-02 7.648e+04
1.018e-01 6.574e+04
1.006e-01 6.487e+04
9.051e-02 7.847e+04
6.250e-02 1.562e+05
6.027e-02 1.695e+05
6.036e-02 1.686e+05
6.111e-02 1.660e+05
5.985e-02 1.720e+05
6.164e-02 1.609e+05
6.089e-02 1.683e+05
6.784e-02 1.401e+05
1.019e-01 6.433e+04
5.975e-02 1.706e+05
8.658e-02 8.006e+04
7.847e-02 1.060e+05
7.762e-02 9.659e+04
7.024e-02 1.229e+05
1.011e-01 6.322e+04
9.180e-02 7.549e+04
6.094e-02 1.644e+05
5.989e-02 1.679e+05
6.529e-02 1.415e+05
7.109e-02 1.238e+05
5.984e-02 1.691e+05
6.100e-02 1.620e+05
6.144e-02 1.624e+05
9.810e-02 6.162e+04
1.034e-01 6.405e+04
9.962e-02 6.378e+04
6.247e-02 1.603e+05
6.224e-02 1.607e+05
6.136e-02 1.624e+05
6.731e-02 1.382e+05
6.386e-02 1.453e+05
6.159e-02 1.619e+05
8.331e-02 9.003e+04
8.949e-02 7.876e+04
9.433e-02 6.725e+04
5.953e-02 1.703e+05
6.343e-02 1.476e+05
1.017e-01 6.574e+04
6.098e-02 1.664e+05
6.293e-02 1.553e+05
1.023e-01 6.330e+04
8.093e-02 9.931e+04
6.046e-02 1.678e+05
9.928e-02 6.302e+04
6.037e-02 1.686e+05
9.424e-02 7.686e+04
9.917e-02 6.438e+04
9.993e-02 6.655e+04
7.611e-02 1.055e+05
9.010e-02 7.422e+04
1.001e-01 6.134e+04
7.491e-02 1.074e+05
6.064e-02 1.666e+05
1.024e-01 6.448e+04
6.151e-02 1.627e+05
6.025e-02 1.713e+05
6.973e-02 1.288e+05
8.710e-02 8.225e+04
6.586e-02 1.411e+05
1.009e-01 6.869e+04
6.124e-02 1.615e+05
9.981e-02 6.695e+04
9.109e-02 7.500e+04
6.418e-02 1.469e+05
6.306e-02 1.540e+05
9.777e-02 6.643e+04
1.032e-01 6.584e+04
6.014e-02 1.690e+05
6.052e-02 1.703e+05
6.522e-02 1.462e+05
1.048e-01 6.170e+04
5.920e-02 1.766e+05
1.041e-01 6.393e+04
9.104e-02 8.224e+04
7.587e-02 1.036e+05
6.771e-02 1.353e+05
6.179e-02 1.598e+05
9.905e-02 6.337e+04
9.540e-02 6.551e+04
6.170e-02 1.624e+05
9.590e-02 6.506e+04
7.283e-02 1.133e+05
8.575e-02 8.299e+04
7.505e-02 1.095e+05
6.094e-02 1.668e+05
6.100e-02 1.646e+05
7.464e-02 1.102e+05
9.833e-02 6.786e+04
6.694e-02 1.362e+05
7.145e-02 1.182e+05
6.119e-02 1.639e+05
7.811e-02 1.059e+05
8.013e-02 1.039e+05
6.498e-02 1.477e+05
5.990e-02 1.706e+05
6.280e-02 1.580e+05
8.284e-02 8.949e+04
6.211e-02 1.615e+05
6.078e-02 1.681e+05
9.507e-02 6.913e+04
6.187e-02 1.595e+05
5.974e-02 1.687e+05
6.080e-02 1.655e+05
6.018e-02 1.653e+05
6.086e-02 1.644e+05
6.661e-02 1.430e+05
6.512e-02 1.464e+05
9.460e-02 6.861e+04
6.019e-02 1.689e+05
6.112e-02 1.641e+05
5.988e-02 1.737e+05
9.771e-02 6.641e+04
1.003e-01 6.445e+04
9.940e-02 6.563e+04
6.609e-02 1.442e+05
1.006e-01 6.511e+04
6.069e-02 1.662e+05
7.877e-02 9.482e+04
7.349e-02 1.165e+05
1.002e-01 6.534e+04
6.047e-02 1.667e+05
6.149e-02 1.622e+05
6.212e-02 1.583e+05
6.318e-02 1.473e+05
7.465e-02 1.112e+05
8.441e-02 8.854e+04
7.868e-02 1.054e+05
6.207e-02 1.597e+05
6.911e-02 1.293e+05
6.570e-02 1.473e+05
6.105e-02 1.658e+05
9.424e-02 7.517e+04
6.029e-02 1.687e+05
8.415e-02 9.536e+04
7.377e-02 1.146e+05
6.093e-02 1.609e+05
6.197e-02 1.607e+05
9.329e-02 8.025e+04
5.904e-02 1.743e+05
6.041e-02 1.684e+05
6.194e-02 1.597e+05
6.055e-02 1.669e+05
9.423e-02 7.433e+04
6.249e-02 1.571e+05
6.160e-02 1.606e+05
1.003e-01 6.165e+04
9.784e-02 7.057e+04
6.099e-02 1.665e+05
5.985e-02 1.716e+05
7.208e-02 1.245e+05
6.028e-02 1.680e+05
5.930e-02 1.713e+05
5.902e-02 1.756e+05
7.035e-02 1.273e+05
9.523e-02 7.016e+04
6.219e-02 1.586e+05
6.209e-02 1.579e+05
6.970e-02 1.247e+05
7.299e-02 1.121e+05
1.071e-01 6.084e+04
8.513e-02 9.083e+04
6.058e-02 1.658e+05
7.487e-02 1.113e+05
5.958e-02 1.732e+05
5.990e-02 1.682e+05
6.021e-02 1.680e+05
6.369e-02 1.510e+05
6.027e-02 1.683e+05
5.935e-02 1.715e+05
5.932e-02 1.750e+05
5.938e-02 1.722e+05
5.883e-02 1.751e+05
5.898e-02 1.746e+05
6.171e-02 1.560e+05
1.004e-01 6.213e+04
6.547e-02 1.449e+05
6.173e-02 1.610e+05
7.390e-02 1.097e+05
9.478e-02 7.085e+04
1.033e-01 6.327e+04
6.157e-02 1.590e+05
8.465e-02 8.591e+04
6.006e-02 1.674e+05
6.096e-02 1.619e+05
6.085e-02 1.672e+05
5.969e-02 1.724e+05
6.204e-02 1.632e+05
7.744e-02 1.079e+05
6.143e-02 1.652e+05
9.777e-02 6.714e+04
6.247e-02 1.558e+05
9.904e-02 6.687e+04
6.119e-02 1.633e+05
6.203e-02 1.575e+05
1.018e-01 6.476e+04
1.025e-01 6.200e+04
6.060e-02 1.667e+05
1.006e-01 6.384e+04
6.064e-02 1.664e+05
9.649e-02 6.981e+04
6.115e-02 1.633e+05
1.018e-01 6.554e+04
6.342e-02 1.571e+05
5.990e-02 1.698e+05
6.100e-02 1.659e+05
9.692e-02 7.037e+04
7.771e-02 1.100e+05
5.873e-02 1.769e+05
9.882e-02 6.924e+04
6.435e-02 1.474e+05
5.974e-02 1.731e+05
8.028e-02 9.623e+04
9.381e-02 7.606e+04
6.525e-02 1.406e+05
9.151e-02 7.299e+04
6.132e-02 1.616e+05
6.072e-02 1.670e+05
6.076e-02 1.661e+05
6.004e-02 1.687e+05
6.038e-02 1.665e+05
5.981e-02 1.698e+05
9.692e-02 6.938e+04
5.937e-02 1.738e+05
5.983e-02 1.723e+05
8.602e-02 8.882e+04
9.326e-02 7.586e+04
9.184e-02 7.640e+04
1.003e-01 6.607e+04
5.878e-02 1.775e+05
1.017e-01 6.293e+04
1.006e-01 6.324e+04
6.075e-02 1.654e+05
9.715e-02 6.758e+04
6.289e-02 1.580e+05
9.812e-02 6.732e+04
1.061e-01 6.151e+04
6.058e-02 1.661e+05
6.449e-02 1.471e+05
9.989e-02 6.659e+04
6.055e-02 1.670e+05
5.931e-02 1.719e+05
6.169e-02 1.601e+05
9.100e-02 7.691e+04
6.216e-02 1.631e+05
9.644e-02 6.440e+04
8.024e-02 9.479e+04
6.019e-02 1.673e+05
6.126e-02 1.613e+05
1.032e-01 6.191e+04
5.942e-02 1.701e+05
5.890e-02 1.751e+05
6.485e-02 1.492e+05
5.985e-02 1.699e+05
7.857e-02 1.002e+05
6.169e-02 1.601e+05
6.409e-02 1.493e+05
6.839e-02 1.346e+05
5.982e-02 1.720e+05
6.154e-02 1.630e+05
6.304e-02 1.535e+05
8.638e-02 8.860e+04
6.214e-02 1.597e+05
8.921e-02 8.215e+04
1.029e-01 6.244e+04
6.066e-02 1.666e+05
6.032e-02 1.652e+05
9.708e-02 6.961e+04
6.054e-02 1.662e+05
7.350e-02 1.102e+05
1.011e-01 6.389e+04
6.126e-02 1.666e+05
6.326e-02 1.541e+05
6.148e-02 1.600e+05
6.756e-02 1.398e+05
1.003e-01 6.503e+04
6.248e-02 1.512e+05
1.052e-01 6.261e+04
6.224e-02 1.558e+05
6.081e-02 1.666e+05
6.140e-02 1.637e+05
5.965e-02 1.699e+05
7.148e-02 1.258e+05
6.173e-02 1.607e+05
7.212e-02 1.222e+05
7.810e-02 1.060e+05
5.997e-02 1.678e+05
6.109e-02 1.672e+05
6.172e-02 1.629e+05
6.925e-02 1.258e+05
7.585e-02 1.038e+05
7.778e-02 1.087e+05
6.054e-02 1.670e+05
7.093e-02 1.228e+05
6.132e-02 1.632e+05
7.021e-02 1.262e+05
8.589e-02 8.484e+04
5.958e-02 1.700e+05
6.073e-02 1.656e+05
8.373e-02 8.846e+04
6.512e-02 1.447e+05
6.061e-02 1.685e+05
6.188e-02 1.615e+05
6.306e-02 1.529e+05
9.986e-02 6.286e+04
9.307e-02 7.528e+04
5.893e-02 1.752e+05
7.712e-02 1.063e+05
6.108e-02 1.636e+05
9.348e-02 6.449e+04
5.960e-02 1.726e+05
1.006e-01 6.271e+04
6.211e-02 1.605e+05
9.724e-02 6.647e+04
6.662e-02 1.378e+05
6.985e-02 1.298e+05
6.018e-02 1.686e+05
7.896e-02 1.060e+05
6.202e-02 1.586e+05
5.914e-02 1.739e+05
9.255e-02 7.757e+04
8.167e-02 9.486e+04
6.291e-02 1.556e+05
6.085e-02 1.668e+05
5.959e-02 1.732e+05
7.700e-02 1.071e+05
8.929e-02 8.078e+04
6.629e-02 1.452e+05
6.040e-02 1.674e+05
7.204e-02 1.140e+05
6.238e-02 1.559e+05
1.003e-01 6.575e+04
6.974e-02 1.207e+05
5.924e-02 1.735e+05
5.924e-02 1.742e+05
5.927e-02 1.757e+05
8.432e-02 8.869e+04
6.155e-02 1.623e+05
6.227e-02 1.585e+05
9.621e-02 6.126e+04
8.234e-02 9.358e+04
9.959e-02 6.644e+04
6.792e-02 1.286e+05
6.523e-02 1.461e+05
1.045e-01 5.862e+04
1.017e-01 6.305e+04
8.985e-02 8.225e+04
6.367e-02 1.488e+05
6.030e-02 1.705e+05
6.059e-02 1.680e+05
8.432e-02 9.271e+04
6.174e-02 1.601e+05
9.973e-02 6.450e+04
9.643e-02 6.794e+04
1.026e-01 6.137e+04
6.102e-02 1.622e+05
5.970e-02 1.724e+05
6.208e-02 1.593e+05
7.306e-02 1.162e+05
6.372e-02 1.508e+05
7.067e-02 1.256e+05
8.764e-02 7.915e+04
5.973e-02 1.736e+05
6.062e-02 1.654e+05
9.386e-02 7.187e+04
5.929e-02 1.747e+05
6.241e-02 1.548e+05
7.338e-02 1.129e+05
6.069e-02 1.659e+05
6.067e-02 1.677e+05
9.689e-02 7.169e+04
9.932e-02 6.457e+04
8.836e-02 8.665e+04
1.017e-01 6.376e+04
5.928e-02 1.729e+05
8.053e-02 1.001e+05
6.056e-02 1.679e+05
9.645e-02 6.543e+04
8.319e-02 8.796e+04
6.418e-02 1.418e+05
6.625e-02 1.449e+05
6.030e-02 1.677e+05
6.057e-02 1.672e+05
6.050e-02 1.696e+05
6.323e-02 1.576e+05
6.024e-02 1.686e+05
1.057e-01 6.191e+04
6.683e-02 1.340e+05
5.912e-02 1.745e+05
6.092e-02 1.678e+05
7.582e-02 1.075e+05
6.117e-02 1.625e+05
9.138e-02 7.575e+04
6.072e-02 1.620e+05
6.099e-02 1.627e+05
7.205e-02 1.174e+05
6.169e-02 1.629e+05
6.304e-02 1.556e+05
7.539e-02 1.095e+05
7.535e-02 1.072e+05
7.844e-02 1.002e+05
6.034e-02 1.684e+05
7.764e-02 1.081e+05
6.115e-02 1.625e+05
6.061e-02 1.682e+05
7.272e-02 1.203e+05
1.042e-01 6.491e+04
7.394e-02 1.136e+05
5.935e-02 1.756e+05
5.958e-02 1.748e+05
6.041e-02 1.681e+05
5.987e-02 1.712e+05
6.200e-02 1.605e+05
6.056e-02 1.671e+05
8.290e-02 9.198e+04
6.053e-02 1.675e+05
9.901e-02 6.966e+04
1.050e-01 5.895e+04
9.981e-02 6.480e+04
5.944e-02 1.736e+05
6.618e-02 1.359e+05
1.015e-01 6.398e+04
6.777e-02 1.288e+05
9.876e-02 6.545e+04
6.116e-02 1.615e+05
9.218e-02 7.370e+04
6.995e-02 1.270e+05
6.799e-02 1.346e+05
6.132e-02 1.618e+05
9.916e-02 6.457e+04
6.037e-02 1.676e+05
5.902e-02 1.763e+05
6.225e-02 1.591e+05
6.190e-02 1.603e+05
6.393e-02 1.510e+05
6.088e-02 1.636e+05
6.672e-02 1.426e+05
1.032e-01 6.154e+04
7.449e-02 1.174e+05
6.013e-02 1.702e+05
1.044e-01 6.200e+04
8.058e-02 9.198e+04
6.215e-02 1.558e+05
7.022e-02 1.257e+05
6.122e-02 1.608e+05
6.937e-02 1.328e+05
6.041e-02 1.685e+05
5.941e-02 1.749e+05
5.906e-02 1.745e+05
7.978e-02 9.803e+04
9.848e-02 6.233e+04
6.193e-02 1.575e+05
9.524e-02 6.811e+04
1.020e-01 6.313e+04
1.030e-01 6.438e+04
6.507e-02 1.427e+05
5.942e-02 1.747e+05
6.171e-02 1.629e+05
6.074e-02 1.670e+05
6.176e-02 1.639e+05
6.004e-02 1.684e+05
6.018e-02 1.694e+05
6.898e-02 1.339e+05
7.002e-02 1.296e+05
8.022e-02 9.879e+04
6.232e-02 1.576e+05
1.019e-01 6.234e+04
7.057e-02 1.224e+05
6.102e-02 1.650e+05
6.087e-02 1.670e+05
1.052e-01 6.412e+04
5.980e-02 1.696e+05
6.068e-02 1.641e+05
6.082e-02 1.693e+05
6.063e-02 1.664e+05
9.214e-02 7.732e+04
6.350e-02 1.500e+05
8.872e-02 8.178e+04
9.875e-02 7.162e+04
9.735e-02 6.400e+04
6.371e-02 1.451e+05
5.883e-02 1.771e+05
6.036e-02 1.676e+05
5.895e-02 1.777e+05
6.226e-02 1.567e+05
6.497e-02 1.423e+05
6.062e-02 1.649e+05
8.557e-02 8.504e+04
6.073e-02 1.688e+05
1.012e-01 6.009e+04
6.599e-02 1.381e+05
6.278e-02 1.560e+05
6.606e-02 1.356e+05
9.455e-02 7.088e+04
7.914e-02 1.047e+05
6.297e-02 1.559e+05
7.656e-02 1.082e+05
6.036e-02 1.643e+05
6.151e-02 1.614e+05
6.311e-02 1.496e+05
6.117e-02 1.664e+05
6.133e-02 1.622e+05
8.877e-02 7.743e+04
1.004e-01 6.429e+04
6.147e-02 1.632e+05
6.063e-02 1.633e+05
6.066e-02 1.659e+05
6.088e-02 1.657e+05
5.911e-02 1.748e+05
9.743e-02 6.474e+04
7.584e-02 1.077e+05
6.047e-02 1.665e+05
6.010e-02 1.705e+05
6.044e-02 1.705e+05
5.993e-02 1.688e+05
7.153e-02 1.222e+05
6.094e-02 1.671e+05
7.287e-02 1.201e+05
9.058e-02 7.581e+04
9.560e-02 6.769e+04
6.194e-02 1.589e+05
6.254e-02 1.593e+05
8.061e-02 9.422e+04
6.355e-02 1.510e+05
6.039e-02 1.665e+05
6.729e-02 1.313e+05
6.017e-02 1.670e+05
9.790e-02 6.538e+04
6.145e-02 1.623e+05
5.894e-02 1.766e+05
6.229e-02 1.620e+05
6.017e-02 1.719e+05
6.190e-02 1.628e+05
9.758e-02 6.670e+04
6.154e-02 1.618e+05
6.102e-02 1.670e+05
8.406e-02 9.016e+04
6.127e-02 1.623e+05
9.490e-02 7.303e+04
6.055e-02 1.681e+05
6.910e-02 1.296e+05
1.009e-01 6.179e+04
6.026e-02 1.689e+05
6.627e-02 1.435e+05
6.085e-02 1.644e+05
8.136e-02 8.936e+04
9.764e-02 7.176e+04
6.182e-02 1.628e+05
7.372e-02 1.116e+05
9.613e-02 7.195e+04
5.982e-02 1.718e+05
6.201e-02 1.601e+05
6.004e-02 1.699e+05
5.947e-02 1.749e+05
6.347e-02 1.545e+05
6.059e-02 1.684e+05
6.017e-02 1.665e+05
6.012e-02 1.720e+05
8.294e-02 9.699e+04
8.112e-02 9.750e+04
7.734e-02 1.055e+05
9.122e-02 6.967e+04
9.482e-02 7.264e+04
7.195e-02 1.203e+05
6.155e-02 1.631e+05
6.119e-02 1.640e+05
6.270e-02 1.553e+05
6.084e-02 1.670e+05
9.057e-02 7.514e+04
5.929e-02 1.739e+05
6.400e-02 1.485e+05
1.009e-01 6.541e+04
9.981e-02 6.359e+04
8.844e-02 7.887e+04
6.097e-02 1.640e+05
1.006e-01 6.432e+04
6.061e-02 1.651e+05
6.096e-02 1.629e+05
9.017e-02 8.271e+04
5.957e-02 1.746e+05
6.076e-02 1.665e+05
8.524e-02 8.495e+04
7.447e-02 1.078e+05
6.066e-02 1.667e+05
6.078e-02 1.667e+05
7.614e-02 1.032e+05
7.850e-02 1.028e+05
6.593e-02 1.411e+05
6.165e-02 1.634e+05
9.451e-02 7.268e+04
6.017e-02 1.705e+05
5.896e-02 1.760e+05
6.081e-02 1.633e+05
7.311e-02 1.160e+05
6.144e-02 1.622e+05
9.036e-02 7.564e+04
5.923e-02 1.740e+05
1.043e-01 6.457e+04
8.670e-02 8.527e+04
6.235e-02 1.613e+05
1.028e-01 6.378e+04
9.573e-02 6.986e+04
6.033e-02 1.702e+05
1.008e-01 6.270e+04
6.061e-02 1.675e+05
6.047e-02 1.683e+05
6.121e-02 1.661e+05
5.899e-02 1.756e+05
6.202e-02 1.600e+05
7.017e-02 1.271e+05
5.970e-02 1.713e+05
1.016e-01 6.371e+04
7.077e-02 1.231e+05
5.900e-02 1.741e+05
6.031e-02 1.713e+05
7.167e-02 1.224e+05
9.934e-02 6.641e+04
6.294e-02 1.544e+05
8.687e-02 8.842e+04
6.191e-02 1.607e+05
9.469e-02 6.525e+04
5.927e-02 1.738e+05
6.831e-02 1.370e+05
6.091e-02 1.652e+05
6.034e-02 1.677e+05
6.173e-02 1.610e+05
6.022e-02 1.680e+05
6.139e-02 1.627e+05
7.876e-02 9.894e+04
6.130e-02 1.628e+05
7.707e-02 1.031e+05
9.970e-02 6.810e+04
6.052e-02 1.665e+05
5.971e-02 1.732e+05
7.443e-02 1.165e+05
6.090e-02 1.647e+05
6.273e-02 1.575e+05
1.007e-01 6.263e+04
7.191e-02 1.195e+05
6.151e-02 1.627e+05
8.076e-02 9.753e+04
6.121e-02 1.637e+05
6.017e-02 1.707e+05
1.023e-01 6.087e+04
6.017e-02 1.716e+05
6.015e-02 1.690e+05
5.957e-02 1.695e+05
6.311e-02 1.539e+05
1.026e-01 6.240e+04
6.085e-02 1.664e+05
6.856e-02 1.321e+05
6.014e-02 1.719e+05
6.092e-02 1.645e+05
8.438e-02 8.952e+04
6.133e-02 1.595e+05
6.985e-02 1.299e+05
6.082e-02 1.662e+05
6.416e-02 1.475e+05
7.226e-02 1.180e+05
9.544e-02 7.235e+04
6.086e-02 1.677e+05
6.060e-02 1.649e+05
6.241e-02 1.595e+05
7.281e-02 1.182e+05
6.350e-02 1.538e+05
1.042e-01 6.545e+04
7.682e-02 1.109e+05
6.164e-02 1.601e+05
7.521e-02 1.120e+05
6.094e-02 1.660e+05
6.202e-02 1.630e+05
7.458e-02 1.160e+05
9.680e-02 6.389e+04
6.048e-02 1.636e+05
6.250e-02 1.614e+05
6.176e-02 1.599e+05
6.355e-02 1.524e+05
9.951e-02 6.600e+04
6.090e-02 1.665e+05
6.039e-02 1.667e+05
6.048e-02 1.684e+05
6.043e-02 1.697e+05
6.019e-02 1.694e+05
6.422e-02 1.509e+05
6.136e-02 1.644e+05
5.967e-02 1.724e+05
1.051e-01 6.367e+04
5.856e-02 1.776e+05
6.065e-02 1.641e+05
1.049e-01 6.324e+04
1.015e-01 6.178e+04
6.669e-02 1.385e+05
6.161e-02 1.633e+05
6.132e-02 1.629e+05
7.558e-02 1.101e+05
1.017e-01 6.202e+04
6.147e-02 1.610e+05
6.123e-02 1.624e+05
5.957e-02 1.699e+05
6.333e-02 1.519e+05
6.337e-02 1.516e+05
6.087e-02 1.663e+05
8.106e-02 9.678e+04
6.027e-02 1.715e+05
6.205e-02 1.569e+05
1.028e-01 6.174e+04
1.045e-01 6.056e+04
5.967e-02 1.711e+05
5.941e-02 1.710e+05
5.900e-02 1.748e+05
8.374e-02 8.813e+04
8.729e-02 8.901e+04
6.186e-02 1.641e+05
6.287e-02 1.574e+05
6.127e-02 1.619e+05
7.274e-02 1.239e+05
6.343e-02 1.514e+05
6.684e-02 1.379e+05
1.052e-01 6.248e+04
8.334e-02 8.619e+04
6.113e-02 1.593e+05
6.223e-02 1.575e+05
7.617e-02 1.054e+05
6.049e-02 1.663e+05
6.587e-02 1.412e+05
6.218e-02 1.567e+05
5.960e-02 1.750e+05
6.373e-02 1.472e+05
6.176e-02 1.565e+05
8.047e-02 1.005e+05
7.562e-02 1.051e+05
6.250e-02 1.596e+05
6.086e-02 1.689e+05
6.738e-02 1.398e+05
9.087e-02 7.867e+04
6.122e-02 1.651e+05
6.112e-02 1.626e+05
6.015e-02 1.719e+05
9.469e-02 7.132e+04
6.248e-02 1.572e+05
6.464e-02 1.469e+05
9.465e-02 7.294e+04
1.015e-01 6.501e+04
6.215e-02 1.597e+05
6.165e-02 1.609e+05
6.105e-02 1.643e+05
9.972e-02 6.763e+04
1.031e-01 6.153e+04
9.809e-02 6.281e+04
6.005e-02 1.721e+05
6.330e-02 1.530e+05
8.007e-02 1.046e+05
7.489e-02 1.170e+05
1.010e-01 6.449e+04
7.358e-02 1.184e+05
7.105e-02 1.160e+05
1.018e-01 6.371e+04
8.269e-02 9.863e+04
6.058e-02 1.695e+05
9.881e-02 6.290e+04
8.172e-02 8.995e+04
6.034e-02 1.668e+05
6.004e-02 1.684e+05
6.155e-02 1.638e+05
6.087e-02 1.663e+05
6.185e-02 1.587e+05
9.763e-02 6.827e+04
1.023e-01 6.157e+04
7.255e-02 1.164e+05
6.142e-02 1.600e+05
6.015e-02 1.677e+05
6.032e-02 1.670e+05
6.180e-02 1.551e+05
1.000e-01 6.909e+04
1.017e-01 6.589e+04
1.011e-01 6.407e+04
6.084e-02 1.667e+05
7.797e-02 1.021e+05
6.021e-02 1.668e+05
6.172e-02 1.610e+05
7.178e-02 1.142e+05
6.119e-02 1.622e+05
6.132e-02 1.654e+05
8.985e-02 8.071e+04
6.074e-02 1.663e+05
9.113e-02 7.517e+04
6.240e-02 1.598e+05
6.107e-02 1.672e+05
7.358e-02 1.209e+05
6.139e-02 1.647e+05
6.412e-02 1.527e+05
7.752e-02 1.035e+05
8.500e-02 9.058e+04
9.768e-02 7.096e+04
9.700e-02 7.323e+04
7.532e-02 1.097e+05
6.116e-02 1.645e+05
6.116e-02 1.607e+05
6.053e-02 1.661e+05
6.946e-02 1.299e+05
6.045e-02 1.684e+05
9.991e-02 6.222e+04
5.883e-02 1.768e+05
6.163e-02 1.600e+05
1.010e-01 6.407e+04
6.128e-02 1.640e+05
6.036e-02 1.685e+05
6.002e-02 1.724e+05
5.954e-02 1.698e+05
8.516e-02 8.821e+04
6.035e-02 1.692e+05
8.010e-02 9.161e+04
8.261e-02 8.949e+04
1.034e-01 6.393e+04
7.845e-02 1.025e+05
6.641e-02 1.423e+05
7.270e-02 1.177e+05
7.873e-02 1.033e+05
6.647e-02 1.389e+05
8.748e-02 7.966e+04
7.579e-02 1.135e+05
1.035e-01 6.068e+04
6.063e-02 1.672e+05
6.090e-02 1.654e+05
7.524e-02 1.118e+05
6.208e-02 1.574e+05
1.011e-01 6.547e+04
6.328e-02 1.524e+05
9.499e-02 6.933e+04
9.932e-02 6.757e+04
6.098e-02 1.614e+05
8.694e-02 8.667e+04
5.971e-02 1.690e+05
6.555e-02 1.447e+05
6.021e-02 1.677e+05
6.253e-02 1.557e+05
7.351e-02 1.164e+05
8.981e-02 7.763e+04
5.977e-02 1.690e+05
8.323e-02 8.959e+04
9.904e-02 6.684e+04
5.952e-02 1.723e+05
6.199e-02 1.599e+05
6.081e-02 1.670e+05
6.046e-02 1.667e+05
1.044e-01 6.174e+04
6.095e-02 1.632e+05
7.720e-02 1.090e+05
9.163e-02 7.045e+04
6.066e-02 1.668e+05
6.118e-02 1.625e+05
5.951e-02 1.712e+05
1.007e-01 6.591e+04
1.013e-01 6.410e+04
7.696e-02 1.019e+05
6.655e-02 1.359e+05
6.460e-02 1.472e+05
6.991e-02 1.256e+05
1.046e-01 6.184e+04
6.177e-02 1.602e+05
7.496e-02 1.154e+05
6.115e-02 1.651e+05
1.025e-01 6.683e+04
1.032e-01 6.061e+04
8.132e-02 8.969e+04
6.625e-02 1.423e+05
6.376e-02 1.472e+05
6.131e-02 1.637e+05
1.062e-01 6.372e+04
7.307e-02 1.138e+05
8.521e-02 9.169e+04
6.126e-02 1.642e+05
5.963e-02 1.738e+05
5.985e-02 1.708e+05
6.137e-02 1.603e+05
6.535e-02 1.454e+05
6.067e-02 1.672e+05
8.198e-02 9.454e+04
6.220e-02 1.582e+05
5.918e-02 1.758e+05
9.546e-02 6.607e+04
6.011e-02 1.683e+05
7.932e-02 9.528e+04
6.160e-02 1.627e+05
6.294e-02 1.573e+05
9.936e-02 6.937e+04
8.653e-02 8.617e+04
6.022e-02 1.706e+05
8.719e-02 8.293e+04
6.185e-02 1.611e+05
6.064e-02 1.658e+05
9.861e-02 6.514e+04
6.342e-02 1.509e+05
8.629e-02 8.194e+04
7.476e-02 1.086e+05
6.456e-02 1.471e+05
7.533e-02 1.108e+05
6.082e-02 1.652e+05
6.083e-02 1.654e+05
6.261e-02 1.610e+05
6.190e-02 1.602e+05
6.966e-02 1.284e+05
6.008e-02 1.692e+05
5.983e-02 1.692e+05
6.067e-02 1.668e+05
8.196e-02 9.324e+04
7.290e-02 1.134e+05
6.786e-02 1.333e+05
1.011e-01 6.285e+04
9.760e-02 6.501e+04
5.899e-02 1.743e+05
6.333e-02 1.516e+05
7.426e-02 1.138e+05
7.019e-02 1.249e+05
7.865e-02 1.029e+05
6.338e-02 1.557e+05
6.227e-02 1.587e+05
6.287e-02 1.561e+05
1.043e-01 6.346e+04
6.688e-02 1.378e+05
9.512e-02 7.276e+04
6.236e-02 1.554e+05
6.093e-02 1.626e+05
6.169e-02 1.634e+05
8.448e-02 9.087e+04
8.162e-02 9.405e+04
6.849e-02 1.294e+05
9.558e-02 6.654e+04
9.915e-02 6.477e+04
6.111e-02 1.621e+05
6.178e-02 1.609e+05
6.017e-02 1.681e+05
6.022e-02 1.667e+05
5.979e-02 1.700e+05
1.033e-01 6.369e+04
5.903e-02 1.765e+05
6.147e-02 1.611e+05
5.999e-02 1.728e+05
7.156e-02 1.137e+05
6.823e-02 1.280e+05
6.664e-02 1.395e+05
6.087e-02 1.650e+05
6.071e-02 1.642e+05
1.036e-01 6.318e+04
6.186e-02 1.631e+05
1.011e-01 6.370e+04
7.410e-02 1.164e+05
8.905e-02 7.851e+04
7.491e-02 1.166e+05
6.819e-02 1.288e+05
6.148e-02 1.643e+05
6.112e-02 1.636e+05
5.933e-02 1.751e+05
7.237e-02 1.184e+05
6.157e-02 1.620e+05
6.115e-02 1.658e+05
6.066e-02 1.677e+05
6.090e-02 1.660e+05
6.053e-02 1.679e+05
9.162e-02 7.739e+04
6.250e-02 1.590e+05
6.059e-02 1.677e+05
5.978e-02 1.713e+05
6.075e-02 1.663e+05
1.030e-01 6.237e+04
8.421e-02 9.451e+04
1.003e-01 6.305e+04
6.464e-02 1.440e+05
6.219e-02 1.579e+05
8.851e-02 7.889e+04
6.070e-02 1.662e+05
6.026e-02 1.685e+05
9.472e-02 6.830e+04
6.251e-02 1.570e+05
8.782e-02 8.466e+04
7.555e-02 1.107e+05
1.013e-01 6.237e+04
6.113e-02 1.621e+05
7.983e-02 1.004e+05
7.220e-02 1.235e+05
6.687e-02 1.341e+05
6.083e-02 1.675e+05
6.243e-02 1.537e+05
6.380e-02 1.449e+05
6.099e-02 1.635e+05
1.007e-01 6.235e+04
5.931e-02 1.757e+05
6.545e-02 1.459e+05
5.970e-02 1.711e+05
7.296e-02 1.077e+05
6.075e-02 1.662e+05
9.340e-02 6.810e+04
9.462e-02 7.453e+04
6.606e-02 1.455e+05
8.555e-02 8.902e+04
6.367e-02 1.527e+05
1.009e-01 5.966e+04
6.734e-02 1.386e+05
1.073e-01 5.954e+04
1.012e-01 6.219e+04
6.106e-02 1.650e+05
7.115e-02 1.239e+05
1.042e-01 6.078e+04
6.060e-02 1.670e+05
6.086e-02 1.681e+05
5.907e-02 1.756e+05
6.018e-02 1.723e+05
1.027e-01 6.222e+04
8.388e-02 9.041e+04
7.254e-02 1.164e+05
6.219e-02 1.626e+05
6.099e-02 1.661e+05
8.366e-02 9.371e+04
8.437e-02 9.140e+04
6.392e-02 1.530e+05
9.122e-02 7.361e+04
6.156e-02 1.609e+05
5.929e-02 1.731e+05
1.039e-01 6.400e+04
6.173e-02 1.581e+05
8.600e-02 8.859e+04
1.019e-01 6.388e+04
6.061e-02 1.637e+05
8.849e-02 8.441e+04
6.070e-02 1.667e+05
6.075e-02 1.673e+05
6.691e-02 1.412e+05
6.106e-02 1.663e+05
9.970e-02 6.599e+04
6.529e-02 1.404e+05
6.833e-02 1.256e+05
6.643e-02 1.400e+05
6.171e-02 1.611e+05
1.009e-01 6.455e+04
7.371e-02 1.086e+05
5.855e-02 1.782e+05
6.116e-02 1.664e+05
9.421e-02 6.999e+04
6.382e-02 1.544e+05
5.985e-02 1.696e+05
6.316e-02 1.552e+05
6.160e-02 1.612e+05
8.629e-02 8.611e+04
1.018e-01 6.499e+04
5.961e-02 1.700e+05
1.000e-01 6.266e+04
6.300e-02 1.557e+05
7.949e-02 1.039e+05
6.649e-02 1.367e+05
7.443e-02 1.148e+05
6.308e-02 1.505e+05
9.309e-02 7.352e+04
6.597e-02 1.415e+05
7.121e-02 1.155e+05
6.756e-02 1.407e+05
7.419e-02 1.199e+05
6.078e-02 1.690e+05
8.352e-02 9.258e+04
5.944e-02 1.705e+05
6.701e-02 1.301e+05
6.013e-02 1.712e+05
6.025e-02 1.713e+05
6.015e-02 1.673e+05
7.888e-02 1.017e+05
6.047e-02 1.672e+05
6.954e-02 1.202e+05
6.050e-02 1.641e+05
6.040e-02 1.705e+05
7.522e-02 1.146e+05
9.607e-02 6.746e+04
8.086e-02 1.011e+05
1.066e-01 5.953e+04
6.471e-02 1.421e+05
6.088e-02 1.641e+05
6.261e-02 1.569e+05
6.235e-02 1.623e+05
6.012e-02 1.681e+05
6.084e-02 1.670e+05
6.479e-02 1.434e+05
9.952e-02 6.385e+04
6.959e-02 1.222e+05
5.916e-02 1.733e+05
6.221e-02 1.629e+05
5.981e-02 1.689e+05
6.145e-02 1.632e+05
8.025e-02 9.368e+04
6.099e-02 1.653e+05
7.399e-02 1.132e+05
1.038e-01 5.906e+04
9.764e-02 6.598e+04
5.917e-02 1.741e+05
6.567e-02 1.465e+05
9.463e-02 7.805e+04
5.931e-02 1.719e+05
6.305e-02 1.557e+05
6.115e-02 1.637e+05
5.918e-02 1.731e+05
6.074e-02 1.629e+05
7.823e-02 9.756e+04
6.138e-02 1.637e+05
9.688e-02 6.467e+04
6.086e-02 1.658e+05
5.935e-02 1.714e+05
5.902e-02 1.751e+05
6.214e-02 1.587e+05
9.751e-02 6.571e+04
6.833e-02 1.321e+05
6.778e-02 1.386e+05
1.059e-01 6.468e+04
1.050e-01 6.039e+04
6.278e-02 1.582e+05
6.338e-02 1.452e+05
1.056e-01 6.227e+04
6.132e-02 1.640e+05
9.648e-02 6.510e+04
6.497e-02 1.446e+05
6.159e-02 1.613e+05
1.037e-01 6.178e+04
1.057e-01 6.233e+04
7.885e-02 9.940e+04
6.659e-02 1.402e+05
6.859e-02 1.328e+05
1.072e-01 5.938e+04
6.034e-02 1.684e+05
5.943e-02 1.716e+05
1.028e-01 6.301e+04
6.324e-02 1.538e+05
6.349e-02 1.515e+05
6.044e-02 1.689e+05
8.273e-02 8.806e+04
5.924e-02 1.751e+05
6.026e-02 1.678e+05
6.566e-02 1.401e+05
8.844e-02 8.089e+04
6.044e-02 1.685e+05
1.063e-01 6.347e+04
6.133e-02 1.642e+05
9.694e-02 7.297e+04
1.026e-01 6.177e+04
5.873e-02 1.778e+05
7.956e-02 9.964e+04
8.367e-02 9.505e+04
6.051e-02 1.666e+05
6.606e-02 1.406e+05
7.755e-02 9.991e+04
6.061e-02 1.643e+05
6.012e-02 1.692e+05
6.194e-02 1.600e+05
6.213e-02 1.563e+05
6.368e-02 1.513e+05
6.178e-02 1.633e+05
7.653e-02 1.102e+05
5.985e-02 1.714e+05
7.256e-02 1.242e+05
9.016e-02 7.890e+04
6.037e-02 1.710e+05
7.416e-02 1.136e+05
6.085e-02 1.668e+05
6.163e-02 1.614e+05
1.031e-01 6.377e+04
6.099e-02 1.638e+05
6.043e-02 1.675e+05
6.049e-02 1.633e+05
5.998e-02 1.663e+05
6.162e-02 1.630e+05
6.053e-02 1.666e+05
6.100e-02 1.649e+05
6.027e-02 1.694e+05
8.658e-02 8.842e+04
5.987e-02 1.695e+05
9.942e-02 6.510e+04
6.063e-02 1.659e+05
8.751e-02 8.678e+04
6.050e-02 1.661e+05
9.857e-02 6.538e+04
7.946e-02 9.668e+04
8.203e-02 9.783e+04
9.130e-02 8.021e+04
6.166e-02 1.619e+05
6.067e-02 1.648e+05
7.057e-02 1.218e+05
5.877e-02 1.774e+05
6.067e-02 1.661e+05
6.094e-02 1.630e+05
6.221e-02 1.596e+05
9.525e-02 6.883e+04
6.772e-02 1.336e+05
6.204e-02 1.601e+05
6.351e-02 1.514e+05
6.514e-02 1.377e+05
6.753e-02 1.359e+05
6.024e-02 1.716e+05
1.031e-01 6.176e+04
1.024e-01 6.357e+04
6.336e-02 1.466e+05
6.017e-02 1.715e+05
9.464e-02 7.505e+04
6.430e-02 1.488e+05
6.954e-02 1.253e+05
6.028e-02 1.700e+05
6.044e-02 1.689e+05
6.233e-02 1.591e+05
6.316e-02 1.543e+05
6.346e-02 1.535e+05
6.025e-02 1.702e+05
6.153e-02 1.610e+05
6.160e-02 1.626e+05
1.009e-01 6.807e+04
6.213e-02 1.577e+05
1.035e-01 6.151e+04
5.970e-02 1.690e+05
1.079e-01 6.047e+04
6.215e-02 1.624e+05
9.178e-02 7.845e+04
6.307e-02 1.542e+05
6.426e-02 1.483e+05
5.961e-02 1.686e+05
6.110e-02 1.599e+05
6.121e-02 1.653e+05
7.378e-02 1.150e+05
7.587e-02 1.149e+05
6.269e-02 1.573e+05
6.340e-02 1.527e+05
6.530e-02 1.448e+05
6.943e-02 1.321e+05
9.172e-02 7.178e+04
6.265e-02 1.530e+05
6.067e-02 1.674e+05
5.972e-02 1.720e+05
9.939e-02 6.305e+04
5.952e-02 1.719e+05
8.911e-02 7.636e+04
9.929e-02 6.355e+04
6.143e-02 1.592e+05
5.955e-02 1.735e+05
6.336e-02 1.515e+05
6.101e-02 1.647e+05
6.223e-02 1.596e+05
5.974e-02 1.731e+05
6.168e-02 1.608e+05
7.764e-02 1.071e+05
8.111e-02 9.798e+04
6.367e-02 1.522e+05
1.018e-01 6.651e+04
7.544e-02 1.121e+05
1.009e-01 6.158e+04
6.231e-02 1.593e+05
5.948e-02 1.754e+05
6.175e-02 1.616e+05
7.354e-02 1.211e+05
5.991e-02 1.707e+05
5.940e-02 1.731e+05
1.073e-01 6.129e+04
8.352e-02 9.030e+04
1.063e-01 6.348e+04
6.036e-02 1.682e+05
5.937e-02 1.745e+05
6.482e-02 1.473e+05
1.037e-01 6.347e+04
9.278e-02 7.473e+04
9.050e-02 7.641e+04
5.921e-02 1.748e+05
6.063e-02 1.691e+05
1.074e-01 5.975e+04
5.890e-02 1.766e+05
6.087e-02 1.629e+05
6.958e-02 1.280e+05
7.620e-02 1.125e+05
6.084e-02 1.619e+05
1.036e-01 5.983e+04
5.996e-02 1.701e+05
7.842e-02 1.034e+05
9.917e-02 6.577e+04
9.640e-02 6.975e+04
5.950e-02 1.715e+05
6.148e-02 1.630e+05
6.055e-02 1.653e+05
8.291e-02 8.839e+04
6.304e-02 1.522e+05
6.968e-02 1.296e+05
5.951e-02 1.705e+05
7.413e-02 1.163e+05
9.591e-02 7.356e+04
6.184e-02 1.631e+05
5.916e-02 1.728e+05
9.843e-02 6.191e+04
6.090e-02 1.655e+05
6.496e-02 1.415e+05
6.098e-02 1.656e+05
6.121e-02 1.642e+05
1.009e-01 6.289e+04
9.887e-02 6.237e+04
6.003e-02 1.691e+05
5.986e-02 1.683e+05
8.364e-02 8.911e+04
6.304e-02 1.551e+05
6.101e-02 1.652e+05
6.009e-02 1.689e+05
9.582e-02 6.800e+04
1.113e-01 5.934e+04
6.410e-02 1.449e+05
6.197e-02 1.617e+05
6.231e-02 1.581e+05
6.077e-02 1.664e+05
9.125e-02 8.260e+04
6.217e-02 1.593e+05
6.182e-02 1.603e+05
1.007e-01 6.655e+04
9.794e-02 6.848e+04
6.083e-02 1.673e+05
9.338e-02 7.653e+04
5.909e-02 1.757e+05
6.133e-02 1.645e+05
1.027e-01 6.231e+04
7.279e-02 1.137e+05
7.465e-02 1.108e+05
9.253e-02 7.536e+04
7.818e-02 1.081e+05
7.679e-02 1.081e+05
1.041e-01 6.351e+04
6.038e-02 1.654e+05
6.186e-02 1.612e+05
6.224e-02 1.524e+05
1.024e-01 6.316e+04
9.828e-02 6.678e+04
5.953e-02 1.705e+05
6.061e-02 1.659e+05
6.026e-02 1.694e+05
6.112e-02 1.653e+05
7.355e-02 1.121e+05
5.963e-02 1.716e+05
8.005e-02 9.693e+04
6.518e-02 1.415e+05
6.849e-02 1.355e+05
7.758e-02 1.009e+05
5.960e-02 1.699e+05
1.023e-01 6.206e+04
6.298e-02 1.538e+05
6.056e-02 1.688e+05
6.048e-02 1.701e+05
1.039e-01 6.399e+04
1.022e-01 6.366e+04
9.967e-02 6.804e+04
7.856e-02 9.753e+04
1.057e-01 6.293e+04
8.397e-02 9.084e+04
9.740e-02 6.637e+04
6.030e-02 1.694e+05
6.112e-02 1.652e+05
5.914e-02 1.742e+05
6.046e-02 1.665e+05
6.061e-02 1.668e+05
6.305e-02 1.477e+05
7.327e-02 1.102e+05
6.279e-02 1.555e+05
6.345e-02 1.531e+05
6.315e-02 1.532e+05
7.977e-02 1.030e+05
8.545e-02 8.430e+04
6.409e-02 1.509e+05
1.006e-01 6.385e+04
6.177e-02 1.601e+05
9.862e-02 6.727e+04
6.250e-02 1.546e+05
5.865e-02 1.789e+05
9.904e-02 6.273e+04
6.031e-02 1.676e+05
7.041e-02 1.228e+05
9.136e-02 7.584e+04
6.040e-02 1.674e+05
6.013e-02 1.681e+05
6.606e-02 1.386e+05
6.239e-02 1.582e+05
8.098e-02 9.721e+04
5.952e-02 1.711e+05
6.197e-02 1.550e+05
9.921e-02 6.665e+04
7.186e-02 1.161e+05
6.031e-02 1.688e+05
6.043e-02 1.666e+05
7.175e-02 1.157e+05
6.083e-02 1.664e+05
6.606e-02 1.378e+05
5.945e-02 1.756e+05
9.377e-02 7.795e+04
5.861e-02 1.783e+05
6.071e-02 1.691e+05
6.106e-02 1.613e+05
6.756e-02 1.295e+05
9.366e-02 7.726e+04
9.908e-02 6.561e+04
6.237e-02 1.615e+05
6.602e-02 1.396e+05
6.011e-02 1.724e+05
9.701e-02 6.498e+04
1.009e-01 6.533e+04
9.741e-02 6.623e+04
6.578e-02 1.448e+05
9.983e-02 6.607e+04
6.003e-02 1.696e+05
7.004e-02 1.190e+05
6.348e-02 1.521e+05
1.053e-01 6.471e+04
7.334e-02 1.216e+05
6.022e-02 1.708e+05
7.355e-02 1.163e+05
5.939e-02 1.708e+05
6.214e-02 1.593e+05
6.677e-02 1.354e+05
6.694e-02 1.377e+05
9.540e-02 6.865e+04
7.684e-02 1.001e+05
6.028e-02 1.690e+05
5.912e-02 1.744e+05
7.435e-02 1.146e+05
7.057e-02 1.276e+05
1.018e-01 6.177e+04
6.437e-02 1.409e+05
6.143e-02 1.614e+05
6.087e-02 1.670e+05
5.903e-02 1.738e+05
6.029e-02 1.681e+05
7.943e-02 9.364e+04
1.007e-01 6.442e+04
6.775e-02 1.330e+05
6.810e-02 1.333e+05
6.403e-02 1.518e+05
6.016e-02 1.673e+05
6.164e-02 1.639e+05
5.958e-02 1.691e+05
1.037e-01 6.262e+04
1.031e-01 6.376e+04
6.076e-02 1.656e+05
5.931e-02 1.716e+05
1.024e-01 6.392e+04
6.033e-02 1.680e+05
7.110e-02 1.290e+05
6.166e-02 1.639e+05
8.579e-02 9.151e+04
7.635e-02 1.016e+05
6.029e-02 1.680e+05
7.198e-02 1.139e+05
6.727e-02 1.345e+05
1.007e-01 6.471e+04
9.940e-02 6.340e+04
6.021e-02 1.674e+05
6.145e-02 1.649e+05
7.490e-02 1.136e+05
6.327e-02 1.569e+05
8.688e-02 9.157e+04
8.771e-02 8.253e+04
8.705e-02 8.019e+04
6.576e-02 1.407e+05
6.197e-02 1.585e+05
6.085e-02 1.657e+05
9.392e-02 7.521e+04
6.971e-02 1.281e+05
1.088e-01 6.044e+04
9.190e-02 7.757e+04
6.079e-02 1.650e+05
7.809e-02 1.023e+05
5.995e-02 1.716e+05
6.947e-02 1.307e+05
1.008e-01 6.426e+04
6.241e-02 1.577e+05
6.760e-02 1.306e+05
7.081e-02 1.228e+05
7.063e-02 1.255e+05
8.149e-02 1.001e+05
9.780e-02 6.341e+04
7.866e-02 1.028e+05
6.000e-02 1.728e+05
6.092e-02 1.655e+05
6.602e-02 1.423e+05
9.629e-02 6.673e+04
6.211e-02 1.606e+05
5.986e-02 1.682e+05
9.971e-02 7.139e+04
5.944e-02 1.723e+05
7.391e-02 1.160e+05
6.513e-02 1.386e+05
6.117e-02 1.665e+05
5.952e-02 1.716e+05
6.589e-02 1.416e+05
9.174e-02 7.521e+04
5.980e-02 1.689e+05
7.600e-02 1.030e+05
6.085e-02 1.660e+05
8.453e-02 8.783e+04
6.023e-02 1.678e+05
6.131e-02 1.638e+05
8.889e-02 8.131e+04
8.745e-02 8.558e+04
5.987e-02 1.716e+05
8.797e-02 7.798e+04
7.434e-02 1.132e+05
1.014e-01 6.308e+04
8.964e-02 7.935e+04
8.813e-02 8.076e+04
6.025e-02 1.686e+05
6.079e-02 1.662e+05
6.114e-02 1.632e+05
6.102e-02 1.650e+05
6.082e-02 1.662e+05
9.875e-02 6.488e+04
9.416e-02 7.121e+04
6.268e-02 1.579e+05
9.839e-02 6.904e+04
7.010e-02 1.232e+05
6.032e-02 1.647e+05
8.613e-02 8.869e+04
6.190e-02 1.608e+05
7.415e-02 1.070e+05
6.050e-02 1.641e+05
6.670e-02 1.353e+05
6.424e-02 1.499e+05
7.960e-02 1.007e+05
6.735e-02 1.352e+05
6.221e-02 1.588e+05
6.148e-02 1.623e+05
5.915e-02 1.767e+05
6.075e-02 1.675e+05
7.044e-02 1.167e+05
7.449e-02 1.149e+05
6.083e-02 1.661e+05
6.033e-02 1.690e+05
7.501e-02 1.100e+05
6.873e-02 1.345e+05
1.010e-01 6.301e+04
6.559e-02 1.392e+05
6.168e-02 1.606e+05
6.128e-02 1.645e+05
7.094e-02 1.220e+05
6.078e-02 1.684e+05
6.789e-02 1.384e+05
6.055e-02 1.683e+05
8.580e-02 8.572e+04
7.726e-02 1.073e+05
7.375e-02 1.140e+05
6.147e-02 1.618e+05
8.006e-02 9.995e+04
6.388e-02 1.458e+05
6.121e-02 1.613e+05
6.028e-02 1.699e+05
6.182e-02 1.604e+05
8.971e-02 8.160e+04
9.151e-02 7.799e+04
6.099e-02 1.674e+05
9.725e-02 6.372e+04
6.107e-02 1.649e+05
6.119e-02 1.636e+05
8.372e-02 8.972e+04
1.016e-01 6.307e+04
6.003e-02 1.693e+05
6.024e-02 1.673e+05
8.184e-02 9.307e+04
1.014e-01 6.311e+04
6.241e-02 1.577e+05
6.105e-02 1.644e+05
9.630e-02 6.693e+04
6.175e-02 1.598e+05
1.043e-01 6.100e+04
7.576e-02 1.097e+05
6.030e-02 1.697e+05
1.014e-01 6.226e+04
1.061e-01 6.771e+04
1.029e-01 6.592e+04
1.011e-01 6.240e+04
6.133e-02 1.649e+05
6.102e-02 1.667e+05
6.083e-02 1.647e+05
6.122e-02 1.641e+05
6.194e-02 1.565e+05
5.959e-02 1.747e+05
6.157e-02 1.603e+05
6.559e-02 1.446e+05
6.125e-02 1.642e+05
9.158e-02 6.917e+04
1.056e-01 6.083e+04
9.962e-02 6.597e+04
6.060e-02 1.647e+05
8.227e-02 9.032e+04
7.298e-02 1.176e+05
5.988e-02 1.694e+05
9.087e-02 7.732e+04
5.980e-02 1.708e+05
6.379e-02 1.519e+05
6.314e-02 1.572e+05
9.868e-02 6.957e+04
5.929e-02 1.756e+05
6.827e-02 1.308e+05
5.955e-02 1.747e+05
6.750e-02 1.395e+05
5.868e-02 1.771e+05
6.174e-02 1.621e+05
8.195e-02 9.248e+04
6.497e-02 1.419e+05
9.074e-02 7.313e+04
1.036e-01 6.143e+04
6.159e-02 1.629e+05
5.949e-02 1.707e+05
9.526e-02 7.586e+04
5.911e-02 1.737e+05
9.957e-02 6.765e+04
5.938e-02 1.758e+05
6.864e-02 1.281e+05
9.995e-02 6.364e+04
1.017e-01 6.174e+04
6.194e-02 1.600e+05
7.072e-02 1.222e+05
1.029e-01 6.085e+04
6.695e-02 1.384e+05
7.589e-02 1.080e+05
6.254e-02 1.566e+05
9.240e-02 7.060e+04
6.225e-02 1.536e+05
5.964e-02 1.717e+05
6.090e-02 1.673e+05
6.193e-02 1.592e+05
6.529e-02 1.436e+05
6.017e-02 1.691e+05
5.963e-02 1.709e+05
6.051e-02 1.678e+05
6.319e-02 1.538e+05
6.962e-02 1.319e+05
6.075e-02 1.633e+05
5.981e-02 1.678e+05
1.006e-01 6.214e+04
6.951e-02 1.199e+05
6.088e-02 1.656e+05
5.914e-02 1.730e+05
1.030e-01 6.146e+04
6.030e-02 1.711e+05
6.117e-02 1.626e+05
8.667e-02 8.732e+04
6.399e-02 1.475e+05
6.073e-02 1.666e+05
6.591e-02 1.372e+05
1.010e-01 6.279e+04
9.372e-02 6.927e+04
6.083e-02 1.672e+05
6.128e-02 1.627e+05
6.826e-02 1.341e+05
5.933e-02 1.738e+05
9.864e-02 6.455e+04
9.555e-02 7.150e+04
1.048e-01 5.816e+04
5.999e-02 1.686e+05
6.381e-02 1.482e+05
9.666e-02 6.646e+04
6.142e-02 1.619e+05
6.058e-02 1.675e+05
6.077e-02 1.670e+05
7.981e-02 1.014e+05
7.593e-02 1.050e+05
1.057e-01 6.158e+04
9.740e-02 6.924e+04
1.060e-01 6.095e+04
1.047e-01 6.515e+04
6.960e-02 1.293e+05
9.820e-02 6.783e+04
6.159e-02 1.628e+05
5.880e-02 1.768e+05
6.297e-02 1.545e+05
5.942e-02 1.707e+05
7.982e-02 9.909e+04
6.200e-02 1.598e+05
8.124e-02 9.237e+04
1.017e-01 6.334e+04
6.936e-02 1.336e+05
6.051e-02 1.650e+05
6.054e-02 1.648e+05
6.433e-02 1.476e+05
7.151e-02 1.270e+05
8.937e-02 7.885e+04
6.125e-02 1.628e+05
6.267e-02 1.526e+05
6.991e-02 1.297e+05
6.314e-02 1.554e+05
7.636e-02 1.131e+05
7.325e-02 1.162e+05
9.637e-02 7.298e+04
9.591e-02 6.831e+04
7.316e-02 1.122e+05
6.029e-02 1.687e+05
8.817e-02 8.706e+04
7.185e-02 1.190e+05
8.976e-02 7.859e+04
6.593e-02 1.378e+05
1.045e-01 6.506e+04
8.071e-02 1.034e+05
6.166e-02 1.620e+05
8.961e-02 7.998e+04
5.987e-02 1.740e+05
6.209e-02 1.578e+05
6.324e-02 1.524e+05
6.860e-02 1.242e+05
6.103e-02 1.661e+05
5.988e-02 1.700e+05
6.169e-02 1.612e+05
1.020e-01 6.134e+04
6.083e-02 1.654e+05
6.201e-02 1.589e+05
6.192e-02 1.583e+05
6.064e-02 1.656e+05
6.016e-02 1.719e+05
6.289e-02 1.510e+05
6.163e-02 1.608e+05
6.060e-02 1.627e+05
6.088e-02 1.619e+05
6.044e-02 1.693e+05
7.000e-02 1.267e+05
6.051e-02 1.641e+05
9.060e-02 7.705e+04
6.081e-02 1.674e+05
5.957e-02 1.718e+05
8.830e-02 8.058e+04
1.028e-01 6.171e+04
1.044e-01 6.211e+04
7.656e-02 1.092e+05
1.051e-01 6.080e+04
8.320e-02 8.753e+04
6.162e-02 1.592e+05
9.612e-02 6.628e+04
6.061e-02 1.664e+05
6.414e-02 1.521e+05
6.101e-02 1.625e+05
6.021e-02 1.700e+05
9.715e-02 7.127e+04
1.034e-01 6.581e+04
6.003e-02 1.680e+05
1.001e-01 6.146e+04
5.982e-02 1.694e+05
6.051e-02 1.665e+05
6.068e-02 1.656e+05
9.008e-02 7.523e+04
1.003e-01 6.462e+04
7.318e-02 1.170e+05
7.114e-02 1.227e+05
6.503e-02 1.449e+05
6.658e-02 1.360e+05
6.059e-02 1.656e+05
5.957e-02 1.711e+05
6.029e-02 1.716e+05
9.497e-02 7.272e+04
6.251e-02 1.567e+05
6.088e-02 1.630e+05
8.417e-02 8.882e+04
9.488e-02 7.372e+04
5.943e-02 1.714e+05
5.976e-02 1.704e+05
6.073e-02 1.664e+05
6.479e-02 1.436e+05
6.155e-02 1.606e+05
6.196e-02 1.624e+05
7.047e-02 1.253e+05
6.110e-02 1.609e+05
6.170e-02 1.631e+05
6.133e-02 1.622e+05
6.191e-02 1.633e+05
6.169e-02 1.636e+05
6.087e-02 1.658e+05
6.149e-02 1.646e+05
9.028e-02 8.153e+04
5.911e-02 1.751e+05
8.866e-02 8.141e+04
6.082e-02 1.664e+05
6.249e-02 1.556e+05
6.602e-02 1.422e+05
5.935e-02 1.710e+05
6.268e-02 1.559e+05
6.060e-02 1.661e+05
8.366e-02 9.011e+04
9.096e-02 7.423e+04
6.643e-02 1.445e+05
7.701e-02 1.051e+05
9.845e-02 6.615e+04
9.905e-02 6.664e+04
6.040e-02 1.688e+05
6.223e-02 1.584e+05
8.549e-02 8.088e+04
6.055e-02 1.676e+05
6.071e-02 1.654e+05
6.300e-02 1.565e+05
6.046e-02 1.687e+05
7.133e-02 1.240e+05
9.141e-02 7.682e+04
8.792e-02 7.913e+04
1.100e-01 5.956e+04
6.149e-02 1.624e+05
9.807e-02 6.821e+04
6.071e-02 1.643e+05
6.040e-02 1.702e+05
6.255e-02 1.575e+05
6.152e-02 1.622e+05
9.588e-02 6.679e+04
6.007e-02 1.688e+05
1.013e-01 6.258e+04
1.048e-01 5.997e+04
1.034e-01 6.416e+04
9.754e-02 7.241e+04
6.147e-02 1.639e+05
9.598e-02 7.269e+04
6.563e-02 1.399e+05
6.418e-02 1.470e+05
6.025e-02 1.673e+05
6.243e-02 1.565e+05
7.949e-02 9.323e+04
5.987e-02 1.735e+05
1.014e-01 6.376e+04
6.060e-02 1.651e+05
1.015e-01 6.111e+04
6.008e-02 1.676e+05
5.989e-02 1.703e+05
1.039e-01 6.223e+04
6.361e-02 1.551e+05
9.845e-02 6.866e+04
6.285e-02 1.549e+05
8.343e-02 9.547e+04
6.211e-02 1.622e+05
6.832e-02 1.282e+05
6.838e-02 1.330e+05
8.488e-02 9.144e+04
5.938e-02 1.757e+05
6.016e-02 1.697e+05
6.955e-02 1.293e+05
7.622e-02 1.084e+05
8.710e-02 8.222e+04
6.522e-02 1.459e+05
6.695e-02 1.382e+05
6.072e-02 1.662e+05
1.005e-01 6.168e+04
5.976e-02 1.717e+05
6.840e-02 1.336e+05
5.925e-02 1.728e+05
8.300e-02 8.892e+04
5.989e-02 1.679e+05
6.044e-02 1.678e+05
6.071e-02 1.684e+05
6.023e-02 1.671e+05
6.182e-02 1.590e+05
6.090e-02 1.658e+05
6.153e-02 1.621e+05
1.055e-01 6.209e+04
6.115e-02 1.594e+05
6.106e-02 1.648e+05
1.000e-01 6.426e+04
1.047e-01 6.141e+04
1.024e-01 6.441e+04
6.095e-02 1.676e+05
6.231e-02 1.580e+05
6.058e-02 1.696e+05
6.278e-02 1.553e+05
6.909e-02 1.272e+05
9.922e-02 6.742e+04
1.068e-01 6.439e+04
6.582e-02 1.401e+05
6.120e-02 1.659e+05
6.025e-02 1.687e+05
6.063e-02 1.679e+05
8.235e-02 9.163e+04
5.993e-02 1.686e+05
6.031e-02 1.692e+05
8.414e-02 8.975e+04
9.977e-02 6.554e+04
6.061e-02 1.662e+05
6.078e-02 1.634e+05
6.212e-02 1.591e+05
1.020e-01 6.098e+04
6.232e-02 1.569e+05
6.053e-02 1.695e+05
9.905e-02 6.731e+04
6.225e-02 1.599e+05
5.981e-02 1.733e+05
7.460e-02 1.178e+05
6.081e-02 1.643e+05
5.949e-02 1.706e+05
5.987e-02 1.734e+05
6.110e-02 1.636e+05
1.003e-01 6.332e+04
6.122e-02 1.646e+05
6.445e-02 1.525e+05
6.047e-02 1.704e+05
6.154e-02 1.659e+05
7.966e-02 9.238e+04
8.363e-02 9.223e+04
7.514e-02 1.144e+05
6.133e-02 1.619e+05
6.212e-02 1.594e+05
6.076e-02 1.672e+05
8.162e-02 9.986e+04
8.491e-02 8.820e+04
7.161e-02 1.228e+05
6.162e-02 1.652e+05
1.015e-01 6.669e+04
1.020e-01 6.584e+04
6.216e-02 1.574e+05
9.810e-02 6.926e+04
6.127e-02 1.627e+05
1.023e-01 6.177e+04
6.235e-02 1.584e+05
5.938e-02 1.714e+05
6.211e-02 1.616e+05
6.044e-02 1.644e+05
6.176e-02 1.614e+05
6.134e-02 1.618e+05
6.020e-02 1.653e+05
5.986e-02 1.738e+05
9.538e-02 7.258e+04
6.241e-02 1.569e+05
6.104e-02 1.602e+05
9.231e-02 7.866e+04
5.971e-02 1.686e+05
7.062e-02 1.240e+05
5.956e-02 1.704e+05
6.477e-02 1.410e+05
5.972e-02 1.733e+05
6.049e-02 1.646e+05
6.960e-02 1.269e+05
6.862e-02 1.313e+05
8.672e-02 8.367e+04
6.085e-02 1.634e+05
5.918e-02 1.753e+05
6.791e-02 1.356e+05
7.387e-02 1.126e+05
6.784e-02 1.327e+05
9.895e-02 6.631e+04
6.069e-02 1.671e+05
6.071e-02 1.686e+05
5.987e-02 1.701e+05
6.191e-02 1.610e+05
6.974e-02 1.275e+05
6.402e-02 1.527e+05
8.948e-02 7.738e+04
7.085e-02 1.210e+05
9.753e-02 6.417e+04
9.956e-02 6.301e+04
1.036e-01 6.059e+04
6.091e-02 1.661e+05
6.005e-02 1.688e+05
6.234e-02 1.597e+05
5.971e-02 1.708e+05
9.822e-02 6.848e+04
8.191e-02 9.565e+04
6.165e-02 1.620e+05
6.083e-02 1.676e+05
1.018e-01 6.317e+04
7.151e-02 1.220e+05
1.005e-01 6.320e+04
6.068e-02 1.656e+05
6.024e-02 1.707e+05
1.029e-01 6.415e+04
5.990e-02 1.712e+05
6.141e-02 1.636e+05
5.905e-02 1.762e+05
6.222e-02 1.559e+05
7.243e-02 1.146e+05
7.816e-02 1.015e+05
5.940e-02 1.704e+05
6.701e-02 1.377e+05
6.186e-02 1.600e+05
6.149e-02 1.621e+05
1.051e-01 6.240e+04
6.051e-02 1.675e+05
6.065e-02 1.665e+05
5.932e-02 1.716e+05
6.161e-02 1.614e+05
8.860e-02 8.367e+04
8.768e-02 8.462e+04
6.035e-02 1.641e+05
6.712e-02 1.343e+05
6.065e-02 1.687e+05
6.078e-02 1.628e+05
1.023e-01 6.391e+04
1.013e-01 6.446e+04
8.672e-02 8.720e+04
7.031e-02 1.203e+05
8.358e-02 8.545e+04
6.116e-02 1.623e+05
8.419e-02 9.037e+04
6.069e-02 1.657e+05
6.025e-02 1.716e+05
1.003e-01 6.408e+04
6.184e-02 1.640e+05
6.248e-02 1.587e+05
6.072e-02 1.679e+05
6.019e-02 1.693e+05
9.494e-02 7.552e+04
6.340e-02 1.483e+05
1.013e-01 6.559e+04
1.022e-01 6.397e+04
6.177e-02 1.601e+05
6.244e-02 1.564e+05
1.011e-01 6.379e+04
7.548e-02 1.127e+05
9.964e-02 6.372e+04
5.938e-02 1.711e+05
7.597e-02 1.087e+05
1.013e-01 6.347e+04
6.241e-02 1.618e+05
6.105e-02 1.609e+05
6.745e-02 1.308e+05
7.304e-02 1.104e+05
9.086e-02 7.563e+04
6.149e-02 1.632e+05
8.161e-02 9.822e+04
9.549e-02 7.037e+04
6.061e-02 1.656e+05
5.868e-02 1.778e+05
6.076e-02 1.641e+05
7.751e-02 1.072e+05
6.321e-02 1.560e+05
6.037e-02 1.634e+05
7.537e-02 1.097e+05
7.782e-02 1.038e+05
5.923e-02 1.724e+05
6.008e-02 1.695e+05
6.038e-02 1.693e+05
6.318e-02 1.470e+05
5.857e-02 1.782e+05
6.185e-02 1.599e+05
6.106e-02 1.639e+05
6.813e-02 1.364e+05
6.185e-02 1.634e+05
5.992e-02 1.727e+05
5.968e-02 1.717e+05
8.465e-02 8.627e+04
7.763e-02 1.070e+05
7.661e-02 1.056e+05
6.008e-02 1.673e+05
7.768e-02 1.010e+05
6.034e-02 1.697e+05
5.994e-02 1.668e+05
7.539e-02 1.049e+05
7.415e-02 1.132e+05
6.239e-02 1.616e+05
6.125e-02 1.622e+05
6.033e-02 1.682e+05
7.659e-02 1.092e+05
6.594e-02 1.433e+05
1.068e-01 6.201e+04
1.007e-01 6.232e+04
6.235e-02 1.605e+05
9.660e-02 6.835e+04
6.181e-02 1.582e+05
6.268e-02 1.565e+05
6.358e-02 1.557e+05
5.984e-02 1.689e+05
7.493e-02 1.054e+05
6.046e-02 1.666e+05
6.409e-02 1.483e+05
6.214e-02 1.566e+05
5.935e-02 1.717e+05
7.353e-02 1.105e+05
7.963e-02 1.016e+05
7.850e-02 1.003e+05
6.149e-02 1.634e+05
6.306e-02 1.528e+05
6.084e-02 1.657e+05
9.247e-02 7.467e+04
7.636e-02 1.140e+05
6.159e-02 1.600e+05
6.979e-02 1.276e+05
8.677e-02 8.731e+04
6.145e-02 1.651e+05
6.029e-02 1.666e+05
7.562e-02 1.074e+05
6.069e-02 1.637e+05
9.759e-02 6.954e+04
6.372e-02 1.499e+05
6.115e-02 1.644e+05
5.927e-02 1.755e+05
5.996e-02 1.721e+05
8.945e-02 8.264e+04
6.083e-02 1.657e+05
1.075e-01 6.195e+04
6.067e-02 1.683e+05
6.066e-02 1.676e+05
5.877e-02 1.763e+05
8.849e-02 8.137e+04
6.934e-02 1.338e+05
8.710e-02 8.508e+04
1.054e-01 5.939e+04
6.098e-02 1.642e+05
6.226e-02 1.585e+05
6.025e-02 1.680e+05
6.059e-02 1.669e+05
6.039e-02 1.659e+05
6.437e-02 1.491e+05
5.991e-02 1.718e+05
6.088e-02 1.641e+05
5.969e-02 1.730e+05
6.900e-02 1.281e+05
9.791e-02 6.780e+04
7.959e-02 1.013e+05
6.026e-02 1.683e+05
5.968e-02 1.706e+05
9.568e-02 6.851e+04
8.227e-02 8.960e+04
6.176e-02 1.591e+05
6.056e-02 1.671e+05
6.023e-02 1.654e+05
6.438e-02 1.438e+05
6.202e-02 1.605e+05
6.654e-02 1.318e+05
6.175e-02 1.607e+05
8.637e-02 8.660e+04
9.966e-02 6.525e+04
7.287e-02 1.132e+05
1.081e-01 6.081e+04
8.201e-02 9.500e+04
8.435e-02 8.727e+04
6.193e-02 1.591e+05
6.118e-02 1.634e+05
1.025e-01 6.574e+04
6.132e-02 1.616e+05
6.045e-02 1.683e+05
6.282e-02 1.536e+05
9.849e-02 6.661e+04
6.498e-02 1.415e+05
7.762e-02 1.061e+05
7.786e-02 9.747e+04
7.852e-02 1.052e+05
6.057e-02 1.656e+05
6.069e-02 1.681e+05
6.615e-02 1.343e+05
6.162e-02 1.617e+05
9.713e-02 6.508e+04
7.662e-02 1.097e+05
9.855e-02 6.801e+04
9.971e-02 6.412e+04
6.003e-02 1.699e+05
6.828e-02 1.304e+05
8.090e-02 9.499e+04
5.881e-02 1.756e+05
9.716e-02 6.830e+04
5.998e-02 1.718e+05
8.719e-02 8.822e+04
1.005e-01 6.366e+04
6.198e-02 1.616e+05
1.068e-01 6.185e+04
9.968e-02 6.430e+04
5.928e-02 1.755e+05
6.013e-02 1.683e+05
6.196e-02 1.594e+05
6.061e-02 1.686e+05
6.506e-02 1.445e+05
6.543e-02 1.429e+05
6.572e-02 1.422e+05
9.434e-02 7.084e+04
6.144e-02 1.607e+05
7.788e-02 9.994e+04
7.366e-02 1.166e+05
8.118e-02 9.458e+04
6.129e-02 1.628e+05
6.674e-02 1.390e+05
6.931e-02 1.338e+05
5.982e-02 1.707e+05
1.020e-01 6.576e+04
6.181e-02 1.578e+05
6.315e-02 1.520e+05
6.669e-02 1.385e+05
7.056e-02 1.272e+05
6.292e-02 1.527e+05
6.475e-02 1.439e+05
5.895e-02 1.750e+05
5.967e-02 1.730e+05
6.044e-02 1.676e+05
5.999e-02 1.680e+05
6.051e-02 1.668e+05
5.883e-02 1.774e+05
6.331e-02 1.537e+05
1.016e-01 6.260e+04
6.151e-02 1.614e+05
6.485e-02 1.454e+05
5.901e-02 1.760e+05
5.879e-02 1.767e+05
8.045e-02 9.367e+04
6.870e-02 1.260e+05
7.203e-02 1.140e+05
6.374e-02 1.521e+05
6.385e-02 1.503e+05
6.133e-02 1.617e+05
9.300e-02 7.229e+04
6.251e-02 1.588e+05
6.066e-02 1.675e+05
6.324e-02 1.549e+05
8.664e-02 8.811e+04
6.040e-02 1.660e+05
9.781e-02 6.715e+04
1.047e-01 6.363e+04
1.040e-01 5.964e+04
7.498e-02 1.153e+05
9.694e-02 6.587e+04
6.239e-02 1.581e+05
5.998e-02 1.702e+05
1.050e-01 6.281e+04
5.974e-02 1.736e+05
5.988e-02 1.693e+05
6.073e-02 1.662e+05
7.709e-02 1.024e+05
6.809e-02 1.325e+05
6.100e-02 1.648e+05
9.933e-02 6.536e+04
6.066e-02 1.664e+05
1.006e-01 6.396e+04
6.771e-02 1.282e+05
7.729e-02 1.084e+05
5.899e-02 1.764e+05
6.061e-02 1.663e+05
9.434e-02 7.221e+04
6.430e-02 1.434e+05
6.174e-02 1.645e+05
6.170e-02 1.601e+05
6.196e-02 1.544e+05
6.669e-02 1.431e+05
6.305e-02 1.551e+05
9.558e-02 6.878e+04
8.987e-02 7.675e+04
7.892e-02 1.040e+05
6.169e-02 1.609e+05
6.045e-02 1.698e+05
7.343e-02 1.139e+05
6.184e-02 1.569e+05
6.780e-02 1.359e+05
6.015e-02 1.696e+05
6.299e-02 1.577e+05
6.165e-02 1.591e+05
6.921e-02 1.296e+05
9.459e-02 7.482e+04
1.071e-01 6.124e+04
6.152e-02 1.603e+05
1.052e-01 6.195e+04
6.201e-02 1.594e+05
6.323e-02 1.554e+05
6.250e-02 1.584e+05
6.186e-02 1.585e+05
6.477e-02 1.500e+05
6.137e-02 1.636e+05
9.466e-02 7.229e+04
7.437e-02 1.151e+05
9.998e-02 6.549e+04
5.993e-02 1.685e+05
8.652e-02 8.559e+04
6.078e-02 1.653e+05
7.907e-02 9.849e+04
1.027e-01 6.612e+04
5.975e-02 1.706e+05
9.367e-02 7.005e+04
7.166e-02 1.154e+05
5.923e-02 1.716e+05
6.750e-02 1.289e+05
6.031e-02 1.669e+05
6.080e-02 1.648e+05
9.626e-02 6.700e+04
9.118e-02 7.586e+04
6.404e-02 1.505e+05
6.666e-02 1.417e+05
8.306e-02 8.708e+04
7.397e-02 1.150e+05
6.024e-02 1.679e+05
6.129e-02 1.638e+05
6.170e-02 1.615e+05
8.427e-02 9.031e+04
1.008e-01 6.583e+04
7.517e-02 1.127e+05
9.860e-02 6.706e+04
6.058e-02 1.693e+05
9.918e-02 6.869e+04
6.055e-02 1.681e+05
6.025e-02 1.718e+05
9.741e-02 7.007e+04
7.316e-02 1.139e+05
1.029e-01 6.561e+04
6.120e-02 1.664e+05
6.978e-02 1.224e+05
1.044e-01 6.085e+04
6.230e-02 1.594e+05
6.240e-02 1.580e+05
6.105e-02 1.652e+05
6.190e-02 1.622e+05
5.917e-02 1.768e+05
6.049e-02 1.682e+05
6.128e-02 1.652e+05
9.416e-02 6.636e+04
1.058e-01 6.366e+04
6.022e-02 1.689e+05
6.051e-02 1.667e+05
6.250e-02 1.571e+05
1.053e-01 6.217e+04
6.453e-02 1.523e+05
6.719e-02 1.376e+05
6.644e-02 1.328e+05
7.497e-02 1.070e+05
6.190e-02 1.631e+05
1.001e-01 6.569e+04
7.365e-02 1.181e+05
6.182e-02 1.582e+05
6.142e-02 1.617e+05
6.186e-02 1.593e+05
9.980e-02 6.422e+04
6.037e-02 1.705e+05
9.984e-02 6.547e+04
8.356e-02 9.342e+04
6.002e-02 1.679e+05
6.172e-02 1.585e+05
9.072e-02 7.929e+04
6.259e-02 1.603e+05
7.723e-02 1.042e+05
6.141e-02 1.628e+05
5.892e-02 1.766e+05
8.586e-02 8.592e+04
9.372e-02 7.702e+04
7.018e-02 1.229e+05
6.142e-02 1.619e+05
1.025e-01 6.548e+04
6.188e-02 1.610e+05
5.981e-02 1.743e+05
6.580e-02 1.355e+05
1.013e-01 6.402e+04
7.721e-02 1.043e+05
1.009e-01 6.457e+04
7.915e-02 9.767e+04
7.006e-02 1.252e+05
6.396e-02 1.455e+05
6.002e-02 1.703e+05
7.506e-02 1.101e+05
8.120e-02 9.393e+04
8.404e-02 8.906e+04
5.950e-02 1.752e+05
8.555e-02 9.203e+04
6.036e-02 1.695e+05
9.367e-02 6.735e+04
1.052e-01 6.659e+04
6.166e-02 1.601e+05
6.198e-02 1.604e+05
9.953e-02 6.211e+04
6.116e-02 1.632e+05
7.341e-02 1.155e+05
6.643e-02 1.450e+05
1.016e-01 6.947e+04
1.012e-01 6.607e+04
5.913e-02 1.744e+05
7.408e-02 1.125e+05
6.087e-02 1.630e+05
1.023e-01 6.142e+04
6.057e-02 1.668e+05
6.643e-02 1.343e+05
6.186e-02 1.607e+05
1.013e-01 6.497e+04
5.959e-02 1.709e+05
6.115e-02 1.647e+05
1.020e-01 6.542e+04
6.166e-02 1.607e+05
5.905e-02 1.767e+05
5.921e-02 1.760e+05
9.733e-02 6.647e+04
5.969e-02 1.717e+05
7.082e-02 1.270e+05
8.030e-02 9.420e+04
9.588e-02 7.140e+04
9.568e-02 6.426e+04
6.213e-02 1.613e+05
6.136e-02 1.625e+05
6.161e-02 1.636e+05
6.051e-02 1.674e+05
9.922e-02 6.505e+04
6.966e-02 1.304e+05
6.066e-02 1.670e+05
1.007e-01 6.516e+04
6.874e-02 1.261e+05
6.191e-02 1.615e+05
9.791e-02 6.914e+04
8.880e-02 7.993e+04
6.177e-02 1.564e+05
7.304e-02 1.166e+05
5.996e-02 1.666e+05
6.090e-02 1.666e+05
9.484e-02 6.893e+04
6.043e-02 1.677e+05
6.021e-02 1.689e+05
6.405e-02 1.485e+05
1.028e-01 6.251e+04
9.327e-02 7.269e+04
1.027e-01 6.404e+04
8.222e-02 8.707e+04
6.002e-02 1.730e+05
5.996e-02 1.684e+05
8.415e-02 8.781e+04
8.882e-02 7.915e+04
5.919e-02 1.751e+05
5.989e-02 1.683e+05
7.885e-02 9.810e+04
1.006e-01 6.100e+04
6.124e-02 1.631e+05
5.972e-02 1.707e+05
6.029e-02 1.663e+05
6.124e-02 1.636e+05
6.100e-02 1.654e+05
6.184e-02 1.611e+05
6.184e-02 1.638e+05
5.926e-02 1.752e+05
5.947e-02 1.729e+05
6.241e-02 1.587e+05
7.722e-02 1.059e+05
6.014e-02 1.651e+05
6.325e-02 1.535e+05
6.223e-02 1.582e+05
6.226e-02 1.591e+05
6.880e-02 1.296e+05
6.072e-02 1.676e+05
6.108e-02 1.628e+05
6.414e-02 1.527e+05
6.083e-02 1.649e+05
9.202e-02 7.985e+04
8.797e-02 8.701e+04
7.023e-02 1.267e+05
6.223e-02 1.621e+05
5.953e-02 1.756e+05
7.311e-02 1.083e+05
6.218e-02 1.626e+05
5.986e-02 1.680e+05
6.721e-02 1.422e+05
5.920e-02 1.741e+05
6.699e-02 1.346e+05
7.698e-02 1.040e+05
6.040e-02 1.700e+05
8.290e-02 9.434e+04
1.019e-01 6.341e+04
6.160e-02 1.606e+05
6.426e-02 1.490e+05
9.388e-02 7.351e+04
6.211e-02 1.595e+05
5.939e-02 1.722e+05
8.392e-02 9.240e+04
6.057e-02 1.694e+05
5.882e-02 1.758e+05
8.606e-02 8.702e+04
6.680e-02 1.416e+05
9.954e-02 6.625e+04
9.937e-02 6.159e+04
6.236e-02 1.579e+05
6.279e-02 1.574e+05
5.899e-02 1.772e+05
7.881e-02 1.021e+05
1.009e-01 6.381e+04
5.953e-02 1.706e+05
6.059e-02 1.648e+05
7.549e-02 1.105e+05
6.153e-02 1.645e+05
6.065e-02 1.671e+05
5.957e-02 1.730e+05
5.961e-02 1.743e+05
6.051e-02 1.647e+05
6.199e-02 1.590e+05
1.046e-01 6.191e+04
7.587e-02 1.097e+05
6.752e-02 1.355e+05
6.102e-02 1.641e+05
5.961e-02 1.698e+05
6.189e-02 1.644e+05
6.346e-02 1.531e+05
5.967e-02 1.737e+05
6.091e-02 1.656e+05
6.885e-02 1.324e+05
6.083e-02 1.664e+05
6.257e-02 1.563e+05
7.345e-02 1.173e+05
7.726e-02 1.049e+05
7.139e-02 1.247e+05
6.131e-02 1.593e+05
7.447e-02 1.155e+05
6.351e-02 1.559e+05
9.732e-02 6.689e+04
6.048e-02 1.670e+05
6.330e-02 1.575e+05
6.165e-02 1.625e+05
7.633e-02 1.103e+05
1.031e-01 6.271e+04
6.829e-02 1.271e+05
6.095e-02 1.657e+05
6.773e-02 1.376e+05
6.085e-02 1.603e+05
6.279e-02 1.547e+05
6.232e-02 1.601e+05
6.260e-02 1.562e+05
9.830e-02 6.837e+04
5.888e-02 1.761e+05
8.499e-02 9.244e+04
5.959e-02 1.702e+05
6.640e-02 1.376e+05
7.354e-02 1.137e+05
6.140e-02 1.662e+05
5.991e-02 1.691e+05
1.079e-01 6.075e+04
6.014e-02 1.724e+05
1.008e-01 6.418e+04
8.399e-02 8.121e+04
6.553e-02 1.433e+05
6.949e-02 1.280e+05
7.209e-02 1.144e+05
6.174e-02 1.631e+05
7.803e-02 9.861e+04
5.944e-02 1.741e+05
6.364e-02 1.466e+05
6.013e-02 1.706e+05
8.371e-02 9.306e+04
5.972e-02 1.734e+05
9.830e-02 6.671e+04
5.934e-02 1.728e+05
6.086e-02 1.690e+05
6.258e-02 1.577e+05
8.201e-02 9.054e+04
6.182e-02 1.641e+05
7.368e-02 1.123e+05
6.086e-02 1.676e+05
9.413e-02 6.962e+04
7.948e-02 9.507e+04
5.992e-02 1.728e+05
6.068e-02 1.674e+05
6.129e-02 1.646e+05
8.481e-02 8.148e+04
6.218e-02 1.618e+05
9.490e-02 7.079e+04
6.504e-02 1.472e+05
6.000e-02 1.662e+05
7.520e-02 1.093e+05
6.072e-02 1.669e+05
6.013e-02 1.668e+05
7.726e-02 1.036e+05
6.056e-02 1.700e+05
5.920e-02 1.753e+05
1.078e-01 6.138e+04
6.485e-02 1.496e+05
9.540e-02 6.481e+04
7.648e-02 1.103e+05
1.008e-01 6.730e+04
1.063e-01 5.812e+04
1.059e-01 6.058e+04
6.115e-02 1.640e+05
8.832e-02 7.885e+04
6.043e-02 1.683e+05
9.535e-02 6.508e+04
6.092e-02 1.648e+05
1.001e-01 6.286e+04
1.020e-01 6.193e+04
5.984e-02 1.691e+05
9.944e-02 6.391e+04
6.880e-02 1.308e+05
6.156e-02 1.598e+05
9.666e-02 6.577e+04
6.099e-02 1.680e+05
6.788e-02 1.285e+05
8.055e-02 9.764e+04
6.585e-02 1.353e+05
6.074e-02 1.673e+05
8.920e-02 7.933e+04
6.015e-02 1.705e+05
6.012e-02 1.690e+05
6.548e-02 1.384e+05
6.433e-02 1.425e+05
9.567e-02 6.680e+04
6.206e-02 1.607e+05
1.001e-01 6.243e+04
6.491e-02 1.442e+05
6.585e-02 1.443e+05
1.015e-01 6.556e+04
1.012e-01 6.345e+04
5.967e-02 1.701e+05
6.509e-02 1.473e+05
1.043e-01 6.254e+04
8.732e-02 8.447e+04
1.018e-01 6.305e+04
5.962e-02 1.721e+05
6.617e-02 1.415e+05
1.016e-01 6.362e+04
1.050e-01 6.093e+04
6.815e-02 1.313e+05
6.077e-02 1.665e+05
6.006e-02 1.690e+05
9.021e-02 7.845e+04
6.068e-02 1.670e+05
9.328e-02 6.902e+04
6.096e-02 1.639e+05
8.041e-02 1.007e+05
6.039e-02 1.674e+05
6.042e-02 1.667e+05
7.027e-02 1.236e+05
1.017e-01 6.225e+04
6.050e-02 1.653e+05
6.367e-02 1.532e+05
6.625e-02 1.405e+05
9.929e-02 6.526e+04
6.059e-02 1.659e+05
1.022e-01 6.059e+04
6.502e-02 1.487e+05
8.794e-02 8.211e+04
6.387e-02 1.541e+05
6.299e-02 1.556e+05
6.617e-02 1.410e+05
1.060e-01 6.324e+04
6.599e-02 1.401e+05
6.166e-02 1.614e+05
6.040e-02 1.657e+05
7.759e-02 1.018e+05
5.897e-02 1.758e+05
6.010e-02 1.722e+05
9.843e-02 6.412e+04
6.972e-02 1.279e+05
6.073e-02 1.651e+05
6.160e-02 1.600e+05
6.321e-02 1.551e+05
6.575e-02 1.392e+05
1.071e-01 6.334e+04
5.954e-02 1.752e+05
9.656e-02 6.600e+04
9.251e-02 7.604e+04
6.016e-02 1.716e+05
6.276e-02 1.519e+05
1.057e-01 6.392e+04
1.038e-01 6.234e+04
6.339e-02 1.502e+05
6.242e-02 1.543e+05
1.060e-01 6.126e+04
9.246e-02 7.829e+04
6.235e-02 1.590e+05
8.530e-02 8.503e+04
6.360e-02 1.505e+05
7.008e-02 1.233e+05
1.033e-01 6.241e+04
6.020e-02 1.707e+05
6.483e-02 1.491e+05
8.809e-02 8.400e+04
6.085e-02 1.647e+05
9.654e-02 6.932e+04
7.507e-02 1.067e+05
6.144e-02 1.627e+05
8.021e-02 1.059e+05
6.276e-02 1.566e+05
5.997e-02 1.722e+05
1.006e-01 6.331e+04
5.991e-02 1.735e+05
6.242e-02 1.567e+05
9.707e-02 6.355e+04
6.084e-02 1.619e+05
6.223e-02 1.609e+05
6.026e-02 1.681e+05
6.656e-02 1.354e+05
1.090e-01 6.274e+04
6.077e-02 1.656e+05
6.046e-02 1.679e+05
6.224e-02 1.617e+05
5.994e-02 1.678e+05
6.013e-02 1.663e+05
7.135e-02 1.176e+05
8.751e-02 8.512e+04
5.990e-02 1.703e+05
6.208e-02 1.557e+05
5.999e-02 1.694e+05
6.048e-02 1.642e+05
6.391e-02 1.508e+05
5.915e-02 1.763e+05
9.620e-02 7.323e+04
6.138e-02 1.608e+05
9.984e-02 6.518e+04
6.073e-02 1.664e+05
6.120e-02 1.659e+05
6.038e-02 1.667e+05
6.130e-02 1.634e+05
5.909e-02 1.751e+05
6.601e-02 1.405e+05
6.071e-02 1.657e+05
6.139e-02 1.621e+05
8.639e-02 8.432e+04
1.021e-01 6.065e+04
6.116e-02 1.639e+05
7.864e-02 1.003e+05
6.166e-02 1.611e+05
6.040e-02 1.664e+05
6.008e-02 1.655e+05
7.142e-02 1.207e+05
1.019e-01 6.610e+04
6.165e-02 1.601e+05
1.004e-01 7.062e+04
5.986e-02 1.675e+05
6.160e-02 1.610e+05
6.150e-02 1.636e+05
8.512e-02 8.485e+04
7.930e-02 9.982e+04
6.154e-02 1.608e+05
6.334e-02 1.493e+05
9.388e-02 7.853e+04
7.832e-02 9.941e+04
1.007e-01 6.163e+04
6.087e-02 1.680e+05
5.977e-02 1.708e+05
6.097e-02 1.620e+05
6.161e-02 1.627e+05
6.215e-02 1.573e+05
5.958e-02 1.743e+05
6.167e-02 1.612e+05
6.975e-02 1.230e+05
1.003e-01 6.493e+04
1.003e-01 6.529e+04
1.042e-01 6.289e+04
6.617e-02 1.361e+05
7.091e-02 1.173e+05
8.412e-02 9.547e+04
6.680e-02 1.390e+05
7.880e-02 9.895e+04
8.135e-02 9.225e+04
6.984e-02 1.230e+05
6.069e-02 1.667e+05
1.026e-01 6.444e+04
6.270e-02 1.579e+05
9.839e-02 6.944e+04
9.464e-02 7.399e+04
6.151e-02 1.635e+05
6.052e-02 1.685e+05
6.681e-02 1.367e+05
7.486e-02 1.124e+05
6.016e-02 1.698e+05
6.106e-02 1.664e+05
6.017e-02 1.717e+05
1.053e-01 6.451e+04
7.782e-02 1.008e+05
6.231e-02 1.547e+05
1.060e-01 6.191e+04
1.071e-01 6.074e+04
6.152e-02 1.607e+05
6.120e-02 1.624e+05
8.327e-02 9.182e+04
6.016e-02 1.689e+05
8.514e-02 9.203e+04
7.436e-02 1.099e+05
6.025e-02 1.689e+05
6.257e-02 1.568e+05
7.125e-02 1.267e+05
8.809e-02 8.556e+04
5.952e-02 1.724e+05
6.208e-02 1.577e+05
6.165e-02 1.640e+05
7.289e-02 1.185e+05
1.019e-01 6.267e+04
6.018e-02 1.689e+05
6.108e-02 1.626e+05
1.080e-01 6.034e+04
1.042e-01 6.515e+04
6.079e-02 1.647e+05
6.263e-02 1.586e+05
7.068e-02 1.216e+05
7.338e-02 1.104e+05
6.948e-02 1.306e+05
7.217e-02 1.140e+05
6.123e-02 1.667e+05
1.037e-01 6.209e+04
8.080e-02 9.963e+04
6.023e-02 1.683e+05
6.048e-02 1.650e+05
6.093e-02 1.671e+05
6.004e-02 1.710e+05
6.041e-02 1.650e+05
9.968e-02 6.316e+04
