1.081e-01 1.097e+05
1.154e-01 1.036e+05
1.216e-01 1.014e+05
1.454e-01 9.367e+04
2.116e-01 7.637e+04
1.612e-01 8.755e+04
1.192e-01 1.029e+05
1.114e-01 1.070e+05
3.532e-06 2.916e+03
1.203e-01 1.036e+05
1.121e-01 1.064e+05
1.483e-01 9.225e+04
1.147e-01 1.061e+05
1.160e-01 1.033e+05
1.181e-01 1.038e+05
1.122e-01 1.069e+05
1.192e-01 1.033e+05
1.291e-01 9.792e+04
1.116e-01 1.069e+05
2.201e-01 7.583e+04
2.127e-01 7.517e+04
1.128e-01 1.065e+05
1.335e-01 9.768e+04
1.692e-01 8.590e+04
1.203e-01 1.038e+05
1.095e-01 1.088e+05
1.288e-01 9.950e+04
1.803e-01 8.200e+04
1.215e-01 1.009e+05
1.097e-01 1.079e+05
2.060e-01 7.834e+04
1.120e-01 1.061e+05
1.225e-01 1.020e+05
1.111e-01 1.081e+05
1.163e-01 1.053e+05
1.221e-01 1.028e+05
1.136e-01 1.058e+05
1.134e-01 1.060e+05
1.144e-01 1.048e+05
1.149e-01 1.062e+05
1.714e-01 8.429e+04
2.416e-01 7.460e+04
1.104e-01 1.064e+05
1.202e-01 1.020e+05
1.229e-01 1.009e+05
2.111e-01 7.616e+04
1.145e-01 1.054e+05
1.355e-01 9.693e+04
1.238e-01 1.019e+05
1.180e-01 1.039e+05
1.199e-01 1.026e+05
1.128e-01 1.068e+05
1.336e-01 9.802e+04
1.083e-01 1.099e+05
1.354e-01 9.437e+04
1.562e-01 8.922e+04
1.207e-01 1.025e+05
1.119e-01 1.059e+05
2.223e-01 7.742e+04
1.309e-01 9.727e+04
1.240e-01 1.009e+05
1.297e-01 9.891e+04
1.169e-01 1.050e+05
2.207e-01 7.359e+04
1.124e-01 1.074e+05
6.469e-06 1.209e+04
1.099e-01 1.088e+05
1.094e-01 1.073e+05
1.193e-01 1.037e+05
1.127e-01 1.071e+05
1.110e-01 1.063e+05
1.439e-01 9.415e+04
1.144e-01 1.063e+05
1.191e-01 1.029e+05
1.206e-01 1.037e+05
1.808e-01 8.207e+04
1.162e-01 1.049e+05
1.124e-01 1.067e+05
1.187e-01 1.024e+05
1.100e-01 1.080e+05
2.297e-01 7.670e+04
1.430e-01 9.303e+04
1.773e-01 8.265e+04
1.143e-01 1.054e+05
1.130e-01 1.055e+05
1.190e-01 1.032e+05
1.182e-01 1.044e+05
2.086e-01 7.345e+04
1.940e-01 8.309e+04
1.403e-01 9.595e+04
1.247e-01 1.012e+05
1.141e-01 1.044e+05
1.378e-01 9.572e+04
2.141e-01 7.708e+04
1.203e-01 1.042e+05
1.167e-01 1.044e+05
3.034e-01 6.209e+04
1.966e-01 7.386e+04
1.155e-01 1.046e+05
2.307e-01 7.314e+04
1.108e-01 1.070e+05
1.402e-01 9.159e+04
1.141e-01 1.051e+05
1.078e-01 1.088e+05
1.110e-01 1.074e+05
1.103e-01 1.089e+05
1.131e-01 1.055e+05
1.327e-01 9.824e+04
1.168e-01 1.036e+05
1.140e-01 1.057e+05
2.698e-01 7.165e+04
1.133e-01 1.065e+05
1.232e-01 1.024e+05
1.270e-01 9.946e+04
2.315e-01 7.512e+04
1.177e-01 1.036e+05
2.083e-01 7.850e+04
1.117e-01 1.079e+05
1.107e-01 1.076e+05
1.336e-01 9.469e+04
1.314e-01 9.754e+04
1.349e-01 9.456e+04
1.196e-01 1.039e+05
1.460e-01 9.179e+04
1.539e-01 9.119e+04
1.125e-01 1.064e+05
1.363e-01 9.728e+04
1.720e-01 8.352e+04
1.156e-01 1.043e+05
1.144e-01 1.066e+05
1.202e-01 1.039e+05
1.279e-01 9.944e+04
1.757e-01 8.293e+04
1.292e-01 9.743e+04
1.234e-01 1.012e+05
1.120e-01 1.068e+05
1.137e-01 1.057e+05
1.239e-01 1.007e+05
1.099e-01 1.079e+05
1.177e-01 1.037e+05
1.152e-01 1.058e+05
1.135e-01 1.051e+05
1.579e-01 8.969e+04
1.072e-01 1.093e+05
1.092e-01 1.078e+05
2.097e-01 7.628e+04
1.094e-01 1.093e+05
2.028e-01 7.318e+04
1.209e-01 1.024e+05
1.539e-01 9.134e+04
2.235e-01 7.137e+04
1.819e-01 8.198e+04
1.578e-01 8.885e+04
1.249e-01 1.002e+05
1.220e-01 1.019e+05
1.257e-01 1.001e+05
1.239e-01 1.009e+05
1.218e-01 1.020e+05
1.207e-01 1.028e+05
1.199e-01 1.026e+05
1.220e-01 1.024e+05
1.189e-01 1.037e+05
1.122e-01 1.070e+05
1.153e-01 1.059e+05
1.145e-01 1.044e+05
1.151e-01 1.054e+05
2.622e-01 6.967e+04
1.162e-01 1.047e+05
2.251e-01 7.576e+04
1.164e-01 1.045e+05
1.261e-01 9.939e+04
1.444e-01 9.321e+04
1.774e-01 8.474e+04
1.126e-01 1.061e+05
1.133e-01 1.059e+05
1.199e-01 1.023e+05
1.186e-01 1.041e+05
1.174e-01 1.041e+05
1.138e-01 1.067e+05
1.768e-01 8.325e+04
1.204e-01 1.034e+05
2.092e-01 7.708e+04
1.972e-01 7.758e+04
2.156e-01 7.628e+04
1.100e-01 1.074e+05
2.076e-01 7.567e+04
1.744e-01 8.527e+04
1.178e-01 1.035e+05
1.128e-01 1.070e+05
1.181e-01 1.040e+05
1.869e-01 8.182e+04
1.787e-01 8.245e+04
1.113e-01 1.073e+05
1.086e-01 1.089e+05
2.016e-01 7.639e+04
2.156e-01 7.413e+04
1.210e-01 1.024e+05
1.175e-01 1.037e+05
2.412e-01 7.347e+04
2.266e-01 7.438e+04
2.278e-01 7.213e+04
1.129e-01 1.062e+05
1.149e-01 1.054e+05
1.216e-01 1.020e+05
1.318e-01 9.945e+04
1.957e-01 7.594e+04
1.151e-01 1.055e+05
1.206e-01 1.023e+05
1.235e-01 1.020e+05
1.098e-01 1.079e+05
1.113e-01 1.067e+05
1.155e-01 1.053e+05
1.239e-01 1.019e+05
1.853e-01 8.207e+04
2.080e-01 7.737e+04
1.085e-01 1.077e+05
1.108e-01 1.082e+05
1.750e-01 8.566e+04
1.147e-01 1.060e+05
1.143e-01 1.057e+05
1.179e-01 1.035e+05
1.184e-01 1.039e+05
1.282e-01 9.922e+04
1.088e-01 1.088e+05
1.141e-01 1.065e+05
1.718e-01 8.664e+04
1.162e-01 1.050e+05
1.197e-01 1.027e+05
1.158e-01 1.047e+05
1.200e-01 1.027e+05
1.944e-01 8.020e+04
1.160e-01 1.050e+05
1.177e-01 1.039e+05
1.175e-01 1.030e+05
1.604e-01 8.868e+04
2.035e-01 7.872e+04
1.210e-01 1.015e+05
1.194e-01 1.043e+05
1.229e-01 1.016e+05
1.172e-01 1.026e+05
1.143e-01 1.056e+05
1.182e-01 1.041e+05
3.696e-07 4.303e+03
1.495e-01 8.955e+04
1.153e-01 1.051e+05
3.190e-06 1.003e+04
1.168e-01 1.030e+05
1.260e-01 1.002e+05
1.287e-01 9.801e+04
2.103e-01 7.660e+04
1.251e-01 1.006e+05
1.223e-01 1.012e+05
1.676e-01 8.753e+04
1.174e-01 1.040e+05
1.117e-01 1.079e+05
1.230e-01 1.025e+05
1.244e-01 1.005e+05
1.918e-01 8.236e+04
1.481e-01 9.227e+04
1.088e-01 1.084e+05
1.765e-01 8.275e+04
1.738e-01 8.427e+04
1.244e-01 1.018e+05
1.220e-01 1.014e+05
2.500e-01 7.091e+04
1.312e-01 9.842e+04
2.254e-01 7.119e+04
1.438e-01 9.414e+04
2.393e-01 7.601e+04
1.138e-01 1.061e+05
1.344e-01 9.410e+04
1.187e-01 1.030e+05
1.291e-01 9.957e+04
1.307e-01 9.906e+04
1.389e-01 9.526e+04
1.073e-01 1.099e+05
1.192e-01 1.025e+05
1.933e-01 7.944e+04
1.258e-01 1.012e+05
1.130e-01 1.071e+05
2.255e-01 7.648e+04
1.215e-01 1.024e+05
1.125e-01 1.064e+05
1.234e-01 1.001e+05
1.258e-01 1.001e+05
1.221e-01 1.007e+05
1.232e-01 1.010e+05
1.135e-01 1.061e+05
1.185e-01 1.023e+05
1.100e-01 1.069e+05
9.318e-06 6.002e+03
1.156e-01 1.043e+05
2.394e-01 7.229e+04
1.419e-01 9.357e+04
1.251e-01 9.961e+04
1.141e-01 1.049e+05
1.281e-01 9.834e+04
4.484e-06 1.356e+04
1.225e-01 1.013e+05
1.165e-01 1.045e+05
1.968e-01 8.029e+04
1.153e-01 1.057e+05
1.165e-01 1.055e+05
1.088e-01 1.086e+05
1.852e-01 8.321e+04
1.087e-01 1.095e+05
1.205e-01 1.032e+05
1.529e-01 9.212e+04
2.149e-01 7.543e+04
1.193e-01 1.033e+05
1.116e-01 1.077e+05
1.285e-01 9.825e+04
1.199e-01 1.037e+05
2.263e-01 7.467e+04
1.110e-01 1.078e+05
2.305e-01 7.580e+04
2.081e-01 7.694e+04
1.154e-01 1.054e+05
1.197e-01 1.022e+05
1.151e-01 1.051e+05
1.357e-01 9.708e+04
2.371e-01 7.513e+04
1.256e-01 9.945e+04
1.261e-01 9.990e+04
1.128e-01 1.061e+05
1.549e-01 8.911e+04
2.374e-01 7.402e+04
1.423e-01 9.360e+04
1.231e-01 1.021e+05
1.122e-01 1.054e+05
1.320e-01 9.563e+04
1.163e-01 1.043e+05
1.227e-01 9.942e+04
1.621e-01 8.588e+04
1.100e-01 1.075e+05
1.206e-01 1.042e+05
1.247e-01 1.001e+05
1.928e-01 7.414e+04
1.113e-01 1.068e+05
1.237e-01 1.018e+05
2.376e-01 7.270e+04
1.200e-01 1.040e+05
1.145e-01 1.058e+05
1.737e-01 8.463e+04
1.107e-01 1.068e+05
1.167e-01 1.051e+05
1.091e-01 1.079e+05
1.123e-01 1.064e+05
1.192e-01 1.037e+05
1.149e-01 1.053e+05
1.134e-01 1.066e+05
1.164e-01 1.044e+05
1.201e-01 1.027e+05
1.188e-01 1.027e+05
1.231e-01 1.016e+05
1.272e-01 9.898e+04
1.090e-01 1.074e+05
1.066e-01 1.099e+05
1.204e-01 1.028e+05
1.206e-01 1.023e+05
1.381e-01 9.508e+04
1.262e-01 1.001e+05
1.218e-01 1.016e+05
2.168e-01 7.727e+04
1.307e-01 9.722e+04
1.223e-01 1.023e+05
1.636e-01 8.627e+04
2.301e-01 7.738e+04
1.136e-01 1.047e+05
1.411e-01 9.385e+04
1.167e-01 1.036e+05
7.269e-06 6.283e+03
1.346e-01 9.771e+04
1.228e-01 1.010e+05
1.188e-01 1.039e+05
1.470e-01 9.004e+04
1.589e-01 8.883e+04
1.151e-01 1.040e+05
2.189e-01 7.379e+04
1.086e-01 1.093e+05
1.420e-01 9.587e+04
1.191e-01 1.035e+05
1.181e-01 1.030e+05
1.083e-01 1.086e+05
1.160e-01 1.044e+05
1.200e-01 1.027e+05
1.129e-01 1.062e+05
1.145e-01 1.064e+05
1.225e-01 1.010e+05
1.187e-01 1.036e+05
1.203e-01 1.031e+05
1.098e-01 1.080e+05
1.483e-01 8.860e+04
2.020e-01 8.051e+04
2.421e-01 7.428e+04
1.166e-01 1.042e+05
1.137e-01 1.069e+05
1.225e-01 1.005e+05
1.250e-01 9.983e+04
1.180e-01 1.031e+05
2.017e-01 7.755e+04
1.142e-01 1.053e+05
2.249e-01 7.749e+04
2.118e-01 7.722e+04
1.206e-01 1.022e+05
2.235e-01 7.640e+04
1.131e-01 1.065e+05
1.597e-01 8.811e+04
1.163e-01 1.045e+05
1.283e-01 9.687e+04
1.212e-01 1.022e+05
1.283e-01 9.835e+04
1.161e-01 1.029e+05
1.199e-01 1.016e+05
1.719e-01 8.418e+04
1.653e-01 8.724e+04
1.508e-01 9.013e+04
2.248e-01 7.346e+04
1.171e-01 1.044e+05
1.063e-01 1.103e+05
1.162e-01 1.041e+05
2.039e-01 7.912e+04
2.418e-01 7.456e+04
1.182e-01 1.044e+05
1.616e-01 8.527e+04
1.235e-01 1.010e+05
1.158e-01 1.043e+05
1.254e-01 9.965e+04
1.194e-01 1.034e+05
1.195e-01 1.037e+05
1.551e-01 8.832e+04
1.307e-01 9.966e+04
1.098e-01 1.078e+05
1.187e-01 1.046e+05
1.125e-01 1.053e+05
1.093e-01 1.082e+05
1.192e-01 1.031e+05
1.107e-01 1.083e+05
1.503e-01 8.878e+04
1.207e-01 1.017e+05
1.159e-01 1.050e+05
1.213e-01 1.022e+05
2.058e-01 7.328e+04
1.376e-01 9.404e+04
2.194e-01 7.672e+04
1.181e-01 1.041e+05
1.071e-01 1.098e+05
1.210e-01 1.024e+05
1.207e-01 1.029e+05
1.154e-01 1.043e+05
1.162e-01 1.056e+05
1.277e-01 1.001e+05
1.518e-01 9.157e+04
1.116e-01 1.056e+05
2.209e-01 7.628e+04
1.785e-01 8.458e+04
1.431e-01 9.570e+04
1.903e-01 8.128e+04
1.525e-01 9.061e+04
1.160e-01 1.053e+05
1.381e-01 9.478e+04
1.257e-01 9.778e+04
1.259e-01 1.001e+05
1.254e-01 1.017e+05
2.402e-01 7.500e+04
1.227e-01 1.011e+05
1.180e-01 1.040e+05
1.184e-01 1.037e+05
1.173e-01 1.040e+05
1.217e-01 1.015e+05
1.199e-01 1.024e+05
1.158e-01 1.056e+05
1.143e-01 1.047e+05
1.153e-01 1.048e+05
1.181e-01 1.033e+05
1.173e-01 1.049e+05
1.156e-01 1.055e+05
1.065e-01 1.099e+05
1.139e-01 1.056e+05
1.210e-01 1.013e+05
1.116e-01 1.070e+05
2.181e-01 7.618e+04
2.097e-01 7.645e+04
1.145e-01 1.046e+05
1.137e-01 1.048e+05
1.158e-01 1.035e+05
1.125e-01 1.072e+05
4.298e-06 3.831e+03
1.215e-01 1.008e+05
1.076e-01 1.093e+05
1.149e-01 1.059e+05
1.124e-01 1.066e+05
1.203e-01 1.013e+05
1.169e-01 1.048e+05
1.222e-01 1.019e+05
1.147e-01 1.049e+05
1.168e-01 1.037e+05
1.134e-01 1.064e+05
1.266e-01 9.948e+04
1.189e-01 1.029e+05
1.184e-01 1.028e+05
1.775e-01 8.362e+04
2.517e-01 7.132e+04
2.304e-01 7.608e+04
2.148e-01 7.525e+04
1.197e-01 1.014e+05
1.228e-01 1.004e+05
1.130e-01 1.069e+05
1.170e-01 1.034e+05
2.078e-01 7.700e+04
1.234e-01 1.011e+05
2.132e-01 7.603e+04
1.160e-01 1.051e+05
1.313e-01 9.781e+04
1.156e-01 1.053e+05
2.266e-01 7.461e+04
1.248e-01 9.991e+04
2.169e-01 7.511e+04
1.231e-01 1.009e+05
1.235e-01 1.018e+05
1.177e-01 1.033e+05
1.074e-01 1.089e+05
1.155e-01 1.047e+05
1.121e-01 1.060e+05
1.986e-01 7.865e+04
2.309e-01 7.297e+04
1.102e-01 1.084e+05
1.105e-01 1.076e+05
1.151e-01 1.042e+05
1.906e-01 7.878e+04
1.199e-01 1.026e+05
1.150e-01 1.056e+05
1.188e-01 1.021e+05
1.263e-01 1.006e+05
1.145e-01 1.060e+05
1.663e-01 8.703e+04
1.129e-01 1.057e+05
1.085e-01 1.087e+05
1.711e-01 8.733e+04
1.828e-01 8.251e+04
1.177e-01 1.040e+05
1.123e-01 1.070e+05
1.195e-01 1.032e+05
1.191e-01 1.047e+05
1.100e-01 1.086e+05
1.189e-01 1.036e+05
1.216e-01 1.033e+05
1.200e-01 1.041e+05
1.191e-01 1.032e+05
1.229e-01 1.018e+05
1.209e-01 1.033e+05
1.834e-01 8.196e+04
1.122e-01 1.076e+05
1.247e-01 1.010e+05
1.112e-01 1.073e+05
1.120e-01 1.068e+05
1.102e-01 1.068e+05
1.142e-01 1.059e+05
1.189e-01 1.028e+05
1.212e-01 1.028e+05
1.134e-01 1.054e+05
2.246e-06 8.645e+03
1.282e-01 9.933e+04
1.318e-01 9.759e+04
1.246e-01 1.008e+05
1.269e-01 1.007e+05
1.098e-01 1.078e+05
1.314e-01 9.687e+04
1.681e-01 8.415e+04
2.330e-01 7.601e+04
1.143e-01 1.040e+05
1.128e-01 1.064e+05
2.008e-01 7.567e+04
1.123e-01 1.058e+05
1.543e-01 8.954e+04
1.131e-01 1.067e+05
2.162e-01 7.994e+04
1.530e-01 8.904e+04
1.231e-01 1.028e+05
1.459e-01 8.984e+04
1.158e-01 1.035e+05
1.098e-01 1.076e+05
2.257e-01 7.800e+04
2.228e-01 7.710e+04
1.235e-01 1.010e+05
1.208e-01 1.014e+05
2.514e-01 7.474e+04
2.224e-01 7.476e+04
1.099e-01 1.089e+05
1.161e-01 1.030e+05
1.738e-01 8.494e+04
1.185e-01 1.031e+05
1.245e-01 1.005e+05
1.163e-01 1.056e+05
1.118e-01 1.073e+05
1.493e-01 9.050e+04
1.138e-01 1.049e+05
1.128e-01 1.056e+05
1.197e-01 1.028e+05
1.121e-01 1.071e+05
1.633e-01 8.846e+04
2.417e-01 7.281e+04
1.110e-01 1.075e+05
1.190e-01 1.032e+05
2.203e-01 7.412e+04
1.120e-01 1.073e+05
1.148e-01 1.054e+05
1.062e-01 1.104e+05
1.187e-01 1.031e+05
1.220e-01 1.021e+05
2.270e-01 7.457e+04
1.192e-01 1.024e+05
1.164e-01 1.045e+05
1.105e-01 1.067e+05
1.162e-01 1.044e+05
1.117e-01 1.057e+05
1.163e-01 1.053e+05
1.788e-01 8.348e+04
2.348e-01 7.416e+04
1.184e-01 1.030e+05
1.140e-01 1.053e+05
2.022e-01 8.044e+04
2.219e-01 7.465e+04
1.165e-01 1.037e+05
1.194e-01 1.037e+05
1.110e-01 1.075e+05
1.162e-01 1.042e+05
1.312e-01 9.932e+04
1.231e-01 1.027e+05
1.091e-01 1.076e+05
1.146e-01 1.045e+05
1.225e-01 1.022e+05
2.032e-01 7.612e+04
1.661e-01 8.676e+04
1.209e-01 1.037e+05
1.328e-01 9.703e+04
1.221e-01 1.024e+05
1.161e-01 1.047e+05
1.111e-01 1.065e+05
1.298e-01 9.963e+04
1.615e-01 8.778e+04
1.112e-01 1.080e+05
1.287e-01 9.990e+04
1.211e-01 1.022e+05
1.691e-01 8.590e+04
1.162e-01 1.040e+05
1.142e-06 1.245e+04
1.111e-01 1.067e+05
1.112e-01 1.081e+05
1.147e-01 1.052e+05
2.570e-01 7.488e+04
1.151e-01 1.051e+05
2.620e-01 7.196e+04
1.174e-01 1.038e+05
1.259e-01 1.005e+05
1.198e-01 1.020e+05
1.198e-01 1.040e+05
1.111e-01 1.073e+05
1.132e-01 1.062e+05
2.140e-01 7.543e+04
2.139e-01 7.771e+04
1.136e-01 1.053e+05
1.185e-01 1.018e+05
1.207e-01 1.028e+05
1.196e-01 1.031e+05
1.435e-01 8.994e+04
1.137e-01 1.055e+05
1.137e-01 1.049e+05
1.570e-01 8.987e+04
2.287e-01 7.466e+04
1.277e-01 9.913e+04
1.395e-01 9.515e+04
1.097e-01 1.084e+05
1.158e-01 1.049e+05
1.318e-01 9.849e+04
1.134e-01 1.055e+05
1.212e-01 1.019e+05
1.121e-01 1.069e+05
1.141e-01 1.051e+05
1.186e-01 1.030e+05
1.197e-01 1.028e+05
1.166e-01 1.047e+05
1.245e-01 1.009e+05
1.711e-01 8.543e+04
1.926e-01 7.979e+04
1.104e-01 1.087e+05
1.129e-01 1.067e+05
1.823e-01 7.925e+04
1.159e-01 1.054e+05
1.344e-01 9.664e+04
1.534e-01 9.000e+04
1.142e-01 1.057e+05
1.168e-01 1.043e+05
1.143e-01 1.059e+05
1.176e-01 1.033e+05
1.205e-01 1.024e+05
1.142e-01 1.057e+05
1.178e-01 1.039e+05
1.096e-01 1.074e+05
1.226e-01 1.017e+05
1.109e-01 1.075e+05
1.183e-01 1.022e+05
1.169e-01 1.045e+05
1.162e-01 1.043e+05
1.243e-01 1.025e+05
1.085e-01 1.096e+05
2.045e-01 7.665e+04
1.163e-01 1.048e+05
1.183e-01 1.051e+05
1.844e-01 8.074e+04
1.157e-01 1.059e+05
1.281e-01 1.003e+05
1.089e-01 1.088e+05
1.146e-01 1.055e+05
1.135e-01 1.061e+05
2.261e-01 7.460e+04
1.157e-01 1.050e+05
9.226e-07 3.617e+03
2.009e-01 8.054e+04
1.328e-01 9.531e+04
1.189e-01 1.037e+05
1.146e-01 1.049e+05
1.666e-01 8.732e+04
2.135e-01 7.421e+04
1.196e-01 1.039e+05
1.608e-01 8.739e+04
1.107e-01 1.067e+05
1.119e-01 1.081e+05
1.147e-01 1.052e+05
1.217e-01 1.009e+05
1.144e-01 1.059e+05
1.194e-01 1.034e+05
1.215e-01 9.976e+04
1.147e-01 1.061e+05
2.031e-01 7.839e+04
1.314e-01 9.676e+04
1.158e-01 1.037e+05
1.176e-01 1.038e+05
1.123e-01 1.054e+05
1.941e-01 8.183e+04
1.178e-01 1.044e+05
1.278e-01 1.001e+05
1.129e-01 1.075e+05
1.114e-01 1.061e+05
1.229e-01 1.009e+05
1.072e-01 1.092e+05
1.107e-01 1.074e+05
4.924e-07 8.919e+03
1.131e-01 1.061e+05
2.119e-01 7.528e+04
1.882e-01 7.917e+04
1.866e-01 8.367e+04
1.164e-01 1.045e+05
1.824e-01 8.324e+04
1.143e-01 1.067e+05
2.340e-01 7.254e+04
1.113e-01 1.059e+05
1.196e-01 1.019e+05
1.241e-01 1.008e+05
1.180e-01 1.027e+05
1.168e-01 1.048e+05
1.127e-01 1.062e+05
2.148e-01 7.623e+04
1.197e-01 1.033e+05
2.207e-01 7.673e+04
1.154e-01 1.058e+05
1.118e-01 1.066e+05
1.127e-01 1.066e+05
2.403e-01 7.334e+04
1.133e-01 1.061e+05
2.527e-06 3.743e+03
1.243e-01 1.004e+05
1.240e-01 9.915e+04
1.232e-01 1.012e+05
1.204e-01 1.031e+05
1.127e-01 1.060e+05
1.217e-01 1.008e+05
1.180e-01 1.039e+05
1.160e-01 1.051e+05
1.610e-01 8.565e+04
1.409e-01 9.469e+04
1.936e-01 7.991e+04
1.071e-01 1.098e+05
1.129e-01 1.057e+05
1.170e-01 1.036e+05
1.234e-01 1.015e+05
1.243e-01 1.024e+05
2.043e-01 7.788e+04
1.165e-01 1.042e+05
1.191e-01 1.029e+05
1.961e-01 7.836e+04
1.266e-01 9.960e+04
1.105e-01 1.074e+05
1.093e-01 1.090e+05
1.267e-01 1.009e+05
2.033e-01 8.073e+04
1.233e-01 1.013e+05
1.226e-01 1.022e+05
1.770e-01 8.372e+04
1.165e-01 1.030e+05
1.107e-01 1.082e+05
1.163e-01 1.050e+05
1.199e-01 1.026e+05
2.179e-01 7.687e+04
1.238e-01 1.009e+05
1.157e-01 1.049e+05
1.190e-01 1.037e+05
1.159e-01 1.062e+05
1.190e-01 1.027e+05
1.170e-01 1.054e+05
2.054e-01 7.779e+04
1.676e-01 8.516e+04
2.555e-01 7.543e+04
1.091e-01 1.087e+05
1.111e-01 1.071e+05
1.115e-01 1.072e+05
1.356e-01 9.605e+04
2.247e-01 7.504e+04
1.190e-01 1.021e+05
1.135e-01 1.045e+05
1.237e-01 1.016e+05
2.112e-01 7.715e+04
1.145e-01 1.053e+05
1.308e-01 9.537e+04
2.141e-01 7.323e+04
1.263e-01 9.976e+04
1.187e-01 1.032e+05
1.307e-01 9.786e+04
1.165e-01 1.049e+05
1.108e-01 1.069e+05
1.179e-01 1.032e+05
1.220e-01 1.013e+05
1.109e-01 1.079e+05
1.203e-01 1.038e+05
1.160e-01 1.049e+05
1.149e-01 1.057e+05
1.977e-01 8.027e+04
1.130e-01 1.058e+05
1.199e-01 1.019e+05
1.148e-01 1.054e+05
1.857e-01 7.985e+04
1.181e-01 1.043e+05
1.141e-01 1.069e+05
1.247e-01 1.002e+05
1.179e-01 1.033e+05
1.147e-01 1.043e+05
1.252e-01 1.008e+05
1.135e-01 1.072e+05
1.171e-01 1.046e+05
1.209e-01 9.987e+04
1.111e-01 1.070e+05
1.152e-01 1.050e+05
1.286e-01 9.929e+04
1.193e-01 1.039e+05
1.184e-01 1.023e+05
1.146e-01 1.064e+05
1.167e-01 1.039e+05
1.244e-01 1.010e+05
1.221e-01 1.026e+05
1.109e-01 1.067e+05
1.572e-01 9.021e+04
1.224e-01 1.027e+05
1.222e-01 1.009e+05
2.023e-01 7.760e+04
2.120e-01 7.308e+04
1.253e-01 1.004e+05
1.205e-01 1.041e+05
1.370e-01 9.640e+04
1.140e-01 1.048e+05
1.198e-01 1.031e+05
1.969e-01 7.868e+04
2.437e-01 7.486e+04
1.375e-05 1.875e+04
1.148e-01 1.053e+05
1.140e-01 1.063e+05
1.216e-01 1.021e+05
1.141e-01 1.061e+05
1.183e-01 1.033e+05
1.181e-01 1.033e+05
1.201e-01 1.009e+05
1.189e-01 1.027e+05
1.274e-01 9.971e+04
1.208e-01 1.021e+05
1.119e-01 1.072e+05
1.222e-01 1.016e+05
1.188e-01 1.039e+05
1.111e-01 1.084e+05
2.136e-01 8.051e+04
1.135e-01 1.052e+05
1.700e-01 8.625e+04
1.067e-01 1.103e+05
1.104e-01 1.066e+05
1.180e-01 1.021e+05
1.097e-01 1.085e+05
1.770e-01 8.407e+04
1.256e-01 1.006e+05
1.887e-01 8.206e+04
1.241e-01 9.964e+04
1.602e-01 8.865e+04
1.486e-01 8.851e+04
1.104e-01 1.074e+05
1.888e-01 8.066e+04
2.151e-01 7.507e+04
1.105e-01 1.085e+05
2.030e-01 7.790e+04
1.158e-01 1.046e+05
1.099e-01 1.084e+05
1.468e-01 9.296e+04
1.306e-01 9.911e+04
1.168e-01 1.045e+05
1.147e-01 1.055e+05
1.125e-01 1.067e+05
1.120e-01 1.072e+05
2.030e-01 7.941e+04
1.932e-01 7.914e+04
1.186e-01 1.037e+05
1.237e-01 9.989e+04
1.090e-01 1.080e+05
1.184e-01 1.037e+05
1.142e-01 1.065e+05
1.143e-01 1.061e+05
1.169e-01 1.037e+05
1.215e-01 1.032e+05
1.208e-01 1.026e+05
1.279e-01 9.990e+04
1.116e-01 1.060e+05
1.123e-01 1.060e+05
1.927e-01 7.957e+04
1.137e-01 1.056e+05
1.095e-01 1.087e+05
1.237e-01 1.020e+05
1.546e-01 8.946e+04
1.216e-01 1.021e+05
1.703e-01 8.376e+04
1.203e-01 1.027e+05
1.204e-01 1.015e+05
1.813e-01 8.461e+04
1.173e-01 1.040e+05
1.225e-01 1.019e+05
1.334e-01 9.653e+04
1.214e-01 1.018e+05
1.174e-01 1.047e+05
1.135e-01 1.050e+05
1.182e-01 1.040e+05
1.461e-01 9.037e+04
1.173e-01 1.058e+05
2.373e-01 7.548e+04
1.178e-01 1.040e+05
1.134e-01 1.072e+05
1.157e-01 1.050e+05
1.149e-01 1.067e+05
1.206e-01 1.019e+05
1.616e-01 8.500e+04
1.221e-01 1.018e+05
1.207e-01 1.025e+05
1.270e-01 1.010e+05
1.233e-01 1.015e+05
1.990e-01 7.809e+04
1.142e-01 1.054e+05
1.446e-01 9.157e+04
1.201e-01 1.039e+05
1.158e-01 1.058e+05
1.604e-01 8.781e+04
1.147e-01 1.059e+05
1.135e-01 1.061e+05
1.171e-01 1.040e+05
1.199e-01 1.023e+05
2.014e-01 7.691e+04
1.160e-01 1.040e+05
1.121e-01 1.070e+05
1.196e-01 1.034e+05
1.943e-01 8.136e+04
1.889e-01 7.805e+04
1.146e-01 1.053e+05
1.245e-01 1.004e+05
7.368e-06 8.357e+03
1.221e-01 1.008e+05
1.923e-01 8.137e+04
1.104e-01 1.071e+05
1.294e-01 9.707e+04
1.751e-01 8.433e+04
1.074e-01 1.096e+05
2.057e-01 7.619e+04
1.214e-01 1.031e+05
1.175e-01 1.055e+05
2.330e-01 7.492e+04
1.228e-01 1.000e+05
2.172e-01 7.365e+04
1.628e-01 8.507e+04
1.618e-01 8.709e+04
1.165e-01 1.057e+05
1.129e-01 1.057e+05
1.515e-01 9.114e+04
1.154e-01 1.057e+05
1.122e-01 1.070e+05
1.138e-01 1.058e+05
5.041e-07 1.384e+04
1.769e-01 8.272e+04
1.120e-01 1.067e+05
2.141e-01 7.594e+04
1.296e-01 9.795e+04
1.183e-01 1.033e+05
1.197e-01 1.039e+05
1.833e-01 8.103e+04
1.719e-01 8.493e+04
1.575e-01 8.816e+04
2.154e-01 7.615e+04
1.225e-01 1.016e+05
1.146e-01 1.053e+05
1.132e-01 1.068e+05
1.270e-01 9.909e+04
1.112e-01 1.074e+05
2.202e-01 7.681e+04
1.193e-01 1.033e+05
1.422e-01 9.306e+04
1.992e-01 7.748e+04
1.817e-01 8.188e+04
1.201e-01 1.021e+05
1.132e-01 1.061e+05
1.827e-01 7.977e+04
1.609e-01 8.748e+04
1.100e-01 1.078e+05
1.173e-01 1.036e+05
1.957e-01 7.938e+04
1.286e-01 9.802e+04
1.201e-01 1.006e+05
1.146e-01 1.064e+05
1.116e-01 1.062e+05
1.244e-01 1.007e+05
1.239e-01 1.026e+05
1.187e-01 1.029e+05
1.154e-01 1.048e+05
1.190e-01 1.033e+05
1.263e-01 1.005e+05
1.167e-01 1.046e+05
1.101e-01 1.064e+05
1.575e-01 8.862e+04
2.243e-01 7.636e+04
1.685e-01 8.706e+04
1.204e-01 1.025e+05
1.136e-01 1.059e+05
1.136e-01 1.045e+05
1.199e-01 1.027e+05
2.044e-01 7.622e+04
1.155e-01 1.055e+05
1.153e-01 1.049e+05
2.174e-01 7.567e+04
1.094e-01 1.081e+05
1.761e-01 8.557e+04
1.263e-01 1.011e+05
1.210e-01 1.027e+05
1.136e-01 1.051e+05
2.305e-01 7.443e+04
2.286e-01 7.414e+04
1.189e-01 1.037e+05
2.137e-01 7.677e+04
1.585e-01 8.959e+04
4.543e-08 6.929e+03
1.252e-01 1.009e+05
1.162e-01 1.059e+05
1.081e-01 1.084e+05
1.134e-01 1.064e+05
1.178e-01 1.038e+05
1.160e-01 1.058e+05
1.315e-01 9.929e+04
1.222e-01 1.015e+05
1.179e-01 1.037e+05
1.140e-01 1.052e+05
2.046e-01 7.874e+04
1.530e-01 9.060e+04
1.172e-01 1.042e+05
1.179e-01 1.035e+05
2.135e-01 7.552e+04
1.270e-01 9.931e+04
1.129e-01 1.072e+05
1.154e-01 1.043e+05
1.450e-01 9.438e+04
1.130e-01 1.056e+05
1.259e-01 1.003e+05
2.054e-01 7.506e+04
1.151e-01 1.064e+05
1.200e-01 1.030e+05
1.963e-01 8.138e+04
1.679e-01 8.570e+04
1.113e-01 1.068e+05
1.403e-01 9.254e+04
1.965e-01 7.598e+04
1.203e-01 1.027e+05
1.143e-01 1.064e+05
1.122e-01 1.071e+05
1.132e-01 1.053e+05
1.119e-01 1.073e+05
1.130e-01 1.071e+05
1.819e-01 8.451e+04
1.703e-01 8.624e+04
1.112e-01 1.066e+05
1.104e-01 1.075e+05
1.123e-01 1.073e+05
1.200e-01 1.025e+05
1.171e-01 1.050e+05
1.799e-01 8.428e+04
2.115e-01 7.255e+04
1.161e-01 1.046e+05
1.210e-01 1.026e+05
1.109e-01 1.071e+05
1.621e-01 8.607e+04
1.214e-01 1.025e+05
1.637e-01 8.637e+04
2.248e-01 7.495e+04
1.076e-01 1.092e+05
1.108e-01 1.068e+05
1.191e-01 1.021e+05
1.332e-01 9.813e+04
1.163e-01 1.042e+05
1.172e-01 1.041e+05
1.132e-01 1.067e+05
1.221e-01 1.019e+05
1.163e-01 1.040e+05
1.161e-01 1.060e+05
1.205e-01 1.022e+05
1.109e-01 1.077e+05
1.781e-01 8.342e+04
1.925e-01 8.352e+04
1.412e-01 9.502e+04
1.305e-01 9.812e+04
1.859e-01 8.078e+04
1.966e-01 8.067e+04
2.055e-01 8.017e+04
1.901e-01 8.199e+04
1.700e-01 8.705e+04
1.187e-01 1.030e+05
1.135e-01 1.061e+05
2.388e-01 7.275e+04
1.388e-01 9.460e+04
1.369e-01 9.606e+04
1.356e-01 9.796e+04
1.243e-01 1.013e+05
1.100e-01 1.070e+05
2.756e-01 7.327e+04
1.297e-01 9.641e+04
1.146e-01 1.051e+05
1.212e-01 1.023e+05
1.421e-01 9.291e+04
2.151e-01 7.798e+04
1.138e-01 1.049e+05
1.294e-01 9.992e+04
1.159e-01 1.043e+05
2.141e-01 7.444e+04
1.193e-01 1.027e+05
1.092e-01 1.087e+05
1.235e-01 1.013e+05
1.369e-01 9.652e+04
1.872e-01 7.941e+04
1.323e-01 9.740e+04
1.451e-01 9.230e+04
1.214e-01 1.014e+05
1.176e-01 1.038e+05
1.130e-01 1.069e+05
1.135e-01 1.054e+05
1.794e-01 8.185e+04
2.113e-01 7.748e+04
1.192e-01 1.032e+05
1.113e-01 1.067e+05
1.140e-01 1.048e+05
1.946e-01 7.809e+04
1.230e-01 1.010e+05
1.167e-01 1.055e+05
1.100e-01 1.083e+05
1.434e-01 9.419e+04
1.784e-06 1.292e+04
1.285e-01 9.914e+04
1.137e-01 1.072e+05
1.127e-01 1.054e+05
1.191e-01 1.041e+05
1.107e-01 1.073e+05
2.180e-01 7.478e+04
1.199e-01 1.033e+05
1.133e-01 1.075e+05
1.209e-01 1.028e+05
1.150e-01 1.050e+05
1.152e-01 1.058e+05
1.115e-01 1.076e+05
1.158e-01 1.049e+05
1.112e-01 1.076e+05
1.732e-01 8.558e+04
1.117e-01 1.063e+05
1.145e-01 1.043e+05
1.192e-01 1.024e+05
2.288e-01 7.761e+04
2.506e-01 7.382e+04
1.077e-01 1.101e+05
1.124e-01 1.060e+05
1.186e-01 1.033e+05
5.133e-06 1.158e+04
1.988e-01 7.888e+04
1.949e-01 7.860e+04
2.461e-01 7.383e+04
1.166e-01 1.038e+05
1.243e-01 1.006e+05
1.191e-01 1.035e+05
9.791e-06 7.950e+03
1.141e-01 1.061e+05
1.163e-01 1.055e+05
1.205e-01 1.012e+05
1.341e-01 9.604e+04
1.237e-01 1.008e+05
1.215e-01 1.019e+05
1.289e-01 9.708e+04
1.169e-01 1.040e+05
1.121e-01 1.080e+05
1.192e-01 1.019e+05
1.202e-01 1.022e+05
1.150e-01 1.063e+05
1.264e-01 9.848e+04
1.203e-01 1.009e+05
2.216e-01 7.440e+04
1.173e-01 1.032e+05
1.117e-01 1.066e+05
1.815e-01 7.898e+04
1.927e-01 8.142e+04
1.212e-01 1.013e+05
1.267e-01 1.005e+05
1.543e-01 8.958e+04
1.139e-01 1.055e+05
2.200e-01 7.535e+04
1.189e-01 1.036e+05
1.226e-01 1.029e+05
2.206e-01 7.476e+04
1.165e-01 1.046e+05
1.204e-01 1.024e+05
1.304e-01 9.589e+04
1.751e-01 8.560e+04
1.294e-01 9.974e+04
1.095e-01 1.082e+05
1.952e-01 8.244e+04
1.832e-01 8.192e+04
1.141e-01 1.047e+05
1.522e-01 8.727e+04
1.169e-01 1.053e+05
1.163e-01 1.045e+05
1.283e-01 1.004e+05
1.184e-01 1.042e+05
1.081e-01 1.095e+05
1.205e-01 1.022e+05
1.152e-01 1.054e+05
1.176e-01 1.035e+05
2.578e-01 7.199e+04
1.285e-01 9.834e+04
1.113e-01 1.065e+05
1.458e-01 9.249e+04
1.371e-01 9.626e+04
1.216e-01 1.023e+05
1.157e-01 1.054e+05
1.222e-01 1.011e+05
1.183e-01 1.046e+05
1.157e-01 1.044e+05
1.188e-01 1.040e+05
1.234e-01 1.011e+05
1.167e-01 1.034e+05
1.189e-01 1.034e+05
1.194e-01 1.031e+05
2.254e-01 7.624e+04
1.110e-01 1.070e+05
1.655e-01 8.521e+04
1.208e-01 1.023e+05
1.802e-01 8.085e+04
1.202e-01 1.033e+05
1.260e-01 1.011e+05
1.200e-01 1.035e+05
1.657e-01 8.628e+04
1.164e-01 1.051e+05
1.749e-01 8.179e+04
1.114e-01 1.074e+05
1.208e-01 1.036e+05
1.227e-01 1.018e+05
2.328e-01 7.243e+04
2.188e-01 7.793e+04
1.147e-01 1.043e+05
2.131e-01 7.683e+04
1.181e-01 1.043e+05
1.093e-01 1.084e+05
1.111e-01 1.083e+05
1.143e-01 1.063e+05
1.145e-01 1.037e+05
2.510e-01 7.390e+04
1.503e-06 1.108e+04
1.163e-01 1.059e+05
1.154e-01 1.058e+05
1.275e-01 9.934e+04
1.160e-01 1.041e+05
1.154e-01 1.056e+05
1.185e-01 1.029e+05
1.786e-01 8.178e+04
1.095e-01 1.087e+05
1.223e-01 1.019e+05
1.209e-01 1.015e+05
1.161e-01 1.046e+05
1.183e-01 1.028e+05
1.960e-01 7.695e+04
1.139e-01 1.063e+05
1.204e-01 1.033e+05
1.998e-01 7.802e+04
1.226e-01 1.017e+05
1.412e-01 9.376e+04
2.310e-01 7.408e+04
1.071e-01 1.096e+05
1.195e-01 1.016e+05
2.130e-01 7.459e+04
1.918e-01 8.351e+04
1.239e-01 1.010e+05
1.172e-01 1.047e+05
1.235e-01 1.001e+05
2.022e-01 7.554e+04
1.261e-01 1.010e+05
1.470e-01 9.325e+04
1.105e-01 1.080e+05
1.134e-01 1.057e+05
1.912e-01 8.045e+04
1.131e-01 1.053e+05
1.881e-01 7.992e+04
1.236e-01 1.015e+05
2.354e-01 7.485e+04
1.160e-01 1.048e+05
1.193e-01 1.023e+05
1.108e-01 1.069e+05
1.266e-01 9.939e+04
1.194e-01 1.015e+05
1.152e-01 1.056e+05
1.075e-01 1.092e+05
1.074e-01 1.097e+05
1.169e-01 1.056e+05
1.203e-01 1.020e+05
1.895e-01 7.942e+04
1.101e-01 1.086e+05
1.254e-01 9.997e+04
1.125e-01 1.072e+05
1.213e-01 1.012e+05
1.583e-01 8.797e+04
1.223e-01 1.018e+05
2.334e-01 7.160e+04
2.109e-01 7.817e+04
2.217e-01 7.710e+04
1.837e-01 8.241e+04
1.117e-01 1.073e+05
1.086e-01 1.089e+05
1.189e-01 1.035e+05
1.260e-01 1.016e+05
1.220e-01 1.003e+05
2.154e-01 7.541e+04
1.134e-01 1.056e+05
1.926e-01 8.004e+04
1.218e-01 1.014e+05
1.226e-01 1.012e+05
1.212e-01 1.028e+05
1.091e-01 1.084e+05
1.879e-01 8.019e+04
2.293e-01 7.459e+04
1.164e-01 1.042e+05
1.122e-01 1.056e+05
1.127e-01 1.057e+05
1.255e-01 1.007e+05
1.161e-01 1.049e+05
1.107e-01 1.071e+05
1.158e-01 1.056e+05
1.215e-01 1.000e+05
1.196e-01 1.034e+05
1.187e-01 1.046e+05
1.995e-01 7.951e+04
1.638e-01 8.671e+04
1.304e-01 9.908e+04
1.128e-01 1.066e+05
1.101e-01 1.082e+05
2.054e-01 7.601e+04
1.115e-01 1.074e+05
1.279e-01 9.987e+04
2.398e-06 1.251e+04
1.148e-01 1.048e+05
2.013e-01 7.769e+04
1.267e-01 1.001e+05
1.101e-01 1.064e+05
2.315e-01 7.594e+04
1.846e-01 8.306e+04
1.199e-01 1.018e+05
1.150e-01 1.053e+05
1.704e-01 8.399e+04
1.109e-01 1.070e+05
1.256e-01 1.006e+05
1.146e-01 1.038e+05
2.390e-01 7.249e+04
1.248e-01 1.019e+05
1.145e-01 1.051e+05
1.136e-01 1.065e+05
2.215e-01 7.498e+04
2.486e-01 7.338e+04
1.153e-01 1.063e+05
1.214e-01 1.019e+05
1.158e-01 1.058e+05
1.636e-01 8.669e+04
1.098e-01 1.074e+05
1.134e-01 1.062e+05
1.137e-01 1.046e+05
1.201e-01 1.022e+05
1.150e-01 1.042e+05
1.161e-01 1.044e+05
2.140e-01 7.498e+04
1.162e-01 1.045e+05
2.101e-01 7.587e+04
1.092e-01 1.076e+05
1.167e-01 1.039e+05
1.733e-01 8.484e+04
1.141e-01 1.063e+05
1.248e-01 1.015e+05
2.100e-01 7.686e+04
1.939e-01 8.038e+04
1.110e-01 1.068e+05
1.166e-01 1.050e+05
1.171e-01 1.045e+05
1.170e-01 1.041e+05
1.130e-01 1.061e+05
1.157e-01 1.050e+05
2.169e-01 7.773e+04
1.193e-01 1.042e+05
1.129e-01 1.052e+05
1.203e-01 1.024e+05
1.122e-01 1.069e+05
1.118e-01 1.083e+05
1.181e-01 1.031e+05
1.212e-01 1.029e+05
2.063e-01 7.868e+04
1.188e-01 1.039e+05
1.357e-01 9.466e+04
1.567e-01 8.792e+04
2.353e-01 7.269e+04
1.317e-01 9.684e+04
1.275e-01 9.837e+04
1.129e-01 1.056e+05
1.296e-01 9.791e+04
1.887e-01 8.188e+04
1.141e-01 1.069e+05
1.250e-01 1.005e+05
1.175e-01 1.050e+05
1.124e-01 1.055e+05
1.466e-01 9.042e+04
1.168e-01 1.033e+05
1.163e-01 1.040e+05
1.151e-01 1.050e+05
1.201e-01 1.026e+05
1.429e-01 9.176e+04
1.227e-01 9.857e+04
1.089e-01 1.080e+05
1.191e-01 1.034e+05
1.128e-01 1.073e+05
1.202e-01 1.030e+05
2.004e-01 7.915e+04
1.199e-01 1.021e+05
1.215e-01 1.016e+05
1.143e-01 1.056e+05
1.152e-01 1.055e+05
3.534e-06 1.507e+04
1.100e-01 1.076e+05
2.209e-01 7.568e+04
2.095e-01 7.578e+04
1.155e-01 1.047e+05
1.169e-01 1.031e+05
2.191e-01 7.380e+04
1.178e-01 1.039e+05
1.158e-01 1.048e+05
1.447e-01 9.465e+04
1.120e-01 1.062e+05
1.725e-01 8.489e+04
1.864e-01 8.026e+04
1.753e-01 8.646e+04
1.636e-05 1.792e+04
2.041e-01 7.692e+04
1.127e-01 1.067e+05
1.103e-01 1.086e+05
2.316e-01 7.519e+04
1.235e-01 9.939e+04
1.169e-01 1.050e+05
1.140e-01 1.048e+05
1.176e-01 1.049e+05
1.239e-01 1.017e+05
1.149e-01 1.048e+05
1.209e-01 1.027e+05
1.248e-01 1.009e+05
1.750e-01 8.393e+04
1.280e-01 9.977e+04
1.116e-01 1.075e+05
1.175e-01 1.039e+05
1.157e-01 1.043e+05
1.151e-01 1.046e+05
1.384e-01 9.553e+04
1.065e-01 1.104e+05
1.175e-01 1.038e+05
1.604e-01 8.673e+04
1.574e-01 8.796e+04
1.220e-01 1.021e+05
1.115e-01 1.072e+05
1.431e-01 9.415e+04
2.344e-01 7.355e+04
1.221e-01 1.017e+05
1.133e-01 1.074e+05
1.378e-01 9.643e+04
1.097e-01 1.086e+05
1.166e-01 1.053e+05
1.228e-01 1.020e+05
5.929e-06 9.992e+03
2.277e-01 7.265e+04
1.143e-01 1.050e+05
1.164e-01 1.054e+05
2.205e-01 7.349e+04
1.113e-01 1.076e+05
1.104e-01 1.074e+05
1.380e-01 9.357e+04
1.147e-01 1.043e+05
1.125e-01 1.079e+05
1.611e-01 8.821e+04
1.143e-01 1.057e+05
1.207e-01 1.013e+05
1.080e-01 1.098e+05
1.186e-01 1.042e+05
1.686e-01 8.619e+04
1.881e-01 7.796e+04
1.200e-01 1.019e+05
2.310e-01 7.410e+04
1.158e-01 1.053e+05
2.056e-01 7.718e+04
1.182e-01 1.050e+05
1.994e-01 7.858e+04
1.803e-01 8.555e+04
2.071e-01 7.963e+04
1.124e-01 1.072e+05
1.226e-01 1.019e+05
1.767e-01 8.450e+04
1.184e-01 1.031e+05
2.258e-01 7.472e+04
1.451e-01 9.395e+04
1.202e-01 1.025e+05
1.107e-01 1.073e+05
1.158e-01 1.054e+05
1.240e-01 1.008e+05
1.100e-01 1.080e+05
1.143e-01 1.057e+05
1.252e-01 9.989e+04
1.119e-01 1.071e+05
1.209e-01 1.001e+05
1.087e-01 1.081e+05
2.505e-01 7.211e+04
1.595e-01 8.730e+04
1.137e-01 1.056e+05
2.077e-01 7.945e+04
1.880e-01 8.092e+04
1.192e-01 1.025e+05
1.143e-01 1.067e+05
1.190e-01 1.030e+05
1.154e-01 1.052e+05
1.252e-01 9.986e+04
1.161e-01 1.046e+05
1.169e-01 1.049e+05
1.646e-01 8.794e+04
1.215e-01 1.018e+05
2.156e-01 7.623e+04
1.772e-01 8.197e+04
1.141e-01 1.043e+05
1.379e-01 9.586e+04
1.187e-01 1.041e+05
1.143e-01 1.048e+05
1.176e-01 1.030e+05
1.926e-01 7.948e+04
1.269e-01 9.979e+04
1.169e-01 1.044e+05
1.838e-01 8.367e+04
1.137e-01 1.054e+05
1.116e-01 1.071e+05
1.209e-01 1.023e+05
2.320e-01 7.518e+04
1.280e-01 1.003e+05
1.117e-01 1.075e+05
1.676e-01 8.614e+04
2.189e-01 7.361e+04
1.168e-01 1.023e+05
1.084e-01 1.089e+05
1.111e-01 1.066e+05
1.878e-01 8.144e+04
1.155e-01 1.050e+05
1.166e-01 1.049e+05
1.280e-01 1.009e+05
1.188e-01 1.027e+05
1.195e-01 1.044e+05
1.175e-01 1.048e+05
1.108e-01 1.076e+05
1.302e-01 9.998e+04
1.110e-01 1.082e+05
1.162e-01 1.043e+05
1.311e-01 9.733e+04
1.203e-01 1.030e+05
1.135e-01 1.051e+05
1.238e-01 9.917e+04
1.313e-01 9.549e+04
1.159e-01 1.040e+05
1.326e-01 9.866e+04
1.620e-01 8.944e+04
1.143e-01 1.051e+05
1.218e-01 1.003e+05
1.212e-01 1.013e+05
1.143e-01 1.050e+05
1.159e-01 1.040e+05
1.078e-01 1.090e+05
1.110e-01 1.066e+05
1.138e-01 1.060e+05
1.402e-01 9.538e+04
1.185e-01 1.035e+05
1.141e-01 1.057e+05
1.119e-01 1.076e+05
1.144e-01 1.053e+05
1.234e-01 1.002e+05
2.185e-01 7.822e+04
1.146e-01 1.055e+05
1.386e-01 9.692e+04
1.837e-01 8.200e+04
1.989e-01 7.757e+04
1.185e-01 1.019e+05
1.164e-01 1.039e+05
1.217e-01 1.013e+05
1.128e-01 1.070e+05
1.186e-01 1.044e+05
2.269e-06 4.603e+03
1.946e-01 7.845e+04
1.762e-01 8.468e+04
1.272e-01 9.977e+04
1.280e-01 9.859e+04
1.128e-01 1.062e+05
1.141e-01 1.071e+05
1.121e-01 1.062e+05
1.493e-01 9.009e+04
1.106e-01 1.073e+05
1.303e-01 9.890e+04
1.069e-01 1.096e+05
1.252e-01 1.010e+05
1.207e-01 1.023e+05
1.304e-01 9.788e+04
1.235e-01 9.974e+04
1.131e-01 1.057e+05
1.112e-01 1.073e+05
1.105e-01 1.087e+05
1.375e-01 9.536e+04
1.804e-01 8.228e+04
1.364e-01 9.449e+04
1.145e-01 1.052e+05
1.301e-01 9.878e+04
1.345e-01 9.522e+04
1.128e-01 1.060e+05
1.150e-01 1.056e+05
1.318e-01 9.655e+04
1.136e-01 1.060e+05
1.429e-01 9.365e+04
1.331e-01 9.822e+04
2.364e-01 7.745e+04
1.212e-01 1.005e+05
1.179e-01 1.034e+05
1.134e-01 1.070e+05
1.184e-01 1.028e+05
1.478e-01 9.169e+04
1.141e-01 1.055e+05
1.106e-01 1.079e+05
1.313e-01 9.815e+04
1.835e-01 8.490e+04
1.193e-01 1.025e+05
1.152e-01 1.041e+05
2.431e-01 7.285e+04
1.607e-01 8.616e+04
1.238e-01 1.017e+05
1.847e-01 8.263e+04
1.197e-01 1.033e+05
1.189e-01 1.024e+05
1.120e-01 1.060e+05
1.178e-01 1.033e+05
1.452e-01 9.204e+04
2.020e-01 7.684e+04
1.145e-01 1.048e+05
1.136e-01 1.057e+05
1.188e-01 1.038e+05
1.235e-01 9.973e+04
1.204e-01 1.032e+05
1.606e-01 8.655e+04
1.168e-01 1.041e+05
1.225e-01 1.007e+05
1.124e-01 1.073e+05
1.638e-01 8.565e+04
1.207e-01 1.018e+05
1.211e-01 1.020e+05
1.352e-01 9.737e+04
1.962e-01 7.977e+04
1.202e-01 1.031e+05
1.156e-01 1.059e+05
1.145e-01 1.051e+05
1.140e-01 1.072e+05
8.072e-06 1.198e+04
1.196e-01 1.018e+05
1.279e-01 9.917e+04
1.155e-01 1.030e+05
1.137e-01 1.062e+05
1.274e-01 9.808e+04
1.129e-01 1.067e+05
1.898e-01 8.215e+04
2.058e-01 7.920e+04
1.933e-01 7.883e+04
1.107e-01 1.071e+05
1.635e-01 8.533e+04
2.139e-01 7.429e+04
1.673e-01 8.810e+04
1.143e-01 1.056e+05
1.160e-01 1.037e+05
1.093e-01 1.076e+05
1.234e-01 1.009e+05
1.265e-01 9.970e+04
1.223e-01 1.026e+05
1.371e-01 9.545e+04
1.213e-01 1.024e+05
2.211e-01 7.620e+04
1.163e-01 1.041e+05
1.173e-01 1.053e+05
1.143e-01 1.061e+05
1.213e-01 1.009e+05
1.120e-01 1.068e+05
1.382e-01 9.483e+04
1.175e-01 1.035e+05
1.129e-01 1.064e+05
1.218e-01 1.012e+05
1.259e-01 1.003e+05
3.911e-07 1.244e+04
1.176e-01 1.039e+05
2.163e-01 7.898e+04
1.139e-01 1.054e+05
1.109e-01 1.070e+05
1.181e-01 1.036e+05
1.214e-01 1.006e+05
1.180e-01 1.036e+05
2.076e-01 7.953e+04
1.174e-01 1.040e+05
1.946e-01 7.897e+04
1.218e-01 9.981e+04
1.197e-01 1.026e+05
1.136e-01 1.054e+05
1.739e-01 8.577e+04
1.251e-01 1.016e+05
1.614e-01 8.676e+04
1.272e-01 9.940e+04
1.234e-01 1.010e+05
1.182e-01 1.045e+05
1.168e-01 1.044e+05
1.174e-01 1.044e+05
2.048e-01 7.580e+04
1.111e-01 1.074e+05
1.159e-01 1.063e+05
1.100e-01 1.070e+05
1.103e-01 1.081e+05
1.985e-01 8.059e+04
2.402e-01 7.535e+04
1.129e-01 1.054e+05
1.148e-01 1.056e+05
1.170e-01 1.030e+05
1.550e-01 8.955e+04
1.163e-01 1.054e+05
1.126e-01 1.059e+05
1.197e-01 1.029e+05
1.212e-01 1.031e+05
1.134e-01 1.060e+05
1.179e-01 1.034e+05
1.228e-01 1.012e+05
2.365e-01 7.560e+04
1.236e-01 1.009e+05
1.119e-01 1.066e+05
1.119e-01 1.066e+05
1.458e-01 9.062e+04
1.303e-01 9.703e+04
1.142e-01 1.057e+05
2.692e-01 7.175e+04
1.156e-01 1.042e+05
1.194e-01 1.031e+05
1.124e-01 1.066e+05
1.263e-01 1.000e+05
1.105e-01 1.080e+05
1.263e-01 9.864e+04
1.403e-01 9.563e+04
1.198e-01 1.033e+05
1.162e-01 1.051e+05
1.159e-01 1.055e+05
2.248e-01 7.873e+04
1.704e-01 8.749e+04
8.187e-07 6.153e+03
1.340e-01 9.684e+04
1.143e-01 1.049e+05
1.409e-01 9.447e+04
1.417e-01 9.088e+04
1.243e-01 1.009e+05
1.137e-01 1.062e+05
1.153e-01 1.059e+05
2.053e-01 7.516e+04
1.304e-01 9.762e+04
2.129e-01 7.968e+04
1.130e-01 1.067e+05
2.163e-01 7.670e+04
1.134e-01 1.066e+05
1.692e-01 8.558e+04
2.078e-01 7.947e+04
1.137e-01 1.055e+05
1.409e-01 9.499e+04
1.327e-01 9.894e+04
2.401e-01 7.258e+04
2.051e-01 7.771e+04
1.152e-01 1.048e+05
1.167e-01 1.038e+05
1.255e-01 1.017e+05
1.162e-01 1.048e+05
1.222e-01 1.018e+05
1.718e-01 8.475e+04
1.152e-01 1.063e+05
1.162e-01 1.037e+05
1.451e-01 9.436e+04
2.265e-01 7.866e+04
2.116e-01 7.784e+04
1.338e-01 9.399e+04
1.390e-01 9.420e+04
1.221e-01 1.022e+05
1.207e-01 1.021e+05
2.925e-05 1.028e+04
1.139e-01 1.054e+05
1.193e-01 1.039e+05
1.171e-01 1.042e+05
1.214e-01 1.012e+05
1.137e-01 1.051e+05
1.876e-01 8.305e+04
1.083e-01 1.091e+05
1.114e-01 1.073e+05
2.597e-01 7.306e+04
1.759e-06 1.292e+04
1.217e-01 1.021e+05
1.112e-01 1.083e+05
1.116e-01 1.058e+05
1.490e-01 9.189e+04
1.613e-01 8.564e+04
1.199e-01 1.023e+05
2.261e-01 7.778e+04
1.120e-01 1.059e+05
1.242e-01 1.011e+05
1.244e-01 1.010e+05
1.168e-01 1.040e+05
2.312e-01 7.314e+04
1.182e-01 1.022e+05
1.727e-01 8.439e+04
2.028e-01 7.624e+04
1.507e-01 8.769e+04
1.133e-01 1.059e+05
1.710e-01 8.642e+04
1.679e-01 8.639e+04
1.103e-01 1.088e+05
1.147e-01 1.055e+05
1.229e-01 1.000e+05
1.175e-01 1.044e+05
1.151e-01 1.062e+05
1.227e-01 1.006e+05
1.420e-01 9.370e+04
1.127e-01 1.075e+05
1.253e-01 9.928e+04
1.100e-01 1.075e+05
1.145e-01 1.055e+05
1.262e-01 9.970e+04
1.825e-01 8.149e+04
1.110e-01 1.078e+05
2.125e-01 7.705e+04
2.294e-01 7.837e+04
1.173e-01 1.045e+05
1.761e-01 8.625e+04
1.140e-01 1.066e+05
1.179e-01 1.034e+05
1.148e-01 1.059e+05
1.372e-01 9.581e+04
1.188e-01 1.043e+05
1.113e-01 1.059e+05
1.262e-01 1.000e+05
1.104e-01 1.086e+05
1.188e-01 1.034e+05
1.474e-01 9.162e+04
1.189e-01 1.030e+05
1.142e-01 1.059e+05
1.210e-01 1.019e+05
1.467e-01 9.184e+04
1.584e-01 8.616e+04
1.211e-01 1.005e+05
1.199e-01 1.029e+05
1.136e-01 1.061e+05
1.182e-01 1.035e+05
1.206e-01 1.010e+05
1.150e-01 1.049e+05
1.242e-01 1.014e+05
1.159e-01 1.043e+05
1.126e-01 1.075e+05
1.266e-01 1.007e+05
1.198e-01 1.023e+05
1.666e-06 1.555e+04
1.201e-01 1.030e+05
1.128e-01 1.066e+05
1.199e-01 1.017e+05
1.138e-01 1.057e+05
1.156e-01 1.047e+05
1.328e-01 9.677e+04
1.124e-01 1.071e+05
1.197e-01 1.020e+05
1.205e-01 1.017e+05
1.095e-01 1.080e+05
1.148e-01 1.037e+05
1.196e-01 1.022e+05
1.250e-01 9.898e+04
2.421e-01 7.714e+04
1.147e-01 1.047e+05
1.127e-01 1.049e+05
1.141e-01 1.071e+05
1.133e-01 1.066e+05
1.135e-01 1.063e+05
2.138e-01 7.655e+04
1.378e-01 9.525e+04
1.232e-01 9.904e+04
1.232e-01 1.020e+05
1.229e-01 1.019e+05
1.237e-01 1.010e+05
1.134e-01 1.055e+05
1.729e-01 8.633e+04
1.294e-01 9.857e+04
1.098e-01 1.081e+05
1.167e-01 1.039e+05
1.247e-01 1.007e+05
2.306e-01 7.484e+04
2.007e-01 7.913e+04
1.287e-01 9.886e+04
1.241e-01 1.010e+05
1.094e-01 1.088e+05
2.253e-01 7.472e+04
1.160e-01 1.048e+05
2.137e-01 7.816e+04
1.974e-01 7.919e+04
1.284e-01 1.004e+05
1.099e-01 1.087e+05
1.216e-01 1.014e+05
1.179e-01 1.053e+05
1.240e-01 1.014e+05
1.201e-01 1.038e+05
2.119e-01 7.462e+04
1.161e-01 1.047e+05
1.806e-01 8.468e+04
1.211e-01 1.019e+05
1.183e-01 1.045e+05
1.145e-01 1.053e+05
1.239e-01 1.010e+05
1.140e-01 1.058e+05
1.116e-01 1.067e+05
2.326e-01 7.431e+04
1.625e-01 8.706e+04
1.145e-01 1.043e+05
1.209e-01 1.023e+05
1.305e-01 9.807e+04
1.200e-01 1.031e+05
1.223e-01 1.027e+05
2.432e-01 7.268e+04
1.450e-01 9.144e+04
1.210e-01 1.021e+05
1.163e-01 1.038e+05
1.147e-01 1.054e+05
1.154e-01 1.043e+05
1.440e-01 9.373e+04
1.234e-01 1.014e+05
1.294e-01 9.732e+04
1.179e-01 1.051e+05
1.155e-01 1.045e+05
1.303e-01 9.699e+04
1.173e-01 1.036e+05
1.098e-01 1.073e+05
1.249e-01 1.015e+05
2.131e-06 5.340e+03
1.170e-01 1.034e+05
2.141e-01 7.436e+04
1.916e-01 7.462e+04
1.269e-01 9.937e+04
1.171e-01 1.042e+05
1.097e-01 1.090e+05
2.324e-01 7.617e+04
1.071e-01 1.101e+05
1.275e-01 1.005e+05
1.153e-01 1.061e+05
1.201e-01 1.025e+05
1.220e-01 1.006e+05
1.153e-01 1.056e+05
1.106e-01 1.071e+05
1.162e-01 1.039e+05
2.458e-01 7.399e+04
1.366e-05 7.994e+03
1.165e-01 1.055e+05
1.166e-01 1.046e+05
1.136e-01 1.042e+05
1.282e-01 1.000e+05
1.119e-01 1.057e+05
1.260e-01 1.006e+05
1.154e-01 1.057e+05
1.338e-01 9.427e+04
1.241e-01 1.014e+05
1.116e-01 1.076e+05
1.175e-01 1.046e+05
1.117e-01 1.060e+05
2.584e-01 7.312e+04
1.101e-01 1.083e+05
1.274e-01 1.010e+05
1.185e-01 1.027e+05
2.109e-01 7.676e+04
1.552e-01 8.867e+04
1.215e-01 1.020e+05
1.124e-01 1.057e+05
1.928e-01 7.778e+04
1.081e-01 1.083e+05
1.165e-01 1.048e+05
1.222e-01 1.021e+05
1.837e-01 8.210e+04
1.148e-01 1.052e+05
1.084e-01 1.095e+05
1.151e-01 1.060e+05
1.102e-01 1.081e+05
1.175e-06 9.255e+03
2.460e-01 7.566e+04
1.230e-01 1.016e+05
1.219e-01 1.017e+05
1.198e-01 1.029e+05
1.121e-01 1.068e+05
1.094e-01 1.087e+05
2.204e-01 7.706e+04
1.215e-01 1.023e+05
1.073e-01 1.099e+05
1.140e-01 1.056e+05
2.289e-01 7.387e+04
1.824e-01 8.322e+04
1.928e-01 7.876e+04
1.147e-01 1.056e+05
1.185e-01 1.027e+05
1.098e-01 1.067e+05
1.350e-01 9.804e+04
1.132e-01 1.064e+05
1.160e-01 1.040e+05
1.136e-01 1.065e+05
2.177e-01 7.591e+04
1.153e-01 1.042e+05
1.287e-01 9.910e+04
1.190e-01 1.038e+05
1.173e-01 1.044e+05
1.186e-01 1.038e+05
1.248e-01 9.881e+04
3.356e-06 1.542e+04
1.187e-01 1.038e+05
1.604e-01 8.938e+04
1.225e-01 1.021e+05
1.345e-01 9.557e+04
2.466e-01 7.518e+04
1.221e-01 1.017e+05
1.700e-01 8.566e+04
1.233e-01 1.025e+05
2.321e-01 7.624e+04
1.226e-01 1.026e+05
1.136e-01 1.064e+05
1.222e-01 1.011e+05
1.490e-01 9.088e+04
1.164e-01 1.046e+05
1.838e-01 8.315e+04
1.163e-01 1.039e+05
1.354e-01 9.564e+04
1.096e-01 1.091e+05
1.283e-01 9.955e+04
1.217e-01 1.019e+05
1.092e-01 1.093e+05
1.136e-01 1.058e+05
1.172e-01 1.031e+05
1.137e-01 1.060e+05
2.184e-01 7.820e+04
2.257e-01 7.589e+04
2.102e-01 7.457e+04
7.514e-06 8.078e+03
1.204e-01 1.028e+05
1.140e-01 1.045e+05
1.340e-01 9.672e+04
1.155e-01 1.047e+05
1.277e-01 9.954e+04
1.199e-01 1.019e+05
1.185e-01 1.028e+05
1.189e-01 1.026e+05
1.106e-01 1.080e+05
1.186e-01 1.039e+05
1.196e-01 1.033e+05
1.132e-01 1.043e+05
1.131e-01 1.061e+05
1.800e-01 8.343e+04
2.102e-01 7.904e+04
1.131e-01 1.074e+05
1.226e-01 1.017e+05
1.186e-01 1.029e+05
1.157e-01 1.048e+05
1.133e-01 1.067e+05
1.775e-01 8.431e+04
1.125e-01 1.073e+05
1.199e-01 1.021e+05
1.212e-01 1.019e+05
2.010e-01 7.752e+04
1.219e-01 1.013e+05
1.151e-01 1.046e+05
1.991e-01 7.948e+04
1.140e-01 1.048e+05
1.359e-01 9.707e+04
1.167e-01 1.042e+05
1.158e-01 1.039e+05
1.112e-01 1.069e+05
1.391e-01 9.332e+04
1.845e-01 8.329e+04
1.219e-01 1.024e+05
1.206e-01 1.026e+05
1.137e-01 1.067e+05
2.002e-01 7.755e+04
1.234e-01 1.027e+05
1.178e-01 1.031e+05
2.228e-01 7.554e+04
1.126e-01 1.063e+05
1.201e-01 1.022e+05
2.250e-01 7.458e+04
1.232e-01 1.008e+05
1.189e-01 1.038e+05
1.336e-01 9.646e+04
8.086e-06 2.009e+04
2.126e-01 7.852e+04
1.122e-01 1.069e+05
1.125e-01 1.075e+05
2.052e-01 7.672e+04
1.201e-01 1.031e+05
1.168e-01 1.036e+05
1.186e-01 1.028e+05
2.777e-06 1.517e+04
1.143e-01 1.057e+05
1.094e-01 1.074e+05
1.422e-01 9.447e+04
2.010e-01 7.606e+04
1.273e-06 7.865e+03
1.154e-01 1.049e+05
1.915e-01 7.886e+04
1.207e-01 1.013e+05
2.194e-01 7.477e+04
2.117e-01 7.823e+04
1.122e-01 1.063e+05
1.240e-01 1.007e+05
1.182e-01 1.033e+05
2.044e-01 7.710e+04
2.110e-01 7.691e+04
1.228e-01 1.017e+05
1.129e-01 1.054e+05
1.230e-01 1.006e+05
1.223e-01 1.015e+05
1.327e-01 9.673e+04
1.165e-01 1.047e+05
1.504e-01 9.017e+04
1.112e-01 1.079e+05
1.180e-01 1.039e+05
2.225e-01 7.682e+04
1.196e-01 1.019e+05
1.195e-01 1.023e+05
1.082e-01 1.083e+05
1.177e-01 1.043e+05
1.161e-01 1.043e+05
1.216e-01 1.022e+05
2.529e-01 7.066e+04
1.206e-01 1.019e+05
1.217e-01 1.021e+05
1.167e-01 1.031e+05
1.286e-01 9.955e+04
1.129e-01 1.072e+05
2.021e-01 8.082e+04
1.101e-01 1.079e+05
1.135e-01 1.060e+05
1.722e-01 8.442e+04
2.508e-01 7.471e+04
1.146e-01 1.049e+05
1.150e-01 1.052e+05
2.245e-01 7.581e+04
1.140e-01 1.064e+05
1.166e-01 1.030e+05
1.955e-01 7.907e+04
1.224e-01 1.027e+05
1.129e-01 1.062e+05
1.269e-01 9.990e+04
1.205e-01 1.004e+05
1.182e-01 1.032e+05
1.186e-01 1.023e+05
1.273e-01 9.912e+04
1.122e-01 1.062e+05
1.118e-01 1.081e+05
1.136e-01 1.055e+05
1.215e-01 1.018e+05
1.123e-01 1.065e+05
2.363e-01 7.442e+04
1.132e-01 1.064e+05
1.835e-01 7.889e+04
1.129e-01 1.052e+05
1.093e-01 1.079e+05
2.058e-01 7.667e+04
1.473e-01 9.294e+04
2.362e-01 7.216e+04
1.149e-01 1.044e+05
1.283e-01 9.639e+04
1.084e-01 1.088e+05
1.202e-01 1.021e+05
1.135e-01 1.050e+05
1.134e-01 1.054e+05
1.135e-01 1.055e+05
1.868e-01 7.901e+04
1.058e-01 1.104e+05
1.198e-01 1.029e+05
2.347e-01 7.253e+04
1.172e-01 1.045e+05
1.094e-01 1.078e+05
1.113e-01 1.079e+05
1.584e-01 9.037e+04
2.097e-01 7.756e+04
1.125e-01 1.070e+05
1.144e-01 1.051e+05
1.215e-01 1.019e+05
1.144e-01 1.054e+05
1.975e-01 8.139e+04
1.764e-01 8.289e+04
2.096e-01 7.945e+04
1.155e-01 1.046e+05
1.264e-01 9.892e+04
1.134e-01 1.055e+05
1.375e-01 9.482e+04
1.193e-01 1.038e+05
1.189e-01 1.027e+05
2.066e-01 7.702e+04
1.163e-01 1.038e+05
1.127e-01 1.064e+05
1.235e-01 1.007e+05
1.092e-01 1.085e+05
1.497e-01 9.072e+04
2.004e-01 7.984e+04
1.266e-01 1.009e+05
1.188e-01 1.032e+05
1.297e-01 9.901e+04
1.132e-01 1.064e+05
1.191e-01 1.047e+05
1.851e-01 8.177e+04
1.133e-01 1.061e+05
1.137e-01 1.055e+05
1.160e-01 1.038e+05
1.931e-05 8.792e+03
1.255e-01 9.951e+04
1.471e-01 9.104e+04
1.497e-01 9.107e+04
1.375e-01 9.537e+04
1.305e-01 9.854e+04
1.321e-01 9.728e+04
1.101e-01 1.077e+05
1.130e-01 1.061e+05
1.103e-01 1.078e+05
1.276e-01 9.891e+04
1.230e-01 1.028e+05
1.949e-01 8.192e+04
1.134e-01 1.069e+05
2.253e-01 7.533e+04
1.189e-01 1.039e+05
1.106e-01 1.076e+05
1.134e-01 1.063e+05
1.157e-01 1.045e+05
1.099e-01 1.069e+05
1.133e-01 1.066e+05
1.239e-01 1.012e+05
1.209e-01 1.007e+05
1.176e-01 1.037e+05
1.167e-01 1.035e+05
1.141e-01 1.059e+05
1.482e-01 9.262e+04
1.286e-01 9.835e+04
1.687e-01 8.472e+04
1.119e-01 1.075e+05
1.156e-01 1.055e+05
1.257e-01 1.006e+05
1.603e-01 8.937e+04
1.069e-01 1.105e+05
1.801e-01 8.290e+04
1.177e-01 1.042e+05
1.169e-01 1.035e+05
1.161e-01 1.058e+05
1.201e-01 1.024e+05
1.127e-01 1.064e+05
1.975e-01 7.962e+04
1.192e-01 1.042e+05
1.143e-01 1.050e+05
1.221e-01 1.024e+05
2.011e-01 7.691e+04
2.430e-01 7.573e+04
1.734e-01 8.611e+04
1.308e-01 9.830e+04
1.152e-01 1.057e+05
1.253e-01 9.965e+04
2.231e-01 7.557e+04
1.212e-01 1.015e+05
1.554e-01 8.888e+04
1.645e-01 8.564e+04
1.176e-01 1.042e+05
1.183e-01 1.027e+05
1.217e-01 1.025e+05
1.929e-01 7.981e+04
1.153e-01 1.053e+05
2.274e-01 7.529e+04
1.125e-01 1.059e+05
1.207e-01 1.020e+05
1.112e-01 1.078e+05
1.230e-01 1.013e+05
1.268e-01 9.683e+04
1.489e-01 9.199e+04
1.256e-01 1.013e+05
1.201e-01 1.034e+05
1.189e-01 1.027e+05
1.346e-01 9.648e+04
1.224e-01 1.014e+05
1.127e-01 1.074e+05
1.173e-01 1.053e+05
1.264e-01 9.774e+04
1.162e-01 1.042e+05
1.345e-01 9.700e+04
2.404e-01 7.310e+04
1.143e-01 1.056e+05
1.196e-01 1.024e+05
4.741e-06 1.430e+04
8.285e-06 5.617e+03
1.112e-01 1.080e+05
1.865e-01 8.143e+04
1.333e-01 9.579e+04
2.340e-01 7.275e+04
2.294e-01 7.206e+04
1.110e-01 1.076e+05
1.131e-01 1.049e+05
1.145e-01 1.054e+05
1.111e-01 1.070e+05
1.176e-01 1.026e+05
1.159e-01 1.046e+05
1.111e-01 1.069e+05
1.583e-01 8.921e+04
1.263e-01 9.936e+04
1.958e-01 7.900e+04
2.167e-01 7.498e+04
1.399e-01 9.357e+04
1.152e-01 1.057e+05
1.102e-01 1.084e+05
1.105e-01 1.075e+05
1.196e-01 1.011e+05
1.102e-01 1.073e+05
2.245e-01 7.688e+04
2.302e-01 7.043e+04
1.191e-01 1.026e+05
1.163e-01 1.034e+05
1.148e-01 1.056e+05
1.318e-01 9.836e+04
1.211e-01 1.027e+05
2.060e-01 7.894e+04
1.371e-01 9.658e+04
1.168e-01 1.036e+05
1.822e-01 8.373e+04
1.219e-01 1.015e+05
1.159e-01 1.045e+05
1.180e-01 1.046e+05
1.144e-01 1.055e+05
1.151e-01 1.052e+05
1.177e-01 1.022e+05
1.370e-01 9.740e+04
1.315e-05 1.140e+04
1.344e-01 9.557e+04
1.118e-01 1.065e+05
1.226e-01 1.009e+05
1.920e-01 8.199e+04
1.314e-01 9.789e+04
1.330e-01 9.727e+04
1.141e-01 1.053e+05
1.144e-01 1.050e+05
1.386e-01 9.514e+04
1.430e-01 9.284e+04
1.310e-01 9.867e+04
1.274e-01 1.007e+05
1.195e-01 1.018e+05
1.536e-01 9.122e+04
1.088e-01 1.077e+05
1.186e-01 1.030e+05
1.184e-01 1.029e+05
1.172e-01 1.046e+05
1.387e-06 1.665e+04
1.705e-01 8.704e+04
1.983e-01 7.709e+04
1.171e-01 1.053e+05
1.175e-01 1.049e+05
1.134e-01 1.050e+05
1.149e-01 1.054e+05
1.174e-01 1.039e+05
1.269e-01 9.882e+04
1.494e-01 9.168e+04
1.431e-01 9.200e+04
1.098e-01 1.073e+05
1.359e-01 9.440e+04
1.496e-01 9.182e+04
1.217e-01 1.020e+05
1.113e-01 1.076e+05
1.923e-01 7.854e+04
1.210e-01 1.019e+05
2.413e-01 7.515e+04
1.174e-01 1.041e+05
1.191e-01 1.011e+05
1.205e-01 1.033e+05
1.168e-01 1.037e+05
1.170e-01 1.033e+05
1.224e-01 1.021e+05
1.129e-01 1.067e+05
2.025e-01 7.881e+04
1.188e-01 1.033e+05
1.732e-01 8.329e+04
1.145e-01 1.050e+05
1.854e-01 8.147e+04
1.214e-01 1.023e+05
1.104e-01 1.065e+05
1.119e-01 1.061e+05
1.236e-01 1.006e+05
1.164e-01 1.041e+05
1.213e-01 1.030e+05
2.164e-01 7.539e+04
1.219e-01 1.016e+05
1.138e-01 1.057e+05
2.155e-01 7.626e+04
1.292e-01 9.947e+04
1.203e-01 1.035e+05
1.961e-01 7.989e+04
2.109e-01 7.823e+04
1.247e-01 1.001e+05
1.174e-01 1.043e+05
1.194e-01 1.036e+05
1.157e-01 1.053e+05
1.121e-01 1.076e+05
1.114e-01 1.074e+05
1.144e-01 1.061e+05
1.205e-01 1.022e+05
2.186e-01 7.795e+04
1.168e-01 1.044e+05
1.173e-01 1.041e+05
1.175e-01 1.049e+05
1.097e-01 1.083e+05
1.269e-01 1.001e+05
1.155e-01 1.054e+05
1.161e-01 1.042e+05
1.275e-01 9.957e+04
1.117e-01 1.074e+05
1.251e-01 1.006e+05
1.771e-01 8.194e+04
1.137e-01 1.059e+05
1.600e-01 8.680e+04
1.189e-01 1.034e+05
1.074e-01 1.095e+05
2.248e-01 7.303e+04
2.046e-01 7.769e+04
2.150e-01 7.610e+04
1.067e-01 1.093e+05
1.082e-01 1.096e+05
1.233e-01 1.023e+05
2.232e-01 7.488e+04
1.147e-01 1.059e+05
1.157e-01 1.050e+05
1.123e-01 1.064e+05
1.104e-01 1.074e+05
1.105e-01 1.079e+05
1.184e-01 1.038e+05
1.127e-01 1.058e+05
1.117e-01 1.080e+05
1.147e-01 1.050e+05
2.226e-01 7.856e+04
1.148e-01 1.054e+05
2.097e-01 7.441e+04
1.640e-01 8.623e+04
1.122e-01 1.077e+05
1.210e-01 1.023e+05
1.210e-01 1.022e+05
1.092e-01 1.081e+05
1.158e-01 1.049e+05
1.145e-01 1.060e+05
1.157e-01 1.037e+05
2.291e-01 7.416e+04
1.621e-01 8.676e+04
1.134e-01 1.064e+05
1.168e-01 1.046e+05
1.097e-01 1.077e+05
1.352e-01 9.704e+04
1.235e-01 1.007e+05
1.081e-01 1.086e+05
1.307e-01 9.844e+04
1.262e-01 1.009e+05
1.169e-01 1.036e+05
1.452e-01 9.189e+04
1.185e-01 1.045e+05
1.212e-01 1.018e+05
1.190e-01 1.027e+05
1.087e-01 1.084e+05
1.198e-01 1.020e+05
1.202e-01 1.027e+05
1.208e-01 1.026e+05
1.163e-01 1.059e+05
1.225e-01 1.003e+05
1.228e-01 1.028e+05
1.140e-01 1.056e+05
1.153e-01 1.050e+05
1.159e-01 1.049e+05
1.137e-01 1.057e+05
1.340e-01 9.476e+04
1.183e-01 1.041e+05
2.088e-01 7.504e+04
1.088e-01 1.084e+05
1.054e-01 1.103e+05
1.193e-01 1.032e+05
1.258e-01 1.002e+05
1.210e-01 1.037e+05
1.150e-01 1.063e+05
1.125e-01 1.061e+05
1.110e-01 1.066e+05
1.203e-01 1.023e+05
1.836e-01 8.108e+04
2.230e-01 7.118e+04
1.072e-01 1.090e+05
1.293e-01 9.927e+04
1.136e-01 1.057e+05
1.269e-01 9.893e+04
1.119e-01 1.067e+05
1.109e-01 1.073e+05
1.153e-01 1.058e+05
1.113e-01 1.072e+05
1.204e-01 1.024e+05
2.313e-01 7.459e+04
1.190e-01 1.025e+05
1.169e-01 1.037e+05
1.151e-01 1.057e+05
1.160e-01 1.037e+05
1.169e-01 1.023e+05
1.106e-01 1.072e+05
1.190e-01 1.043e+05
1.183e-01 1.036e+05
1.149e-01 1.054e+05
1.136e-01 1.057e+05
1.313e-01 9.852e+04
1.536e-01 9.018e+04
1.205e-01 1.020e+05
1.234e-01 9.955e+04
1.249e-01 1.011e+05
1.395e-01 9.385e+04
1.130e-01 1.056e+05
1.142e-01 1.054e+05
1.243e-01 1.015e+05
2.299e-01 7.557e+04
2.133e-01 7.865e+04
1.676e-01 8.717e+04
1.115e-01 1.073e+05
1.769e-01 8.558e+04
1.158e-01 1.050e+05
1.231e-01 1.020e+05
1.199e-01 1.018e+05
1.109e-01 1.085e+05
1.235e-01 1.009e+05
1.111e-01 1.085e+05
1.175e-01 1.040e+05
1.095e-01 1.084e+05
1.218e-01 1.013e+05
1.068e-01 1.098e+05
1.766e-01 8.206e+04
1.330e-01 9.818e+04
1.192e-01 1.030e+05
1.177e-01 1.034e+05
1.183e-01 1.036e+05
1.102e-01 1.072e+05
2.632e-01 7.289e+04
1.196e-01 1.046e+05
1.277e-01 9.981e+04
1.452e-01 9.258e+04
1.165e-01 1.042e+05
2.195e-01 7.411e+04
1.099e-01 1.074e+05
1.153e-01 1.041e+05
2.019e-01 7.727e+04
1.171e-01 1.035e+05
1.308e-01 9.921e+04
1.233e-01 1.002e+05
2.568e-01 7.317e+04
1.150e-01 1.049e+05
1.406e-01 9.433e+04
1.143e-01 1.057e+05
1.167e-01 1.036e+05
1.974e-01 7.805e+04
1.131e-01 1.067e+05
1.242e-01 1.004e+05
2.213e-01 7.736e+04
1.258e-01 9.967e+04
1.826e-01 8.381e+04
1.219e-01 1.020e+05
1.120e-01 1.069e+05
1.157e-01 1.045e+05
1.478e-01 9.158e+04
1.254e-01 1.009e+05
1.147e-01 1.048e+05
1.208e-01 1.017e+05
1.140e-01 1.052e+05
1.471e-01 9.211e+04
1.203e-01 1.015e+05
1.558e-01 8.780e+04
1.096e-01 1.087e+05
1.138e-01 1.061e+05
1.176e-01 1.042e+05
3.762e-06 7.054e+03
1.101e-01 1.078e+05
1.081e-01 1.092e+05
1.136e-01 1.059e+05
1.176e-01 1.040e+05
1.282e-01 9.836e+04
2.428e-01 7.387e+04
1.236e-01 1.011e+05
1.510e-01 9.036e+04
1.089e-01 1.086e+05
1.248e-01 1.011e+05
1.983e-01 8.096e+04
1.961e-01 7.826e+04
1.226e-01 1.011e+05
1.274e-01 9.940e+04
2.322e-01 7.561e+04
1.222e-01 1.021e+05
1.305e-01 9.735e+04
1.379e-01 9.465e+04
2.370e-01 7.496e+04
1.136e-01 1.053e+05
1.137e-01 1.051e+05
1.166e-01 1.051e+05
1.118e-01 1.064e+05
1.178e-01 1.029e+05
1.970e-01 7.870e+04
2.111e-01 7.608e+04
1.118e-01 1.062e+05
1.604e-01 8.779e+04
1.091e-01 1.090e+05
1.734e-01 8.372e+04
1.338e-01 9.850e+04
2.088e-01 7.786e+04
1.221e-01 1.020e+05
1.256e-01 9.997e+04
1.205e-01 1.013e+05
1.210e-01 1.025e+05
1.169e-01 1.042e+05
1.707e-01 8.486e+04
1.148e-01 1.048e+05
1.680e-01 8.516e+04
1.287e-01 9.832e+04
2.075e-01 7.713e+04
1.129e-01 1.076e+05
1.106e-01 1.082e+05
1.137e-01 1.062e+05
1.170e-01 1.038e+05
2.063e-01 7.479e+04
1.156e-01 1.046e+05
1.965e-01 8.020e+04
1.095e-01 1.078e+05
1.112e-01 1.062e+05
2.252e-01 7.129e+04
1.166e-01 1.054e+05
1.136e-01 1.065e+05
1.976e-01 7.816e+04
1.104e-01 1.084e+05
1.909e-01 7.876e+04
1.114e-01 1.068e+05
1.169e-01 1.048e+05
1.145e-01 1.057e+05
1.174e-01 1.038e+05
1.210e-01 1.006e+05
1.689e-01 8.525e+04
1.983e-01 7.979e+04
1.134e-01 1.042e+05
1.181e-01 1.033e+05
1.197e-01 1.035e+05
1.110e-01 1.078e+05
1.199e-01 1.025e+05
1.141e-01 1.070e+05
1.128e-01 1.071e+05
1.182e-01 1.034e+05
2.370e-01 7.659e+04
1.768e-05 2.866e+03
1.151e-01 1.049e+05
1.139e-01 1.054e+05
1.223e-01 1.018e+05
1.232e-01 1.015e+05
1.277e-01 9.880e+04
1.449e-01 9.113e+04
1.448e-01 9.268e+04
2.479e-01 7.419e+04
1.151e-01 1.056e+05
1.175e-01 1.038e+05
1.901e-01 8.081e+04
1.984e-01 7.846e+04
1.233e-01 9.960e+04
2.333e-01 7.459e+04
1.124e-01 1.063e+05
1.089e-01 1.085e+05
1.139e-01 1.041e+05
1.217e-01 1.017e+05
1.149e-01 1.055e+05
1.214e-01 1.016e+05
1.182e-01 1.032e+05
1.496e-01 9.075e+04
2.338e-01 7.713e+04
1.083e-01 1.090e+05
1.567e-01 8.839e+04
1.196e-01 1.034e+05
1.421e-06 1.054e+04
1.134e-01 1.051e+05
1.163e-01 1.042e+05
2.252e-01 7.397e+04
1.069e-01 1.098e+05
1.187e-01 1.044e+05
1.330e-01 9.775e+04
1.660e-01 8.748e+04
1.162e-01 1.056e+05
1.204e-01 1.017e+05
1.103e-01 1.070e+05
2.345e-01 7.485e+04
6.278e-06 4.101e+03
1.143e-01 1.063e+05
1.145e-01 1.061e+05
1.210e-01 1.027e+05
1.362e-01 9.473e+04
1.292e-01 9.689e+04
1.179e-01 1.029e+05
1.207e-01 1.035e+05
1.094e-01 1.076e+05
1.385e-01 9.390e+04
1.247e-01 1.001e+05
1.696e-01 8.579e+04
1.130e-01 1.069e+05
1.169e-01 1.041e+05
1.641e-01 8.766e+04
1.240e-01 1.004e+05
1.190e-01 1.018e+05
1.209e-01 1.012e+05
1.164e-01 1.041e+05
1.130e-01 1.067e+05
1.185e-01 1.032e+05
1.173e-01 1.047e+05
1.138e-01 1.062e+05
1.196e-01 1.034e+05
1.175e-01 1.036e+05
2.125e-01 7.722e+04
2.151e-01 7.775e+04
1.542e-01 8.908e+04
1.164e-01 1.048e+05
1.310e-01 9.781e+04
2.443e-01 7.264e+04
1.247e-01 1.022e+05
1.360e-01 9.730e+04
1.175e-01 1.047e+05
1.231e-01 1.009e+05
1.258e-01 9.872e+04
1.174e-01 1.031e+05
2.330e-01 7.622e+04
1.180e-01 1.032e+05
2.040e-01 7.836e+04
2.330e-01 7.415e+04
1.213e-01 1.019e+05
1.130e-01 1.072e+05
1.138e-01 1.053e+05
1.163e-01 1.050e+05
1.166e-01 1.041e+05
1.091e-01 1.089e+05
1.174e-01 1.036e+05
1.254e-01 1.011e+05
1.176e-01 1.034e+05
2.027e-01 7.793e+04
2.050e-01 7.837e+04
1.143e-01 1.043e+05
1.157e-01 1.033e+05
1.197e-01 1.041e+05
2.668e-06 1.266e+04
1.170e-01 1.037e+05
1.341e-01 9.729e+04
1.833e-01 8.310e+04
1.239e-01 9.998e+04
1.171e-01 1.030e+05
1.161e-01 1.045e+05
1.179e-01 1.044e+05
1.173e-01 1.043e+05
1.211e-01 1.014e+05
1.171e-01 1.041e+05
1.360e-01 9.596e+04
1.108e-01 1.071e+05
1.098e-01 1.086e+05
1.346e-01 9.719e+04
1.164e-01 1.049e+05
1.287e-01 9.962e+04
1.618e-01 8.867e+04
1.188e-01 1.042e+05
1.684e-01 8.552e+04
1.153e-01 1.052e+05
1.865e-01 8.219e+04
1.177e-01 1.027e+05
1.092e-01 1.081e+05
1.137e-01 1.060e+05
2.435e-01 7.433e+04
1.224e-01 1.014e+05
1.165e-01 1.036e+05
1.244e-01 1.013e+05
1.137e-01 1.048e+05
1.209e-01 1.014e+05
1.118e-01 1.079e+05
1.218e-01 1.026e+05
1.069e-01 1.096e+05
1.270e-01 1.003e+05
2.059e-01 7.295e+04
1.209e-01 1.028e+05
1.450e-01 9.188e+04
2.060e-01 7.832e+04
1.148e-01 1.050e+05
1.205e-01 1.028e+05
1.232e-01 1.021e+05
1.927e-01 8.005e+04
1.290e-01 9.622e+04
1.124e-01 1.075e+05
2.251e-01 7.439e+04
1.144e-01 1.059e+05
1.226e-01 1.004e+05
1.507e-01 9.053e+04
1.208e-01 1.029e+05
1.092e-01 1.087e+05
2.301e-01 7.600e+04
2.495e-01 7.472e+04
1.360e-01 9.553e+04
1.293e-01 9.612e+04
1.166e-01 1.046e+05
2.374e-01 7.549e+04
1.202e-01 1.027e+05
1.157e-01 1.041e+05
2.843e-06 6.383e+03
2.334e-01 7.134e+04
1.239e-01 1.012e+05
1.887e-01 7.853e+04
1.223e-01 1.017e+05
1.092e-01 1.072e+05
1.152e-01 1.051e+05
1.745e-01 8.379e+04
1.235e-01 1.012e+05
1.252e-01 1.007e+05
1.986e-01 7.845e+04
1.114e-01 1.063e+05
2.336e-01 7.617e+04
1.173e-01 1.048e+05
1.119e-01 1.070e+05
1.152e-01 1.057e+05
1.183e-01 1.031e+05
1.130e-01 1.066e+05
1.509e-01 8.994e+04
1.148e-01 1.052e+05
1.254e-01 9.998e+04
1.142e-01 1.055e+05
1.169e-01 1.041e+05
1.169e-01 1.042e+05
1.235e-01 1.012e+05
1.204e-01 1.041e+05
1.167e-01 1.049e+05
1.129e-01 1.060e+05
1.326e-01 9.582e+04
1.110e-01 1.070e+05
1.227e-01 1.017e+05
1.954e-01 7.744e+04
1.135e-01 1.066e+05
2.238e-01 7.282e+04
1.398e-01 9.259e+04
1.726e-01 8.335e+04
1.128e-01 1.075e+05
1.123e-01 1.067e+05
1.174e-01 1.034e+05
1.212e-01 1.033e+05
1.396e-01 9.349e+04
1.156e-01 1.049e+05
1.228e-01 1.020e+05
1.629e-01 8.752e+04
1.258e-01 1.003e+05
1.150e-01 1.057e+05
1.333e-01 9.643e+04
1.225e-01 1.016e+05
1.234e-01 1.017e+05
1.189e-01 1.034e+05
1.330e-01 9.753e+04
1.111e-01 1.077e+05
1.108e-01 1.081e+05
2.184e-01 7.898e+04
1.186e-01 1.039e+05
8.076e-08 7.787e+03
1.179e-01 1.037e+05
1.128e-01 1.062e+05
1.137e-01 1.074e+05
1.079e-01 1.094e+05
1.150e-01 1.050e+05
1.176e-01 1.044e+05
1.126e-01 1.062e+05
2.096e-01 7.741e+04
1.169e-01 1.035e+05
1.183e-01 1.037e+05
1.881e-01 8.160e+04
1.223e-01 1.018e+05
1.087e-01 1.096e+05
1.685e-01 8.620e+04
1.357e-01 9.673e+04
1.219e-01 1.020e+05
1.228e-01 9.899e+04
1.122e-01 1.056e+05
1.915e-01 7.910e+04
1.108e-01 1.076e+05
1.207e-01 1.015e+05
1.195e-01 1.036e+05
1.404e-01 9.383e+04
1.160e-01 1.042e+05
1.243e-01 1.015e+05
1.151e-01 1.047e+05
1.140e-01 1.048e+05
1.176e-01 1.038e+05
1.138e-01 1.055e+05
1.123e-01 1.055e+05
1.146e-01 1.045e+05
4.221e-06 6.838e+03
1.147e-01 1.044e+05
1.226e-01 1.009e+05
1.151e-01 1.054e+05
1.251e-01 1.005e+05
1.453e-01 9.369e+04
1.769e-01 8.341e+04
1.123e-01 1.076e+05
1.176e-01 1.033e+05
1.125e-01 1.077e+05
1.542e-01 9.114e+04
1.195e-01 1.033e+05
1.131e-01 1.073e+05
1.175e-01 1.035e+05
1.152e-01 1.051e+05
1.144e-01 1.048e+05
1.362e-01 9.673e+04
1.735e-01 8.326e+04
2.451e-01 7.070e+04
1.158e-01 1.051e+05
1.852e-01 8.155e+04
1.195e-01 1.024e+05
1.159e-01 1.052e+05
1.206e-01 1.013e+05
2.555e-01 7.323e+04
1.558e-01 8.885e+04
1.130e-01 1.053e+05
1.210e-01 1.028e+05
1.145e-01 1.060e+05
1.123e-01 1.062e+05
1.130e-01 1.057e+05
1.156e-01 1.038e+05
1.146e-01 1.056e+05
1.120e-01 1.060e+05
2.003e-01 7.883e+04
1.153e-01 1.041e+05
2.407e-01 7.427e+04
1.187e-01 1.027e+05
2.407e-01 7.323e+04
1.206e-01 1.030e+05
1.201e-01 1.024e+05
1.073e-01 1.100e+05
1.092e-01 1.084e+05
2.505e-01 7.585e+04
1.495e-01 9.085e+04
1.843e-01 7.830e+04
1.756e-01 8.504e+04
1.283e-01 9.926e+04
1.964e-01 7.632e+04
1.571e-01 8.923e+04
1.175e-01 1.038e+05
1.859e-01 8.499e+04
1.411e-01 9.452e+04
1.156e-01 1.049e+05
1.120e-01 1.068e+05
1.157e-01 1.040e+05
1.166e-01 1.043e+05
1.570e-01 9.010e+04
1.270e-01 9.992e+04
1.277e-01 9.879e+04
1.914e-01 8.032e+04
1.217e-01 1.026e+05
1.682e-01 8.336e+04
1.145e-01 1.051e+05
1.620e-01 8.978e+04
1.238e-01 1.005e+05
1.865e-01 8.217e+04
1.194e-01 1.035e+05
1.245e-01 1.000e+05
1.480e-01 9.106e+04
1.143e-01 1.043e+05
