2.228e-01 7.980e+04
9.928e-02 1.126e+05
1.054e-01 1.080e+05
9.661e-02 1.145e+05
1.772e-01 8.832e+04
2.191e-01 8.300e+04
9.942e-02 1.114e+05
2.357e-01 7.998e+04
2.779e-01 7.748e+04
1.095e-01 1.068e+05
1.008e-01 1.118e+05
1.059e-01 1.090e+05
1.039e-01 1.105e+05
1.010e-01 1.108e+05
1.205e-01 1.003e+05
1.113e-01 1.055e+05
1.079e-01 1.072e+05
2.457e-01 8.052e+04
1.912e-01 8.590e+04
9.985e-02 1.125e+05
9.705e-02 1.137e+05
1.057e-01 1.093e+05
1.054e-01 1.101e+05
1.119e-01 1.058e+05
1.048e-01 1.089e+05
1.215e-01 1.023e+05
2.292e-01 8.301e+04
2.710e-01 7.611e+04
1.099e-01 1.064e+05
9.512e-02 1.151e+05
9.737e-02 1.144e+05
1.065e-01 1.083e+05
1.957e-01 8.424e+04
1.045e-01 1.098e+05
1.083e-01 1.077e+05
2.058e-01 8.245e+04
1.046e-01 1.095e+05
1.037e-01 1.093e+05
9.313e-02 1.160e+05
1.944e-01 8.483e+04
1.150e-01 1.042e+05
9.255e-02 1.171e+05
1.135e-01 1.046e+05
1.042e-01 1.107e+05
2.497e-01 7.738e+04
1.029e-01 1.109e+05
1.038e-01 1.091e+05
9.295e-02 1.167e+05
1.101e-01 1.073e+05
1.075e-01 1.076e+05
9.918e-02 1.122e+05
9.661e-02 1.132e+05
2.680e-01 7.858e+04
2.405e-01 7.883e+04
1.955e-01 8.451e+04
1.678e-01 8.886e+04
1.095e-01 1.069e+05
9.805e-02 1.129e+05
1.046e-01 1.090e+05
2.401e-01 8.125e+04
1.030e-01 1.108e+05
1.084e-01 1.067e+05
9.799e-02 1.124e+05
1.006e-01 1.112e+05
1.075e-01 1.084e+05
1.769e-01 8.720e+04
1.081e-01 1.082e+05
3.593e-06 1.592e+04
9.932e-02 1.126e+05
1.019e-01 1.108e+05
1.032e-01 1.102e+05
2.143e-01 8.004e+04
1.029e-01 1.099e+05
1.931e-01 8.653e+04
1.002e-01 1.112e+05
9.723e-02 1.141e+05
9.874e-02 1.123e+05
1.018e-01 1.114e+05
2.449e-01 7.822e+04
1.176e-01 1.030e+05
1.075e-01 1.075e+05
1.028e-01 1.099e+05
1.827e-01 8.667e+04
1.830e-01 8.701e+04
2.795e-01 7.431e+04
1.069e-01 1.082e+05
1.167e-01 1.035e+05
9.445e-02 1.145e+05
1.040e-01 1.097e+05
1.762e-01 8.865e+04
2.878e-01 7.693e+04
1.220e-01 1.008e+05
1.063e-01 1.085e+05
9.499e-02 1.147e+05
2.510e-01 7.810e+04
1.070e-01 1.077e+05
1.043e-01 1.082e+05
1.032e-01 1.095e+05
1.429e-01 9.142e+04
1.110e-05 1.327e+04
1.098e-01 1.059e+05
9.938e-02 1.119e+05
1.099e-01 1.070e+05
9.577e-02 1.143e+05
1.002e-01 1.120e+05
9.739e-02 1.132e+05
1.073e-01 1.092e+05
2.400e-01 7.890e+04
1.036e-01 1.100e+05
1.714e-01 8.780e+04
9.455e-02 1.150e+05
1.343e-01 9.810e+04
1.246e-01 9.965e+04
1.042e-01 1.093e+05
2.677e-01 7.453e+04
1.025e-01 1.097e+05
1.036e-01 1.091e+05
1.006e-01 1.115e+05
9.289e-02 1.157e+05
9.364e-02 1.158e+05
1.327e-01 9.833e+04
1.869e-01 8.635e+04
2.305e-01 7.990e+04
1.043e-01 1.089e+05
1.009e-01 1.110e+05
9.944e-02 1.118e+05
1.033e-01 1.093e+05
1.063e-01 1.084e+05
1.133e-01 1.055e+05
6.766e-06 1.512e+04
1.012e-01 1.115e+05
1.015e-01 1.100e+05
1.111e-01 1.053e+05
1.004e-01 1.118e+05
1.783e-01 8.629e+04
9.367e-02 1.165e+05
1.117e-01 1.055e+05
1.022e-01 1.098e+05
1.037e-01 1.102e+05
9.288e-02 1.167e+05
9.544e-02 1.150e+05
1.806e-01 8.544e+04
9.456e-02 1.146e+05
1.028e-01 1.106e+05
1.099e-01 1.062e+05
9.676e-02 1.146e+05
1.008e-01 1.117e+05
1.166e-01 1.037e+05
1.046e-01 1.095e+05
8.217e-06 1.323e+04
1.005e-01 1.110e+05
2.454e-01 7.637e+04
1.064e-01 1.094e+05
1.975e-01 8.298e+04
2.152e-01 8.227e+04
9.554e-02 1.137e+05
2.421e-01 7.896e+04
1.469e-01 9.443e+04
9.680e-02 1.134e+05
9.399e-02 1.156e+05
1.411e-01 9.684e+04
1.049e-01 1.088e+05
1.458e-01 9.363e+04
9.993e-02 1.118e+05
1.057e-01 1.093e+05
2.545e-01 7.796e+04
1.359e-01 9.791e+04
1.019e-01 1.108e+05
1.179e-01 1.034e+05
1.064e-01 1.085e+05
1.025e-01 1.093e+05
1.063e-01 1.080e+05
9.978e-02 1.114e+05
1.004e-01 1.123e+05
9.675e-02 1.137e+05
1.032e-01 1.095e+05
1.166e-01 1.035e+05
1.033e-01 1.109e+05
9.335e-02 1.161e+05
1.738e-01 8.692e+04
1.157e-01 1.034e+05
2.262e-01 8.239e+04
1.048e-01 1.095e+05
1.020e-01 1.103e+05
9.685e-02 1.139e+05
1.483e-01 9.364e+04
1.008e-01 1.114e+05
1.007e-01 1.122e+05
1.064e-01 1.087e+05
1.018e-01 1.102e+05
2.054e-01 8.433e+04
1.142e-01 1.049e+05
1.055e-01 1.088e+05
9.903e-02 1.128e+05
1.035e-01 1.103e+05
1.031e-01 1.108e+05
9.746e-02 1.139e+05
2.829e-01 7.564e+04
2.536e-01 7.504e+04
2.096e-01 8.422e+04
2.149e-01 8.086e+04
9.635e-02 1.134e+05
1.089e-01 1.084e+05
9.894e-02 1.130e+05
9.287e-02 1.165e+05
9.550e-02 1.136e+05
1.104e-01 1.061e+05
1.050e-01 1.090e+05
1.346e-01 9.699e+04
9.929e-02 1.117e+05
1.059e-01 1.091e+05
9.718e-02 1.127e+05
1.747e-01 8.669e+04
1.612e-01 9.161e+04
1.178e-01 1.026e+05
1.283e-01 9.918e+04
9.910e-02 1.123e+05
2.844e-01 7.728e+04
2.088e-01 8.211e+04
9.825e-02 1.136e+05
1.509e-01 9.421e+04
1.117e-01 1.061e+05
1.028e-01 1.098e+05
1.076e-01 1.075e+05
9.836e-02 1.132e+05
2.404e-01 7.873e+04
1.131e-01 1.056e+05
1.038e-01 1.086e+05
1.542e-01 9.144e+04
5.781e-06 1.034e+04
1.013e-01 1.109e+05
2.019e-01 8.410e+04
1.042e-01 1.098e+05
1.044e-01 1.107e+05
2.419e-01 8.062e+04
1.101e-01 1.069e+05
1.108e-01 1.059e+05
1.097e-01 1.067e+05
9.270e-02 1.166e+05
9.602e-02 1.150e+05
1.937e-01 8.510e+04
1.079e-01 1.067e+05
2.157e-01 8.208e+04
2.200e-01 8.175e+04
1.131e-01 1.056e+05
1.254e-01 1.008e+05
1.039e-01 1.098e+05
9.455e-02 1.160e+05
9.904e-02 1.114e+05
2.814e-06 2.389e+04
1.022e-01 1.113e+05
1.128e-01 1.060e+05
2.219e-01 8.165e+04
1.024e-01 1.099e+05
9.975e-02 1.114e+05
1.039e-01 1.103e+05
1.013e-01 1.114e+05
1.025e-01 1.106e+05
1.085e-01 1.067e+05
1.019e-01 1.107e+05
1.195e-01 1.032e+05
1.183e-01 1.020e+05
1.004e-01 1.102e+05
9.738e-02 1.136e+05
1.137e-01 1.047e+05
1.026e-01 1.103e+05
1.628e-01 8.862e+04
1.073e-01 1.066e+05
9.810e-02 1.118e+05
2.876e-01 7.672e+04
1.059e-01 1.082e+05
1.011e-01 1.115e+05
1.243e-01 9.970e+04
2.012e-01 8.380e+04
1.038e-01 1.097e+05
1.030e-01 1.096e+05
1.022e-01 1.103e+05
1.483e-01 9.264e+04
1.008e-01 1.105e+05
2.183e-01 8.304e+04
1.030e-01 1.092e+05
1.123e-01 1.037e+05
2.388e-01 8.091e+04
1.243e-01 1.005e+05
1.275e-01 9.883e+04
1.332e-01 9.907e+04
1.025e-01 1.112e+05
9.510e-02 1.148e+05
1.023e-01 1.110e+05
4.856e-06 9.330e+02
1.282e-05 2.554e+04
1.916e-01 8.496e+04
1.001e-01 1.117e+05
1.150e-01 1.046e+05
1.054e-01 1.090e+05
2.701e-01 7.708e+04
9.758e-02 1.131e+05
1.755e-01 8.846e+04
1.226e-01 1.031e+05
1.010e-01 1.119e+05
9.791e-02 1.135e+05
6.492e-07 3.559e+03
1.319e-01 9.603e+04
1.023e-01 1.103e+05
1.023e-01 1.102e+05
9.561e-02 1.143e+05
2.671e-01 7.129e+04
1.689e-01 8.851e+04
1.042e-01 1.086e+05
2.219e-01 8.376e+04
1.036e-01 1.093e+05
2.318e-01 7.694e+04
3.192e-06 2.957e+03
1.092e-01 1.073e+05
1.064e-01 1.092e+05
2.824e-01 7.469e+04
1.007e-01 1.114e+05
1.021e-01 1.109e+05
1.033e-01 1.099e+05
1.019e-01 1.111e+05
1.927e-01 8.343e+04
2.012e-01 8.459e+04
9.599e-02 1.144e+05
9.856e-02 1.127e+05
1.718e-01 8.712e+04
1.017e-01 1.115e+05
2.085e-01 8.408e+04
9.827e-02 1.120e+05
3.211e-01 7.210e+04
1.772e-01 8.833e+04
1.093e-01 1.071e+05
1.001e-01 1.115e+05
1.124e-01 1.065e+05
5.224e-06 6.926e+03
1.298e-05 2.376e+04
1.038e-01 1.087e+05
1.042e-01 1.094e+05
1.012e-01 1.109e+05
2.050e-01 8.370e+04
1.590e-01 9.291e+04
1.010e-01 1.107e+05
4.579e-06 1.697e+04
1.039e-01 1.087e+05
1.732e-01 8.914e+04
9.836e-02 1.129e+05
1.941e-01 8.575e+04
1.650e-01 8.739e+04
1.025e-01 1.108e+05
1.100e-01 1.067e+05
1.539e-01 9.182e+04
1.906e-01 8.552e+04
1.587e-01 9.103e+04
1.130e-01 1.062e+05
1.016e-01 1.108e+05
9.768e-02 1.133e+05
1.053e-01 1.085e+05
9.893e-02 1.126e+05
1.391e-01 9.485e+04
9.998e-02 1.123e+05
2.262e-01 7.928e+04
1.028e-01 1.100e+05
1.564e-01 9.251e+04
1.046e-01 1.102e+05
1.674e-01 9.007e+04
9.413e-02 1.155e+05
1.027e-01 1.100e+05
1.161e-01 1.035e+05
1.589e-01 8.800e+04
9.445e-02 1.153e+05
2.032e-06 1.079e+04
1.011e-01 1.114e+05
9.302e-02 1.157e+05
9.897e-02 1.125e+05
2.239e-01 7.971e+04
1.027e-01 1.109e+05
1.006e-01 1.127e+05
9.972e-02 1.121e+05
1.056e-01 1.084e+05
1.010e-01 1.116e+05
1.320e-01 9.680e+04
1.038e-01 1.094e+05
1.081e-01 1.073e+05
1.696e-01 9.044e+04
1.127e-01 1.048e+05
1.032e-01 1.102e+05
2.235e-01 8.087e+04
2.871e-01 7.624e+04
1.131e-01 1.050e+05
9.925e-02 1.132e+05
9.313e-02 1.169e+05
9.783e-02 1.128e+05
9.281e-02 1.164e+05
1.036e-01 1.095e+05
9.318e-02 1.158e+05
1.084e-01 1.086e+05
9.833e-02 1.128e+05
1.105e-01 1.074e+05
9.854e-02 1.136e+05
1.453e-01 9.356e+04
9.977e-02 1.118e+05
2.723e-01 7.421e+04
2.662e-01 7.759e+04
3.053e-06 8.033e+03
1.146e-01 1.047e+05
1.017e-01 1.098e+05
5.093e-06 1.682e+04
1.077e-06 1.821e+03
1.027e-01 1.095e+05
1.031e-01 1.103e+05
9.859e-02 1.115e+05
1.529e-01 9.227e+04
1.111e-01 1.061e+05
1.234e-01 1.009e+05
9.656e-02 1.138e+05
2.437e-01 7.817e+04
1.076e-01 1.074e+05
8.413e-06 6.872e+03
1.136e-01 1.041e+05
1.035e-01 1.096e+05
1.046e-01 1.097e+05
9.678e-02 1.131e+05
2.181e-01 8.154e+04
1.829e-01 8.600e+04
2.006e-01 8.572e+04
1.053e-01 1.091e+05
1.211e-01 1.023e+05
2.782e-01 7.476e+04
9.719e-02 1.144e+05
9.972e-02 1.125e+05
1.722e-01 8.822e+04
9.381e-02 1.158e+05
1.634e-01 8.829e+04
1.161e-01 1.035e+05
4.448e-06 1.995e+04
1.010e-01 1.116e+05
4.014e-06 1.190e+04
1.051e-01 1.095e+05
2.295e-01 7.834e+04
4.866e-06 1.425e+04
1.060e-01 1.083e+05
1.001e-01 1.118e+05
1.921e-01 8.514e+04
1.028e-01 1.095e+05
1.156e-01 1.035e+05
1.107e-01 1.069e+05
1.059e-01 1.083e+05
9.963e-02 1.128e+05
1.066e-01 1.092e+05
1.008e-01 1.115e+05
9.851e-02 1.124e+05
9.566e-02 1.139e+05
1.114e-01 1.066e+05
1.024e-01 1.103e+05
2.586e-01 7.868e+04
2.338e-01 7.761e+04
1.958e-01 8.557e+04
1.120e-01 1.052e+05
2.582e-01 7.715e+04
9.639e-02 1.140e+05
1.001e-01 1.106e+05
1.101e-01 1.055e+05
2.142e-01 8.418e+04
9.207e-02 1.174e+05
2.183e-01 8.082e+04
1.046e-01 1.085e+05
1.707e-01 8.883e+04
9.851e-02 1.125e+05
1.006e-01 1.120e+05
1.917e-06 1.411e+03
1.021e-01 1.097e+05
1.054e-01 1.086e+05
1.058e-01 1.081e+05
2.887e-01 7.846e+04
1.197e-01 1.026e+05
1.038e-01 1.093e+05
1.053e-01 1.083e+05
2.983e-01 7.422e+04
2.824e-01 7.531e+04
1.028e-01 1.090e+05
9.754e-02 1.138e+05
1.720e-01 8.730e+04
1.082e-01 1.080e+05
2.341e-01 7.842e+04
1.127e-01 1.049e+05
9.694e-02 1.135e+05
1.071e-01 1.086e+05
1.054e-01 1.090e+05
1.078e-01 1.088e+05
2.304e-01 8.176e+04
1.035e-01 1.098e+05
9.951e-02 1.119e+05
1.172e-01 1.039e+05
6.010e-06 1.822e+04
2.136e-01 8.077e+04
1.042e-01 1.088e+05
1.177e-01 1.026e+05
2.312e-01 7.569e+04
5.211e-06 6.685e+03
1.043e-01 1.103e+05
1.082e-01 1.074e+05
1.886e-01 8.373e+04
1.022e-01 1.101e+05
9.865e-02 1.131e+05
1.876e-01 8.688e+04
9.595e-02 1.139e+05
1.655e-01 9.129e+04
9.725e-07 1.500e+04
1.775e-06 2.477e+04
1.149e-01 1.044e+05
1.537e-06 8.502e+03
9.971e-02 1.128e+05
1.679e-01 8.910e+04
1.025e-01 1.104e+05
9.833e-02 1.126e+05
1.058e-01 1.088e+05
1.093e-01 1.062e+05
9.934e-02 1.128e+05
1.126e-01 1.060e+05
1.038e-01 1.104e+05
9.970e-02 1.116e+05
1.010e-01 1.114e+05
1.596e-01 9.030e+04
1.135e-01 1.053e+05
2.551e-05 2.567e+04
1.041e-01 1.091e+05
1.073e-01 1.076e+05
1.153e-01 1.041e+05
9.985e-02 1.106e+05
1.102e-01 1.059e+05
2.343e-01 7.912e+04
1.029e-01 1.104e+05
9.715e-02 1.141e+05
1.032e-01 1.109e+05
1.001e-01 1.115e+05
9.833e-02 1.128e+05
9.989e-02 1.120e+05
2.488e-01 8.037e+04
1.036e-01 1.097e+05
1.329e-01 9.729e+04
1.003e-01 1.117e+05
9.325e-02 1.157e+05
2.205e-01 8.002e+04
9.710e-02 1.140e+05
1.067e-01 1.085e+05
1.003e-01 1.112e+05
1.725e-01 8.912e+04
1.103e-01 1.070e+05
2.351e-01 7.897e+04
1.911e-01 8.442e+04
1.568e-01 9.097e+04
1.011e-01 1.109e+05
2.047e-01 8.344e+04
1.040e-01 1.093e+05
9.975e-02 1.119e+05
2.144e-01 8.175e+04
1.001e-01 1.116e+05
1.090e-01 1.070e+05
1.364e-05 1.198e+04
3.932e-06 1.005e+04
1.529e-01 9.143e+04
1.029e-01 1.111e+05
3.125e-01 7.196e+04
1.046e-01 1.096e+05
1.030e-01 1.109e+05
1.016e-01 1.115e+05
1.541e-01 9.346e+04
1.007e-01 1.115e+05
9.833e-02 1.134e+05
9.470e-02 1.148e+05
1.063e-01 1.087e+05
1.820e-01 8.705e+04
1.062e-01 1.089e+05
1.793e-01 8.693e+04
1.063e-01 1.086e+05
9.949e-02 1.124e+05
1.041e-01 1.101e+05
1.789e-01 8.769e+04
1.025e-01 1.107e+05
1.004e-01 1.115e+05
1.043e-01 1.092e+05
1.030e-01 1.110e+05
1.085e-01 1.074e+05
2.619e-01 7.768e+04
1.182e-01 1.045e+05
2.315e-01 7.864e+04
1.068e-01 1.079e+05
1.013e-01 1.114e+05
1.074e-01 1.090e+05
1.472e-01 9.418e+04
1.062e-01 1.084e+05
1.034e-01 1.100e+05
1.001e-01 1.119e+05
1.177e-01 1.037e+05
1.040e-01 1.095e+05
1.010e-01 1.109e+05
1.027e-01 1.102e+05
9.421e-02 1.159e+05
1.013e-01 1.117e+05
1.110e-01 1.060e+05
3.030e-01 7.460e+04
1.033e-01 1.091e+05
1.018e-01 1.106e+05
1.035e-01 1.104e+05
1.049e-01 1.074e+05
1.094e-01 1.072e+05
1.831e-01 8.801e+04
1.692e-01 8.998e+04
1.011e-01 1.113e+05
1.104e-01 1.060e+05
1.269e-01 9.915e+04
1.027e-01 1.104e+05
2.034e-01 8.409e+04
1.065e-01 1.080e+05
9.712e-02 1.126e+05
2.184e-01 8.223e+04
1.041e-01 1.092e+05
1.076e-01 1.083e+05
1.070e-01 1.085e+05
9.944e-02 1.121e+05
1.071e-01 1.091e+05
2.652e-01 7.801e+04
1.018e-01 1.107e+05
1.020e-01 1.099e+05
1.022e-01 1.107e+05
2.627e-01 7.958e+04
2.593e-01 7.778e+04
1.013e-01 1.113e+05
1.370e-01 9.742e+04
1.189e-01 1.020e+05
1.362e-01 9.729e+04
9.974e-02 1.125e+05
9.759e-02 1.133e+05
9.652e-02 1.135e+05
1.089e-01 1.075e+05
1.013e-01 1.113e+05
9.858e-02 1.121e+05
2.091e-01 8.192e+04
2.052e-01 8.314e+04
1.015e-01 1.106e+05
9.802e-02 1.131e+05
1.027e-01 1.101e+05
1.829e-01 8.732e+04
1.007e-01 1.111e+05
1.013e-01 1.112e+05
1.154e-01 1.052e+05
1.714e-01 8.927e+04
9.666e-02 1.145e+05
1.074e-01 1.076e+05
9.607e-02 1.136e+05
9.735e-02 1.125e+05
1.007e-01 1.114e+05
1.964e-01 8.518e+04
9.976e-02 1.114e+05
1.537e-01 9.373e+04
2.512e-01 7.731e+04
1.010e-01 1.115e+05
9.702e-02 1.130e+05
9.816e-02 1.122e+05
1.013e-01 1.114e+05
1.104e-01 1.071e+05
9.813e-02 1.135e+05
1.406e-01 9.510e+04
1.026e-01 1.099e+05
1.040e-01 1.107e+05
2.208e-01 8.022e+04
2.193e-01 8.058e+04
1.176e-01 1.031e+05
1.086e-01 1.067e+05
1.086e-01 1.083e+05
1.784e-01 8.728e+04
1.193e-01 1.011e+05
9.850e-02 1.129e+05
1.083e-01 1.072e+05
1.101e-01 1.064e+05
9.651e-02 1.135e+05
2.934e-01 7.389e+04
2.664e-01 7.890e+04
1.078e-01 1.077e+05
2.094e-01 7.942e+04
1.036e-01 1.097e+05
9.534e-02 1.152e+05
1.039e-01 1.092e+05
9.809e-02 1.138e+05
9.822e-02 1.131e+05
1.070e-01 1.087e+05
1.104e-01 1.073e+05
1.571e-01 9.227e+04
1.038e-01 1.097e+05
1.042e-01 1.101e+05
1.903e-01 8.463e+04
1.083e-01 1.071e+05
1.133e-01 1.050e+05
1.738e-01 8.669e+04
1.185e-01 1.038e+05
1.096e-01 1.067e+05
1.023e-01 1.117e+05
1.016e-01 1.106e+05
1.573e-01 9.197e+04
1.066e-01 1.092e+05
1.851e-01 8.331e+04
2.588e-01 7.774e+04
1.148e-01 1.033e+05
1.057e-01 1.090e+05
1.737e-01 8.674e+04
1.026e-01 1.109e+05
1.119e-01 1.065e+05
9.399e-02 1.153e+05
2.683e-01 7.794e+04
9.550e-02 1.153e+05
2.113e-01 8.560e+04
1.112e-01 1.068e+05
1.599e-01 8.956e+04
1.089e-01 1.069e+05
9.615e-02 1.143e+05
1.038e-01 1.105e+05
1.329e-01 9.762e+04
1.448e-01 9.468e+04
1.025e-01 1.105e+05
2.065e-01 8.315e+04
2.923e-06 2.194e+04
1.039e-01 1.092e+05
9.852e-02 1.125e+05
2.823e-01 7.684e+04
1.131e-01 1.051e+05
9.669e-02 1.144e+05
2.228e-01 8.067e+04
1.175e-01 1.019e+05
9.963e-02 1.121e+05
2.675e-01 7.667e+04
1.062e-01 1.090e+05
9.641e-02 1.133e+05
1.056e-01 1.078e+05
1.032e-01 1.097e+05
2.204e-01 8.301e+04
2.545e-01 7.803e+04
1.046e-01 1.098e+05
9.411e-02 1.159e+05
9.611e-02 1.136e+05
1.057e-01 1.081e+05
1.211e-01 1.016e+05
1.001e-01 1.111e+05
2.336e-01 7.983e+04
2.195e-01 8.108e+04
1.035e-01 1.107e+05
9.568e-02 1.136e+05
1.012e-01 1.114e+05
1.069e-01 1.077e+05
1.360e-01 9.757e+04
1.046e-01 1.089e+05
2.886e-01 7.384e+04
1.030e-01 1.108e+05
1.146e-01 1.044e+05
1.976e-01 8.524e+04
1.064e-01 1.081e+05
1.071e-01 1.076e+05
9.316e-02 1.163e+05
1.059e-01 1.086e+05
9.302e-02 1.168e+05
1.462e-01 9.254e+04
1.562e-01 9.039e+04
1.012e-01 1.117e+05
1.821e-01 8.546e+04
1.007e-01 1.110e+05
1.594e-01 9.036e+04
9.676e-02 1.132e+05
9.924e-02 1.116e+05
9.153e-06 1.444e+04
1.176e-01 1.038e+05
9.807e-02 1.135e+05
9.827e-02 1.125e+05
2.731e-01 7.495e+04
1.490e-01 9.112e+04
9.813e-02 1.128e+05
1.056e-01 1.091e+05
9.695e-02 1.139e+05
1.627e-01 8.883e+04
1.029e-01 1.093e+05
1.036e-01 1.097e+05
2.856e-06 1.501e+01
2.080e-01 8.003e+04
1.086e-01 1.080e+05
1.089e-01 1.067e+05
9.785e-02 1.137e+05
1.639e-01 8.983e+04
1.017e-01 1.108e+05
2.441e-01 7.834e+04
9.569e-02 1.137e+05
9.454e-02 1.157e+05
9.738e-02 1.138e+05
1.003e-01 1.127e+05
1.274e-01 1.008e+05
1.056e-01 1.089e+05
1.024e-01 1.104e+05
2.202e-01 8.092e+04
9.820e-02 1.124e+05
9.932e-02 1.111e+05
1.605e-01 8.987e+04
1.039e-01 1.088e+05
1.049e-01 1.096e+05
1.114e-01 1.067e+05
1.430e-01 9.599e+04
1.976e-01 8.578e+04
1.067e-01 1.078e+05
1.060e-01 1.091e+05
9.518e-02 1.149e+05
1.588e-01 9.333e+04
9.643e-02 1.138e+05
1.004e-01 1.111e+05
9.407e-02 1.162e+05
2.255e-01 8.025e+04
1.074e-01 1.090e+05
2.502e-01 8.094e+04
2.219e-01 8.060e+04
2.866e-01 7.405e+04
9.905e-02 1.115e+05
1.756e-01 8.768e+04
9.816e-02 1.125e+05
2.136e-01 8.029e+04
2.066e-01 8.360e+04
1.968e-01 8.517e+04
2.482e-01 7.765e+04
2.601e-01 7.595e+04
1.500e-01 9.373e+04
1.023e-01 1.095e+05
1.001e-01 1.120e+05
9.485e-02 1.141e+05
1.791e-01 8.629e+04
1.138e-01 1.032e+05
1.081e-01 1.077e+05
1.060e-01 1.095e+05
1.012e-01 1.106e+05
1.305e-05 1.687e+04
1.144e-06 5.370e+03
9.643e-02 1.140e+05
9.926e-02 1.115e+05
2.577e-01 7.758e+04
1.029e-01 1.099e+05
1.024e-01 1.105e+05
1.081e-01 1.070e+05
1.042e-01 1.090e+05
9.677e-02 1.133e+05
1.085e-01 1.066e+05
1.020e-01 1.108e+05
1.090e-01 1.067e+05
2.370e-01 7.975e+04
9.874e-02 1.133e+05
1.800e-01 8.649e+04
9.871e-02 1.129e+05
2.040e-01 8.234e+04
9.980e-02 1.121e+05
1.056e-01 1.092e+05
1.989e-01 8.213e+04
1.068e-01 1.084e+05
1.931e-06 1.646e+04
1.682e-01 8.852e+04
9.885e-02 1.117e+05
1.674e-01 9.011e+04
1.036e-01 1.101e+05
1.176e-01 1.027e+05
1.598e-01 9.153e+04
1.013e-01 1.110e+05
1.102e-01 1.069e+05
1.880e-07 7.055e+03
9.889e-02 1.119e+05
1.004e-01 1.121e+05
1.577e-01 9.115e+04
1.732e-01 8.974e+04
1.441e-01 9.471e+04
1.106e-01 1.064e+05
9.652e-02 1.148e+05
2.557e-01 7.660e+04
1.197e-01 1.032e+05
9.962e-02 1.108e+05
1.002e-01 1.118e+05
2.434e-01 7.914e+04
1.026e-01 1.107e+05
2.583e-01 7.620e+04
2.128e-01 8.064e+04
9.910e-02 1.134e+05
1.724e-01 8.794e+04
9.977e-02 1.104e+05
1.191e-01 1.013e+05
9.979e-02 1.115e+05
9.922e-02 1.117e+05
9.571e-02 1.143e+05
2.331e-01 7.927e+04
1.335e-01 9.853e+04
1.102e-01 1.056e+05
1.168e-01 1.027e+05
1.028e-01 1.097e+05
6.745e-07 1.365e+04
1.469e-01 9.472e+04
9.886e-02 1.132e+05
1.732e-01 8.912e+04
1.012e-01 1.114e+05
1.071e-01 1.077e+05
1.005e-01 1.111e+05
1.011e-01 1.117e+05
1.008e-01 1.100e+05
1.000e-01 1.123e+05
9.842e-02 1.131e+05
1.086e-01 1.067e+05
3.378e-06 1.376e+04
1.000e-01 1.122e+05
1.620e-01 9.181e+04
1.125e-01 1.045e+05
1.174e-01 1.050e+05
9.910e-02 1.121e+05
1.090e-01 1.067e+05
9.887e-02 1.124e+05
9.892e-02 1.133e+05
1.016e-01 1.105e+05
1.101e-01 1.071e+05
1.693e-01 9.075e+04
2.188e-01 8.174e+04
1.087e-01 1.063e+05
1.057e-01 1.088e+05
1.348e-01 9.741e+04
1.099e-01 1.051e+05
2.490e-01 7.940e+04
1.017e-01 1.104e+05
1.837e-01 8.597e+04
3.007e-01 7.470e+04
1.060e-01 1.087e+05
2.212e-01 8.108e+04
1.107e-01 1.068e+05
2.125e-01 8.134e+04
1.003e-01 1.119e+05
9.730e-02 1.131e+05
1.135e-01 1.038e+05
9.378e-02 1.153e+05
1.661e-01 8.879e+04
9.906e-02 1.121e+05
1.924e-01 8.273e+04
1.386e-01 9.518e+04
1.169e-01 1.038e+05
2.328e-01 7.981e+04
9.376e-02 1.159e+05
1.010e-01 1.119e+05
9.606e-02 1.141e+05
1.010e-01 1.108e+05
9.631e-02 1.135e+05
2.061e-01 8.181e+04
1.319e-01 9.753e+04
2.820e-01 7.494e+04
1.692e-01 8.819e+04
2.346e-01 7.876e+04
1.044e-01 1.101e+05
9.818e-02 1.129e+05
1.035e-01 1.094e+05
1.641e-01 8.927e+04
1.013e-01 1.116e+05
1.037e-01 1.108e+05
9.256e-02 1.168e+05
1.073e-01 1.075e+05
1.025e-01 1.101e+05
1.023e-01 1.102e+05
9.670e-02 1.148e+05
2.927e-01 7.312e+04
9.853e-02 1.128e+05
9.422e-02 1.154e+05
9.810e-02 1.117e+05
1.057e-01 1.086e+05
1.045e-01 1.104e+05
1.106e-01 1.066e+05
2.197e-01 8.100e+04
1.024e-01 1.095e+05
1.992e-01 8.581e+04
1.423e-01 9.672e+04
3.916e-06 2.417e+03
1.132e-01 1.043e+05
1.013e-01 1.114e+05
1.101e-01 1.061e+05
2.893e-01 7.304e+04
1.069e-01 1.066e+05
1.110e-01 1.071e+05
1.604e-01 9.005e+04
1.025e-01 1.102e+05
2.846e-01 7.664e+04
9.206e-02 1.173e+05
1.057e-01 1.083e+05
9.634e-02 1.137e+05
2.269e-01 8.015e+04
1.068e-01 1.081e+05
1.051e-01 1.100e+05
1.044e-01 1.088e+05
1.843e-01 8.844e+04
1.003e-01 1.126e+05
9.700e-02 1.136e+05
1.032e-01 1.101e+05
1.081e-01 1.071e+05
9.561e-02 1.149e+05
9.956e-02 1.128e+05
9.218e-06 2.314e+04
1.270e-01 1.003e+05
1.185e-01 1.018e+05
2.715e-01 7.604e+04
2.322e-01 8.055e+04
9.287e-02 1.159e+05
1.092e-01 1.066e+05
1.018e-01 1.107e+05
2.177e-01 7.952e+04
1.901e-01 8.675e+04
1.211e-01 1.023e+05
1.066e-01 1.083e+05
6.903e-06 1.315e+04
1.256e-01 9.959e+04
1.172e-01 1.036e+05
2.055e-01 8.087e+04
9.911e-02 1.113e+05
1.328e-01 9.779e+04
2.841e-01 7.345e+04
1.053e-01 1.096e+05
1.024e-01 1.107e+05
5.714e-06 3.077e+03
1.026e-01 1.101e+05
1.012e-01 1.125e+05
4.088e-06 1.323e+04
1.018e-01 1.114e+05
1.006e-01 1.106e+05
1.119e-01 1.055e+05
2.606e-01 8.078e+04
1.359e-01 9.854e+04
1.055e-01 1.091e+05
1.111e-01 1.066e+05
1.012e-01 1.114e+05
1.602e-01 9.242e+04
1.027e-01 1.098e+05
1.030e-01 1.101e+05
1.005e-01 1.111e+05
1.977e-01 8.287e+04
9.782e-02 1.129e+05
1.368e-01 9.712e+04
1.639e-01 8.758e+04
4.123e-06 3.126e+03
9.594e-02 1.137e+05
2.123e-01 8.074e+04
9.666e-02 1.143e+05
9.432e-02 1.148e+05
1.021e-01 1.109e+05
1.097e-01 1.072e+05
1.021e-01 1.092e+05
1.055e-01 1.083e+05
1.977e-06 1.364e+04
1.051e-01 1.096e+05
1.160e-01 1.035e+05
1.067e-01 1.076e+05
1.047e-01 1.093e+05
9.929e-02 1.113e+05
2.849e-01 7.464e+04
1.107e-01 1.070e+05
2.399e-01 7.919e+04
1.319e-06 1.950e+04
2.089e-01 8.390e+04
1.094e-01 1.065e+05
2.606e-01 7.847e+04
2.713e-01 7.895e+04
1.083e-01 1.064e+05
1.745e-01 8.956e+04
1.386e-01 9.599e+04
1.089e-01 1.076e+05
1.139e-01 1.034e+05
2.277e-01 8.227e+04
9.323e-02 1.160e+05
1.089e-01 1.068e+05
1.255e-01 9.804e+04
1.091e-01 1.076e+05
1.240e-01 1.004e+05
3.152e-01 7.360e+04
1.051e-01 1.082e+05
1.037e-01 1.098e+05
1.932e-01 8.404e+04
1.041e-01 1.081e+05
1.044e-01 1.094e+05
9.652e-02 1.148e+05
4.093e-06 1.430e+04
1.058e-01 1.086e+05
1.016e-01 1.107e+05
2.131e-01 8.236e+04
2.061e-01 8.115e+04
3.165e-01 7.411e+04
1.632e-01 8.957e+04
1.039e-01 1.090e+05
1.004e-01 1.114e+05
1.299e-01 9.974e+04
1.076e-01 1.085e+05
1.017e-01 1.114e+05
1.088e-01 1.071e+05
2.079e-01 8.485e+04
1.078e-01 1.077e+05
1.004e-01 1.119e+05
1.035e-01 1.103e+05
1.019e-01 1.106e+05
1.012e-01 1.112e+05
9.754e-02 1.134e+05
1.533e-01 9.319e+04
9.957e-02 1.121e+05
2.224e-01 8.058e+04
2.331e-01 8.052e+04
1.908e-01 8.027e+04
9.969e-02 1.123e+05
1.127e-01 1.052e+05
1.214e-01 1.006e+05
1.055e-01 1.084e+05
1.010e-01 1.107e+05
2.316e-01 8.148e+04
9.428e-02 1.156e+05
1.507e-01 9.360e+04
1.703e-01 8.862e+04
9.648e-02 1.132e+05
9.645e-02 1.133e+05
1.548e-01 9.260e+04
9.892e-02 1.134e+05
1.075e-01 1.082e+05
9.623e-02 1.134e+05
1.494e-05 2.153e+04
1.019e-01 1.103e+05
1.093e-01 1.072e+05
1.359e-01 9.573e+04
9.934e-02 1.112e+05
1.057e-01 1.084e+05
2.551e-01 7.784e+04
1.197e-01 1.035e+05
3.011e-01 7.521e+04
1.068e-01 1.071e+05
1.002e-01 1.116e+05
1.052e-01 1.088e+05
9.546e-02 1.150e+05
9.840e-02 1.130e+05
1.080e-01 1.069e+05
1.007e-01 1.107e+05
1.038e-01 1.095e+05
9.985e-02 1.129e+05
2.045e-01 8.450e+04
1.004e-01 1.120e+05
1.085e-01 1.064e+05
9.544e-02 1.142e+05
9.976e-02 1.124e+05
1.088e-01 1.070e+05
1.734e-01 8.863e+04
1.844e-01 8.528e+04
1.045e-01 1.093e+05
1.011e-01 1.120e+05
1.068e-01 1.081e+05
1.047e-01 1.082e+05
1.075e-01 1.081e+05
1.036e-01 1.094e+05
4.328e-06 1.381e+04
1.023e-01 1.110e+05
2.294e-01 7.664e+04
1.043e-01 1.100e+05
1.724e-01 8.698e+04
9.450e-02 1.155e+05
1.032e-01 1.111e+05
1.034e-01 1.093e+05
9.744e-02 1.133e+05
1.186e-01 1.031e+05
1.041e-01 1.093e+05
1.672e-01 9.019e+04
1.045e-01 1.095e+05
1.598e-01 9.012e+04
1.103e-01 1.063e+05
9.373e-02 1.155e+05
9.483e-02 1.147e+05
1.010e-01 1.107e+05
9.785e-02 1.128e+05
9.368e-02 1.155e+05
1.078e-01 1.073e+05
1.054e-01 1.095e+05
1.247e-01 1.012e+05
1.262e-01 9.991e+04
9.897e-02 1.127e+05
1.083e-01 1.066e+05
1.761e-01 8.573e+04
1.050e-01 1.092e+05
1.112e-01 1.058e+05
9.649e-02 1.145e+05
1.026e-01 1.104e+05
1.607e-07 7.661e+03
1.040e-01 1.093e+05
1.014e-01 1.121e+05
1.448e-01 9.464e+04
1.043e-01 1.091e+05
1.392e-01 9.668e+04
9.762e-02 1.137e+05
2.471e-01 7.588e+04
1.345e-01 9.767e+04
1.069e-01 1.080e+05
9.610e-02 1.130e+05
9.957e-02 1.126e+05
1.100e-01 1.069e+05
1.013e-01 1.115e+05
1.249e-01 9.894e+04
9.796e-02 1.131e+05
9.833e-02 1.131e+05
2.976e-01 7.336e+04
9.669e-02 1.141e+05
1.013e-01 1.106e+05
2.733e-01 7.507e+04
9.845e-02 1.132e+05
1.076e-01 1.078e+05
1.973e-01 8.494e+04
9.606e-02 1.137e+05
3.713e-06 9.845e+03
9.858e-02 1.123e+05
1.218e-01 1.020e+05
9.819e-02 1.135e+05
2.155e-01 8.102e+04
1.085e-01 1.067e+05
1.005e-01 1.119e+05
1.117e-01 1.048e+05
1.026e-01 1.116e+05
9.973e-02 1.123e+05
1.181e-01 1.030e+05
9.867e-02 1.119e+05
1.535e-01 9.041e+04
1.107e-01 1.070e+05
9.733e-02 1.130e+05
1.027e-01 1.101e+05
1.011e-01 1.123e+05
1.025e-01 1.095e+05
1.039e-01 1.100e+05
1.001e-01 1.124e+05
1.026e-01 1.105e+05
9.594e-02 1.141e+05
9.463e-02 1.157e+05
1.009e-01 1.101e+05
1.025e-01 1.110e+05
1.667e-01 9.044e+04
1.713e-01 8.806e+04
2.133e-01 8.137e+04
1.006e-01 1.103e+05
1.057e-01 1.089e+05
1.056e-01 1.086e+05
2.104e-01 8.287e+04
1.189e-01 1.031e+05
9.907e-02 1.109e+05
1.066e-01 1.069e+05
2.039e-01 8.436e+04
1.027e-01 1.104e+05
1.061e-01 1.094e+05
1.069e-01 1.071e+05
1.067e-01 1.087e+05
9.948e-02 1.120e+05
1.008e-01 1.113e+05
9.972e-02 1.119e+05
1.872e-01 8.578e+04
1.046e-01 1.100e+05
1.012e-01 1.120e+05
1.022e-01 1.107e+05
1.825e-01 8.603e+04
1.000e-01 1.109e+05
1.065e-01 1.085e+05
1.069e-01 1.079e+05
1.049e-01 1.082e+05
1.163e-01 1.026e+05
1.168e-01 1.026e+05
1.005e-01 1.113e+05
1.156e-01 1.044e+05
2.068e-01 8.159e+04
1.031e-01 1.097e+05
1.461e-01 9.346e+04
2.394e-01 7.834e+04
1.070e-01 1.063e+05
1.168e-01 1.022e+05
9.411e-02 1.151e+05
1.019e-01 1.101e+05
1.918e-01 8.321e+04
1.318e-01 9.664e+04
1.061e-01 1.079e+05
5.742e-06 8.882e+03
1.780e-01 8.880e+04
9.385e-02 1.155e+05
1.053e-01 1.088e+05
1.010e-01 1.101e+05
1.006e-01 1.110e+05
1.323e-01 9.876e+04
1.069e-01 1.079e+05
1.211e-01 1.030e+05
9.681e-02 1.138e+05
1.006e-01 1.113e+05
1.526e-01 9.238e+04
1.005e-01 1.120e+05
9.587e-02 1.145e+05
9.630e-02 1.146e+05
1.789e-01 8.605e+04
1.747e-01 8.672e+04
1.059e-01 1.086e+05
9.974e-02 1.115e+05
1.476e-01 9.555e+04
9.994e-02 1.116e+05
1.392e-01 9.825e+04
9.972e-02 1.127e+05
1.022e-01 1.106e+05
1.001e-01 1.117e+05
9.838e-02 1.121e+05
9.725e-02 1.136e+05
1.054e-01 1.088e+05
1.038e-01 1.092e+05
1.085e-01 1.071e+05
1.519e-01 9.352e+04
1.199e-01 1.016e+05
2.502e-01 7.894e+04
2.008e-01 8.421e+04
1.038e-01 1.107e+05
1.116e-01 1.059e+05
2.099e-01 8.311e+04
1.903e-01 8.552e+04
1.022e-01 1.109e+05
1.136e-01 1.044e+05
1.043e-01 1.101e+05
9.985e-02 1.107e+05
2.680e-01 7.836e+04
1.754e-01 8.615e+04
9.948e-02 1.127e+05
1.074e-01 1.087e+05
2.211e-01 8.109e+04
1.739e-01 8.815e+04
1.018e-01 1.098e+05
9.831e-02 1.121e+05
1.062e-01 1.082e+05
1.029e-01 1.103e+05
1.318e-01 9.950e+04
1.012e-01 1.112e+05
1.370e-01 9.673e+04
1.916e-01 8.449e+04
2.232e-01 8.266e+04
1.037e-01 1.107e+05
2.746e-05 1.824e+04
1.011e-01 1.106e+05
1.015e-01 1.105e+05
1.121e-01 1.050e+05
1.120e-01 1.037e+05
1.121e-01 1.041e+05
1.069e-01 1.074e+05
1.088e-01 1.073e+05
1.023e-01 1.107e+05
9.718e-02 1.138e+05
1.010e-01 1.110e+05
1.476e-01 9.482e+04
1.008e-01 1.115e+05
1.155e-01 1.050e+05
1.771e-01 8.635e+04
1.622e-01 8.978e+04
1.033e-01 1.097e+05
2.120e-01 8.299e+04
1.048e-01 1.105e+05
1.006e-01 1.128e+05
1.008e-01 1.109e+05
9.914e-02 1.124e+05
1.055e-01 1.094e+05
9.347e-06 6.192e+03
1.661e-01 8.953e+04
1.447e-01 9.444e+04
1.525e-01 9.210e+04
1.048e-01 1.085e+05
1.320e-01 9.808e+04
1.094e-01 1.066e+05
1.078e-01 1.074e+05
1.067e-01 1.081e+05
2.002e-01 8.403e+04
2.665e-01 7.498e+04
1.225e-01 9.988e+04
1.094e-01 1.074e+05
1.116e-01 1.058e+05
1.065e-01 1.077e+05
1.040e-01 1.096e+05
2.052e-01 8.203e+04
9.593e-02 1.137e+05
2.228e-01 8.125e+04
1.082e-01 1.080e+05
1.492e-01 9.378e+04
1.001e-01 1.118e+05
1.082e-01 1.075e+05
1.084e-01 1.069e+05
1.945e-01 8.242e+04
1.078e-01 1.072e+05
1.074e-01 1.065e+05
9.404e-02 1.160e+05
1.031e-01 1.109e+05
9.870e-02 1.116e+05
1.114e-01 1.060e+05
1.376e-01 9.528e+04
1.222e-01 1.018e+05
1.034e-01 1.096e+05
1.100e-01 1.070e+05
1.156e-01 1.054e+05
1.245e-01 1.016e+05
9.977e-02 1.113e+05
1.085e-01 1.079e+05
1.523e-01 9.120e+04
1.091e-01 1.083e+05
1.013e-01 1.115e+05
9.594e-02 1.144e+05
1.061e-01 1.082e+05
2.533e-06 2.602e+04
1.027e-01 1.098e+05
1.225e-01 1.025e+05
1.119e-01 1.054e+05
1.481e-01 9.220e+04
1.097e-01 1.075e+05
1.159e-01 1.040e+05
1.045e-01 1.097e+05
9.961e-02 1.110e+05
1.032e-01 1.097e+05
9.477e-02 1.141e+05
1.598e-01 9.119e+04
1.025e-01 1.106e+05
1.165e-01 1.043e+05
1.058e-01 1.097e+05
1.053e-01 1.087e+05
1.019e-01 1.111e+05
1.046e-01 1.093e+05
5.132e-06 1.826e+04
9.475e-02 1.155e+05
1.001e-01 1.127e+05
1.142e-01 1.053e+05
9.707e-02 1.136e+05
2.008e-01 8.247e+04
1.048e-01 1.095e+05
9.611e-02 1.138e+05
9.511e-02 1.146e+05
1.049e-01 1.094e+05
1.423e-01 9.352e+04
4.319e-07 1.542e+04
1.051e-01 1.092e+05
1.056e-01 1.088e+05
1.015e-01 1.109e+05
1.003e-01 1.114e+05
1.175e-01 1.040e+05
1.036e-01 1.100e+05
1.028e-01 1.105e+05
1.385e-01 9.775e+04
9.711e-02 1.129e+05
1.050e-01 1.094e+05
1.182e-01 1.029e+05
1.119e-01 1.037e+05
1.022e-01 1.110e+05
1.432e-01 9.529e+04
1.003e-01 1.114e+05
1.542e-01 9.227e+04
2.974e-01 7.521e+04
1.019e-01 1.107e+05
9.859e-02 1.121e+05
2.239e-01 7.999e+04
1.312e-01 9.616e+04
1.111e-01 1.064e+05
9.973e-02 1.116e+05
1.644e-01 9.068e+04
1.105e-01 1.054e+05
2.244e-01 7.850e+04
1.606e-01 9.030e+04
1.083e-01 1.076e+05
2.430e-01 7.682e+04
9.684e-02 1.139e+05
9.783e-02 1.131e+05
2.414e-01 7.940e+04
1.881e-01 8.489e+04
1.328e-01 9.561e+04
1.030e-01 1.099e+05
1.146e-01 1.037e+05
1.058e-01 1.087e+05
9.990e-02 1.119e+05
9.841e-02 1.126e+05
1.006e-01 1.124e+05
1.231e-01 1.004e+05
9.593e-02 1.150e+05
6.621e-06 5.694e+03
9.910e-02 1.120e+05
2.664e-01 7.611e+04
9.897e-02 1.129e+05
2.826e-01 7.562e+04
9.446e-02 1.147e+05
1.007e-01 1.118e+05
2.809e-01 7.831e+04
3.022e-01 7.264e+04
9.835e-02 1.137e+05
2.704e-01 7.399e+04
9.741e-02 1.129e+05
1.000e-01 1.115e+05
9.666e-02 1.137e+05
1.015e-01 1.105e+05
9.925e-02 1.131e+05
1.432e-01 9.314e+04
1.109e-01 1.062e+05
1.080e-01 1.073e+05
3.155e-01 7.271e+04
9.837e-02 1.132e+05
9.996e-02 1.116e+05
2.765e-01 7.525e+04
2.316e-01 7.863e+04
1.757e-01 8.747e+04
9.879e-02 1.119e+05
1.035e-01 1.095e+05
1.032e-01 1.101e+05
9.660e-02 1.133e+05
1.420e-01 9.447e+04
9.598e-02 1.141e+05
9.488e-02 1.141e+05
1.061e-01 1.084e+05
1.030e-01 1.104e+05
1.419e-01 9.560e+04
1.982e-01 8.308e+04
9.865e-02 1.121e+05
1.001e-01 1.114e+05
9.785e-02 1.120e+05
1.027e-05 1.532e+04
2.335e-01 8.148e+04
2.386e-01 7.913e+04
2.868e-01 7.541e+04
1.792e-01 8.608e+04
1.036e-01 1.094e+05
9.911e-02 1.116e+05
2.813e-01 7.727e+04
1.838e-01 8.570e+04
1.008e-01 1.110e+05
1.026e-01 1.112e+05
1.315e-01 9.916e+04
1.064e-01 1.072e+05
6.629e-06 1.192e+04
1.023e-01 1.104e+05
1.058e-01 1.081e+05
1.432e-01 9.249e+04
1.169e-01 1.040e+05
9.891e-02 1.119e+05
9.568e-02 1.147e+05
1.022e-01 1.111e+05
9.875e-02 1.132e+05
2.073e-01 8.385e+04
1.808e-01 8.376e+04
1.035e-01 1.105e+05
1.217e-01 1.020e+05
2.987e-01 7.585e+04
1.032e-01 1.101e+05
9.537e-02 1.140e+05
1.487e-01 9.290e+04
9.807e-02 1.132e+05
1.050e-01 1.093e+05
1.029e-01 1.100e+05
9.800e-02 1.133e+05
2.569e-01 7.638e+04
9.765e-02 1.144e+05
1.048e-01 1.098e+05
9.680e-02 1.137e+05
1.019e-01 1.107e+05
1.509e-01 9.103e+04
1.950e-01 8.378e+04
2.511e-01 8.003e+04
1.041e-01 1.092e+05
1.106e-01 1.047e+05
1.043e-01 1.096e+05
1.061e-01 1.085e+05
1.404e-01 9.684e+04
9.968e-02 1.122e+05
9.170e-02 1.168e+05
9.769e-02 1.129e+05
9.939e-02 1.116e+05
1.472e-01 9.453e+04
1.702e-01 8.654e+04
2.053e-01 8.480e+04
1.071e-01 1.074e+05
1.129e-01 1.046e+05
2.577e-01 7.612e+04
9.523e-02 1.144e+05
9.746e-02 1.131e+05
1.046e-01 1.096e+05
1.982e-01 8.513e+04
1.913e-01 8.125e+04
9.909e-02 1.124e+05
9.972e-02 1.121e+05
2.080e-01 8.068e+04
1.002e-01 1.120e+05
9.619e-02 1.140e+05
9.983e-02 1.130e+05
2.167e-01 8.109e+04
1.047e-01 1.083e+05
1.047e-01 1.100e+05
1.045e-01 1.097e+05
1.043e-01 1.091e+05
1.272e-01 9.725e+04
1.096e-01 1.070e+05
9.563e-02 1.134e+05
1.027e-01 1.101e+05
9.933e-02 1.127e+05
1.388e-01 9.623e+04
1.017e-01 1.115e+05
9.910e-02 1.132e+05
9.848e-02 1.120e+05
9.932e-02 1.119e+05
4.109e-06 8.682e+03
1.065e-01 1.087e+05
1.127e-01 1.056e+05
1.706e-01 8.794e+04
9.654e-02 1.148e+05
1.558e-01 9.266e+04
9.770e-02 1.136e+05
1.071e-01 1.082e+05
9.619e-02 1.140e+05
1.790e-01 8.658e+04
5.241e-06 2.046e+04
9.966e-02 1.122e+05
9.642e-02 1.137e+05
1.024e-01 1.109e+05
9.254e-02 1.161e+05
7.547e-06 1.787e+04
1.023e-01 1.111e+05
1.016e-01 1.118e+05
9.969e-02 1.116e+05
1.011e-01 1.116e+05
1.527e-01 9.234e+04
1.761e-01 8.807e+04
4.715e-06 1.205e+04
1.034e-01 1.096e+05
1.916e-01 8.521e+04
1.062e-01 1.086e+05
9.989e-02 1.124e+05
2.287e-01 7.880e+04
1.028e-01 1.096e+05
1.975e-01 8.374e+04
9.857e-02 1.134e+05
1.668e-01 9.086e+04
1.307e-01 9.837e+04
1.017e-01 1.110e+05
1.027e-01 1.092e+05
2.011e-01 8.436e+04
1.047e-01 1.093e+05
1.848e-01 8.539e+04
2.293e-01 7.922e+04
1.461e-01 9.297e+04
1.163e-01 1.036e+05
2.157e-01 8.024e+04
1.269e-01 9.883e+04
9.683e-02 1.126e+05
9.894e-02 1.115e+05
1.120e-01 1.057e+05
1.488e-01 9.304e+04
2.223e-01 8.283e+04
9.935e-02 1.132e+05
1.083e-01 1.069e+05
1.005e-01 1.125e+05
1.667e-01 8.822e+04
1.253e-01 1.010e+05
1.028e-01 1.111e+05
1.007e-01 1.118e+05
9.898e-02 1.126e+05
1.113e-01 1.060e+05
1.018e-01 1.116e+05
1.182e-01 1.031e+05
1.093e-01 1.067e+05
1.056e-01 1.087e+05
9.969e-02 1.118e+05
2.166e-01 8.119e+04
1.076e-01 1.086e+05
1.004e-01 1.105e+05
1.030e-01 1.100e+05
9.264e-02 1.164e+05
1.032e-01 1.108e+05
1.782e-01 8.775e+04
1.308e-01 9.774e+04
1.588e-06 1.991e+04
9.760e-02 1.134e+05
1.162e-01 1.026e+05
1.007e-01 1.120e+05
1.996e-01 8.329e+04
1.184e-01 1.037e+05
1.189e-01 1.012e+05
1.021e-01 1.113e+05
2.234e-01 8.308e+04
1.006e-01 1.115e+05
1.028e-01 1.105e+05
9.779e-02 1.120e+05
9.821e-02 1.129e+05
1.015e-01 1.115e+05
1.126e-01 1.067e+05
9.738e-02 1.127e+05
1.363e-01 9.659e+04
2.469e-01 7.796e+04
2.320e-01 7.942e+04
2.330e-01 7.984e+04
9.511e-02 1.153e+05
9.279e-02 1.164e+05
9.674e-02 1.137e+05
1.688e-01 8.981e+04
2.206e-01 7.960e+04
1.198e-01 1.022e+05
2.499e-01 7.543e+04
9.481e-02 1.148e+05
9.720e-02 1.144e+05
9.748e-02 1.130e+05
1.061e-01 1.083e+05
1.344e-01 9.717e+04
1.024e-01 1.101e+05
2.184e-01 8.345e+04
1.039e-01 1.092e+05
1.752e-01 8.909e+04
9.841e-02 1.123e+05
1.090e-01 1.070e+05
1.142e-01 1.038e+05
1.038e-01 1.099e+05
1.104e-01 1.071e+05
1.497e-01 9.380e+04
6.908e-06 1.172e+04
1.911e-01 8.430e+04
1.106e-01 1.066e+05
1.982e-01 8.545e+04
1.086e-01 1.075e+05
9.454e-02 1.143e+05
1.470e-01 9.507e+04
1.001e-01 1.114e+05
1.062e-01 1.078e+05
9.828e-02 1.123e+05
1.009e-01 1.111e+05
2.301e-01 8.207e+04
1.022e-01 1.105e+05
1.030e-01 1.107e+05
1.147e-01 1.029e+05
1.426e-01 9.511e+04
1.527e-01 9.242e+04
1.260e-01 9.992e+04
1.689e-01 8.854e+04
1.413e-06 6.685e+03
2.211e-01 8.106e+04
9.782e-02 1.129e+05
2.024e-01 8.121e+04
1.071e-01 1.088e+05
9.933e-02 1.120e+05
9.874e-02 1.126e+05
1.007e-01 1.108e+05
1.067e-01 1.072e+05
1.014e-01 1.115e+05
1.061e-01 1.089e+05
9.362e-02 1.152e+05
9.629e-02 1.143e+05
1.039e-01 1.100e+05
1.055e-01 1.096e+05
1.307e-01 9.892e+04
1.083e-01 1.070e+05
9.600e-02 1.150e+05
2.092e-01 8.289e+04
1.125e-01 1.040e+05
9.816e-02 1.129e+05
1.127e-01 1.053e+05
9.339e-02 1.162e+05
1.047e-01 1.096e+05
1.001e-01 1.118e+05
1.065e-01 1.074e+05
2.431e-01 7.804e+04
9.822e-02 1.132e+05
1.071e-01 1.071e+05
9.867e-02 1.128e+05
1.049e-01 1.094e+05
2.537e-01 7.717e+04
1.170e-01 1.040e+05
2.587e-01 7.868e+04
1.931e-01 8.260e+04
1.831e-01 8.744e+04
1.083e-01 1.078e+05
1.638e-01 8.936e+04
1.035e-01 1.106e+05
1.006e-01 1.114e+05
1.037e-01 1.093e+05
1.063e-01 1.087e+05
2.468e-01 7.842e+04
1.055e-01 1.099e+05
9.241e-02 1.164e+05
1.052e-01 1.084e+05
1.424e-01 9.654e+04
2.691e-01 7.653e+04
1.002e-01 1.115e+05
9.378e-02 1.153e+05
2.760e-01 7.724e+04
1.656e-06 1.282e+04
1.064e-01 1.087e+05
9.825e-02 1.129e+05
1.195e-01 1.022e+05
1.312e-01 9.821e+04
1.353e-01 9.890e+04
1.078e-01 1.080e+05
1.033e-01 1.097e+05
1.030e-01 1.101e+05
2.862e-01 7.562e+04
1.014e-01 1.110e+05
1.003e-01 1.113e+05
2.224e-01 8.127e+04
1.155e-01 1.044e+05
2.318e-01 8.037e+04
1.057e-01 1.092e+05
1.013e-01 1.101e+05
1.141e-01 1.031e+05
1.065e-01 1.068e+05
1.043e-01 1.098e+05
1.019e-01 1.098e+05
3.205e-01 7.143e+04
9.641e-02 1.134e+05
9.898e-02 1.129e+05
1.007e-01 1.112e+05
9.750e-02 1.135e+05
1.132e-01 1.047e+05
1.861e-01 8.758e+04
1.915e-01 8.498e+04
9.633e-02 1.146e+05
1.002e-01 1.115e+05
1.090e-01 1.066e+05
1.015e-01 1.105e+05
1.268e-01 9.896e+04
4.856e-06 5.323e+03
9.137e-07 6.430e+03
1.485e-01 9.438e+04
9.650e-02 1.141e+05
9.632e-02 1.134e+05
3.171e-05 1.978e+03
2.159e-01 7.809e+04
1.691e-01 9.042e+04
1.008e-01 1.112e+05
9.866e-02 1.122e+05
1.079e-01 1.076e+05
1.181e-05 9.934e+03
2.279e-01 7.993e+04
2.080e-01 8.339e+04
2.421e-01 7.722e+04
2.493e-01 7.787e+04
1.039e-01 1.098e+05
3.763e-06 2.509e+03
2.158e-01 8.348e+04
9.877e-06 1.139e+04
1.054e-01 1.081e+05
1.105e-01 1.069e+05
1.063e-01 1.084e+05
9.899e-02 1.121e+05
9.796e-02 1.132e+05
1.029e-01 1.093e+05
1.894e-01 8.555e+04
1.006e-01 1.120e+05
1.071e-01 1.076e+05
1.741e-01 8.792e+04
1.024e-01 1.096e+05
9.992e-07 1.681e+04
1.291e-01 9.956e+04
1.017e-01 1.110e+05
1.009e-01 1.114e+05
2.386e-01 7.758e+04
1.026e-01 1.088e+05
1.044e-01 1.095e+05
2.214e-01 8.213e+04
1.009e-01 1.109e+05
1.581e-01 9.194e+04
1.567e-01 8.987e+04
1.141e-01 1.053e+05
3.008e-01 7.442e+04
1.067e-01 1.087e+05
1.888e-01 8.545e+04
2.603e-01 7.424e+04
9.900e-02 1.125e+05
2.139e-01 8.213e+04
9.877e-02 1.119e+05
2.000e-01 8.376e+04
1.073e-01 1.071e+05
1.057e-01 1.098e+05
1.005e-01 1.121e+05
1.160e-01 1.031e+05
2.568e-01 7.968e+04
1.134e-01 1.055e+05
1.554e-01 9.263e+04
1.096e-01 1.071e+05
1.038e-01 1.109e+05
1.120e-01 1.057e+05
9.841e-02 1.123e+05
2.071e-01 8.344e+04
1.009e-01 1.112e+05
1.046e-01 1.104e+05
1.175e-01 1.018e+05
1.090e-01 1.078e+05
1.109e-01 1.046e+05
2.154e-01 8.171e+04
1.688e-01 8.834e+04
1.009e-01 1.110e+05
2.235e-01 8.033e+04
2.667e-01 7.605e+04
1.241e-01 1.009e+05
9.898e-02 1.111e+05
1.019e-01 1.113e+05
1.018e-01 1.115e+05
1.002e-01 1.117e+05
1.598e-01 9.293e+04
9.930e-02 1.115e+05
9.547e-02 1.140e+05
1.049e-01 1.093e+05
1.018e-01 1.099e+05
9.772e-02 1.125e+05
1.069e-01 1.079e+05
1.081e-01 1.060e+05
1.052e-01 1.099e+05
1.021e-01 1.104e+05
1.222e-01 1.004e+05
1.422e-01 9.635e+04
1.029e-01 1.105e+05
1.105e-01 1.068e+05
1.010e-01 1.106e+05
1.039e-01 1.087e+05
9.971e-02 1.119e+05
9.901e-02 1.124e+05
2.450e-01 7.797e+04
1.038e-01 1.110e+05
1.014e-01 1.103e+05
2.395e-01 7.910e+04
1.175e-01 1.027e+05
9.892e-02 1.123e+05
1.968e-01 8.453e+04
1.461e-01 9.584e+04
1.255e-01 1.008e+05
1.026e-01 1.101e+05
1.028e-01 1.102e+05
1.022e-01 1.104e+05
1.094e-01 1.066e+05
2.044e-01 8.110e+04
1.152e-01 1.041e+05
1.051e-01 1.085e+05
9.734e-02 1.137e+05
1.004e-01 1.121e+05
2.003e-01 8.343e+04
1.109e-01 1.064e+05
1.020e-01 1.107e+05
9.515e-02 1.144e+05
1.167e-01 1.035e+05
1.089e-01 1.080e+05
1.082e-01 1.073e+05
1.001e-01 1.128e+05
1.028e-01 1.104e+05
9.599e-02 1.141e+05
9.952e-02 1.118e+05
9.986e-02 1.109e+05
9.801e-02 1.126e+05
1.042e-01 1.106e+05
1.144e-01 1.031e+05
2.057e-01 8.271e+04
7.785e-07 1.905e+03
1.072e-01 1.071e+05
1.920e-01 8.628e+04
2.232e-01 8.284e+04
1.032e-01 1.103e+05
1.059e-01 1.088e+05
9.315e-02 1.153e+05
1.594e-01 9.154e+04
9.822e-02 1.138e+05
1.004e-01 1.108e+05
1.928e-01 8.513e+04
1.014e-01 1.096e+05
1.178e-01 1.036e+05
1.026e-01 1.103e+05
1.048e-01 1.099e+05
1.105e-01 1.058e+05
2.521e-01 7.776e+04
9.976e-02 1.115e+05
1.022e-01 1.105e+05
9.510e-02 1.157e+05
1.010e-01 1.120e+05
9.818e-02 1.131e+05
1.023e-01 1.108e+05
1.186e-01 1.029e+05
1.021e-01 1.108e+05
2.250e-01 7.909e+04
1.062e-01 1.090e+05
1.428e-01 9.618e+04
1.024e-01 1.104e+05
9.660e-02 1.127e+05
9.730e-02 1.125e+05
1.039e-01 1.099e+05
1.749e-01 8.726e+04
1.247e-01 1.013e+05
1.043e-01 1.082e+05
9.575e-02 1.134e+05
1.072e-01 1.069e+05
9.907e-02 1.123e+05
9.898e-02 1.129e+05
2.089e-01 8.287e+04
1.183e-01 1.027e+05
9.696e-02 1.131e+05
1.012e-01 1.113e+05
1.800e-01 8.751e+04
1.082e-01 1.075e+05
1.071e-01 1.079e+05
1.016e-01 1.111e+05
9.367e-02 1.161e+05
1.067e-01 1.086e+05
1.059e-01 1.099e+05
1.093e-01 1.063e+05
9.534e-02 1.139e+05
1.378e-06 1.491e+04
1.314e-01 9.955e+04
1.046e-01 1.086e+05
9.900e-02 1.119e+05
9.537e-02 1.151e+05
1.418e-01 9.530e+04
1.133e-01 1.043e+05
1.176e-01 1.038e+05
2.223e-01 8.153e+04
2.374e-01 7.836e+04
1.158e-01 1.055e+05
1.718e-01 8.793e+04
1.128e-01 1.064e+05
1.055e-01 1.095e+05
1.072e-01 1.082e+05
3.163e-01 7.663e+04
2.657e-01 7.837e+04
1.136e-01 1.050e+05
9.719e-02 1.130e+05
9.962e-02 1.115e+05
2.429e-01 7.757e+04
1.035e-01 1.099e+05
2.093e-01 8.353e+04
1.110e-01 1.062e+05
1.058e-01 1.089e+05
1.059e-01 1.091e+05
1.055e-01 1.087e+05
1.061e-01 1.086e+05
9.656e-02 1.130e+05
6.201e-06 2.040e+04
1.027e-01 1.103e+05
1.002e-01 1.118e+05
1.004e-01 1.120e+05
9.644e-02 1.148e+05
9.802e-02 1.128e+05
1.688e-01 8.973e+04
9.803e-02 1.131e+05
1.002e-01 1.109e+05
1.432e-01 9.697e+04
9.929e-02 1.119e+05
1.615e-01 8.916e+04
1.794e-01 8.939e+04
9.995e-02 1.120e+05
1.699e-05 7.911e+03
1.004e-01 1.107e+05
2.431e-01 7.827e+04
1.526e-01 8.996e+04
9.951e-02 1.126e+05
1.075e-01 1.081e+05
1.785e-01 8.859e+04
1.051e-01 1.096e+05
1.037e-01 1.094e+05
1.399e-01 9.548e+04
1.015e-01 1.107e+05
1.692e-01 8.923e+04
9.929e-02 1.131e+05
9.580e-02 1.146e+05
1.006e-01 1.110e+05
9.821e-02 1.125e+05
9.904e-02 1.132e+05
1.027e-01 1.100e+05
2.322e-01 7.586e+04
1.746e-01 8.659e+04
2.230e-01 8.062e+04
1.044e-01 1.099e+05
1.041e-01 1.100e+05
2.822e-01 7.757e+04
9.912e-02 1.118e+05
1.121e-01 1.049e+05
1.308e-01 9.689e+04
9.956e-02 1.127e+05
1.046e-01 1.095e+05
9.332e-02 1.156e+05
1.115e-01 1.052e+05
1.005e-01 1.122e+05
1.145e-01 1.049e+05
1.681e-01 8.959e+04
2.125e-01 8.209e+04
9.349e-02 1.162e+05
9.550e-02 1.144e+05
1.627e-06 9.990e+02
1.062e-01 1.068e+05
9.409e-02 1.155e+05
1.011e-01 1.111e+05
1.942e-01 8.471e+04
2.363e-01 7.806e+04
1.414e-01 9.456e+04
2.040e-01 8.343e+04
1.015e-01 1.100e+05
9.537e-02 1.145e+05
2.559e-01 8.064e+04
1.039e-01 1.099e+05
9.829e-02 1.134e+05
1.217e-01 1.017e+05
1.047e-01 1.092e+05
1.709e-01 8.782e+04
1.083e-01 1.077e+05
1.037e-01 1.111e+05
8.723e-06 1.074e+04
9.979e-02 1.122e+05
1.100e-01 1.066e+05
1.010e-01 1.119e+05
1.057e-01 1.098e+05
9.900e-02 1.123e+05
9.613e-02 1.133e+05
9.266e-02 1.165e+05
1.470e-01 9.349e+04
1.004e-01 1.107e+05
9.714e-02 1.132e+05
2.129e-01 8.128e+04
9.641e-02 1.136e+05
1.165e-01 1.026e+05
1.044e-01 1.100e+05
1.099e-01 1.077e+05
2.132e-01 8.428e+04
2.553e-01 7.734e+04
1.007e-01 1.114e+05
1.033e-01 1.098e+05
1.076e-01 1.079e+05
1.113e-01 1.062e+05
1.042e-01 1.080e+05
1.303e-01 9.935e+04
9.378e-02 1.162e+05
1.322e-01 9.922e+04
1.030e-01 1.101e+05
1.004e-01 1.116e+05
1.072e-01 1.079e+05
1.051e-01 1.095e+05
1.372e-01 9.557e+04
1.058e-01 1.081e+05
9.571e-02 1.154e+05
1.034e-01 1.102e+05
9.199e-02 1.169e+05
1.121e-01 1.060e+05
1.029e-01 1.105e+05
2.358e-01 8.014e+04
9.972e-02 1.123e+05
1.085e-01 1.085e+05
1.034e-05 1.450e+04
1.392e-01 9.659e+04
2.391e-01 7.914e+04
9.869e-02 1.122e+05
2.143e-01 8.324e+04
1.000e-01 1.122e+05
1.031e-01 1.103e+05
9.528e-02 1.143e+05
1.696e-01 8.889e+04
1.004e-01 1.114e+05
1.167e-01 1.031e+05
9.514e-02 1.149e+05
1.249e-01 9.849e+04
1.001e-01 1.118e+05
1.183e-01 1.025e+05
1.079e-01 1.078e+05
1.031e-01 1.103e+05
9.290e-02 1.165e+05
9.403e-02 1.159e+05
2.847e-01 7.632e+04
2.068e-01 8.247e+04
9.713e-02 1.131e+05
1.045e-01 1.095e+05
9.546e-02 1.146e+05
1.413e-01 9.560e+04
1.094e-01 1.065e+05
9.529e-02 1.142e+05
1.033e-01 1.095e+05
9.834e-02 1.127e+05
1.038e-01 1.102e+05
9.361e-02 1.160e+05
4.397e-06 1.108e+04
1.257e-01 9.975e+04
2.962e-01 7.248e+04
2.035e-01 8.374e+04
1.057e-01 1.092e+05
9.501e-02 1.154e+05
9.571e-02 1.150e+05
1.291e-01 9.941e+04
9.656e-02 1.145e+05
1.013e-01 1.108e+05
1.393e-01 9.591e+04
2.392e-01 7.945e+04
2.914e-01 7.448e+04
1.019e-01 1.110e+05
2.075e-01 8.482e+04
1.083e-06 2.627e+04
9.852e-02 1.121e+05
1.014e-01 1.105e+05
1.038e-01 1.087e+05
2.484e-01 7.646e+04
1.046e-01 1.103e+05
1.096e-01 1.065e+05
2.057e-06 9.428e+03
9.858e-02 1.129e+05
1.330e-01 9.717e+04
1.030e-01 1.105e+05
1.762e-01 8.956e+04
1.050e-01 1.096e+05
1.090e-01 1.083e+05
9.986e-02 1.108e+05
1.060e-01 1.082e+05
2.114e-01 8.259e+04
1.581e-01 9.109e+04
1.187e-01 1.039e+05
9.340e-02 1.158e+05
1.221e-01 1.009e+05
1.027e-01 1.104e+05
1.047e-01 1.085e+05
2.315e-01 8.033e+04
2.423e-01 7.808e+04
9.717e-02 1.133e+05
8.794e-07 8.866e+03
1.059e-01 1.087e+05
2.349e-01 8.110e+04
9.455e-02 1.145e+05
1.052e-01 1.078e+05
2.398e-01 8.065e+04
1.948e-01 8.554e+04
1.643e-01 9.013e+04
1.029e-01 1.099e+05
1.464e-01 9.363e+04
1.012e-01 1.110e+05
1.007e-01 1.125e+05
3.016e-01 7.447e+04
1.285e-01 9.930e+04
1.052e-01 1.085e+05
1.014e-01 1.112e+05
1.083e-01 1.074e+05
2.026e-01 8.425e+04
9.916e-02 1.134e+05
9.928e-02 1.133e+05
1.028e-01 1.097e+05
1.009e-01 1.118e+05
2.122e-01 8.457e+04
9.761e-02 1.130e+05
9.936e-02 1.115e+05
1.949e-01 8.528e+04
9.967e-02 1.121e+05
1.413e-01 9.648e+04
1.046e-01 1.089e+05
2.226e-01 8.150e+04
1.027e-01 1.105e+05
2.156e-01 7.971e+04
2.337e-01 7.982e+04
1.008e-01 1.102e+05
2.100e-01 7.725e+04
1.040e-01 1.103e+05
9.400e-02 1.157e+05
9.816e-02 1.134e+05
1.018e-01 1.106e+05
1.035e-01 1.096e+05
9.433e-02 1.151e+05
2.154e-01 8.136e+04
9.861e-02 1.132e+05
9.677e-02 1.130e+05
1.034e-01 1.101e+05
2.555e-01 7.798e+04
2.209e-01 7.933e+04
9.999e-02 1.118e+05
1.002e-01 1.117e+05
9.758e-02 1.130e+05
1.087e-01 1.063e+05
2.072e-01 8.030e+04
1.820e-01 8.649e+04
2.431e-01 7.640e+04
1.066e-01 1.081e+05
1.083e-01 1.057e+05
1.040e-01 1.101e+05
1.048e-01 1.094e+05
4.118e-06 1.074e+04
1.024e-01 1.102e+05
1.133e-01 1.045e+05
1.869e-01 8.540e+04
1.015e-01 1.109e+05
1.128e-01 1.045e+05
9.827e-02 1.132e+05
9.600e-02 1.138e+05
1.046e-01 1.090e+05
1.290e-01 9.891e+04
1.094e-01 1.070e+05
1.045e-01 1.093e+05
9.880e-02 1.120e+05
2.321e-01 7.804e+04
9.993e-02 1.123e+05
2.385e-01 7.966e+04
4.311e-07 4.749e+03
1.532e-01 9.170e+04
1.269e-01 1.013e+05
2.039e-01 8.349e+04
1.103e-01 1.065e+05
9.892e-02 1.124e+05
1.003e-01 1.123e+05
1.118e-01 1.058e+05
1.468e-01 9.286e+04
9.463e-02 1.160e+05
1.005e-01 1.115e+05
1.769e-01 8.657e+04
1.017e-01 1.118e+05
9.987e-02 1.130e+05
1.150e-01 1.038e+05
2.590e-01 7.847e+04
1.057e-01 1.080e+05
1.062e-01 1.082e+05
2.682e-01 7.331e+04
1.523e-01 9.390e+04
9.875e-02 1.120e+05
9.631e-02 1.134e+05
9.234e-02 1.167e+05
1.888e-01 8.542e+04
1.014e-01 1.108e+05
9.686e-02 1.134e+05
1.037e-01 1.095e+05
1.071e-01 1.078e+05
1.023e-01 1.103e+05
9.940e-02 1.116e+05
9.937e-02 1.133e+05
1.004e-01 1.118e+05
1.203e-01 1.020e+05
2.051e-01 8.456e+04
1.072e-01 1.079e+05
1.137e-01 1.050e+05
1.015e-01 1.112e+05
1.442e-01 9.462e+04
9.625e-02 1.148e+05
9.862e-02 1.114e+05
1.298e-01 9.964e+04
1.031e-01 1.094e+05
1.009e-01 1.104e+05
1.045e-01 1.096e+05
1.046e-01 1.103e+05
1.027e-01 1.112e+05
9.892e-02 1.112e+05
1.794e-01 8.621e+04
9.529e-02 1.146e+05
1.021e-01 1.109e+05
1.019e-01 1.113e+05
1.379e-01 9.750e+04
1.401e-01 9.382e+04
1.068e-01 1.076e+05
1.968e-01 8.387e+04
1.017e-01 1.108e+05
1.809e-01 8.771e+04
1.016e-01 1.102e+05
1.038e-01 1.107e+05
1.040e-01 1.101e+05
1.938e-01 8.561e+04
9.935e-02 1.114e+05
9.987e-02 1.112e+05
1.624e-01 8.816e+04
9.388e-02 1.149e+05
1.088e-01 1.071e+05
1.038e-01 1.106e+05
1.086e-01 1.075e+05
1.279e-01 1.009e+05
9.539e-02 1.136e+05
2.210e-01 8.153e+04
1.048e-01 1.088e+05
1.000e-01 1.119e+05
9.982e-02 1.111e+05
1.323e-01 9.802e+04
1.138e-01 1.060e+05
2.422e-01 7.770e+04
1.014e-01 1.116e+05
1.063e-01 1.097e+05
4.285e-06 2.002e+04
1.041e-01 1.091e+05
2.865e-01 7.024e+04
1.009e-01 1.110e+05
9.889e-02 1.125e+05
1.124e-01 1.056e+05
1.527e-01 9.028e+04
2.245e-01 7.654e+04
1.519e-01 9.364e+04
2.755e-01 7.636e+04
2.297e-05 1.009e+04
1.092e-01 1.078e+05
1.006e-01 1.118e+05
1.151e-01 1.040e+05
1.038e-01 1.100e+05
9.644e-02 1.136e+05
9.385e-02 1.148e+05
9.941e-02 1.127e+05
1.633e-01 9.026e+04
9.665e-02 1.135e+05
9.894e-02 1.124e+05
2.492e-01 7.811e+04
6.098e-06 1.381e+04
1.018e-01 1.092e+05
1.064e-01 1.085e+05
2.088e-01 8.360e+04
1.071e-01 1.064e+05
1.148e-01 1.049e+05
2.358e-01 7.815e+04
1.688e-01 8.817e+04
2.479e-01 8.050e+04
1.257e-01 1.001e+05
9.508e-06 5.362e+03
1.393e-01 9.669e+04
9.409e-02 1.158e+05
1.433e-01 9.377e+04
1.088e-01 1.073e+05
1.018e-01 1.107e+05
1.521e-01 9.310e+04
2.683e-01 7.768e+04
9.875e-02 1.126e+05
1.001e-01 1.120e+05
1.553e-01 9.079e+04
9.723e-02 1.132e+05
1.002e-01 1.113e+05
1.062e-01 1.094e+05
1.010e-01 1.111e+05
2.044e-01 8.269e+04
1.016e-01 1.109e+05
9.795e-02 1.132e+05
1.057e-01 1.079e+05
9.933e-02 1.124e+05
9.806e-02 1.123e+05
1.174e-01 1.024e+05
1.041e-01 1.093e+05
2.056e-01 8.366e+04
1.048e-01 1.092e+05
1.026e-01 1.115e+05
1.038e-01 1.095e+05
2.305e-01 7.704e+04
1.024e-01 1.094e+05
1.660e-01 8.955e+04
1.043e-01 1.102e+05
1.448e-01 9.247e+04
1.074e-01 1.076e+05
1.152e-01 1.036e+05
1.751e-01 8.902e+04
9.810e-02 1.123e+05
5.461e-06 2.913e+04
1.856e-01 8.483e+04
1.055e-01 1.075e+05
1.123e-01 1.043e+05
9.920e-02 1.121e+05
9.820e-02 1.122e+05
1.006e-01 1.110e+05
9.768e-02 1.139e+05
1.101e-01 1.066e+05
9.752e-02 1.128e+05
1.036e-01 1.094e+05
1.999e-01 8.477e+04
1.284e-01 9.899e+04
7.938e-07 5.807e+03
1.507e-01 9.318e+04
9.982e-02 1.117e+05
1.024e-01 1.108e+05
1.008e-01 1.111e+05
9.494e-02 1.148e+05
1.422e-06 3.439e+03
9.950e-02 1.114e+05
9.927e-02 1.118e+05
1.043e-01 1.091e+05
1.004e-01 1.111e+05
1.128e-01 1.052e+05
1.113e-01 1.057e+05
1.762e-01 8.709e+04
1.553e-01 9.025e+04
1.229e-01 1.019e+05
1.384e-01 9.711e+04
1.653e-01 8.990e+04
1.138e-01 1.054e+05
9.929e-02 1.117e+05
1.022e-01 1.103e+05
1.005e-01 1.111e+05
1.082e-01 1.065e+05
1.035e-01 1.099e+05
1.068e-01 1.074e+05
1.932e-06 1.522e+04
1.292e-01 9.923e+04
1.056e-01 1.089e+05
1.015e-01 1.117e+05
1.525e-01 9.202e+04
1.017e-01 1.116e+05
1.624e-01 8.963e+04
2.187e-01 8.174e+04
1.349e-06 9.981e+03
9.998e-02 1.127e+05
1.001e-01 1.116e+05
1.511e-01 9.357e+04
9.601e-07 2.026e+04
1.095e-01 1.073e+05
9.359e-02 1.157e+05
1.027e-01 1.113e+05
9.792e-02 1.128e+05
9.935e-02 1.110e+05
1.029e-01 1.099e+05
2.217e-01 7.838e+04
1.035e-01 1.094e+05
1.180e-01 1.030e+05
1.028e-01 1.091e+05
1.793e-01 8.550e+04
6.313e-06 1.944e+04
2.207e-01 8.351e+04
1.060e-01 1.081e+05
1.019e-01 1.106e+05
2.044e-01 8.346e+04
1.056e-01 1.078e+05
1.003e-01 1.119e+05
3.025e-01 7.521e+04
2.573e-01 7.908e+04
1.001e-01 1.111e+05
1.023e-01 1.106e+05
2.297e-01 8.213e+04
9.322e-02 1.163e+05
1.050e-01 1.090e+05
1.104e-01 1.069e+05
2.614e-01 7.714e+04
9.681e-02 1.140e+05
1.046e-01 1.091e+05
1.099e-01 1.071e+05
2.373e-01 7.816e+04
1.079e-01 1.060e+05
1.004e-01 1.112e+05
1.148e-01 1.046e+05
2.563e-01 7.773e+04
1.015e-01 1.113e+05
1.223e-05 2.415e+04
9.931e-02 1.129e+05
1.106e-01 1.065e+05
1.110e-01 1.067e+05
1.001e-01 1.110e+05
1.071e-01 1.074e+05
9.820e-02 1.138e+05
1.023e-01 1.106e+05
9.826e-02 1.132e+05
9.830e-02 1.134e+05
1.021e-01 1.108e+05
1.023e-01 1.109e+05
2.014e-01 8.663e+04
1.040e-01 1.084e+05
2.361e-01 8.066e+04
1.061e-01 1.086e+05
9.939e-02 1.121e+05
1.929e-01 8.568e+04
1.012e-01 1.102e+05
1.028e-01 1.106e+05
1.074e-01 1.076e+05
9.737e-02 1.126e+05
9.275e-02 1.163e+05
7.198e-06 1.254e+04
9.849e-02 1.133e+05
1.037e-01 1.095e+05
1.079e-01 1.083e+05
9.349e-02 1.162e+05
1.687e-01 8.775e+04
1.191e-01 1.033e+05
1.118e-01 1.052e+05
9.247e-02 1.163e+05
9.801e-02 1.125e+05
2.358e-01 7.664e+04
1.960e-01 8.459e+04
1.526e-01 9.263e+04
2.816e-01 7.486e+04
9.883e-02 1.120e+05
1.016e-01 1.107e+05
9.933e-02 1.130e+05
1.016e-01 1.109e+05
1.780e-01 8.847e+04
1.004e-01 1.105e+05
1.028e-01 1.098e+05
1.006e-01 1.104e+05
1.070e-01 1.086e+05
9.333e-02 1.165e+05
1.072e-01 1.078e+05
1.124e-01 1.055e+05
1.065e-01 1.078e+05
9.779e-02 1.124e+05
9.890e-02 1.129e+05
1.016e-01 1.118e+05
1.072e-01 1.076e+05
1.444e-01 9.402e+04
1.791e-01 8.675e+04
9.887e-02 1.120e+05
1.092e-01 1.080e+05
1.005e-01 1.125e+05
1.108e-01 1.067e+05
9.789e-02 1.138e+05
9.963e-02 1.124e+05
1.015e-01 1.104e+05
2.820e-01 7.648e+04
1.061e-01 1.087e+05
9.713e-02 1.145e+05
1.482e-01 9.129e+04
1.089e-01 1.067e+05
1.126e-01 1.057e+05
1.008e-01 1.107e+05
2.611e-01 7.520e+04
2.123e-01 8.204e+04
9.444e-02 1.156e+05
1.142e-01 1.047e+05
1.156e-01 1.044e+05
1.000e-01 1.121e+05
1.018e-01 1.106e+05
2.211e-01 8.146e+04
1.073e-01 1.077e+05
1.156e-01 1.050e+05
2.272e-01 7.577e+04
1.040e-01 1.096e+05
1.008e-01 1.115e+05
1.186e-01 1.015e+05
1.023e-01 1.109e+05
9.227e-02 1.167e+05
1.035e-01 1.092e+05
9.620e-02 1.143e+05
1.060e-01 1.089e+05
1.023e-01 1.101e+05
1.193e-01 1.027e+05
1.059e-01 1.090e+05
1.077e-01 1.081e+05
2.610e-01 7.882e+04
1.955e-01 8.292e+04
1.136e-01 1.047e+05
1.051e-01 1.086e+05
9.845e-02 1.123e+05
1.029e-01 1.102e+05
9.836e-02 1.130e+05
1.012e-01 1.113e+05
9.776e-02 1.120e+05
2.174e-01 8.572e+04
2.110e-01 8.364e+04
1.043e-01 1.086e+05
1.064e-01 1.073e+05
2.221e-01 7.937e+04
1.098e-01 1.072e+05
9.328e-02 1.160e+05
1.841e-01 8.718e+04
2.859e-01 7.484e+04
1.107e-01 1.068e+05
2.177e-01 8.224e+04
9.802e-02 1.131e+05
1.963e-01 8.303e+04
2.817e-01 7.610e+04
9.768e-02 1.139e+05
1.082e-01 1.074e+05
1.144e-01 1.036e+05
1.004e-01 1.109e+05
9.316e-02 1.161e+05
1.003e-01 1.118e+05
1.471e-01 9.529e+04
1.056e-01 1.097e+05
1.222e-01 1.016e+05
1.176e-01 1.044e+05
9.907e-02 1.122e+05
1.041e-01 1.083e+05
1.104e-01 1.066e+05
1.062e-01 1.079e+05
1.014e-01 1.112e+05
2.152e-01 8.164e+04
1.174e-01 1.029e+05
9.586e-02 1.139e+05
2.274e-01 8.224e+04
1.217e-01 1.007e+05
1.139e-01 1.048e+05
1.025e-01 1.105e+05
2.216e-01 8.195e+04
1.973e-01 8.552e+04
9.758e-02 1.129e+05
9.572e-02 1.138e+05
1.199e-01 1.021e+05
2.404e-01 7.940e+04
1.039e-01 1.088e+05
9.870e-02 1.130e+05
9.924e-02 1.120e+05
1.014e-01 1.103e+05
1.053e-01 1.096e+05
2.791e-01 7.707e+04
9.578e-02 1.153e+05
9.141e-02 1.173e+05
2.451e-01 7.998e+04
1.007e-01 1.109e+05
2.208e-01 8.049e+04
2.101e-01 8.092e+04
1.035e-01 1.092e+05
1.061e-01 1.081e+05
2.292e-01 8.138e+04
1.081e-01 1.078e+05
1.015e-01 1.106e+05
1.112e-01 1.063e+05
9.449e-02 1.159e+05
1.045e-01 1.088e+05
2.763e-01 7.516e+04
1.481e-01 9.286e+04
2.494e-01 7.644e+04
9.309e-02 1.164e+05
1.177e-01 1.024e+05
9.915e-02 1.130e+05
1.003e-01 1.102e+05
1.017e-01 1.112e+05
9.943e-02 1.129e+05
2.230e-01 7.963e+04
1.790e-01 8.434e+04
9.705e-02 1.132e+05
1.038e-01 1.098e+05
1.669e-01 9.029e+04
2.088e-01 8.138e+04
2.735e-01 7.486e+04
1.020e-01 1.107e+05
1.713e-01 8.819e+04
9.977e-02 1.118e+05
1.074e-01 1.077e+05
9.412e-02 1.154e+05
1.141e-01 1.042e+05
1.169e-01 1.028e+05
9.539e-02 1.147e+05
1.003e-01 1.116e+05
2.228e-01 8.217e+04
1.078e-01 1.066e+05
1.104e-01 1.066e+05
1.643e-01 8.998e+04
9.818e-02 1.131e+05
9.877e-02 1.121e+05
1.057e-01 1.092e+05
1.059e-01 1.090e+05
1.043e-01 1.087e+05
9.609e-02 1.136e+05
1.012e-01 1.110e+05
9.509e-02 1.145e+05
1.067e-01 1.086e+05
2.423e-01 7.859e+04
1.014e-01 1.108e+05
9.251e-02 1.170e+05
2.338e-01 7.554e+04
1.024e-01 1.109e+05
1.079e-01 1.081e+05
2.183e-01 8.191e+04
1.407e-01 9.367e+04
2.365e-01 7.866e+04
1.391e-01 9.560e+04
1.051e-01 1.092e+05
1.014e-01 1.117e+05
9.938e-02 1.129e+05
9.880e-02 1.131e+05
1.269e-01 1.001e+05
1.129e-01 1.047e+05
1.948e-01 8.413e+04
1.134e-01 1.038e+05
1.008e-01 1.108e+05
1.941e-01 8.559e+04
1.660e-01 9.088e+04
1.009e-01 1.112e+05
1.087e-01 1.077e+05
1.016e-01 1.104e+05
1.065e-01 1.079e+05
1.023e-01 1.108e+05
2.169e-01 8.023e+04
9.949e-02 1.107e+05
9.862e-02 1.118e+05
1.673e-01 8.940e+04
2.497e-01 7.504e+04
1.031e-01 1.108e+05
9.549e-02 1.149e+05
4.467e-06 1.030e+04
1.519e-01 9.254e+04
1.002e-01 1.108e+05
1.026e-01 1.109e+05
9.868e-02 1.112e+05
1.075e-01 1.081e+05
9.493e-02 1.156e+05
9.901e-02 1.127e+05
9.416e-02 1.154e+05
1.011e-01 1.110e+05
1.058e-01 1.088e+05
2.095e-01 8.270e+04
1.712e-01 9.067e+04
1.057e-01 1.087e+05
1.136e-01 1.053e+05
9.923e-02 1.125e+05
1.215e-01 1.029e+05
1.032e-01 1.092e+05
1.044e-01 1.095e+05
1.112e-01 1.065e+05
9.503e-02 1.148e+05
1.010e-01 1.113e+05
8.354e-06 7.451e+03
1.011e-01 1.106e+05
1.017e-01 1.108e+05
1.304e-01 9.871e+04
2.403e-01 7.741e+04
1.029e-01 1.096e+05
1.079e-01 1.076e+05
9.514e-02 1.145e+05
1.026e-01 1.113e+05
1.016e-01 1.111e+05
1.007e-01 1.106e+05
9.869e-02 1.127e+05
1.670e-01 8.977e+04
2.790e-01 7.524e+04
1.120e-01 1.039e+05
3.118e-01 7.408e+04
1.883e-01 8.594e+04
1.010e-01 1.118e+05
1.046e-01 1.095e+05
1.178e-01 1.024e+05
2.638e-01 7.435e+04
1.357e-01 9.730e+04
1.133e-01 1.042e+05
1.105e-01 1.063e+05
9.554e-02 1.145e+05
1.142e-01 1.052e+05
1.012e-01 1.109e+05
1.023e-01 1.106e+05
9.915e-02 1.131e+05
2.592e-01 7.721e+04
1.115e-01 1.053e+05
1.012e-01 1.117e+05
1.081e-01 1.073e+05
9.919e-02 1.127e+05
2.209e-01 7.879e+04
9.797e-02 1.135e+05
1.128e-01 1.053e+05
1.080e-01 1.071e+05
9.708e-02 1.131e+05
1.003e-01 1.120e+05
2.218e-01 8.222e+04
9.014e-06 9.627e+03
1.083e-01 1.081e+05
1.005e-01 1.113e+05
1.824e-01 8.607e+04
1.490e-01 9.220e+04
9.975e-02 1.117e+05
9.412e-02 1.157e+05
9.860e-02 1.132e+05
1.047e-01 1.090e+05
2.039e-01 8.512e+04
2.861e-06 4.345e+03
1.839e-01 8.725e+04
1.552e-01 9.241e+04
1.030e-01 1.097e+05
3.166e-06 1.489e+04
1.114e-01 1.061e+05
9.832e-02 1.126e+05
2.591e-01 7.631e+04
1.042e-01 1.079e+05
1.025e-01 1.112e+05
1.019e-01 1.105e+05
2.328e-01 7.950e+04
1.085e-01 1.072e+05
1.332e-01 9.618e+04
1.779e-01 8.530e+04
9.995e-02 1.122e+05
9.385e-02 1.152e+05
1.010e-01 1.102e+05
1.038e-01 1.085e+05
1.184e-01 1.029e+05
1.689e-01 8.838e+04
1.022e-01 1.107e+05
1.411e-01 9.514e+04
2.018e-01 8.230e+04
1.022e-01 1.106e+05
1.044e-01 1.084e+05
2.188e-06 8.145e+03
1.033e-01 1.109e+05
3.009e-07 1.130e+04
1.654e-01 9.010e+04
9.693e-02 1.141e+05
1.041e-01 1.095e+05
9.538e-02 1.136e+05
2.042e-01 8.222e+04
9.270e-02 1.160e+05
9.968e-02 1.118e+05
1.237e-01 1.019e+05
9.562e-02 1.143e+05
1.412e-01 9.519e+04
2.318e-01 7.691e+04
1.010e-01 1.119e+05
1.731e-01 8.952e+04
1.011e-01 1.098e+05
1.016e-01 1.104e+05
2.198e-01 7.916e+04
1.180e-01 1.041e+05
1.785e-01 8.748e+04
1.377e-01 9.673e+04
1.734e-01 8.652e+04
2.430e-01 7.730e+04
1.072e-01 1.070e+05
2.634e-01 7.633e+04
1.005e-01 1.114e+05
1.094e-01 1.066e+05
1.028e-01 1.100e+05
5.657e-06 1.265e+04
9.816e-02 1.126e+05
1.039e-01 1.094e+05
1.021e-01 1.113e+05
1.094e-01 1.059e+05
2.273e-01 8.214e+04
9.903e-02 1.130e+05
1.907e-01 8.643e+04
1.010e-01 1.111e+05
9.519e-02 1.154e+05
1.055e-01 1.094e+05
1.027e-01 1.104e+05
1.908e-01 8.434e+04
1.011e-01 1.125e+05
2.448e-01 8.139e+04
1.020e-01 1.106e+05
1.038e-01 1.098e+05
9.348e-02 1.160e+05
1.123e-01 1.056e+05
1.135e-01 1.049e+05
2.039e-01 8.311e+04
1.505e-01 9.465e+04
2.457e-01 7.651e+04
1.015e-01 1.109e+05
1.039e-01 1.107e+05
1.614e-01 8.899e+04
6.204e-06 7.260e+03
1.056e-01 1.094e+05
1.138e-01 1.052e+05
9.852e-02 1.116e+05
1.048e-01 1.096e+05
1.131e-01 1.044e+05
9.883e-02 1.121e+05
1.075e-01 1.082e+05
9.945e-02 1.124e+05
9.996e-02 1.125e+05
6.992e-07 1.186e+04
2.360e-01 7.932e+04
1.082e-01 1.082e+05
1.041e-01 1.097e+05
1.031e-01 1.103e+05
9.820e-02 1.122e+05
2.506e-01 7.999e+04
1.133e-01 1.063e+05
1.021e-01 1.096e+05
1.041e-01 1.095e+05
9.830e-02 1.129e+05
1.004e-01 1.113e+05
1.013e-01 1.100e+05
1.080e-01 1.070e+05
9.379e-02 1.150e+05
1.013e-01 1.106e+05
1.082e-01 1.071e+05
1.023e-01 1.103e+05
1.024e-01 1.103e+05
1.013e-01 1.108e+05
1.958e-01 8.363e+04
1.024e-01 1.115e+05
9.939e-02 1.126e+05
1.037e-01 1.096e+05
1.225e-01 1.014e+05
1.930e-01 8.499e+04
1.080e-01 1.075e+05
1.291e-01 9.748e+04
1.063e-01 1.087e+05
1.339e-01 9.784e+04
1.125e-01 1.059e+05
1.841e-07 5.195e+03
9.807e-02 1.130e+05
1.012e-01 1.114e+05
2.314e-01 7.762e+04
9.446e-02 1.148e+05
9.875e-02 1.126e+05
1.504e-05 4.425e+03
1.011e-01 1.115e+05
1.075e-01 1.088e+05
1.128e-01 1.053e+05
3.538e-06 5.891e+03
1.067e-01 1.078e+05
1.008e-01 1.108e+05
9.924e-02 1.118e+05
9.600e-02 1.147e+05
1.038e-01 1.090e+05
1.026e-01 1.108e+05
1.041e-01 1.096e+05
2.556e-01 7.448e+04
1.019e-01 1.099e+05
1.812e-07 1.586e+04
1.125e-01 1.055e+05
1.187e-01 1.027e+05
1.089e-01 1.072e+05
1.028e-01 1.112e+05
9.623e-02 1.135e+05
1.045e-01 1.099e+05
1.627e-01 8.834e+04
1.514e-01 9.248e+04
1.011e-01 1.097e+05
1.019e-01 1.105e+05
9.905e-02 1.127e+05
1.067e-01 1.082e+05
1.135e-05 8.878e+03
1.109e-01 1.061e+05
1.086e-01 1.075e+05
1.796e-01 8.692e+04
1.014e-01 1.101e+05
6.301e-06 3.306e+03
9.707e-02 1.128e+05
1.527e-01 9.397e+04
1.553e-01 9.096e+04
1.019e-01 1.111e+05
1.801e-01 8.650e+04
9.950e-02 1.133e+05
1.263e-01 9.815e+04
1.020e-01 1.118e+05
1.039e-01 1.101e+05
9.940e-02 1.111e+05
1.110e-01 1.063e+05
9.164e-02 1.172e+05
9.368e-02 1.151e+05
1.773e-01 8.719e+04
1.765e-01 8.741e+04
1.029e-01 1.092e+05
2.579e-01 7.727e+04
1.025e-01 1.106e+05
7.565e-06 1.260e+04
1.100e-01 1.055e+05
1.059e-01 1.082e+05
1.106e-01 1.064e+05
1.164e-01 1.045e+05
3.252e-07 9.390e+03
1.027e-01 1.103e+05
1.589e-01 8.978e+04
