1.189e-01 1.042e+05
1.018e-01 1.111e+05
1.110e-01 1.079e+05
1.069e-01 1.091e+05
1.063e-01 1.105e+05
1.379e-01 9.701e+04
1.092e-01 1.089e+05
1.511e-01 9.358e+04
1.066e-05 9.533e+03
1.050e-01 1.101e+05
1.134e-01 1.069e+05
1.084e-01 1.086e+05
1.088e-01 1.083e+05
1.024e-01 1.115e+05
1.109e-01 1.074e+05
1.090e-01 1.082e+05
2.100e-01 8.587e+04
1.020e-01 1.111e+05
1.064e-01 1.099e+05
1.285e-01 1.020e+05
1.099e-01 1.084e+05
1.043e-01 1.104e+05
1.148e-01 1.060e+05
1.066e-01 1.093e+05
1.091e-01 1.084e+05
1.199e-01 1.049e+05
1.072e-01 1.090e+05
1.065e-01 1.102e+05
1.917e-01 8.859e+04
1.199e-01 1.040e+05
1.040e-01 1.109e+05
1.458e-01 9.582e+04
2.229e-01 8.648e+04
1.097e-01 1.081e+05
1.048e-01 1.096e+05
1.077e-01 1.089e+05
1.017e-01 1.114e+05
1.088e-01 1.089e+05
1.039e-01 1.100e+05
1.272e-01 1.021e+05
1.127e-01 1.073e+05
2.718e-01 8.408e+04
1.036e-01 1.116e+05
1.528e-01 9.396e+04
3.428e-01 7.634e+04
1.135e-01 1.073e+05
1.053e-01 1.100e+05
1.972e-01 8.927e+04
1.072e-01 1.098e+05
1.099e-01 1.072e+05
2.073e-01 8.868e+04
2.256e-01 8.488e+04
1.137e-01 1.054e+05
1.604e-01 9.361e+04
1.018e-01 1.112e+05
2.435e-01 8.383e+04
1.088e-01 1.078e+05
1.093e-01 1.083e+05
1.168e-01 1.049e+05
1.039e-01 1.101e+05
1.134e-01 1.064e+05
1.049e-01 1.098e+05
1.063e-01 1.094e+05
1.354e-01 9.923e+04
2.089e-01 8.532e+04
1.147e-01 1.059e+05
1.067e-01 1.086e+05
1.881e-06 6.378e+03
2.528e-01 8.180e+04
1.077e-01 1.087e+05
1.034e-01 1.115e+05
1.124e-01 1.065e+05
1.135e-01 1.068e+05
1.279e-01 1.010e+05
1.062e-01 1.098e+05
1.754e-01 8.901e+04
2.193e-01 8.279e+04
1.161e-01 1.062e+05
1.669e-01 9.414e+04
1.037e-01 1.115e+05
2.400e-01 8.332e+04
1.080e-01 1.092e+05
1.068e-01 1.098e+05
1.085e-01 1.084e+05
3.386e-01 7.395e+04
1.127e-01 1.063e+05
2.352e-01 8.258e+04
3.278e-01 7.784e+04
1.129e-01 1.070e+05
1.059e-01 1.088e+05
1.159e-01 1.047e+05
1.137e-01 1.062e+05
1.558e-01 9.403e+04
9.966e-02 1.126e+05
1.035e-01 1.113e+05
1.114e-01 1.074e+05
2.727e-01 8.071e+04
2.494e-01 8.329e+04
1.169e-01 1.058e+05
1.771e-01 9.084e+04
1.162e-01 1.052e+05
1.222e-01 1.030e+05
1.983e-01 8.868e+04
1.208e-01 1.050e+05
1.051e-01 1.100e+05
5.165e-06 6.368e+03
2.189e-01 8.515e+04
1.094e-01 1.082e+05
1.036e-01 1.105e+05
1.109e-01 1.077e+05
9.838e-02 1.136e+05
1.939e-01 8.825e+04
1.135e-01 1.062e+05
2.597e-06 6.882e+03
1.085e-01 1.089e+05
1.111e-01 1.084e+05
1.122e-01 1.062e+05
2.348e-05 9.514e+03
2.596e-01 7.830e+04
1.055e-01 1.094e+05
1.127e-01 1.076e+05
1.065e-01 1.096e+05
9.811e-02 1.135e+05
1.466e-01 9.606e+04
1.241e-01 1.026e+05
1.065e-01 1.102e+05
2.482e-01 8.303e+04
2.332e-01 8.457e+04
1.098e-01 1.078e+05
1.057e-01 1.089e+05
1.024e-01 1.107e+05
1.318e-01 1.013e+05
1.066e-01 1.101e+05
1.072e-01 1.097e+05
1.251e-05 1.069e+04
1.131e-01 1.062e+05
1.053e-01 1.089e+05
1.096e-01 1.086e+05
1.021e-01 1.113e+05
1.715e-01 9.166e+04
1.205e-01 1.042e+05
2.748e-01 8.184e+04
1.050e-01 1.101e+05
1.045e-01 1.102e+05
1.011e-01 1.119e+05
9.807e-02 1.133e+05
1.215e-01 1.032e+05
2.243e-01 8.389e+04
1.182e-01 1.047e+05
2.938e-01 7.913e+04
1.065e-01 1.091e+05
1.824e-01 8.976e+04
1.097e-01 1.072e+05
1.326e-01 1.002e+05
1.040e-01 1.113e+05
8.626e-06 8.922e+03
1.191e-01 1.036e+05
1.115e-01 1.072e+05
1.003e-01 1.120e+05
2.317e-01 8.413e+04
1.057e-01 1.094e+05
1.011e-01 1.113e+05
1.024e-01 1.112e+05
1.695e-01 9.246e+04
1.032e-01 1.117e+05
1.167e-01 1.052e+05
1.206e-01 1.032e+05
3.349e-06 5.032e+03
1.741e-01 9.136e+04
1.192e-01 1.035e+05
1.044e-01 1.097e+05
1.168e-01 1.060e+05
1.144e-01 1.070e+05
1.072e-01 1.086e+05
1.122e-01 1.069e+05
2.560e-01 8.129e+04
1.091e-01 1.083e+05
1.007e-01 1.119e+05
1.107e-01 1.072e+05
1.149e-01 1.066e+05
1.415e-01 9.846e+04
1.103e-01 1.075e+05
1.059e-01 1.097e+05
1.117e-01 1.073e+05
1.029e-01 1.117e+05
1.074e-01 1.087e+05
1.348e-01 9.891e+04
1.044e-01 1.097e+05
9.881e-02 1.131e+05
2.707e-01 7.637e+04
2.056e-01 8.796e+04
1.092e-01 1.086e+05
1.330e-01 1.010e+05
1.020e-01 1.108e+05
1.047e-01 1.108e+05
1.117e-01 1.070e+05
2.397e-01 8.135e+04
1.108e-01 1.067e+05
1.052e-01 1.102e+05
2.230e-01 8.412e+04
1.093e-01 1.083e+05
1.197e-01 1.043e+05
2.655e-01 7.684e+04
1.049e-01 1.101e+05
3.064e-01 7.124e+04
1.119e-01 1.060e+05
3.434e-01 7.737e+04
1.088e-01 1.086e+05
1.620e-01 9.354e+04
1.058e-01 1.102e+05
1.145e-01 1.061e+05
2.442e-01 8.636e+04
1.122e-01 1.070e+05
1.002e-01 1.123e+05
1.142e-01 1.069e+05
1.093e-01 1.079e+05
2.304e-01 8.520e+04
1.061e-01 1.096e+05
1.084e-01 1.083e+05
1.210e-01 1.047e+05
1.073e-01 1.092e+05
1.269e-01 1.008e+05
1.012e-01 1.116e+05
1.089e-01 1.081e+05
1.192e-01 1.033e+05
2.265e-01 8.654e+04
1.108e-01 1.071e+05
2.171e-06 1.591e+04
1.059e-01 1.095e+05
1.177e-01 1.050e+05
1.094e-01 1.074e+05
3.046e-01 7.732e+04
2.004e-01 8.718e+04
1.715e-01 9.145e+04
1.144e-01 1.057e+05
9.828e-02 1.132e+05
1.085e-01 1.084e+05
2.584e-01 8.240e+04
1.262e-01 1.031e+05
1.160e-01 1.066e+05
1.063e-01 1.089e+05
1.067e-01 1.102e+05
1.137e-01 1.067e+05
2.925e-01 7.733e+04
1.138e-01 1.066e+05
2.190e-01 8.655e+04
2.131e-01 8.616e+04
1.100e-01 1.081e+05
1.068e-01 1.096e+05
1.894e-01 9.046e+04
2.755e-01 7.915e+04
3.042e-01 7.888e+04
1.193e-01 1.042e+05
2.373e-01 8.537e+04
1.120e-01 1.074e+05
2.219e-01 8.762e+04
1.203e-01 1.036e+05
1.197e-01 1.045e+05
8.460e-06 9.886e+03
1.124e-01 1.065e+05
1.107e-01 1.079e+05
1.037e-01 1.111e+05
1.140e-01 1.056e+05
1.056e-01 1.099e+05
1.190e-01 1.047e+05
1.028e-01 1.103e+05
1.031e-01 1.104e+05
2.325e-01 8.357e+04
1.005e-01 1.116e+05
9.781e-02 1.142e+05
1.265e-01 1.019e+05
1.092e-01 1.080e+05
1.416e-01 9.784e+04
1.068e-01 1.103e+05
1.043e-01 1.098e+05
2.309e-01 8.375e+04
1.041e-01 1.108e+05
1.143e-01 1.068e+05
1.112e-01 1.075e+05
1.801e-01 9.100e+04
9.737e-02 1.138e+05
1.105e-01 1.081e+05
1.143e-01 1.056e+05
1.179e-01 1.043e+05
1.285e-01 1.017e+05
1.207e-01 1.040e+05
1.198e-01 1.054e+05
1.056e-01 1.097e+05
2.003e-01 8.625e+04
1.052e-01 1.102e+05
1.234e-01 1.022e+05
1.086e-01 1.090e+05
1.702e-01 9.255e+04
4.714e-07 3.098e+03
6.095e-06 5.416e+03
1.117e-01 1.078e+05
1.913e-01 8.842e+04
1.155e-01 1.054e+05
1.131e-01 1.058e+05
1.336e-01 1.002e+05
1.162e-01 1.051e+05
1.028e-01 1.107e+05
1.088e-01 1.089e+05
1.068e-01 1.093e+05
1.052e-01 1.103e+05
1.121e-01 1.071e+05
5.604e-07 1.543e+03
1.049e-01 1.094e+05
1.709e-01 8.969e+04
2.033e-01 8.902e+04
1.482e-01 9.517e+04
1.793e-01 9.050e+04
1.012e-01 1.128e+05
1.065e-01 1.097e+05
1.129e-01 1.077e+05
1.125e-01 1.065e+05
1.029e-01 1.102e+05
1.010e-01 1.121e+05
1.092e-01 1.082e+05
1.241e-01 1.030e+05
1.076e-01 1.088e+05
1.145e-01 1.072e+05
1.057e-01 1.103e+05
1.072e-01 1.094e+05
1.097e-01 1.086e+05
1.088e-01 1.088e+05
2.782e-01 8.163e+04
1.070e-01 1.090e+05
1.123e-01 1.068e+05
1.130e-01 1.063e+05
1.051e-01 1.087e+05
1.286e-01 1.016e+05
1.088e-01 1.093e+05
1.856e-01 8.746e+04
1.083e-01 1.089e+05
1.848e-01 9.094e+04
2.992e-01 8.082e+04
1.112e-01 1.076e+05
1.057e-01 1.098e+05
2.621e-01 8.026e+04
2.808e-01 8.059e+04
9.974e-02 1.127e+05
9.884e-02 1.125e+05
1.091e-01 1.094e+05
1.130e-01 1.075e+05
1.119e-01 1.068e+05
1.064e-01 1.083e+05
1.094e-01 1.083e+05
2.132e-01 8.532e+04
1.164e-01 1.057e+05
1.118e-01 1.075e+05
1.111e-01 1.072e+05
2.237e-01 8.577e+04
1.606e-01 9.302e+04
1.124e-01 1.067e+05
5.728e-06 1.547e+04
2.875e-01 7.915e+04
4.543e-06 2.396e+04
1.076e-01 1.082e+05
1.938e-01 9.071e+04
1.873e-01 9.019e+04
1.089e-01 1.090e+05
1.054e-01 1.089e+05
2.864e-01 7.902e+04
1.335e-01 1.011e+05
2.198e-01 8.599e+04
1.397e-01 9.736e+04
1.108e-01 1.077e+05
1.090e-01 1.077e+05
1.118e-01 1.064e+05
2.854e-01 8.242e+04
2.218e-01 8.641e+04
1.060e-01 1.098e+05
1.148e-01 1.061e+05
1.970e-01 8.882e+04
1.149e-01 1.057e+05
2.038e-01 8.586e+04
1.098e-01 1.082e+05
2.918e-01 7.815e+04
1.183e-01 1.048e+05
2.338e-01 8.533e+04
1.095e-01 1.084e+05
1.065e-01 1.097e+05
1.047e-01 1.101e+05
1.089e-01 1.085e+05
1.401e-01 9.950e+04
1.235e-01 1.022e+05
2.287e-01 8.334e+04
3.116e-01 7.606e+04
5.795e-06 8.090e+03
1.059e-01 1.101e+05
1.286e-01 1.019e+05
1.098e-01 1.077e+05
1.171e-01 1.059e+05
1.119e-01 1.084e+05
1.106e-01 1.082e+05
1.801e-01 8.971e+04
1.045e-01 1.097e+05
1.018e-01 1.117e+05
1.051e-01 1.104e+05
2.935e-01 7.492e+04
1.097e-01 1.076e+05
1.091e-01 1.088e+05
1.030e-01 1.110e+05
2.206e-01 8.519e+04
1.256e-01 1.024e+05
2.790e-01 7.512e+04
1.114e-01 1.061e+05
1.713e-01 9.320e+04
1.104e-01 1.076e+05
1.083e-01 1.093e+05
1.128e-01 1.067e+05
1.132e-01 1.071e+05
1.075e-01 1.086e+05
1.094e-01 1.083e+05
2.957e-01 8.052e+04
1.041e-01 1.108e+05
1.068e-01 1.095e+05
1.148e-01 1.045e+05
9.724e-02 1.143e+05
3.326e-01 7.618e+04
1.086e-01 1.083e+05
1.047e-01 1.097e+05
2.202e-06 5.174e+02
1.043e-01 1.102e+05
1.556e-01 9.547e+04
1.867e-01 8.969e+04
1.119e-01 1.070e+05
1.090e-01 1.086e+05
1.080e-01 1.089e+05
1.083e-01 1.083e+05
1.312e-01 1.005e+05
1.016e-01 1.110e+05
2.106e-01 8.822e+04
1.140e-01 1.062e+05
1.025e-01 1.105e+05
1.031e-01 1.114e+05
3.189e-06 1.979e+04
1.280e-01 1.023e+05
1.005e-01 1.114e+05
1.073e-01 1.089e+05
1.138e-01 1.061e+05
1.133e-01 1.066e+05
2.107e-01 8.549e+04
2.355e-01 8.324e+04
1.472e-01 9.754e+04
1.147e-01 1.071e+05
1.058e-01 1.096e+05
1.013e-01 1.126e+05
1.536e-01 9.545e+04
1.096e-01 1.087e+05
2.451e-01 8.284e+04
2.292e-01 8.419e+04
1.095e-01 1.071e+05
1.368e-01 9.922e+04
1.083e-01 1.090e+05
1.124e-01 1.081e+05
1.214e-01 1.025e+05
1.773e-01 9.050e+04
1.034e-01 1.111e+05
1.134e-01 1.069e+05
1.173e-01 1.054e+05
1.111e-01 1.075e+05
2.213e-01 8.317e+04
9.700e-02 1.145e+05
2.765e-01 8.070e+04
1.602e-01 9.576e+04
1.425e-01 9.737e+04
1.013e-01 1.120e+05
2.382e-01 8.205e+04
1.065e-01 1.084e+05
1.055e-01 1.105e+05
1.901e-01 9.037e+04
1.163e-01 1.054e+05
1.910e-01 8.936e+04
2.244e-01 8.475e+04
1.127e-01 1.074e+05
1.178e-01 1.051e+05
1.059e-01 1.099e+05
2.480e-01 8.373e+04
1.044e-01 1.107e+05
1.269e-01 1.020e+05
2.847e-01 8.097e+04
2.333e-01 8.628e+04
1.116e-01 1.078e+05
1.139e-01 1.069e+05
1.057e-01 1.097e+05
2.168e-01 8.738e+04
3.200e-01 7.535e+04
1.091e-01 1.095e+05
1.090e-01 1.080e+05
1.717e-01 9.129e+04
1.776e-01 8.935e+04
2.076e-01 8.799e+04
1.181e-01 1.050e+05
4.982e-06 3.254e+03
1.373e-01 9.877e+04
1.060e-01 1.100e+05
1.099e-01 1.080e+05
1.124e-01 1.070e+05
1.106e-01 1.078e+05
3.224e-06 1.788e+04
1.100e-01 1.083e+05
2.152e-01 8.348e+04
9.860e-02 1.131e+05
1.143e-01 1.049e+05
1.073e-01 1.092e+05
1.101e-01 1.078e+05
1.226e-01 1.024e+05
1.237e-01 1.028e+05
1.087e-01 1.084e+05
1.174e-01 1.051e+05
3.495e-06 1.307e+04
1.069e-01 1.103e+05
2.652e-01 7.971e+04
3.487e-01 7.273e+04
1.077e-01 1.098e+05
1.225e-01 1.035e+05
1.043e-01 1.107e+05
1.118e-01 1.064e+05
1.053e-01 1.091e+05
1.024e-01 1.119e+05
2.612e-01 8.117e+04
1.062e-01 1.103e+05
1.008e-01 1.121e+05
1.027e-01 1.113e+05
1.090e-01 1.088e+05
2.179e-01 8.649e+04
1.590e-01 9.450e+04
1.037e-01 1.107e+05
1.032e-01 1.103e+05
2.727e-01 8.384e+04
1.181e-01 1.048e+05
1.524e-01 9.570e+04
1.472e-01 9.721e+04
1.070e-01 1.091e+05
1.365e-01 9.931e+04
1.204e-01 1.043e+05
1.884e-01 9.058e+04
1.213e-01 1.038e+05
1.013e-01 1.113e+05
1.944e-06 5.888e+03
1.092e-01 1.084e+05
1.100e-01 1.079e+05
2.033e-01 8.558e+04
2.896e-01 7.978e+04
1.122e-01 1.071e+05
3.106e-01 7.623e+04
1.376e-01 1.001e+05
1.798e-01 9.042e+04
1.070e-01 1.096e+05
1.041e-01 1.100e+05
1.104e-01 1.082e+05
1.051e-01 1.098e+05
1.202e-01 1.042e+05
1.034e-01 1.109e+05
1.039e-01 1.108e+05
1.082e-01 1.091e+05
1.079e-01 1.090e+05
1.110e-01 1.073e+05
1.112e-01 1.076e+05
1.067e-01 1.095e+05
1.187e-01 1.044e+05
1.034e-01 1.101e+05
1.160e-01 1.048e+05
1.318e-01 1.010e+05
1.176e-01 1.054e+05
2.396e-01 8.261e+04
2.220e-01 8.594e+04
1.147e-01 1.046e+05
1.340e-01 9.970e+04
1.046e-01 1.102e+05
1.157e-01 1.051e+05
1.189e-01 1.039e+05
1.078e-01 1.076e+05
2.437e-01 8.274e+04
9.728e-02 1.138e+05
1.248e-01 1.033e+05
1.094e-01 1.086e+05
1.063e-01 1.094e+05
1.717e-01 9.223e+04
1.164e-05 2.461e+04
1.115e-01 1.074e+05
1.149e-01 1.062e+05
1.068e-01 1.096e+05
1.068e-01 1.092e+05
1.133e-01 1.071e+05
1.147e-01 1.051e+05
1.146e-01 1.065e+05
1.105e-01 1.079e+05
1.281e-01 1.004e+05
1.499e-05 1.990e+04
1.133e-01 1.074e+05
1.037e-01 1.114e+05
9.856e-06 1.266e+04
1.164e-01 1.052e+05
1.231e-01 1.030e+05
1.120e-01 1.076e+05
1.130e-01 1.072e+05
1.518e-01 9.626e+04
1.051e-01 1.100e+05
2.002e-06 1.987e+04
2.339e-01 8.392e+04
2.919e-01 7.851e+04
1.079e-01 1.086e+05
3.522e-01 7.643e+04
1.286e-01 1.010e+05
1.039e-01 1.113e+05
1.261e-01 1.017e+05
1.942e-01 8.924e+04
1.136e-01 1.067e+05
1.189e-01 1.050e+05
1.578e-01 9.451e+04
1.391e-01 9.837e+04
2.009e-01 8.742e+04
1.187e-01 1.053e+05
1.093e-01 1.075e+05
4.365e-06 1.945e+04
3.577e-01 7.480e+04
1.005e-01 1.120e+05
1.115e-01 1.073e+05
1.944e-01 9.062e+04
1.086e-01 1.089e+05
1.079e-01 1.092e+05
1.027e-01 1.119e+05
1.158e-01 1.056e+05
1.810e-01 9.024e+04
1.077e-01 1.090e+05
2.194e-01 8.403e+04
1.362e-01 1.006e+05
1.100e-01 1.082e+05
1.055e-01 1.102e+05
3.070e-01 7.860e+04
1.027e-01 1.110e+05
1.036e-01 1.102e+05
1.699e-01 9.217e+04
1.074e-01 1.093e+05
1.737e-01 9.193e+04
4.885e-06 4.522e+03
1.090e-01 1.070e+05
1.092e-01 1.090e+05
1.133e-01 1.073e+05
1.133e-01 1.067e+05
1.006e-01 1.127e+05
1.132e-01 1.068e+05
1.132e-01 1.075e+05
1.025e-01 1.107e+05
3.061e-01 7.469e+04
1.138e-01 1.068e+05
1.471e-01 9.732e+04
2.295e-01 8.344e+04
1.015e-01 1.121e+05
1.001e-01 1.129e+05
1.733e-01 9.134e+04
4.946e-06 1.273e+04
1.204e-01 1.046e+05
1.129e-01 1.067e+05
1.085e-01 1.078e+05
1.099e-01 1.075e+05
1.066e-01 1.093e+05
1.100e-01 1.074e+05
2.084e-01 8.783e+04
1.190e-01 1.047e+05
1.386e-01 9.920e+04
1.942e-01 8.809e+04
1.049e-01 1.099e+05
2.403e-01 8.531e+04
1.135e-01 1.070e+05
1.146e-01 1.046e+05
2.843e-01 7.641e+04
1.011e-01 1.126e+05
1.642e-01 9.306e+04
1.012e-01 1.125e+05
1.083e-01 1.087e+05
1.072e-01 1.089e+05
1.067e-01 1.095e+05
3.043e-01 7.729e+04
2.770e-01 7.848e+04
1.304e-01 1.016e+05
1.092e-01 1.092e+05
1.146e-01 1.060e+05
1.919e-01 8.794e+04
1.995e-01 8.623e+04
2.791e-01 8.077e+04
6.487e-06 8.226e+03
1.115e-01 1.066e+05
1.036e-01 1.103e+05
1.047e-01 1.108e+05
1.161e-01 1.049e+05
1.296e-01 1.008e+05
2.371e-01 8.330e+04
1.146e-01 1.059e+05
9.887e-02 1.133e+05
1.100e-01 1.079e+05
1.075e-01 1.089e+05
1.063e-01 1.106e+05
7.525e-07 2.458e+03
5.787e-06 2.444e+04
1.065e-01 1.101e+05
1.273e-01 1.027e+05
2.302e-01 8.543e+04
1.656e-01 9.206e+04
1.076e-01 1.081e+05
2.774e-01 8.187e+04
1.222e-01 1.034e+05
1.107e-01 1.089e+05
1.082e-01 1.080e+05
1.137e-01 1.067e+05
1.029e-01 1.113e+05
1.083e-01 1.095e+05
1.065e-01 1.089e+05
2.263e-01 8.352e+04
1.711e-01 9.247e+04
1.060e-01 1.097e+05
1.065e-01 1.101e+05
1.012e-01 1.125e+05
1.145e-01 1.054e+05
1.215e-01 1.037e+05
3.083e-01 7.866e+04
1.038e-01 1.104e+05
1.107e-01 1.085e+05
1.128e-01 1.064e+05
1.178e-01 1.050e+05
1.099e-01 1.074e+05
3.389e-01 7.749e+04
1.295e-01 1.011e+05
1.079e-01 1.094e+05
1.018e-01 1.111e+05
1.333e-01 1.001e+05
1.088e-01 1.084e+05
1.054e-01 1.100e+05
1.078e-01 1.086e+05
1.020e-01 1.113e+05
1.069e-01 1.094e+05
1.405e-01 9.734e+04
1.000e-01 1.126e+05
1.142e-01 1.056e+05
1.111e-01 1.078e+05
1.754e-01 9.037e+04
1.080e-01 1.088e+05
1.042e-01 1.111e+05
1.057e-01 1.099e+05
1.271e-01 1.015e+05
2.331e-01 8.364e+04
1.153e-01 1.056e+05
1.034e-01 1.107e+05
1.109e-01 1.078e+05
1.126e-01 1.068e+05
1.808e-01 8.890e+04
1.004e-01 1.121e+05
6.477e-07 1.958e+03
1.073e-01 1.088e+05
1.150e-01 1.057e+05
1.144e-01 1.058e+05
2.486e-01 8.071e+04
2.904e-01 8.117e+04
1.046e-01 1.104e+05
1.043e-01 1.109e+05
1.032e-01 1.116e+05
1.914e-01 9.039e+04
1.324e-01 9.952e+04
1.041e-01 1.103e+05
1.073e-01 1.100e+05
1.168e-01 1.060e+05
1.556e-01 9.550e+04
1.072e-01 1.092e+05
2.067e-06 1.589e+04
1.108e-01 1.074e+05
2.342e-01 8.537e+04
1.037e-01 1.107e+05
1.887e-01 8.743e+04
1.195e-01 1.046e+05
9.980e-02 1.128e+05
1.153e-01 1.070e+05
1.120e-01 1.074e+05
3.809e-01 7.579e+04
2.751e-01 8.349e+04
1.183e-01 1.052e+05
1.234e-01 1.030e+05
1.020e-01 1.114e+05
1.034e-01 1.103e+05
1.094e-01 1.090e+05
1.141e-01 1.065e+05
1.157e-01 1.052e+05
1.279e-01 1.012e+05
1.025e-01 1.122e+05
1.245e-01 1.036e+05
1.099e-01 1.080e+05
1.071e-01 1.092e+05
1.077e-01 1.089e+05
2.763e-01 7.822e+04
1.822e-01 9.081e+04
9.946e-02 1.127e+05
1.994e-01 8.973e+04
1.172e-01 1.042e+05
9.751e-02 1.137e+05
1.050e-01 1.105e+05
1.520e-01 9.447e+04
1.445e-01 9.854e+04
1.051e-01 1.093e+05
9.761e-02 1.136e+05
1.090e-01 1.084e+05
1.078e-01 1.096e+05
1.075e-01 1.086e+05
1.113e-01 1.069e+05
1.072e-01 1.086e+05
1.038e-01 1.109e+05
1.807e-01 9.073e+04
1.602e-01 9.274e+04
1.040e-01 1.105e+05
1.074e-01 1.088e+05
1.138e-01 1.064e+05
1.133e-01 1.063e+05
1.106e-01 1.067e+05
1.091e-01 1.084e+05
2.003e-01 8.884e+04
1.017e-01 1.113e+05
1.113e-01 1.078e+05
1.048e-01 1.105e+05
1.050e-01 1.096e+05
1.002e-01 1.117e+05
1.047e-01 1.095e+05
1.642e-01 9.431e+04
2.802e-01 7.624e+04
1.058e-01 1.097e+05
1.270e-01 1.015e+05
1.038e-01 1.109e+05
1.100e-01 1.074e+05
1.070e-01 1.089e+05
1.268e-01 1.020e+05
1.047e-01 1.097e+05
1.059e-01 1.102e+05
3.090e-01 7.298e+04
1.838e-05 1.650e+04
1.261e-01 1.019e+05
1.067e-01 1.100e+05
1.160e-01 1.058e+05
1.005e-01 1.126e+05
1.127e-01 1.069e+05
1.253e-01 1.018e+05
1.103e-01 1.065e+05
2.002e-01 8.670e+04
9.833e-02 1.136e+05
1.103e-01 1.067e+05
1.057e-01 1.103e+05
1.061e-01 1.105e+05
1.080e-01 1.084e+05
1.133e-01 1.056e+05
1.183e-01 1.041e+05
1.180e-01 1.046e+05
1.095e-01 1.080e+05
1.037e-01 1.109e+05
1.046e-01 1.103e+05
4.550e-06 1.126e+04
1.131e-01 1.064e+05
1.020e-01 1.116e+05
1.070e-01 1.082e+05
1.054e-01 1.098e+05
1.057e-01 1.107e+05
1.028e-01 1.113e+05
1.093e-01 1.089e+05
1.370e-01 9.926e+04
1.092e-01 1.081e+05
2.537e-01 7.882e+04
1.149e-01 1.057e+05
4.214e-07 1.736e+04
1.050e-01 1.097e+05
1.553e-01 9.267e+04
1.370e-01 9.988e+04
1.012e-01 1.120e+05
1.150e-01 1.058e+05
1.702e-01 9.153e+04
2.835e-01 8.135e+04
1.901e-01 8.785e+04
2.173e-01 8.620e+04
3.444e-01 7.790e+04
1.726e-01 9.291e+04
4.292e-06 5.863e+03
1.070e-05 2.364e+04
3.104e-01 7.882e+04
1.079e-01 1.094e+05
1.072e-01 1.097e+05
1.078e-01 1.091e+05
9.944e-02 1.132e+05
9.710e-02 1.138e+05
3.057e-01 8.074e+04
4.396e-06 2.106e+04
1.030e-01 1.108e+05
1.513e-01 9.429e+04
1.187e-01 1.047e+05
1.158e-01 1.063e+05
1.164e-01 1.055e+05
1.138e-01 1.059e+05
2.383e-06 1.062e+04
1.162e-01 1.055e+05
3.813e-01 7.691e+04
1.598e-01 9.374e+04
1.161e-01 1.067e+05
9.952e-02 1.133e+05
1.326e-01 9.964e+04
5.630e-06 1.208e+04
1.057e-01 1.091e+05
1.092e-01 1.083e+05
1.243e-01 1.029e+05
1.070e-01 1.091e+05
9.882e-02 1.134e+05
1.061e-01 1.097e+05
2.461e-01 8.449e+04
9.888e-02 1.128e+05
1.097e-01 1.085e+05
1.209e-01 1.035e+05
2.452e-01 8.321e+04
1.432e-01 9.859e+04
1.021e-01 1.108e+05
1.186e-01 1.055e+05
1.066e-01 1.092e+05
1.043e-01 1.109e+05
1.049e-01 1.105e+05
9.980e-02 1.120e+05
3.285e-01 7.662e+04
1.264e-01 1.010e+05
1.075e-01 1.084e+05
2.275e-01 8.269e+04
1.044e-01 1.103e+05
1.102e-01 1.081e+05
1.139e-01 1.061e+05
1.115e-01 1.067e+05
1.618e-01 9.273e+04
1.149e-01 1.059e+05
1.207e-01 1.042e+05
1.173e-01 1.038e+05
2.224e-01 8.455e+04
1.025e-01 1.115e+05
1.086e-01 1.088e+05
1.334e-01 1.001e+05
1.062e-01 1.100e+05
1.035e-01 1.111e+05
1.039e-01 1.102e+05
1.193e-01 1.052e+05
1.120e-01 1.069e+05
2.469e-01 8.045e+04
1.027e-01 1.118e+05
9.548e-06 1.538e+04
1.163e-01 1.060e+05
1.527e-01 9.608e+04
1.060e-01 1.103e+05
1.008e-01 1.121e+05
1.738e-01 9.158e+04
1.167e-01 1.051e+05
1.022e-01 1.107e+05
1.130e-01 1.066e+05
1.827e-01 9.131e+04
3.156e-01 7.640e+04
1.196e-01 1.039e+05
1.035e-01 1.106e+05
1.154e-01 1.066e+05
1.069e-01 1.093e+05
1.163e-01 1.046e+05
1.123e-01 1.067e+05
1.086e-01 1.086e+05
2.043e-01 8.784e+04
1.372e-01 9.864e+04
1.159e-01 1.065e+05
1.308e-01 9.978e+04
1.319e-01 1.007e+05
1.043e-01 1.100e+05
3.419e-01 7.441e+04
1.020e-01 1.114e+05
1.054e-01 1.101e+05
1.032e-01 1.104e+05
1.063e-01 1.093e+05
1.157e-01 1.064e+05
1.183e-01 1.049e+05
9.992e-02 1.127e+05
1.073e-01 1.086e+05
1.117e-01 1.070e+05
1.790e-01 9.003e+04
1.269e-01 1.022e+05
1.152e-01 1.062e+05
1.056e-01 1.099e+05
1.140e-01 1.054e+05
1.167e-01 1.054e+05
1.266e-01 1.032e+05
1.091e-01 1.078e+05
1.116e-01 1.084e+05
9.941e-02 1.133e+05
1.034e-01 1.116e+05
2.625e-01 8.058e+04
1.138e-01 1.065e+05
1.376e-01 9.812e+04
1.545e-01 9.585e+04
9.937e-02 1.124e+05
1.094e-01 1.079e+05
1.012e-01 1.118e+05
1.131e-01 1.063e+05
1.676e-01 9.304e+04
1.145e-01 1.056e+05
2.072e-01 8.472e+04
1.089e-01 1.083e+05
1.805e-01 9.203e+04
1.055e-01 1.096e+05
1.024e-01 1.115e+05
1.198e-01 1.038e+05
1.202e-01 1.047e+05
2.152e-06 1.077e+04
2.407e-01 8.276e+04
1.105e-01 1.078e+05
1.127e-01 1.069e+05
1.001e-01 1.122e+05
1.098e-01 1.080e+05
1.078e-01 1.085e+05
1.207e-01 1.031e+05
1.185e-01 1.056e+05
1.341e-01 9.915e+04
9.723e-02 1.138e+05
1.412e-06 1.483e+04
1.206e-01 1.050e+05
2.552e-01 8.031e+04
3.212e-01 7.565e+04
1.073e-01 1.091e+05
1.212e-01 1.046e+05
1.064e-01 1.101e+05
1.214e-01 1.039e+05
3.072e-01 7.914e+04
1.151e-01 1.059e+05
1.040e-01 1.104e+05
1.055e-01 1.101e+05
1.068e-01 1.089e+05
2.557e-01 8.313e+04
1.042e-01 1.101e+05
1.088e-01 1.077e+05
1.143e-01 1.058e+05
1.003e-01 1.120e+05
9.889e-02 1.136e+05
1.045e-01 1.101e+05
1.051e-01 1.098e+05
1.043e-01 1.104e+05
2.035e-01 8.773e+04
1.167e-01 1.058e+05
9.810e-02 1.139e+05
2.258e-01 8.608e+04
1.524e-01 9.367e+04
3.073e-01 7.860e+04
1.110e-01 1.075e+05
1.069e-01 1.091e+05
1.725e-01 9.255e+04
1.677e-01 9.367e+04
1.051e-01 1.103e+05
1.492e-01 9.720e+04
1.049e-01 1.108e+05
1.085e-01 1.084e+05
2.146e-01 8.653e+04
1.280e-01 1.001e+05
1.136e-01 1.059e+05
1.437e-05 9.733e+03
3.460e-06 2.111e+04
9.687e-02 1.148e+05
1.478e-01 9.718e+04
1.194e-01 1.049e+05
1.283e-01 1.008e+05
1.158e-01 1.049e+05
1.069e-01 1.099e+05
1.056e-01 1.105e+05
1.194e-01 1.042e+05
2.048e-01 8.916e+04
1.048e-01 1.100e+05
1.068e-01 1.098e+05
5.254e-06 1.311e+04
2.642e-01 8.144e+04
2.691e-01 8.270e+04
1.126e-01 1.066e+05
9.923e-02 1.133e+05
1.109e-01 1.075e+05
1.238e-01 1.039e+05
2.678e-01 8.178e+04
2.659e-01 8.172e+04
1.386e-01 9.803e+04
6.551e-07 1.014e+04
1.222e-01 1.044e+05
1.256e-01 1.030e+05
3.247e-06 8.307e+03
1.543e-01 9.326e+04
1.117e-01 1.068e+05
1.041e-01 1.099e+05
2.280e-01 8.555e+04
1.829e-01 9.001e+04
1.147e-01 1.061e+05
3.626e-01 7.423e+04
1.159e-01 1.050e+05
1.068e-01 1.097e+05
2.173e-01 8.535e+04
1.605e-01 9.463e+04
2.351e-01 8.462e+04
1.126e-01 1.072e+05
1.079e-01 1.088e+05
1.073e-01 1.094e+05
1.028e-01 1.110e+05
1.046e-01 1.104e+05
3.070e-01 7.873e+04
1.115e-01 1.069e+05
1.161e-01 1.066e+05
1.593e-01 9.395e+04
1.084e-01 1.080e+05
1.183e-01 1.041e+05
1.176e-01 1.051e+05
1.111e-01 1.065e+05
3.553e-01 7.455e+04
1.148e-01 1.068e+05
1.172e-01 1.041e+05
1.204e-01 1.044e+05
1.207e-01 1.050e+05
1.139e-01 1.061e+05
1.070e-01 1.092e+05
1.042e-01 1.095e+05
1.962e-01 8.975e+04
1.012e-01 1.114e+05
1.739e-01 9.250e+04
2.643e-01 8.044e+04
1.095e-01 1.074e+05
1.069e-01 1.093e+05
2.044e-01 8.766e+04
1.197e-01 1.040e+05
2.264e-01 8.672e+04
9.862e-02 1.136e+05
1.058e-05 1.644e+04
1.029e-01 1.110e+05
2.215e-01 8.610e+04
1.091e-01 1.078e+05
1.312e-01 1.004e+05
1.756e-01 9.013e+04
1.051e-01 1.096e+05
3.154e-06 1.359e+04
1.700e-01 9.178e+04
9.947e-02 1.123e+05
1.109e-01 1.072e+05
1.234e-01 1.035e+05
2.088e-01 8.797e+04
1.128e-01 1.072e+05
1.248e-01 1.022e+05
1.108e-01 1.078e+05
1.139e-01 1.051e+05
2.235e-01 8.521e+04
9.776e-02 1.133e+05
1.064e-01 1.094e+05
1.272e-01 1.024e+05
1.127e-01 1.074e+05
1.077e-01 1.086e+05
9.652e-02 1.146e+05
1.044e-01 1.099e+05
1.244e-01 1.030e+05
1.115e-01 1.074e+05
1.124e-01 1.074e+05
1.119e-01 1.065e+05
1.106e-01 1.083e+05
2.016e-01 8.854e+04
1.135e-01 1.065e+05
2.434e-01 8.405e+04
1.137e-01 1.062e+05
1.107e-01 1.081e+05
1.161e-01 1.065e+05
1.360e-01 9.921e+04
1.052e-01 1.096e+05
1.070e-01 1.091e+05
9.836e-02 1.133e+05
1.143e-01 1.056e+05
1.444e-01 9.696e+04
2.079e-06 7.398e+03
1.131e-01 1.073e+05
1.944e-01 8.942e+04
1.052e-01 1.109e+05
1.152e-01 1.057e+05
1.182e-01 1.055e+05
1.216e-01 1.038e+05
1.166e-01 1.058e+05
2.711e-01 8.136e+04
2.458e-01 8.386e+04
1.042e-01 1.103e+05
1.118e-01 1.067e+05
1.029e-01 1.112e+05
1.080e-01 1.093e+05
1.060e-01 1.091e+05
1.099e-01 1.082e+05
1.152e-01 1.055e+05
1.141e-01 1.066e+05
1.105e-01 1.080e+05
1.133e-01 1.064e+05
1.179e-01 1.054e+05
1.169e-01 1.036e+05
1.286e-01 1.013e+05
1.044e-01 1.101e+05
9.895e-02 1.130e+05
1.067e-01 1.095e+05
1.073e-01 1.084e+05
1.066e-01 1.087e+05
2.067e-01 8.741e+04
1.068e-01 1.096e+05
2.098e-01 8.846e+04
1.710e-01 9.238e+04
1.053e-01 1.094e+05
1.644e-01 9.340e+04
1.175e-01 1.047e+05
1.115e-01 1.079e+05
7.952e-06 1.200e+04
1.252e-01 1.020e+05
9.404e-08 5.546e+03
1.091e-01 1.082e+05
1.374e-06 1.871e+04
1.106e-01 1.077e+05
1.046e-01 1.106e+05
1.118e-01 1.071e+05
1.082e-01 1.089e+05
1.095e-01 1.071e+05
3.388e-01 7.320e+04
1.164e-01 1.046e+05
1.142e-01 1.061e+05
1.169e-01 1.042e+05
2.111e-01 8.699e+04
1.212e-01 1.037e+05
1.102e-01 1.082e+05
1.032e-01 1.109e+05
2.051e-01 8.778e+04
1.011e-01 1.122e+05
1.115e-01 1.075e+05
1.265e-01 1.030e+05
1.050e-01 1.104e+05
9.892e-02 1.135e+05
1.020e-01 1.112e+05
1.237e-01 1.030e+05
1.069e-01 1.097e+05
1.051e-01 1.097e+05
1.001e-01 1.124e+05
1.115e-01 1.071e+05
1.095e-01 1.077e+05
1.052e-01 1.100e+05
1.169e-01 1.047e+05
1.167e-01 1.055e+05
1.050e-01 1.100e+05
1.125e-01 1.077e+05
1.056e-01 1.095e+05
1.101e-01 1.078e+05
1.312e-01 1.011e+05
1.035e-01 1.106e+05
1.311e-01 1.018e+05
1.051e-01 1.100e+05
1.303e-01 1.021e+05
1.492e-01 9.513e+04
1.086e-01 1.082e+05
1.116e-01 1.074e+05
1.788e-01 8.984e+04
2.208e-01 8.730e+04
1.931e-01 8.881e+04
1.976e-01 8.992e+04
1.952e-01 9.003e+04
1.070e-01 1.091e+05
1.118e-01 1.075e+05
1.103e-01 1.070e+05
2.457e-01 8.461e+04
1.070e-01 1.096e+05
1.098e-01 1.071e+05
1.562e-01 9.369e+04
1.111e-01 1.074e+05
1.078e-01 1.092e+05
1.044e-01 1.103e+05
9.857e-02 1.132e+05
1.121e-01 1.079e+05
1.019e-01 1.120e+05
1.990e-01 8.780e+04
1.029e-01 1.112e+05
2.829e-01 8.334e+04
2.852e-01 8.002e+04
1.870e-01 9.139e+04
1.183e-01 1.048e+05
1.059e-01 1.100e+05
1.777e-01 8.932e+04
1.048e-01 1.102e+05
1.218e-01 1.027e+05
1.019e-01 1.116e+05
1.106e-01 1.070e+05
1.093e-01 1.088e+05
1.100e-01 1.081e+05
1.051e-01 1.100e+05
3.754e-01 7.544e+04
1.079e-01 1.091e+05
1.231e-01 1.033e+05
1.448e-01 9.779e+04
1.117e-01 1.080e+05
1.464e-01 9.730e+04
1.104e-01 1.069e+05
2.196e-01 8.480e+04
2.368e-01 8.403e+04
1.079e-01 1.087e+05
1.500e-01 9.460e+04
2.440e-01 8.269e+04
2.521e-01 8.226e+04
2.524e-01 8.225e+04
1.059e-01 1.096e+05
1.125e-01 1.074e+05
1.075e-01 1.094e+05
1.115e-01 1.071e+05
1.007e-01 1.119e+05
2.200e-01 8.669e+04
1.101e-01 1.075e+05
2.371e-01 8.317e+04
1.081e-01 1.086e+05
1.100e-01 1.070e+05
1.078e-01 1.092e+05
1.050e-06 5.552e+03
1.453e-01 9.680e+04
1.029e-01 1.110e+05
1.139e-01 1.062e+05
1.084e-01 1.082e+05
1.142e-01 1.060e+05
1.087e-01 1.087e+05
1.106e-01 1.078e+05
2.739e-01 8.137e+04
1.091e-01 1.078e+05
1.360e-01 9.968e+04
1.165e-01 1.064e+05
1.207e-01 1.042e+05
2.027e-01 8.629e+04
1.031e-01 1.114e+05
1.340e-01 1.007e+05
1.128e-01 1.070e+05
2.503e-01 7.963e+04
1.805e-01 9.129e+04
1.029e-01 1.116e+05
1.554e-01 9.451e+04
8.563e-06 4.224e+03
1.083e-01 1.079e+05
1.103e-01 1.078e+05
1.040e-01 1.100e+05
1.099e-01 1.071e+05
1.014e-01 1.118e+05
2.486e-06 4.310e+03
2.016e-01 8.773e+04
1.071e-01 1.101e+05
1.101e-01 1.076e+05
1.845e-01 8.936e+04
3.115e-01 7.750e+04
1.090e-01 1.089e+05
1.074e-01 1.093e+05
2.285e-01 7.747e+04
1.113e-01 1.071e+05
1.045e-01 1.105e+05
1.299e-01 1.010e+05
1.205e-01 1.046e+05
1.063e-01 1.097e+05
1.460e-05 3.280e+04
1.089e-01 1.082e+05
1.034e-01 1.116e+05
1.884e-01 8.805e+04
4.022e-01 7.703e+04
1.465e-01 9.523e+04
1.158e-01 1.060e+05
1.110e-01 1.072e+05
1.207e-01 1.030e+05
1.556e-01 9.439e+04
1.036e-01 1.106e+05
1.088e-01 1.086e+05
1.100e-01 1.082e+05
2.272e-01 8.648e+04
1.748e-01 9.105e+04
1.095e-01 1.084e+05
1.279e-01 1.024e+05
1.085e-01 1.087e+05
2.978e-01 7.734e+04
1.200e-01 1.051e+05
1.052e-01 1.107e+05
1.001e-01 1.126e+05
1.091e-01 1.078e+05
1.070e-01 1.099e+05
3.136e-01 7.411e+04
1.030e-01 1.103e+05
1.115e-01 1.077e+05
1.049e-01 1.095e+05
1.074e-01 1.088e+05
9.887e-02 1.126e+05
1.056e-01 1.096e+05
1.100e-01 1.082e+05
1.056e-01 1.095e+05
1.597e-01 9.377e+04
1.223e-01 1.036e+05
1.250e-01 1.025e+05
1.077e-01 1.090e+05
1.067e-01 1.087e+05
1.096e-01 1.082e+05
1.046e-01 1.100e+05
1.783e-01 9.040e+04
1.776e-01 8.943e+04
9.734e-02 1.144e+05
1.163e-01 1.059e+05
1.605e-01 9.252e+04
1.110e-01 1.081e+05
1.020e-01 1.119e+05
2.404e-01 8.314e+04
1.078e-01 1.090e+05
1.099e-01 1.080e+05
1.076e-01 1.094e+05
1.033e-01 1.117e+05
1.049e-01 1.094e+05
1.856e-01 8.979e+04
1.035e-01 1.106e+05
1.045e-01 1.108e+05
1.078e-01 1.087e+05
1.045e-01 1.106e+05
1.118e-01 1.076e+05
2.565e-01 7.970e+04
1.097e-01 1.068e+05
1.086e-01 1.081e+05
1.020e-01 1.119e+05
1.388e-05 2.723e+04
1.090e-01 1.089e+05
1.042e-01 1.098e+05
1.174e-01 1.049e+05
1.097e-01 1.080e+05
1.064e-01 1.101e+05
1.557e-01 9.484e+04
1.033e-01 1.105e+05
7.309e-07 2.167e+04
1.200e-05 7.583e+03
3.290e-01 7.515e+04
1.687e-01 9.326e+04
1.054e-01 1.096e+05
1.745e-01 9.212e+04
1.014e-01 1.123e+05
1.089e-01 1.083e+05
1.179e-01 1.057e+05
1.104e-01 1.078e+05
1.100e-01 1.082e+05
1.105e-01 1.078e+05
1.093e-01 1.085e+05
1.012e-01 1.123e+05
9.893e-02 1.129e+05
1.091e-01 1.072e+05
1.058e-01 1.097e+05
1.167e-01 1.051e+05
1.041e-01 1.099e+05
1.128e-01 1.071e+05
2.797e-01 8.038e+04
1.054e-01 1.102e+05
1.189e-01 1.045e+05
1.292e-01 1.015e+05
2.316e-01 8.354e+04
1.255e-01 1.029e+05
2.531e-01 8.224e+04
1.062e-01 1.093e+05
1.211e-01 1.030e+05
1.116e-01 1.080e+05
1.063e-01 1.098e+05
1.063e-01 1.095e+05
2.051e-01 8.614e+04
1.049e-01 1.094e+05
1.097e-01 1.082e+05
9.987e-02 1.131e+05
1.020e-01 1.116e+05
1.150e-01 1.050e+05
1.772e-01 8.975e+04
2.104e-01 8.704e+04
9.738e-02 1.138e+05
1.129e-01 1.070e+05
1.650e-01 9.030e+04
1.020e-01 1.116e+05
9.960e-02 1.132e+05
1.061e-01 1.101e+05
2.411e-01 8.389e+04
1.109e-01 1.075e+05
1.657e-01 9.173e+04
1.015e-01 1.113e+05
9.954e-02 1.126e+05
1.100e-01 1.085e+05
2.132e-01 8.553e+04
1.070e-01 1.090e+05
1.075e-01 1.085e+05
1.425e-01 9.655e+04
1.062e-01 1.092e+05
1.158e-01 1.060e+05
1.078e-01 1.078e+05
1.934e-01 8.886e+04
1.112e-01 1.078e+05
9.799e-02 1.132e+05
1.186e-01 1.047e+05
1.036e-01 1.117e+05
1.106e-01 1.078e+05
2.319e-01 8.459e+04
1.892e-01 9.030e+04
1.010e-01 1.123e+05
2.013e-01 8.830e+04
1.001e-01 1.124e+05
1.069e-01 1.088e+05
1.114e-01 1.077e+05
1.038e-01 1.107e+05
1.973e-01 8.854e+04
1.073e-01 1.091e+05
2.401e-01 8.332e+04
1.743e-01 9.088e+04
2.893e-01 7.850e+04
1.340e-01 1.001e+05
1.081e-01 1.094e+05
1.129e-01 1.077e+05
1.183e-01 1.052e+05
4.616e-06 6.240e+03
1.006e-01 1.120e+05
1.191e-01 1.040e+05
1.048e-01 1.102e+05
1.186e-01 1.042e+05
1.981e-01 8.984e+04
3.110e-01 7.897e+04
1.065e-01 1.100e+05
1.096e-01 1.080e+05
7.574e-07 8.829e+03
3.264e-01 7.388e+04
1.182e-01 1.051e+05
1.445e-01 9.699e+04
3.249e-01 7.697e+04
1.033e-01 1.113e+05
1.697e-01 9.287e+04
1.960e-01 8.768e+04
1.137e-01 1.066e+05
1.075e-01 1.088e+05
1.237e-01 1.020e+05
3.254e-06 1.698e+04
4.418e-06 1.257e+04
1.041e-01 1.099e+05
1.134e-01 1.058e+05
2.425e-01 8.273e+04
1.107e-01 1.076e+05
1.164e-01 1.057e+05
1.169e-01 1.058e+05
1.099e-01 1.081e+05
1.566e-01 9.501e+04
1.214e-01 1.034e+05
1.030e-01 1.101e+05
1.193e-01 1.051e+05
1.276e-01 1.017e+05
2.772e-01 7.926e+04
1.225e-01 1.036e+05
3.515e-01 7.429e+04
1.605e-01 9.374e+04
1.751e-01 9.065e+04
1.036e-01 1.107e+05
1.589e-01 9.288e+04
1.190e-01 1.042e+05
2.178e-01 8.566e+04
1.103e-01 1.081e+05
1.021e-01 1.106e+05
1.316e-01 1.010e+05
1.220e-01 1.036e+05
1.050e-01 1.105e+05
1.165e-01 1.047e+05
1.128e-01 1.066e+05
1.068e-01 1.092e+05
1.012e-01 1.124e+05
1.454e-01 9.723e+04
1.112e-01 1.072e+05
1.047e-01 1.097e+05
1.088e-01 1.076e+05
1.153e-01 1.056e+05
1.085e-01 1.085e+05
1.114e-01 1.080e+05
1.147e-01 1.060e+05
1.485e-01 9.676e+04
1.869e-01 8.812e+04
1.134e-01 1.067e+05
9.988e-02 1.122e+05
1.109e-01 1.073e+05
1.036e-01 1.100e+05
1.053e-01 1.098e+05
1.890e-01 8.914e+04
1.088e-01 1.079e+05
1.359e-01 9.940e+04
1.031e-01 1.114e+05
1.077e-01 1.092e+05
1.087e-01 1.094e+05
2.152e-01 8.636e+04
2.211e-01 8.561e+04
2.672e-01 8.156e+04
1.099e-01 1.080e+05
1.673e-01 9.223e+04
2.789e-01 8.078e+04
1.064e-01 1.090e+05
1.037e-01 1.107e+05
1.098e-01 1.081e+05
3.455e-01 7.841e+04
1.156e-01 1.056e+05
1.030e-01 1.112e+05
9.931e-02 1.132e+05
1.070e-01 1.093e+05
1.464e-01 9.687e+04
2.584e-01 8.190e+04
1.419e-01 9.773e+04
1.144e-01 1.067e+05
1.006e-01 1.113e+05
1.038e-01 1.107e+05
1.131e-01 1.065e+05
1.108e-01 1.072e+05
3.220e-01 7.616e+04
1.462e-01 9.583e+04
9.952e-02 1.121e+05
2.183e-06 1.941e+04
1.180e-01 1.042e+05
2.767e-01 8.097e+04
1.152e-01 1.059e+05
1.185e-01 1.047e+05
1.011e-01 1.116e+05
1.062e-01 1.101e+05
1.010e-01 1.119e+05
1.094e-01 1.077e+05
1.654e-01 9.328e+04
3.010e-01 7.733e+04
2.993e-01 7.896e+04
1.097e-01 1.082e+05
1.036e-01 1.100e+05
2.607e-01 8.219e+04
1.060e-01 1.093e+05
1.024e-01 1.112e+05
2.390e-06 1.570e+04
1.964e-06 2.479e+04
1.691e-01 9.004e+04
1.068e-01 1.091e+05
1.089e-05 2.102e+04
1.110e-01 1.079e+05
1.298e-01 1.013e+05
1.123e-01 1.068e+05
1.070e-01 1.095e+05
2.182e-01 8.552e+04
1.061e-01 1.090e+05
1.152e-01 1.054e+05
1.362e-01 1.001e+05
1.355e-01 9.968e+04
3.111e-01 8.015e+04
1.077e-01 1.095e+05
1.025e-01 1.113e+05
1.036e-01 1.102e+05
1.072e-01 1.095e+05
1.035e-01 1.107e+05
1.006e-01 1.129e+05
2.013e-06 2.219e+03
1.178e-01 1.049e+05
9.489e-07 1.206e+04
1.064e-01 1.094e+05
2.037e-01 8.650e+04
1.041e-01 1.114e+05
1.431e-01 9.860e+04
1.032e-01 1.103e+05
1.069e-01 1.089e+05
1.606e-01 9.491e+04
1.109e-01 1.076e+05
1.040e-01 1.102e+05
1.042e-01 1.099e+05
1.062e-01 1.087e+05
1.299e-01 1.022e+05
1.072e-01 1.091e+05
3.566e-07 2.885e+04
2.880e-01 8.113e+04
1.152e-01 1.067e+05
1.104e-01 1.080e+05
1.080e-01 1.074e+05
1.152e-01 1.067e+05
1.062e-01 1.094e+05
4.499e-06 2.887e+04
1.080e-01 1.083e+05
2.008e-01 8.760e+04
1.071e-01 1.094e+05
1.034e-01 1.113e+05
1.049e-01 1.111e+05
1.710e-01 9.311e+04
1.193e-01 1.051e+05
1.116e-01 1.078e+05
1.017e-01 1.114e+05
9.907e-02 1.131e+05
1.101e-01 1.081e+05
1.054e-01 1.105e+05
1.038e-01 1.106e+05
1.026e-01 1.111e+05
1.177e-01 1.050e+05
9.876e-02 1.137e+05
2.473e-01 8.387e+04
1.124e-01 1.067e+05
2.831e-01 8.149e+04
1.043e-01 1.101e+05
1.183e-01 1.054e+05
3.486e-06 1.647e+04
2.071e-01 8.780e+04
1.746e-01 9.169e+04
2.105e-01 8.606e+04
3.361e-01 7.823e+04
2.257e-01 8.284e+04
2.093e-01 8.554e+04
1.550e-01 9.403e+04
9.917e-02 1.127e+05
1.096e-01 1.083e+05
1.074e-01 1.091e+05
1.024e-01 1.116e+05
1.066e-01 1.097e+05
1.034e-01 1.113e+05
9.871e-02 1.137e+05
1.117e-01 1.070e+05
1.129e-01 1.071e+05
1.040e-01 1.102e+05
1.099e-01 1.085e+05
8.201e-09 1.907e+04
1.184e-01 1.047e+05
1.111e-01 1.068e+05
1.126e-01 1.065e+05
1.164e-01 1.050e+05
1.417e-06 2.162e+04
1.475e-01 9.726e+04
1.454e-01 9.739e+04
1.068e-01 1.092e+05
1.454e-01 9.609e+04
1.052e-01 1.102e+05
1.046e-01 1.106e+05
1.040e-01 1.108e+05
1.043e-01 1.097e+05
1.030e-01 1.108e+05
1.112e-01 1.067e+05
1.040e-01 1.109e+05
1.987e-01 8.935e+04
1.958e-01 8.662e+04
1.101e-01 1.080e+05
1.651e-01 9.285e+04
1.884e-01 9.026e+04
1.492e-01 9.578e+04
3.171e-01 7.535e+04
1.181e-01 1.051e+05
1.744e-01 8.944e+04
1.049e-01 1.093e+05
1.113e-01 1.077e+05
3.880e-07 1.835e+04
1.151e-01 1.067e+05
1.026e-01 1.115e+05
3.198e-01 7.695e+04
1.061e-01 1.098e+05
1.128e-01 1.074e+05
1.038e-01 1.111e+05
1.055e-01 1.096e+05
9.970e-02 1.131e+05
6.013e-06 7.942e+03
1.718e-01 9.239e+04
1.136e-01 1.068e+05
1.913e-01 8.763e+04
2.231e-01 8.404e+04
1.028e-01 1.116e+05
1.054e-01 1.103e+05
1.106e-01 1.075e+05
9.813e-02 1.141e+05
1.152e-01 1.051e+05
1.031e-01 1.117e+05
1.087e-01 1.089e+05
1.077e-01 1.088e+05
1.585e-01 9.423e+04
1.012e-01 1.118e+05
1.093e-01 1.082e+05
1.966e-01 8.704e+04
1.205e-01 1.040e+05
1.030e-01 1.111e+05
1.056e-01 1.102e+05
1.214e-01 1.026e+05
1.036e-01 1.111e+05
1.091e-01 1.080e+05
1.006e-01 1.128e+05
1.155e-01 1.054e+05
1.012e-01 1.122e+05
1.098e-01 1.076e+05
2.596e-01 8.328e+04
3.047e-06 2.389e+04
2.386e-01 8.356e+04
1.959e-01 8.957e+04
2.316e-01 8.453e+04
1.285e-01 1.007e+05
1.086e-01 1.088e+05
1.740e-01 9.170e+04
1.844e-01 9.017e+04
1.686e-01 9.254e+04
2.803e-01 7.748e+04
2.419e-01 7.919e+04
1.008e-01 1.124e+05
1.961e-01 8.942e+04
2.092e-01 8.741e+04
1.079e-01 1.095e+05
1.067e-01 1.105e+05
2.393e-01 8.290e+04
1.576e-01 9.572e+04
1.123e-01 1.069e+05
2.339e-01 8.446e+04
1.051e-01 1.098e+05
1.265e-01 1.020e+05
1.126e-01 1.072e+05
1.463e-01 9.698e+04
2.050e-01 8.698e+04
1.248e-01 1.020e+05
1.023e-01 1.122e+05
1.517e-01 9.745e+04
1.199e-01 1.032e+05
1.086e-01 1.080e+05
9.903e-02 1.134e+05
1.139e-01 1.063e+05
1.076e-01 1.089e+05
1.056e-01 1.096e+05
1.120e-01 1.070e+05
1.047e-01 1.096e+05
9.493e-06 7.138e+03
2.790e-01 8.174e+04
1.377e-01 9.737e+04
2.364e-01 8.443e+04
2.095e-01 8.588e+04
1.082e-01 1.087e+05
1.087e-01 1.077e+05
1.057e-01 1.100e+05
1.144e-01 1.067e+05
8.267e-07 1.518e+04
1.074e-01 1.089e+05
1.081e-01 1.086e+05
9.853e-02 1.134e+05
1.001e-01 1.125e+05
9.866e-02 1.137e+05
2.472e-01 8.173e+04
1.167e-01 1.058e+05
2.265e-01 8.491e+04
1.168e-01 1.054e+05
1.058e-01 1.103e+05
9.723e-02 1.144e+05
1.448e-01 9.585e+04
1.007e-01 1.124e+05
1.098e-01 1.078e+05
9.835e-02 1.136e+05
1.055e-01 1.104e+05
1.509e-01 9.570e+04
1.058e-01 1.098e+05
1.270e-01 1.019e+05
1.049e-01 1.097e+05
1.086e-01 1.091e+05
1.019e-01 1.114e+05
1.057e-01 1.098e+05
9.899e-02 1.132e+05
1.045e-01 1.106e+05
1.028e-01 1.109e+05
1.075e-01 1.085e+05
1.103e-01 1.075e+05
1.203e-01 1.032e+05
2.099e-01 8.647e+04
2.317e-01 8.484e+04
1.114e-01 1.077e+05
1.110e-01 1.078e+05
1.631e-01 9.345e+04
1.070e-01 1.091e+05
1.001e-01 1.131e+05
1.254e-01 1.020e+05
1.601e-01 9.422e+04
2.431e-01 8.332e+04
1.182e-01 1.044e+05
2.091e-01 8.742e+04
2.632e-01 8.251e+04
1.025e-01 1.105e+05
1.789e-01 9.018e+04
1.255e-01 1.024e+05
1.015e-01 1.117e+05
1.098e-01 1.082e+05
1.050e-01 1.097e+05
1.023e-01 1.115e+05
2.400e-01 8.514e+04
7.126e-06 1.032e+04
1.093e-01 1.080e+05
1.205e-01 1.049e+05
1.005e-01 1.119e+05
1.327e-01 1.015e+05
1.265e-01 1.024e+05
1.025e-01 1.112e+05
1.083e-01 1.089e+05
1.036e-01 1.111e+05
2.145e-01 8.500e+04
1.034e-01 1.112e+05
1.025e-01 1.117e+05
1.091e-01 1.086e+05
1.106e-01 1.080e+05
2.256e-01 8.554e+04
1.053e-01 1.095e+05
9.882e-02 1.131e+05
1.149e-01 1.054e+05
1.281e-01 1.001e+05
1.017e-01 1.109e+05
1.467e-01 9.650e+04
1.097e-01 1.074e+05
5.280e-06 2.192e+04
1.026e-01 1.114e+05
4.722e-06 1.036e+04
1.047e-01 1.106e+05
1.017e-01 1.112e+05
1.042e-01 1.111e+05
1.050e-01 1.100e+05
1.851e-01 8.939e+04
1.057e-01 1.098e+05
1.054e-01 1.098e+05
1.091e-01 1.086e+05
1.134e-01 1.074e+05
1.053e-01 1.108e+05
1.111e-01 1.082e+05
1.493e-01 9.487e+04
2.180e-01 8.637e+04
1.433e-01 9.614e+04
1.032e-01 1.105e+05
2.567e-01 8.445e+04
9.294e-07 2.687e+04
1.088e-01 1.087e+05
1.093e-01 1.078e+05
1.070e-01 1.089e+05
1.066e-01 1.092e+05
1.163e-01 1.051e+05
1.981e-01 8.847e+04
9.894e-02 1.126e+05
2.888e-06 2.048e+04
1.125e-01 1.069e+05
2.397e-01 8.475e+04
2.135e-01 8.685e+04
1.743e-01 9.087e+04
1.713e-01 9.241e+04
1.035e-01 1.108e+05
1.142e-01 1.052e+05
2.151e-01 8.558e+04
1.390e-01 9.787e+04
1.115e-01 1.066e+05
1.085e-01 1.085e+05
1.209e-01 1.039e+05
1.057e-01 1.099e+05
1.235e-01 1.029e+05
2.753e-01 7.911e+04
2.452e-01 8.274e+04
1.122e-01 1.073e+05
1.409e-01 9.959e+04
1.079e-01 1.081e+05
1.098e-01 1.084e+05
1.054e-01 1.097e+05
1.098e-01 1.081e+05
1.165e-01 1.059e+05
1.367e-01 9.896e+04
1.001e-01 1.122e+05
1.095e-01 1.082e+05
1.157e-01 1.057e+05
1.138e-01 1.067e+05
9.790e-02 1.141e+05
1.110e-01 1.072e+05
1.168e-01 1.047e+05
1.054e-01 1.101e+05
1.099e-01 1.076e+05
2.466e-01 8.322e+04
1.605e-01 9.351e+04
1.064e-01 1.096e+05
1.085e-01 1.079e+05
2.394e-01 8.139e+04
1.141e-01 1.059e+05
1.054e-01 1.096e+05
1.144e-01 1.059e+05
2.266e-01 8.718e+04
1.019e-01 1.109e+05
1.067e-01 1.094e+05
1.167e-01 1.053e+05
1.994e-01 8.864e+04
1.465e-01 9.648e+04
1.106e-01 1.081e+05
1.386e-01 9.779e+04
1.063e-01 1.093e+05
2.069e-01 8.644e+04
1.071e-01 1.091e+05
1.104e-01 1.066e+05
2.199e-01 8.448e+04
1.033e-01 1.111e+05
2.053e-01 8.803e+04
2.235e-01 8.299e+04
1.045e-01 1.104e+05
1.097e-01 1.090e+05
2.038e-01 8.607e+04
1.449e-01 9.739e+04
1.118e-01 1.076e+05
1.062e-01 1.099e+05
1.820e-01 8.977e+04
4.536e-06 1.357e+04
1.056e-01 1.100e+05
1.188e-01 1.052e+05
1.103e-01 1.071e+05
9.980e-02 1.122e+05
1.017e-01 1.122e+05
1.002e-01 1.123e+05
9.835e-02 1.134e+05
1.317e-01 1.015e+05
1.109e-01 1.080e+05
1.020e-01 1.116e+05
1.772e-01 9.035e+04
3.063e-01 7.272e+04
1.138e-01 1.066e+05
2.442e-01 8.477e+04
1.113e-01 1.075e+05
9.986e-02 1.130e+05
1.067e-01 1.094e+05
1.101e-01 1.074e+05
1.050e-01 1.093e+05
1.390e-01 9.910e+04
1.749e-01 9.069e+04
1.083e-01 1.084e+05
1.081e-01 1.092e+05
1.056e-01 1.092e+05
1.120e-01 1.069e+05
3.765e-01 7.623e+04
1.094e-01 1.080e+05
1.084e-01 1.090e+05
9.953e-02 1.133e+05
9.739e-02 1.138e+05
1.628e-01 9.262e+04
1.030e-01 1.102e+05
1.032e-01 1.102e+05
1.180e-01 1.057e+05
2.064e-01 8.539e+04
1.166e-01 1.059e+05
2.104e-01 8.490e+04
1.129e-01 1.075e+05
1.148e-01 1.073e+05
1.064e-01 1.087e+05
1.046e-01 1.111e+05
2.077e-01 8.600e+04
1.139e-01 1.062e+05
1.075e-01 1.091e+05
1.005e-01 1.118e+05
2.336e-01 8.340e+04
2.329e-06 7.873e+03
1.136e-01 1.068e+05
1.107e-01 1.076e+05
4.761e-07 1.612e+04
1.072e-01 1.087e+05
1.073e-01 1.076e+05
1.022e-01 1.119e+05
1.940e-01 8.957e+04
1.074e-01 1.091e+05
1.479e-01 9.591e+04
1.724e-01 9.217e+04
9.902e-02 1.133e+05
1.520e-01 9.588e+04
1.069e-01 1.095e+05
2.205e-01 8.692e+04
1.063e-01 1.091e+05
1.101e-01 1.071e+05
1.119e-01 1.066e+05
1.129e-01 1.064e+05
1.099e-01 1.076e+05
3.915e-01 7.728e+04
3.923e-07 5.661e+03
1.074e-01 1.090e+05
1.246e-01 1.036e+05
1.095e-01 1.078e+05
1.811e-01 9.028e+04
1.877e-01 9.061e+04
1.187e-01 1.034e+05
2.260e-01 8.374e+04
1.661e-01 9.441e+04
1.019e-01 1.115e+05
1.249e-01 1.036e+05
1.169e-01 1.048e+05
1.133e-01 1.061e+05
1.587e-01 9.479e+04
1.327e-01 1.002e+05
1.066e-01 1.096e+05
1.098e-01 1.076e+05
1.151e-01 1.058e+05
1.155e-01 1.056e+05
1.061e-01 1.106e+05
9.941e-02 1.127e+05
1.100e-01 1.073e+05
1.703e-01 9.361e+04
2.445e-01 8.435e+04
1.426e-01 9.633e+04
1.044e-01 1.096e+05
1.263e-01 1.028e+05
1.228e-01 1.035e+05
1.120e-01 1.072e+05
1.174e-01 1.055e+05
1.046e-01 1.104e+05
3.094e-01 7.795e+04
3.255e-01 7.897e+04
9.836e-02 1.137e+05
2.079e-01 8.750e+04
1.083e-01 1.078e+05
1.072e-01 1.087e+05
1.086e-01 1.088e+05
1.098e-01 1.089e+05
1.083e-01 1.086e+05
1.086e-01 1.081e+05
1.112e-01 1.078e+05
1.073e-01 1.094e+05
1.106e-01 1.077e+05
1.044e-01 1.099e+05
1.337e-01 1.009e+05
1.326e-01 1.004e+05
1.846e-01 8.947e+04
1.201e-01 1.046e+05
2.046e-01 8.665e+04
2.680e-01 8.255e+04
1.589e-01 9.374e+04
1.142e-01 1.066e+05
1.062e-01 1.098e+05
1.016e-01 1.118e+05
1.028e-01 1.115e+05
9.746e-02 1.139e+05
1.080e-01 1.087e+05
1.682e-01 9.170e+04
1.124e-01 1.065e+05
1.109e-01 1.076e+05
1.154e-01 1.056e+05
1.041e-01 1.097e+05
1.152e-01 1.061e+05
1.030e-01 1.114e+05
1.066e-01 1.097e+05
2.352e-01 8.428e+04
2.918e-01 7.917e+04
1.092e-01 1.083e+05
3.141e-01 7.660e+04
1.155e-01 1.067e+05
1.068e-01 1.087e+05
1.110e-01 1.074e+05
1.941e-01 8.811e+04
1.170e-01 1.057e+05
1.080e-01 1.085e+05
1.023e-01 1.120e+05
1.669e-01 9.243e+04
1.178e-01 1.042e+05
1.096e-01 1.084e+05
1.107e-01 1.083e+05
1.175e-01 1.045e+05
1.104e-01 1.068e+05
1.195e-01 1.039e+05
9.974e-02 1.129e+05
1.082e-01 1.089e+05
1.064e-01 1.084e+05
1.036e-01 1.106e+05
2.807e-01 8.072e+04
1.092e-01 1.075e+05
1.047e-01 1.105e+05
1.110e-01 1.074e+05
1.145e-01 1.063e+05
9.823e-02 1.134e+05
2.637e-01 8.386e+04
1.121e-01 1.072e+05
1.104e-01 1.080e+05
9.775e-02 1.139e+05
1.046e-01 1.101e+05
2.075e-01 8.749e+04
9.957e-02 1.131e+05
1.099e-01 1.083e+05
1.782e-01 9.070e+04
1.205e-01 1.044e+05
1.056e-01 1.099e+05
1.040e-01 1.113e+05
2.313e-01 8.323e+04
2.528e-01 8.217e+04
1.125e-01 1.064e+05
1.122e-01 1.066e+05
1.097e-01 1.076e+05
1.088e-01 1.083e+05
2.710e-06 2.316e+03
9.660e-02 1.147e+05
2.505e-01 8.471e+04
1.038e-01 1.100e+05
1.186e-01 1.054e+05
6.457e-06 2.311e+03
3.217e-01 7.847e+04
2.373e-01 7.755e+04
1.036e-01 1.113e+05
1.794e-01 9.138e+04
1.055e-01 1.096e+05
1.658e-01 9.219e+04
1.129e-01 1.072e+05
1.063e-01 1.092e+05
1.241e-01 1.029e+05
1.020e-01 1.111e+05
1.062e-01 1.098e+05
1.220e-01 1.047e+05
3.102e-01 7.864e+04
2.086e-01 8.473e+04
9.846e-02 1.137e+05
1.060e-01 1.101e+05
1.045e-01 1.109e+05
9.979e-02 1.120e+05
1.121e-01 1.067e+05
3.234e-01 7.575e+04
1.068e-01 1.097e+05
1.083e-01 1.089e+05
1.905e-01 8.938e+04
1.182e-01 1.042e+05
1.110e-01 1.079e+05
1.089e-01 1.086e+05
7.658e-07 1.216e+04
1.449e-05 1.390e+04
9.714e-02 1.142e+05
1.053e-01 1.096e+05
1.082e-01 1.096e+05
4.751e-06 4.707e+03
3.449e-01 7.733e+04
1.112e-01 1.076e+05
1.532e-01 9.543e+04
1.057e-01 1.104e+05
1.035e-01 1.106e+05
1.073e-01 1.095e+05
1.155e-01 1.059e+05
9.959e-02 1.128e+05
2.190e-01 8.716e+04
1.067e-01 1.094e+05
1.130e-01 1.072e+05
2.098e-01 8.838e+04
2.537e-01 8.301e+04
1.042e-01 1.106e+05
1.103e-01 1.085e+05
3.951e-06 2.009e+04
1.400e-01 9.828e+04
2.201e-01 8.637e+04
1.034e-01 1.111e+05
1.035e-01 1.111e+05
1.078e-01 1.087e+05
1.103e-01 1.077e+05
2.920e-01 7.663e+04
1.687e-01 9.194e+04
1.029e-01 1.110e+05
2.032e-01 8.739e+04
1.439e-01 9.720e+04
1.553e-01 9.509e+04
1.071e-01 1.091e+05
1.082e-01 1.083e+05
1.103e-01 1.076e+05
1.245e-01 1.028e+05
1.085e-01 1.082e+05
1.052e-01 1.099e+05
1.419e-01 9.817e+04
2.847e-01 8.073e+04
2.430e-01 8.297e+04
1.033e-01 1.101e+05
1.366e-01 9.824e+04
2.127e-01 8.561e+04
1.052e-01 1.103e+05
2.121e-01 8.587e+04
1.172e-01 1.038e+05
2.197e-01 8.638e+04
1.023e-01 1.114e+05
1.119e-01 1.066e+05
1.399e-05 1.128e+04
1.075e-01 1.091e+05
1.078e-01 1.093e+05
1.185e-01 1.043e+05
1.317e-01 1.015e+05
3.137e-01 7.963e+04
1.091e-01 1.083e+05
1.176e-01 1.044e+05
1.041e-01 1.105e+05
1.068e-01 1.098e+05
1.012e-01 1.123e+05
1.009e-01 1.116e+05
1.747e-01 9.310e+04
1.119e-01 1.071e+05
1.045e-01 1.103e+05
1.836e-01 8.969e+04
1.045e-01 1.104e+05
3.015e-01 7.950e+04
1.054e-01 1.094e+05
1.669e-05 1.177e+04
9.938e-06 2.312e+04
1.041e-01 1.098e+05
1.030e-01 1.111e+05
1.224e-01 1.032e+05
1.088e-01 1.092e+05
1.004e-01 1.129e+05
1.081e-01 1.093e+05
2.327e-01 8.427e+04
2.086e-01 8.760e+04
2.672e-01 8.233e+04
1.816e-01 9.025e+04
1.048e-01 1.110e+05
1.705e-01 9.144e+04
7.721e-06 1.191e+03
2.139e-01 8.509e+04
1.079e-01 1.084e+05
1.803e-01 8.962e+04
1.189e-01 1.048e+05
4.509e-06 1.637e+04
1.173e-01 1.053e+05
1.113e-01 1.065e+05
1.016e-01 1.125e+05
2.298e-01 8.577e+04
1.085e-01 1.086e+05
1.257e-01 1.028e+05
9.986e-02 1.124e+05
2.238e-01 8.525e+04
1.062e-01 1.090e+05
2.579e-01 8.415e+04
1.526e-01 9.451e+04
9.980e-02 1.119e+05
1.581e-01 9.413e+04
1.086e-01 1.086e+05
1.935e-01 8.807e+04
1.121e-01 1.071e+05
1.630e-01 9.418e+04
1.085e-01 1.088e+05
1.164e-01 1.038e+05
1.114e-01 1.069e+05
1.028e-01 1.112e+05
1.287e-01 1.023e+05
1.046e-01 1.102e+05
1.075e-01 1.096e+05
1.882e-01 8.934e+04
1.054e-01 1.097e+05
1.049e-01 1.097e+05
1.090e-01 1.087e+05
1.811e-01 9.163e+04
2.183e-01 8.808e+04
1.074e-01 1.094e+05
1.315e-01 9.886e+04
1.101e-01 1.080e+05
1.152e-01 1.062e+05
1.054e-01 1.092e+05
1.113e-01 1.066e+05
1.530e-01 9.524e+04
1.885e-01 8.849e+04
1.451e-01 9.685e+04
1.047e-01 1.097e+05
1.774e-01 9.024e+04
2.845e-01 7.626e+04
1.211e-01 1.030e+05
1.074e-01 1.089e+05
1.100e-01 1.078e+05
1.624e-01 9.322e+04
1.081e-01 1.084e+05
1.125e-01 1.071e+05
1.068e-01 1.090e+05
1.039e-01 1.106e+05
9.921e-02 1.135e+05
1.105e-01 1.084e+05
1.186e-01 1.046e+05
1.114e-01 1.077e+05
3.139e-01 7.638e+04
1.076e-01 1.091e+05
1.040e-01 1.106e+05
1.035e-01 1.102e+05
1.086e-01 1.090e+05
1.151e-01 1.065e+05
1.776e-01 9.146e+04
1.146e-01 1.059e+05
1.035e-01 1.116e+05
2.223e-01 8.702e+04
1.114e-01 1.071e+05
1.052e-01 1.099e+05
9.751e-02 1.140e+05
1.046e-01 1.102e+05
2.067e-01 8.903e+04
1.583e-07 1.900e+04
1.111e-01 1.065e+05
1.227e-01 1.028e+05
2.816e-01 8.158e+04
2.478e-01 8.263e+04
2.828e-01 8.154e+04
9.871e-02 1.136e+05
2.317e-01 8.506e+04
1.862e-01 9.179e+04
1.647e-01 9.379e+04
2.137e-01 8.697e+04
2.164e-01 8.569e+04
9.969e-02 1.129e+05
1.438e-01 9.654e+04
1.138e-01 1.057e+05
1.193e-01 1.054e+05
1.799e-01 9.058e+04
9.884e-02 1.134e+05
1.047e-01 1.101e+05
1.253e-01 1.014e+05
2.176e-01 8.600e+04
1.054e-01 1.091e+05
1.117e-01 1.073e+05
1.070e-01 1.083e+05
1.290e-01 1.001e+05
1.097e-01 1.080e+05
7.966e-06 1.234e+03
2.453e-01 8.381e+04
1.127e-01 1.072e+05
3.189e-06 5.901e+03
1.026e-01 1.109e+05
1.109e-01 1.082e+05
9.293e-06 1.809e+04
1.154e-01 1.060e+05
1.089e-01 1.083e+05
1.165e-01 1.060e+05
1.104e-01 1.083e+05
1.172e-01 1.055e+05
1.093e-01 1.089e+05
1.098e-01 1.080e+05
7.133e-06 5.195e+03
1.139e-01 1.061e+05
3.265e-01 7.553e+04
1.021e-01 1.112e+05
1.070e-01 1.093e+05
1.021e-01 1.112e+05
1.524e-01 9.451e+04
1.088e-01 1.088e+05
1.031e-01 1.100e+05
1.056e-01 1.100e+05
1.188e-01 1.048e+05
1.146e-01 1.065e+05
1.621e-01 9.422e+04
1.086e-01 1.084e+05
1.063e-01 1.092e+05
1.081e-01 1.082e+05
1.060e-01 1.099e+05
1.050e-01 1.101e+05
1.639e-01 9.252e+04
1.036e-01 1.112e+05
2.387e-01 8.232e+04
1.694e-01 9.369e+04
1.120e-01 1.067e+05
1.027e-01 1.117e+05
2.585e-01 8.386e+04
1.038e-01 1.102e+05
1.998e-01 8.840e+04
1.462e-01 9.643e+04
1.962e-01 9.006e+04
9.789e-02 1.141e+05
2.275e-01 8.705e+04
1.111e-01 1.082e+05
1.384e-01 9.841e+04
1.040e-01 1.114e+05
1.128e-01 1.073e+05
2.006e-01 8.639e+04
1.097e-01 1.070e+05
2.189e-01 8.348e+04
1.031e-01 1.106e+05
2.312e-01 8.271e+04
1.018e-01 1.119e+05
9.623e-02 1.150e+05
1.121e-01 1.067e+05
2.471e-01 8.366e+04
1.047e-01 1.099e+05
1.070e-01 1.092e+05
3.045e-01 8.027e+04
1.170e-01 1.053e+05
1.662e-01 9.237e+04
1.094e-01 1.083e+05
1.071e-01 1.098e+05
1.133e-01 1.061e+05
1.071e-01 1.090e+05
1.111e-01 1.081e+05
1.065e-01 1.101e+05
2.517e-06 9.369e+03
8.913e-06 1.461e+04
1.012e-01 1.123e+05
1.807e-01 9.155e+04
1.032e-01 1.109e+05
1.970e-01 8.914e+04
1.043e-01 1.101e+05
2.660e-01 8.158e+04
9.954e-08 1.371e+04
1.044e-01 1.107e+05
1.101e-01 1.072e+05
1.122e-01 1.077e+05
1.069e-01 1.094e+05
1.120e-01 1.066e+05
1.081e-01 1.082e+05
1.119e-01 1.080e+05
1.102e-01 1.068e+05
1.284e-01 1.001e+05
1.105e-01 1.083e+05
2.155e-01 8.286e+04
1.098e-01 1.081e+05
1.002e-01 1.132e+05
9.991e-02 1.118e+05
2.459e-01 8.446e+04
1.043e-01 1.104e+05
1.961e-06 1.533e+04
1.075e-01 1.086e+05
1.062e-01 1.096e+05
1.183e-01 1.047e+05
1.095e-01 1.087e+05
1.223e-05 6.277e+03
1.192e-01 1.050e+05
1.130e-01 1.061e+05
1.074e-01 1.090e+05
1.117e-01 1.075e+05
1.123e-01 1.076e+05
1.817e-01 9.104e+04
1.064e-01 1.096e+05
1.623e-01 9.411e+04
1.162e-01 1.050e+05
1.137e-01 1.067e+05
2.048e-01 8.826e+04
1.091e-01 1.075e+05
1.515e-01 9.510e+04
2.216e-06 1.112e+04
1.078e-01 1.093e+05
1.122e-01 1.074e+05
1.042e-01 1.108e+05
1.133e-01 1.064e+05
1.088e-01 1.083e+05
1.165e-01 1.050e+05
1.071e-01 1.095e+05
3.899e-06 9.799e+03
9.869e-02 1.139e+05
1.067e-01 1.096e+05
1.097e-01 1.076e+05
6.586e-06 2.244e+04
1.564e-01 9.615e+04
1.068e-01 1.094e+05
1.082e-01 1.089e+05
2.489e-01 8.336e+04
1.205e-01 1.040e+05
1.054e-01 1.092e+05
1.042e-01 1.103e+05
1.019e-01 1.115e+05
1.297e-01 1.010e+05
2.219e-01 8.492e+04
1.008e-01 1.121e+05
1.121e-01 1.069e+05
1.020e-01 1.114e+05
1.038e-01 1.101e+05
1.094e-01 1.084e+05
1.691e-01 9.293e+04
1.071e-01 1.086e+05
1.984e-01 8.704e+04
1.085e-01 1.082e+05
2.641e-01 7.259e+04
1.045e-01 1.101e+05
1.161e-01 1.050e+05
1.023e-01 1.120e+05
1.184e-01 1.052e+05
1.014e-01 1.122e+05
2.696e-01 8.368e+04
1.070e-01 1.089e+05
1.081e-01 1.089e+05
1.134e-01 1.072e+05
1.091e-01 1.079e+05
1.027e-01 1.117e+05
1.098e-01 1.084e+05
9.982e-02 1.120e+05
1.336e-01 9.845e+04
3.969e-06 9.787e+03
1.058e-01 1.101e+05
1.127e-01 1.068e+05
2.165e-01 8.666e+04
2.468e-01 8.331e+04
1.199e-01 1.036e+05
1.562e-01 9.543e+04
1.153e-01 1.066e+05
2.118e-01 8.540e+04
1.052e-01 1.099e+05
1.275e-01 1.026e+05
1.608e-01 9.465e+04
1.101e-01 1.081e+05
1.361e-01 9.898e+04
1.031e-01 1.113e+05
1.019e-01 1.114e+05
1.071e-01 1.091e+05
1.043e-01 1.112e+05
1.101e-01 1.073e+05
1.093e-01 1.086e+05
2.231e-01 8.407e+04
1.138e-01 1.064e+05
1.727e-01 9.276e+04
1.006e-01 1.128e+05
1.953e-01 8.813e+04
1.097e-01 1.077e+05
1.103e-01 1.080e+05
1.062e-01 1.095e+05
2.566e-01 8.245e+04
1.090e-01 1.076e+05
1.151e-01 1.046e+05
2.510e-01 8.260e+04
1.306e-01 1.011e+05
1.074e-01 1.090e+05
1.037e-01 1.108e+05
2.927e-01 8.069e+04
1.217e-01 1.045e+05
1.204e-07 7.800e+03
1.039e-01 1.103e+05
1.153e-01 1.056e+05
1.057e-01 1.096e+05
1.159e-01 1.060e+05
1.093e-01 1.085e+05
2.564e-01 8.280e+04
2.190e-01 8.312e+04
1.896e-01 8.923e+04
1.090e-01 1.090e+05
1.197e-01 1.042e+05
1.070e-01 1.089e+05
1.001e-01 1.128e+05
1.032e-01 1.102e+05
1.073e-01 1.091e+05
1.148e-01 1.054e+05
1.918e-01 8.957e+04
1.006e-01 1.128e+05
1.196e-01 1.046e+05
1.946e-01 8.763e+04
3.022e-01 7.560e+04
2.462e-01 8.503e+04
1.065e-01 1.098e+05
2.140e-01 8.709e+04
1.427e-01 9.870e+04
1.454e-01 9.700e+04
2.173e-01 8.618e+04
1.026e-01 1.111e+05
1.235e-01 1.019e+05
9.094e-06 8.577e+03
1.134e-01 1.063e+05
7.620e-06 2.646e+04
1.944e-01 8.874e+04
1.039e-01 1.096e+05
2.020e-01 8.730e+04
2.310e-01 8.267e+04
1.215e-01 1.037e+05
1.079e-01 1.092e+05
1.093e-01 1.072e+05
2.146e-01 8.434e+04
1.086e-01 1.089e+05
1.441e-01 9.712e+04
1.129e-01 1.064e+05
9.922e-02 1.129e+05
1.118e-01 1.072e+05
2.885e-01 8.093e+04
1.118e-01 1.076e+05
1.048e-01 1.100e+05
1.116e-01 1.074e+05
1.060e-01 1.093e+05
1.017e-01 1.123e+05
1.051e-01 1.097e+05
1.919e-01 9.013e+04
9.092e-07 5.438e+03
1.070e-01 1.092e+05
1.095e-01 1.085e+05
1.102e-01 1.075e+05
2.595e-01 8.061e+04
1.958e-01 8.875e+04
1.136e-01 1.058e+05
1.119e-01 1.072e+05
2.444e-01 8.239e+04
1.289e-01 1.019e+05
1.044e-01 1.104e+05
1.036e-01 1.110e+05
1.034e-01 1.105e+05
2.658e-01 7.974e+04
1.162e-01 1.053e+05
1.217e-01 1.027e+05
1.227e-01 1.028e+05
1.076e-01 1.090e+05
1.085e-01 1.079e+05
1.010e-01 1.117e+05
1.053e-01 1.094e+05
1.035e-01 1.107e+05
1.187e-01 1.034e+05
1.246e-01 1.023e+05
3.007e-01 7.836e+04
1.132e-01 1.066e+05
1.020e-01 1.120e+05
1.075e-01 1.093e+05
1.067e-01 1.099e+05
5.523e-06 1.140e+04
1.138e-01 1.065e+05
1.088e-01 1.089e+05
1.149e-01 1.069e+05
1.080e-01 1.083e+05
1.246e-01 1.022e+05
1.139e-01 1.065e+05
1.080e-01 1.088e+05
1.101e-01 1.085e+05
1.600e-01 9.364e+04
1.390e-01 9.882e+04
1.036e-01 1.107e+05
1.034e-01 1.097e+05
2.645e-01 7.506e+04
1.037e-01 1.113e+05
1.482e-01 9.692e+04
1.072e-01 1.087e+05
1.105e-01 1.075e+05
2.220e-01 8.569e+04
3.215e-01 7.678e+04
1.235e-01 1.031e+05
2.127e-01 8.482e+04
1.130e-01 1.055e+05
1.143e-01 1.057e+05
1.195e-01 1.043e+05
1.200e-01 1.053e+05
1.073e-01 1.089e+05
1.092e-01 1.080e+05
1.185e-01 1.040e+05
1.212e-01 1.049e+05
2.562e-06 1.018e+04
1.656e-01 9.251e+04
1.086e-01 1.083e+05
1.238e-01 1.036e+05
1.123e-01 1.074e+05
1.564e-01 9.412e+04
1.095e-01 1.084e+05
9.856e-02 1.135e+05
1.050e-01 1.095e+05
1.399e-01 9.848e+04
1.701e-01 9.205e+04
3.656e-06 5.999e+03
1.994e-01 8.790e+04
1.906e-01 8.842e+04
1.401e-06 1.758e+04
1.047e-01 1.107e+05
1.094e-01 1.082e+05
1.179e-01 1.047e+05
1.046e-01 1.101e+05
2.457e-01 8.115e+04
1.115e-01 1.078e+05
1.185e-01 1.051e+05
1.187e-01 1.047e+05
1.364e-01 1.002e+05
3.402e-01 7.664e+04
1.027e-01 1.116e+05
2.165e-01 8.570e+04
1.110e-01 1.079e+05
1.014e-01 1.126e+05
1.124e-01 1.073e+05
1.043e-01 1.103e+05
1.014e-01 1.119e+05
3.101e-01 7.732e+04
1.072e-01 1.082e+05
1.161e-01 1.052e+05
1.107e-01 1.067e+05
1.129e-06 1.641e+03
1.100e-01 1.079e+05
1.174e-01 1.056e+05
1.080e-01 1.087e+05
1.889e-01 9.023e+04
1.194e-01 1.037e+05
1.077e-01 1.088e+05
1.080e-01 1.099e+05
1.295e-05 2.738e+04
1.778e-01 9.087e+04
1.807e-01 9.097e+04
1.133e-01 1.064e+05
1.059e-01 1.096e+05
1.057e-01 1.106e+05
1.130e-01 1.065e+05
1.123e-01 1.072e+05
1.048e-01 1.108e+05
1.113e-01 1.067e+05
1.144e-01 1.063e+05
1.035e-01 1.103e+05
1.066e-01 1.097e+05
1.001e-01 1.124e+05
1.446e-01 9.757e+04
2.185e-01 8.473e+04
1.056e-01 1.092e+05
1.081e-01 1.090e+05
1.045e-01 1.107e+05
1.365e-01 9.940e+04
1.043e-01 1.106e+05
1.214e-01 1.033e+05
1.005e-01 1.118e+05
1.116e-01 1.070e+05
1.684e-01 9.280e+04
1.090e-01 1.080e+05
1.661e-01 9.367e+04
1.145e-01 1.058e+05
1.031e-01 1.103e+05
1.077e-01 1.094e+05
1.095e-01 1.084e+05
2.981e-01 7.689e+04
1.080e-01 1.097e+05
1.076e-01 1.078e+05
9.988e-02 1.131e+05
3.499e-06 7.209e+03
1.050e-01 1.103e+05
2.304e-01 8.116e+04
1.114e-01 1.075e+05
1.039e-01 1.111e+05
2.060e-01 8.683e+04
1.123e-01 1.069e+05
1.048e-01 1.105e+05
2.775e-01 7.292e+04
2.298e-01 8.382e+04
2.884e-01 8.154e+04
1.024e-01 1.110e+05
1.103e-01 1.073e+05
1.098e-01 1.084e+05
2.173e-01 8.525e+04
1.153e-01 1.061e+05
1.062e-01 1.092e+05
2.156e-01 8.332e+04
9.721e-02 1.146e+05
1.085e-01 1.078e+05
1.213e-06 1.744e+04
1.096e-01 1.085e+05
1.123e-01 1.063e+05
1.118e-01 1.065e+05
2.897e-01 7.595e+04
2.710e-01 7.877e+04
1.116e-01 1.078e+05
1.511e-01 9.605e+04
1.101e-01 1.080e+05
1.022e-01 1.106e+05
2.589e-01 8.105e+04
1.103e-01 1.076e+05
1.093e-01 1.078e+05
1.182e-01 1.038e+05
1.010e-01 1.122e+05
9.705e-02 1.142e+05
1.223e-01 1.031e+05
1.105e-01 1.083e+05
1.050e-01 1.110e+05
2.569e-01 8.240e+04
1.879e-01 8.808e+04
1.166e-01 1.062e+05
1.081e-01 1.093e+05
1.125e-01 1.075e+05
2.260e-01 8.656e+04
1.020e-01 1.108e+05
1.115e-01 1.073e+05
1.036e-01 1.109e+05
1.078e-01 1.080e+05
1.027e-01 1.114e+05
1.110e-01 1.077e+05
1.034e-01 1.098e+05
1.054e-01 1.093e+05
1.083e-01 1.087e+05
1.166e-01 1.045e+05
1.059e-01 1.106e+05
1.074e-01 1.094e+05
2.721e-01 8.155e+04
5.140e-06 1.090e+04
1.859e-01 8.815e+04
1.038e-01 1.102e+05
1.217e-01 1.032e+05
2.108e-01 8.636e+04
1.645e-01 9.213e+04
1.151e-01 1.056e+05
1.757e-01 9.028e+04
1.151e-01 1.066e+05
7.145e-07 7.615e+03
1.529e-01 9.575e+04
1.730e-01 9.078e+04
1.571e-01 9.266e+04
1.253e-05 9.028e+03
1.071e-01 1.088e+05
1.058e-01 1.102e+05
1.113e-01 1.071e+05
1.073e-01 1.096e+05
1.037e-01 1.100e+05
2.266e-01 8.600e+04
1.763e-01 9.164e+04
1.157e-01 1.057e+05
1.238e-01 1.031e+05
1.051e-01 1.098e+05
9.950e-02 1.122e+05
1.129e-01 1.065e+05
1.115e-01 1.066e+05
3.503e-06 7.703e+03
1.117e-01 1.077e+05
1.040e-01 1.099e+05
1.498e-01 9.496e+04
1.614e-01 9.246e+04
9.655e-02 1.146e+05
1.750e-01 9.188e+04
1.065e-01 1.097e+05
3.014e-01 8.014e+04
1.339e-01 1.002e+05
1.148e-01 1.062e+05
1.162e-01 1.055e+05
1.086e-01 1.082e+05
1.053e-01 1.100e+05
1.012e-01 1.115e+05
1.042e-01 1.102e+05
9.229e-07 2.036e+04
1.120e-01 1.067e+05
1.099e-01 1.086e+05
1.787e-01 8.919e+04
2.365e-01 8.466e+04
1.103e-01 1.067e+05
9.933e-02 1.134e+05
4.833e-06 7.522e+03
1.520e-01 9.540e+04
1.126e-01 1.068e+05
1.165e-01 1.050e+05
1.008e-01 1.117e+05
1.825e-01 8.973e+04
1.080e-01 1.092e+05
1.043e-01 1.111e+05
1.726e-01 9.146e+04
1.439e-01 9.593e+04
1.021e-01 1.118e+05
1.099e-01 1.081e+05
1.070e-01 1.100e+05
1.567e-01 9.358e+04
1.055e-01 1.100e+05
1.128e-01 1.064e+05
1.128e-01 1.067e+05
2.466e-01 8.210e+04
1.038e-01 1.107e+05
2.291e-01 8.618e+04
2.228e-01 8.619e+04
1.177e-01 1.048e+05
1.035e-01 1.108e+05
1.168e-01 1.055e+05
1.194e-01 1.051e+05
1.037e-01 1.105e+05
9.928e-02 1.136e+05
3.118e-01 7.870e+04
1.327e-01 1.005e+05
1.041e-01 1.110e+05
4.370e-06 9.652e+03
1.070e-01 1.089e+05
1.109e-01 1.074e+05
1.066e-01 1.089e+05
1.131e-01 1.068e+05
1.033e-01 1.116e+05
1.097e-01 1.081e+05
1.084e-01 1.087e+05
1.127e-01 1.063e+05
1.023e-01 1.116e+05
9.999e-02 1.129e+05
1.089e-01 1.082e+05
1.186e-01 1.046e+05
1.147e-01 1.064e+05
1.061e-01 1.094e+05
1.045e-01 1.101e+05
1.164e-01 1.043e+05
1.096e-01 1.082e+05
1.026e-01 1.115e+05
1.032e-01 1.113e+05
9.894e-02 1.128e+05
1.003e-01 1.120e+05
1.084e-01 1.090e+05
1.819e-01 8.978e+04
1.541e-01 9.481e+04
1.393e-01 9.640e+04
1.013e-01 1.119e+05
2.336e-01 8.412e+04
1.065e-01 1.089e+05
1.144e-01 1.069e+05
1.009e-01 1.118e+05
1.352e-01 9.899e+04
1.079e-01 1.097e+05
1.031e-01 1.106e+05
2.293e-01 8.536e+04
1.842e-01 9.052e+04
1.041e-01 1.113e+05
1.534e-01 9.648e+04
1.147e-01 1.058e+05
2.295e-06 8.034e+03
1.174e-01 1.052e+05
1.094e-01 1.079e+05
2.087e-01 8.884e+04
2.475e-01 8.393e+04
1.084e-01 1.090e+05
1.082e-01 1.097e+05
1.138e-01 1.068e+05
1.234e-01 1.036e+05
1.074e-01 1.090e+05
1.060e-01 1.097e+05
1.556e-01 9.519e+04
1.142e-01 1.057e+05
9.713e-02 1.141e+05
1.151e-01 1.057e+05
1.120e-01 1.063e+05
1.218e-01 1.031e+05
1.127e-01 1.059e+05
2.149e-01 8.675e+04
1.346e-01 9.865e+04
1.001e-01 1.131e+05
1.443e-01 9.686e+04
1.033e-01 1.116e+05
1.086e-01 1.089e+05
4.237e-07 1.615e+03
1.089e-01 1.084e+05
1.187e-01 1.058e+05
1.037e-01 1.109e+05
1.118e-01 1.075e+05
1.179e-01 1.050e+05
1.126e-01 1.070e+05
9.680e-02 1.139e+05
1.101e-01 1.084e+05
1.154e-01 1.059e+05
1.086e-01 1.084e+05
2.692e-01 8.177e+04
2.345e-01 7.934e+04
1.062e-01 1.096e+05
1.053e-01 1.104e+05
1.137e-01 1.059e+05
1.197e-01 1.035e+05
1.052e-01 1.095e+05
1.194e-01 1.041e+05
1.150e-01 1.050e+05
1.099e-05 2.314e+04
1.751e-01 9.044e+04
2.625e-01 8.344e+04
1.801e-06 1.448e+04
1.080e-01 1.073e+05
1.094e-01 1.072e+05
1.172e-01 1.050e+05
1.553e-01 9.540e+04
2.559e-01 8.210e+04
2.588e-01 8.431e+04
1.917e-01 8.988e+04
1.337e-01 9.999e+04
9.830e-02 1.134e+05
2.213e-01 8.700e+04
1.257e-01 1.022e+05
2.638e-01 8.256e+04
1.223e-01 1.035e+05
2.270e-01 8.614e+04
