1.641e-01 1.460e+05
8.757e-02 1.524e+05
1.162e-05 2.054e+04
1.083e-01 1.495e+05
1.153e-01 1.503e+05
2.147e-06 2.877e+04
1.013e-06 1.380e+04
9.836e-02 1.466e+05
7.069e-02 1.515e+05
4.979e-06 1.125e+03
1.782e-06 8.477e+03
1.585e-01 1.479e+05
2.516e-01 1.455e+05
1.865e-01 1.474e+05
9.511e-02 1.431e+05
1.189e-01 1.516e+05
1.123e-01 1.516e+05
1.784e-01 1.483e+05
1.002e-01 1.532e+05
2.845e-01 1.457e+05
7.475e-02 1.543e+05
1.272e-01 1.502e+05
1.655e-01 1.490e+05
1.134e-01 1.510e+05
1.301e-01 1.475e+05
5.691e-06 2.886e+04
5.220e-06 1.654e+04
2.279e-01 1.442e+05
7.083e-02 1.516e+05
2.311e-01 1.447e+05
1.872e-01 1.504e+05
3.711e-01 1.463e+05
1.200e-01 1.501e+05
1.171e-01 1.514e+05
7.386e-02 1.519e+05
6.284e-02 1.440e+05
1.614e-01 1.474e+05
3.441e-01 1.436e+05
1.135e-05 7.265e+03
1.047e-01 1.508e+05
5.218e-01 1.219e+05
2.791e-01 1.419e+05
1.179e-01 1.502e+05
2.200e-01 1.440e+05
2.150e-01 1.398e+05
7.580e-02 1.546e+05
1.528e-01 1.502e+05
1.107e-01 1.484e+05
1.842e-06 8.197e+03
2.121e-01 1.406e+05
1.419e-01 1.488e+05
1.239e-01 1.498e+05
9.228e-02 1.487e+05
4.437e-06 4.451e+04
1.408e-01 1.489e+05
4.019e-01 1.456e+05
8.895e-02 1.522e+05
1.495e-01 1.487e+05
1.733e-01 1.471e+05
1.526e-01 1.501e+05
2.947e-01 1.431e+05
1.564e-01 1.483e+05
2.514e-01 1.428e+05
9.838e-02 1.509e+05
1.098e-01 1.502e+05
1.023e-01 1.531e+05
1.562e-01 1.451e+05
1.244e-05 9.861e+03
6.651e-02 1.482e+05
1.193e-01 1.510e+05
1.777e-01 1.477e+05
1.751e-01 1.500e+05
1.982e-01 1.430e+05
5.800e-01 1.317e+05
1.023e-01 1.484e+05
1.721e-01 1.444e+05
1.465e-01 1.493e+05
2.301e-01 1.462e+05
1.842e-01 1.480e+05
2.978e-01 1.478e+05
1.276e-01 1.508e+05
1.274e-01 1.493e+05
1.611e-01 1.477e+05
1.216e-01 1.447e+05
6.941e-02 1.561e+05
1.914e-01 1.474e+05
4.599e-06 1.051e+04
1.536e-01 1.476e+05
1.477e-01 1.496e+05
4.026e-01 1.254e+05
1.000e-01 1.533e+05
2.865e-01 1.313e+05
2.604e-06 6.447e+04
2.709e-01 1.445e+05
5.330e-01 1.465e+05
2.090e-01 1.478e+05
2.107e-01 1.455e+05
1.879e-01 1.485e+05
1.808e-07 4.648e+04
1.780e-01 1.457e+05
3.795e-07 2.701e+04
8.672e-02 1.528e+05
1.906e-06 3.573e+04
1.285e-01 1.497e+05
1.387e-01 1.504e+05
1.835e-01 1.447e+05
2.409e-06 2.202e+04
3.087e-01 1.451e+05
1.451e-01 1.487e+05
3.216e-01 1.474e+05
1.703e-05 1.532e+04
1.547e-01 1.477e+05
1.563e-01 1.463e+05
1.202e-01 1.514e+05
1.472e-01 1.486e+05
1.445e-01 1.486e+05
1.738e-01 1.478e+05
1.205e-01 1.498e+05
1.858e-01 1.459e+05
8.214e-02 1.543e+05
1.179e-01 1.507e+05
1.825e-01 1.471e+05
9.366e-02 1.496e+05
4.727e-06 3.800e+04
8.533e-02 1.522e+05
1.745e-01 1.486e+05
2.605e-01 1.474e+05
2.199e-01 1.465e+05
9.443e-02 1.515e+05
2.017e-06 6.818e+03
9.083e-02 1.493e+05
1.085e-01 1.512e+05
9.626e-02 1.528e+05
3.212e-01 1.430e+05
1.046e-01 1.507e+05
1.234e-01 1.516e+05
1.475e-01 1.462e+05
9.125e-02 1.534e+05
2.741e-01 1.483e+05
8.938e-07 5.921e+03
2.336e-01 1.450e+05
1.735e-01 1.445e+05
7.926e-02 1.486e+05
2.441e-01 1.460e+05
1.381e-01 1.505e+05
2.400e-01 1.438e+05
1.685e-01 1.484e+05
1.188e-01 1.460e+05
1.917e-01 1.475e+05
6.360e-02 1.455e+05
3.426e-01 1.386e+05
2.459e-01 1.454e+05
1.371e-01 1.499e+05
7.289e-02 1.529e+05
1.524e-01 1.491e+05
1.412e-01 1.491e+05
1.300e-01 1.505e+05
1.126e-01 1.506e+05
1.387e-01 1.484e+05
9.583e-02 1.532e+05
1.463e-01 1.483e+05
1.663e-01 1.490e+05
6.253e-02 1.505e+05
2.966e-01 1.397e+05
1.479e-01 1.456e+05
1.502e-01 1.490e+05
1.798e-01 1.398e+05
1.906e-01 1.500e+05
4.070e-07 9.141e+03
4.828e-01 1.394e+05
2.809e-01 1.408e+05
1.251e-01 1.499e+05
2.624e-01 1.415e+05
1.409e-05 3.528e+04
1.236e-01 1.492e+05
1.811e-01 1.469e+05
6.868e-02 1.559e+05
1.010e-01 1.522e+05
7.485e-06 1.741e+03
3.490e-01 1.450e+05
1.013e-01 1.520e+05
9.576e-02 1.517e+05
3.591e-06 1.777e+04
9.894e-02 1.474e+05
1.583e-01 1.490e+05
4.317e-06 1.637e+04
1.662e-01 1.473e+05
2.358e-01 1.456e+05
1.385e-01 1.445e+05
1.571e-01 1.482e+05
1.053e-01 1.512e+05
1.501e-01 1.486e+05
1.962e-01 1.456e+05
2.143e-01 1.433e+05
2.284e-01 1.435e+05
1.148e-01 1.500e+05
2.468e-01 1.457e+05
9.644e-02 1.472e+05
1.351e-01 1.490e+05
5.976e-06 4.660e+04
2.445e-01 1.444e+05
1.396e-01 1.492e+05
1.949e-01 1.448e+05
2.760e-01 1.400e+05
1.545e-01 1.483e+05
1.959e-01 1.466e+05
2.169e-01 1.456e+05
2.447e-01 1.435e+05
1.425e-01 1.439e+05
2.642e-01 1.434e+05
4.721e-01 1.441e+05
1.062e-01 1.505e+05
6.020e-06 5.081e+04
1.916e-01 1.475e+05
1.164e-01 1.509e+05
6.994e-07 2.297e+04
9.538e-02 1.507e+05
1.550e-01 1.490e+05
1.442e-01 1.490e+05
1.024e-01 1.512e+05
5.694e-06 8.497e+03
3.501e-01 1.455e+05
1.090e-01 1.519e+05
2.150e-01 1.433e+05
1.819e-01 1.473e+05
1.302e-01 1.493e+05
1.015e-01 1.522e+05
1.608e-01 1.483e+05
2.037e-06 3.579e+04
4.607e-01 1.435e+05
1.545e-01 1.482e+05
5.401e-02 1.470e+05
1.287e-01 1.456e+05
1.828e-01 1.476e+05
1.703e-01 1.438e+05
1.983e-06 1.022e+04
1.443e-05 2.511e+04
1.753e-01 1.479e+05
3.378e-06 1.416e+04
2.844e-01 1.440e+05
1.050e-01 1.511e+05
9.149e-06 1.737e+04
1.173e-01 1.448e+05
8.264e-02 1.525e+05
1.095e-01 1.503e+05
1.326e-01 1.509e+05
2.340e-06 1.541e+04
1.056e-01 1.510e+05
6.610e-06 1.813e+04
1.807e-05 2.330e+03
1.639e-01 1.485e+05
1.967e-01 1.476e+05
9.409e-02 1.538e+05
4.941e-06 3.876e+04
1.790e-07 4.204e+04
1.641e-01 1.486e+05
1.575e-01 1.452e+05
5.488e-01 1.428e+05
1.203e-01 1.510e+05
7.829e-02 1.541e+05
1.367e-01 1.491e+05
2.108e-01 1.493e+05
3.408e-01 1.479e+05
2.147e-01 1.451e+05
1.220e-01 1.443e+05
1.098e-01 1.523e+05
8.456e-02 1.524e+05
1.911e-01 1.486e+05
2.079e-01 1.483e+05
2.319e-06 4.393e+04
1.492e-01 1.489e+05
8.299e-07 1.329e+04
1.367e-01 1.484e+05
9.189e-02 1.528e+05
3.981e-07 5.022e+04
5.444e-07 1.387e+04
2.221e-01 1.480e+05
8.112e-02 1.541e+05
2.656e-01 1.409e+05
4.244e-01 1.439e+05
3.013e-01 1.383e+05
1.450e-01 1.448e+05
1.360e-01 1.488e+05
3.367e-01 1.446e+05
2.052e-01 1.455e+05
1.417e-01 1.493e+05
2.280e-01 1.415e+05
1.113e-01 1.484e+05
2.087e-06 2.380e+04
7.840e-02 1.556e+05
7.319e-02 1.551e+05
8.646e-02 1.531e+05
3.125e-01 1.456e+05
1.969e-01 1.492e+05
1.034e-01 1.473e+05
1.472e-01 1.500e+05
9.790e-02 1.516e+05
1.674e-01 1.487e+05
9.227e-02 1.489e+05
1.136e-01 1.504e+05
8.027e-02 1.524e+05
1.003e-01 1.466e+05
2.497e-01 1.405e+05
4.086e-06 1.325e+04
1.966e-01 1.447e+05
2.836e-01 1.424e+05
7.290e-02 1.544e+05
1.988e-01 1.491e+05
2.271e-06 1.132e+04
9.954e-02 1.451e+05
1.131e-01 1.512e+05
1.310e-01 1.496e+05
7.380e-02 1.557e+05
7.494e-02 1.485e+05
1.136e-01 1.502e+05
1.927e-07 1.449e+04
1.025e-01 1.514e+05
1.027e-01 1.525e+05
1.059e-01 1.506e+05
1.462e-01 1.464e+05
1.178e-01 1.445e+05
1.514e-01 1.491e+05
9.243e-02 1.534e+05
8.065e-02 1.530e+05
4.607e-01 1.464e+05
3.920e-01 1.460e+05
2.460e-01 1.462e+05
1.748e-05 5.415e+04
1.629e-01 1.484e+05
1.200e-01 1.505e+05
5.094e-01 1.357e+05
2.434e-01 1.436e+05
1.847e-01 1.475e+05
2.679e-01 1.442e+05
3.102e-01 1.440e+05
3.412e-01 1.404e+05
2.431e-01 1.462e+05
1.909e-01 1.451e+05
1.736e-01 1.424e+05
2.204e-06 1.420e+04
1.998e-01 1.423e+05
9.367e-02 1.529e+05
8.062e-02 1.543e+05
1.532e-01 1.482e+05
9.883e-02 1.498e+05
2.513e-01 1.423e+05
1.331e-01 1.491e+05
7.876e-02 1.537e+05
9.037e-02 1.520e+05
1.518e-01 1.429e+05
1.241e-01 1.473e+05
1.168e-01 1.501e+05
1.656e-06 2.657e+03
1.682e-01 1.425e+05
1.214e-01 1.503e+05
1.371e-01 1.504e+05
1.089e-01 1.514e+05
1.328e-01 1.424e+05
1.445e-01 1.501e+05
1.467e-01 1.437e+05
1.493e-01 1.420e+05
1.099e-01 1.502e+05
9.038e-02 1.525e+05
1.720e-01 1.488e+05
1.368e-01 1.493e+05
2.698e-06 1.427e+04
2.729e-06 4.728e+04
9.489e-02 1.490e+05
1.426e-01 1.490e+05
3.174e-01 1.465e+05
1.692e-07 3.222e+04
1.093e-01 1.524e+05
1.733e-01 1.461e+05
1.132e-06 3.194e+04
1.518e-01 1.494e+05
1.760e-01 1.466e+05
8.937e-02 1.534e+05
2.228e-01 1.413e+05
1.725e-01 1.476e+05
1.981e-06 1.313e+04
1.285e-01 1.488e+05
1.458e-01 1.497e+05
1.335e-01 1.506e+05
1.589e-01 1.492e+05
8.058e-02 1.549e+05
1.241e-01 1.500e+05
2.197e-01 1.445e+05
7.708e-02 1.551e+05
1.531e-01 1.489e+05
1.062e-01 1.442e+05
1.919e-01 1.442e+05
2.384e-01 1.426e+05
4.339e-01 1.425e+05
1.729e-07 3.740e+03
1.748e-01 1.446e+05
1.291e-01 1.491e+05
1.753e-01 1.370e+05
1.471e-06 2.420e+04
1.298e-01 1.504e+05
1.834e-01 1.478e+05
1.159e-01 1.455e+05
9.724e-02 1.522e+05
3.526e-01 1.405e+05
1.312e-01 1.496e+05
1.254e-01 1.496e+05
2.167e-01 1.464e+05
7.339e-02 1.546e+05
4.336e-07 3.724e+04
4.033e-06 4.624e+04
9.273e-02 1.517e+05
4.220e-01 1.219e+05
1.609e-01 1.488e+05
7.713e-02 1.536e+05
1.477e-01 1.484e+05
6.576e-06 5.207e+04
1.252e-01 1.486e+05
9.386e-02 1.521e+05
1.209e-01 1.517e+05
1.013e-05 3.511e+04
9.244e-02 1.484e+05
1.169e-01 1.502e+05
8.538e-02 1.514e+05
9.021e-06 3.851e+04
2.669e-01 1.427e+05
2.214e-06 8.912e+03
1.668e-01 1.480e+05
1.363e-01 1.496e+05
1.934e-01 1.440e+05
7.772e-02 1.539e+05
2.214e-01 1.428e+05
9.080e-02 1.520e+05
1.127e-01 1.515e+05
1.088e-01 1.504e+05
9.574e-02 1.517e+05
1.243e-01 1.468e+05
8.963e-02 1.541e+05
7.273e-07 3.123e+04
8.454e-02 1.549e+05
1.311e-06 2.634e+04
1.470e-01 1.487e+05
1.522e-01 1.483e+05
1.755e-01 1.438e+05
2.915e-01 1.429e+05
1.682e-01 1.460e+05
1.679e-01 1.484e+05
2.023e-01 1.428e+05
1.417e-01 1.502e+05
2.574e-01 1.450e+05
1.217e-01 1.508e+05
1.230e-01 1.495e+05
1.178e-01 1.506e+05
3.322e-01 1.452e+05
7.569e-02 1.550e+05
1.976e-01 1.427e+05
4.782e-01 1.464e+05
1.605e-01 1.484e+05
1.181e-05 3.452e+04
1.412e-01 1.492e+05
1.030e-01 1.520e+05
1.295e-01 1.508e+05
1.782e-01 1.488e+05
3.027e-01 1.426e+05
1.521e-01 1.465e+05
1.499e-01 1.478e+05
1.063e-01 1.523e+05
2.435e-01 1.454e+05
2.809e-01 1.426e+05
2.671e-01 1.471e+05
1.606e-01 1.450e+05
9.338e-02 1.476e+05
2.203e-01 1.427e+05
1.015e-01 1.519e+05
7.684e-02 1.551e+05
1.651e-01 1.479e+05
1.710e-01 1.483e+05
1.403e-01 1.496e+05
7.593e-02 1.547e+05
2.035e-01 1.434e+05
1.279e-01 1.449e+05
1.515e-01 1.489e+05
1.219e-01 1.493e+05
2.056e-06 1.271e+04
8.150e-02 1.542e+05
2.224e-06 5.302e+04
1.038e-01 1.522e+05
1.256e-01 1.493e+05
1.897e-06 4.576e+04
1.624e-01 1.480e+05
1.707e-01 1.473e+05
1.140e-01 1.513e+05
1.790e-01 1.472e+05
1.709e-01 1.489e+05
1.605e-01 1.482e+05
8.744e-02 1.524e+05
1.251e-01 1.506e+05
2.331e-01 1.434e+05
1.097e-01 1.507e+05
9.050e-02 1.530e+05
9.258e-02 1.527e+05
4.607e-01 1.421e+05
1.793e-01 1.501e+05
3.556e-01 1.419e+05
2.677e-06 1.245e+04
1.149e-01 1.457e+05
1.009e-01 1.511e+05
3.031e-01 1.457e+05
2.006e-01 1.456e+05
6.202e-02 1.478e+05
9.513e-02 1.484e+05
1.346e-01 1.426e+05
4.204e-01 1.214e+05
3.170e-01 1.221e+05
7.797e-02 1.545e+05
1.384e-01 1.489e+05
1.532e-01 1.481e+05
2.984e-01 1.483e+05
8.358e-02 1.535e+05
1.359e-01 1.492e+05
4.038e-01 1.420e+05
5.096e-01 1.440e+05
2.639e-01 1.456e+05
2.160e-01 1.494e+05
1.998e-01 1.464e+05
1.374e-01 1.431e+05
8.142e-02 1.551e+05
7.918e-02 1.543e+05
1.766e-01 1.475e+05
1.041e-01 1.448e+05
3.149e-01 1.436e+05
1.150e-01 1.502e+05
3.042e-01 1.419e+05
9.672e-02 1.520e+05
1.584e-01 1.471e+05
1.375e-01 1.498e+05
3.642e-01 1.430e+05
1.205e-01 1.506e+05
1.631e-01 1.441e+05
1.527e-01 1.483e+05
1.565e-01 1.461e+05
2.542e-01 1.477e+05
2.450e-06 1.883e+04
2.559e-01 1.471e+05
9.544e-06 1.748e+04
1.701e-01 1.443e+05
1.755e-01 1.485e+05
7.705e-07 2.569e+04
1.134e-01 1.521e+05
1.170e-05 9.039e+03
1.081e-01 1.526e+05
4.632e-01 1.432e+05
1.171e-01 1.516e+05
9.552e-02 1.515e+05
2.846e-05 2.254e+04
1.884e-01 1.466e+05
1.173e-05 4.502e+04
2.073e-01 1.427e+05
1.688e-01 1.480e+05
1.168e-01 1.520e+05
1.679e-01 1.477e+05
1.908e-01 1.471e+05
1.309e-01 1.506e+05
1.400e-01 1.458e+05
1.817e-01 1.481e+05
1.182e-01 1.517e+05
1.696e-01 1.490e+05
1.310e-07 5.622e+04
1.249e-01 1.508e+05
1.203e-01 1.510e+05
1.798e-01 1.478e+05
2.930e-01 1.482e+05
1.283e-01 1.431e+05
1.510e-01 1.485e+05
3.611e-01 1.429e+05
1.253e-01 1.490e+05
3.991e-01 1.394e+05
2.567e-01 1.459e+05
1.948e-01 1.416e+05
1.727e-01 1.479e+05
3.462e-01 1.463e+05
1.879e-01 1.482e+05
7.187e-07 1.542e+04
2.745e-07 4.250e+04
8.147e-07 2.383e+04
2.661e-01 1.470e+05
1.430e-01 1.471e+05
1.312e-01 1.501e+05
1.927e-01 1.440e+05
1.104e-01 1.492e+05
2.077e-01 1.464e+05
1.100e-01 1.497e+05
5.088e-01 1.468e+05
1.389e-01 1.464e+05
1.335e-01 1.465e+05
2.722e-01 1.409e+05
5.111e-01 1.241e+05
1.691e-01 1.478e+05
1.284e-01 1.497e+05
7.954e-02 1.534e+05
6.952e-02 1.473e+05
1.805e-01 1.452e+05
1.452e-01 1.489e+05
1.305e-01 1.495e+05
6.197e-02 1.531e+05
1.006e-01 1.524e+05
8.265e-06 5.389e+03
1.283e-01 1.492e+05
8.413e-02 1.530e+05
1.334e-01 1.434e+05
2.103e-01 1.482e+05
1.100e-01 1.503e+05
1.686e-01 1.450e+05
8.930e-02 1.530e+05
1.348e-01 1.500e+05
2.057e-01 1.485e+05
1.124e-01 1.496e+05
1.008e-06 5.299e+04
1.134e-06 2.639e+04
1.463e-01 1.488e+05
2.030e-01 1.487e+05
2.765e-06 1.668e+04
2.498e-01 1.448e+05
1.275e-01 1.496e+05
1.593e-01 1.437e+05
9.999e-02 1.471e+05
9.768e-02 1.478e+05
1.968e-01 1.456e+05
1.018e-01 1.520e+05
1.287e-01 1.477e+05
7.595e-02 1.487e+05
1.243e-01 1.510e+05
1.579e-01 1.466e+05
3.584e-01 1.342e+05
8.461e-02 1.542e+05
2.617e-01 1.442e+05
1.044e-01 1.529e+05
1.264e-01 1.501e+05
1.312e-01 1.491e+05
2.119e-01 1.418e+05
1.928e-01 1.468e+05
1.625e-01 1.478e+05
4.583e-06 4.417e+03
1.522e-01 1.482e+05
1.008e-01 1.489e+05
1.266e-05 6.177e+04
3.405e-01 1.464e+05
2.574e-01 1.438e+05
3.896e-01 1.412e+05
6.535e-06 1.019e+04
4.441e-01 1.386e+05
1.302e-01 1.496e+05
9.105e-02 1.523e+05
1.148e-01 1.464e+05
7.623e-02 1.537e+05
2.518e-01 1.460e+05
4.219e-06 2.699e+04
2.333e-06 3.694e+04
6.427e-06 2.263e+04
3.033e-01 1.428e+05
9.773e-02 1.514e+05
1.568e-01 1.488e+05
1.069e-01 1.508e+05
1.424e-01 1.428e+05
4.426e-06 3.969e+04
1.862e-01 1.470e+05
1.565e-01 1.488e+05
1.486e-01 1.496e+05
1.475e-01 1.419e+05
2.054e-01 1.427e+05
1.531e-01 1.486e+05
1.376e-01 1.484e+05
4.122e-06 1.656e+04
1.142e-01 1.502e+05
1.431e-01 1.493e+05
1.099e-01 1.514e+05
1.504e-01 1.500e+05
1.142e-01 1.508e+05
1.780e-01 1.485e+05
5.544e-01 1.377e+05
9.078e-02 1.539e+05
7.036e-06 6.155e+03
9.313e-02 1.520e+05
7.613e-02 1.533e+05
3.284e-06 2.579e+04
6.540e-02 1.518e+05
1.623e-01 1.488e+05
1.658e-01 1.448e+05
1.629e-01 1.481e+05
9.343e-06 5.492e+04
6.424e-07 3.017e+04
1.876e-01 1.434e+05
2.497e-01 1.476e+05
2.222e-01 1.485e+05
1.037e-01 1.446e+05
1.556e-01 1.411e+05
5.031e-01 1.215e+05
1.632e-01 1.452e+05
8.136e-02 1.528e+05
6.354e-06 2.621e+04
1.356e-01 1.498e+05
1.645e-01 1.488e+05
2.317e-01 1.449e+05
1.592e-01 1.432e+05
1.974e-01 1.433e+05
6.209e-07 1.825e+04
1.106e-01 1.515e+05
2.792e-07 4.053e+04
1.534e-01 1.429e+05
1.054e-01 1.514e+05
1.141e-01 1.460e+05
9.532e-02 1.537e+05
2.238e-01 1.441e+05
2.668e-01 1.395e+05
2.087e-01 1.451e+05
1.145e-01 1.512e+05
1.736e-01 1.419e+05
3.139e-01 1.411e+05
1.494e-01 1.484e+05
1.525e-01 1.479e+05
6.422e-02 1.526e+05
1.691e-01 1.488e+05
2.990e-01 1.437e+05
1.840e-01 1.390e+05
9.340e-02 1.519e+05
3.661e-02 1.478e+05
8.588e-02 1.528e+05
1.840e-05 1.725e+04
1.447e-01 1.487e+05
1.662e-01 1.479e+05
8.531e-02 1.542e+05
1.633e-01 1.478e+05
1.921e-01 1.489e+05
1.621e-01 1.491e+05
1.071e-01 1.509e+05
2.245e-01 1.416e+05
1.329e-05 2.620e+04
9.838e-02 1.463e+05
7.287e-02 1.463e+05
3.388e-06 3.532e+04
9.925e-02 1.526e+05
1.593e-01 1.458e+05
1.655e-01 1.489e+05
1.783e-01 1.451e+05
1.066e-01 1.521e+05
1.108e-01 1.514e+05
2.081e-01 1.449e+05
7.728e-06 5.397e+04
1.630e-01 1.484e+05
1.317e-01 1.454e+05
1.276e-01 1.491e+05
1.042e-01 1.510e+05
5.482e-06 4.180e+04
1.818e-06 1.465e+04
1.297e-01 1.484e+05
1.748e-01 1.481e+05
2.452e-01 1.426e+05
2.113e-01 1.446e+05
1.212e-01 1.500e+05
5.076e-07 6.181e+04
1.315e-01 1.457e+05
1.133e-01 1.503e+05
1.003e-01 1.518e+05
2.441e-01 1.435e+05
1.282e-01 1.495e+05
3.663e-01 1.480e+05
2.250e-01 1.407e+05
1.793e-01 1.454e+05
2.043e-01 1.402e+05
1.051e-01 1.516e+05
1.169e-01 1.509e+05
2.771e-01 1.438e+05
1.087e-01 1.516e+05
1.416e-01 1.495e+05
2.464e-01 1.420e+05
1.319e-01 1.489e+05
3.789e-06 1.814e+04
1.458e-01 1.490e+05
1.206e-05 2.002e+04
1.010e-05 4.230e+03
1.158e-01 1.498e+05
3.704e-01 1.445e+05
1.648e-01 1.459e+05
2.617e-01 1.441e+05
7.413e-02 1.538e+05
9.192e-02 1.535e+05
1.123e-01 1.503e+05
1.096e-01 1.511e+05
1.153e-01 1.499e+05
1.814e-01 1.474e+05
8.718e-02 1.536e+05
5.047e-01 1.256e+05
2.616e-01 1.420e+05
2.088e-01 1.438e+05
8.054e-02 1.533e+05
9.798e-02 1.528e+05
7.648e-02 1.517e+05
1.360e-01 1.488e+05
1.330e-01 1.509e+05
1.392e-01 1.490e+05
1.019e-01 1.444e+05
1.385e-01 1.499e+05
1.651e-01 1.487e+05
5.167e-01 9.897e+04
9.958e-02 1.506e+05
4.652e-06 1.288e+04
9.841e-02 1.515e+05
1.349e-01 1.495e+05
1.097e-01 1.503e+05
1.813e-01 1.478e+05
1.022e-01 1.428e+05
1.535e-01 1.487e+05
8.935e-02 1.529e+05
1.761e-01 1.480e+05
1.525e-01 1.488e+05
1.541e-01 1.485e+05
1.299e-01 1.490e+05
4.906e-06 1.769e+04
1.236e-01 1.495e+05
1.367e-01 1.503e+05
2.937e-01 1.437e+05
1.001e-01 1.511e+05
5.926e-01 1.054e+05
2.482e-06 3.670e+04
1.325e-01 1.512e+05
2.742e-01 1.467e+05
1.338e-01 1.492e+05
3.698e-06 3.682e+04
2.572e-06 2.987e+04
1.623e-01 1.483e+05
2.751e-01 1.442e+05
1.045e-01 1.525e+05
8.274e-02 1.540e+05
5.107e-01 1.154e+05
1.207e-05 7.451e+03
9.493e-02 1.521e+05
2.554e-06 3.547e+04
3.251e-01 1.477e+05
3.229e-06 7.578e+03
2.079e-01 1.444e+05
8.032e-02 1.532e+05
8.068e-02 1.535e+05
3.825e-01 1.283e+05
8.301e-02 1.539e+05
1.171e-01 1.506e+05
3.739e-06 5.747e+02
1.236e-01 1.498e+05
2.105e-01 1.469e+05
1.067e-01 1.467e+05
2.918e-01 1.435e+05
1.183e-01 1.504e+05
1.148e-01 1.487e+05
3.059e-06 6.199e+04
5.392e-01 1.442e+05
1.887e-01 1.491e+05
9.037e-02 1.539e+05
3.595e-07 7.582e+03
1.404e-01 1.484e+05
1.791e-06 4.979e+04
1.534e-01 1.470e+05
3.444e-01 1.406e+05
1.716e-05 3.677e+04
1.937e-01 1.422e+05
4.068e-01 1.469e+05
3.073e-01 1.404e+05
1.388e-01 1.431e+05
1.705e-06 4.706e+03
1.450e-01 1.492e+05
8.305e-02 1.546e+05
3.573e-01 1.414e+05
2.625e-01 1.449e+05
2.633e-01 1.449e+05
7.727e-02 1.453e+05
1.140e-01 1.491e+05
1.629e-01 1.496e+05
1.937e-01 1.429e+05
1.918e-01 1.472e+05
1.931e-01 1.482e+05
7.858e-02 1.546e+05
1.792e-01 1.437e+05
1.003e-01 1.512e+05
1.440e-01 1.474e+05
1.437e-01 1.499e+05
1.564e-01 1.482e+05
1.327e-01 1.492e+05
1.854e-01 1.484e+05
2.231e-01 1.413e+05
9.975e-02 1.491e+05
1.372e-01 1.488e+05
7.507e-07 6.003e+04
7.386e-06 2.914e+04
6.419e-06 6.696e+03
1.943e-01 1.490e+05
1.763e-01 1.480e+05
9.631e-02 1.518e+05
7.867e-02 1.475e+05
1.453e-01 1.469e+05
7.430e-02 1.541e+05
1.366e-01 1.425e+05
9.748e-02 1.478e+05
1.209e-01 1.469e+05
1.386e-01 1.498e+05
1.250e-01 1.511e+05
2.508e-01 1.450e+05
5.258e-07 2.055e+04
1.089e-01 1.479e+05
8.598e-02 1.541e+05
4.418e-01 1.474e+05
3.140e-01 1.429e+05
1.154e-01 1.495e+05
1.354e-06 3.684e+04
4.070e-01 1.420e+05
2.854e-01 1.423e+05
2.416e-01 1.425e+05
1.322e-01 1.493e+05
1.429e-01 1.489e+05
4.165e-06 3.309e+03
1.488e-01 1.503e+05
2.333e-01 1.421e+05
3.058e-01 1.448e+05
1.512e-01 1.488e+05
1.546e-01 1.484e+05
3.252e-06 6.145e+04
1.431e-01 1.487e+05
1.228e-05 4.835e+04
9.687e-06 1.468e+04
1.372e-01 1.492e+05
1.155e-01 1.504e+05
8.123e-02 1.533e+05
1.128e-01 1.522e+05
1.245e-01 1.494e+05
2.310e-01 1.485e+05
1.750e-01 1.473e+05
1.260e-01 1.440e+05
1.097e-01 1.523e+05
9.911e-02 1.513e+05
7.918e-02 1.462e+05
1.420e-01 1.489e+05
1.891e-01 1.501e+05
2.411e-01 1.435e+05
1.102e-01 1.507e+05
1.363e-01 1.502e+05
9.647e-02 1.518e+05
1.401e-01 1.487e+05
9.617e-02 1.524e+05
1.384e-01 1.500e+05
6.907e-02 1.505e+05
1.375e-01 1.484e+05
1.688e-01 1.452e+05
1.592e-01 1.484e+05
1.185e-01 1.502e+05
1.355e-01 1.498e+05
1.296e-01 1.508e+05
1.135e-01 1.480e+05
1.285e-01 1.496e+05
8.076e-02 1.531e+05
1.390e-01 1.487e+05
2.862e-01 1.453e+05
9.493e-02 1.536e+05
8.252e-02 1.460e+05
1.487e-01 1.456e+05
4.312e-06 3.204e+04
1.570e-01 1.459e+05
2.820e-01 1.437e+05
2.661e-01 1.429e+05
2.508e-06 4.136e+04
1.385e-01 1.493e+05
1.584e-01 1.495e+05
8.271e-02 1.538e+05
1.127e-06 1.465e+04
3.236e-01 1.420e+05
4.768e-01 1.138e+05
3.231e-01 1.459e+05
2.243e-01 1.488e+05
8.064e-02 1.539e+05
7.013e-06 5.201e+03
4.694e-06 6.363e+03
1.417e-01 1.494e+05
1.590e-01 1.483e+05
1.673e-01 1.450e+05
1.267e-01 1.520e+05
2.957e-01 1.407e+05
1.532e-01 1.483e+05
8.423e-02 1.538e+05
1.200e-01 1.458e+05
3.260e-01 1.427e+05
1.040e-01 1.521e+05
1.067e-01 1.475e+05
2.917e-01 1.445e+05
1.363e-06 1.447e+04
1.439e-01 1.431e+05
1.433e-01 1.485e+05
4.671e-06 4.656e+04
1.516e-01 1.505e+05
8.406e-02 1.474e+05
4.327e-01 1.394e+05
1.534e-01 1.420e+05
6.386e-06 1.953e+04
7.581e-02 1.546e+05
2.051e-06 3.451e+04
1.257e-01 1.498e+05
1.401e-01 1.476e+05
1.472e-01 1.497e+05
3.878e-01 1.314e+05
1.339e-01 1.474e+05
1.319e-01 1.499e+05
1.215e-01 1.490e+05
1.508e-01 1.488e+05
1.211e-01 1.464e+05
1.138e-01 1.500e+05
1.276e-01 1.421e+05
1.799e-01 1.482e+05
1.678e-01 1.483e+05
5.985e-01 1.084e+05
1.551e-01 1.482e+05
1.410e-01 1.492e+05
1.765e-01 1.425e+05
1.286e-01 1.488e+05
1.379e-01 1.493e+05
8.539e-02 1.521e+05
4.270e-01 1.474e+05
1.318e-01 1.493e+05
1.040e-01 1.515e+05
1.530e-01 1.480e+05
9.192e-02 1.535e+05
1.462e-01 1.495e+05
5.438e-02 1.527e+05
2.800e-01 1.472e+05
1.623e-01 1.483e+05
1.468e-01 1.471e+05
2.911e-01 1.448e+05
3.287e-01 1.442e+05
1.130e-01 1.518e+05
1.710e-01 1.479e+05
4.842e-01 1.062e+05
1.799e-01 1.458e+05
1.039e-01 1.485e+05
7.530e-02 1.540e+05
8.792e-02 1.547e+05
8.897e-06 1.809e+04
1.402e-01 1.452e+05
4.419e-02 1.415e+05
1.527e-01 1.473e+05
1.228e-01 1.467e+05
1.155e-01 1.491e+05
8.456e-02 1.490e+05
1.418e-01 1.500e+05
1.686e-01 1.478e+05
9.915e-02 1.515e+05
1.445e-01 1.482e+05
1.597e-01 1.484e+05
1.328e-01 1.486e+05
1.105e-01 1.491e+05
1.062e-01 1.520e+05
3.452e-01 1.444e+05
1.971e-01 1.420e+05
1.005e-01 1.475e+05
1.569e-01 1.486e+05
1.034e-06 1.632e+04
1.348e-01 1.497e+05
4.954e-01 1.310e+05
1.427e-01 1.415e+05
4.565e-06 1.250e+04
9.412e-02 1.535e+05
2.180e-01 1.436e+05
2.074e-06 7.483e+03
1.290e-01 1.454e+05
1.154e-01 1.500e+05
1.473e-01 1.489e+05
3.490e-01 1.428e+05
1.007e-01 1.517e+05
1.610e-01 1.475e+05
1.430e-01 1.503e+05
1.648e-01 1.478e+05
2.217e-01 1.464e+05
1.144e-01 1.483e+05
3.170e-01 1.451e+05
1.580e-01 1.466e+05
5.103e-06 4.718e+03
7.606e-02 1.542e+05
1.197e-01 1.508e+05
1.291e-01 1.500e+05
9.978e-02 1.511e+05
7.512e-06 6.273e+04
1.312e-01 1.499e+05
7.625e-07 2.441e+04
4.393e-07 2.323e+04
1.233e-05 2.801e+04
2.604e-01 1.428e+05
1.728e-01 1.493e+05
9.583e-02 1.480e+05
1.459e-01 1.497e+05
8.480e-02 1.524e+05
6.504e-02 1.508e+05
3.779e-01 1.267e+05
7.974e-02 1.547e+05
2.125e-01 1.436e+05
1.066e-01 1.515e+05
2.271e-01 1.432e+05
2.574e-06 1.799e+04
1.310e-01 1.493e+05
1.253e-01 1.499e+05
1.047e-01 1.522e+05
1.684e-01 1.447e+05
1.320e-01 1.490e+05
1.048e-01 1.520e+05
9.318e-02 1.522e+05
1.234e-01 1.457e+05
1.776e-01 1.483e+05
1.873e-01 1.472e+05
8.666e-02 1.523e+05
1.448e-05 2.618e+04
1.581e-01 1.483e+05
1.764e-01 1.489e+05
9.035e-06 1.655e+04
2.629e-01 1.465e+05
3.298e-01 1.403e+05
1.231e-01 1.515e+05
1.145e-01 1.486e+05
9.310e-02 1.518e+05
1.068e-01 1.510e+05
1.332e-01 1.502e+05
9.264e-02 1.454e+05
4.808e-01 9.912e+04
2.414e-01 1.408e+05
2.804e-06 7.580e+03
1.348e-01 1.490e+05
1.161e-01 1.499e+05
1.206e-01 1.483e+05
1.628e-01 1.484e+05
1.586e-01 1.485e+05
1.452e-01 1.487e+05
2.149e-01 1.410e+05
1.191e-01 1.496e+05
1.635e-01 1.481e+05
5.740e-06 1.275e+04
9.626e-02 1.527e+05
1.094e-01 1.512e+05
2.333e-01 1.438e+05
1.352e-01 1.473e+05
3.269e-01 1.449e+05
9.138e-06 2.701e+04
1.815e-01 1.447e+05
5.493e-01 1.430e+05
1.177e-01 1.429e+05
1.105e-01 1.523e+05
1.624e-01 1.432e+05
1.830e-01 1.476e+05
1.266e-01 1.495e+05
1.789e-01 1.482e+05
1.701e-01 1.484e+05
1.630e-01 1.463e+05
1.037e-01 1.512e+05
1.059e-01 1.511e+05
1.251e-01 1.479e+05
1.313e-01 1.497e+05
9.798e-02 1.518e+05
1.091e-01 1.507e+05
1.314e-01 1.489e+05
2.451e-01 1.467e+05
3.744e-01 1.442e+05
1.061e-01 1.508e+05
2.046e-01 1.459e+05
2.780e-01 1.452e+05
3.920e-06 2.872e+04
3.238e-01 1.428e+05
1.728e-01 1.442e+05
1.812e-01 1.463e+05
1.866e-01 1.411e+05
1.342e-01 1.478e+05
1.598e-01 1.488e+05
2.471e-01 1.405e+05
1.122e-01 1.466e+05
1.504e-01 1.471e+05
9.004e-02 1.523e+05
1.075e-01 1.511e+05
2.144e-01 1.449e+05
1.411e-01 1.488e+05
4.902e-01 9.997e+04
1.144e-01 1.507e+05
3.687e-06 5.308e+04
8.219e-02 1.530e+05
1.453e-01 1.494e+05
1.345e-01 1.493e+05
1.353e-01 1.489e+05
1.462e-01 1.475e+05
1.134e-01 1.511e+05
1.474e-01 1.488e+05
1.574e-01 1.487e+05
1.111e-01 1.473e+05
1.121e-01 1.520e+05
1.305e-01 1.487e+05
1.204e-01 1.503e+05
1.131e-01 1.499e+05
7.164e-02 1.465e+05
1.916e-01 1.473e+05
1.742e-01 1.477e+05
2.911e-01 1.449e+05
1.360e-01 1.514e+05
1.109e-01 1.504e+05
7.606e-02 1.546e+05
1.111e-01 1.507e+05
3.064e-01 1.435e+05
1.070e-01 1.521e+05
2.853e-01 1.484e+05
9.800e-02 1.520e+05
1.581e-01 1.472e+05
1.637e-01 1.479e+05
8.534e-02 1.514e+05
1.200e-01 1.514e+05
1.311e-01 1.464e+05
1.515e-01 1.489e+05
2.587e-06 1.040e+04
8.580e-02 1.534e+05
5.710e-06 5.270e+04
9.534e-02 1.517e+05
2.882e-06 4.998e+03
1.911e-01 1.476e+05
1.027e-01 1.508e+05
1.046e-05 2.560e+04
1.112e-01 1.517e+05
2.522e-01 1.453e+05
1.029e-01 1.516e+05
1.067e-01 1.505e+05
9.336e-02 1.469e+05
1.145e-01 1.504e+05
1.436e-01 1.493e+05
7.733e-02 1.547e+05
3.177e-01 1.421e+05
9.833e-02 1.488e+05
2.277e-01 1.457e+05
5.941e-02 1.525e+05
7.472e-02 1.538e+05
1.256e-01 1.484e+05
1.501e-01 1.488e+05
3.234e-01 1.208e+05
2.701e-01 1.474e+05
2.055e-01 1.463e+05
1.583e-01 1.485e+05
1.689e-06 7.472e+03
1.218e-07 2.665e+04
1.059e-01 1.515e+05
6.744e-06 1.299e+04
1.076e-01 1.525e+05
3.072e-08 7.932e+03
7.192e-02 1.550e+05
1.255e-01 1.502e+05
8.278e-02 1.542e+05
1.335e-01 1.506e+05
2.763e-01 1.475e+05
1.227e-01 1.439e+05
3.642e-01 1.455e+05
2.699e-01 1.430e+05
3.942e-06 3.641e+04
1.331e-01 1.499e+05
9.178e-02 1.529e+05
9.802e-02 1.523e+05
9.454e-02 1.501e+05
1.581e-01 1.474e+05
1.078e-01 1.512e+05
1.686e-01 1.458e+05
5.505e-01 1.415e+05
8.794e-06 9.481e+03
1.726e-01 1.437e+05
1.402e-01 1.500e+05
5.836e-06 1.438e+03
1.267e-01 1.489e+05
4.437e-06 1.678e+04
9.296e-02 1.529e+05
6.657e-02 1.498e+05
1.843e-01 1.448e+05
1.174e-01 1.428e+05
1.023e-01 1.502e+05
2.215e-06 1.415e+04
1.642e-01 1.483e+05
7.830e-02 1.542e+05
1.705e-01 1.443e+05
1.500e-01 1.462e+05
1.526e-01 1.481e+05
1.246e-01 1.494e+05
7.725e-02 1.553e+05
1.272e-01 1.459e+05
9.460e-07 6.708e+03
1.086e-01 1.510e+05
8.955e-02 1.499e+05
8.851e-02 1.530e+05
9.820e-02 1.479e+05
2.795e-06 2.539e+04
1.447e-01 1.398e+05
1.073e-01 1.511e+05
1.625e-01 1.488e+05
5.202e-02 1.445e+05
2.337e-01 1.490e+05
7.413e-02 1.471e+05
6.219e-06 5.182e+04
1.251e-01 1.495e+05
2.986e-01 1.426e+05
5.213e-07 4.583e+04
1.255e-01 1.508e+05
9.838e-06 1.785e+04
1.455e-01 1.486e+05
3.529e-01 1.404e+05
3.441e-01 1.412e+05
1.209e-05 5.361e+02
1.203e-01 1.464e+05
1.944e-01 1.493e+05
1.144e-01 1.500e+05
1.553e-01 1.488e+05
1.515e-01 1.491e+05
8.817e-02 1.442e+05
2.580e-06 1.301e+04
1.009e-01 1.515e+05
1.638e-01 1.496e+05
1.132e-01 1.499e+05
2.304e-01 1.460e+05
1.459e-01 1.499e+05
9.514e-02 1.515e+05
1.542e-01 1.480e+05
1.203e-01 1.502e+05
1.468e-01 1.480e+05
3.640e-01 1.447e+05
8.613e-02 1.524e+05
4.696e-02 1.480e+05
3.276e-07 1.333e+04
9.186e-02 1.528e+05
1.469e-01 1.495e+05
6.653e-02 1.557e+05
1.142e-01 1.493e+05
2.735e-01 1.451e+05
1.178e-05 3.629e+04
1.134e-01 1.500e+05
7.365e-02 1.503e+05
7.116e-06 2.997e+04
1.774e-01 1.421e+05
6.474e-06 3.697e+04
1.622e-01 1.486e+05
9.688e-02 1.499e+05
4.058e-01 1.449e+05
7.769e-02 1.536e+05
1.292e-01 1.485e+05
1.765e-01 1.472e+05
1.563e-01 1.470e+05
1.154e-01 1.498e+05
9.186e-02 1.479e+05
1.963e-01 1.479e+05
1.370e-01 1.504e+05
1.120e-01 1.457e+05
1.707e-01 1.482e+05
2.609e-01 1.407e+05
3.142e-01 1.447e+05
2.184e-01 1.421e+05
8.147e-02 1.549e+05
1.162e-01 1.499e+05
1.547e-01 1.493e+05
1.787e-06 3.864e+04
1.268e-01 1.512e+05
1.498e-01 1.461e+05
5.413e-07 4.042e+04
1.257e-01 1.469e+05
1.591e-01 1.486e+05
1.244e-01 1.513e+05
1.794e-01 1.479e+05
3.065e-01 1.424e+05
1.499e-01 1.440e+05
2.225e-01 1.417e+05
2.274e-06 8.949e+03
1.397e-01 1.492e+05
4.270e-01 1.416e+05
1.397e-01 1.500e+05
1.872e-01 1.415e+05
5.323e-02 1.407e+05
1.687e-01 1.476e+05
1.229e-01 1.486e+05
2.202e-01 1.413e+05
2.009e-06 1.390e+04
1.637e-01 1.487e+05
3.553e-01 1.476e+05
1.317e-01 1.510e+05
5.901e-06 2.906e+04
4.066e-01 1.427e+05
1.305e-01 1.493e+05
1.220e-01 1.501e+05
1.132e-01 1.508e+05
1.800e-01 1.420e+05
1.161e-01 1.461e+05
1.222e-01 1.489e+05
1.059e-01 1.513e+05
1.185e-01 1.503e+05
9.700e-02 1.521e+05
1.639e-01 1.476e+05
1.012e-01 1.525e+05
1.160e-01 1.499e+05
5.366e-06 2.419e+04
1.144e-01 1.500e+05
7.774e-02 1.539e+05
2.046e-01 1.468e+05
4.205e-01 1.342e+05
1.402e-01 1.490e+05
4.127e-07 2.026e+04
8.631e-02 1.523e+05
2.893e-01 1.439e+05
1.098e-01 1.524e+05
1.753e-01 1.464e+05
1.497e-01 1.481e+05
1.265e-01 1.499e+05
1.381e-01 1.491e+05
1.522e-01 1.488e+05
2.585e-06 6.498e+03
1.488e-01 1.453e+05
1.640e-01 1.479e+05
1.482e-01 1.496e+05
9.130e-02 1.538e+05
3.906e-01 1.440e+05
1.768e-01 1.479e+05
1.259e-01 1.486e+05
1.183e-01 1.481e+05
1.355e-01 1.473e+05
4.779e-06 6.942e+04
1.796e-01 1.474e+05
2.049e-01 1.446e+05
1.556e-01 1.483e+05
2.435e-07 1.144e+04
1.568e-01 1.412e+05
1.260e-01 1.496e+05
1.529e-01 1.487e+05
6.250e-08 3.979e+03
1.786e-01 1.496e+05
9.069e-02 1.530e+05
1.086e-01 1.514e+05
1.776e-01 1.473e+05
1.234e-05 3.101e+04
6.114e-07 1.422e+04
5.815e-01 1.398e+05
5.972e-06 1.200e+04
1.518e-01 1.480e+05
7.503e-02 1.541e+05
1.176e-02 1.403e+05
1.904e-01 1.461e+05
1.010e-01 1.532e+05
1.957e-01 1.471e+05
2.873e-01 1.445e+05
8.634e-02 1.532e+05
2.213e-01 1.420e+05
1.616e-01 1.484e+05
1.129e-01 1.476e+05
1.381e-01 1.467e+05
1.842e-01 1.421e+05
8.874e-02 1.546e+05
3.807e-01 1.415e+05
4.665e-01 1.431e+05
1.286e-01 1.498e+05
1.100e-01 1.512e+05
1.230e-01 1.524e+05
9.635e-07 8.186e+03
2.718e-01 1.409e+05
2.294e-01 1.446e+05
9.259e-02 1.517e+05
1.952e-01 1.495e+05
1.361e-01 1.492e+05
8.322e-06 7.586e+03
9.228e-02 1.517e+05
2.734e-01 1.429e+05
2.238e-05 2.020e+04
7.557e-02 1.544e+05
8.741e-02 1.525e+05
1.314e-01 1.457e+05
1.759e-01 1.413e+05
1.494e-01 1.487e+05
1.738e-01 1.471e+05
9.520e-02 1.527e+05
1.475e-01 1.483e+05
9.248e-02 1.532e+05
1.691e-01 1.486e+05
2.931e-01 1.432e+05
1.242e-01 1.494e+05
9.706e-02 1.514e+05
1.510e-01 1.482e+05
1.392e-01 1.463e+05
1.209e-05 1.419e+04
8.537e-02 1.543e+05
3.831e-01 1.437e+05
9.539e-02 1.521e+05
2.517e-01 1.459e+05
1.388e-01 1.445e+05
1.155e-01 1.465e+05
5.966e-07 5.028e+04
1.461e-06 4.671e+04
1.296e-01 1.500e+05
1.653e-01 1.476e+05
1.491e-01 1.495e+05
1.849e-01 1.491e+05
5.522e-06 2.515e+04
3.169e-01 1.433e+05
2.131e-07 1.807e+04
1.244e-01 1.498e+05
2.103e-01 1.472e+05
1.263e-01 1.507e+05
5.128e-01 1.414e+05
1.523e-01 1.489e+05
4.422e-07 3.607e+04
1.882e-01 1.441e+05
1.463e-01 1.484e+05
1.275e-01 1.496e+05
1.114e-01 1.511e+05
1.218e-05 2.148e+04
1.206e-01 1.469e+05
1.316e-01 1.498e+05
4.696e-06 3.571e+04
1.452e-01 1.487e+05
1.252e-01 1.500e+05
1.640e-01 1.491e+05
9.827e-02 1.501e+05
6.393e-02 1.506e+05
1.011e-01 1.516e+05
9.898e-02 1.512e+05
1.283e-01 1.506e+05
1.567e-01 1.490e+05
8.422e-02 1.546e+05
5.209e-01 1.125e+05
1.187e-01 1.508e+05
1.640e-01 1.478e+05
1.049e-01 1.503e+05
2.359e-01 1.411e+05
1.642e-01 1.494e+05
8.574e-02 1.532e+05
1.093e-01 1.515e+05
4.418e-01 1.083e+05
1.052e-01 1.535e+05
1.049e-01 1.480e+05
1.078e-01 1.520e+05
1.408e-01 1.491e+05
1.548e-01 1.450e+05
3.458e-01 1.394e+05
1.249e-01 1.492e+05
1.289e-01 1.489e+05
1.642e-01 1.481e+05
1.770e-01 1.476e+05
1.055e-01 1.507e+05
8.968e-02 1.529e+05
9.356e-02 1.530e+05
8.743e-02 1.532e+05
1.264e-01 1.497e+05
9.720e-02 1.532e+05
3.894e-06 1.462e+04
4.852e-07 4.752e+04
1.653e-01 1.449e+05
2.105e-01 1.452e+05
1.263e-01 1.459e+05
7.214e-07 1.524e+04
2.673e-01 1.483e+05
7.183e-02 1.544e+05
3.706e-06 2.913e+04
1.431e-01 1.485e+05
7.921e-02 1.544e+05
6.969e-02 1.542e+05
1.277e-01 1.495e+05
3.967e-01 1.399e+05
1.623e-01 1.481e+05
1.037e-01 1.491e+05
1.262e-01 1.501e+05
1.059e-01 1.491e+05
1.375e-01 1.465e+05
1.539e-01 1.486e+05
2.088e-01 1.471e+05
1.519e-01 1.486e+05
2.583e-01 1.460e+05
9.043e-02 1.475e+05
1.201e-01 1.497e+05
9.498e-06 4.336e+04
8.776e-02 1.538e+05
1.956e-01 1.440e+05
9.833e-02 1.516e+05
4.750e-01 1.107e+05
3.801e-06 3.223e+04
1.647e-01 1.475e+05
8.564e-02 1.547e+05
1.810e-05 2.180e+04
2.453e-06 9.286e+03
2.180e-01 1.470e+05
1.400e-01 1.490e+05
1.375e-01 1.494e+05
6.848e-02 1.544e+05
1.030e-01 1.519e+05
1.077e-01 1.489e+05
2.415e-01 1.485e+05
1.346e-01 1.481e+05
2.010e-01 1.400e+05
1.807e-01 1.474e+05
1.558e-01 1.482e+05
1.208e-01 1.500e+05
9.123e-02 1.516e+05
6.613e-08 9.730e+03
2.835e-01 1.462e+05
1.197e-01 1.497e+05
2.858e-01 1.391e+05
3.218e-01 1.180e+05
3.845e-01 1.428e+05
1.310e-01 1.507e+05
4.855e-01 1.407e+05
1.133e-01 1.506e+05
1.507e-01 1.459e+05
1.177e-01 1.485e+05
1.530e-01 1.483e+05
1.101e-01 1.519e+05
1.258e-05 1.561e+04
1.298e-01 1.494e+05
1.704e-01 1.486e+05
1.957e-06 1.808e+04
6.409e-06 6.294e+03
3.544e-01 1.465e+05
1.127e-01 1.501e+05
1.802e-01 1.504e+05
2.798e-01 1.438e+05
1.127e-01 1.503e+05
1.307e-01 1.509e+05
7.909e-06 5.420e+04
1.436e-01 1.494e+05
3.495e-01 1.439e+05
1.802e-06 2.017e+04
1.855e-01 1.464e+05
7.853e-02 1.538e+05
1.019e-01 1.450e+05
7.580e-02 1.512e+05
1.110e-05 4.923e+04
1.592e-01 1.487e+05
1.301e-01 1.495e+05
8.665e-02 1.544e+05
1.875e-01 1.418e+05
1.762e-06 2.186e+04
1.733e-01 1.446e+05
1.047e-01 1.498e+05
8.217e-02 1.530e+05
1.662e-01 1.470e+05
7.589e-06 1.967e+04
1.703e-01 1.471e+05
1.194e-01 1.478e+05
9.328e-02 1.511e+05
1.139e-01 1.499e+05
1.184e-01 1.506e+05
1.223e-01 1.454e+05
4.576e-06 4.096e+03
8.135e-02 1.550e+05
4.869e-01 1.140e+05
1.980e-01 1.476e+05
1.498e-01 1.481e+05
8.738e-02 1.528e+05
2.534e-01 1.479e+05
1.069e-01 1.483e+05
1.073e-01 1.524e+05
1.055e-01 1.525e+05
8.844e-02 1.501e+05
3.000e-01 1.472e+05
1.656e-01 1.479e+05
2.796e-01 1.479e+05
1.499e-01 1.479e+05
1.314e-07 9.831e+03
1.716e-01 1.461e+05
2.056e-01 1.433e+05
1.281e-01 1.499e+05
1.363e-01 1.495e+05
2.925e-01 1.443e+05
1.003e-01 1.532e+05
2.348e-01 1.438e+05
1.092e-05 1.069e+04
1.534e-01 1.472e+05
1.494e-01 1.483e+05
1.401e-01 1.454e+05
8.239e-02 1.536e+05
8.786e-02 1.527e+05
1.417e-05 4.342e+04
1.487e-01 1.487e+05
1.175e-01 1.504e+05
2.769e-01 1.412e+05
3.604e-01 1.472e+05
1.604e-01 1.503e+05
2.755e-01 1.432e+05
1.442e-01 1.441e+05
1.117e-01 1.514e+05
1.795e-01 1.477e+05
1.218e-01 1.494e+05
1.105e-01 1.515e+05
8.309e-06 4.287e+04
1.076e-01 1.502e+05
3.457e-01 1.408e+05
1.196e-01 1.499e+05
1.160e-01 1.501e+05
8.599e-02 1.536e+05
2.231e-01 1.419e+05
2.262e-01 1.447e+05
1.017e-01 1.520e+05
1.250e-01 1.504e+05
8.888e-02 1.524e+05
1.321e-01 1.509e+05
4.837e-01 1.207e+05
1.340e-01 1.499e+05
1.508e-01 1.488e+05
1.306e-01 1.503e+05
1.059e-01 1.513e+05
3.033e-01 1.431e+05
8.894e-02 1.484e+05
1.359e-01 1.491e+05
6.636e-07 7.210e+04
3.988e-01 1.276e+05
1.780e-01 1.486e+05
2.830e-01 1.413e+05
1.042e-01 1.511e+05
1.231e-01 1.503e+05
8.094e-02 1.478e+05
9.228e-02 1.469e+05
1.380e-01 1.487e+05
1.297e-05 4.199e+04
1.398e-01 1.505e+05
1.616e-01 1.446e+05
1.164e-01 1.501e+05
3.759e-01 1.436e+05
7.312e-02 1.552e+05
2.557e-01 1.450e+05
9.390e-06 2.778e+04
1.082e-01 1.508e+05
1.660e-01 1.481e+05
1.576e-01 1.486e+05
2.236e-01 1.445e+05
9.208e-02 1.521e+05
2.105e-01 1.426e+05
1.211e-01 1.503e+05
2.402e-01 1.481e+05
2.212e-01 1.443e+05
1.546e-01 1.483e+05
2.236e-01 1.438e+05
1.638e-01 1.465e+05
5.558e-02 1.482e+05
8.258e-02 1.535e+05
7.270e-02 1.437e+05
4.439e-06 3.655e+04
2.992e-01 1.439e+05
8.201e-02 1.530e+05
1.013e-01 1.523e+05
1.295e-01 1.499e+05
1.010e-01 1.468e+05
5.135e-07 4.539e+04
1.140e-01 1.500e+05
1.590e-01 1.482e+05
9.099e-02 1.529e+05
2.706e-01 1.443e+05
2.486e-06 3.197e+04
1.418e-01 1.484e+05
4.881e-06 1.597e+04
1.294e-01 1.505e+05
1.685e-01 1.466e+05
9.668e-02 1.531e+05
1.100e-01 1.503e+05
1.148e-01 1.495e+05
8.721e-02 1.534e+05
1.868e-01 1.478e+05
1.634e-01 1.506e+05
1.617e-01 1.486e+05
3.567e-01 1.408e+05
4.997e-01 1.301e+05
1.098e-01 1.526e+05
7.835e-02 1.547e+05
9.683e-02 1.528e+05
7.094e-06 2.199e+04
8.106e-02 1.534e+05
1.039e-01 1.505e+05
2.422e-06 7.684e+04
1.674e-01 1.460e+05
1.618e-01 1.480e+05
2.619e-01 1.446e+05
1.218e-01 1.504e+05
1.865e-01 1.451e+05
8.778e-02 1.524e+05
1.614e-01 1.485e+05
2.818e-01 1.439e+05
1.573e-06 1.080e+04
1.522e-01 1.470e+05
1.130e-06 3.614e+04
1.892e-01 1.489e+05
1.136e-06 5.020e+04
1.472e-01 1.474e+05
3.042e-06 3.131e+04
1.677e-01 1.437e+05
1.112e-01 1.510e+05
1.157e-01 1.482e+05
1.150e-01 1.508e+05
2.795e-06 1.316e+04
8.315e-02 1.467e+05
1.210e-01 1.491e+05
1.987e-01 1.474e+05
1.975e-01 1.439e+05
1.586e-01 1.483e+05
1.396e-01 1.489e+05
1.136e-01 1.499e+05
4.269e-01 1.427e+05
1.363e-01 1.502e+05
1.234e-01 1.498e+05
1.210e-01 1.509e+05
1.040e-05 4.953e+04
1.047e-01 1.511e+05
1.472e-01 1.488e+05
3.901e-01 1.408e+05
1.163e-01 1.520e+05
8.975e-02 1.537e+05
2.507e-01 1.439e+05
1.620e-01 1.482e+05
2.816e-01 1.436e+05
8.271e-07 1.162e+04
8.516e-02 1.524e+05
1.285e-01 1.485e+05
3.775e-01 1.422e+05
2.103e-01 1.462e+05
1.433e-01 1.482e+05
1.429e-01 1.490e+05
2.332e-01 1.420e+05
8.034e-06 2.046e+04
4.784e-01 1.419e+05
2.921e-01 1.444e+05
3.881e-01 1.407e+05
4.669e-06 7.503e+04
1.903e-01 1.448e+05
1.316e-05 2.645e+04
1.049e-05 1.257e+04
5.070e-07 6.023e+04
7.607e-02 1.461e+05
1.320e-01 1.485e+05
2.941e-05 3.797e+04
1.552e-01 1.435e+05
1.312e-05 9.714e+03
1.513e-01 1.487e+05
4.023e-08 5.071e+04
7.470e-02 1.539e+05
6.599e-02 1.539e+05
8.126e-07 3.984e+04
8.972e-02 1.523e+05
1.246e-05 5.745e+04
2.059e-01 1.488e+05
1.108e-01 1.515e+05
1.878e-01 1.451e+05
2.000e-01 1.494e+05
3.838e-01 1.454e+05
8.649e-02 1.461e+05
1.771e-01 1.478e+05
1.372e-01 1.489e+05
1.271e-01 1.453e+05
3.378e-01 1.445e+05
1.280e-01 1.491e+05
1.718e-01 1.477e+05
9.947e-02 1.513e+05
1.149e-01 1.480e+05
1.386e-01 1.451e+05
8.116e-02 1.533e+05
1.442e-01 1.482e+05
1.568e-01 1.438e+05
7.525e-02 1.498e+05
5.055e-06 4.876e+04
8.322e-02 1.545e+05
1.365e-01 1.488e+05
7.325e-06 4.470e+04
1.249e-01 1.481e+05
6.955e-02 1.515e+05
9.880e-02 1.461e+05
9.557e-02 1.498e+05
1.357e-01 1.496e+05
5.393e-06 5.876e+03
1.540e-01 1.472e+05
4.733e-01 1.453e+05
3.765e-01 1.437e+05
1.479e-01 1.486e+05
9.000e-02 1.481e+05
1.293e-01 1.511e+05
2.534e-06 2.637e+04
2.174e-01 1.438e+05
1.552e-01 1.425e+05
2.795e-01 1.458e+05
1.567e-01 1.455e+05
6.172e-06 1.979e+03
8.243e-02 1.539e+05
9.273e-02 1.466e+05
1.618e-01 1.485e+05
6.633e-06 2.531e+02
1.079e-01 1.508e+05
3.094e-06 4.017e+04
2.718e-01 1.392e+05
1.465e-01 1.491e+05
6.339e-06 1.985e+04
3.068e-01 1.413e+05
1.772e-01 1.477e+05
1.213e-01 1.462e+05
2.481e-01 1.451e+05
8.548e-02 1.524e+05
1.109e-01 1.474e+05
9.861e-02 1.527e+05
1.408e-01 1.488e+05
1.968e-01 1.439e+05
1.101e-01 1.506e+05
2.242e-01 1.449e+05
1.023e-01 1.470e+05
1.100e-01 1.513e+05
2.133e-01 1.464e+05
4.365e-01 1.236e+05
2.178e-01 1.445e+05
5.231e-06 1.526e+04
2.175e-01 1.451e+05
1.612e-05 1.988e+04
1.080e-01 1.461e+05
1.705e-01 1.485e+05
7.628e-06 4.058e+04
7.928e-02 1.503e+05
4.748e-06 2.341e+03
8.551e-02 1.460e+05
9.821e-02 1.520e+05
5.853e-01 1.439e+05
9.213e-02 1.504e+05
7.999e-02 1.533e+05
8.542e-02 1.527e+05
7.111e-06 2.074e+04
7.545e-02 1.549e+05
1.614e-01 1.480e+05
5.761e-01 1.349e+05
1.001e-01 1.513e+05
2.947e-01 1.386e+05
8.126e-02 1.545e+05
5.497e-07 5.366e+04
1.095e-01 1.505e+05
9.066e-02 1.533e+05
1.465e-01 1.485e+05
1.001e-01 1.522e+05
1.054e-01 1.507e+05
8.546e-02 1.528e+05
1.382e-01 1.489e+05
1.322e-01 1.467e+05
8.496e-02 1.526e+05
1.897e-06 5.978e+04
4.670e-06 3.081e+04
1.366e-01 1.490e+05
7.122e-02 1.554e+05
7.240e-02 1.543e+05
1.807e-06 4.637e+04
3.049e-01 1.449e+05
1.576e-01 1.483e+05
1.533e-01 1.490e+05
1.189e-01 1.499e+05
4.199e-06 5.654e+03
9.569e-02 1.525e+05
2.356e-01 1.493e+05
3.983e-06 8.011e+03
1.739e-01 1.452e+05
1.552e-01 1.481e+05
6.922e-02 1.468e+05
3.461e-01 1.388e+05
1.475e-01 1.490e+05
1.310e-01 1.490e+05
1.405e-01 1.444e+05
1.623e-01 1.447e+05
2.377e-01 1.433e+05
1.241e-01 1.500e+05
1.328e-01 1.445e+05
1.063e-01 1.520e+05
2.684e-01 1.424e+05
2.133e-01 1.421e+05
3.199e-01 1.423e+05
3.761e-05 5.630e+04
3.272e-06 2.421e+04
1.607e-06 1.819e+04
1.189e-01 1.501e+05
2.065e-01 1.455e+05
1.602e-01 1.444e+05
2.137e-01 1.461e+05
1.122e-01 1.504e+05
2.603e-01 1.425e+05
9.163e-02 1.520e+05
1.418e-06 2.659e+04
3.677e-01 1.125e+05
3.031e-01 1.418e+05
1.750e-01 1.440e+05
1.167e-01 1.510e+05
3.704e-01 1.145e+05
1.202e-01 1.514e+05
1.519e-01 1.483e+05
2.245e-06 3.046e+04
2.496e-06 2.873e+04
2.167e-01 1.427e+05
6.684e-06 7.007e+03
3.773e-07 2.309e+04
3.404e-06 8.909e+04
1.842e-01 1.443e+05
1.356e-01 1.487e+05
1.272e-01 1.492e+05
3.336e-01 1.281e+05
2.465e-01 1.430e+05
1.091e-01 1.502e+05
6.117e-06 3.049e+04
9.947e-02 1.480e+05
2.230e-06 1.479e+04
2.022e-01 1.421e+05
1.385e-01 1.486e+05
1.795e-01 1.472e+05
2.070e-01 1.496e+05
1.868e-01 1.478e+05
1.278e-01 1.492e+05
8.419e-02 1.448e+05
1.528e-01 1.457e+05
2.319e-01 1.433e+05
8.385e-02 1.531e+05
2.387e-01 1.341e+05
1.465e-01 1.489e+05
5.151e-01 1.271e+05
9.947e-02 1.521e+05
1.423e-01 1.487e+05
2.641e-01 1.435e+05
8.302e-02 1.525e+05
1.545e-01 1.481e+05
8.517e-02 1.529e+05
6.012e-07 4.417e+02
1.572e-01 1.483e+05
3.357e-01 1.403e+05
1.517e-01 1.491e+05
9.972e-07 6.790e+04
3.362e-01 1.403e+05
2.995e-01 1.172e+05
1.413e-01 1.485e+05
3.786e-01 1.461e+05
9.271e-02 1.514e+05
1.298e-01 1.505e+05
1.763e-01 1.452e+05
1.015e-01 1.516e+05
1.203e-01 1.502e+05
1.113e-01 1.511e+05
1.407e-01 1.434e+05
1.360e-01 1.509e+05
8.649e-02 1.531e+05
9.334e-02 1.523e+05
8.788e-02 1.526e+05
9.210e-02 1.521e+05
1.043e-01 1.471e+05
3.994e-06 2.416e+04
1.712e-01 1.480e+05
1.637e-01 1.458e+05
2.650e-01 1.435e+05
2.063e-01 1.473e+05
1.577e-01 1.445e+05
1.057e-01 1.510e+05
1.221e-01 1.511e+05
1.333e-01 1.418e+05
1.013e-01 1.520e+05
8.704e-02 1.535e+05
1.846e-01 1.477e+05
2.666e-01 1.356e+05
2.097e-01 1.433e+05
7.717e-02 1.460e+05
1.158e-01 1.504e+05
2.280e-01 1.443e+05
5.173e-01 1.178e+05
1.297e-01 1.509e+05
1.544e-01 1.502e+05
1.171e-01 1.508e+05
1.723e-01 1.444e+05
5.409e-01 1.132e+05
1.235e-01 1.502e+05
1.738e-01 1.440e+05
2.530e-01 1.493e+05
1.111e-01 1.513e+05
9.477e-02 1.534e+05
1.517e-06 4.372e+04
1.136e-06 1.691e+04
1.902e-01 1.465e+05
1.019e-01 1.510e+05
1.054e-01 1.527e+05
1.796e-01 1.456e+05
2.101e-06 5.265e+04
1.488e-01 1.492e+05
1.565e-01 1.486e+05
2.873e-01 1.441e+05
1.129e-01 1.506e+05
3.910e-01 1.423e+05
1.278e-01 1.496e+05
2.710e-01 1.465e+05
8.645e-02 1.548e+05
2.315e-01 1.422e+05
1.419e-01 1.487e+05
1.382e-01 1.481e+05
1.268e-01 1.509e+05
1.928e-01 1.478e+05
2.595e-06 1.193e+04
1.096e-06 3.326e+04
1.520e-01 1.499e+05
9.057e-02 1.469e+05
8.793e-02 1.543e+05
9.427e-02 1.519e+05
9.733e-02 1.535e+05
2.825e-01 1.416e+05
1.021e-01 1.513e+05
3.653e-06 3.465e+04
8.439e-02 1.529e+05
1.583e-01 1.471e+05
8.545e-02 1.511e+05
1.088e-01 1.522e+05
1.325e-01 1.495e+05
1.664e-01 1.483e+05
2.027e-01 1.485e+05
8.725e-06 2.358e+04
8.687e-02 1.535e+05
2.546e-01 1.429e+05
1.974e-01 1.427e+05
1.325e-07 6.954e+04
6.318e-07 1.843e+04
2.006e-01 1.503e+05
2.311e-01 1.411e+05
8.739e-02 1.410e+05
8.666e-06 2.676e+04
1.031e-06 4.816e+04
9.766e-02 1.510e+05
1.591e-01 1.480e+05
1.175e-01 1.502e+05
2.751e-01 1.478e+05
1.204e-01 1.497e+05
1.456e-01 1.490e+05
1.459e-01 1.471e+05
4.014e-06 2.334e+04
7.926e-07 3.352e+04
1.141e-01 1.511e+05
7.746e-02 1.542e+05
1.174e-01 1.488e+05
5.352e-01 1.408e+05
1.142e-01 1.507e+05
2.867e-01 1.488e+05
1.643e-01 1.441e+05
2.020e-01 1.456e+05
2.930e-01 1.480e+05
1.243e-01 1.497e+05
1.253e-01 1.501e+05
9.455e-02 1.512e+05
2.653e-01 1.409e+05
1.706e-01 1.488e+05
1.252e-01 1.501e+05
1.152e-01 1.500e+05
7.582e-02 1.549e+05
7.085e-06 1.480e+04
2.741e-01 1.440e+05
1.884e-01 1.475e+05
1.151e-01 1.505e+05
1.682e-01 1.469e+05
2.072e-01 1.431e+05
1.342e-01 1.512e+05
9.406e-02 1.530e+05
1.387e-01 1.487e+05
5.231e-01 1.111e+05
1.232e-01 1.513e+05
5.457e-06 1.759e+04
9.340e-02 1.531e+05
1.956e-01 1.478e+05
8.457e-02 1.532e+05
8.830e-02 1.486e+05
9.463e-02 1.461e+05
1.104e-01 1.511e+05
1.189e-01 1.500e+05
7.947e-02 1.536e+05
4.593e-01 1.251e+05
1.337e-01 1.449e+05
3.370e-01 1.432e+05
1.642e-01 1.483e+05
9.034e-02 1.535e+05
3.814e-05 4.168e+04
3.248e-01 1.110e+05
1.249e-01 1.513e+05
1.118e-01 1.490e+05
2.447e-05 3.162e+04
1.802e-01 1.475e+05
9.561e-02 1.478e+05
1.639e-01 1.480e+05
8.564e-02 1.534e+05
1.701e-05 1.582e+04
1.468e-07 2.055e+04
1.334e-01 1.488e+05
1.488e-01 1.489e+05
2.682e-01 1.422e+05
7.965e-06 2.294e+04
2.499e-01 1.474e+05
1.133e-01 1.500e+05
1.102e-01 1.527e+05
3.981e-01 1.159e+05
3.386e-01 1.423e+05
3.491e-06 1.136e+04
1.236e-01 1.504e+05
3.937e-01 1.439e+05
2.625e-01 1.445e+05
2.828e-01 1.406e+05
2.228e-01 1.454e+05
2.355e-01 1.432e+05
2.707e-01 1.430e+05
1.754e-01 1.482e+05
1.026e-01 1.518e+05
1.015e-01 1.495e+05
2.098e-01 1.465e+05
3.062e-01 1.431e+05
9.470e-02 1.521e+05
1.476e-01 1.493e+05
8.918e-02 1.492e+05
1.823e-01 1.472e+05
1.022e-01 1.532e+05
2.939e-01 1.430e+05
8.725e-02 1.410e+05
1.113e-01 1.480e+05
1.667e-01 1.471e+05
1.053e-01 1.485e+05
2.998e-06 2.149e+04
1.824e-01 1.470e+05
1.142e-01 1.503e+05
1.377e-01 1.451e+05
1.789e-01 1.449e+05
1.531e-01 1.452e+05
2.404e-01 1.413e+05
4.526e-01 1.433e+05
1.339e-01 1.475e+05
4.641e-06 2.561e+04
1.085e-01 1.516e+05
1.168e-01 1.483e+05
9.985e-07 3.162e+04
2.660e-01 1.418e+05
1.256e-01 1.507e+05
1.573e-01 1.483e+05
2.061e-01 1.435e+05
1.810e-01 1.473e+05
1.533e-01 1.490e+05
4.397e-06 4.509e+03
1.779e-01 1.485e+05
1.310e-01 1.494e+05
2.004e-01 1.431e+05
1.127e-01 1.505e+05
1.188e-01 1.495e+05
1.013e-01 1.511e+05
1.573e-01 1.489e+05
1.171e-01 1.515e+05
1.320e-01 1.500e+05
1.363e-01 1.424e+05
1.269e-05 9.806e+03
9.963e-02 1.531e+05
1.481e-01 1.486e+05
1.950e-01 1.472e+05
3.703e-01 1.381e+05
1.745e-01 1.478e+05
2.103e-01 1.452e+05
9.955e-02 1.518e+05
1.289e-01 1.494e+05
1.739e-01 1.426e+05
9.721e-02 1.491e+05
7.387e-06 8.002e+04
1.974e-01 1.487e+05
1.589e-01 1.468e+05
1.444e-01 1.496e+05
1.058e-01 1.508e+05
1.575e-01 1.428e+05
1.061e-01 1.441e+05
8.645e-02 1.530e+05
1.331e-01 1.510e+05
7.462e-02 1.542e+05
4.652e-01 1.286e+05
1.487e-01 1.482e+05
1.592e-01 1.487e+05
1.297e-01 1.504e+05
1.090e-01 1.523e+05
7.474e-02 1.556e+05
1.308e-01 1.500e+05
6.666e-07 4.164e+04
1.825e-01 1.437e+05
1.062e-01 1.509e+05
1.495e-01 1.491e+05
1.387e-01 1.484e+05
1.363e-01 1.496e+05
1.192e-01 1.497e+05
1.782e-01 1.479e+05
4.402e-06 2.561e+04
2.451e-01 1.423e+05
8.293e-08 1.143e+04
1.474e-01 1.491e+05
3.145e-01 1.414e+05
2.279e-01 1.439e+05
5.798e-01 1.102e+05
1.508e-06 1.028e+04
7.688e-02 1.510e+05
1.617e-01 1.501e+05
2.129e-01 1.420e+05
6.616e-06 3.542e+04
1.625e-01 1.488e+05
1.694e-01 1.444e+05
1.181e-01 1.498e+05
1.264e-06 1.280e+04
2.117e-01 1.479e+05
9.402e-02 1.518e+05
2.728e-06 1.316e+04
3.173e-01 1.476e+05
1.536e-01 1.480e+05
5.979e-02 1.517e+05
9.854e-02 1.515e+05
8.118e-02 1.545e+05
1.070e-01 1.512e+05
1.581e-01 1.505e+05
7.432e-02 1.532e+05
7.239e-07 5.050e+03
1.386e-01 1.489e+05
1.140e-01 1.506e+05
2.081e-01 1.478e+05
9.328e-02 1.459e+05
2.888e-01 1.443e+05
1.988e-01 1.437e+05
4.535e-06 8.019e+03
1.595e-01 1.440e+05
1.359e-01 1.510e+05
2.329e-01 1.444e+05
6.484e-06 3.395e+04
9.091e-02 1.527e+05
1.591e-01 1.439e+05
1.755e-01 1.475e+05
1.472e-01 1.481e+05
1.266e-01 1.492e+05
1.049e-01 1.477e+05
7.769e-06 3.052e+04
8.031e-02 1.545e+05
3.327e-01 1.399e+05
9.032e-02 1.537e+05
2.094e-01 1.409e+05
1.079e-05 2.607e+04
1.373e-01 1.497e+05
5.542e-06 1.314e+04
1.333e-01 1.466e+05
1.093e-01 1.521e+05
7.803e-02 1.545e+05
3.042e-01 1.389e+05
9.430e-02 1.521e+05
7.765e-02 1.537e+05
1.419e-01 1.489e+05
9.652e-02 1.500e+05
9.222e-02 1.541e+05
1.527e-01 1.497e+05
1.020e-01 1.499e+05
1.148e-01 1.502e+05
1.318e-01 1.492e+05
1.702e-01 1.471e+05
8.325e-02 1.527e+05
1.820e-01 1.473e+05
2.370e-01 1.413e+05
2.765e-06 3.475e+04
1.033e-06 6.132e+02
1.600e-01 1.484e+05
7.856e-02 1.537e+05
1.271e-01 1.478e+05
8.167e-02 1.550e+05
8.732e-02 1.521e+05
4.863e-01 1.128e+05
4.266e-01 1.415e+05
1.880e-04 6.330e+04
1.347e-01 1.488e+05
3.535e-01 1.384e+05
4.887e-01 1.195e+05
4.549e-06 1.667e+04
1.943e-01 1.471e+05
9.867e-02 1.520e+05
1.237e-01 1.444e+05
2.848e-01 1.412e+05
1.362e-01 1.488e+05
7.791e-02 1.543e+05
4.042e-06 1.377e+04
1.222e-01 1.502e+05
2.941e-01 9.638e+04
8.644e-02 1.533e+05
1.587e-01 1.483e+05
2.391e-01 1.493e+05
1.438e-01 1.502e+05
8.283e-06 1.006e+04
1.529e-01 1.496e+05
1.216e-01 1.501e+05
8.105e-02 1.523e+05
1.399e-01 1.492e+05
1.149e-01 1.505e+05
2.887e-06 1.155e+03
1.176e-01 1.500e+05
1.518e-06 2.911e+04
1.208e-01 1.500e+05
9.927e-02 1.466e+05
1.166e-01 1.508e+05
3.155e-01 1.486e+05
1.826e-01 1.482e+05
8.992e-02 1.519e+05
1.311e-01 1.474e+05
9.520e-02 1.529e+05
1.217e-01 1.497e+05
1.513e-06 3.813e+04
1.017e-01 1.459e+05
2.874e-01 1.443e+05
1.606e-05 3.334e+04
1.414e-01 1.486e+05
1.223e-01 1.503e+05
1.333e-01 1.455e+05
1.721e-01 1.478e+05
1.120e-01 1.514e+05
1.418e-01 1.495e+05
1.654e-06 1.751e+04
5.472e-02 1.431e+05
2.258e-01 1.483e+05
9.271e-02 1.515e+05
1.319e-01 1.477e+05
1.419e-01 1.501e+05
1.709e-01 1.486e+05
1.700e-01 1.486e+05
2.937e-06 1.614e+04
1.848e-01 1.443e+05
1.444e-01 1.487e+05
1.619e-01 1.438e+05
1.025e-06 4.712e+04
1.759e-01 1.474e+05
6.971e-02 1.475e+05
1.210e-01 1.445e+05
1.153e-01 1.508e+05
6.669e-02 1.510e+05
2.780e-01 1.479e+05
1.086e-01 1.512e+05
3.314e-01 1.281e+05
1.435e-01 1.485e+05
1.387e-01 1.487e+05
1.761e-01 1.420e+05
1.115e-01 1.514e+05
9.854e-02 1.526e+05
1.736e-01 1.419e+05
1.175e-01 1.518e+05
3.084e-06 4.310e+04
3.450e-01 1.406e+05
4.413e-01 1.403e+05
7.211e-02 1.545e+05
2.226e-01 1.453e+05
8.405e-02 1.542e+05
1.955e-01 1.462e+05
3.616e-06 1.078e+04
3.017e-01 1.264e+05
2.055e-01 1.449e+05
1.755e-01 1.476e+05
1.718e-01 1.438e+05
9.406e-02 1.529e+05
4.276e-01 1.451e+05
1.587e-01 1.481e+05
1.260e-01 1.509e+05
1.377e-01 1.487e+05
1.227e-01 1.512e+05
1.237e-01 1.508e+05
1.780e-01 1.448e+05
1.595e-01 1.453e+05
1.315e-01 1.412e+05
2.139e-01 1.431e+05
1.846e-01 1.483e+05
2.150e-01 1.439e+05
2.962e-06 6.066e+03
1.459e-01 1.487e+05
2.605e-01 1.417e+05
1.949e-01 1.496e+05
1.024e-01 1.495e+05
3.479e-06 2.029e+04
1.203e-01 1.483e+05
3.138e-01 1.428e+05
1.696e-01 1.478e+05
1.058e-01 1.527e+05
9.231e-02 1.519e+05
6.224e-06 8.419e+03
1.064e-01 1.507e+05
1.816e-01 1.474e+05
7.837e-02 1.549e+05
1.449e-01 1.496e+05
3.713e-01 1.441e+05
9.413e-02 1.538e+05
9.334e-02 1.533e+05
1.130e-01 1.517e+05
1.224e-01 1.447e+05
1.965e-01 1.460e+05
1.362e-01 1.493e+05
1.038e-01 1.511e+05
4.304e-01 1.399e+05
1.707e-01 1.489e+05
1.468e-01 1.450e+05
3.496e-01 1.391e+05
1.296e-01 1.493e+05
1.227e-01 1.499e+05
1.439e-01 1.492e+05
2.120e-01 1.466e+05
1.566e-01 1.494e+05
9.531e-02 1.517e+05
1.688e-01 1.469e+05
1.432e-01 1.485e+05
1.306e-01 1.478e+05
9.571e-02 1.519e+05
4.106e-06 2.410e+04
1.157e-06 2.875e+03
1.400e-01 1.491e+05
9.934e-02 1.510e+05
1.514e-01 1.487e+05
3.857e-02 1.459e+05
4.138e-01 1.450e+05
7.403e-06 2.593e+04
1.331e-01 1.493e+05
7.916e-07 3.948e+04
9.554e-02 1.496e+05
7.535e-02 1.468e+05
1.071e-01 1.509e+05
1.241e-01 1.512e+05
9.458e-02 1.516e+05
4.306e-06 2.254e+04
1.163e-01 1.519e+05
1.575e-01 1.478e+05
7.264e-02 1.546e+05
9.342e-02 1.497e+05
1.395e-01 1.493e+05
2.237e-01 1.420e+05
2.163e-01 1.437e+05
2.619e-01 1.423e+05
2.190e-01 1.453e+05
2.479e-01 1.417e+05
1.989e-01 1.453e+05
2.057e-01 1.470e+05
1.687e-01 1.480e+05
8.682e-02 1.534e+05
1.330e-01 1.490e+05
8.827e-02 1.526e+05
2.292e-01 1.436e+05
1.057e-06 3.490e+04
1.205e-01 1.505e+05
9.448e-02 1.459e+05
7.997e-02 1.517e+05
1.388e-01 1.469e+05
1.611e-01 1.480e+05
2.284e-01 1.432e+05
4.575e-01 1.424e+05
3.060e-01 1.354e+05
2.198e-01 1.276e+05
1.109e-01 1.453e+05
1.538e-01 1.475e+05
1.125e-01 1.503e+05
7.143e-02 1.509e+05
3.748e-06 3.316e+04
1.264e-01 1.496e+05
1.577e-01 1.448e+05
1.514e-05 7.980e+03
1.126e-01 1.497e+05
2.616e-01 1.424e+05
2.804e-01 1.460e+05
1.507e-01 1.487e+05
1.692e-01 1.462e+05
1.146e-01 1.506e+05
1.209e-01 1.517e+05
8.859e-06 2.506e+04
1.200e-01 1.499e+05
1.985e-01 1.492e+05
1.262e-01 1.442e+05
4.907e-02 1.420e+05
8.535e-06 9.131e+03
1.511e-01 1.491e+05
1.483e-01 1.494e+05
1.229e-01 1.506e+05
1.603e-01 1.464e+05
8.492e-02 1.528e+05
3.619e-01 1.416e+05
5.178e-01 1.314e+05
2.046e-01 1.450e+05
9.862e-02 1.532e+05
1.711e-01 1.495e+05
2.828e-06 5.297e+03
6.494e-07 1.658e+04
7.433e-02 1.514e+05
1.098e-01 1.498e+05
1.639e-01 1.457e+05
3.709e-06 2.090e+04
1.584e-01 1.478e+05
1.383e-01 1.499e+05
9.914e-02 1.515e+05
1.097e-01 1.514e+05
1.569e-06 1.586e+04
2.134e-01 1.450e+05
1.645e-01 1.471e+05
2.105e-01 1.471e+05
1.178e-01 1.505e+05
2.682e-01 1.469e+05
2.507e-01 1.471e+05
1.518e-01 1.421e+05
1.378e-01 1.488e+05
1.412e-01 1.498e+05
8.619e-02 1.534e+05
6.939e-07 1.314e+04
2.393e-01 1.435e+05
1.424e-05 3.309e+04
2.644e-01 1.426e+05
9.709e-02 1.520e+05
1.701e-01 1.409e+05
1.730e-01 1.483e+05
4.293e-06 2.089e+04
1.840e-01 1.451e+05
4.036e-01 1.427e+05
3.795e-01 1.423e+05
2.148e-01 1.487e+05
1.945e-01 1.435e+05
1.344e-05 3.816e+04
4.790e-01 1.457e+05
1.411e-01 1.478e+05
1.331e-01 1.500e+05
4.381e-01 1.436e+05
1.421e-01 1.486e+05
1.186e-01 1.502e+05
1.119e-01 1.504e+05
2.190e-01 1.445e+05
3.601e-06 6.715e+04
1.154e-01 1.508e+05
4.795e-01 1.186e+05
1.712e-01 1.476e+05
1.546e-01 1.480e+05
5.366e-01 1.405e+05
1.738e-06 2.369e+04
9.050e-02 1.531e+05
1.250e-01 1.497e+05
7.456e-02 1.504e+05
3.520e-01 1.263e+05
2.270e-01 1.428e+05
3.892e-06 9.336e+03
1.215e-01 1.415e+05
1.931e-01 1.475e+05
1.271e-01 1.490e+05
1.307e-01 1.495e+05
7.803e-02 1.546e+05
7.881e-06 3.046e+04
1.693e-01 1.460e+05
1.071e-01 1.501e+05
2.173e-01 1.439e+05
8.407e-02 1.536e+05
8.597e-02 1.532e+05
2.372e-01 1.439e+05
9.994e-02 1.476e+05
9.441e-02 1.513e+05
2.310e-01 1.408e+05
7.720e-02 1.501e+05
8.164e-02 1.533e+05
1.733e-01 1.484e+05
8.222e-02 1.533e+05
1.322e-01 1.507e+05
3.508e-01 1.407e+05
1.152e-01 1.502e+05
1.834e-01 1.437e+05
1.669e-01 1.487e+05
1.292e-01 1.490e+05
1.374e-01 1.492e+05
8.101e-02 1.542e+05
1.873e-01 1.479e+05
9.802e-02 1.528e+05
1.227e-01 1.498e+05
4.558e-01 1.467e+05
2.408e-01 1.492e+05
2.651e-01 1.429e+05
3.971e-01 1.425e+05
1.607e-06 3.497e+04
1.058e-01 1.473e+05
2.736e-01 1.441e+05
4.096e-01 1.355e+05
7.820e-07 2.044e+04
1.452e-01 1.485e+05
2.279e-07 5.210e+03
1.208e-01 1.492e+05
3.040e-05 3.277e+04
3.294e-05 7.720e+04
9.050e-02 1.503e+05
1.064e-01 1.508e+05
1.330e-01 1.491e+05
6.200e-06 4.007e+03
2.456e-01 1.399e+05
1.052e-01 1.526e+05
3.258e-06 1.681e+04
1.411e-01 1.495e+05
7.129e-06 3.260e+03
1.838e-01 1.482e+05
1.233e-01 1.493e+05
1.030e-05 2.644e+04
1.319e-01 1.511e+05
1.592e-01 1.441e+05
9.806e-06 7.386e+03
1.215e-01 1.493e+05
1.758e-01 1.449e+05
3.394e-07 3.189e+04
1.446e-01 1.450e+05
1.051e-01 1.509e+05
1.496e-01 1.468e+05
9.738e-02 1.527e+05
1.454e-01 1.481e+05
1.381e-01 1.492e+05
5.133e-01 1.445e+05
2.015e-06 6.817e+03
2.084e-06 3.329e+04
2.024e-06 1.566e+04
1.856e-01 1.476e+05
8.348e-02 1.540e+05
5.752e-07 2.573e+04
1.322e-01 1.506e+05
2.656e-01 1.421e+05
3.318e-01 1.476e+05
2.252e-01 1.480e+05
1.023e-01 1.392e+05
1.222e-01 1.511e+05
1.123e-01 1.514e+05
3.555e-01 1.401e+05
7.669e-02 1.543e+05
1.829e-06 9.682e+03
1.223e-01 1.502e+05
1.286e-01 1.491e+05
6.650e-06 6.572e+04
1.193e-01 1.497e+05
1.232e-01 1.506e+05
9.944e-02 1.503e+05
2.816e-01 1.477e+05
1.213e-01 1.495e+05
1.334e-01 1.489e+05
1.428e-01 1.491e+05
1.429e-01 1.493e+05
1.009e-01 1.518e+05
3.284e-06 1.436e+04
8.969e-02 1.532e+05
1.679e-01 1.488e+05
3.344e-06 1.288e+04
1.558e-01 1.481e+05
1.097e-01 1.460e+05
8.682e-08 2.488e+04
1.260e-01 1.494e+05
1.204e-01 1.513e+05
1.744e-01 1.435e+05
1.334e-01 1.500e+05
9.532e-02 1.501e+05
2.901e-01 1.431e+05
1.086e-01 1.510e+05
1.529e-01 1.492e+05
8.514e-07 1.298e+04
7.858e-02 1.525e+05
2.496e-01 1.437e+05
1.503e-01 1.481e+05
1.649e-01 1.491e+05
5.684e-06 2.215e+04
4.424e-01 1.402e+05
1.063e-01 1.505e+05
1.245e-01 1.503e+05
1.923e-01 1.437e+05
1.691e-01 1.448e+05
1.781e-01 1.499e+05
7.158e-02 1.511e+05
8.683e-02 1.453e+05
1.331e-01 1.491e+05
1.019e-01 1.509e+05
1.365e-01 1.498e+05
3.036e-01 1.442e+05
8.519e-02 1.541e+05
9.368e-02 1.507e+05
1.493e-01 1.446e+05
3.011e-01 1.338e+05
1.039e-01 1.469e+05
2.015e-01 1.475e+05
1.627e-01 1.483e+05
7.912e-02 1.553e+05
1.418e-01 1.492e+05
8.197e-06 5.396e+04
9.851e-02 1.532e+05
1.619e-01 1.451e+05
1.059e-01 1.507e+05
1.117e-01 1.507e+05
1.343e-01 1.494e+05
8.167e-02 1.537e+05
9.989e-02 1.518e+05
1.872e-01 1.443e+05
3.537e-01 1.199e+05
1.487e-01 1.515e+05
1.637e-01 1.482e+05
1.426e-01 1.489e+05
1.047e-01 1.520e+05
8.223e-02 1.521e+05
1.627e-01 1.488e+05
1.078e-01 1.494e+05
2.123e-06 1.529e+04
8.988e-02 1.532e+05
2.092e-01 1.479e+05
2.113e-01 1.469e+05
1.732e-01 1.479e+05
2.016e-01 1.416e+05
1.474e-01 1.498e+05
2.252e-01 1.456e+05
1.715e-01 1.495e+05
1.688e-01 1.482e+05
8.792e-02 1.518e+05
8.723e-02 1.541e+05
9.171e-02 1.523e+05
1.577e-01 1.494e+05
1.140e-01 1.499e+05
9.102e-02 1.517e+05
2.909e-01 1.410e+05
4.087e-01 1.398e+05
2.671e-01 1.428e+05
1.401e-01 1.483e+05
1.109e-01 1.514e+05
1.299e-01 1.495e+05
1.040e-01 1.514e+05
8.713e-02 1.546e+05
1.761e-01 1.489e+05
1.209e-01 1.453e+05
7.981e-06 2.824e+03
1.131e-01 1.520e+05
1.514e-01 1.477e+05
6.811e-06 1.973e+04
2.389e-01 1.488e+05
1.448e-01 1.438e+05
1.147e-01 1.507e+05
3.981e-01 1.412e+05
1.186e-01 1.496e+05
2.663e-01 1.442e+05
9.139e-02 1.534e+05
1.466e-01 1.488e+05
9.893e-02 1.515e+05
1.187e-01 1.493e+05
2.267e-06 1.279e+04
1.450e-01 1.487e+05
7.725e-02 1.538e+05
1.376e-01 1.491e+05
2.025e-01 1.464e+05
2.576e-06 4.123e+04
1.390e-01 1.502e+05
1.595e-01 1.407e+05
1.247e-01 1.496e+05
1.035e-01 1.513e+05
7.478e-02 1.454e+05
4.408e-01 1.427e+05
2.160e-01 1.434e+05
4.725e-01 1.366e+05
1.865e-01 1.474e+05
3.384e-06 2.038e+04
1.551e-01 1.489e+05
1.063e-06 2.478e+04
8.941e-02 1.528e+05
1.189e-01 1.498e+05
1.493e-01 1.500e+05
2.461e-01 1.456e+05
1.460e-01 1.484e+05
1.151e-01 1.501e+05
1.076e-01 1.507e+05
1.782e-01 1.487e+05
3.247e-01 1.391e+05
3.975e-01 1.449e+05
1.061e-01 1.514e+05
1.673e-01 1.493e+05
1.606e-01 1.459e+05
7.373e-02 1.548e+05
1.321e-01 1.491e+05
1.827e-01 1.466e+05
1.573e-01 1.485e+05
4.603e-01 1.473e+05
1.362e-01 1.492e+05
8.927e-02 1.503e+05
9.839e-02 1.487e+05
6.412e-02 1.500e+05
1.018e-01 1.509e+05
1.207e-06 2.123e+04
2.164e-01 1.478e+05
1.833e-01 1.461e+05
1.151e-01 1.506e+05
1.237e-01 1.494e+05
1.714e-01 1.483e+05
8.192e-02 1.543e+05
1.012e-01 1.434e+05
1.947e-01 1.396e+05
2.169e-01 1.447e+05
1.173e-01 1.510e+05
4.408e-01 1.293e+05
1.831e-01 1.469e+05
4.506e-01 1.456e+05
8.558e-02 1.537e+05
1.201e-01 1.500e+05
1.373e-01 1.497e+05
4.238e-02 1.468e+05
1.064e-01 1.482e+05
9.425e-02 1.536e+05
1.146e-01 1.512e+05
5.013e-01 1.411e+05
1.233e-01 1.506e+05
1.118e-01 1.515e+05
2.913e-01 1.435e+05
1.550e-01 1.482e+05
1.708e-01 1.486e+05
1.438e-01 1.500e+05
9.808e-02 1.430e+05
8.672e-02 1.460e+05
9.851e-02 1.513e+05
1.910e-01 1.480e+05
4.922e-06 8.017e+03
1.891e-01 1.478e+05
1.459e-01 1.481e+05
1.748e-01 1.479e+05
1.560e-01 1.463e+05
1.239e-01 1.499e+05
1.005e-01 1.508e+05
9.141e-02 1.534e+05
8.328e-02 1.545e+05
9.132e-02 1.519e+05
9.759e-02 1.511e+05
1.209e-01 1.503e+05
1.152e-01 1.486e+05
2.040e-01 1.451e+05
2.111e-01 1.440e+05
2.244e-07 3.800e+03
2.188e-01 1.426e+05
9.696e-02 1.466e+05
4.508e-02 1.485e+05
4.232e-01 1.413e+05
8.378e-02 1.534e+05
1.122e-01 1.511e+05
1.555e-01 1.440e+05
5.817e-06 1.859e+04
1.410e-01 1.498e+05
1.588e-01 1.476e+05
1.549e-01 1.489e+05
8.648e-02 1.488e+05
2.312e-06 9.678e+03
1.740e-01 1.491e+05
2.419e-01 1.447e+05
1.021e-01 1.514e+05
1.155e-01 1.492e+05
1.595e-01 1.479e+05
1.189e-01 1.508e+05
2.553e-01 1.431e+05
9.555e-02 1.524e+05
3.226e-01 1.454e+05
1.413e-01 1.495e+05
1.050e-01 1.497e+05
1.609e-01 1.485e+05
1.294e-01 1.497e+05
1.740e-01 1.486e+05
1.028e-01 1.519e+05
1.549e-01 1.474e+05
5.349e-06 3.475e+04
1.686e-01 1.453e+05
3.553e-01 1.295e+05
8.208e-02 1.542e+05
1.070e-01 1.521e+05
1.032e-05 7.638e+03
1.680e-01 1.481e+05
1.717e-01 1.483e+05
1.101e-01 1.519e+05
1.169e-01 1.504e+05
8.692e-02 1.524e+05
8.605e-02 1.454e+05
1.586e-01 1.492e+05
1.383e-01 1.474e+05
3.119e-06 9.443e+03
2.624e-01 1.434e+05
1.707e-01 1.479e+05
1.835e-01 1.483e+05
1.283e-01 1.504e+05
2.124e-06 1.292e+04
1.994e-06 9.796e+03
1.536e-01 1.489e+05
1.617e-01 1.486e+05
1.336e-01 1.467e+05
1.405e-01 1.506e+05
9.726e-02 1.511e+05
1.086e-06 3.034e+04
1.642e-01 1.438e+05
5.447e-01 1.208e+05
2.093e-01 1.455e+05
1.325e-01 1.493e+05
1.951e-01 1.473e+05
1.008e-05 2.912e+03
1.563e-01 1.509e+05
1.177e-01 1.495e+05
3.823e-01 1.423e+05
7.195e-02 1.549e+05
4.599e-01 1.447e+05
1.084e-01 1.486e+05
7.958e-02 1.534e+05
1.851e-01 1.467e+05
1.213e-01 1.506e+05
1.638e-01 1.441e+05
1.749e-01 1.418e+05
8.432e-02 1.531e+05
9.456e-02 1.535e+05
2.708e-01 1.482e+05
8.442e-02 1.526e+05
1.031e-01 1.515e+05
1.892e-01 1.462e+05
3.821e-01 1.440e+05
5.130e-01 1.158e+05
1.008e-01 1.532e+05
1.727e-01 1.485e+05
1.395e-01 1.490e+05
1.428e-01 1.488e+05
1.174e-01 1.514e+05
3.720e-01 1.409e+05
1.574e-01 1.497e+05
6.988e-06 4.376e+03
5.281e-06 4.195e+04
1.607e-01 1.481e+05
1.649e-01 1.446e+05
1.553e-01 1.486e+05
1.798e-01 1.453e+05
1.029e-01 1.515e+05
1.973e-01 1.471e+05
2.079e-01 1.457e+05
4.246e-01 1.457e+05
1.492e-01 1.487e+05
1.506e-01 1.494e+05
1.448e-06 7.474e+04
