2.675e-01 1.361e+05
3.464e-01 1.475e+05
2.495e-01 1.674e+05
3.473e-01 9.983e+04
2.284e-01 1.650e+05
3.141e-01 1.575e+05
3.019e-01 1.464e+05
2.521e-01 1.591e+05
2.407e-01 1.684e+05
2.353e-01 1.656e+05
2.642e-01 1.599e+05
4.664e-01 1.372e+05
2.615e-01 1.567e+05
2.254e-01 1.710e+05
2.170e-01 1.665e+05
2.273e-01 1.658e+05
2.309e-01 1.591e+05
2.277e-01 1.659e+05
2.262e-01 1.641e+05
2.931e-01 9.536e+04
2.523e-01 1.599e+05
2.224e-01 1.555e+05
2.283e-01 1.597e+05
2.191e-01 1.729e+05
2.139e-01 1.715e+05
3.036e-01 1.604e+05
2.627e-01 1.611e+05
2.286e-01 1.685e+05
2.507e-01 1.689e+05
4.460e-01 1.354e+05
2.548e-01 1.622e+05
2.202e-01 1.707e+05
3.682e-01 7.858e+04
2.445e-01 1.628e+05
2.943e-01 1.423e+05
2.603e-01 1.543e+05
2.511e-01 1.677e+05
5.163e-01 1.022e+05
2.328e-01 1.672e+05
3.102e-01 1.539e+05
2.435e-01 1.616e+05
2.248e-01 1.715e+05
2.423e-01 1.676e+05
2.454e-01 1.609e+05
2.203e-01 1.590e+05
2.221e-01 1.632e+05
2.528e-01 1.649e+05
2.218e-01 1.633e+05
2.246e-01 1.721e+05
2.215e-01 1.619e+05
2.285e-01 1.617e+05
2.529e-01 1.514e+05
2.350e-01 1.627e+05
2.493e-01 1.636e+05
2.419e-01 1.632e+05
2.234e-01 1.667e+05
2.308e-01 1.662e+05
2.323e-01 1.667e+05
2.856e-01 1.441e+05
3.367e-01 9.008e+04
3.031e-01 1.497e+05
3.562e-01 1.188e+05
2.530e-01 1.646e+05
2.184e-01 1.727e+05
2.506e-01 1.593e+05
2.445e-01 1.574e+05
2.543e-01 1.634e+05
2.288e-01 1.574e+05
2.437e-01 1.635e+05
2.234e-01 1.607e+05
4.751e-01 1.298e+05
2.939e-01 1.520e+05
2.703e-01 1.563e+05
3.514e-01 1.515e+05
2.176e-01 1.725e+05
2.195e-01 1.669e+05
2.560e-01 1.564e+05
4.608e-01 7.488e+04
2.553e-01 1.305e+05
2.972e-01 1.565e+05
2.811e-01 1.549e+05
2.175e-01 1.677e+05
2.414e-01 1.643e+05
2.562e-01 1.618e+05
2.548e-01 1.276e+05
4.079e-01 8.997e+04
2.188e-01 1.659e+05
4.084e-01 1.238e+05
2.381e-01 1.649e+05
2.710e-01 1.594e+05
2.418e-01 1.627e+05
2.149e-01 1.666e+05
2.891e-01 1.503e+05
2.842e-01 1.560e+05
2.259e-01 1.618e+05
3.985e-01 1.165e+05
2.663e-01 1.569e+05
2.645e-01 1.661e+05
2.353e-01 1.663e+05
2.377e-01 1.671e+05
2.121e-01 1.647e+05
2.714e-01 1.538e+05
4.325e-01 1.432e+05
2.451e-01 1.656e+05
2.197e-01 1.687e+05
4.270e-01 8.174e+04
2.356e-01 1.603e+05
2.573e-01 1.526e+05
2.705e-01 1.647e+05
2.282e-01 1.688e+05
2.381e-01 1.675e+05
2.559e-01 1.656e+05
3.013e-06 6.846e+03
2.312e-01 1.584e+05
2.797e-01 1.579e+05
2.497e-01 1.597e+05
2.799e-01 1.544e+05
2.544e-01 1.646e+05
4.394e-01 7.282e+04
2.445e-01 1.552e+05
2.238e-01 1.695e+05
2.692e-01 1.601e+05
2.546e-01 1.397e+05
2.436e-01 1.623e+05
2.628e-01 1.439e+05
2.246e-01 1.675e+05
3.285e-01 7.796e+04
2.490e-01 1.642e+05
4.281e-01 7.464e+04
2.413e-01 1.638e+05
2.168e-01 1.673e+05
2.482e-01 1.620e+05
5.955e-06 1.197e+04
3.716e-01 8.460e+04
2.267e-01 1.653e+05
2.743e-01 1.567e+05
2.880e-01 1.414e+05
2.394e-01 1.624e+05
3.345e-01 1.170e+05
2.123e-01 1.676e+05
2.228e-01 1.621e+05
2.463e-01 1.615e+05
2.977e-01 1.590e+05
2.607e-01 1.525e+05
2.326e-01 1.636e+05
2.638e-01 1.620e+05
2.340e-01 1.654e+05
2.527e-01 1.625e+05
2.309e-01 1.560e+05
4.433e-01 9.365e+04
2.371e-01 1.661e+05
2.643e-01 1.538e+05
3.155e-01 1.227e+05
2.440e-01 1.651e+05
2.488e-01 1.631e+05
3.776e-01 1.418e+05
2.581e-06 8.176e+03
2.590e-01 1.609e+05
2.105e-01 1.698e+05
2.143e-01 1.688e+05
2.619e-01 1.572e+05
2.603e-01 1.625e+05
2.824e-01 1.526e+05
2.587e-01 1.605e+05
4.416e-01 1.343e+05
3.997e-07 1.108e+04
2.505e-06 6.654e+03
3.473e-01 7.702e+04
2.492e-01 1.639e+05
2.319e-01 1.689e+05
2.715e-01 1.539e+05
3.206e-01 1.438e+05
3.192e-01 1.470e+05
2.771e-01 1.537e+05
2.735e-01 1.570e+05
2.626e-01 1.587e+05
2.618e-01 1.612e+05
2.312e-01 1.548e+05
2.683e-01 1.621e+05
3.821e-01 7.523e+04
2.250e-01 1.668e+05
2.256e-01 1.656e+05
2.884e-01 1.523e+05
2.493e-01 1.608e+05
2.565e-01 1.597e+05
2.920e-01 1.629e+05
2.453e-01 1.691e+05
2.336e-01 1.654e+05
2.331e-01 1.543e+05
3.780e-01 1.434e+05
2.362e-01 1.651e+05
2.578e-01 1.627e+05
3.357e-01 8.901e+04
2.369e-01 1.617e+05
3.367e-01 7.336e+04
4.553e-01 7.467e+04
2.504e-01 1.539e+05
4.077e-01 1.378e+05
2.677e-01 1.669e+05
2.634e-01 1.587e+05
7.879e-06 9.248e+03
2.740e-01 1.560e+05
2.298e-01 1.659e+05
2.384e-01 1.710e+05
2.520e-01 1.595e+05
2.313e-01 1.609e+05
2.248e-01 1.603e+05
2.155e-01 1.699e+05
4.654e-01 1.358e+05
2.204e-01 1.609e+05
2.559e-01 1.637e+05
2.493e-01 1.610e+05
2.475e-01 1.610e+05
2.617e-01 1.538e+05
2.644e-01 1.591e+05
2.112e-01 1.705e+05
2.410e-01 1.599e+05
2.649e-01 1.600e+05
3.173e-01 1.581e+05
3.829e-01 7.738e+04
2.691e-01 1.566e+05
9.165e-06 1.578e+04
2.436e-01 1.601e+05
2.450e-01 1.607e+05
2.221e-01 1.686e+05
2.127e-01 1.649e+05
3.812e-01 7.505e+04
2.269e-01 1.649e+05
2.458e-01 1.647e+05
2.576e-01 1.625e+05
2.506e-01 1.626e+05
1.149e-06 1.402e+04
3.594e-01 7.479e+04
2.396e-01 1.617e+05
3.411e-01 8.654e+04
2.584e-01 1.602e+05
2.994e-01 1.529e+05
2.534e-01 1.585e+05
2.377e-01 1.704e+05
2.667e-01 1.581e+05
2.301e-01 1.576e+05
2.499e-01 1.652e+05
2.750e-01 1.556e+05
2.862e-07 1.221e+04
2.394e-01 1.693e+05
2.936e-01 1.561e+05
2.306e-01 1.716e+05
2.418e-01 1.658e+05
6.658e-06 7.313e+03
2.267e-01 1.631e+05
2.259e-01 1.653e+05
2.562e-01 1.593e+05
2.249e-01 1.661e+05
3.438e-01 7.486e+04
2.662e-01 1.593e+05
2.762e-01 1.626e+05
2.348e-01 1.572e+05
2.406e-01 1.574e+05
2.350e-01 1.571e+05
2.703e-01 1.481e+05
3.253e-01 9.204e+04
2.469e-01 1.617e+05
2.664e-01 1.591e+05
2.271e-01 1.618e+05
4.208e-01 7.457e+04
2.364e-01 1.619e+05
2.301e-01 1.622e+05
2.291e-01 1.608e+05
2.207e-01 1.715e+05
2.462e-01 1.658e+05
2.136e-01 1.654e+05
2.797e-01 1.543e+05
3.295e-01 7.571e+04
2.530e-01 1.647e+05
2.444e-01 1.640e+05
3.368e-01 1.088e+05
4.085e-01 1.428e+05
5.550e-01 1.252e+05
2.238e-01 1.660e+05
2.521e-01 1.655e+05
2.270e-01 1.645e+05
2.464e-01 1.606e+05
2.263e-01 1.642e+05
1.183e-05 7.143e+03
2.533e-01 1.595e+05
2.491e-01 1.640e+05
2.575e-01 1.615e+05
2.526e-01 1.614e+05
2.381e-01 1.655e+05
2.688e-01 7.743e+04
2.665e-01 1.608e+05
2.179e-01 1.660e+05
5.222e-01 1.308e+05
2.188e-01 1.645e+05
2.606e-01 1.601e+05
2.514e-01 1.556e+05
2.158e-01 1.715e+05
5.444e-01 9.741e+04
2.553e-01 1.636e+05
2.706e-01 1.313e+05
2.727e-01 1.582e+05
2.689e-01 1.643e+05
2.216e-01 1.636e+05
2.350e-01 1.629e+05
2.181e-01 1.632e+05
3.185e-01 9.729e+04
2.407e-01 1.565e+05
2.477e-01 1.667e+05
2.914e-01 1.508e+05
2.291e-01 1.623e+05
2.419e-01 1.637e+05
2.654e-01 1.637e+05
3.395e-01 7.370e+04
3.066e-01 1.255e+05
2.765e-01 1.507e+05
2.581e-01 1.633e+05
9.919e-06 1.265e+04
2.620e-01 1.591e+05
4.641e-01 1.163e+05
2.202e-01 1.659e+05
2.173e-01 1.659e+05
2.262e-01 1.633e+05
2.668e-01 1.540e+05
2.655e-01 1.593e+05
2.558e-01 1.555e+05
2.583e-01 1.584e+05
2.516e-01 1.640e+05
2.572e-01 1.622e+05
2.598e-01 1.623e+05
2.205e-01 1.648e+05
3.182e-01 1.509e+05
2.144e-01 1.696e+05
2.214e-01 1.699e+05
2.368e-01 1.622e+05
2.839e-01 1.596e+05
2.657e-01 1.542e+05
3.008e-01 1.562e+05
2.431e-01 1.653e+05
2.562e-01 1.272e+05
2.288e-01 1.640e+05
2.708e-01 1.591e+05
2.372e-01 1.646e+05
2.306e-01 1.622e+05
3.437e-01 9.699e+04
2.375e-01 1.654e+05
2.650e-01 1.403e+05
2.423e-01 1.588e+05
2.394e-01 1.647e+05
2.399e-01 1.684e+05
2.763e-01 1.633e+05
2.467e-01 1.645e+05
5.633e-01 9.332e+04
2.574e-01 1.644e+05
2.745e-01 1.515e+05
5.049e-01 1.220e+05
2.268e-01 1.549e+05
2.173e-01 1.688e+05
4.225e-01 1.332e+05
2.724e-01 1.001e+05
2.793e-01 1.583e+05
2.436e-01 1.621e+05
2.533e-01 1.604e+05
2.380e-01 1.610e+05
2.228e-01 1.648e+05
2.616e-01 1.530e+05
2.448e-01 1.652e+05
2.309e-01 1.493e+05
2.303e-01 1.663e+05
3.100e-01 1.528e+05
3.316e-01 7.593e+04
2.642e-01 1.531e+05
2.485e-01 1.660e+05
2.198e-01 1.650e+05
2.326e-01 1.613e+05
2.238e-01 1.663e+05
2.670e-01 1.659e+05
2.528e-01 1.607e+05
2.552e-01 1.639e+05
2.571e-01 1.545e+05
2.862e-01 1.549e+05
2.799e-01 1.626e+05
2.300e-01 1.596e+05
2.274e-01 1.664e+05
2.622e-01 1.579e+05
2.783e-01 1.486e+05
2.618e-01 1.608e+05
3.108e-01 1.516e+05
2.473e-01 1.592e+05
4.804e-01 1.387e+05
2.590e-01 1.531e+05
2.232e-01 1.634e+05
2.541e-01 1.549e+05
4.140e-01 7.847e+04
5.230e-01 1.051e+05
2.347e-01 1.605e+05
2.257e-01 1.537e+05
2.539e-01 1.628e+05
2.673e-01 1.581e+05
2.362e-01 1.712e+05
3.540e-01 1.535e+05
2.481e-01 1.440e+05
2.369e-01 1.652e+05
2.604e-01 1.604e+05
2.278e-01 1.707e+05
3.218e-01 7.897e+04
4.169e-01 8.847e+04
8.274e-06 1.273e+04
2.672e-01 1.564e+05
2.095e-01 1.678e+05
2.484e-01 1.598e+05
2.901e-01 1.485e+05
2.336e-01 1.624e+05
2.151e-01 1.646e+05
4.223e-01 1.066e+05
2.233e-01 1.659e+05
2.885e-01 1.360e+05
2.599e-01 1.610e+05
1.756e-06 2.496e+04
2.362e-01 1.668e+05
2.479e-01 1.639e+05
2.963e-01 1.522e+05
2.471e-01 1.620e+05
2.593e-01 1.603e+05
2.802e-01 1.546e+05
2.648e-01 1.661e+05
2.697e-01 1.594e+05
2.562e-01 1.577e+05
2.575e-01 1.615e+05
2.901e-01 1.589e+05
2.739e-01 1.558e+05
2.340e-01 1.629e+05
2.315e-01 1.652e+05
2.321e-01 1.595e+05
2.556e-01 1.610e+05
2.648e-01 1.542e+05
2.552e-01 1.583e+05
2.270e-01 1.636e+05
2.303e-01 1.617e+05
2.706e-01 1.547e+05
2.519e-01 1.636e+05
2.835e-01 1.482e+05
2.540e-01 1.565e+05
2.519e-01 1.639e+05
2.985e-01 1.465e+05
2.281e-01 1.659e+05
2.438e-01 1.629e+05
2.519e-01 1.525e+05
2.426e-01 1.679e+05
2.415e-01 1.599e+05
2.420e-01 1.653e+05
2.863e-01 1.636e+05
2.749e-01 1.558e+05
2.729e-01 1.588e+05
2.353e-01 1.602e+05
2.372e-01 1.584e+05
2.430e-01 1.576e+05
3.403e-01 9.756e+04
2.223e-01 1.629e+05
2.232e-01 1.680e+05
2.412e-01 1.629e+05
2.203e-01 1.678e+05
2.728e-01 1.564e+05
2.481e-01 1.637e+05
2.788e-06 1.592e+04
3.390e-01 1.489e+05
2.576e-01 1.612e+05
2.200e-01 1.709e+05
3.081e-01 1.083e+05
3.377e-01 7.954e+04
4.419e-01 9.622e+04
3.551e-01 1.455e+05
2.342e-01 1.618e+05
2.545e-01 1.563e+05
2.270e-01 1.581e+05
2.264e-01 1.673e+05
2.269e-01 1.566e+05
2.172e-01 1.651e+05
2.562e-01 1.668e+05
2.502e-01 1.554e+05
3.537e-01 7.798e+04
2.205e-01 1.657e+05
4.548e-01 9.486e+04
2.204e-01 1.660e+05
2.587e-01 1.590e+05
2.466e-01 1.618e+05
2.352e-01 1.679e+05
2.380e-01 1.714e+05
2.568e-01 1.587e+05
2.200e-01 1.629e+05
2.766e-01 1.604e+05
3.253e-01 8.234e+04
2.637e-01 1.594e+05
2.864e-01 1.606e+05
2.750e-01 1.602e+05
5.665e-01 8.538e+04
2.657e-01 1.605e+05
2.583e-01 1.497e+05
3.745e-01 7.190e+04
2.520e-01 1.609e+05
2.261e-01 1.525e+05
4.335e-01 7.317e+04
2.688e-01 1.654e+05
2.566e-01 1.629e+05
2.383e-01 1.668e+05
3.002e-01 1.578e+05
2.380e-01 1.649e+05
2.177e-01 1.664e+05
2.806e-01 1.510e+05
2.804e-01 1.579e+05
2.399e-01 1.669e+05
4.383e-01 1.372e+05
2.636e-01 1.652e+05
3.887e-01 9.061e+04
2.305e-01 1.643e+05
3.751e-01 7.738e+04
2.563e-01 1.570e+05
3.507e-01 7.384e+04
2.265e-01 1.664e+05
2.378e-01 1.646e+05
2.365e-01 1.649e+05
2.382e-01 1.618e+05
3.363e-01 1.549e+05
2.475e-01 1.565e+05
3.595e-01 1.298e+05
3.001e-01 1.591e+05
2.765e-01 1.644e+05
2.950e-01 1.165e+05
2.185e-01 1.621e+05
2.729e-01 1.612e+05
2.578e-01 1.634e+05
2.598e-01 1.625e+05
2.626e-01 1.607e+05
2.833e-01 1.522e+05
2.529e-01 1.580e+05
2.385e-01 1.683e+05
2.470e-01 1.663e+05
2.579e-01 1.537e+05
2.567e-01 1.538e+05
2.424e-01 1.618e+05
4.643e-01 9.426e+04
2.489e-01 1.454e+05
2.285e-01 1.627e+05
2.392e-01 1.655e+05
2.334e-01 1.695e+05
3.125e-01 1.468e+05
2.168e-01 1.708e+05
2.720e-01 1.661e+05
2.259e-01 1.728e+05
2.261e-01 1.675e+05
2.603e-01 1.679e+05
2.363e-01 1.641e+05
2.649e-01 1.585e+05
2.564e-01 1.536e+05
2.166e-01 1.652e+05
2.573e-01 1.603e+05
2.152e-01 1.615e+05
2.446e-01 1.624e+05
2.424e-01 1.609e+05
2.524e-01 1.576e+05
3.346e-01 1.004e+05
3.601e-01 7.453e+04
2.299e-01 1.564e+05
2.668e-01 1.652e+05
2.213e-01 1.614e+05
2.368e-01 1.635e+05
2.202e-01 1.715e+05
2.283e-01 1.660e+05
2.545e-01 1.668e+05
2.856e-01 1.534e+05
2.646e-01 1.411e+05
4.639e-01 7.380e+04
2.523e-01 1.686e+05
2.402e-01 1.642e+05
2.546e-01 1.609e+05
2.255e-01 1.609e+05
2.217e-01 1.625e+05
2.506e-01 1.573e+05
2.678e-01 1.506e+05
2.204e-01 1.700e+05
2.416e-01 1.628e+05
2.470e-01 1.598e+05
2.777e-01 1.569e+05
2.192e-01 1.666e+05
2.231e-01 1.634e+05
3.797e-01 8.385e+04
2.559e-01 1.675e+05
2.116e-06 1.307e+04
2.462e-01 1.620e+05
2.647e-01 1.641e+05
3.383e-01 1.466e+05
2.587e-01 1.530e+05
2.374e-01 1.621e+05
2.401e-01 1.597e+05
2.393e-01 1.610e+05
2.568e-01 1.608e+05
3.067e-01 1.512e+05
2.709e-01 1.584e+05
2.461e-01 1.543e+05
2.476e-01 1.584e+05
3.007e-01 1.610e+05
3.605e-01 7.666e+04
4.862e-01 7.535e+04
2.308e-01 1.646e+05
2.639e-01 1.488e+05
2.365e-01 1.671e+05
2.182e-01 1.701e+05
2.405e-01 1.666e+05
2.522e-01 1.620e+05
3.488e-01 1.137e+05
2.637e-01 1.629e+05
2.572e-01 1.631e+05
2.458e-01 1.626e+05
2.350e-01 1.670e+05
2.482e-01 1.624e+05
2.335e-01 1.699e+05
3.050e-01 1.453e+05
2.539e-01 1.607e+05
2.707e-01 1.590e+05
2.535e-01 1.579e+05
2.349e-01 1.594e+05
2.366e-01 1.656e+05
2.745e-01 1.644e+05
2.500e-01 1.611e+05
2.492e-01 1.608e+05
2.153e-01 1.646e+05
2.843e-01 1.566e+05
2.250e-01 1.689e+05
2.623e-01 1.618e+05
2.318e-01 1.630e+05
2.742e-01 1.560e+05
2.313e-01 1.620e+05
2.566e-01 1.627e+05
2.514e-01 1.653e+05
2.231e-01 1.595e+05
2.248e-01 1.642e+05
2.619e-01 1.597e+05
2.527e-01 1.628e+05
2.430e-01 1.619e+05
4.158e-01 1.450e+05
3.592e-01 7.615e+04
2.288e-01 1.647e+05
2.402e-01 1.655e+05
3.516e-01 1.087e+05
2.816e-01 1.571e+05
2.177e-01 1.627e+05
2.473e-01 1.616e+05
2.179e-01 1.699e+05
2.117e-01 1.677e+05
2.185e-01 1.678e+05
2.399e-01 1.675e+05
3.720e-01 7.840e+04
2.917e-01 1.503e+05
4.104e-01 7.495e+04
4.131e-01 7.513e+04
3.364e-01 1.009e+05
2.920e-01 1.156e+05
2.402e-01 1.579e+05
2.251e-01 1.618e+05
2.443e-01 1.601e+05
2.446e-01 1.629e+05
2.659e-01 1.579e+05
3.142e-01 1.032e+05
2.231e-01 1.559e+05
2.367e-01 1.645e+05
2.545e-01 1.629e+05
2.239e-01 1.643e+05
3.507e-01 1.456e+05
2.167e-01 1.722e+05
2.129e-01 1.724e+05
2.331e-01 1.723e+05
2.230e-01 1.640e+05
2.572e-01 1.564e+05
2.425e-01 1.647e+05
2.241e-01 1.670e+05
2.384e-01 1.560e+05
2.437e-01 1.641e+05
2.541e-01 1.606e+05
2.258e-01 1.622e+05
2.665e-01 1.620e+05
2.172e-01 1.635e+05
2.547e-01 1.600e+05
3.608e-01 7.564e+04
5.291e-01 1.184e+05
4.788e-01 1.196e+05
2.936e-01 1.502e+05
4.109e-01 1.108e+05
2.472e-01 1.576e+05
2.789e-01 1.615e+05
2.407e-01 1.457e+05
3.429e-01 7.468e+04
2.277e-01 1.652e+05
3.262e-01 1.455e+05
2.345e-01 1.639e+05
2.495e-01 1.620e+05
2.556e-01 1.631e+05
3.475e-01 9.548e+04
2.838e-01 1.534e+05
2.273e-01 1.675e+05
2.280e-01 1.636e+05
2.329e-01 1.651e+05
2.160e-01 1.646e+05
2.585e-01 1.650e+05
2.432e-01 1.637e+05
2.484e-01 1.618e+05
4.202e-01 1.116e+05
2.171e-01 1.675e+05
2.544e-01 1.600e+05
5.371e-06 1.362e+04
2.390e-01 1.644e+05
5.534e-01 9.359e+04
4.452e-01 1.338e+05
2.181e-01 1.629e+05
2.658e-01 1.617e+05
2.640e-01 1.596e+05
2.485e-01 1.620e+05
2.423e-01 1.578e+05
2.332e-01 1.639e+05
2.863e-01 1.607e+05
2.758e-01 1.647e+05
2.884e-01 1.574e+05
2.539e-01 1.479e+05
2.487e-01 1.637e+05
2.568e-01 1.635e+05
2.676e-01 1.570e+05
2.354e-01 1.646e+05
2.743e-01 1.534e+05
2.561e-01 1.631e+05
2.321e-01 1.623e+05
2.939e-01 1.579e+05
3.379e-01 8.075e+04
3.381e-01 7.738e+04
2.667e-01 1.629e+05
2.935e-01 1.504e+05
2.259e-01 1.631e+05
2.651e-01 1.579e+05
2.509e-01 1.453e+05
2.727e-01 1.222e+05
2.667e-01 1.634e+05
3.654e-01 1.382e+05
2.258e-01 1.680e+05
2.456e-01 1.642e+05
4.250e-01 1.146e+05
2.422e-01 1.630e+05
2.250e-01 1.631e+05
2.465e-01 1.626e+05
2.133e-01 1.713e+05
2.916e-01 1.596e+05
2.492e-01 1.556e+05
2.299e-01 1.617e+05
2.431e-01 1.624e+05
2.559e-01 1.657e+05
2.491e-01 1.680e+05
2.449e-01 1.570e+05
2.134e-01 1.718e+05
2.343e-01 1.651e+05
2.170e-01 1.719e+05
2.656e-01 1.594e+05
3.090e-01 7.738e+04
2.404e-01 1.601e+05
3.118e-01 1.015e+05
3.012e-06 1.010e+04
2.246e-01 1.704e+05
2.825e-01 1.581e+05
6.938e-06 4.319e+03
2.145e-01 1.660e+05
3.166e-01 1.499e+05
3.840e-01 1.071e+05
2.276e-01 1.669e+05
2.831e-01 1.536e+05
2.704e-01 1.599e+05
2.212e-01 1.715e+05
2.299e-01 1.686e+05
2.379e-01 1.634e+05
2.216e-01 1.695e+05
2.626e-01 1.617e+05
2.133e-01 1.596e+05
2.147e-01 1.676e+05
2.308e-01 1.667e+05
2.610e-01 1.546e+05
2.644e-01 1.645e+05
2.373e-01 1.670e+05
8.974e-07 4.458e+03
2.522e-01 1.630e+05
2.374e-01 1.653e+05
4.257e-01 1.342e+05
2.251e-01 1.554e+05
5.894e-06 7.639e+03
2.540e-01 1.497e+05
2.791e-01 1.597e+05
3.634e-01 1.458e+05
2.756e-01 1.371e+05
2.781e-01 1.606e+05
3.053e-01 1.507e+05
2.552e-01 1.637e+05
2.455e-01 1.624e+05
2.395e-01 1.668e+05
3.451e-01 1.429e+05
3.409e-01 1.472e+05
2.317e-01 1.727e+05
2.558e-01 1.560e+05
3.041e-01 1.511e+05
3.563e-01 8.991e+04
2.200e-01 1.621e+05
2.310e-01 1.566e+05
2.506e-01 1.583e+05
2.905e-01 1.616e+05
2.411e-01 1.619e+05
2.360e-01 1.651e+05
2.513e-01 1.597e+05
2.232e-01 1.666e+05
2.128e-01 1.708e+05
2.776e-01 1.557e+05
2.466e-01 1.640e+05
2.416e-01 1.660e+05
2.435e-01 1.590e+05
2.687e-01 1.637e+05
2.153e-01 1.716e+05
2.464e-01 1.570e+05
2.275e-01 1.589e+05
2.471e-01 1.648e+05
2.476e-01 1.591e+05
3.269e-01 1.063e+05
2.276e-01 1.635e+05
2.859e-01 1.548e+05
2.804e-01 1.574e+05
2.360e-01 1.544e+05
2.173e-01 1.649e+05
2.797e-01 1.544e+05
2.549e-01 1.590e+05
3.404e-01 1.237e+05
2.493e-01 1.643e+05
2.350e-01 1.534e+05
2.217e-01 1.605e+05
2.583e-01 1.621e+05
2.944e-01 1.531e+05
2.406e-01 1.629e+05
2.709e-01 1.614e+05
2.077e-06 9.162e+03
5.043e-01 7.109e+04
5.755e-01 1.056e+05
2.576e-01 1.550e+05
5.694e-01 1.293e+05
2.588e-01 1.602e+05
4.056e-01 7.413e+04
2.275e-01 1.598e+05
2.515e-01 9.815e+04
2.570e-01 1.597e+05
3.072e-01 1.522e+05
2.455e-01 1.697e+05
4.074e-01 7.430e+04
2.429e-01 1.645e+05
2.449e-01 1.582e+05
2.444e-01 1.659e+05
2.343e-01 1.613e+05
2.811e-01 1.520e+05
2.464e-01 1.646e+05
2.627e-01 1.564e+05
2.474e-01 1.647e+05
2.593e-01 1.596e+05
2.442e-01 1.653e+05
2.207e-01 1.632e+05
3.258e-01 1.503e+05
2.920e-01 1.626e+05
4.789e-01 1.363e+05
3.094e-01 9.152e+04
2.498e-01 1.637e+05
2.124e-01 1.624e+05
2.156e-01 1.718e+05
2.280e-01 1.653e+05
2.993e-01 1.534e+05
3.876e-01 1.421e+05
2.598e-01 1.615e+05
3.021e-01 1.472e+05
2.391e-01 1.696e+05
2.889e-01 1.534e+05
2.344e-01 1.643e+05
1.022e-05 1.493e+04
8.262e-06 1.397e+04
3.537e-01 1.475e+05
3.168e-01 7.131e+04
2.689e-01 1.537e+05
3.007e-01 1.484e+05
2.421e-01 1.639e+05
2.766e-01 1.510e+05
2.661e-01 1.604e+05
2.213e-01 1.670e+05
2.835e-01 1.563e+05
4.224e-01 7.609e+04
2.603e-01 1.632e+05
2.212e-01 1.682e+05
2.746e-01 1.578e+05
2.516e-01 1.608e+05
2.313e-01 1.646e+05
3.277e-01 1.460e+05
2.817e-01 1.553e+05
1.352e-05 7.426e+03
3.756e-01 7.618e+04
3.558e-01 1.445e+05
3.026e-01 1.547e+05
2.627e-01 1.635e+05
3.184e-01 1.496e+05
2.319e-01 1.632e+05
2.410e-01 1.650e+05
2.550e-01 1.571e+05
3.752e-01 7.845e+04
3.616e-01 8.143e+04
2.523e-01 1.588e+05
2.813e-01 1.550e+05
2.396e-01 1.633e+05
5.721e-06 9.964e+03
2.601e-01 1.570e+05
2.689e-01 1.625e+05
2.352e-01 1.648e+05
2.189e-01 1.690e+05
2.553e-01 1.662e+05
2.760e-01 1.549e+05
2.490e-01 1.627e+05
2.605e-01 1.590e+05
2.243e-01 1.678e+05
2.631e-01 1.623e+05
2.481e-01 1.660e+05
2.565e-01 1.566e+05
2.690e-01 1.588e+05
2.825e-01 1.643e+05
2.304e-01 1.629e+05
2.551e-01 1.672e+05
3.548e-01 1.215e+05
2.530e-01 1.616e+05
2.404e-01 1.620e+05
2.398e-01 1.642e+05
3.540e-01 1.469e+05
2.496e-01 1.627e+05
2.506e-01 1.646e+05
2.399e-01 1.624e+05
2.584e-01 1.635e+05
2.417e-01 1.643e+05
2.684e-01 1.579e+05
2.827e-01 1.593e+05
3.194e-01 1.516e+05
3.442e-01 1.448e+05
2.361e-01 1.609e+05
3.628e-01 7.565e+04
3.972e-01 8.115e+04
4.119e-01 1.321e+05
2.539e-01 1.643e+05
2.848e-01 1.629e+05
2.554e-01 1.664e+05
3.205e-01 1.001e+05
2.452e-01 1.619e+05
2.558e-01 1.632e+05
2.205e-01 1.664e+05
2.641e-01 1.588e+05
2.125e-01 1.698e+05
2.460e-01 1.422e+05
4.157e-01 7.920e+04
2.527e-01 1.628e+05
5.474e-01 1.081e+05
2.652e-01 1.658e+05
2.213e-01 1.643e+05
2.747e-01 1.559e+05
2.529e-01 1.683e+05
2.305e-01 1.667e+05
2.453e-01 1.658e+05
2.482e-01 1.621e+05
2.146e-01 1.626e+05
2.483e-01 1.561e+05
2.142e-01 1.721e+05
2.361e-01 1.713e+05
2.239e-01 1.687e+05
2.541e-01 1.695e+05
2.557e-01 1.572e+05
2.503e-01 1.584e+05
2.219e-01 1.666e+05
2.802e-01 1.597e+05
2.342e-01 1.603e+05
2.525e-01 1.615e+05
2.145e-01 1.660e+05
3.597e-01 1.208e+05
2.207e-01 1.717e+05
2.811e-01 1.578e+05
2.380e-01 1.591e+05
3.389e-01 1.541e+05
2.285e-01 1.651e+05
2.649e-01 1.663e+05
2.491e-01 1.643e+05
2.575e-01 1.597e+05
2.435e-01 1.634e+05
2.104e-01 1.685e+05
2.413e-01 1.635e+05
2.243e-01 1.627e+05
2.414e-01 1.642e+05
3.393e-01 1.364e+05
2.463e-01 1.670e+05
2.740e-01 1.507e+05
2.136e-01 1.624e+05
3.963e-01 7.186e+04
2.214e-01 1.644e+05
2.229e-01 1.646e+05
2.268e-01 1.705e+05
2.704e-01 1.578e+05
2.558e-01 1.585e+05
2.667e-01 1.580e+05
2.275e-01 1.650e+05
2.209e-01 1.723e+05
2.273e-01 1.676e+05
2.623e-01 1.595e+05
3.804e-01 7.694e+04
2.330e-01 1.637e+05
4.074e-06 4.357e+03
2.623e-01 1.639e+05
3.517e-01 8.594e+04
2.441e-01 1.600e+05
2.275e-01 1.602e+05
3.399e-01 7.410e+04
2.664e-01 1.590e+05
2.258e-01 1.614e+05
2.302e-01 1.588e+05
2.664e-01 1.560e+05
3.121e-01 1.534e+05
2.522e-01 1.650e+05
3.476e-01 8.122e+04
2.524e-01 1.568e+05
2.322e-01 1.652e+05
2.644e-01 1.556e+05
2.477e-01 1.654e+05
2.358e-01 1.680e+05
3.513e-01 1.304e+05
3.517e-01 1.310e+05
3.919e-01 1.073e+05
2.400e-01 1.544e+05
2.330e-01 1.659e+05
2.195e-01 1.657e+05
2.658e-01 1.494e+05
2.512e-01 1.626e+05
2.909e-01 1.233e+05
2.330e-01 1.529e+05
2.876e-01 1.522e+05
3.263e-01 1.513e+05
2.763e-01 1.564e+05
2.909e-01 1.510e+05
2.407e-01 1.659e+05
2.864e-06 1.295e+03
2.745e-01 1.642e+05
3.098e-01 1.577e+05
2.408e-01 1.664e+05
2.521e-01 1.638e+05
2.387e-01 1.656e+05
3.110e-01 9.539e+04
2.653e-01 1.604e+05
2.605e-01 1.607e+05
2.365e-01 1.654e+05
2.737e-01 1.566e+05
2.370e-01 1.575e+05
2.647e-01 1.645e+05
2.915e-01 7.531e+04
2.842e-01 1.512e+05
2.265e-01 1.620e+05
2.709e-01 1.663e+05
2.132e-01 1.656e+05
2.119e-01 1.643e+05
2.578e-01 1.614e+05
2.575e-01 1.618e+05
2.651e-01 1.645e+05
2.448e-01 1.699e+05
3.145e-01 8.383e+04
2.520e-01 1.594e+05
2.531e-01 1.642e+05
2.373e-01 1.664e+05
2.264e-01 1.658e+05
3.125e-01 1.549e+05
2.724e-01 1.553e+05
3.766e-01 1.505e+05
2.108e-01 1.675e+05
2.154e-01 1.731e+05
3.109e-01 1.491e+05
2.218e-01 1.729e+05
2.239e-01 1.657e+05
2.202e-01 1.687e+05
2.594e-01 1.604e+05
2.258e-01 1.614e+05
2.442e-01 1.605e+05
3.534e-01 1.538e+05
2.413e-01 1.679e+05
2.223e-01 1.672e+05
2.134e-01 1.713e+05
2.959e-01 1.604e+05
2.476e-01 1.589e+05
2.449e-01 1.599e+05
2.638e-01 1.657e+05
3.013e-01 1.503e+05
2.402e-01 1.617e+05
3.716e-01 8.760e+04
2.497e-01 1.647e+05
2.521e-01 1.612e+05
2.567e-01 1.673e+05
2.272e-01 1.602e+05
2.410e-01 1.310e+05
3.107e-01 1.494e+05
2.282e-01 1.682e+05
2.439e-01 1.623e+05
2.440e-01 1.653e+05
3.339e-01 1.066e+05
2.515e-01 1.629e+05
2.309e-01 1.636e+05
2.178e-01 1.618e+05
2.251e-01 1.602e+05
2.509e-01 1.641e+05
3.443e-01 1.495e+05
2.453e-01 1.680e+05
3.049e-01 1.516e+05
2.442e-01 1.624e+05
2.619e-01 1.613e+05
2.621e-01 1.591e+05
2.447e-01 1.635e+05
2.282e-01 1.698e+05
3.508e-06 3.719e+03
2.239e-01 1.589e+05
2.237e-01 1.695e+05
2.146e-01 1.617e+05
3.315e-01 8.878e+04
2.389e-01 1.295e+05
2.649e-01 1.565e+05
2.588e-01 1.642e+05
2.499e-01 1.613e+05
2.401e-01 1.641e+05
3.250e-06 1.432e+04
2.311e-01 1.551e+05
2.188e-01 1.634e+05
2.253e-01 1.650e+05
2.551e-01 1.678e+05
2.314e-01 1.611e+05
2.150e-01 1.710e+05
2.317e-01 1.614e+05
2.812e-01 1.573e+05
2.606e-01 1.596e+05
2.713e-01 1.628e+05
2.361e-01 1.632e+05
2.488e-01 1.643e+05
2.217e-01 1.686e+05
2.304e-01 1.655e+05
2.511e-01 1.634e+05
2.347e-01 1.558e+05
2.615e-01 1.636e+05
2.176e-01 1.687e+05
2.435e-01 1.660e+05
2.550e-01 1.582e+05
2.697e-01 1.586e+05
2.255e-01 1.701e+05
2.494e-01 1.654e+05
2.198e-01 1.676e+05
2.511e-01 1.622e+05
3.539e-01 7.610e+04
2.591e-01 1.647e+05
2.411e-01 1.581e+05
2.853e-01 1.569e+05
2.842e-01 1.479e+05
2.904e-01 1.556e+05
5.367e-01 7.481e+04
2.633e-01 1.544e+05
2.252e-01 1.631e+05
2.712e-01 1.095e+05
2.246e-01 1.622e+05
3.522e-01 8.662e+04
2.580e-01 1.509e+05
2.382e-01 1.651e+05
2.246e-01 1.670e+05
3.299e-01 1.392e+05
3.666e-01 7.607e+04
2.927e-01 7.368e+04
2.472e-01 1.640e+05
2.700e-01 1.652e+05
2.365e-01 1.636e+05
2.554e-01 1.535e+05
2.474e-01 1.594e+05
3.083e-01 1.494e+05
2.308e-01 1.644e+05
2.639e-01 1.552e+05
3.990e-01 1.333e+05
4.342e-01 7.607e+04
2.172e-01 1.705e+05
2.137e-01 1.624e+05
2.632e-01 1.608e+05
3.788e-01 7.578e+04
3.531e-01 8.162e+04
3.845e-06 3.300e+03
2.532e-01 1.627e+05
2.684e-01 1.533e+05
2.924e-01 9.869e+04
2.468e-01 1.654e+05
2.440e-01 1.623e+05
2.831e-01 1.564e+05
2.693e-01 1.472e+05
2.878e-01 1.532e+05
2.592e-01 1.658e+05
2.616e-01 1.592e+05
2.891e-01 1.494e+05
2.559e-01 1.624e+05
2.450e-01 1.615e+05
2.370e-01 1.659e+05
2.202e-01 1.595e+05
3.768e-01 1.424e+05
2.421e-01 1.609e+05
2.306e-01 1.693e+05
2.311e-01 1.659e+05
2.585e-01 1.636e+05
3.154e-01 1.462e+05
4.152e-01 9.004e+04
2.443e-01 1.589e+05
2.764e-01 1.556e+05
2.423e-01 1.643e+05
2.430e-01 1.600e+05
2.549e-01 1.614e+05
2.340e-01 1.646e+05
2.596e-01 1.553e+05
2.786e-01 1.582e+05
2.399e-01 1.684e+05
2.336e-01 1.637e+05
2.314e-01 1.596e+05
4.309e-01 7.576e+04
3.417e-01 8.617e+04
2.219e-01 1.663e+05
2.522e-01 1.636e+05
3.613e-01 1.519e+05
2.131e-01 1.669e+05
2.541e-01 1.567e+05
2.337e-01 1.651e+05
4.018e-01 1.416e+05
2.115e-01 1.720e+05
2.409e-01 1.661e+05
2.386e-01 1.568e+05
2.227e-01 1.689e+05
2.169e-01 1.699e+05
2.715e-01 1.597e+05
2.195e-01 1.663e+05
2.239e-01 1.638e+05
2.325e-01 1.711e+05
2.911e-01 1.521e+05
5.405e-01 1.124e+05
2.529e-01 1.640e+05
4.162e-01 7.272e+04
2.611e-01 1.605e+05
2.472e-01 1.627e+05
2.501e-01 1.654e+05
2.857e-01 1.590e+05
3.783e-01 1.297e+05
2.385e-01 1.598e+05
2.331e-01 1.619e+05
2.636e-01 1.598e+05
2.487e-01 1.627e+05
2.419e-01 1.615e+05
2.305e-01 1.658e+05
2.481e-01 1.603e+05
2.447e-01 1.672e+05
2.379e-01 1.690e+05
2.539e-01 1.586e+05
2.336e-01 1.637e+05
2.245e-01 1.707e+05
2.874e-01 1.505e+05
2.527e-01 1.605e+05
2.343e-01 1.600e+05
2.437e-01 1.666e+05
2.572e-01 1.657e+05
4.502e-06 2.340e+03
2.890e-01 1.509e+05
3.761e-01 1.484e+05
2.176e-01 1.668e+05
2.287e-01 1.612e+05
2.478e-01 1.596e+05
2.270e-01 1.629e+05
2.778e-01 1.552e+05
2.477e-01 1.575e+05
2.272e-01 1.710e+05
2.448e-01 1.652e+05
2.748e-01 1.504e+05
2.284e-01 1.577e+05
2.594e-01 1.601e+05
2.340e-01 1.619e+05
2.675e-01 1.576e+05
4.583e-01 1.063e+05
2.434e-01 1.647e+05
1.162e-07 2.589e+03
3.608e-01 7.443e+04
3.000e-01 1.582e+05
2.448e-01 1.624e+05
3.928e-01 1.478e+05
2.466e-01 1.606e+05
2.425e-01 1.664e+05
2.142e-01 1.715e+05
3.210e-01 1.536e+05
2.544e-01 1.553e+05
2.374e-01 1.626e+05
2.798e-01 1.627e+05
2.533e-01 1.585e+05
2.338e-01 1.588e+05
2.203e-01 1.664e+05
2.166e-01 1.647e+05
2.986e-01 1.157e+05
2.298e-01 1.611e+05
2.503e-01 1.593e+05
2.476e-01 1.662e+05
2.486e-01 1.634e+05
2.752e-01 1.579e+05
3.048e-01 1.047e+05
3.081e-01 1.499e+05
2.261e-01 1.663e+05
2.316e-01 1.663e+05
2.718e-01 1.597e+05
2.349e-01 1.683e+05
2.223e-01 1.700e+05
3.338e-01 7.382e+04
2.502e-01 1.653e+05
1.034e-05 1.579e+03
2.695e-01 1.615e+05
2.746e-01 1.573e+05
2.549e-01 1.683e+05
2.290e-01 1.641e+05
2.440e-01 1.350e+05
2.415e-01 1.668e+05
2.387e-01 1.699e+05
3.105e-01 1.483e+05
3.157e-01 7.579e+04
3.432e-01 7.833e+04
2.949e-01 1.541e+05
2.215e-01 1.658e+05
3.431e-01 1.289e+05
2.479e-01 1.403e+05
2.195e-01 1.683e+05
2.574e-01 1.627e+05
3.613e-01 7.900e+04
2.550e-01 1.607e+05
2.134e-01 1.661e+05
2.148e-01 1.700e+05
2.394e-01 1.643e+05
2.402e-01 1.576e+05
2.763e-01 1.514e+05
2.787e-01 1.553e+05
2.156e-01 1.619e+05
3.873e-01 8.426e+04
1.167e-05 3.893e+03
2.308e-01 1.635e+05
2.394e-01 1.642e+05
5.979e-01 1.049e+05
2.945e-01 1.550e+05
8.025e-07 1.771e+04
2.257e-01 1.731e+05
2.655e-01 1.519e+05
4.127e-01 7.219e+04
2.172e-01 1.718e+05
2.156e-01 1.673e+05
2.666e-01 1.539e+05
2.740e-01 1.530e+05
2.322e-01 1.574e+05
2.207e-01 1.653e+05
2.589e-01 1.578e+05
2.509e-01 1.625e+05
2.283e-01 1.712e+05
2.168e-01 1.698e+05
2.531e-01 1.636e+05
4.217e-01 7.543e+04
2.383e-01 1.644e+05
2.163e-01 1.676e+05
4.786e-01 9.126e+04
2.898e-01 1.524e+05
3.900e-01 8.086e+04
2.695e-01 1.624e+05
2.666e-01 1.614e+05
2.376e-01 1.707e+05
2.721e-01 1.573e+05
2.617e-01 1.684e+05
2.481e-01 1.636e+05
2.111e-01 1.677e+05
2.470e-01 1.596e+05
2.380e-01 1.638e+05
2.118e-01 1.716e+05
2.153e-01 1.693e+05
2.177e-01 1.647e+05
2.682e-01 1.544e+05
2.350e-01 1.520e+05
3.812e-01 7.360e+04
2.764e-01 1.606e+05
2.633e-01 1.587e+05
2.597e-01 1.567e+05
2.663e-01 1.570e+05
2.432e-01 1.577e+05
2.531e-01 1.540e+05
2.179e-01 1.657e+05
2.224e-01 1.678e+05
2.411e-01 1.685e+05
2.329e-01 1.645e+05
2.196e-01 1.573e+05
3.529e-01 7.536e+04
2.564e-01 1.622e+05
2.422e-01 1.663e+05
2.247e-01 1.705e+05
2.337e-01 1.627e+05
3.378e-01 7.749e+04
2.364e-01 1.585e+05
2.588e-01 1.585e+05
2.645e-01 1.628e+05
9.098e-06 2.627e+04
2.537e-01 1.493e+05
2.320e-01 1.630e+05
2.470e-01 1.639e+05
2.208e-01 1.721e+05
2.519e-01 1.607e+05
2.624e-01 1.622e+05
2.588e-01 1.643e+05
2.784e-01 1.549e+05
2.887e-01 1.518e+05
2.556e-01 1.583e+05
2.534e-01 1.602e+05
2.349e-01 1.644e+05
2.626e-01 1.593e+05
4.379e-01 7.639e+04
2.214e-01 1.611e+05
2.321e-01 1.702e+05
2.200e-01 1.683e+05
2.392e-01 1.651e+05
4.216e-06 4.160e+03
2.123e-01 1.678e+05
3.358e-01 7.479e+04
2.293e-01 1.561e+05
2.952e-01 1.570e+05
2.497e-01 1.619e+05
2.547e-01 1.599e+05
2.513e-01 1.618e+05
3.226e-01 7.694e+04
2.328e-01 1.589e+05
2.396e-01 1.603e+05
2.228e-01 1.616e+05
2.203e-01 1.664e+05
2.382e-01 1.677e+05
2.636e-01 1.547e+05
3.215e-01 1.515e+05
2.607e-01 1.617e+05
2.677e-01 1.597e+05
1.288e-05 5.134e+03
2.292e-01 1.630e+05
5.684e-06 5.573e+03
2.661e-01 1.536e+05
3.064e-01 1.555e+05
2.473e-01 1.653e+05
2.128e-01 1.682e+05
2.147e-01 1.686e+05
2.400e-01 1.648e+05
2.922e-01 7.941e+04
2.390e-01 1.584e+05
2.550e-01 1.564e+05
2.463e-01 1.645e+05
4.388e-01 7.239e+04
2.749e-01 1.608e+05
2.367e-01 1.677e+05
3.573e-01 1.424e+05
2.569e-01 1.635e+05
2.642e-01 1.495e+05
2.368e-01 1.703e+05
2.399e-01 1.593e+05
2.521e-01 1.608e+05
2.334e-01 1.647e+05
3.313e-01 7.296e+04
2.566e-01 1.602e+05
2.418e-01 1.637e+05
2.235e-01 1.655e+05
2.493e-06 1.112e+04
2.132e-01 1.674e+05
2.316e-01 1.600e+05
2.726e-01 1.549e+05
2.770e-01 1.538e+05
2.370e-01 1.606e+05
4.832e-01 8.197e+04
3.582e-01 7.947e+04
3.078e-01 1.522e+05
2.520e-01 1.628e+05
2.376e-01 1.714e+05
2.671e-01 1.585e+05
2.158e-01 1.570e+05
2.320e-01 1.663e+05
5.679e-01 1.049e+05
2.602e-01 1.591e+05
2.986e-01 9.863e+04
3.284e-01 1.438e+05
2.215e-01 1.668e+05
2.621e-01 1.627e+05
2.641e-01 1.600e+05
2.425e-01 1.652e+05
2.362e-01 1.666e+05
2.738e-01 1.565e+05
2.483e-01 1.634e+05
2.278e-01 1.628e+05
2.405e-01 1.643e+05
2.692e-01 1.525e+05
2.521e-01 1.635e+05
1.376e-06 1.218e+04
2.691e-01 1.563e+05
3.994e-01 1.462e+05
2.187e-01 1.669e+05
2.486e-01 1.651e+05
3.381e-01 1.524e+05
2.875e-01 1.555e+05
2.937e-01 1.462e+05
1.842e-06 1.668e+04
2.463e-01 1.654e+05
2.374e-01 1.638e+05
2.501e-01 1.625e+05
2.644e-01 1.612e+05
4.703e-01 7.743e+04
3.259e-01 1.504e+05
2.390e-01 1.648e+05
2.747e-01 1.510e+05
3.115e-01 9.848e+04
2.303e-01 1.684e+05
2.966e-01 1.507e+05
2.589e-01 1.629e+05
2.264e-01 1.659e+05
2.322e-01 1.716e+05
2.437e-01 1.598e+05
2.675e-01 1.573e+05
2.216e-01 1.627e+05
2.277e-01 1.626e+05
2.346e-01 1.630e+05
2.296e-01 1.608e+05
2.826e-01 1.551e+05
2.530e-01 1.630e+05
2.368e-01 1.670e+05
2.617e-01 1.594e+05
2.192e-01 1.623e+05
2.153e-01 1.626e+05
2.302e-01 1.707e+05
2.372e-01 1.676e+05
4.147e-01 7.420e+04
2.962e-01 1.518e+05
3.217e-01 1.495e+05
2.655e-01 1.562e+05
2.309e-01 1.633e+05
2.989e-01 1.584e+05
2.231e-01 1.672e+05
3.635e-01 7.400e+04
2.525e-01 1.615e+05
2.193e-01 1.635e+05
2.880e-01 1.449e+05
2.493e-01 1.656e+05
2.145e-01 1.698e+05
2.860e-01 1.634e+05
3.981e-01 7.689e+04
2.924e-01 1.468e+05
2.657e-01 1.663e+05
2.445e-01 1.630e+05
2.663e-01 1.551e+05
2.428e-01 1.541e+05
2.615e-01 1.632e+05
2.217e-01 1.602e+05
2.586e-01 1.610e+05
3.771e-01 1.431e+05
2.643e-01 1.604e+05
2.316e-01 1.607e+05
4.317e-01 7.586e+04
2.348e-01 1.682e+05
2.347e-01 1.559e+05
2.290e-01 1.591e+05
2.486e-01 1.526e+05
2.838e-01 1.235e+05
3.918e-01 7.509e+04
2.541e-01 1.642e+05
2.333e-01 1.652e+05
2.195e-01 1.651e+05
2.305e-01 1.616e+05
2.257e-01 1.655e+05
2.149e-01 1.637e+05
3.374e-01 9.183e+04
3.839e-01 1.123e+05
2.795e-01 1.586e+05
2.464e-01 1.554e+05
2.220e-01 1.647e+05
2.171e-01 1.592e+05
2.197e-01 1.730e+05
2.493e-01 1.563e+05
8.722e-07 1.806e+03
2.160e-01 1.707e+05
2.702e-01 1.290e+05
2.392e-01 1.553e+05
2.702e-01 1.508e+05
2.399e-01 1.569e+05
2.632e-01 1.627e+05
2.391e-01 1.635e+05
2.184e-01 1.610e+05
2.312e-01 1.637e+05
2.240e-01 1.648e+05
2.572e-01 1.645e+05
2.563e-01 1.619e+05
2.974e-01 1.236e+05
2.490e-01 1.603e+05
2.575e-01 1.610e+05
2.627e-01 1.588e+05
4.358e-01 7.446e+04
3.560e-01 1.455e+05
2.134e-01 1.708e+05
3.349e-01 1.471e+05
2.610e-01 1.601e+05
2.150e-01 1.623e+05
2.187e-01 1.639e+05
2.160e-01 1.692e+05
2.278e-01 1.621e+05
3.009e-01 1.084e+05
2.750e-01 1.562e+05
2.492e-01 1.600e+05
2.786e-01 1.502e+05
2.392e-01 1.628e+05
9.899e-06 1.351e+04
2.598e-01 1.513e+05
2.196e-01 1.613e+05
2.458e-01 1.569e+05
2.248e-01 1.631e+05
2.890e-01 1.571e+05
2.632e-01 1.251e+05
2.568e-01 1.584e+05
2.309e-01 1.669e+05
2.816e-01 1.580e+05
2.798e-01 1.518e+05
2.534e-01 1.587e+05
2.194e-01 1.731e+05
2.539e-01 1.598e+05
2.548e-01 1.569e+05
2.708e-01 1.629e+05
2.812e-01 1.520e+05
2.222e-01 1.644e+05
2.461e-01 1.518e+05
2.576e-01 1.617e+05
2.741e-01 1.593e+05
3.121e-01 1.519e+05
2.299e-01 1.644e+05
2.460e-01 1.625e+05
2.730e-01 1.509e+05
2.333e-01 1.722e+05
2.261e-01 1.617e+05
2.416e-01 1.585e+05
2.118e-01 1.667e+05
2.697e-01 1.577e+05
2.735e-01 1.432e+05
2.518e-01 1.649e+05
2.606e-01 1.512e+05
2.383e-01 1.652e+05
3.663e-01 1.418e+05
2.709e-01 1.604e+05
2.163e-01 1.720e+05
4.034e-01 7.382e+04
2.142e-01 1.648e+05
2.469e-01 1.545e+05
2.870e-01 1.528e+05
3.337e-01 1.573e+05
2.214e-01 1.674e+05
1.731e-05 1.330e+04
2.655e-01 1.216e+05
2.621e-01 1.590e+05
2.465e-01 1.490e+05
2.606e-01 1.679e+05
4.151e-01 1.001e+05
2.584e-01 1.641e+05
2.569e-01 1.590e+05
2.412e-01 1.601e+05
2.540e-01 1.647e+05
3.587e-01 7.756e+04
3.311e-01 9.690e+04
2.813e-01 1.576e+05
2.531e-01 1.615e+05
2.723e-01 1.581e+05
2.561e-01 1.620e+05
3.063e-01 1.478e+05
3.015e-01 1.610e+05
2.508e-01 1.685e+05
2.417e-01 1.655e+05
3.416e-01 1.139e+05
2.306e-01 1.659e+05
2.762e-01 1.609e+05
3.202e-01 1.494e+05
2.124e-01 1.711e+05
2.583e-01 1.669e+05
2.324e-01 1.599e+05
2.395e-01 1.712e+05
4.837e-01 1.123e+05
2.591e-01 1.603e+05
2.591e-01 1.633e+05
2.273e-01 1.667e+05
2.606e-01 1.618e+05
2.484e-01 1.586e+05
2.284e-01 1.626e+05
2.408e-01 1.614e+05
2.553e-01 1.610e+05
2.508e-01 1.633e+05
3.956e-01 1.073e+05
2.490e-01 1.575e+05
2.602e-01 1.577e+05
2.482e-01 1.593e+05
2.157e-01 1.660e+05
2.248e-01 1.726e+05
5.021e-01 1.349e+05
2.569e-01 1.616e+05
2.711e-01 1.555e+05
2.643e-01 1.623e+05
2.863e-01 1.646e+05
2.947e-01 1.627e+05
3.629e-06 5.997e+02
8.390e-06 2.447e+04
4.524e-01 7.365e+04
3.045e-01 1.426e+05
3.515e-01 1.013e+05
2.213e-01 1.659e+05
4.646e-06 1.732e+04
2.874e-01 1.289e+05
2.283e-01 1.581e+05
2.550e-01 1.604e+05
2.317e-01 1.601e+05
2.526e-01 1.617e+05
2.567e-01 1.636e+05
2.492e-01 1.619e+05
2.983e-01 1.543e+05
2.666e-01 1.574e+05
5.777e-01 1.052e+05
2.310e-01 1.689e+05
2.142e-01 1.702e+05
3.073e-01 1.484e+05
2.323e-01 1.599e+05
3.230e-01 7.383e+04
3.883e-01 1.473e+05
2.384e-01 1.612e+05
2.431e-01 1.600e+05
2.504e-01 1.687e+05
2.494e-01 1.584e+05
2.593e-01 1.571e+05
3.186e-01 7.674e+04
2.538e-01 1.640e+05
2.402e-01 1.482e+05
2.539e-01 1.553e+05
2.272e-01 1.628e+05
2.213e-01 1.506e+05
2.328e-01 1.664e+05
2.613e-01 1.615e+05
2.890e-01 1.497e+05
2.631e-01 1.600e+05
4.729e-01 8.624e+04
3.424e-01 8.391e+04
2.473e-01 1.585e+05
2.422e-01 1.684e+05
2.647e-01 1.599e+05
2.220e-01 1.666e+05
2.370e-01 1.613e+05
2.331e-01 1.568e+05
2.469e-01 1.583e+05
2.631e-01 1.617e+05
3.264e-01 8.810e+04
2.597e-01 1.574e+05
3.015e-01 1.241e+05
2.212e-01 1.608e+05
2.480e-01 1.658e+05
2.348e-01 1.634e+05
2.779e-01 1.561e+05
2.666e-01 1.651e+05
2.458e-01 1.634e+05
3.333e-01 7.691e+04
2.536e-01 1.555e+05
2.776e-01 1.524e+05
2.855e-01 1.223e+05
2.634e-01 1.632e+05
2.639e-01 1.576e+05
2.615e-01 1.593e+05
2.449e-01 1.648e+05
2.562e-01 1.616e+05
2.371e-01 1.653e+05
2.814e-01 1.604e+05
2.150e-01 1.668e+05
2.526e-01 1.624e+05
2.163e-01 1.655e+05
2.434e-01 1.594e+05
4.349e-01 1.400e+05
2.263e-01 1.618e+05
2.227e-01 1.616e+05
3.955e-01 1.407e+05
2.471e-01 1.666e+05
2.378e-01 1.629e+05
4.048e-01 1.401e+05
2.863e-01 1.552e+05
2.337e-01 1.652e+05
2.364e-01 1.597e+05
2.390e-01 1.675e+05
2.500e-01 1.641e+05
2.342e-01 1.543e+05
2.192e-01 1.613e+05
2.758e-01 1.580e+05
3.219e-01 1.114e+05
2.666e-01 1.597e+05
2.415e-01 1.660e+05
3.430e-01 1.520e+05
2.849e-01 1.641e+05
2.219e-01 1.598e+05
2.718e-01 1.589e+05
2.614e-01 1.563e+05
2.597e-01 1.562e+05
2.369e-01 1.640e+05
2.539e-01 1.680e+05
2.178e-01 1.723e+05
5.175e-01 9.191e+04
3.502e-01 1.431e+05
4.429e-01 1.414e+05
2.220e-01 1.686e+05
2.123e-01 1.666e+05
4.733e-01 1.124e+05
2.272e-01 1.619e+05
2.473e-01 1.644e+05
2.646e-01 1.626e+05
2.487e-01 1.608e+05
2.377e-01 1.650e+05
3.731e-01 8.653e+04
2.311e-01 1.629e+05
2.997e-01 1.452e+05
2.361e-01 1.533e+05
2.465e-01 1.605e+05
2.457e-01 1.652e+05
2.137e-01 1.702e+05
1.423e-06 1.170e+04
2.804e-01 1.513e+05
3.029e-01 1.409e+05
2.642e-01 1.592e+05
2.734e-01 1.606e+05
4.414e-01 1.369e+05
2.282e-01 1.661e+05
2.726e-01 1.446e+05
2.698e-01 1.537e+05
2.449e-01 1.639e+05
2.585e-01 1.615e+05
2.580e-01 1.586e+05
2.808e-01 1.269e+05
2.176e-01 1.735e+05
2.469e-01 1.596e+05
2.631e-01 1.674e+05
2.708e-01 1.583e+05
2.827e-01 1.617e+05
3.386e-01 1.526e+05
2.232e-01 1.553e+05
2.444e-01 1.558e+05
3.140e-01 1.532e+05
2.543e-01 1.593e+05
2.570e-01 1.454e+05
2.663e-01 1.566e+05
2.454e-01 1.632e+05
2.554e-01 1.563e+05
2.366e-01 1.627e+05
2.164e-01 1.669e+05
2.631e-01 1.624e+05
2.541e-01 1.608e+05
2.766e-01 1.580e+05
2.559e-01 1.682e+05
2.501e-01 1.647e+05
2.207e-01 1.644e+05
4.021e-01 7.421e+04
3.418e-01 7.857e+04
3.600e-01 1.055e+05
3.452e-01 1.501e+05
2.340e-01 1.578e+05
2.194e-01 1.712e+05
2.762e-01 1.583e+05
4.650e-01 1.356e+05
2.403e-01 1.604e+05
2.476e-01 1.606e+05
2.361e-01 1.637e+05
3.228e-01 7.432e+04
2.426e-01 1.634e+05
2.173e-01 1.647e+05
2.868e-01 1.637e+05
3.044e-01 1.493e+05
3.856e-01 7.480e+04
3.837e-01 7.764e+04
2.493e-01 1.579e+05
2.884e-01 1.543e+05
3.015e-01 1.529e+05
2.509e-01 1.620e+05
2.389e-01 1.614e+05
2.671e-01 1.566e+05
2.529e-01 1.649e+05
2.290e-01 1.595e+05
2.800e-01 1.534e+05
2.672e-01 1.641e+05
2.247e-01 1.652e+05
2.652e-01 1.581e+05
2.482e-01 1.645e+05
2.603e-01 1.660e+05
2.308e-01 1.631e+05
2.367e-01 1.634e+05
4.847e-01 1.284e+05
2.236e-01 1.617e+05
2.573e-01 1.581e+05
2.789e-01 1.563e+05
3.164e-01 1.497e+05
3.904e-01 7.716e+04
4.042e-01 1.461e+05
2.719e-01 1.601e+05
2.491e-01 1.635e+05
1.125e-06 1.709e+04
2.675e-01 1.553e+05
2.298e-01 1.664e+05
2.366e-01 1.618e+05
2.468e-01 1.627e+05
4.142e-01 7.504e+04
2.291e-01 1.651e+05
2.391e-01 1.620e+05
2.913e-01 1.029e+05
2.108e-01 1.667e+05
4.319e-01 7.340e+04
2.150e-01 1.701e+05
3.089e-01 1.031e+05
2.175e-01 1.664e+05
2.780e-01 1.493e+05
2.807e-01 1.550e+05
2.830e-01 1.628e+05
2.584e-01 1.617e+05
2.570e-01 1.601e+05
2.542e-01 1.689e+05
2.271e-01 1.724e+05
2.207e-01 1.735e+05
2.209e-01 1.668e+05
2.955e-01 1.550e+05
2.540e-01 1.639e+05
2.427e-01 1.697e+05
2.294e-01 1.670e+05
2.575e-01 1.662e+05
3.335e-01 1.547e+05
2.429e-01 1.610e+05
6.553e-06 3.642e+03
2.631e-01 1.683e+05
2.345e-01 1.588e+05
2.488e-01 1.505e+05
2.209e-01 1.690e+05
2.309e-01 1.644e+05
3.684e-01 7.742e+04
2.786e-01 1.567e+05
2.615e-01 1.617e+05
4.129e-01 7.976e+04
2.786e-01 1.564e+05
2.286e-01 1.696e+05
2.688e-01 1.587e+05
2.259e-01 1.687e+05
2.846e-01 1.564e+05
2.675e-01 1.643e+05
2.201e-01 1.652e+05
2.145e-01 1.637e+05
2.295e-01 1.677e+05
2.208e-01 1.713e+05
5.449e-01 1.246e+05
2.330e-01 1.656e+05
2.375e-01 1.682e+05
3.750e-01 1.446e+05
3.353e-01 7.517e+04
2.804e-01 1.528e+05
2.720e-01 1.594e+05
2.193e-01 1.707e+05
2.521e-01 1.677e+05
4.083e-01 1.400e+05
2.366e-01 1.617e+05
4.073e-01 7.419e+04
2.535e-01 1.577e+05
2.470e-01 1.661e+05
3.051e-01 1.033e+05
1.369e-06 1.401e+04
2.874e-01 1.584e+05
2.648e-01 1.589e+05
2.394e-01 1.696e+05
4.267e-01 1.114e+05
3.963e-01 7.688e+04
2.254e-01 1.679e+05
2.195e-01 1.642e+05
2.540e-01 1.604e+05
4.451e-01 7.518e+04
3.364e-01 1.456e+05
2.599e-01 1.641e+05
3.143e-01 1.207e+05
2.417e-01 1.652e+05
2.333e-01 1.660e+05
2.254e-01 1.647e+05
2.188e-01 1.620e+05
4.974e-01 1.348e+05
2.309e-01 1.622e+05
2.914e-01 1.634e+05
2.217e-01 1.661e+05
2.408e-01 1.643e+05
2.711e-01 1.601e+05
2.538e-01 1.628e+05
2.604e-01 1.609e+05
2.915e-01 1.481e+05
2.471e-01 1.606e+05
3.007e-01 1.576e+05
2.133e-01 1.698e+05
2.223e-01 1.697e+05
2.461e-01 1.531e+05
2.407e-01 1.634e+05
2.446e-01 1.652e+05
2.694e-01 1.283e+05
2.338e-01 1.669e+05
2.776e-01 1.567e+05
2.233e-01 1.715e+05
4.189e-01 1.284e+05
2.476e-01 1.656e+05
2.732e-01 1.438e+05
2.770e-01 1.587e+05
2.444e-01 1.588e+05
2.235e-01 1.660e+05
2.615e-01 1.557e+05
3.462e-01 1.439e+05
3.869e-01 7.402e+04
3.677e-01 7.396e+04
2.599e-01 1.618e+05
2.972e-01 1.465e+05
2.341e-01 1.652e+05
2.549e-01 1.618e+05
2.492e-01 1.663e+05
2.547e-01 1.559e+05
2.977e-01 1.580e+05
2.700e-01 1.512e+05
2.316e-01 1.706e+05
2.677e-01 1.545e+05
4.107e-01 7.296e+04
4.186e-01 1.420e+05
2.254e-01 1.615e+05
2.298e-01 1.670e+05
2.495e-01 1.619e+05
2.673e-01 1.630e+05
2.602e-01 1.625e+05
2.922e-01 1.456e+05
2.889e-01 7.742e+04
2.213e-01 1.703e+05
2.690e-01 1.575e+05
2.805e-01 1.496e+05
2.656e-01 1.602e+05
3.320e-01 7.329e+04
2.446e-01 1.478e+05
2.469e-01 1.604e+05
2.269e-01 1.638e+05
2.395e-01 1.650e+05
3.320e-06 5.466e+03
2.290e-01 1.610e+05
3.423e-01 1.089e+05
2.317e-01 1.611e+05
2.331e-01 1.654e+05
2.749e-01 1.551e+05
2.734e-01 1.578e+05
2.529e-01 1.580e+05
2.352e-01 1.648e+05
2.242e-01 1.677e+05
2.681e-01 1.642e+05
2.430e-01 1.599e+05
2.112e-01 1.710e+05
2.534e-01 1.599e+05
3.701e-01 7.733e+04
2.168e-01 1.724e+05
2.366e-01 1.598e+05
3.755e-01 1.503e+05
3.750e-01 1.234e+05
2.232e-01 1.636e+05
2.405e-01 1.579e+05
3.645e-01 7.563e+04
2.511e-01 1.436e+05
3.271e-01 7.395e+04
2.132e-01 1.697e+05
2.584e-01 1.591e+05
4.304e-01 7.612e+04
2.829e-01 1.576e+05
2.479e-01 1.653e+05
2.343e-01 1.674e+05
2.331e-01 1.642e+05
2.298e-01 1.691e+05
2.814e-01 1.533e+05
2.620e-01 1.641e+05
2.636e-01 1.572e+05
2.654e-01 1.573e+05
2.745e-01 1.557e+05
2.546e-01 1.648e+05
2.330e-01 1.660e+05
2.499e-01 1.632e+05
2.626e-01 1.611e+05
2.588e-01 1.544e+05
2.197e-01 1.698e+05
2.943e-01 1.612e+05
2.484e-01 1.635e+05
2.597e-01 1.614e+05
2.364e-01 1.661e+05
2.467e-01 1.473e+05
2.285e-01 1.616e+05
2.432e-01 1.659e+05
2.287e-01 1.631e+05
2.285e-01 1.686e+05
2.397e-01 1.687e+05
3.933e-01 8.470e+04
2.664e-01 1.624e+05
2.590e-01 1.594e+05
2.577e-01 1.591e+05
2.600e-01 1.618e+05
2.491e-01 1.495e+05
2.485e-01 1.638e+05
2.457e-01 1.638e+05
2.724e-01 1.550e+05
2.218e-01 1.723e+05
2.607e-01 1.601e+05
2.181e-01 1.646e+05
5.719e-07 2.038e+04
2.859e-01 1.521e+05
3.529e-01 1.411e+05
3.250e-01 7.601e+04
2.431e-01 1.638e+05
2.389e-01 1.578e+05
2.382e-01 1.452e+05
2.768e-01 1.521e+05
2.211e-01 1.641e+05
2.674e-01 1.494e+05
2.949e-01 1.393e+05
3.563e-01 1.444e+05
3.132e-01 1.460e+05
3.393e-01 1.084e+05
2.513e-01 1.618e+05
2.856e-01 1.543e+05
2.533e-01 1.526e+05
2.502e-01 1.662e+05
2.157e-01 1.686e+05
2.251e-01 1.661e+05
2.514e-01 1.623e+05
2.649e-01 1.664e+05
3.355e-01 1.459e+05
2.422e-01 1.619e+05
3.541e-01 1.400e+05
2.413e-01 1.650e+05
2.250e-01 1.645e+05
3.210e-01 9.658e+04
2.188e-01 1.658e+05
2.541e-01 1.649e+05
2.431e-01 1.687e+05
2.649e-01 1.588e+05
5.692e-01 7.495e+04
2.516e-01 1.648e+05
9.176e-07 1.472e+04
2.493e-01 1.616e+05
2.647e-01 1.594e+05
2.627e-01 1.535e+05
2.328e-01 1.635e+05
3.120e-01 7.801e+04
4.375e-01 7.705e+04
2.507e-01 1.646e+05
2.611e-01 1.539e+05
4.037e-01 1.379e+05
2.522e-01 1.561e+05
2.420e-01 1.594e+05
2.953e-01 1.565e+05
2.917e-01 1.532e+05
2.587e-01 1.593e+05
2.150e-01 1.698e+05
2.558e-01 1.628e+05
2.705e-01 1.531e+05
2.707e-01 1.590e+05
2.478e-01 1.564e+05
3.446e-01 1.443e+05
2.352e-01 1.694e+05
2.187e-01 1.694e+05
2.314e-01 1.677e+05
3.580e-01 1.188e+05
2.289e-01 1.681e+05
2.738e-01 1.594e+05
2.349e-01 1.606e+05
2.229e-01 1.656e+05
2.214e-01 1.594e+05
2.510e-01 1.600e+05
2.314e-01 1.722e+05
2.696e-01 1.539e+05
2.275e-01 1.614e+05
3.543e-01 7.455e+04
2.367e-01 1.619e+05
2.122e-01 1.664e+05
2.438e-01 1.693e+05
2.593e-01 1.625e+05
3.132e-01 1.427e+05
5.069e-01 1.389e+05
2.503e-01 1.592e+05
2.272e-01 1.478e+05
3.016e-01 1.527e+05
2.519e-01 1.585e+05
2.680e-01 1.543e+05
2.358e-01 1.707e+05
4.311e-01 7.919e+04
2.361e-01 1.611e+05
2.392e-01 1.544e+05
2.706e-01 1.579e+05
5.087e-01 9.818e+04
5.814e-01 8.612e+04
2.215e-01 1.664e+05
2.718e-01 1.542e+05
2.262e-01 1.601e+05
2.452e-01 1.601e+05
2.487e-01 1.654e+05
2.481e-01 1.620e+05
2.240e-01 1.605e+05
1.377e-06 6.260e+03
2.141e-01 1.715e+05
2.909e-01 1.555e+05
2.545e-01 1.605e+05
2.401e-01 1.657e+05
2.207e-01 1.672e+05
2.289e-01 1.644e+05
2.584e-01 1.622e+05
2.251e-01 1.591e+05
2.360e-01 1.595e+05
2.384e-01 1.601e+05
2.501e-01 1.628e+05
2.471e-01 1.623e+05
2.466e-01 1.623e+05
3.124e-01 1.430e+05
2.692e-01 1.555e+05
2.323e-01 1.725e+05
2.725e-01 1.589e+05
2.406e-01 1.620e+05
2.275e-01 1.658e+05
2.895e-01 1.539e+05
3.717e-01 9.158e+04
2.563e-01 1.665e+05
3.252e-01 7.579e+04
2.293e-01 1.658e+05
2.860e-01 1.564e+05
2.712e-01 1.565e+05
3.367e-01 7.993e+04
2.277e-01 1.717e+05
4.050e-01 9.676e+04
2.515e-01 1.608e+05
2.218e-01 1.631e+05
2.620e-01 1.545e+05
2.573e-01 1.593e+05
2.498e-01 1.639e+05
3.961e-01 7.318e+04
2.184e-01 1.725e+05
2.558e-01 1.673e+05
2.532e-01 1.627e+05
2.412e-01 1.601e+05
2.327e-01 1.656e+05
3.607e-01 9.738e+04
2.202e-01 1.610e+05
2.230e-01 1.670e+05
2.514e-01 1.590e+05
3.844e-06 9.812e+03
2.546e-01 1.615e+05
3.376e-01 1.442e+05
3.567e-01 8.121e+04
2.449e-01 1.607e+05
2.153e-01 1.687e+05
2.558e-01 1.629e+05
2.739e-01 1.657e+05
2.240e-01 1.608e+05
2.464e-01 1.569e+05
2.189e-01 1.699e+05
2.431e-01 1.657e+05
3.137e-01 1.365e+05
2.218e-01 1.657e+05
2.216e-01 1.693e+05
2.496e-01 1.587e+05
3.161e-01 1.126e+05
2.414e-01 1.626e+05
2.346e-01 1.666e+05
3.594e-01 8.766e+04
2.276e-01 1.632e+05
5.030e-01 1.281e+05
2.629e-01 1.586e+05
2.510e-01 1.640e+05
2.694e-01 1.572e+05
2.510e-01 1.629e+05
2.699e-01 1.427e+05
2.218e-01 1.629e+05
2.441e-01 1.660e+05
2.378e-01 1.650e+05
2.746e-01 1.553e+05
2.321e-01 1.599e+05
3.014e-01 1.465e+05
2.408e-01 1.637e+05
2.714e-01 1.596e+05
2.214e-01 1.704e+05
2.338e-01 1.660e+05
2.665e-01 1.644e+05
3.191e-01 7.550e+04
4.271e-06 8.052e+03
3.279e-01 9.211e+04
2.568e-01 1.631e+05
2.477e-01 1.680e+05
2.773e-01 1.574e+05
2.753e-01 1.584e+05
2.574e-01 1.595e+05
2.851e-01 7.614e+04
2.587e-01 1.594e+05
2.405e-01 1.643e+05
2.764e-01 1.602e+05
2.395e-01 1.606e+05
2.743e-01 1.605e+05
3.302e-01 1.563e+05
2.380e-01 1.606e+05
2.455e-01 1.602e+05
2.396e-01 1.638e+05
3.092e-01 1.536e+05
2.899e-01 7.764e+04
2.260e-01 1.696e+05
2.313e-01 1.708e+05
3.573e-01 7.637e+04
2.372e-01 1.648e+05
2.610e-01 1.635e+05
3.428e-01 1.306e+05
2.774e-01 1.595e+05
2.886e-01 1.511e+05
4.348e-01 7.694e+04
2.455e-01 1.651e+05
4.346e-01 8.530e+04
2.649e-01 1.612e+05
2.531e-01 1.586e+05
3.131e-01 1.549e+05
2.907e-01 1.547e+05
2.297e-01 1.602e+05
3.558e-01 7.468e+04
2.288e-01 1.718e+05
2.796e-01 1.521e+05
2.644e-01 1.603e+05
2.565e-01 1.572e+05
2.641e-01 1.595e+05
2.819e-01 1.164e+05
2.404e-01 1.545e+05
3.472e-01 8.012e+04
2.602e-01 1.620e+05
2.527e-01 1.648e+05
2.394e-01 1.654e+05
2.549e-01 1.585e+05
2.820e-01 1.586e+05
2.309e-01 1.662e+05
2.591e-01 1.600e+05
2.645e-01 1.672e+05
2.542e-01 1.634e+05
2.547e-01 1.551e+05
2.759e-01 1.580e+05
2.781e-01 1.431e+05
2.595e-01 1.602e+05
4.275e-01 1.362e+05
2.547e-01 1.639e+05
2.470e-01 1.612e+05
2.374e-01 1.652e+05
2.401e-01 1.652e+05
2.195e-01 1.600e+05
2.665e-01 1.501e+05
2.393e-01 1.681e+05
2.499e-01 1.688e+05
3.970e-01 7.360e+04
3.779e-01 1.430e+05
3.462e-01 8.088e+04
3.550e-01 7.541e+04
2.611e-01 1.597e+05
3.411e-01 1.518e+05
2.369e-01 1.578e+05
2.404e-01 1.652e+05
2.793e-01 1.564e+05
2.194e-01 1.639e+05
2.639e-01 1.583e+05
3.005e-01 1.613e+05
2.374e-01 1.431e+05
3.317e-01 1.498e+05
3.800e-01 1.354e+05
2.399e-01 1.668e+05
2.568e-01 1.635e+05
3.453e-01 1.465e+05
4.866e-01 1.290e+05
2.625e-01 1.573e+05
2.113e-01 1.715e+05
2.304e-01 1.714e+05
2.453e-01 1.588e+05
2.558e-01 1.664e+05
2.895e-01 1.533e+05
2.465e-01 1.647e+05
2.383e-01 1.626e+05
2.453e-01 1.603e+05
2.464e-01 1.628e+05
2.333e-01 1.706e+05
2.334e-01 1.689e+05
3.128e-01 9.613e+04
2.534e-01 1.562e+05
2.702e-01 1.559e+05
2.330e-01 1.638e+05
2.705e-01 1.537e+05
2.155e-01 1.616e+05
3.239e-01 1.469e+05
2.650e-01 1.430e+05
2.550e-01 1.570e+05
2.369e-01 1.576e+05
3.710e-01 7.426e+04
2.452e-01 1.672e+05
2.599e-01 1.546e+05
2.468e-01 1.648e+05
2.280e-01 1.582e+05
2.662e-01 1.580e+05
2.336e-01 1.572e+05
2.260e-01 1.713e+05
2.699e-01 1.590e+05
2.444e-01 1.650e+05
2.483e-01 1.626e+05
2.405e-01 1.709e+05
4.191e-01 7.077e+04
2.516e-01 1.622e+05
3.284e-01 1.499e+05
2.358e-01 1.624e+05
2.597e-01 1.602e+05
3.131e-01 1.230e+05
5.901e-06 9.145e+03
2.188e-01 1.698e+05
2.528e-01 1.606e+05
2.460e-01 1.482e+05
3.975e-01 8.037e+04
3.501e-01 7.069e+04
2.445e-01 1.576e+05
2.579e-01 1.588e+05
2.573e-01 1.638e+05
2.728e-01 1.572e+05
2.322e-01 1.678e+05
2.866e-01 1.565e+05
3.485e-01 8.115e+04
3.190e-01 1.513e+05
2.360e-01 1.629e+05
2.219e-01 1.727e+05
2.257e-01 1.716e+05
2.641e-01 1.623e+05
3.744e-01 9.548e+04
2.445e-01 1.615e+05
2.651e-01 1.577e+05
4.147e-01 7.804e+04
2.615e-01 1.579e+05
2.426e-01 1.656e+05
2.538e-01 1.689e+05
2.673e-01 1.580e+05
2.400e-01 1.641e+05
2.498e-01 1.650e+05
2.674e-01 1.653e+05
2.892e-01 1.509e+05
3.504e-01 1.241e+05
2.783e-01 1.511e+05
2.674e-01 1.557e+05
4.112e-06 6.830e+03
3.450e-01 1.079e+05
2.275e-01 1.623e+05
3.224e-01 1.115e+05
2.389e-01 1.617e+05
2.400e-01 1.664e+05
4.184e-01 1.217e+05
3.914e-01 7.843e+04
2.388e-01 1.644e+05
5.513e-01 1.175e+05
2.453e-01 1.641e+05
2.822e-01 1.547e+05
2.702e-01 1.569e+05
2.982e-01 7.678e+04
2.459e-01 1.610e+05
2.362e-01 1.667e+05
3.489e-01 7.999e+04
2.580e-01 1.580e+05
4.091e-01 1.440e+05
2.396e-01 1.620e+05
2.302e-01 1.640e+05
2.391e-01 1.657e+05
2.258e-01 1.589e+05
2.704e-01 1.625e+05
2.491e-01 1.638e+05
4.380e-01 1.139e+05
2.374e-01 1.638e+05
3.320e-01 1.099e+05
2.187e-01 1.634e+05
2.192e-01 1.666e+05
2.446e-01 1.628e+05
5.031e-01 1.387e+05
3.146e-01 1.567e+05
2.285e-01 1.644e+05
2.889e-01 1.607e+05
2.345e-01 1.659e+05
2.233e-01 1.658e+05
2.502e-01 1.599e+05
2.457e-01 1.616e+05
2.569e-01 1.529e+05
2.574e-01 1.595e+05
3.895e-01 1.432e+05
3.328e-01 7.921e+04
2.203e-01 1.646e+05
2.483e-01 1.657e+05
2.724e-01 1.605e+05
2.219e-01 1.649e+05
3.497e-01 1.506e+05
2.295e-01 1.592e+05
2.125e-01 1.718e+05
3.451e-01 1.459e+05
4.686e-01 7.289e+04
2.189e-01 1.695e+05
2.614e-01 1.536e+05
2.326e-01 1.614e+05
2.671e-01 1.617e+05
2.323e-01 1.571e+05
2.249e-01 1.685e+05
2.486e-01 1.631e+05
3.706e-01 7.498e+04
2.141e-01 1.733e+05
2.369e-01 1.669e+05
2.307e-01 1.634e+05
2.581e-01 1.617e+05
2.116e-01 1.691e+05
2.551e-01 1.583e+05
3.104e-01 1.452e+05
2.802e-01 1.494e+05
3.305e-01 1.434e+05
2.615e-01 1.625e+05
2.191e-01 1.647e+05
2.342e-01 1.709e+05
2.157e-01 1.632e+05
3.800e-01 7.837e+04
2.557e-01 1.557e+05
2.155e-01 1.630e+05
2.890e-01 1.542e+05
2.225e-01 1.664e+05
2.186e-01 1.629e+05
2.403e-01 1.705e+05
3.398e-01 1.444e+05
2.181e-01 1.602e+05
2.434e-01 1.592e+05
2.671e-01 1.557e+05
2.706e-01 1.581e+05
2.613e-01 1.605e+05
2.485e-01 1.608e+05
2.646e-01 1.586e+05
2.207e-01 1.692e+05
2.705e-01 1.538e+05
2.644e-01 1.670e+05
2.653e-01 1.583e+05
2.763e-01 1.567e+05
2.666e-01 1.554e+05
2.431e-01 1.625e+05
2.212e-01 1.686e+05
2.352e-01 1.607e+05
2.211e-01 1.712e+05
2.661e-01 1.493e+05
2.487e-01 1.639e+05
2.578e-01 1.614e+05
2.129e-01 1.662e+05
2.515e-01 1.554e+05
2.351e-01 1.625e+05
2.165e-01 1.662e+05
2.119e-01 1.719e+05
2.400e-01 1.671e+05
2.455e-01 1.561e+05
3.217e-01 9.367e+04
2.290e-01 1.542e+05
2.425e-01 1.606e+05
2.617e-01 1.599e+05
2.306e-01 1.512e+05
2.524e-01 1.583e+05
2.479e-01 1.659e+05
2.576e-01 1.553e+05
2.186e-01 1.638e+05
2.338e-01 1.566e+05
2.435e-01 1.615e+05
3.435e-01 9.211e+04
2.693e-01 1.523e+05
4.166e-01 1.404e+05
2.622e-01 1.553e+05
2.602e-01 1.352e+05
3.243e-01 1.438e+05
2.766e-01 1.092e+05
3.388e-01 1.474e+05
3.444e-01 1.014e+05
2.625e-01 1.658e+05
2.286e-01 1.683e+05
2.737e-01 1.581e+05
2.286e-01 1.610e+05
2.387e-01 1.614e+05
2.278e-01 1.616e+05
2.556e-01 1.583e+05
2.350e-01 1.573e+05
2.154e-01 1.696e+05
2.318e-01 1.546e+05
2.424e-01 1.685e+05
2.316e-01 1.569e+05
2.502e-01 1.627e+05
5.706e-01 1.122e+05
2.550e-01 1.533e+05
2.163e-01 1.609e+05
2.133e-01 1.675e+05
2.531e-01 1.600e+05
3.780e-01 7.816e+04
2.223e-01 1.682e+05
2.311e-01 1.582e+05
2.601e-01 1.593e+05
3.047e-01 1.470e+05
4.275e-01 8.822e+04
4.483e-01 8.122e+04
2.265e-01 1.654e+05
2.330e-01 1.578e+05
2.268e-01 1.649e+05
3.264e-01 1.459e+05
2.503e-01 1.628e+05
2.510e-01 1.585e+05
2.407e-01 1.661e+05
5.504e-01 1.193e+05
3.987e-01 1.368e+05
2.115e-01 1.669e+05
4.441e-01 7.414e+04
2.465e-01 1.568e+05
4.217e-01 7.323e+04
2.444e-01 1.650e+05
2.288e-01 1.648e+05
3.234e-01 1.477e+05
2.618e-01 1.618e+05
2.690e-01 1.555e+05
2.741e-01 1.574e+05
2.543e-01 1.632e+05
2.590e-01 1.640e+05
2.468e-01 1.691e+05
2.496e-01 1.644e+05
2.663e-01 1.582e+05
2.691e-01 1.598e+05
2.564e-01 1.607e+05
2.688e-01 1.585e+05
2.331e-01 1.633e+05
2.511e-01 1.603e+05
2.427e-01 1.640e+05
2.639e-01 1.562e+05
3.742e-01 7.437e+04
2.635e-01 1.597e+05
2.644e-01 1.614e+05
2.396e-01 1.653e+05
2.620e-01 1.564e+05
2.671e-01 1.487e+05
2.404e-01 1.641e+05
2.250e-01 1.578e+05
3.121e-01 7.777e+04
2.415e-01 1.641e+05
2.869e-01 1.549e+05
2.878e-01 1.559e+05
2.177e-01 1.626e+05
2.487e-01 1.602e+05
2.118e-01 1.711e+05
3.777e-01 1.471e+05
3.498e-01 7.809e+04
2.672e-01 1.605e+05
2.187e-01 1.708e+05
2.754e-01 1.612e+05
2.364e-01 1.645e+05
2.335e-01 1.602e+05
5.236e-07 1.594e+04
2.267e-01 1.713e+05
4.381e-01 8.272e+04
2.343e-01 1.546e+05
3.928e-01 1.472e+05
3.021e-01 1.253e+05
3.118e-01 1.484e+05
2.555e-01 1.657e+05
2.497e-01 1.600e+05
2.798e-01 1.596e+05
2.419e-01 1.465e+05
2.952e-01 1.402e+05
2.242e-01 1.598e+05
3.181e-01 1.471e+05
2.640e-01 1.580e+05
2.206e-01 1.633e+05
2.570e-01 1.599e+05
2.350e-01 1.658e+05
5.297e-06 9.644e+03
2.249e-01 1.675e+05
2.508e-01 1.516e+05
3.000e-01 1.453e+05
2.699e-01 1.604e+05
3.735e-01 1.446e+05
2.600e-01 1.605e+05
4.531e-01 1.294e+05
2.500e-01 1.594e+05
2.321e-01 1.634e+05
2.513e-01 1.587e+05
3.118e-01 1.133e+05
2.537e-01 1.545e+05
2.283e-01 1.720e+05
2.667e-01 1.602e+05
2.462e-01 1.704e+05
2.493e-01 1.592e+05
2.515e-01 1.608e+05
2.650e-01 1.633e+05
4.664e-01 1.411e+05
2.470e-01 1.572e+05
2.478e-01 1.628e+05
2.388e-01 1.704e+05
2.726e-01 7.386e+04
3.628e-01 1.100e+05
2.443e-01 1.624e+05
2.481e-01 1.623e+05
3.461e-01 7.140e+04
3.543e-01 1.096e+05
2.488e-01 1.519e+05
2.607e-01 1.543e+05
2.671e-01 1.566e+05
3.092e-01 1.597e+05
3.206e-01 1.523e+05
2.656e-01 1.583e+05
2.464e-01 1.666e+05
2.145e-01 1.686e+05
2.211e-01 1.678e+05
4.017e-06 8.937e+03
2.325e-01 1.634e+05
2.704e-01 1.549e+05
2.383e-01 1.585e+05
3.710e-01 1.380e+05
2.621e-01 1.636e+05
2.186e-01 1.638e+05
2.255e-01 1.721e+05
3.526e-01 7.976e+04
2.270e-01 1.670e+05
4.105e-01 1.425e+05
2.540e-01 1.609e+05
2.450e-01 1.648e+05
2.889e-01 1.532e+05
2.431e-01 1.648e+05
2.188e-01 1.662e+05
2.128e-01 1.689e+05
2.555e-01 1.646e+05
2.597e-01 1.620e+05
2.319e-01 1.624e+05
2.405e-01 1.621e+05
3.062e-01 1.098e+05
2.402e-01 1.632e+05
2.429e-01 1.700e+05
2.313e-01 1.664e+05
2.833e-01 1.481e+05
2.393e-01 1.655e+05
2.588e-01 1.467e+05
2.515e-01 1.597e+05
2.767e-01 1.579e+05
2.520e-01 1.687e+05
3.620e-01 7.591e+04
3.157e-01 1.558e+05
2.249e-01 1.687e+05
2.895e-01 1.491e+05
2.372e-01 1.605e+05
2.503e-01 1.631e+05
3.560e-05 2.060e+04
2.193e-01 1.696e+05
4.446e-01 7.410e+04
3.379e-01 1.001e+05
2.483e-01 1.643e+05
2.166e-01 1.724e+05
2.260e-01 1.581e+05
2.559e-01 1.563e+05
2.478e-01 1.598e+05
2.295e-01 1.611e+05
2.501e-01 1.614e+05
2.235e-01 1.637e+05
2.780e-01 1.566e+05
2.551e-01 1.570e+05
4.071e-01 8.055e+04
2.834e-01 1.576e+05
2.360e-01 1.651e+05
2.321e-01 1.657e+05
2.579e-01 1.651e+05
2.755e-01 1.568e+05
2.173e-01 1.636e+05
2.385e-06 9.251e+03
2.703e-01 1.566e+05
3.254e-01 1.489e+05
2.648e-01 1.604e+05
2.325e-01 1.709e+05
2.861e-01 1.523e+05
2.262e-01 1.652e+05
2.668e-01 1.533e+05
3.592e-01 7.668e+04
2.848e-01 1.574e+05
2.597e-01 1.629e+05
3.007e-01 1.608e+05
2.430e-01 1.653e+05
4.935e-01 1.339e+05
3.983e-01 8.590e+04
2.351e-01 1.604e+05
2.635e-01 1.498e+05
2.394e-01 1.617e+05
2.385e-01 1.700e+05
2.462e-01 1.578e+05
2.473e-01 1.606e+05
2.960e-01 1.611e+05
4.529e-01 1.380e+05
2.334e-01 1.682e+05
2.145e-01 1.678e+05
2.659e-01 1.596e+05
4.082e-01 7.734e+04
2.422e-01 1.560e+05
1.573e-06 1.290e+04
2.531e-01 1.598e+05
2.298e-01 1.588e+05
2.567e-01 1.606e+05
2.388e-01 1.648e+05
3.819e-01 7.662e+04
2.395e-01 1.623e+05
4.462e-01 1.383e+05
2.760e-01 1.644e+05
2.326e-01 1.669e+05
4.176e-01 1.130e+05
2.237e-01 1.727e+05
2.998e-01 8.317e+04
2.506e-01 1.618e+05
2.446e-01 1.581e+05
2.538e-01 1.679e+05
2.670e-01 1.558e+05
2.370e-01 1.704e+05
2.110e-01 1.691e+05
2.356e-01 1.712e+05
2.545e-01 1.613e+05
9.459e-07 1.397e+04
2.423e-01 1.669e+05
2.535e-01 1.591e+05
2.587e-01 1.569e+05
2.514e-01 1.553e+05
4.361e-01 1.225e+05
2.899e-01 1.539e+05
2.884e-01 1.567e+05
2.607e-01 1.601e+05
2.539e-01 1.630e+05
2.846e-01 1.479e+05
2.620e-01 1.669e+05
3.769e-01 1.008e+05
2.304e-01 1.685e+05
2.325e-01 1.589e+05
2.321e-01 1.664e+05
3.954e-01 1.115e+05
2.610e-01 1.563e+05
2.324e-01 1.686e+05
2.787e-01 1.519e+05
3.972e-01 1.423e+05
2.574e-01 1.617e+05
2.767e-01 1.582e+05
5.658e-06 1.998e+04
2.117e-01 1.653e+05
2.352e-01 1.670e+05
2.551e-01 1.489e+05
2.156e-01 1.641e+05
2.155e-01 1.634e+05
2.623e-01 1.592e+05
2.595e-01 1.623e+05
4.097e-01 1.356e+05
2.329e-01 1.601e+05
2.652e-01 1.550e+05
2.473e-01 1.636e+05
2.810e-01 1.534e+05
2.366e-01 1.653e+05
5.178e-06 1.381e+04
2.589e-01 1.603e+05
2.960e-01 1.501e+05
2.679e-01 1.605e+05
2.347e-01 1.638e+05
2.463e-01 1.631e+05
2.251e-01 1.634e+05
2.982e-01 1.245e+05
2.537e-01 1.668e+05
2.368e-01 1.517e+05
2.299e-01 1.601e+05
3.984e-01 7.412e+04
2.579e-01 1.578e+05
2.328e-01 1.640e+05
3.272e-01 1.472e+05
2.523e-01 1.611e+05
2.294e-01 1.605e+05
2.284e-01 1.693e+05
2.587e-01 1.642e+05
4.466e-01 1.302e+05
2.707e-01 1.667e+05
2.626e-01 1.621e+05
2.185e-01 1.614e+05
5.994e-01 9.038e+04
2.720e-01 1.612e+05
2.227e-01 1.715e+05
2.882e-01 1.502e+05
2.366e-01 1.664e+05
2.454e-01 1.682e+05
2.562e-01 1.633e+05
2.361e-01 1.608e+05
2.815e-01 1.566e+05
2.264e-01 1.590e+05
2.442e-01 1.644e+05
2.568e-01 1.647e+05
2.739e-01 7.986e+04
2.103e-01 1.699e+05
2.431e-01 1.540e+05
2.518e-01 1.639e+05
4.106e-01 8.272e+04
2.692e-01 1.546e+05
2.657e-01 1.598e+05
2.642e-01 1.562e+05
5.439e-06 9.294e+03
4.427e-06 2.223e+03
2.666e-01 1.567e+05
2.521e-01 1.597e+05
3.693e-01 9.913e+04
2.225e-01 1.596e+05
3.040e-01 1.609e+05
2.247e-01 1.726e+05
2.664e-01 1.534e+05
2.524e-01 1.584e+05
4.007e-01 1.406e+05
2.190e-01 1.705e+05
2.704e-01 1.579e+05
2.671e-01 1.627e+05
2.242e-01 1.697e+05
3.589e-01 1.038e+05
3.052e-01 1.604e+05
3.966e-01 7.484e+04
2.222e-01 1.622e+05
2.575e-01 1.579e+05
2.371e-01 1.651e+05
2.509e-01 1.660e+05
4.353e-01 7.142e+04
2.198e-01 1.665e+05
3.447e-01 7.484e+04
2.531e-01 1.642e+05
2.545e-01 1.617e+05
2.708e-01 1.561e+05
2.629e-01 1.641e+05
2.669e-01 1.551e+05
2.488e-01 1.557e+05
2.695e-01 1.584e+05
2.274e-01 1.678e+05
2.378e-01 1.557e+05
2.239e-01 1.630e+05
3.341e-01 1.265e+05
2.633e-01 1.596e+05
2.649e-01 1.612e+05
3.362e-01 7.589e+04
2.201e-01 1.495e+05
2.595e-01 1.298e+05
2.431e-01 1.613e+05
2.445e-01 1.642e+05
2.663e-01 1.513e+05
2.376e-01 1.648e+05
2.455e-01 1.602e+05
2.206e-01 1.635e+05
6.189e-06 3.788e+03
3.092e-01 1.363e+05
2.332e-01 1.607e+05
2.574e-01 1.634e+05
4.875e-01 7.932e+04
2.189e-01 1.666e+05
2.259e-01 1.555e+05
2.565e-01 1.567e+05
2.321e-01 1.619e+05
2.587e-01 1.605e+05
2.497e-01 1.680e+05
2.620e-01 1.479e+05
2.794e-01 1.528e+05
2.370e-01 1.559e+05
2.413e-01 1.642e+05
2.885e-01 1.563e+05
2.673e-01 1.577e+05
2.615e-01 1.596e+05
2.519e-01 1.675e+05
1.410e-05 7.856e+03
2.444e-01 1.626e+05
4.034e-01 7.782e+04
2.357e-01 1.661e+05
2.882e-01 1.167e+05
3.262e-01 7.692e+04
2.220e-01 1.669e+05
2.693e-01 1.599e+05
3.054e-01 1.456e+05
2.536e-01 1.582e+05
2.517e-01 1.662e+05
2.567e-01 1.665e+05
2.582e-01 1.585e+05
2.436e-01 1.682e+05
2.523e-01 1.542e+05
2.646e-01 1.586e+05
2.374e-01 1.628e+05
2.518e-01 1.598e+05
2.235e-01 1.560e+05
2.559e-01 1.563e+05
4.170e-01 8.986e+04
2.428e-01 1.624e+05
3.947e-01 1.481e+05
2.583e-01 1.659e+05
2.403e-01 1.656e+05
3.799e-01 7.975e+04
2.904e-01 1.307e+05
2.880e-01 1.541e+05
2.330e-01 1.598e+05
2.210e-01 1.595e+05
2.174e-01 1.666e+05
2.291e-01 1.534e+05
4.057e-01 7.453e+04
2.656e-01 1.557e+05
3.223e-01 1.108e+05
4.658e-01 1.397e+05
2.835e-01 1.520e+05
2.291e-01 1.662e+05
2.973e-01 1.540e+05
2.825e-01 1.569e+05
2.426e-01 1.649e+05
5.291e-01 7.484e+04
2.288e-01 1.629e+05
2.526e-01 1.642e+05
1.225e-05 1.400e+04
2.429e-01 1.629e+05
2.690e-01 1.596e+05
3.554e-01 9.922e+04
2.584e-01 1.580e+05
3.370e-01 1.025e+05
2.866e-01 1.615e+05
3.897e-01 8.691e+04
2.414e-01 1.633e+05
2.223e-01 1.653e+05
2.424e-01 1.578e+05
3.112e-01 1.462e+05
2.418e-01 1.638e+05
3.548e-01 1.158e+05
3.328e-01 1.454e+05
9.535e-06 1.915e+04
3.709e-07 7.064e+01
2.266e-01 1.631e+05
2.978e-01 7.584e+04
5.543e-01 1.270e+05
2.414e-01 1.616e+05
2.296e-01 1.634e+05
2.506e-01 1.586e+05
3.992e-01 1.373e+05
2.764e-01 1.558e+05
2.523e-01 1.646e+05
2.353e-01 1.556e+05
2.388e-01 1.673e+05
2.492e-01 1.545e+05
2.335e-01 1.627e+05
2.673e-01 1.557e+05
2.741e-01 1.531e+05
2.279e-01 1.724e+05
3.312e-01 7.214e+04
2.480e-01 1.590e+05
2.598e-01 1.533e+05
2.439e-01 1.505e+05
5.111e-01 7.364e+04
5.868e-01 1.078e+05
2.370e-01 1.620e+05
3.107e-01 1.518e+05
2.327e-06 7.415e+03
2.882e-01 1.433e+05
2.335e-01 1.641e+05
2.754e-01 1.624e+05
3.490e-01 7.866e+04
3.207e-01 1.037e+05
2.533e-01 1.620e+05
3.087e-01 1.558e+05
2.390e-01 1.624e+05
2.311e-01 1.658e+05
2.705e-01 1.535e+05
2.449e-01 1.633e+05
2.671e-01 1.618e+05
2.277e-01 1.676e+05
2.742e-01 1.567e+05
3.460e-01 1.233e+05
3.304e-01 1.414e+05
3.073e-01 7.894e+04
2.234e-01 1.632e+05
2.294e-01 1.623e+05
2.345e-01 1.653e+05
2.329e-01 1.690e+05
2.404e-01 1.637e+05
2.359e-01 1.554e+05
2.746e-01 1.535e+05
3.308e-01 1.011e+05
2.336e-01 1.719e+05
3.650e-01 1.432e+05
3.143e-01 1.533e+05
2.804e-01 1.596e+05
2.562e-01 1.574e+05
2.516e-01 1.571e+05
4.793e-01 8.455e+04
2.762e-01 1.536e+05
2.975e-01 1.570e+05
2.925e-01 6.948e+04
3.535e-01 7.757e+04
2.225e-01 1.653e+05
2.369e-01 1.626e+05
2.647e-01 1.617e+05
4.602e-01 7.838e+04
2.793e-01 1.538e+05
2.894e-01 1.516e+05
2.410e-01 1.673e+05
2.245e-01 1.575e+05
3.136e-01 9.381e+04
2.368e-01 1.574e+05
3.508e-01 1.455e+05
5.510e-01 1.005e+05
2.396e-01 1.640e+05
2.303e-01 1.689e+05
2.287e-01 1.683e+05
3.317e-01 1.403e+05
2.189e-01 1.644e+05
4.561e-01 7.508e+04
2.449e-01 1.629e+05
2.193e-01 1.655e+05
2.458e-01 1.588e+05
2.626e-01 1.586e+05
2.570e-01 1.586e+05
2.227e-01 1.602e+05
2.566e-01 1.607e+05
2.380e-01 1.330e+05
2.495e-01 1.651e+05
3.767e-01 7.716e+04
2.364e-01 1.657e+05
3.071e-01 1.462e+05
2.665e-01 1.577e+05
2.959e-01 1.626e+05
2.417e-01 1.646e+05
2.228e-01 1.680e+05
2.440e-01 1.585e+05
2.264e-01 1.642e+05
2.608e-01 1.605e+05
2.522e-01 1.648e+05
5.746e-01 9.010e+04
2.333e-01 1.629e+05
2.366e-01 1.661e+05
2.631e-01 1.551e+05
2.450e-01 1.645e+05
2.602e-01 1.643e+05
2.216e-01 1.651e+05
2.438e-01 1.654e+05
2.202e-01 1.701e+05
5.003e-01 1.237e+05
4.179e-01 8.559e+04
2.174e-01 1.659e+05
3.134e-01 1.132e+05
2.796e-01 1.596e+05
2.659e-01 1.592e+05
2.255e-01 1.665e+05
2.185e-01 1.683e+05
2.171e-01 1.667e+05
2.125e-01 1.668e+05
2.685e-01 1.579e+05
2.782e-01 1.504e+05
3.588e-01 1.393e+05
2.452e-01 1.646e+05
2.812e-01 1.597e+05
2.416e-01 1.619e+05
2.340e-01 1.586e+05
1.400e-06 1.094e+04
2.347e-01 1.612e+05
3.103e-01 8.394e+04
2.461e-01 1.623e+05
2.409e-01 1.643e+05
2.283e-01 1.669e+05
2.306e-01 1.602e+05
2.773e-01 1.562e+05
2.195e-01 1.731e+05
3.607e-01 7.863e+04
2.854e-01 1.579e+05
7.702e-06 8.508e+02
3.670e-01 1.399e+05
2.344e-01 1.720e+05
2.329e-01 1.681e+05
2.178e-01 1.697e+05
3.315e-01 1.501e+05
4.921e-01 7.180e+04
1.952e-05 1.431e+04
2.756e-01 1.603e+05
2.427e-01 1.664e+05
2.604e-01 1.623e+05
5.100e-01 1.218e+05
2.175e-01 1.701e+05
2.315e-01 1.623e+05
2.466e-01 1.599e+05
2.582e-01 1.546e+05
2.689e-01 1.636e+05
2.480e-01 1.616e+05
2.543e-01 1.592e+05
2.707e-01 1.652e+05
2.213e-01 1.704e+05
3.035e-01 1.565e+05
2.886e-01 7.742e+04
2.462e-01 1.654e+05
2.637e-01 1.590e+05
2.571e-01 1.621e+05
2.326e-01 1.636e+05
2.415e-01 1.548e+05
3.305e-01 1.437e+05
1.809e-06 1.065e+04
4.211e-07 9.354e+03
2.465e-01 1.649e+05
3.124e-01 1.445e+05
2.547e-01 1.623e+05
2.668e-01 1.627e+05
2.712e-01 1.473e+05
2.949e-01 1.584e+05
2.156e-01 1.594e+05
2.162e-01 1.697e+05
2.710e-01 1.546e+05
2.368e-01 1.605e+05
2.395e-01 1.622e+05
2.437e-01 1.521e+05
2.678e-01 1.609e+05
2.309e-01 1.633e+05
2.600e-01 1.678e+05
2.217e-01 1.664e+05
2.213e-01 1.678e+05
2.269e-01 1.697e+05
3.049e-01 1.211e+05
2.634e-01 1.650e+05
2.702e-01 1.541e+05
2.652e-01 1.634e+05
3.685e-01 7.858e+04
2.140e-01 1.716e+05
2.695e-01 1.654e+05
3.192e-01 1.434e+05
2.364e-01 1.650e+05
2.732e-01 1.568e+05
2.137e-01 1.684e+05
7.469e-06 6.120e+03
2.652e-01 1.620e+05
2.691e-01 1.587e+05
3.491e-01 7.369e+04
2.176e-01 1.666e+05
2.666e-01 1.058e+05
2.648e-01 1.568e+05
3.359e-01 1.488e+05
2.666e-01 1.555e+05
2.372e-01 1.676e+05
2.352e-01 1.652e+05
2.282e-01 1.692e+05
2.559e-01 1.582e+05
7.830e-07 6.032e+03
2.598e-01 1.582e+05
2.778e-01 1.631e+05
2.114e-01 1.693e+05
2.499e-01 1.636e+05
3.141e-01 1.463e+05
2.422e-01 1.561e+05
2.289e-01 1.656e+05
2.333e-01 1.624e+05
2.801e-01 1.576e+05
2.651e-01 1.598e+05
4.341e-01 1.342e+05
2.644e-01 1.559e+05
5.796e-01 1.087e+05
2.580e-01 1.577e+05
2.536e-01 1.582e+05
2.743e-01 1.534e+05
2.273e-01 1.563e+05
2.267e-01 1.611e+05
4.272e-01 8.566e+04
2.536e-01 1.624e+05
2.484e-01 1.621e+05
4.056e-01 1.035e+05
5.977e-01 1.148e+05
2.934e-01 1.509e+05
3.023e-01 1.563e+05
2.491e-01 1.641e+05
2.677e-01 1.587e+05
2.686e-01 1.579e+05
2.602e-01 1.579e+05
2.566e-01 1.584e+05
2.377e-01 1.578e+05
3.062e-01 1.095e+05
2.590e-01 1.623e+05
2.849e-01 1.491e+05
2.211e-01 1.692e+05
2.449e-01 1.636e+05
2.268e-01 1.646e+05
2.583e-01 1.567e+05
2.268e-01 1.629e+05
2.235e-01 1.617e+05
2.495e-01 1.573e+05
2.681e-01 1.656e+05
2.453e-01 1.566e+05
2.402e-01 1.669e+05
2.417e-01 1.582e+05
2.628e-01 1.595e+05
2.464e-01 1.622e+05
2.179e-01 1.680e+05
2.305e-01 1.629e+05
4.589e-01 1.338e+05
2.406e-01 1.593e+05
2.942e-01 1.539e+05
2.515e-01 1.564e+05
3.830e-01 7.153e+04
2.609e-01 1.469e+05
2.385e-01 1.552e+05
2.853e-01 1.579e+05
2.237e-01 1.563e+05
2.673e-01 1.607e+05
2.627e-01 1.652e+05
2.356e-01 1.527e+05
2.185e-01 1.627e+05
3.073e-07 1.485e+04
2.429e-01 1.648e+05
2.446e-01 1.641e+05
2.660e-01 1.550e+05
3.084e-01 1.569e+05
1.628e-05 9.603e+03
2.347e-01 1.688e+05
2.592e-01 1.464e+05
2.354e-01 1.633e+05
2.543e-01 1.616e+05
2.191e-01 1.702e+05
2.610e-01 1.633e+05
2.843e-01 1.561e+05
4.199e-01 9.323e+04
2.141e-01 1.694e+05
5.050e-01 1.123e+05
3.029e-01 1.539e+05
2.367e-01 1.555e+05
3.922e-01 7.373e+04
2.455e-01 1.654e+05
2.505e-01 1.664e+05
2.158e-01 1.683e+05
2.668e-01 1.574e+05
2.683e-01 1.656e+05
2.308e-01 1.685e+05
4.065e-01 1.328e+05
2.546e-01 1.625e+05
2.540e-01 1.591e+05
2.123e-01 1.697e+05
3.916e-01 8.190e+04
2.557e-01 1.621e+05
3.125e-01 1.202e+05
2.495e-01 1.586e+05
2.315e-06 1.412e+04
2.524e-01 1.657e+05
2.307e-01 1.651e+05
2.698e-01 1.505e+05
4.440e-01 7.621e+04
2.374e-01 1.636e+05
3.427e-01 1.542e+05
2.221e-01 1.721e+05
2.519e-01 1.644e+05
2.183e-01 1.653e+05
2.441e-01 1.594e+05
3.079e-05 1.908e+04
2.251e-01 1.668e+05
2.622e-01 1.619e+05
2.466e-01 1.625e+05
2.375e-01 1.620e+05
3.212e-01 1.429e+05
2.267e-01 1.648e+05
2.557e-01 1.588e+05
2.641e-01 1.638e+05
2.308e-01 1.603e+05
2.453e-01 1.647e+05
3.846e-01 7.288e+04
2.540e-01 1.656e+05
4.018e-01 1.419e+05
3.245e-01 1.139e+05
2.788e-01 1.615e+05
2.982e-01 7.439e+04
2.581e-01 1.553e+05
4.350e-01 7.357e+04
3.481e-01 1.471e+05
2.558e-01 1.655e+05
2.715e-01 1.647e+05
2.445e-01 1.545e+05
2.399e-01 1.661e+05
2.226e-01 1.585e+05
2.286e-01 1.667e+05
2.628e-01 1.556e+05
2.588e-01 1.611e+05
2.652e-01 1.492e+05
3.630e-01 1.492e+05
2.748e-01 1.579e+05
4.476e-01 1.306e+05
3.748e-01 1.187e+05
2.935e-01 1.479e+05
2.499e-01 1.602e+05
2.696e-01 1.526e+05
2.508e-01 1.595e+05
3.458e-01 1.159e+05
4.007e-01 1.409e+05
2.655e-01 1.547e+05
2.272e-01 1.673e+05
2.135e-01 1.619e+05
2.159e-01 1.701e+05
2.617e-01 1.578e+05
2.261e-01 1.671e+05
3.983e-01 8.370e+04
2.557e-01 1.600e+05
2.429e-01 1.646e+05
2.754e-01 1.008e+05
3.468e-01 1.453e+05
2.664e-01 1.585e+05
2.270e-01 1.676e+05
2.797e-01 1.520e+05
2.277e-01 1.617e+05
2.214e-01 1.697e+05
2.384e-01 1.646e+05
2.683e-01 1.522e+05
2.567e-01 1.596e+05
2.301e-01 1.567e+05
2.178e-01 1.632e+05
2.971e-01 1.289e+05
4.066e-01 1.348e+05
3.091e-01 1.101e+05
2.238e-01 1.604e+05
2.638e-01 1.634e+05
2.510e-01 1.641e+05
2.300e-01 1.635e+05
2.554e-01 1.560e+05
3.157e-01 1.512e+05
2.331e-01 1.624e+05
2.063e-06 1.610e+04
3.188e-01 1.537e+05
2.116e-01 1.672e+05
2.407e-01 1.607e+05
3.078e-01 1.498e+05
3.236e-01 7.312e+04
2.443e-01 1.650e+05
2.628e-01 1.604e+05
2.375e-01 1.700e+05
2.354e-01 1.661e+05
2.522e-01 1.466e+05
4.585e-01 9.141e+04
2.637e-01 1.549e+05
2.357e-01 1.659e+05
5.292e-01 9.396e+04
3.776e-01 7.737e+04
2.896e-01 1.346e+05
4.204e-01 1.443e+05
2.804e-01 1.580e+05
2.247e-01 1.605e+05
2.410e-01 1.689e+05
2.567e-01 1.504e+05
2.166e-01 1.694e+05
2.274e-01 1.662e+05
2.522e-01 1.643e+05
3.311e-01 1.512e+05
2.236e-01 1.645e+05
2.749e-01 1.586e+05
2.141e-01 1.725e+05
2.888e-01 1.627e+05
2.770e-01 1.565e+05
2.354e-01 1.685e+05
2.405e-01 1.633e+05
2.585e-01 1.515e+05
2.767e-01 1.538e+05
2.550e-01 1.582e+05
2.682e-01 1.574e+05
2.508e-01 1.653e+05
2.292e-01 1.709e+05
2.666e-01 1.631e+05
2.179e-01 1.679e+05
2.423e-01 1.660e+05
2.563e-01 1.639e+05
2.417e-01 1.655e+05
4.529e-01 9.404e+04
2.780e-01 1.531e+05
2.293e-01 1.639e+05
2.396e-01 1.557e+05
2.420e-01 1.652e+05
3.485e-01 7.466e+04
2.801e-01 1.544e+05
3.904e-01 7.273e+04
3.463e-01 1.471e+05
2.392e-01 1.674e+05
2.550e-01 1.619e+05
2.572e-01 1.583e+05
2.353e-01 1.695e+05
2.569e-01 7.379e+04
3.047e-01 1.496e+05
2.462e-01 1.669e+05
2.413e-01 1.645e+05
2.317e-01 1.579e+05
2.376e-01 1.641e+05
2.462e-01 1.643e+05
2.198e-01 1.607e+05
2.357e-01 1.631e+05
2.424e-01 1.514e+05
3.009e-01 1.113e+05
2.404e-01 1.592e+05
2.645e-01 1.569e+05
2.431e-01 1.663e+05
2.345e-01 1.657e+05
2.342e-01 1.627e+05
5.270e-01 1.254e+05
2.798e-01 1.595e+05
2.565e-01 1.677e+05
2.414e-01 1.600e+05
3.520e-01 9.548e+04
2.158e-01 1.694e+05
2.394e-01 1.567e+05
2.734e-01 1.625e+05
2.819e-01 1.523e+05
2.639e-01 1.620e+05
2.167e-01 1.694e+05
2.578e-01 1.610e+05
2.445e-01 1.637e+05
2.282e-01 1.614e+05
2.462e-01 1.652e+05
2.675e-01 1.609e+05
2.938e-01 1.494e+05
2.602e-01 1.591e+05
2.633e-01 1.597e+05
2.256e-01 1.690e+05
2.376e-01 1.663e+05
3.893e-01 7.453e+04
2.785e-01 1.529e+05
3.792e-01 7.471e+04
3.830e-01 7.703e+04
2.694e-01 1.597e+05
2.374e-01 1.595e+05
2.191e-01 1.656e+05
2.710e-01 1.610e+05
2.940e-01 1.493e+05
2.666e-01 1.580e+05
3.078e-01 1.475e+05
3.366e-01 1.146e+05
2.836e-01 1.566e+05
2.398e-01 1.643e+05
2.381e-01 1.647e+05
2.302e-01 1.690e+05
2.467e-01 1.688e+05
3.042e-01 1.220e+05
2.291e-01 1.701e+05
2.973e-01 1.363e+05
2.503e-01 1.631e+05
3.668e-01 1.449e+05
4.316e-01 9.605e+04
2.942e-01 1.545e+05
2.354e-01 1.638e+05
2.741e-01 1.577e+05
2.980e-06 1.281e+02
2.686e-01 1.595e+05
2.375e-01 1.631e+05
2.239e-01 1.667e+05
2.309e-01 1.718e+05
2.571e-01 1.600e+05
5.188e-01 1.016e+05
2.400e-01 1.636e+05
3.117e-01 1.596e+05
2.152e-01 1.680e+05
4.112e-01 7.219e+04
4.650e-01 7.761e+04
2.383e-01 1.603e+05
2.635e-01 1.607e+05
3.141e-01 1.516e+05
2.207e-01 1.669e+05
2.149e-01 1.608e+05
2.243e-01 1.699e+05
2.610e-01 1.632e+05
5.237e-01 1.308e+05
2.482e-01 1.654e+05
2.236e-01 1.600e+05
2.822e-01 1.486e+05
2.729e-01 1.212e+05
2.523e-01 1.623e+05
2.181e-01 1.692e+05
2.256e-01 1.645e+05
2.618e-01 1.636e+05
2.268e-01 1.618e+05
2.773e-01 1.529e+05
2.636e-01 1.634e+05
3.011e-01 1.595e+05
3.743e-01 8.357e+04
2.485e-01 1.584e+05
3.170e-01 1.361e+05
2.444e-01 1.692e+05
2.359e-01 1.640e+05
2.554e-01 1.588e+05
2.177e-01 1.694e+05
2.639e-01 1.569e+05
2.270e-01 1.644e+05
2.559e-01 1.590e+05
2.610e-01 1.564e+05
2.448e-01 1.654e+05
3.154e-01 1.542e+05
2.438e-01 1.686e+05
3.106e-01 1.356e+05
2.378e-01 1.630e+05
2.714e-01 1.601e+05
2.581e-01 1.644e+05
2.312e-01 1.585e+05
2.695e-01 1.600e+05
2.434e-01 1.618e+05
2.184e-01 1.657e+05
2.403e-01 1.492e+05
3.750e-01 1.395e+05
2.591e-01 1.621e+05
2.483e-01 1.573e+05
2.576e-01 1.606e+05
2.423e-01 1.630e+05
2.424e-01 1.633e+05
2.291e-01 1.714e+05
2.471e-01 1.630e+05
2.445e-01 1.652e+05
2.648e-01 1.577e+05
2.528e-01 1.665e+05
2.624e-01 1.570e+05
4.509e-01 7.719e+04
2.259e-01 1.659e+05
2.457e-01 1.614e+05
2.228e-01 1.658e+05
2.453e-01 1.632e+05
2.893e-01 1.588e+05
2.530e-01 1.610e+05
2.492e-01 1.610e+05
4.500e-01 7.720e+04
3.999e-01 7.545e+04
3.261e-01 1.445e+05
2.191e-01 1.667e+05
2.376e-01 1.612e+05
2.489e-01 1.563e+05
2.352e-01 1.638e+05
2.508e-01 1.617e+05
2.817e-01 1.608e+05
2.269e-01 1.712e+05
3.754e-01 9.338e+04
2.501e-01 1.647e+05
2.843e-01 1.526e+05
2.404e-01 1.705e+05
2.628e-01 1.562e+05
2.214e-01 1.623e+05
2.324e-01 1.664e+05
2.503e-01 1.559e+05
4.261e-01 7.438e+04
2.571e-01 1.596e+05
2.572e-01 1.682e+05
2.670e-01 1.128e+05
2.344e-01 1.587e+05
2.532e-01 1.622e+05
2.485e-01 1.635e+05
3.019e-01 1.555e+05
2.561e-01 1.690e+05
2.623e-01 1.515e+05
2.129e-01 1.695e+05
2.410e-01 1.707e+05
3.494e-01 7.303e+04
2.721e-01 1.547e+05
2.821e-01 1.567e+05
2.374e-01 1.562e+05
2.326e-01 1.566e+05
2.958e-01 1.507e+05
2.738e-01 1.522e+05
2.336e-01 1.651e+05
2.283e-01 1.651e+05
2.472e-01 1.653e+05
2.258e-01 1.648e+05
5.313e-01 1.335e+05
2.961e-01 1.419e+05
2.096e-01 1.707e+05
2.794e-01 1.538e+05
2.622e-01 1.619e+05
2.165e-01 1.699e+05
3.337e-01 7.322e+04
2.810e-01 1.178e+05
3.591e-01 7.733e+04
2.310e-01 1.617e+05
4.472e-01 7.276e+04
2.472e-01 1.629e+05
6.866e-06 2.887e+04
2.558e-01 1.610e+05
2.528e-01 1.626e+05
2.592e-01 1.621e+05
2.943e-01 1.462e+05
2.435e-01 1.612e+05
2.348e-01 1.649e+05
2.355e-01 1.698e+05
2.541e-01 1.607e+05
4.740e-01 1.038e+05
2.618e-01 1.673e+05
2.831e-01 1.518e+05
2.302e-01 1.701e+05
2.253e-01 1.706e+05
2.321e-01 1.558e+05
2.394e-01 1.612e+05
2.172e-01 1.641e+05
2.402e-01 1.625e+05
2.442e-01 1.624e+05
2.455e-01 1.698e+05
2.146e-01 1.701e+05
2.745e-01 1.631e+05
2.801e-01 1.540e+05
2.382e-01 1.641e+05
2.657e-01 1.514e+05
2.487e-01 1.581e+05
2.342e-01 1.655e+05
4.194e-01 9.168e+04
4.900e-01 1.348e+05
2.373e-01 1.662e+05
2.469e-01 1.648e+05
2.479e-01 1.658e+05
2.501e-01 1.548e+05
2.658e-01 1.661e+05
2.242e-01 1.683e+05
2.773e-01 1.598e+05
2.135e-01 1.683e+05
1.308e-05 1.655e+04
2.178e-01 1.661e+05
2.380e-01 1.651e+05
2.254e-01 1.681e+05
2.437e-01 1.653e+05
2.968e-01 1.182e+05
3.074e-01 1.555e+05
2.478e-01 1.643e+05
2.196e-01 1.688e+05
3.954e-01 7.807e+04
2.505e-01 1.543e+05
4.057e-01 1.144e+05
2.473e-01 1.635e+05
2.300e-01 1.724e+05
2.672e-01 1.538e+05
3.556e-01 1.457e+05
4.143e-01 1.401e+05
2.515e-01 1.653e+05
2.442e-01 1.588e+05
2.895e-01 1.628e+05
1.578e-06 4.286e+03
2.994e-01 8.413e+04
2.617e-01 1.590e+05
2.488e-01 1.565e+05
2.390e-01 1.639e+05
2.336e-01 1.702e+05
2.651e-01 1.599e+05
2.630e-01 1.233e+05
5.980e-01 1.000e+05
2.609e-01 1.606e+05
2.340e-01 1.588e+05
2.453e-01 1.649e+05
2.419e-01 1.592e+05
2.509e-01 1.621e+05
4.179e-01 1.417e+05
4.163e-01 1.037e+05
4.902e-01 9.830e+04
4.292e-01 7.666e+04
3.927e-01 1.441e+05
2.895e-01 1.527e+05
4.343e-01 1.283e+05
4.120e-01 7.731e+04
2.225e-01 1.648e+05
2.122e-01 1.706e+05
2.401e-01 1.542e+05
3.616e-01 1.415e+05
2.138e-01 1.665e+05
2.504e-01 1.570e+05
5.586e-01 8.407e+04
2.549e-01 1.620e+05
2.673e-01 1.576e+05
2.383e-01 1.613e+05
5.872e-01 1.205e+05
2.662e-01 1.554e+05
2.544e-01 1.671e+05
3.041e-01 7.848e+04
2.836e-01 1.581e+05
2.209e-01 1.710e+05
2.414e-01 1.625e+05
1.207e-06 2.440e+04
2.943e-01 1.358e+05
2.391e-01 1.653e+05
2.364e-01 1.690e+05
2.470e-01 1.588e+05
2.686e-01 1.548e+05
2.481e-01 1.590e+05
2.342e-01 1.591e+05
2.885e-01 1.271e+05
2.469e-01 1.600e+05
1.908e-06 3.268e+03
2.796e-01 8.962e+04
2.191e-01 1.620e+05
2.699e-01 1.614e+05
3.158e-06 1.059e+04
2.834e-01 1.564e+05
2.595e-01 1.618e+05
2.575e-01 1.584e+05
2.592e-01 1.565e+05
2.137e-01 1.662e+05
3.413e-01 1.480e+05
3.707e-01 1.373e+05
2.233e-01 1.690e+05
2.619e-01 1.631e+05
2.674e-01 1.627e+05
2.287e-01 1.630e+05
2.636e-01 1.548e+05
2.709e-01 1.559e+05
3.249e-01 7.591e+04
2.411e-01 1.666e+05
2.482e-01 1.598e+05
3.281e-01 1.474e+05
2.643e-01 1.597e+05
2.484e-01 1.574e+05
2.231e-01 1.721e+05
2.273e-01 1.629e+05
4.403e-01 8.936e+04
3.159e-01 1.081e+05
2.135e-01 1.726e+05
2.571e-01 1.618e+05
2.459e-01 1.645e+05
2.360e-01 1.648e+05
5.354e-01 7.436e+04
3.129e-01 1.033e+05
2.440e-01 1.583e+05
2.777e-01 1.096e+05
2.516e-01 1.598e+05
2.190e-01 1.655e+05
2.654e-01 1.580e+05
2.615e-01 1.511e+05
4.014e-01 7.403e+04
2.484e-01 1.634e+05
2.515e-01 1.643e+05
2.365e-01 1.645e+05
2.202e-01 1.683e+05
2.169e-01 1.612e+05
2.541e-01 1.635e+05
3.662e-01 7.533e+04
3.602e-01 1.516e+05
2.584e-01 1.619e+05
3.564e-01 1.451e+05
4.049e-06 1.609e+04
2.795e-01 1.599e+05
2.807e-01 9.539e+04
2.941e-01 1.509e+05
2.419e-01 1.625e+05
2.971e-01 1.264e+05
2.404e-01 1.599e+05
2.186e-01 1.664e+05
4.478e-01 1.360e+05
2.564e-01 1.667e+05
2.226e-01 1.663e+05
2.167e-01 1.616e+05
2.284e-01 1.679e+05
2.348e-01 1.659e+05
4.439e-01 8.134e+04
2.232e-01 1.620e+05
2.139e-01 1.687e+05
2.841e-01 1.594e+05
2.807e-01 1.512e+05
3.014e-01 1.526e+05
3.979e-01 7.204e+04
2.322e-01 1.626e+05
3.400e-01 1.044e+05
2.401e-01 1.672e+05
2.490e-01 1.584e+05
3.371e-01 7.933e+04
2.488e-01 1.575e+05
2.528e-01 1.692e+05
2.568e-01 1.291e+05
2.506e-01 1.587e+05
2.564e-01 1.624e+05
2.671e-01 1.670e+05
2.677e-01 1.549e+05
2.511e-01 1.672e+05
2.314e-01 1.639e+05
2.584e-01 1.581e+05
3.713e-01 7.589e+04
2.590e-01 1.505e+05
2.735e-01 1.569e+05
2.379e-01 1.658e+05
2.697e-01 1.626e+05
2.534e-01 1.629e+05
2.384e-01 1.591e+05
3.819e-01 9.437e+04
3.917e-01 8.274e+04
2.746e-06 7.149e+03
2.497e-01 1.648e+05
2.277e-01 1.662e+05
2.529e-01 1.690e+05
2.200e-01 1.626e+05
2.132e-01 1.738e+05
2.339e-01 1.668e+05
3.708e-01 6.880e+04
4.342e-01 7.554e+04
2.701e-01 1.570e+05
2.160e-01 1.669e+05
4.145e-01 7.532e+04
2.523e-01 1.694e+05
2.387e-01 1.568e+05
2.570e-01 1.637e+05
2.696e-01 1.587e+05
2.714e-01 1.524e+05
2.365e-01 1.613e+05
2.366e-01 1.595e+05
5.102e-01 8.018e+04
2.841e-01 1.541e+05
4.369e-01 1.344e+05
2.282e-01 1.628e+05
9.735e-06 1.538e+04
2.198e-01 1.669e+05
2.856e-01 1.431e+05
2.539e-01 1.604e+05
2.139e-01 1.676e+05
2.500e-01 1.612e+05
2.736e-01 1.562e+05
2.224e-01 1.686e+05
2.360e-01 1.568e+05
2.250e-01 1.579e+05
2.447e-01 1.590e+05
2.485e-01 1.625e+05
2.476e-01 1.679e+05
3.055e-01 1.477e+05
2.825e-01 1.530e+05
3.700e-01 1.370e+05
2.444e-01 1.630e+05
2.681e-01 1.530e+05
2.869e-01 1.589e+05
2.348e-01 1.657e+05
2.688e-01 1.090e+05
4.549e-01 1.190e+05
2.518e-01 1.622e+05
2.394e-01 1.678e+05
3.451e-01 8.895e+04
2.495e-01 1.643e+05
2.818e-01 1.565e+05
2.504e-01 1.622e+05
2.975e-01 1.222e+05
1.603e-05 7.410e+03
2.193e-01 1.703e+05
2.149e-01 1.649e+05
2.646e-01 1.648e+05
4.717e-01 7.748e+04
2.543e-01 1.485e+05
2.227e-01 1.729e+05
2.507e-01 1.660e+05
3.444e-01 7.619e+04
2.501e-01 1.655e+05
2.924e-01 1.535e+05
2.746e-01 1.591e+05
2.527e-01 1.647e+05
4.251e-01 7.703e+04
2.668e-01 1.580e+05
2.350e-01 1.486e+05
5.134e-06 1.002e+04
2.459e-01 1.577e+05
2.488e-01 1.549e+05
2.352e-01 1.656e+05
2.371e-01 1.648e+05
2.261e-01 1.554e+05
4.005e-01 1.382e+05
2.685e-01 1.572e+05
2.502e-01 1.564e+05
2.610e-01 1.587e+05
2.216e-07 5.700e+03
3.382e-01 7.395e+04
2.149e-01 1.655e+05
2.431e-01 1.695e+05
2.692e-01 1.654e+05
2.357e-01 1.702e+05
2.299e-01 1.613e+05
2.158e-01 1.700e+05
2.154e-01 1.708e+05
2.406e-01 1.639e+05
2.842e-01 1.584e+05
2.654e-01 1.588e+05
2.626e-01 1.552e+05
2.607e-01 1.594e+05
2.332e-01 1.663e+05
2.204e-01 1.615e+05
2.142e-01 1.682e+05
2.456e-01 1.639e+05
2.881e-01 1.543e+05
2.714e-01 1.583e+05
2.457e-01 1.694e+05
4.002e-01 1.412e+05
2.927e-01 1.221e+05
2.820e-01 1.572e+05
2.242e-01 1.656e+05
2.634e-01 1.522e+05
2.785e-01 1.183e+05
2.200e-01 1.675e+05
3.231e-01 1.491e+05
2.869e-01 1.529e+05
3.362e-01 1.524e+05
2.252e-01 1.710e+05
2.542e-01 1.603e+05
2.277e-01 1.547e+05
4.073e-01 7.652e+04
2.680e-01 1.600e+05
2.416e-01 1.597e+05
2.700e-01 1.552e+05
2.377e-01 1.634e+05
1.683e-05 7.983e+03
2.234e-01 1.640e+05
2.498e-01 1.631e+05
3.026e-01 1.258e+05
2.219e-01 1.620e+05
2.706e-01 1.557e+05
2.399e-01 1.580e+05
2.540e-01 1.606e+05
3.857e-01 1.273e+05
2.577e-01 1.639e+05
2.205e-01 1.666e+05
2.789e-01 1.548e+05
2.378e-01 1.654e+05
2.536e-01 1.688e+05
2.692e-01 1.453e+05
3.481e-01 9.213e+04
2.584e-01 1.574e+05
2.562e-01 1.624e+05
2.741e-01 1.449e+05
3.262e-01 1.516e+05
3.685e-01 1.375e+05
3.690e-01 1.442e+05
2.720e-01 1.617e+05
2.110e-01 1.700e+05
2.770e-01 1.448e+05
2.154e-01 1.568e+05
3.437e-01 1.412e+05
2.283e-01 1.610e+05
2.926e-01 1.577e+05
3.236e-01 8.183e+04
2.635e-01 1.571e+05
2.495e-01 1.612e+05
2.765e-01 1.535e+05
2.266e-01 1.714e+05
2.339e-01 1.516e+05
