1.470e-05 3.213e+04
2.633e-01 1.435e+05
2.813e-01 1.628e+05
1.882e-01 1.740e+05
1.925e-01 1.506e+05
1.475e-01 1.741e+05
1.595e-01 1.706e+05
1.827e-01 1.675e+05
1.429e-01 1.725e+05
1.908e-01 1.674e+05
2.179e-01 1.690e+05
1.531e-01 1.702e+05
2.082e-01 1.677e+05
4.083e-01 1.586e+05
1.250e-01 1.690e+05
2.047e-01 1.664e+05
1.660e-01 1.734e+05
2.348e-01 1.642e+05
2.141e-01 1.629e+05
2.596e-01 1.636e+05
2.146e-01 1.675e+05
2.659e-01 1.614e+05
1.846e-01 1.677e+05
2.198e-01 1.657e+05
2.177e-01 1.678e+05
2.599e-01 1.653e+05
2.734e-01 1.653e+05
2.204e-01 1.678e+05
2.455e-01 1.629e+05
2.067e-01 1.683e+05
1.816e-01 1.688e+05
2.297e-01 1.659e+05
1.648e-01 1.628e+05
1.098e-05 2.651e+04
1.726e-01 1.669e+05
1.786e-01 1.483e+05
2.292e-01 1.660e+05
1.207e-06 4.520e+04
2.098e-01 1.646e+05
2.137e-01 1.680e+05
2.349e-01 1.665e+05
3.095e-07 2.730e+04
2.086e-01 1.656e+05
1.981e-01 1.677e+05
1.952e-01 1.671e+05
1.638e-01 1.686e+05
2.519e-01 1.664e+05
1.749e-01 1.721e+05
2.572e-01 1.672e+05
1.924e-01 1.696e+05
2.006e-01 1.656e+05
2.493e-01 1.672e+05
1.816e-01 1.698e+05
3.338e-01 1.638e+05
1.524e-01 1.724e+05
1.428e-01 1.722e+05
2.817e-01 1.648e+05
2.273e-01 1.665e+05
2.600e-01 1.627e+05
1.854e-01 1.686e+05
2.370e-01 1.619e+05
3.503e-01 1.206e+05
2.559e-01 1.611e+05
9.065e-06 2.540e+04
2.404e-01 1.661e+05
1.722e-01 1.710e+05
2.243e-01 1.674e+05
2.784e-01 1.668e+05
3.891e-01 1.656e+05
3.644e-06 6.608e+03
1.043e-05 4.628e+04
1.247e-01 1.698e+05
2.890e-01 1.354e+05
5.670e-01 1.554e+05
1.506e-01 1.744e+05
1.700e-01 1.688e+05
1.947e-01 1.691e+05
1.440e-06 2.019e+04
2.499e-01 1.667e+05
1.855e-01 1.698e+05
5.115e-01 1.164e+05
2.456e-01 1.668e+05
1.368e-01 1.742e+05
2.330e-01 1.665e+05
2.124e-01 1.674e+05
4.658e-01 1.661e+05
2.319e-01 1.721e+05
9.258e-06 2.998e+04
2.235e-01 1.674e+05
2.540e-01 1.669e+05
3.310e-01 1.664e+05
3.390e-01 1.496e+05
1.585e-01 1.723e+05
1.799e-01 1.696e+05
1.528e-01 1.757e+05
3.429e-06 4.402e+04
2.784e-01 1.610e+05
2.580e-01 1.687e+05
2.544e-01 1.672e+05
2.645e-01 1.664e+05
1.663e-01 1.718e+05
2.762e-01 1.645e+05
1.744e-01 1.709e+05
3.772e-01 1.625e+05
5.706e-07 2.070e+04
3.463e-01 1.641e+05
1.601e-01 1.734e+05
2.717e-01 1.619e+05
1.845e-01 1.685e+05
2.428e-01 1.668e+05
2.441e-01 1.647e+05
2.538e-01 1.633e+05
1.977e-01 1.697e+05
2.634e-01 1.632e+05
1.776e-01 1.738e+05
1.659e-01 1.728e+05
1.997e-01 1.699e+05
1.892e-01 1.684e+05
2.432e-01 1.653e+05
1.992e-01 1.693e+05
3.294e-07 5.789e+03
2.333e-01 1.661e+05
3.472e-01 1.648e+05
2.830e-01 1.645e+05
2.240e-01 1.688e+05
3.195e-01 1.605e+05
2.354e-01 1.651e+05
2.914e-01 1.615e+05
2.980e-01 1.667e+05
2.313e-01 1.661e+05
1.831e-06 1.535e+04
3.281e-01 1.645e+05
3.723e-01 1.615e+05
2.403e-01 1.665e+05
2.965e-01 1.633e+05
2.075e-01 1.658e+05
2.743e-01 1.639e+05
1.650e-01 1.705e+05
1.969e-01 1.687e+05
1.925e-01 1.710e+05
5.887e-01 1.554e+05
3.030e-01 1.638e+05
1.456e-01 1.725e+05
1.990e-01 1.695e+05
5.108e-01 1.173e+05
5.293e-06 1.685e+04
2.405e-07 1.522e+04
1.716e-01 1.704e+05
1.805e-01 1.726e+05
1.779e-01 1.647e+05
1.825e-01 1.736e+05
1.548e-01 1.724e+05
1.975e-01 1.686e+05
2.268e-01 1.477e+05
2.223e-01 1.663e+05
1.725e-01 1.702e+05
1.802e-01 1.704e+05
1.717e-01 1.715e+05
2.007e-01 1.673e+05
1.920e-01 1.656e+05
3.282e-01 1.594e+05
9.580e-06 4.419e+04
1.952e-01 1.691e+05
5.053e-01 9.446e+04
2.104e-01 1.662e+05
2.138e-01 1.675e+05
1.430e-01 1.684e+05
2.986e-01 1.616e+05
2.931e-01 1.640e+05
2.176e-01 1.661e+05
1.576e-01 1.716e+05
1.902e-01 1.698e+05
2.023e-01 1.688e+05
1.716e-01 1.349e+05
2.488e-01 1.665e+05
1.347e-01 1.739e+05
2.187e-01 1.649e+05
4.370e-01 1.589e+05
1.841e-01 1.734e+05
1.792e-01 1.705e+05
2.889e-01 1.660e+05
1.620e-01 1.727e+05
4.599e-01 1.250e+05
2.396e-01 1.667e+05
1.478e-01 1.732e+05
1.606e-01 1.736e+05
3.734e-01 1.605e+05
2.474e-01 1.653e+05
1.990e-01 1.666e+05
2.425e-01 1.644e+05
2.383e-01 1.653e+05
1.905e-01 1.667e+05
2.089e-01 1.677e+05
2.499e-01 1.639e+05
4.253e-01 1.658e+05
3.147e-01 1.603e+05
2.374e-01 1.667e+05
2.863e-01 1.651e+05
1.537e-05 2.334e+04
2.274e-01 1.678e+05
1.892e-01 1.698e+05
2.066e-01 1.659e+05
3.761e-01 1.600e+05
1.791e-01 1.681e+05
2.265e-06 4.160e+04
2.567e-01 1.629e+05
3.085e-01 1.645e+05
1.854e-01 1.715e+05
1.182e-05 2.553e+04
1.640e-01 1.711e+05
1.781e-01 1.709e+05
2.592e-01 1.664e+05
1.811e-01 1.702e+05
2.011e-01 1.643e+05
3.415e-01 1.601e+05
2.936e-01 1.631e+05
2.890e-01 1.687e+05
3.275e-01 1.682e+05
4.476e-01 1.465e+05
1.671e-01 1.703e+05
2.327e-01 1.675e+05
2.463e-01 1.620e+05
2.182e-01 1.649e+05
2.059e-01 1.663e+05
1.441e-01 1.741e+05
2.067e-01 1.669e+05
2.192e-01 1.668e+05
1.921e-01 1.725e+05
2.430e-01 1.671e+05
2.441e-01 1.685e+05
2.492e-01 1.650e+05
2.030e-01 1.687e+05
1.600e-01 1.702e+05
2.467e-01 1.656e+05
1.478e-01 1.730e+05
1.674e-01 1.708e+05
4.420e-01 1.583e+05
2.614e-06 1.920e+04
2.390e-01 1.663e+05
2.442e-01 1.651e+05
1.811e-01 1.700e+05
3.094e-01 1.421e+05
1.824e-01 1.705e+05
1.779e-01 1.714e+05
1.353e-01 1.737e+05
1.903e-01 1.642e+05
1.999e-01 1.686e+05
2.065e-01 1.699e+05
2.029e-01 1.693e+05
1.991e-01 1.674e+05
2.843e-06 2.694e+04
1.578e-01 1.731e+05
2.253e-06 3.333e+04
5.797e-01 1.114e+05
1.853e-01 1.662e+05
1.439e-01 1.732e+05
4.894e-01 1.387e+05
1.754e-01 1.668e+05
2.875e-01 1.653e+05
1.649e-01 1.702e+05
1.785e-01 1.697e+05
2.078e-01 1.681e+05
1.810e-01 1.644e+05
1.373e-01 1.706e+05
8.103e-06 1.653e+04
2.322e-01 1.672e+05
2.500e-01 1.702e+05
1.825e-01 1.705e+05
4.459e-01 1.577e+05
2.224e-01 1.686e+05
8.389e-02 1.527e+05
2.439e-01 1.662e+05
2.028e-01 1.706e+05
1.874e-01 1.687e+05
1.878e-01 1.687e+05
3.018e-01 1.628e+05
2.151e-01 1.648e+05
1.824e-01 1.671e+05
3.176e-07 2.556e+04
1.476e-07 1.379e+04
8.101e-06 8.667e+03
2.627e-01 1.627e+05
1.725e-01 1.754e+05
1.632e-01 1.690e+05
5.496e-01 1.306e+05
1.863e-01 1.724e+05
1.905e-01 1.716e+05
2.206e-01 1.663e+05
3.810e-01 1.564e+05
1.877e-01 1.696e+05
5.702e-01 1.136e+05
1.883e-01 1.685e+05
1.520e-01 1.736e+05
2.043e-01 1.692e+05
5.099e-01 1.661e+05
3.878e-06 1.964e+04
1.545e-01 1.719e+05
2.440e-06 1.849e+04
2.053e-01 1.690e+05
1.552e-01 1.704e+05
3.575e-01 1.589e+05
3.532e-01 1.602e+05
1.394e-01 1.740e+05
2.138e-01 1.650e+05
3.126e-01 1.645e+05
1.445e-01 1.745e+05
7.886e-07 1.421e+04
2.508e-01 1.662e+05
2.611e-01 1.684e+05
2.526e-01 1.679e+05
3.031e-01 1.638e+05
2.159e-01 1.675e+05
7.716e-06 2.115e+04
3.866e-01 1.591e+05
2.394e-01 1.669e+05
2.050e-01 1.679e+05
3.342e-08 4.388e+04
1.367e-01 1.491e+05
4.373e-01 1.596e+05
1.989e-01 1.672e+05
2.534e-01 1.638e+05
2.270e-01 1.644e+05
2.736e-01 1.659e+05
2.096e-01 1.724e+05
2.125e-01 1.718e+05
3.472e-06 1.262e+04
2.560e-01 1.627e+05
5.461e-01 1.571e+05
2.247e-01 1.729e+05
2.800e-01 1.630e+05
2.396e-01 1.665e+05
1.857e-01 1.709e+05
1.688e-01 1.688e+05
2.194e-01 1.716e+05
6.757e-07 1.456e+03
2.312e-01 1.652e+05
2.974e-01 1.695e+05
2.861e-01 1.653e+05
2.270e-01 1.612e+05
1.791e-01 1.708e+05
2.908e-01 1.685e+05
3.509e-01 1.610e+05
1.841e-01 1.742e+05
2.089e-01 1.676e+05
9.551e-06 2.893e+04
2.472e-01 1.676e+05
2.156e-01 1.684e+05
5.197e-06 4.158e+04
4.368e-01 1.641e+05
2.593e-01 1.636e+05
2.274e-01 1.656e+05
2.000e-01 1.703e+05
2.552e-01 1.667e+05
2.215e-01 1.690e+05
1.725e-01 1.684e+05
1.617e-01 1.705e+05
1.906e-01 1.696e+05
2.606e-01 1.633e+05
2.291e-01 1.664e+05
9.844e-06 1.108e+02
1.470e-01 1.721e+05
2.271e-01 1.674e+05
1.764e-01 1.718e+05
1.673e-01 1.737e+05
2.018e-01 1.673e+05
1.577e-01 1.720e+05
1.668e-01 1.709e+05
1.814e-01 1.684e+05
2.788e-01 1.630e+05
1.572e-01 1.716e+05
2.068e-01 1.685e+05
1.961e-01 1.647e+05
3.129e-01 1.605e+05
1.554e-05 2.435e+04
1.583e-01 1.692e+05
2.350e-01 1.610e+05
1.694e-01 1.716e+05
1.844e-01 1.711e+05
1.570e-01 1.720e+05
2.512e-01 1.670e+05
1.364e-06 4.765e+04
1.760e-01 1.730e+05
4.653e-01 1.631e+05
2.034e-01 1.646e+05
2.886e-01 1.625e+05
1.932e-01 1.648e+05
2.104e-01 1.675e+05
1.937e-01 1.474e+05
1.524e-01 1.757e+05
1.837e-01 1.697e+05
2.195e-01 1.657e+05
2.987e-01 1.669e+05
2.262e-01 1.671e+05
2.149e-01 1.651e+05
1.226e-05 5.750e+04
2.637e-06 1.866e+04
2.215e-01 1.671e+05
5.249e-01 1.014e+05
1.860e-01 1.714e+05
2.832e-01 1.678e+05
1.773e-06 4.119e+04
3.384e-01 1.637e+05
2.307e-01 1.675e+05
1.775e-01 1.666e+05
2.573e-01 1.640e+05
1.963e-01 1.697e+05
2.246e-01 1.679e+05
5.061e-01 1.127e+05
1.430e-06 4.643e+04
1.396e-06 1.931e+04
2.233e-01 1.660e+05
1.770e-01 1.677e+05
1.615e-01 1.711e+05
1.772e-01 1.704e+05
1.646e-01 1.716e+05
1.599e-01 1.709e+05
1.917e-01 1.714e+05
3.115e-01 1.607e+05
2.261e-01 1.618e+05
2.442e-01 1.631e+05
2.158e-01 1.656e+05
1.892e-01 1.736e+05
4.395e-07 1.791e+04
1.979e-01 1.682e+05
1.538e-01 1.707e+05
1.324e-01 1.702e+05
2.392e-01 1.676e+05
2.877e-01 8.809e+04
2.426e-01 1.668e+05
1.640e-01 1.712e+05
1.157e-05 1.448e+04
1.582e-01 1.687e+05
3.302e-01 1.635e+05
1.914e-01 1.732e+05
2.107e-01 1.672e+05
1.925e-01 1.670e+05
3.082e-01 1.624e+05
1.782e-01 1.721e+05
2.144e-01 1.668e+05
2.287e-01 1.703e+05
2.225e-01 1.671e+05
1.418e-01 1.729e+05
5.937e-01 1.119e+05
1.700e-01 1.669e+05
3.349e-01 1.599e+05
2.190e-01 1.696e+05
3.682e-01 1.644e+05
1.982e-01 1.730e+05
1.998e-01 1.684e+05
2.049e-01 1.687e+05
2.520e-06 4.074e+04
1.868e-01 1.668e+05
2.034e-01 1.588e+05
2.188e-01 1.681e+05
1.740e-01 1.715e+05
2.134e-01 1.619e+05
2.174e-01 1.683e+05
1.730e-01 1.692e+05
5.321e-01 1.600e+05
1.431e-01 1.740e+05
1.905e-01 1.684e+05
2.778e-01 1.652e+05
9.102e-06 8.882e+03
1.764e-01 1.645e+05
3.665e-01 1.685e+05
2.195e-01 1.640e+05
2.749e-01 1.642e+05
2.813e-06 1.620e+04
1.958e-01 1.630e+05
2.811e-01 1.661e+05
1.691e-01 1.706e+05
1.925e-06 3.000e+04
2.037e-01 1.662e+05
1.486e-01 1.752e+05
2.395e-01 1.673e+05
2.160e-01 1.650e+05
2.159e-01 1.686e+05
1.991e-01 1.688e+05
1.866e-01 1.634e+05
1.767e-01 1.714e+05
2.612e-01 1.661e+05
2.528e-01 1.632e+05
2.226e-01 1.681e+05
1.658e-01 1.719e+05
2.653e-01 1.619e+05
1.494e-01 1.709e+05
1.852e-01 1.714e+05
1.730e-01 1.673e+05
1.585e-01 1.725e+05
1.216e-01 1.479e+05
2.646e-01 1.700e+05
2.684e-01 1.641e+05
1.470e-01 1.740e+05
1.880e-01 1.683e+05
7.002e-06 1.006e+04
9.543e-06 1.644e+04
2.656e-01 1.649e+05
2.091e-01 1.678e+05
2.184e-01 1.630e+05
4.683e-06 4.419e+04
6.507e-02 1.348e+05
5.606e-01 1.519e+05
2.183e-01 1.672e+05
3.356e-01 1.674e+05
1.966e-01 1.661e+05
2.467e-01 1.620e+05
1.828e-01 1.710e+05
2.683e-01 1.656e+05
2.887e-01 1.662e+05
1.859e-01 1.690e+05
2.947e-01 1.663e+05
3.735e-01 1.586e+05
2.294e-06 1.665e+04
1.516e-01 1.684e+05
4.199e-01 1.586e+05
1.895e-01 1.670e+05
2.370e-01 1.648e+05
1.654e-01 1.754e+05
1.797e-01 1.682e+05
1.875e-01 1.696e+05
3.685e-01 1.633e+05
1.858e-01 1.725e+05
3.873e-01 1.620e+05
1.103e-01 1.593e+05
2.114e-01 1.660e+05
4.016e-01 1.582e+05
2.211e-01 1.678e+05
1.675e-01 1.679e+05
1.770e-01 1.706e+05
3.072e-01 1.617e+05
3.251e-01 1.645e+05
2.149e-01 1.667e+05
3.493e-01 1.618e+05
1.893e-01 1.665e+05
5.494e-01 1.617e+05
2.404e-01 1.658e+05
1.824e-01 1.677e+05
1.961e-01 1.701e+05
1.728e-01 1.745e+05
2.164e-01 1.710e+05
1.768e-01 1.617e+05
1.499e-01 1.721e+05
3.477e-06 1.031e+04
3.650e-01 1.590e+05
1.730e-01 1.680e+05
1.470e-01 1.740e+05
1.736e-01 1.733e+05
1.972e-01 1.675e+05
2.107e-01 1.674e+05
1.956e-05 3.099e+04
7.448e-06 3.521e+04
1.556e-01 1.720e+05
1.566e-01 1.743e+05
4.461e-01 1.509e+05
2.853e-06 3.900e+04
1.777e-01 1.718e+05
1.999e-01 1.676e+05
1.010e-05 4.040e+04
1.606e-01 1.696e+05
2.748e-01 1.632e+05
3.527e-01 1.265e+05
1.794e-01 1.683e+05
1.004e-01 1.447e+05
1.340e-05 5.365e+04
2.500e-01 1.635e+05
1.860e-05 9.515e+03
1.808e-01 1.692e+05
1.508e-01 1.694e+05
3.653e-01 1.607e+05
1.659e-05 1.720e+04
2.327e-01 1.717e+05
2.733e-01 1.654e+05
2.522e-01 1.658e+05
3.167e-01 1.669e+05
2.795e-01 1.687e+05
3.738e-01 1.154e+05
2.162e-01 1.670e+05
3.625e-01 1.633e+05
2.062e-01 1.675e+05
2.094e-01 1.642e+05
2.038e-01 1.676e+05
1.628e-01 1.752e+05
2.282e-01 1.654e+05
1.971e-01 1.643e+05
3.980e-06 2.514e+04
2.258e-01 1.652e+05
1.906e-01 1.680e+05
1.846e-01 1.691e+05
2.170e-01 1.659e+05
2.901e-05 1.252e+03
5.066e-06 1.087e+04
1.847e-01 1.707e+05
2.328e-01 1.722e+05
2.124e-01 1.679e+05
1.941e-01 1.680e+05
2.046e-01 1.672e+05
4.147e-01 1.029e+05
4.167e-01 1.625e+05
5.243e-06 9.554e+03
1.872e-01 1.684e+05
1.815e-01 1.692e+05
9.027e-06 8.927e+03
1.936e-01 1.676e+05
1.996e-01 1.688e+05
2.362e-01 1.637e+05
2.435e-01 1.671e+05
1.580e-01 1.722e+05
2.037e-06 1.085e+04
1.701e-01 1.717e+05
2.997e-01 1.140e+05
1.400e-01 1.694e+05
2.460e-01 1.680e+05
1.468e-01 1.727e+05
2.223e-01 1.662e+05
1.432e-01 1.729e+05
1.673e-01 1.657e+05
2.898e-01 1.635e+05
1.817e-06 8.346e+03
1.667e-01 1.711e+05
2.662e-01 1.700e+05
2.025e-01 1.644e+05
2.220e-01 1.674e+05
4.216e-01 1.644e+05
2.330e-01 1.663e+05
1.062e-01 1.441e+05
1.698e-01 1.702e+05
2.027e-01 1.620e+05
1.640e-01 1.735e+05
1.493e-01 1.734e+05
5.414e-06 1.245e+04
1.053e-05 1.150e+04
1.929e-01 1.642e+05
2.130e-01 1.673e+05
4.308e-01 1.665e+05
2.939e-01 1.628e+05
2.186e-01 1.675e+05
2.195e-01 1.679e+05
1.549e-01 1.690e+05
1.477e-01 1.735e+05
2.186e-01 1.666e+05
1.575e-01 1.723e+05
1.438e-01 1.729e+05
1.708e-01 1.714e+05
1.577e-01 1.710e+05
4.261e-01 1.678e+05
2.037e-01 1.685e+05
1.399e-01 1.740e+05
1.907e-01 1.679e+05
2.372e-01 1.643e+05
2.266e-01 1.701e+05
1.681e-01 1.700e+05
2.085e-01 1.674e+05
1.779e-01 1.723e+05
2.078e-01 1.699e+05
1.755e-01 1.694e+05
1.763e-01 1.709e+05
2.916e-01 1.649e+05
2.098e-01 1.682e+05
1.905e-06 4.555e+04
1.506e-01 1.707e+05
2.954e-01 1.637e+05
1.945e-01 1.679e+05
1.988e-01 1.712e+05
1.880e-01 1.693e+05
1.791e-01 1.697e+05
1.818e-01 1.665e+05
3.014e-01 1.647e+05
2.136e-01 1.705e+05
1.455e-06 1.869e+04
1.581e-01 1.707e+05
2.393e-01 1.624e+05
1.721e-01 1.690e+05
1.842e-01 1.737e+05
1.326e-01 1.514e+05
1.806e-01 1.722e+05
1.916e-01 1.690e+05
2.160e-01 1.676e+05
2.796e-01 1.619e+05
4.687e-01 1.617e+05
2.434e-01 1.648e+05
1.663e-01 1.691e+05
3.690e-01 1.631e+05
2.248e-01 1.662e+05
1.333e-01 1.419e+05
1.424e-06 2.831e+04
1.305e-06 5.320e+04
1.780e-01 1.635e+05
2.114e-01 1.598e+05
1.684e-01 1.710e+05
2.692e-01 1.670e+05
2.439e-01 1.666e+05
2.412e-01 1.656e+05
1.867e-01 1.683e+05
2.137e-01 1.671e+05
3.255e-01 1.195e+05
1.610e-01 1.693e+05
2.000e-01 1.623e+05
4.020e-01 1.594e+05
1.972e-01 1.669e+05
1.469e-01 1.677e+05
2.040e-01 1.693e+05
2.731e-01 1.643e+05
2.264e-01 1.667e+05
1.201e-06 1.849e+04
1.350e-06 4.648e+03
2.169e-01 1.657e+05
1.970e-01 1.364e+05
2.543e-01 1.666e+05
2.242e-01 1.685e+05
1.823e-01 1.696e+05
1.923e-01 1.666e+05
2.282e-01 1.661e+05
2.258e-01 1.685e+05
2.483e-01 1.701e+05
1.485e-06 3.359e+04
2.492e-01 1.662e+05
6.534e-07 2.182e+04
1.764e-01 1.714e+05
1.485e-01 1.719e+05
2.576e-01 1.691e+05
2.116e-01 1.679e+05
3.881e-06 2.671e+04
2.213e-01 1.680e+05
7.459e-06 1.576e+04
1.675e-01 1.706e+05
2.219e-01 1.653e+05
1.810e-01 1.675e+05
4.301e-01 1.667e+05
1.526e-01 1.694e+05
2.415e-01 1.683e+05
2.310e-06 2.244e+03
3.813e-07 1.346e+04
1.144e-01 1.506e+05
6.648e-06 2.657e+04
2.153e-01 1.644e+05
1.699e-01 1.746e+05
1.999e-01 1.605e+05
1.958e-01 1.681e+05
5.898e-01 1.116e+05
4.206e-06 1.140e+04
2.295e-01 1.655e+05
1.792e-01 1.696e+05
1.635e-01 1.713e+05
1.647e-01 1.702e+05
2.353e-01 1.655e+05
1.566e-01 1.702e+05
1.534e-01 1.719e+05
1.994e-01 1.731e+05
2.662e-01 1.664e+05
2.112e-01 1.671e+05
2.624e-01 1.706e+05
1.815e-01 1.693e+05
1.875e-06 4.032e+04
1.739e-01 1.736e+05
1.337e-01 1.674e+05
7.185e-07 2.170e+04
8.772e-06 2.914e+04
1.750e-01 1.680e+05
3.928e-06 1.643e+04
2.040e-01 1.709e+05
2.827e-06 1.064e+04
7.136e-06 2.743e+04
2.161e-01 1.676e+05
2.020e-01 1.692e+05
2.245e-01 1.600e+05
2.569e-06 1.431e+04
1.722e-06 3.385e+04
2.711e-06 3.181e+04
6.016e-06 2.409e+04
1.637e-01 1.735e+05
1.644e-07 4.669e+04
2.232e-01 1.629e+05
1.772e-01 1.683e+05
1.644e-01 1.705e+05
3.351e-01 1.361e+05
2.544e-01 1.219e+05
2.131e-01 1.601e+05
1.953e-01 1.667e+05
2.319e-01 1.666e+05
2.037e-01 1.688e+05
1.479e-01 1.719e+05
1.437e-01 1.715e+05
2.345e-01 1.693e+05
2.013e-01 1.678e+05
2.199e-01 1.671e+05
2.371e-01 1.656e+05
2.678e-01 1.652e+05
1.617e-01 1.723e+05
1.930e-01 1.704e+05
1.643e-01 1.654e+05
1.723e-01 1.689e+05
2.052e-01 1.624e+05
5.504e-06 5.048e+04
1.835e-01 1.694e+05
1.610e-01 1.741e+05
3.989e-01 1.597e+05
3.821e-01 1.590e+05
2.385e-01 1.670e+05
1.744e-05 3.907e+04
1.426e-05 1.747e+03
1.683e-01 1.648e+05
3.230e-01 1.654e+05
1.765e-01 1.691e+05
2.972e-01 1.640e+05
2.507e-01 1.675e+05
1.796e-01 1.684e+05
1.767e-01 1.745e+05
1.585e-01 1.718e+05
1.906e-01 1.715e+05
3.314e-06 2.083e+03
2.197e-01 1.663e+05
1.445e-01 1.734e+05
2.582e-01 1.666e+05
3.607e-01 1.668e+05
1.740e-01 1.699e+05
2.596e-01 1.274e+05
5.811e-01 1.300e+05
6.287e-06 1.765e+04
1.755e-01 1.691e+05
1.381e-01 1.667e+05
1.861e-01 1.691e+05
2.505e-01 1.638e+05
2.273e-01 1.722e+05
2.762e-01 1.664e+05
2.578e-01 1.646e+05
1.899e-01 1.679e+05
1.642e-01 1.653e+05
2.512e-01 1.656e+05
2.885e-06 3.245e+04
1.490e-01 1.741e+05
1.378e-01 1.688e+05
2.475e-01 1.657e+05
4.544e-06 2.468e+04
1.804e-01 1.727e+05
5.702e-07 3.625e+04
7.887e-06 2.636e+04
2.340e-01 1.666e+05
2.108e-01 1.655e+05
4.007e-01 1.592e+05
1.629e-01 1.733e+05
2.791e-01 1.622e+05
1.715e-01 1.731e+05
1.752e-06 9.537e+03
1.646e-06 5.508e+04
1.813e-01 1.713e+05
1.782e-01 1.716e+05
3.393e-01 1.686e+05
1.365e-01 1.732e+05
1.859e-01 1.732e+05
2.213e-01 1.685e+05
2.175e-01 1.651e+05
1.906e-01 1.638e+05
2.377e-01 1.655e+05
2.056e-01 1.713e+05
2.215e-01 1.709e+05
1.678e-01 1.683e+05
2.670e-01 1.649e+05
3.410e-01 1.668e+05
8.912e-07 2.458e+04
1.865e-01 1.656e+05
4.649e-06 9.271e+03
2.281e-01 1.665e+05
2.065e-01 1.654e+05
3.009e-01 1.636e+05
2.328e-01 1.677e+05
2.434e-01 1.679e+05
1.414e-01 1.736e+05
1.948e-01 1.310e+05
1.485e-01 1.726e+05
3.828e-01 1.651e+05
2.938e-06 2.744e+04
1.370e-01 1.745e+05
1.843e-01 1.697e+05
1.378e-01 1.739e+05
2.376e-01 1.656e+05
6.205e-06 2.474e+04
2.656e-01 1.650e+05
2.308e-01 1.646e+05
1.920e-01 1.680e+05
2.010e-01 1.681e+05
1.524e-01 1.687e+05
3.663e-08 2.299e+04
1.519e-01 1.748e+05
2.559e-01 1.662e+05
7.898e-06 4.642e+04
2.662e-01 1.624e+05
2.317e-01 1.669e+05
1.773e-01 1.684e+05
1.683e-01 1.709e+05
1.872e-01 1.672e+05
5.152e-07 6.115e+03
1.560e-01 1.648e+05
4.852e-01 1.594e+05
1.976e-01 1.729e+05
2.130e-01 1.679e+05
5.041e-06 2.840e+04
2.968e-06 3.007e+03
1.153e-05 3.585e+04
2.940e-01 1.622e+05
2.444e-01 1.717e+05
2.679e-01 1.675e+05
2.814e-01 1.628e+05
6.575e-06 1.739e+04
2.341e-01 1.666e+05
1.867e-01 1.684e+05
2.014e-01 1.681e+05
4.136e-01 1.655e+05
1.944e-01 1.667e+05
1.508e-01 1.713e+05
2.002e-01 1.688e+05
8.100e-07 8.462e+03
1.682e-01 1.734e+05
2.508e-01 1.660e+05
1.897e-01 1.683e+05
1.834e-01 1.687e+05
1.547e-01 1.736e+05
1.311e-01 1.668e+05
2.215e-01 1.651e+05
3.126e-01 1.598e+05
1.965e-01 1.710e+05
1.880e-01 1.670e+05
1.378e-01 1.535e+05
1.877e-01 1.711e+05
1.548e-01 1.726e+05
4.095e-01 1.588e+05
3.185e-07 1.323e+04
1.626e-01 1.667e+05
2.927e-01 1.675e+05
8.146e-07 1.365e+04
2.108e-01 1.689e+05
5.099e-01 1.492e+05
2.326e-01 1.677e+05
2.555e-01 1.657e+05
7.295e-06 1.996e+03
3.629e-06 1.154e+04
2.311e-01 1.651e+05
1.936e-01 1.686e+05
1.931e-01 1.676e+05
1.915e-01 1.738e+05
2.880e-01 1.629e+05
1.568e-01 1.670e+05
6.156e-07 2.253e+04
1.675e-01 1.723e+05
1.930e-01 1.677e+05
2.569e-01 1.649e+05
1.860e-01 1.674e+05
2.337e-01 1.696e+05
2.437e-01 1.662e+05
3.025e-07 3.348e+04
2.685e-01 1.659e+05
1.769e-01 1.496e+05
1.370e-01 1.757e+05
2.448e-01 1.649e+05
1.618e-01 1.735e+05
1.806e-01 1.703e+05
3.851e-06 7.637e+03
2.156e-01 1.660e+05
2.227e-01 1.665e+05
2.358e-01 1.681e+05
1.555e-01 1.728e+05
2.370e-01 1.663e+05
1.751e-01 1.707e+05
2.726e-01 1.664e+05
1.537e-01 1.713e+05
1.707e-01 1.701e+05
1.893e-01 1.691e+05
2.184e-01 1.698e+05
2.393e-01 1.664e+05
1.521e-01 1.737e+05
2.232e-01 1.698e+05
4.509e-01 1.624e+05
1.704e-01 1.691e+05
2.294e-01 1.655e+05
2.351e-01 1.715e+05
4.567e-06 5.830e+04
1.039e-05 1.249e+04
2.462e-01 1.636e+05
3.575e-01 1.379e+05
2.376e-01 1.634e+05
2.594e-01 1.670e+05
1.841e-01 1.703e+05
2.498e-01 1.674e+05
4.638e-01 9.896e+04
1.809e-01 1.688e+05
3.082e-06 7.515e+03
1.503e-01 1.720e+05
1.387e-01 1.733e+05
2.260e-06 4.765e+03
2.380e-01 1.648e+05
2.557e-01 1.710e+05
3.831e-01 1.602e+05
1.577e-01 1.714e+05
2.236e-01 1.681e+05
4.267e-01 1.600e+05
3.174e-05 1.837e+04
2.551e-01 1.700e+05
2.285e-01 1.659e+05
3.138e-01 1.653e+05
1.862e-01 1.711e+05
2.315e-01 1.660e+05
1.836e-01 1.692e+05
2.726e-01 1.652e+05
3.955e-01 1.640e+05
3.687e-06 3.869e+04
2.116e-01 1.685e+05
1.692e-01 1.727e+05
1.709e-01 1.708e+05
1.548e-01 1.700e+05
1.609e-01 1.681e+05
5.208e-01 1.598e+05
1.752e-01 1.678e+05
2.784e-01 1.317e+05
2.578e-01 1.713e+05
2.471e-01 1.675e+05
1.966e-01 1.685e+05
9.486e-07 1.286e+04
1.938e-01 1.706e+05
2.228e-06 3.828e+04
4.511e-01 1.497e+05
4.482e-07 3.347e+04
1.897e-01 1.677e+05
3.623e-01 1.603e+05
1.417e-01 1.658e+05
1.563e-01 1.739e+05
1.866e-01 1.692e+05
5.666e-01 1.039e+05
1.887e-01 1.687e+05
1.589e-05 2.550e+04
2.044e-01 1.668e+05
2.687e-01 1.625e+05
5.875e-07 3.109e+04
1.760e-01 1.698e+05
3.233e-06 2.477e+04
4.506e-07 1.990e+04
2.517e-01 1.649e+05
1.987e-01 1.685e+05
2.152e-01 1.671e+05
1.693e-01 1.739e+05
2.262e-01 1.603e+05
3.258e-01 1.616e+05
1.545e-01 1.727e+05
2.037e-01 1.705e+05
1.517e-01 1.733e+05
2.524e-01 1.680e+05
1.883e-01 1.636e+05
4.785e-07 2.684e+04
2.149e-01 1.679e+05
1.749e-01 1.689e+05
2.270e-01 1.668e+05
2.110e-01 1.692e+05
1.989e-01 1.692e+05
1.384e-06 3.236e+04
1.456e-01 1.722e+05
9.169e-06 1.839e+04
1.884e-01 1.716e+05
1.668e-01 1.708e+05
1.761e-01 1.686e+05
2.309e-01 1.651e+05
2.623e-01 1.675e+05
5.999e-06 9.331e+03
1.969e-01 1.648e+05
1.387e-01 1.736e+05
2.003e-01 1.672e+05
1.749e-01 1.703e+05
2.597e-01 1.660e+05
2.200e-01 1.668e+05
1.753e-01 1.709e+05
5.784e-06 2.780e+04
1.993e-01 1.667e+05
2.382e-01 1.640e+05
1.517e-01 1.702e+05
7.409e-06 1.062e+04
1.380e-01 1.750e+05
2.314e-01 1.681e+05
5.819e-01 1.089e+05
3.114e-01 1.623e+05
1.184e-05 1.553e+04
2.520e-01 1.655e+05
1.947e-01 1.719e+05
4.124e-01 1.613e+05
2.404e-01 1.675e+05
1.407e-05 5.044e+04
3.806e-01 1.291e+05
2.262e-01 1.663e+05
3.163e-01 1.605e+05
1.966e-01 1.284e+05
3.023e-01 1.631e+05
2.227e-01 1.685e+05
2.322e-01 1.649e+05
2.084e-01 1.713e+05
1.151e-01 1.476e+05
2.428e-01 1.662e+05
2.454e-01 1.654e+05
2.856e-07 5.268e+04
2.590e-01 1.659e+05
1.702e-01 1.712e+05
1.592e-01 1.707e+05
3.001e-01 1.638e+05
2.250e-06 1.121e+04
1.389e-01 1.725e+05
1.487e-01 1.736e+05
2.943e-01 1.647e+05
2.731e-01 1.696e+05
1.432e-01 1.720e+05
2.797e-01 1.639e+05
1.283e-05 2.289e+03
1.276e-05 5.637e+03
2.579e-01 1.623e+05
2.561e-01 1.671e+05
1.263e-05 7.358e+04
2.400e-01 1.657e+05
2.397e-01 1.669e+05
1.389e-01 1.732e+05
3.051e-06 2.864e+04
1.123e-05 5.018e+04
1.967e-01 1.707e+05
2.256e-01 1.674e+05
1.457e-01 1.716e+05
1.453e-01 1.729e+05
1.490e-01 1.664e+05
1.745e-01 1.631e+05
1.960e-01 1.678e+05
4.284e-01 1.613e+05
1.620e-01 1.717e+05
2.727e-01 1.649e+05
2.123e-01 1.647e+05
2.084e-01 1.666e+05
1.745e-01 1.707e+05
2.408e-01 1.606e+05
1.783e-01 1.631e+05
1.770e-01 1.675e+05
2.281e-01 1.659e+05
1.725e-01 1.734e+05
2.131e-01 1.678e+05
2.258e-01 1.666e+05
2.356e-01 1.675e+05
1.799e-01 1.728e+05
2.406e-01 1.664e+05
3.214e-01 1.632e+05
2.270e-01 1.647e+05
1.635e-01 1.708e+05
1.474e-01 1.703e+05
5.674e-01 1.606e+05
1.883e-01 1.691e+05
6.254e-06 2.308e+04
3.511e-01 1.687e+05
1.559e-01 1.681e+05
2.179e-01 1.657e+05
2.034e-01 1.653e+05
2.953e-01 1.637e+05
1.632e-01 1.720e+05
3.475e-01 1.625e+05
5.673e-06 3.446e+04
3.793e-01 1.228e+05
1.521e-01 1.718e+05
2.964e-06 2.401e+04
2.705e-01 1.649e+05
1.520e-01 1.699e+05
2.705e-01 1.625e+05
1.600e-01 1.753e+05
2.402e-01 1.643e+05
2.203e-01 1.658e+05
7.594e-06 3.880e+04
4.671e-06 1.453e+04
1.335e-01 1.584e+05
1.847e-01 1.697e+05
1.884e-01 1.682e+05
1.990e-01 1.675e+05
1.737e-01 1.722e+05
2.436e-01 1.671e+05
2.194e-01 1.699e+05
2.308e-01 1.621e+05
1.530e-01 1.721e+05
2.351e-01 1.666e+05
1.040e-06 7.190e+03
1.587e-01 1.717e+05
5.359e-06 2.995e+04
2.997e-01 1.688e+05
2.680e-06 6.712e+04
2.551e-01 1.712e+05
7.246e-06 4.320e+04
1.663e-01 1.696e+05
1.743e-01 1.691e+05
1.455e-01 1.744e+05
1.359e-01 1.698e+05
1.560e-01 1.714e+05
2.990e-01 1.642e+05
1.794e-01 1.725e+05
2.412e-01 1.669e+05
1.656e-01 1.709e+05
3.431e-06 3.171e+04
1.641e-01 1.704e+05
2.265e-01 1.692e+05
1.349e-01 1.743e+05
2.519e-01 1.669e+05
1.625e-01 1.650e+05
2.442e-01 1.664e+05
1.912e-01 1.699e+05
1.433e-01 1.730e+05
1.520e-01 1.729e+05
1.743e-01 1.701e+05
6.921e-06 4.045e+03
1.802e-01 1.685e+05
1.826e-01 1.722e+05
1.082e-01 1.412e+05
2.082e-01 1.644e+05
1.428e-01 1.738e+05
1.608e-01 1.716e+05
2.171e-01 1.668e+05
3.190e-01 1.671e+05
2.142e-01 1.673e+05
2.216e-01 1.651e+05
2.826e-01 1.615e+05
4.307e-06 7.484e+03
2.072e-01 1.683e+05
2.216e-01 1.678e+05
1.569e-01 1.707e+05
2.346e-06 3.218e+04
3.631e-01 1.589e+05
1.877e-01 1.686e+05
1.577e-01 1.713e+05
2.042e-01 1.691e+05
2.068e-01 1.669e+05
2.059e-01 1.680e+05
1.740e-01 1.686e+05
2.234e-01 1.672e+05
2.236e-01 1.663e+05
6.485e-08 4.976e+04
1.337e-01 1.738e+05
1.907e-01 1.733e+05
2.942e-06 3.044e+04
1.727e-01 1.687e+05
1.967e-01 1.729e+05
1.853e-01 1.718e+05
4.437e-06 2.474e+04
1.424e-01 1.754e+05
1.734e-01 1.713e+05
1.640e-01 1.715e+05
2.922e-01 1.646e+05
2.239e-01 1.708e+05
2.017e-01 1.689e+05
1.667e-01 1.724e+05
5.796e-01 1.451e+05
1.878e-01 1.656e+05
8.051e-06 2.173e+04
2.112e-01 1.639e+05
1.978e-01 1.669e+05
1.941e-01 1.708e+05
4.049e-01 1.272e+05
1.506e-01 1.734e+05
1.574e-01 1.734e+05
2.902e-01 1.668e+05
1.682e-01 1.719e+05
2.206e-01 1.661e+05
1.580e-01 1.709e+05
3.178e-08 9.283e+03
2.459e-01 1.663e+05
5.213e-01 1.463e+05
1.433e-01 1.726e+05
2.189e-01 1.691e+05
7.989e-06 4.440e+04
2.241e-01 1.714e+05
1.871e-01 1.684e+05
2.142e-01 1.669e+05
2.272e-01 1.675e+05
2.212e-01 1.677e+05
1.712e-01 1.685e+05
1.407e-01 1.745e+05
1.711e-01 1.695e+05
1.590e-07 3.340e+04
2.434e-01 1.659e+05
2.361e-01 1.651e+05
2.185e-06 4.878e+03
3.126e-01 1.600e+05
3.248e-01 1.615e+05
2.038e-01 1.623e+05
2.458e-01 1.707e+05
3.775e-01 1.534e+05
2.004e-01 1.716e+05
1.518e-01 1.722e+05
4.968e-06 7.166e+03
3.787e-01 1.665e+05
3.409e-01 1.619e+05
1.809e-01 1.647e+05
1.575e-01 1.633e+05
1.929e-06 3.448e+04
4.692e-01 1.577e+05
2.503e-01 1.662e+05
1.561e-01 1.723e+05
4.031e-06 5.803e+03
1.411e-01 1.443e+05
2.239e-01 1.726e+05
2.705e-01 1.632e+05
1.669e-01 1.711e+05
3.870e-01 1.607e+05
3.256e-01 1.638e+05
2.232e-01 1.650e+05
1.900e-06 2.377e+04
4.146e-06 3.619e+03
2.074e-01 1.664e+05
4.176e-05 6.373e+04
1.721e-01 1.704e+05
1.820e-01 1.700e+05
1.635e-01 1.692e+05
1.582e-05 1.657e+04
2.091e-01 1.693e+05
1.289e-01 1.559e+05
1.993e-01 1.672e+05
1.790e-01 1.666e+05
2.425e-01 1.699e+05
3.412e-01 1.593e+05
2.282e-06 3.278e+03
1.265e-06 1.293e+04
1.701e-01 1.702e+05
2.553e-06 5.092e+04
1.622e-01 1.697e+05
1.546e-01 1.699e+05
1.538e-01 1.735e+05
1.495e-01 1.737e+05
1.864e-01 1.689e+05
2.048e-01 1.678e+05
1.748e-01 1.700e+05
1.493e-01 1.708e+05
3.603e-01 1.606e+05
3.892e-07 2.141e+04
1.105e-05 3.257e+04
2.117e-01 1.725e+05
2.183e-06 5.783e+04
2.386e-01 1.583e+05
1.942e-01 1.694e+05
2.229e-01 1.671e+05
1.820e-01 1.708e+05
5.801e-01 1.641e+05
2.053e-01 1.674e+05
4.265e-01 1.578e+05
5.385e-01 1.657e+05
2.645e-06 2.339e+04
2.575e-01 1.635e+05
2.133e-01 1.669e+05
2.493e-01 1.648e+05
3.149e-01 1.687e+05
7.820e-06 2.815e+04
2.001e-01 1.709e+05
4.645e-06 3.790e+04
3.975e-01 1.629e+05
1.468e-05 1.981e+04
2.017e-01 1.708e+05
3.457e-01 1.414e+05
1.992e-01 1.684e+05
2.545e-01 1.661e+05
3.925e-01 1.655e+05
1.846e-01 1.702e+05
2.598e-01 1.650e+05
2.416e-01 1.637e+05
1.556e-06 1.676e+04
3.563e-01 1.595e+05
1.705e-01 1.695e+05
2.033e-01 1.695e+05
2.452e-01 1.642e+05
1.852e-01 1.687e+05
1.768e-01 1.693e+05
3.684e-06 9.184e+03
1.698e-01 1.684e+05
1.307e-01 1.468e+05
2.293e-01 1.671e+05
1.550e-01 1.715e+05
2.065e-01 1.674e+05
1.705e-01 1.687e+05
1.678e-01 1.728e+05
1.555e-01 1.730e+05
2.161e-01 1.692e+05
3.863e-01 1.617e+05
1.754e-01 1.475e+05
2.315e-01 1.631e+05
1.851e-01 1.668e+05
2.182e-01 1.683e+05
2.152e-01 1.651e+05
1.620e-01 1.709e+05
1.943e-01 1.690e+05
1.125e-05 3.366e+04
1.815e-01 1.719e+05
3.157e-01 1.687e+05
1.657e-01 1.711e+05
4.127e-01 1.657e+05
1.581e-01 1.720e+05
1.802e-01 1.685e+05
1.935e-01 1.654e+05
1.411e-01 1.531e+05
2.018e-01 1.683e+05
2.048e-01 1.623e+05
1.816e-01 1.694e+05
1.589e-01 1.731e+05
1.943e-01 1.690e+05
5.493e-01 1.538e+05
5.520e-07 2.796e+04
1.717e-01 1.707e+05
4.078e-06 1.234e+04
1.369e-01 1.711e+05
3.782e-06 3.923e+04
1.991e-01 1.683e+05
1.711e-06 1.480e+04
2.487e-01 1.662e+05
3.054e-01 1.640e+05
2.368e-01 1.661e+05
2.324e-01 1.648e+05
4.344e-01 1.595e+05
2.059e-01 1.704e+05
2.425e-06 1.920e+04
1.201e-06 3.925e+04
1.701e-01 1.689e+05
2.239e-01 1.672e+05
1.822e-01 1.688e+05
2.493e-01 1.641e+05
1.932e-01 1.718e+05
4.205e-01 1.374e+05
1.861e-01 1.702e+05
1.723e-01 1.690e+05
2.101e-01 1.692e+05
2.020e-01 1.696e+05
2.802e-01 1.702e+05
2.655e-01 1.661e+05
3.234e-01 1.638e+05
2.648e-06 8.194e+03
2.057e-01 1.697e+05
2.235e-01 1.675e+05
4.068e-01 1.597e+05
3.817e-06 7.910e+04
2.076e-01 1.675e+05
4.547e-01 1.112e+05
1.851e-01 1.739e+05
2.087e-01 1.661e+05
2.177e-01 1.679e+05
2.497e-01 1.695e+05
1.728e-01 1.699e+05
1.533e-01 1.727e+05
2.184e-01 1.663e+05
2.041e-01 1.732e+05
3.155e-01 1.605e+05
2.508e-01 1.692e+05
1.962e-01 1.688e+05
2.934e-01 1.652e+05
1.917e-01 1.673e+05
1.694e-01 1.714e+05
2.359e-01 1.665e+05
2.976e-06 5.785e+04
1.550e-01 1.711e+05
2.142e-01 1.724e+05
4.653e-01 1.457e+05
6.197e-06 2.533e+04
8.192e-02 1.408e+05
1.851e-01 1.671e+05
2.054e-01 1.711e+05
1.835e-01 1.622e+05
1.795e-01 1.712e+05
2.404e-01 1.268e+05
4.459e-01 1.641e+05
2.133e-01 1.648e+05
2.080e-01 1.687e+05
1.738e-01 1.722e+05
2.258e-01 1.660e+05
2.617e-01 1.669e+05
1.849e-01 1.692e+05
1.676e-01 1.697e+05
2.141e-01 1.660e+05
4.488e-01 1.641e+05
1.508e-01 1.726e+05
2.496e-01 1.665e+05
1.580e-01 1.703e+05
2.116e-01 1.662e+05
1.923e-01 1.701e+05
3.028e-01 1.622e+05
2.749e-01 1.679e+05
2.605e-01 1.654e+05
1.828e-01 1.729e+05
2.019e-01 1.680e+05
1.470e-01 1.730e+05
2.037e-01 1.677e+05
3.405e-01 1.611e+05
1.717e-01 1.727e+05
3.837e-01 1.632e+05
9.105e-06 4.533e+04
2.110e-01 1.677e+05
2.862e-06 3.057e+04
6.754e-06 4.427e+04
2.513e-01 1.672e+05
2.623e-01 1.671e+05
2.300e-01 1.641e+05
6.827e-06 8.976e+03
2.316e-01 1.659e+05
5.275e-01 1.650e+05
2.178e-01 1.670e+05
1.859e-01 1.694e+05
2.083e-01 1.652e+05
3.545e-01 1.599e+05
1.917e-01 1.676e+05
2.035e-01 1.687e+05
2.674e-01 1.703e+05
2.459e-01 1.665e+05
1.446e-01 1.734e+05
1.726e-01 1.707e+05
2.057e-01 1.694e+05
1.789e-01 1.698e+05
2.072e-01 1.666e+05
6.873e-06 1.491e+04
1.390e-01 1.752e+05
1.602e-01 1.704e+05
4.743e-01 1.632e+05
2.231e-01 1.669e+05
3.341e-01 1.636e+05
2.035e-01 1.664e+05
2.465e-01 1.668e+05
1.568e-01 1.720e+05
2.148e-01 1.652e+05
1.129e-01 1.431e+05
1.555e-01 1.697e+05
1.502e-01 1.717e+05
1.774e-01 1.720e+05
1.556e-01 1.735e+05
2.870e-06 1.295e+04
2.407e-01 1.654e+05
2.941e-01 1.629e+05
1.575e-01 1.727e+05
1.682e-01 1.711e+05
2.065e-01 1.657e+05
1.425e-01 1.747e+05
2.566e-01 1.649e+05
1.135e-06 7.905e+04
1.560e-01 1.720e+05
2.153e-01 1.716e+05
1.753e-01 1.710e+05
1.734e-01 1.712e+05
1.920e-01 1.686e+05
3.321e-01 1.312e+05
1.691e-05 6.419e+03
1.986e-01 1.673e+05
1.836e-01 1.693e+05
2.416e-01 1.723e+05
2.289e-01 1.639e+05
1.740e-01 1.735e+05
2.815e-01 1.643e+05
2.163e-01 1.653e+05
2.462e-01 1.682e+05
2.159e-01 1.665e+05
1.893e-01 1.661e+05
2.937e-01 1.611e+05
9.415e-07 3.698e+04
2.405e-01 1.657e+05
1.975e-01 1.662e+05
2.237e-01 1.672e+05
1.760e-01 1.700e+05
2.403e-01 1.649e+05
2.454e-01 1.665e+05
1.784e-01 1.693e+05
1.947e-01 1.607e+05
1.641e-01 1.689e+05
1.939e-01 1.661e+05
2.013e-01 1.641e+05
1.843e-01 1.690e+05
1.978e-01 1.687e+05
2.262e-01 1.664e+05
4.192e-01 1.623e+05
5.243e-01 1.259e+05
1.731e-01 1.744e+05
3.864e-01 1.600e+05
2.204e-01 1.673e+05
1.980e-06 8.186e+03
1.735e-01 1.736e+05
1.629e-01 1.717e+05
1.848e-01 1.694e+05
1.601e-01 1.714e+05
1.501e-01 1.759e+05
2.117e-01 1.678e+05
1.653e-01 1.695e+05
2.188e-01 1.657e+05
3.563e-01 1.588e+05
1.822e-01 1.707e+05
2.529e-01 1.637e+05
7.521e-06 1.578e+04
1.784e-01 1.719e+05
1.399e-01 1.743e+05
2.601e-01 1.641e+05
2.212e-01 1.669e+05
3.776e-07 8.699e+03
5.553e-01 1.273e+05
2.240e-01 1.667e+05
1.706e-01 1.655e+05
1.422e-01 1.732e+05
3.929e-01 1.268e+05
2.485e-01 1.620e+05
2.539e-01 1.627e+05
2.583e-01 1.662e+05
2.216e-01 1.672e+05
2.016e-01 1.703e+05
5.728e-01 1.379e+05
2.216e-01 1.663e+05
2.650e-01 1.654e+05
3.315e-01 1.450e+05
4.562e-01 1.617e+05
1.853e-01 1.688e+05
2.610e-01 1.674e+05
2.518e-01 1.632e+05
2.183e-01 1.661e+05
2.130e-01 1.695e+05
3.732e-01 1.436e+05
2.024e-01 1.685e+05
2.067e-01 1.695e+05
1.831e-01 1.748e+05
2.614e-01 1.637e+05
1.901e-01 1.687e+05
3.340e-01 1.659e+05
4.178e-01 1.585e+05
1.488e-01 1.688e+05
1.419e-01 1.725e+05
1.835e-01 1.696e+05
1.890e-01 1.697e+05
2.558e-01 1.665e+05
2.785e-01 1.628e+05
1.950e-01 1.696e+05
1.890e-01 1.689e+05
1.738e-01 1.696e+05
2.240e-01 1.694e+05
1.333e-01 1.732e+05
7.760e-07 4.669e+04
3.236e-01 1.628e+05
1.576e-01 1.719e+05
1.810e-01 1.703e+05
2.512e-01 1.625e+05
3.656e-01 1.610e+05
1.866e-01 1.718e+05
1.390e-01 1.675e+05
1.297e-05 9.390e+03
3.056e-01 1.599e+05
3.327e-01 1.560e+05
4.257e-06 8.239e+03
1.624e-01 1.708e+05
1.855e-01 1.687e+05
2.001e-01 1.684e+05
1.905e-01 1.661e+05
2.080e-01 1.681e+05
5.657e-06 2.096e+04
2.114e-01 1.670e+05
3.270e-01 1.627e+05
2.384e-01 1.645e+05
1.571e-01 1.677e+05
2.246e-01 1.645e+05
1.536e-01 1.718e+05
2.166e-01 1.651e+05
2.239e-01 1.667e+05
1.917e-01 1.727e+05
2.918e-01 1.685e+05
1.624e-01 1.743e+05
2.281e-01 1.657e+05
2.452e-01 1.672e+05
2.250e-01 1.676e+05
1.757e-01 1.685e+05
1.835e-01 1.691e+05
1.462e-01 1.752e+05
2.192e-01 1.646e+05
2.011e-01 1.684e+05
2.838e-01 1.643e+05
1.629e-01 1.721e+05
2.516e-01 1.645e+05
1.879e-01 1.668e+05
1.469e-01 1.725e+05
3.781e-06 2.788e+04
2.037e-01 1.673e+05
2.261e-01 1.656e+05
1.822e-01 1.702e+05
3.523e-01 1.661e+05
1.272e-01 1.612e+05
1.986e-01 1.681e+05
2.119e-01 1.651e+05
1.365e-01 1.688e+05
1.662e-01 1.697e+05
2.213e-01 1.679e+05
2.332e-01 1.673e+05
2.008e-01 1.680e+05
2.412e-01 1.656e+05
1.893e-01 1.660e+05
2.702e-01 1.659e+05
1.387e-01 1.611e+05
2.256e-01 1.653e+05
2.278e-01 1.652e+05
2.240e-01 1.698e+05
2.747e-01 1.497e+05
1.969e-01 1.663e+05
1.980e-01 1.678e+05
3.964e-01 1.120e+05
1.914e-01 1.682e+05
2.144e-01 1.676e+05
3.168e-01 1.651e+05
2.051e-01 1.724e+05
1.528e-06 3.121e+04
7.486e-06 3.109e+04
4.255e-06 3.515e+03
2.475e-06 7.319e+03
3.142e-01 1.583e+05
2.044e-01 1.719e+05
1.887e-01 1.672e+05
2.598e-01 1.673e+05
5.529e-06 4.341e+03
5.570e-01 1.599e+05
1.563e-01 1.696e+05
2.012e-01 1.691e+05
3.329e-01 1.606e+05
3.812e-07 2.761e+04
3.147e-01 1.599e+05
2.220e-01 1.634e+05
1.349e-01 1.748e+05
2.150e-01 1.663e+05
5.706e-01 1.509e+05
1.970e-01 1.692e+05
9.820e-06 6.979e+04
4.587e-01 1.584e+05
1.792e-01 1.732e+05
3.548e-06 4.842e+03
2.252e-01 1.688e+05
7.103e-06 2.431e+04
2.149e-01 1.689e+05
1.613e-01 1.734e+05
2.028e-01 1.693e+05
1.802e-01 1.656e+05
5.338e-06 3.686e+04
2.326e-01 1.667e+05
8.615e-06 1.785e+04
1.837e-01 1.691e+05
1.905e-01 1.702e+05
1.486e-01 1.699e+05
1.966e-01 1.709e+05
2.299e-01 1.665e+05
5.141e-01 1.662e+05
3.612e-01 1.631e+05
8.571e-06 5.395e+04
1.958e-01 1.674e+05
7.667e-07 2.582e+04
1.877e-01 1.697e+05
1.754e-01 1.713e+05
3.918e-01 1.627e+05
2.595e-01 1.674e+05
3.818e-01 1.590e+05
3.158e-01 1.686e+05
1.979e-01 1.685e+05
1.350e-01 1.706e+05
1.712e-01 1.719e+05
1.047e-05 3.240e+04
1.343e-01 1.705e+05
1.909e-01 1.676e+05
2.450e-01 1.661e+05
2.273e-01 1.642e+05
1.367e-01 1.661e+05
2.709e-01 1.637e+05
2.489e-01 1.654e+05
2.168e-01 1.698e+05
2.143e-01 1.667e+05
1.817e-01 1.667e+05
1.946e-01 1.687e+05
1.937e-01 1.683e+05
3.151e-07 9.489e+03
1.864e-01 1.653e+05
1.885e-01 1.695e+05
1.807e-01 1.698e+05
1.516e-01 1.716e+05
1.572e-01 1.687e+05
1.732e-01 1.698e+05
2.397e-01 1.669e+05
1.977e-01 1.676e+05
1.530e-01 1.707e+05
1.755e-01 1.703e+05
1.730e-01 1.698e+05
2.084e-01 1.617e+05
2.329e-01 1.678e+05
1.431e-01 1.729e+05
1.554e-01 1.724e+05
1.850e-01 1.725e+05
1.762e-01 1.633e+05
1.559e-01 1.713e+05
2.372e-01 1.660e+05
5.250e-01 1.014e+05
1.092e-06 4.069e+04
1.575e-01 1.737e+05
2.605e-01 1.659e+05
2.076e-01 1.662e+05
2.578e-01 1.649e+05
1.741e-01 1.701e+05
1.535e-01 1.723e+05
1.534e-01 1.733e+05
1.714e-01 1.700e+05
3.072e-01 1.643e+05
1.824e-01 1.679e+05
6.163e-06 5.421e+04
3.139e-01 1.656e+05
2.498e-01 1.669e+05
2.569e-01 1.657e+05
1.966e-01 1.679e+05
1.443e-01 1.734e+05
2.613e-01 1.659e+05
2.187e-01 1.610e+05
3.552e-01 1.581e+05
2.009e-01 1.689e+05
1.358e-01 1.558e+05
2.229e-01 1.674e+05
1.814e-01 1.690e+05
1.908e-01 1.684e+05
1.993e-01 1.688e+05
2.735e-01 1.643e+05
2.080e-01 1.656e+05
1.844e-01 1.730e+05
2.152e-01 1.699e+05
2.477e-01 1.621e+05
1.853e-06 7.896e+04
1.924e-01 1.684e+05
1.872e-01 1.658e+05
2.536e-01 1.596e+05
4.433e-07 2.286e+04
2.164e-01 1.667e+05
1.634e-01 1.710e+05
2.168e-01 1.676e+05
5.335e-01 1.356e+05
1.965e-01 1.684e+05
1.832e-01 1.696e+05
3.196e-01 1.440e+05
1.512e-01 1.716e+05
1.513e-01 1.713e+05
2.292e-01 1.663e+05
4.290e-01 1.618e+05
3.579e-06 3.687e+03
2.691e-01 1.617e+05
1.788e-01 1.717e+05
6.903e-07 1.547e+04
2.302e-01 1.669e+05
4.156e-06 4.701e+03
1.586e-01 1.683e+05
2.134e-01 1.657e+05
1.094e-07 1.565e+04
2.301e-01 1.667e+05
2.416e-01 1.652e+05
3.658e-06 4.620e+03
2.368e-01 1.658e+05
1.345e-05 4.859e+03
2.085e-01 1.646e+05
1.097e-06 1.245e+04
4.072e-06 4.653e+04
4.606e-01 1.183e+05
1.940e-01 1.674e+05
1.838e-01 1.704e+05
2.408e-01 1.672e+05
1.596e-01 1.749e+05
2.426e-01 1.669e+05
1.615e-01 1.723e+05
2.668e-01 1.639e+05
2.120e-01 1.704e+05
2.838e-01 1.636e+05
2.175e-01 1.726e+05
1.879e-01 1.716e+05
2.297e-01 1.670e+05
2.431e-01 1.665e+05
1.756e-01 1.642e+05
1.842e-01 1.627e+05
2.059e-01 1.673e+05
6.194e-07 3.387e+04
2.141e-01 1.652e+05
2.197e-01 1.660e+05
2.212e-01 1.672e+05
4.527e-01 1.571e+05
1.466e-01 1.747e+05
9.467e-02 1.357e+05
3.112e-01 1.644e+05
2.441e-01 1.604e+05
2.017e-01 1.672e+05
1.805e-01 1.691e+05
2.333e-01 1.677e+05
1.831e-01 1.740e+05
2.240e-01 1.656e+05
3.714e-01 1.622e+05
2.237e-01 1.661e+05
1.606e-01 1.724e+05
2.022e-01 1.683e+05
2.117e-01 1.642e+05
1.659e-01 1.703e+05
2.389e-01 1.656e+05
1.524e-01 1.702e+05
1.961e-01 1.670e+05
2.824e-01 1.690e+05
2.062e-01 1.600e+05
1.900e-01 1.691e+05
1.671e-01 1.613e+05
2.269e-01 1.672e+05
1.966e-01 1.682e+05
2.421e-01 1.662e+05
2.355e-01 1.663e+05
2.211e-01 1.669e+05
8.026e-06 4.085e+04
2.260e-01 1.652e+05
3.845e-01 1.624e+05
1.799e-01 1.708e+05
2.040e-01 1.684e+05
2.566e-01 1.667e+05
3.434e-01 1.627e+05
1.592e-01 1.683e+05
1.731e-01 1.673e+05
1.443e-01 1.729e+05
1.725e-01 1.733e+05
1.892e-01 1.679e+05
1.864e-01 1.688e+05
2.415e-01 1.613e+05
2.640e-01 1.648e+05
9.528e-06 2.269e+04
2.322e-01 1.651e+05
2.355e-01 1.670e+05
5.521e-07 2.136e+04
1.845e-01 1.677e+05
2.262e-01 1.667e+05
3.764e-01 1.613e+05
2.006e-01 1.647e+05
4.790e-01 1.536e+05
1.275e-06 1.336e+04
2.525e-01 1.651e+05
1.578e-01 1.712e+05
1.504e-01 1.718e+05
1.728e-01 1.703e+05
1.899e-01 1.675e+05
9.065e-06 3.230e+04
2.061e-01 1.690e+05
2.250e-01 1.723e+05
3.418e-06 3.725e+04
2.955e-01 1.634e+05
2.468e-01 1.629e+05
2.024e-06 9.394e+03
1.439e-01 1.702e+05
2.100e-01 1.670e+05
4.515e-01 1.591e+05
2.636e-01 1.640e+05
3.852e-01 1.506e+05
2.107e-01 1.628e+05
2.065e-01 1.653e+05
3.248e-01 1.683e+05
2.253e-06 2.351e+04
2.044e-01 1.546e+05
3.164e-01 1.690e+05
1.149e-01 1.646e+05
1.884e-01 1.687e+05
1.829e-01 1.693e+05
1.123e-06 5.232e+04
3.931e-01 1.582e+05
3.025e-01 1.622e+05
1.495e-01 1.726e+05
1.897e-01 1.703e+05
1.952e-01 1.691e+05
2.355e-01 1.720e+05
1.459e-01 1.699e+05
8.011e-06 2.491e+04
1.479e-01 1.668e+05
8.537e-07 4.560e+04
1.513e-01 1.714e+05
1.803e-01 1.688e+05
1.744e-01 1.685e+05
2.377e-01 1.660e+05
3.483e-01 1.610e+05
3.032e-01 1.646e+05
1.758e-01 1.683e+05
3.384e-01 1.677e+05
1.947e-01 1.646e+05
2.763e-01 1.633e+05
3.005e-01 1.388e+05
2.270e-01 1.672e+05
1.892e-01 1.664e+05
3.488e-01 1.618e+05
4.897e-06 6.987e+04
3.845e-01 1.416e+05
7.713e-06 1.988e+04
1.408e-01 1.725e+05
2.165e-01 1.673e+05
1.931e-01 1.690e+05
1.687e-01 1.714e+05
1.668e-01 1.690e+05
1.661e-01 1.704e+05
1.716e-01 1.688e+05
2.044e-01 1.649e+05
7.711e-07 6.760e+04
1.791e-01 1.707e+05
8.309e-02 1.507e+05
5.623e-06 1.330e+04
1.970e-01 1.657e+05
1.882e-01 1.696e+05
2.003e-06 5.692e+03
2.602e-01 1.648e+05
1.961e-01 1.685e+05
2.533e-01 1.704e+05
1.914e-01 1.725e+05
2.136e-01 1.679e+05
2.450e-01 1.652e+05
2.170e-01 1.679e+05
2.086e-01 1.613e+05
2.113e-01 1.603e+05
1.817e-01 1.710e+05
1.647e-01 1.722e+05
2.569e-01 1.595e+05
2.570e-01 1.648e+05
2.496e-01 1.636e+05
1.958e-01 1.613e+05
2.602e-01 1.633e+05
2.847e-01 1.226e+05
3.309e-06 4.155e+04
2.325e-06 3.260e+04
2.596e-01 1.643e+05
9.347e-07 7.349e+03
1.311e-01 1.658e+05
2.086e-01 1.674e+05
3.469e-01 1.600e+05
2.164e-06 5.366e+04
4.749e-01 1.666e+05
2.006e-01 1.658e+05
3.943e-01 1.616e+05
2.633e-01 1.677e+05
1.647e-01 1.559e+05
1.439e-01 1.738e+05
2.739e-01 1.456e+05
1.502e-01 1.714e+05
2.338e-01 1.668e+05
9.713e-06 2.097e+04
1.604e-01 1.723e+05
1.947e-01 1.706e+05
2.666e-01 1.667e+05
4.040e-01 1.616e+05
1.743e-01 1.730e+05
4.231e-06 6.945e+03
1.437e-01 1.679e+05
1.958e-01 1.672e+05
3.393e-06 2.700e+04
2.235e-01 1.665e+05
2.420e-01 1.653e+05
1.591e-01 1.706e+05
1.918e-01 1.657e+05
2.686e-01 1.652e+05
2.013e-01 1.721e+05
7.117e-07 1.584e+04
1.427e-05 3.634e+03
1.647e-01 1.711e+05
2.482e-01 1.663e+05
5.629e-01 1.581e+05
2.167e-01 1.667e+05
3.639e-07 7.168e+03
1.139e-05 1.292e+04
2.374e-01 1.628e+05
2.038e-01 1.688e+05
1.581e-01 1.723e+05
1.455e-01 1.727e+05
1.899e-01 1.694e+05
2.950e-01 1.655e+05
2.436e-01 1.627e+05
1.863e-01 1.682e+05
2.371e-01 1.647e+05
2.095e-06 3.322e+04
1.496e-01 1.737e+05
2.084e-01 1.653e+05
3.595e-01 1.679e+05
2.932e-01 1.644e+05
2.388e-01 1.637e+05
2.239e-01 1.652e+05
1.986e-01 1.714e+05
2.808e-01 1.700e+05
6.530e-07 3.613e+04
1.401e-01 1.682e+05
1.588e-01 1.749e+05
2.840e-01 1.638e+05
1.516e-01 1.757e+05
2.590e-01 1.639e+05
1.936e-01 1.678e+05
3.423e-01 1.613e+05
5.374e-06 4.135e+04
2.107e-01 1.666e+05
1.785e-01 1.697e+05
1.658e-01 1.683e+05
2.885e-01 1.653e+05
5.217e-06 3.205e+04
1.936e-01 1.639e+05
1.600e-01 1.722e+05
6.043e-02 1.429e+05
3.683e-06 9.556e+03
3.596e-01 1.234e+05
1.649e-01 1.730e+05
2.399e-01 1.638e+05
2.083e-01 1.680e+05
3.591e-01 1.286e+05
1.863e-01 1.695e+05
1.687e-01 1.683e+05
2.347e-01 1.637e+05
1.841e-01 1.720e+05
1.674e-06 1.107e+04
1.393e-01 1.740e+05
1.524e-01 1.722e+05
1.815e-01 1.690e+05
1.442e-01 1.699e+05
2.102e-01 1.661e+05
2.181e-01 1.627e+05
2.004e-01 1.690e+05
2.013e-01 1.695e+05
3.222e-01 1.661e+05
1.530e-01 1.714e+05
1.508e-01 1.731e+05
2.688e-01 1.691e+05
1.990e-01 1.694e+05
1.671e-01 1.739e+05
5.450e-06 5.228e+03
1.770e-01 1.714e+05
1.592e-01 1.700e+05
2.438e-01 1.629e+05
2.304e-01 1.671e+05
1.914e-01 1.681e+05
1.854e-01 1.673e+05
1.036e-05 9.778e+03
4.822e-07 3.939e+04
1.551e-01 1.702e+05
2.630e-01 1.433e+05
1.775e-01 1.706e+05
7.327e-07 1.237e+04
2.533e-01 1.643e+05
1.279e-06 1.230e+04
2.715e-01 1.673e+05
1.810e-01 1.710e+05
3.294e-01 1.588e+05
2.446e-01 1.655e+05
1.676e-01 1.692e+05
3.491e-01 1.531e+05
1.889e-01 1.704e+05
4.007e-01 1.649e+05
2.561e-01 1.672e+05
1.804e-01 1.666e+05
2.341e-01 1.658e+05
2.111e-01 1.682e+05
4.084e-01 1.575e+05
2.530e-01 1.644e+05
2.504e-01 1.642e+05
1.744e-01 1.684e+05
2.187e-01 1.640e+05
2.649e-01 1.664e+05
1.645e-01 1.745e+05
3.204e-01 1.609e+05
2.837e-01 1.642e+05
2.115e-01 1.687e+05
2.638e-01 1.650e+05
1.895e-01 1.700e+05
2.517e-01 1.706e+05
2.184e-01 1.686e+05
1.722e-01 1.703e+05
1.555e-01 1.725e+05
1.239e-06 2.164e+03
2.730e-01 1.647e+05
1.769e-01 1.709e+05
4.352e-01 1.539e+05
4.328e-01 1.090e+05
1.606e-01 1.682e+05
1.826e-01 1.594e+05
1.510e-01 1.737e+05
1.648e-01 1.746e+05
4.008e-01 1.589e+05
2.003e-01 1.695e+05
6.073e-07 2.806e+04
1.763e-01 1.689e+05
1.282e-01 1.688e+05
1.549e-06 3.131e+04
1.162e-06 7.077e+03
2.489e-06 9.743e+04
2.684e-01 1.618e+05
1.464e-01 1.730e+05
4.237e-01 1.644e+05
3.083e-01 1.628e+05
2.098e-01 1.664e+05
2.392e-01 1.646e+05
2.293e-01 1.670e+05
1.495e-01 1.715e+05
2.332e-01 1.639e+05
2.063e-01 1.681e+05
1.810e-01 1.681e+05
2.885e-06 2.598e+04
2.726e-01 1.644e+05
1.477e-01 1.716e+05
2.074e-01 1.666e+05
2.185e-01 1.235e+05
2.136e-01 1.690e+05
1.324e-01 1.606e+05
1.493e-01 1.719e+05
1.508e-06 4.098e+04
3.884e-01 1.444e+05
2.501e-01 1.444e+05
1.836e-01 1.685e+05
3.070e-01 1.627e+05
3.197e-06 3.611e+04
1.977e-01 1.671e+05
2.404e-01 1.620e+05
1.714e-01 1.707e+05
3.161e-01 1.269e+05
2.414e-01 1.648e+05
3.528e-01 1.617e+05
5.718e-01 1.059e+05
2.567e-01 1.696e+05
2.500e-01 1.669e+05
1.793e-01 1.697e+05
2.394e-01 1.665e+05
1.962e-01 1.688e+05
4.602e-01 1.607e+05
1.498e-01 1.739e+05
3.424e-01 1.618e+05
2.357e-01 1.671e+05
2.618e-01 1.698e+05
2.544e-01 1.649e+05
1.470e-01 1.656e+05
2.692e-01 1.657e+05
1.470e-01 1.722e+05
2.099e-06 2.114e+04
6.879e-06 4.158e+04
2.361e-01 1.651e+05
1.603e-01 1.722e+05
2.333e-01 1.662e+05
2.183e-01 1.676e+05
2.575e-01 1.653e+05
2.888e-01 1.655e+05
2.201e-01 1.649e+05
1.967e-01 1.714e+05
2.236e-01 1.659e+05
4.245e-01 1.485e+05
1.909e-01 1.723e+05
8.602e-07 1.421e+04
2.463e-01 1.648e+05
2.003e-01 1.675e+05
2.147e-01 1.668e+05
2.539e-01 1.662e+05
2.015e-01 1.684e+05
1.381e-01 1.719e+05
1.694e-01 1.720e+05
1.535e-01 1.745e+05
1.579e-01 1.706e+05
2.059e-01 1.693e+05
3.173e-01 1.570e+05
2.965e-01 1.657e+05
1.408e-01 1.723e+05
2.104e-01 1.696e+05
1.905e-01 1.685e+05
2.279e-01 1.656e+05
1.709e-01 1.680e+05
1.381e-01 1.723e+05
3.301e-01 1.602e+05
2.286e-01 1.674e+05
1.811e-01 1.710e+05
1.832e-01 1.707e+05
2.930e-01 1.614e+05
4.012e-01 1.677e+05
3.851e-01 1.613e+05
2.824e-01 1.649e+05
1.793e-01 1.659e+05
5.940e-06 3.906e+04
2.506e-01 1.662e+05
2.325e-06 2.432e+04
2.362e-01 1.660e+05
4.788e-06 1.748e+04
2.210e-01 1.663e+05
1.660e-01 1.709e+05
2.257e-01 1.661e+05
3.661e-01 1.590e+05
1.630e-01 1.753e+05
2.573e-01 1.629e+05
2.282e-01 1.720e+05
1.799e-01 1.710e+05
2.543e-01 1.653e+05
2.266e-01 1.671e+05
1.728e-01 1.658e+05
2.064e-01 1.671e+05
2.378e-01 1.656e+05
4.526e-06 2.285e+04
1.508e-01 1.688e+05
1.767e-01 1.734e+05
1.235e-01 1.420e+05
1.378e-01 1.694e+05
1.413e-01 1.740e+05
1.761e-06 2.665e+04
1.896e-01 1.652e+05
2.613e-01 1.658e+05
2.697e-01 1.517e+05
1.981e-01 1.690e+05
1.859e-01 1.665e+05
2.610e-01 1.612e+05
1.478e-01 1.701e+05
1.512e-01 1.719e+05
1.525e-01 1.717e+05
2.171e-01 1.267e+05
2.296e-01 1.678e+05
2.113e-01 1.707e+05
1.499e-01 1.747e+05
1.110e-06 3.571e+04
1.164e-05 2.132e+03
1.604e-01 1.689e+05
2.185e-01 1.673e+05
1.696e-01 1.696e+05
2.389e-01 1.666e+05
2.081e-01 1.698e+05
1.613e-01 1.720e+05
2.440e-01 1.651e+05
1.859e-01 1.692e+05
1.904e-01 1.686e+05
2.160e-01 1.672e+05
2.185e-01 1.675e+05
1.779e-01 1.716e+05
2.161e-01 1.682e+05
2.036e-01 1.668e+05
2.464e-01 1.691e+05
1.732e-05 8.540e+03
1.722e-01 1.698e+05
1.802e-01 1.712e+05
1.748e-01 1.678e+05
2.377e-01 1.672e+05
4.295e-01 1.580e+05
1.776e-01 1.714e+05
2.179e-01 1.670e+05
2.053e-01 1.679e+05
8.548e-06 1.430e+04
1.578e-01 1.737e+05
2.775e-01 1.706e+05
2.502e-01 1.687e+05
1.570e-01 1.751e+05
1.748e-01 1.658e+05
2.788e-01 1.664e+05
2.051e-01 1.652e+05
1.370e-01 1.720e+05
2.418e-01 1.631e+05
2.152e-06 2.502e+04
1.580e-01 1.726e+05
2.002e-01 1.686e+05
2.215e-01 1.661e+05
1.646e-01 1.697e+05
2.206e-01 1.681e+05
1.541e-01 1.742e+05
1.958e-01 1.638e+05
2.222e-01 1.635e+05
2.771e-01 1.632e+05
2.297e-01 1.709e+05
2.490e-01 1.661e+05
2.366e-01 1.696e+05
1.656e-01 1.717e+05
4.013e-06 2.561e+04
1.751e-01 1.706e+05
2.207e-01 1.669e+05
1.531e-01 1.721e+05
1.753e-01 1.700e+05
9.865e-02 1.511e+05
2.939e-01 1.616e+05
2.242e-01 1.718e+05
2.245e-01 1.686e+05
2.093e-01 1.723e+05
1.786e-01 1.713e+05
1.363e-01 1.618e+05
2.909e-01 1.605e+05
1.698e-01 1.722e+05
1.874e-01 1.734e+05
2.366e-01 1.659e+05
2.352e-01 1.655e+05
1.871e-01 1.689e+05
2.062e-01 1.670e+05
1.876e-01 1.682e+05
2.273e-01 1.668e+05
1.794e-01 1.683e+05
1.922e-01 1.699e+05
1.604e-01 1.709e+05
1.765e-01 1.683e+05
2.019e-01 1.634e+05
1.538e-01 1.724e+05
1.593e-06 2.194e+04
1.813e-01 1.681e+05
1.717e-07 1.559e+04
1.841e-01 1.686e+05
1.421e-01 1.733e+05
6.110e-06 2.837e+04
1.519e-01 1.734e+05
5.166e-01 1.065e+05
1.999e-01 1.679e+05
1.671e-05 8.363e+03
2.214e-01 1.630e+05
8.908e-06 2.417e+04
2.000e-01 1.680e+05
2.043e-01 1.662e+05
2.449e-01 1.632e+05
3.674e-01 1.645e+05
2.454e-01 1.693e+05
4.216e-01 1.589e+05
2.225e-01 1.655e+05
2.159e-01 1.667e+05
1.468e-01 1.732e+05
1.883e-01 1.685e+05
2.394e-01 1.664e+05
2.952e-01 1.230e+05
2.571e-01 1.651e+05
1.497e-01 1.738e+05
1.340e-01 1.735e+05
3.607e-06 8.063e+03
2.909e-01 1.661e+05
4.696e-05 7.139e+04
2.612e-01 1.654e+05
1.752e-01 1.719e+05
2.004e-01 1.646e+05
1.675e-01 1.707e+05
2.044e-01 1.670e+05
2.710e-01 1.663e+05
1.437e-01 1.709e+05
2.847e-01 1.628e+05
2.828e-01 1.672e+05
1.782e-01 1.716e+05
1.842e-01 1.679e+05
2.233e-01 1.627e+05
1.575e-01 1.673e+05
2.448e-06 2.484e+04
7.463e-06 1.910e+04
1.799e-01 1.682e+05
1.311e-01 1.696e+05
3.129e-01 1.644e+05
1.991e-01 1.711e+05
2.211e-01 1.656e+05
8.867e-07 4.195e+04
1.384e-01 1.668e+05
2.386e-01 1.627e+05
2.358e-01 1.643e+05
2.814e-01 1.638e+05
2.505e-01 1.684e+05
1.597e-01 1.707e+05
4.760e-01 1.390e+05
2.390e-01 1.668e+05
1.977e-01 1.677e+05
1.710e-01 1.710e+05
1.805e-01 1.688e+05
3.698e-01 1.621e+05
2.126e-01 1.684e+05
1.935e-01 1.682e+05
2.039e-01 1.704e+05
5.305e-01 1.563e+05
2.222e-01 1.667e+05
1.512e-01 1.740e+05
4.171e-01 1.136e+05
7.772e-06 3.367e+04
5.684e-01 1.570e+05
1.567e-01 1.705e+05
1.625e-01 1.710e+05
2.160e-01 1.674e+05
1.407e-01 1.734e+05
2.104e-01 1.731e+05
1.891e-01 1.730e+05
1.932e-01 1.694e+05
2.911e-01 1.617e+05
1.760e-01 1.687e+05
2.177e-01 1.712e+05
1.764e-01 1.680e+05
7.404e-06 1.836e+04
3.045e-01 1.654e+05
2.494e-01 1.646e+05
1.661e-06 4.998e+04
2.493e-01 1.701e+05
2.494e-01 1.647e+05
2.418e-01 1.672e+05
1.817e-01 1.658e+05
1.757e-01 1.664e+05
2.127e-01 1.691e+05
2.172e-01 1.672e+05
1.434e-01 1.744e+05
1.665e-01 1.726e+05
1.976e-01 1.674e+05
3.708e-01 1.624e+05
1.770e-01 1.689e+05
1.828e-01 1.727e+05
3.728e-01 1.254e+05
1.802e-01 1.691e+05
1.541e-01 1.728e+05
7.656e-06 2.460e+04
1.934e-01 1.685e+05
1.594e-01 1.703e+05
3.264e-01 1.676e+05
7.994e-06 3.963e+04
2.111e-01 1.670e+05
1.691e-01 1.744e+05
2.880e-06 1.354e+04
1.729e-01 1.707e+05
7.969e-06 6.531e+03
1.773e-01 1.675e+05
1.411e-01 1.724e+05
5.522e-06 4.001e+02
2.288e-01 1.640e+05
5.648e-01 1.611e+05
1.771e-01 1.711e+05
1.526e-01 1.681e+05
1.693e-01 1.711e+05
2.002e-01 1.673e+05
1.941e-01 1.693e+05
1.423e-01 1.705e+05
1.306e-01 1.628e+05
1.440e-01 1.742e+05
2.444e-01 1.599e+05
2.096e-01 1.652e+05
1.714e-01 1.710e+05
1.881e-01 1.691e+05
1.845e-01 1.722e+05
3.932e-01 1.463e+05
2.912e-01 1.674e+05
9.942e-06 6.829e+03
2.429e-01 1.647e+05
2.032e-01 1.668e+05
1.453e-01 1.735e+05
2.596e-01 1.701e+05
3.277e-01 1.486e+05
2.646e-01 1.650e+05
2.196e-01 1.680e+05
1.821e-01 1.729e+05
1.117e-01 1.490e+05
1.977e-01 1.649e+05
1.274e-01 1.659e+05
1.401e-01 1.728e+05
2.141e-01 1.656e+05
1.702e-01 1.699e+05
1.525e-01 1.722e+05
2.378e-06 4.338e+04
2.212e-01 1.668e+05
2.201e-01 1.675e+05
3.938e-01 1.579e+05
1.508e-01 1.477e+05
2.419e-01 1.677e+05
1.992e-01 1.687e+05
1.830e-01 1.696e+05
1.199e-05 2.404e+04
1.697e-01 1.714e+05
3.723e-01 1.633e+05
2.529e-01 1.700e+05
2.326e-01 1.678e+05
1.493e-06 6.693e+04
1.579e-01 1.739e+05
2.034e-01 1.698e+05
1.989e-01 1.674e+05
1.906e-01 1.707e+05
1.942e-01 1.686e+05
1.020e-05 8.158e+03
2.140e-01 1.696e+05
2.659e-01 1.635e+05
1.518e-01 1.701e+05
1.898e-01 1.670e+05
1.572e-01 1.748e+05
2.164e-01 1.685e+05
1.532e-01 1.737e+05
2.198e-01 1.673e+05
1.006e-01 1.519e+05
2.964e-01 1.619e+05
1.676e-01 1.701e+05
7.902e-07 2.346e+04
1.872e-01 1.698e+05
2.181e-01 1.701e+05
2.684e-01 1.658e+05
1.687e-01 1.703e+05
2.145e-01 1.635e+05
1.648e-01 1.710e+05
2.338e-01 1.673e+05
1.772e-01 1.683e+05
2.231e-01 1.653e+05
2.064e-01 1.665e+05
1.689e-01 1.690e+05
2.874e-01 1.633e+05
2.141e-01 1.663e+05
2.407e-01 1.658e+05
1.533e-01 1.741e+05
2.370e-01 1.676e+05
2.597e-01 1.654e+05
1.625e-01 1.752e+05
2.221e-01 1.670e+05
1.931e-01 1.678e+05
2.557e-01 1.629e+05
1.748e-01 1.683e+05
3.158e-01 1.643e+05
1.352e-01 1.744e+05
1.654e-01 1.714e+05
2.114e-01 1.678e+05
1.564e-01 1.728e+05
1.746e-01 1.720e+05
1.483e-01 1.720e+05
1.959e-01 1.683e+05
2.244e-01 1.677e+05
1.993e-05 1.369e+04
3.361e-01 1.625e+05
2.740e-01 1.650e+05
2.966e-01 1.611e+05
2.355e-01 1.672e+05
1.559e-01 1.727e+05
1.753e-01 1.684e+05
1.510e-01 1.742e+05
9.820e-02 1.363e+05
2.208e-01 1.619e+05
2.067e-01 1.666e+05
1.943e-01 1.709e+05
1.854e-01 1.736e+05
2.063e-01 1.675e+05
1.582e-01 1.724e+05
4.835e-01 1.274e+05
1.633e-01 1.728e+05
2.153e-01 1.685e+05
2.677e-01 1.654e+05
1.537e-01 1.722e+05
2.578e-01 1.663e+05
2.246e-01 1.655e+05
2.035e-01 1.678e+05
1.895e-01 1.733e+05
1.636e-01 1.707e+05
2.386e-01 1.664e+05
1.980e-01 1.693e+05
1.541e-05 3.312e+04
2.344e-01 1.557e+05
3.370e-01 1.636e+05
2.051e-01 1.647e+05
1.962e-01 1.693e+05
1.838e-01 1.692e+05
1.762e-01 1.690e+05
1.740e-01 1.681e+05
3.305e-01 1.585e+05
1.446e-01 1.679e+05
1.863e-01 1.731e+05
2.531e-01 1.644e+05
2.433e-01 1.645e+05
1.695e-01 1.731e+05
1.579e-01 1.709e+05
8.073e-07 5.046e+04
1.475e-01 1.703e+05
2.537e-01 1.682e+05
4.412e-01 1.631e+05
2.297e-01 1.664e+05
2.559e-01 1.639e+05
1.377e-01 1.756e+05
3.303e-01 1.614e+05
1.818e-01 1.697e+05
2.082e-01 1.669e+05
5.999e-06 4.276e+04
1.342e-01 1.749e+05
1.901e-01 1.678e+05
1.376e-01 1.700e+05
2.958e-01 1.640e+05
2.125e-06 5.427e+04
2.183e-01 1.615e+05
1.200e-05 1.045e+04
2.135e-01 1.661e+05
2.434e-01 1.650e+05
4.025e-01 1.611e+05
1.627e-01 1.748e+05
4.541e-01 1.021e+05
1.621e-01 1.741e+05
4.345e-01 1.599e+05
3.260e-06 1.756e+03
1.480e-01 1.750e+05
1.925e-01 1.693e+05
2.154e-01 1.673e+05
1.799e-06 2.303e+04
1.541e-01 1.692e+05
1.704e-01 1.701e+05
2.131e-01 1.676e+05
1.726e-01 1.702e+05
1.724e-01 1.711e+05
1.881e-01 1.687e+05
1.774e-01 1.715e+05
2.387e-01 1.653e+05
2.038e-01 1.687e+05
1.597e-01 1.743e+05
2.286e-01 1.693e+05
2.887e-01 1.403e+05
1.608e-01 1.698e+05
1.548e-01 1.750e+05
2.306e-01 1.641e+05
2.077e-01 1.688e+05
2.424e-01 1.685e+05
1.564e-01 1.729e+05
2.166e-01 1.628e+05
2.240e-01 1.669e+05
2.661e-01 1.631e+05
4.126e-01 1.659e+05
1.508e-01 1.709e+05
1.721e-01 1.688e+05
2.163e-01 1.683e+05
1.847e-01 1.695e+05
2.413e-01 1.637e+05
2.130e-01 1.658e+05
4.394e-01 1.582e+05
3.146e-01 1.656e+05
4.713e-01 1.561e+05
1.352e-01 1.614e+05
1.411e-01 1.721e+05
1.675e-05 1.364e+04
1.767e-01 1.675e+05
1.692e-01 1.697e+05
1.726e-01 1.702e+05
1.433e-06 2.215e+04
1.383e-01 1.563e+05
2.683e-01 1.624e+05
2.091e-01 1.640e+05
1.958e-01 1.683e+05
1.953e-01 1.683e+05
2.303e-01 1.690e+05
2.530e-01 1.528e+05
2.010e-01 1.664e+05
2.075e-01 1.661e+05
1.913e-01 1.687e+05
1.718e-01 1.659e+05
1.606e-01 1.714e+05
8.582e-06 1.061e+04
2.198e-01 1.681e+05
3.534e-07 1.961e+04
1.904e-01 1.685e+05
1.796e-01 1.696e+05
3.193e-01 1.656e+05
1.971e-01 1.666e+05
3.101e-06 1.789e+04
2.381e-01 1.648e+05
1.624e-01 1.710e+05
1.738e-01 1.703e+05
1.573e-01 1.694e+05
3.583e-01 1.628e+05
2.668e-01 1.687e+05
1.157e-06 1.810e+04
1.713e-01 1.704e+05
2.377e-01 1.655e+05
1.696e-01 1.700e+05
4.068e-01 1.582e+05
1.203e-01 1.343e+05
2.262e-01 1.687e+05
1.683e-01 1.630e+05
2.511e-01 1.680e+05
4.224e-01 1.441e+05
2.149e-01 1.638e+05
2.439e-01 1.653e+05
1.648e-01 1.691e+05
1.995e-01 1.669e+05
1.541e-01 1.722e+05
2.089e-01 1.664e+05
2.097e-01 1.645e+05
5.313e-06 1.445e+04
1.670e-01 1.718e+05
2.165e-01 1.648e+05
1.855e-01 1.698e+05
2.261e-01 1.628e+05
2.859e-01 1.597e+05
2.169e-01 1.672e+05
1.712e-01 1.690e+05
2.233e-01 1.705e+05
1.765e-01 1.686e+05
2.366e-01 1.659e+05
1.908e-01 1.676e+05
1.428e-01 1.744e+05
1.862e-01 1.749e+05
1.510e-01 1.707e+05
2.061e-01 1.685e+05
1.587e-01 1.692e+05
3.125e-06 1.885e+04
1.581e-01 1.759e+05
4.501e-01 1.602e+05
2.139e-01 1.675e+05
2.763e-01 1.633e+05
1.373e-01 1.730e+05
1.853e-01 1.739e+05
3.148e-01 1.597e+05
1.813e-01 1.741e+05
2.880e-01 1.660e+05
2.708e-01 1.648e+05
1.978e-01 1.676e+05
1.903e-01 1.655e+05
3.880e-01 1.602e+05
1.199e-06 1.357e+04
2.268e-01 1.662e+05
8.785e-07 3.600e+04
2.018e-01 1.670e+05
1.464e-01 1.739e+05
1.029e-05 1.278e+04
1.758e-01 1.696e+05
1.609e-01 1.687e+05
2.341e-01 1.663e+05
6.230e-06 5.167e+04
2.251e-01 1.649e+05
1.491e-01 1.733e+05
1.577e-01 1.732e+05
1.725e-06 4.737e+03
1.423e-01 1.741e+05
1.657e-01 1.705e+05
2.410e-01 1.662e+05
2.204e-01 1.668e+05
1.533e-01 1.730e+05
7.839e-06 1.454e+04
1.833e-01 1.663e+05
1.902e-01 1.691e+05
1.556e-01 1.701e+05
1.354e-01 1.728e+05
2.741e-01 1.637e+05
3.887e-01 1.647e+05
2.367e-01 1.634e+05
2.900e-01 1.648e+05
2.122e-01 1.666e+05
1.845e-01 1.685e+05
4.760e-06 1.585e+04
2.071e-01 1.678e+05
3.027e-01 1.618e+05
1.776e-01 1.728e+05
4.041e-01 1.599e+05
1.830e-01 1.697e+05
2.573e-01 1.683e+05
2.073e-01 1.655e+05
2.092e-01 1.681e+05
1.893e-05 3.538e+03
1.774e-01 1.744e+05
1.903e-01 1.730e+05
2.592e-01 1.686e+05
2.352e-01 1.665e+05
2.191e-01 1.692e+05
2.603e-01 1.718e+05
6.361e-06 1.827e+04
2.035e-01 1.677e+05
2.350e-01 1.662e+05
5.916e-01 9.917e+04
1.574e-01 1.701e+05
2.186e-01 1.669e+05
2.157e-01 1.668e+05
2.283e-01 1.614e+05
2.180e-01 1.669e+05
2.228e-01 1.636e+05
2.543e-01 1.675e+05
1.944e-01 1.695e+05
1.852e-01 1.736e+05
2.801e-01 1.657e+05
2.361e-01 1.623e+05
3.518e-01 1.609e+05
4.648e-01 1.488e+05
1.346e-06 2.253e+04
1.842e-01 1.693e+05
1.320e-01 1.746e+05
1.987e-01 1.664e+05
2.083e-01 1.700e+05
3.975e-01 1.638e+05
1.251e-07 9.727e+03
4.040e-02 1.336e+05
1.612e-01 1.676e+05
2.319e-01 1.660e+05
2.790e-01 1.628e+05
1.609e-01 1.729e+05
1.522e-01 1.622e+05
2.041e-01 1.657e+05
2.762e-07 8.066e+03
1.724e-01 1.670e+05
2.390e-01 1.644e+05
2.594e-01 1.656e+05
2.945e-01 1.649e+05
2.338e-01 1.631e+05
2.221e-01 1.668e+05
1.786e-01 1.697e+05
3.054e-06 1.758e+04
1.538e-01 1.669e+05
1.800e-01 1.726e+05
2.163e-01 1.649e+05
1.982e-01 1.703e+05
5.013e-01 1.457e+05
8.139e-06 3.193e+04
8.331e-06 1.144e+04
1.917e-01 1.690e+05
4.252e-01 1.430e+05
2.207e-01 1.676e+05
2.293e-01 1.677e+05
1.483e-05 1.206e+04
2.415e-01 1.646e+05
2.262e-01 1.672e+05
1.629e-01 1.725e+05
1.678e-01 1.725e+05
3.187e-06 4.150e+04
2.515e-01 1.662e+05
1.687e-01 1.723e+05
2.183e-01 1.679e+05
3.049e-01 1.603e+05
2.458e-01 1.679e+05
1.784e-01 1.654e+05
1.955e-01 1.670e+05
1.666e-01 1.735e+05
1.382e-01 1.729e+05
1.529e-01 1.729e+05
1.361e-01 1.748e+05
1.498e-01 1.726e+05
9.984e-07 3.793e+04
1.672e-06 8.284e+03
1.863e-01 1.698e+05
1.896e-01 1.679e+05
2.540e-01 1.661e+05
2.206e-01 1.654e+05
3.494e-01 1.653e+05
1.429e-05 5.977e+04
2.596e-01 1.666e+05
2.383e-01 1.639e+05
1.628e-05 2.462e+04
4.565e-01 1.646e+05
1.980e-01 1.679e+05
1.046e-05 1.453e+04
1.783e-01 1.722e+05
2.075e-01 1.719e+05
1.500e-01 1.704e+05
1.706e-01 1.702e+05
2.089e-01 1.633e+05
1.870e-01 1.720e+05
1.380e-01 1.746e+05
2.014e-06 1.820e+04
6.871e-02 1.360e+05
1.170e-01 1.559e+05
2.808e-01 1.629e+05
1.888e-05 8.220e+03
2.689e-01 1.687e+05
1.706e-01 1.696e+05
1.862e-01 1.748e+05
1.820e-01 1.735e+05
2.487e-01 1.611e+05
2.338e-01 1.655e+05
1.803e-01 1.699e+05
2.649e-01 1.603e+05
3.465e-07 2.217e+04
2.319e-01 1.668e+05
4.562e-01 1.382e+05
2.139e-01 1.641e+05
1.639e-01 1.732e+05
7.766e-02 1.494e+05
2.263e-01 1.644e+05
2.038e-01 1.679e+05
2.788e-01 1.676e+05
1.907e-01 1.693e+05
3.769e-07 1.507e+04
2.096e-01 1.666e+05
1.607e-01 1.709e+05
1.917e-01 1.688e+05
1.659e-05 4.265e+04
1.726e-01 1.683e+05
1.522e-01 1.716e+05
1.738e-01 1.705e+05
1.482e-01 1.728e+05
2.874e-01 1.635e+05
2.119e-01 1.673e+05
2.298e-06 9.254e+03
7.808e-06 1.929e+04
2.454e-01 1.650e+05
1.781e-01 1.725e+05
2.397e-01 1.669e+05
1.697e-01 1.709e+05
3.263e-01 1.156e+05
1.995e-01 1.691e+05
1.775e-01 1.680e+05
5.083e-01 1.623e+05
5.186e-06 8.333e+03
1.744e-01 1.732e+05
2.634e-01 1.632e+05
2.020e-01 1.678e+05
1.809e-01 1.727e+05
2.218e-01 1.667e+05
1.735e-01 1.685e+05
2.007e-01 1.667e+05
1.841e-01 1.724e+05
2.355e-01 1.668e+05
1.905e-01 1.684e+05
1.551e-01 1.679e+05
1.760e-01 1.695e+05
3.154e-06 1.677e+04
1.778e-01 1.672e+05
1.439e-01 1.657e+05
2.164e-01 1.685e+05
3.454e-01 1.556e+05
2.656e-01 1.694e+05
1.582e-01 1.717e+05
2.681e-01 1.656e+05
1.970e-01 1.671e+05
2.312e-01 1.671e+05
2.338e-01 1.711e+05
1.759e-01 1.738e+05
1.919e-01 1.723e+05
4.046e-01 1.601e+05
2.621e-01 1.650e+05
2.067e-01 1.684e+05
2.030e-01 1.667e+05
5.644e-01 9.490e+04
4.313e-01 1.603e+05
3.873e-01 1.591e+05
1.446e-05 2.696e+03
3.716e-01 1.671e+05
3.298e-01 1.634e+05
1.920e-01 1.682e+05
2.403e-01 1.651e+05
2.096e-01 1.694e+05
1.992e-01 1.679e+05
2.201e-01 1.676e+05
1.755e-01 1.682e+05
2.639e-01 1.603e+05
1.607e-06 3.575e+03
2.038e-01 1.669e+05
3.429e-01 1.336e+05
1.684e-01 1.700e+05
1.461e-06 3.761e+04
1.587e-01 1.744e+05
2.629e-01 1.652e+05
2.004e-01 1.649e+05
1.979e-01 1.674e+05
2.080e-01 1.678e+05
2.114e-01 1.673e+05
3.114e-01 1.640e+05
1.642e-01 1.731e+05
1.728e-01 1.739e+05
1.317e-01 1.739e+05
2.235e-01 1.668e+05
2.235e-01 1.661e+05
2.167e-01 1.668e+05
1.643e-01 1.697e+05
2.037e-01 1.648e+05
2.369e-01 1.672e+05
2.893e-01 1.656e+05
1.731e-01 1.713e+05
2.058e-01 1.686e+05
1.833e-01 1.700e+05
2.692e-01 1.623e+05
2.320e-01 1.691e+05
3.769e-01 1.625e+05
7.993e-06 3.024e+04
2.357e-01 1.704e+05
2.266e-01 1.647e+05
1.509e-01 1.720e+05
1.997e-01 1.661e+05
1.955e-01 1.688e+05
2.137e-01 1.677e+05
2.277e-01 1.655e+05
1.008e-06 8.322e+04
1.829e-01 1.700e+05
2.103e-01 1.684e+05
1.599e-01 1.705e+05
1.090e-01 1.408e+05
1.571e-01 1.715e+05
1.844e-01 1.688e+05
1.680e-01 1.705e+05
2.341e-01 1.692e+05
4.452e-01 1.590e+05
2.165e-01 1.657e+05
2.715e-01 1.682e+05
2.171e-01 1.693e+05
1.553e-01 1.720e+05
1.799e-01 1.701e+05
2.270e-01 1.681e+05
3.212e-01 1.647e+05
1.721e-01 1.726e+05
1.643e-01 1.700e+05
2.054e-01 1.667e+05
9.750e-02 1.505e+05
1.758e-01 1.699e+05
1.352e-01 1.736e+05
1.698e-01 1.731e+05
1.062e-06 2.230e+04
1.950e-01 1.681e+05
2.512e-01 1.668e+05
1.861e-01 1.654e+05
3.188e-01 1.657e+05
5.560e-01 1.492e+05
5.288e-01 9.958e+04
1.898e-01 1.679e+05
2.236e-01 1.654e+05
2.244e-01 1.641e+05
1.866e-06 2.609e+04
6.485e-06 1.762e+04
1.541e-01 1.724e+05
3.093e-01 1.632e+05
8.007e-06 1.163e+04
3.584e-06 4.818e+04
1.992e-01 1.671e+05
1.867e-01 1.681e+05
2.257e-01 1.673e+05
3.934e-06 3.601e+04
3.850e-01 1.416e+05
2.556e-01 1.661e+05
1.703e-01 1.700e+05
1.653e-01 1.728e+05
1.122e-05 2.106e+04
1.834e-01 1.715e+05
9.064e-02 1.387e+05
1.747e-01 1.707e+05
2.961e-01 1.625e+05
2.298e-01 1.624e+05
1.791e-01 1.701e+05
1.676e-01 1.723e+05
1.887e-01 1.686e+05
2.023e-01 1.666e+05
2.479e-01 1.661e+05
2.519e-01 1.704e+05
4.317e-06 3.271e+04
4.931e-01 1.569e+05
2.560e-01 1.667e+05
1.527e-01 1.734e+05
1.609e-01 1.702e+05
2.387e-01 1.677e+05
4.189e-06 3.410e+04
1.713e-01 1.652e+05
3.518e-01 1.601e+05
1.550e-01 1.715e+05
1.959e-01 1.689e+05
2.469e-01 1.613e+05
2.143e-01 1.672e+05
3.300e-06 3.408e+04
3.432e-01 1.632e+05
2.526e-01 1.651e+05
1.806e-01 1.733e+05
2.409e-01 1.645e+05
1.548e-01 1.729e+05
2.901e-01 1.692e+05
1.648e-01 1.724e+05
1.423e-01 1.729e+05
2.300e-02 1.362e+05
2.000e-01 1.680e+05
2.406e-01 1.666e+05
2.782e-01 1.681e+05
1.894e-01 1.688e+05
2.054e-01 1.654e+05
4.206e-01 1.636e+05
5.050e-01 1.544e+05
2.418e-01 1.651e+05
4.712e-01 1.578e+05
1.752e-01 1.700e+05
1.545e-01 1.722e+05
1.697e-01 1.728e+05
5.769e-06 1.412e+04
1.950e-01 1.681e+05
1.908e-01 1.735e+05
2.260e-01 1.665e+05
1.733e-01 1.681e+05
2.532e-01 1.672e+05
2.657e-01 1.646e+05
1.750e-01 1.751e+05
2.278e-01 1.686e+05
1.854e-01 1.678e+05
1.778e-01 1.712e+05
1.838e-01 1.692e+05
1.871e-01 1.693e+05
1.878e-01 1.677e+05
5.100e-06 3.710e+04
2.094e-01 1.671e+05
1.763e-01 1.690e+05
2.021e-01 1.702e+05
1.478e-01 1.728e+05
1.497e-01 1.729e+05
5.935e-01 1.637e+05
1.846e-01 1.686e+05
2.268e-01 1.654e+05
1.793e-01 1.667e+05
3.558e-01 1.282e+05
1.999e-01 1.651e+05
1.828e-01 1.698e+05
8.729e-06 1.293e+04
2.023e-01 1.695e+05
1.785e-01 1.740e+05
2.815e-01 1.710e+05
2.099e-01 1.677e+05
1.882e-01 1.659e+05
2.589e-01 1.656e+05
2.032e-01 1.680e+05
2.010e-01 1.694e+05
4.102e-01 1.652e+05
1.685e-01 1.750e+05
1.212e-01 1.376e+05
1.684e-01 1.692e+05
1.460e-01 1.705e+05
1.562e-01 1.724e+05
2.494e-01 1.662e+05
1.753e-01 1.699e+05
2.924e-01 1.658e+05
2.235e-01 1.669e+05
1.531e-01 1.744e+05
3.536e-01 1.633e+05
1.800e-01 1.668e+05
2.624e-01 1.664e+05
2.083e-01 1.708e+05
2.530e-01 1.626e+05
3.292e-01 1.680e+05
1.722e-01 1.719e+05
2.244e-01 1.659e+05
1.804e-01 1.700e+05
1.618e-01 1.735e+05
1.329e-01 1.706e+05
1.632e-01 1.739e+05
2.020e-01 1.687e+05
3.073e-01 1.653e+05
1.715e-01 1.694e+05
2.169e-01 1.673e+05
1.769e-01 1.742e+05
2.171e-01 1.674e+05
3.517e-01 1.655e+05
2.453e-01 1.678e+05
1.907e-01 1.644e+05
2.567e-01 1.691e+05
1.759e-01 1.697e+05
2.472e-01 1.659e+05
1.585e-01 1.711e+05
2.083e-01 1.685e+05
1.264e-06 2.711e+03
1.427e-06 2.417e+03
2.030e-01 1.690e+05
2.814e-01 1.642e+05
2.083e-01 1.717e+05
2.645e-06 2.326e+04
2.591e-01 1.640e+05
5.218e-06 1.473e+04
1.377e-01 1.730e+05
2.113e-01 1.682e+05
1.412e-01 1.730e+05
1.781e-01 1.655e+05
1.855e-01 1.684e+05
1.794e-01 1.739e+05
2.486e-01 1.655e+05
3.467e-06 6.571e+03
8.171e-06 1.147e+04
2.026e-01 1.664e+05
1.953e-01 1.659e+05
2.603e-01 1.669e+05
2.234e-01 1.681e+05
1.951e-01 1.681e+05
2.029e-01 1.667e+05
2.605e-01 1.705e+05
2.162e-01 1.671e+05
1.768e-01 1.645e+05
1.698e-01 1.701e+05
4.858e-07 1.800e+03
2.576e-01 1.646e+05
1.794e-01 1.707e+05
1.828e-01 1.707e+05
1.927e-01 1.669e+05
2.111e-01 1.702e+05
1.918e-01 1.696e+05
4.114e-01 1.492e+05
1.343e-01 1.384e+05
2.344e-01 1.682e+05
2.130e-01 1.679e+05
1.687e-05 6.071e+03
1.964e-01 1.682e+05
2.023e-01 1.615e+05
2.063e-01 1.659e+05
2.311e-01 1.657e+05
2.922e-01 1.651e+05
1.497e-01 1.706e+05
2.720e-01 1.660e+05
1.551e-01 1.668e+05
1.547e-01 1.693e+05
2.165e-01 1.673e+05
7.217e-06 9.827e+03
1.521e-01 1.716e+05
2.308e-01 1.629e+05
2.181e-01 1.681e+05
1.450e-04 5.763e+04
1.441e-01 1.727e+05
2.000e-01 1.679e+05
2.231e-01 1.659e+05
2.347e-01 1.649e+05
1.940e-01 1.672e+05
2.472e-01 1.667e+05
1.748e-01 1.636e+05
1.647e-01 1.748e+05
2.266e-01 1.622e+05
2.642e-01 1.665e+05
1.496e-01 1.736e+05
1.437e-01 1.721e+05
1.560e-01 1.736e+05
2.538e-01 1.622e+05
1.628e-01 1.646e+05
2.193e-05 4.224e+04
1.585e-01 1.715e+05
1.697e-01 1.729e+05
2.436e-01 1.657e+05
1.374e-01 1.714e+05
1.558e-01 1.753e+05
1.851e-01 1.561e+05
2.721e-01 1.630e+05
1.734e-01 1.691e+05
1.775e-01 1.698e+05
1.878e-01 1.689e+05
2.362e-01 1.651e+05
2.438e-01 1.671e+05
2.314e-01 1.641e+05
2.108e-06 1.269e+04
2.282e-01 1.702e+05
2.155e-01 1.644e+05
2.588e-08 6.089e+04
4.619e-01 1.611e+05
5.391e-01 1.514e+05
2.133e-01 1.644e+05
2.147e-01 1.647e+05
3.063e-01 1.627e+05
4.693e-01 1.594e+05
3.502e-07 1.713e+04
2.251e-01 1.659e+05
1.311e-06 2.324e+04
2.048e-01 1.730e+05
4.637e-06 1.259e+04
2.736e-01 1.641e+05
2.088e-01 1.658e+05
2.654e-01 1.625e+05
1.801e-01 1.691e+05
2.455e-01 1.687e+05
4.116e-01 1.610e+05
2.124e-01 1.652e+05
3.425e-05 4.897e+04
2.557e-01 1.645e+05
2.400e-01 1.660e+05
2.302e-01 1.668e+05
2.605e-01 1.683e+05
1.648e-01 1.701e+05
1.785e-01 1.707e+05
1.319e-06 1.805e+04
1.606e-01 1.675e+05
2.297e-01 1.659e+05
1.698e-01 1.684e+05
2.203e-01 1.671e+05
2.216e-01 1.658e+05
2.380e-01 1.649e+05
2.240e-01 1.642e+05
5.465e-01 1.564e+05
1.495e-01 1.712e+05
1.610e-06 1.065e+04
2.730e-06 4.969e+04
5.756e-06 2.303e+04
1.840e-01 1.719e+05
1.525e-01 1.721e+05
4.137e-01 1.601e+05
2.044e-01 1.710e+05
2.439e-01 1.679e+05
1.575e-01 1.695e+05
3.048e-01 1.594e+05
2.441e-01 1.687e+05
1.664e-01 1.700e+05
1.699e-01 1.697e+05
8.303e-06 2.210e+04
1.846e-01 1.691e+05
1.654e-01 1.715e+05
3.671e-06 4.090e+04
6.039e-06 2.393e+04
1.905e-01 1.699e+05
1.673e-01 1.730e+05
2.095e-01 1.675e+05
4.719e-01 1.113e+05
2.366e-01 1.659e+05
2.474e-01 1.677e+05
2.016e-01 1.674e+05
1.609e-01 1.655e+05
1.791e-01 1.637e+05
2.842e-01 1.642e+05
1.688e-01 1.697e+05
3.413e-01 1.619e+05
1.852e-01 1.634e+05
2.730e-01 1.649e+05
2.059e-01 1.681e+05
2.535e-01 1.651e+05
1.522e-06 4.290e+04
2.389e-01 1.658e+05
2.847e-01 1.705e+05
1.778e-01 1.698e+05
1.947e-01 1.642e+05
1.847e-01 1.726e+05
1.943e-01 1.669e+05
2.140e-01 1.686e+05
1.825e-01 1.696e+05
2.057e-01 1.680e+05
1.595e-01 1.708e+05
2.531e-06 4.415e+04
2.294e-01 1.643e+05
2.162e-01 1.658e+05
2.222e-01 1.697e+05
1.405e-01 1.734e+05
1.336e-05 1.292e+04
2.062e-01 1.672e+05
1.938e-01 1.611e+05
1.905e-01 1.662e+05
2.116e-01 1.633e+05
1.875e-01 1.704e+05
1.544e-06 5.322e+04
3.152e-01 1.634e+05
2.269e-01 1.669e+05
1.851e-01 1.675e+05
1.741e-01 1.686e+05
4.509e-01 1.033e+05
3.175e-01 1.117e+05
4.321e-01 1.197e+05
4.612e-01 1.667e+05
1.788e-01 1.696e+05
2.293e-01 1.657e+05
1.551e-01 1.714e+05
2.577e-01 1.634e+05
4.521e-07 2.977e+04
2.058e-07 3.843e+04
2.400e-01 1.668e+05
2.380e-01 1.669e+05
1.720e-01 1.712e+05
2.819e-01 1.644e+05
2.102e-01 1.670e+05
3.420e-01 1.643e+05
6.060e-06 1.592e+04
2.454e-01 1.652e+05
5.093e-06 5.692e+04
4.442e-01 9.737e+04
3.040e-07 2.567e+04
1.925e-01 1.705e+05
1.597e-01 1.719e+05
1.727e-01 1.683e+05
1.990e-01 1.723e+05
2.064e-01 1.652e+05
1.936e-01 1.651e+05
2.125e-01 1.684e+05
1.745e-01 1.688e+05
2.983e-01 1.701e+05
1.031e-06 4.232e+04
2.646e-01 1.683e+05
4.533e-06 9.338e+03
4.126e-01 1.587e+05
2.028e-01 1.676e+05
2.391e-01 1.667e+05
2.125e-01 1.687e+05
2.791e-01 1.684e+05
1.729e-01 1.702e+05
1.528e-01 1.750e+05
1.772e-01 1.713e+05
7.004e-07 1.385e+04
4.701e-01 1.577e+05
1.570e-01 1.720e+05
2.489e-01 1.665e+05
1.646e-01 1.699e+05
3.575e-06 3.033e+04
2.236e-01 1.675e+05
1.800e-01 1.678e+05
1.991e-01 1.673e+05
2.172e-01 1.720e+05
2.147e-01 1.668e+05
2.191e-01 1.667e+05
1.612e-01 1.714e+05
1.607e-01 1.709e+05
3.444e-01 1.654e+05
2.129e-01 1.682e+05
2.192e-01 1.675e+05
1.562e-01 1.721e+05
2.830e-06 2.074e+04
1.869e-01 1.588e+05
3.038e-01 1.623e+05
1.993e-01 1.686e+05
2.412e-01 1.664e+05
1.745e-01 1.703e+05
2.117e-01 1.674e+05
4.134e-01 1.655e+05
1.097e-01 1.616e+05
1.608e-01 1.706e+05
3.229e-06 1.743e+04
2.852e-01 1.684e+05
2.542e-01 1.660e+05
2.541e-01 1.648e+05
2.072e-01 1.696e+05
5.816e-01 1.256e+05
2.483e-01 1.653e+05
1.702e-01 1.715e+05
1.968e-01 1.683e+05
2.075e-01 1.645e+05
1.442e-01 1.723e+05
1.718e-01 1.723e+05
2.743e-06 1.979e+04
2.244e-01 1.610e+05
2.136e-01 1.705e+05
2.260e-01 1.647e+05
7.344e-06 2.807e+04
5.466e-06 5.083e+04
2.190e-01 1.705e+05
2.371e-01 1.687e+05
3.094e-01 1.626e+05
2.146e-01 1.671e+05
1.936e-01 1.724e+05
1.520e-01 1.736e+05
1.665e-01 1.711e+05
2.290e-01 1.662e+05
2.773e-01 1.641e+05
1.509e-01 1.732e+05
1.724e-01 1.702e+05
1.823e-01 1.695e+05
2.331e-01 1.667e+05
2.464e-01 1.683e+05
2.548e-01 1.715e+05
2.711e-01 1.547e+05
2.465e-01 1.709e+05
2.792e-01 1.661e+05
1.855e-01 1.677e+05
3.317e-01 1.627e+05
2.142e-01 1.656e+05
1.967e-01 1.674e+05
2.973e-01 1.315e+05
5.440e-01 1.206e+05
3.394e-01 1.631e+05
2.320e-06 4.382e+03
3.415e-06 2.683e+04
2.917e-01 1.627e+05
1.359e-05 1.893e+04
2.085e-01 1.720e+05
1.673e-01 1.690e+05
3.304e-01 1.680e+05
6.746e-06 1.281e+04
2.099e-01 1.645e+05
1.752e-01 1.729e+05
1.891e-01 1.675e+05
6.100e-06 1.047e+04
2.423e-01 1.636e+05
1.336e-06 5.950e+04
3.746e-01 1.667e+05
1.929e-01 1.675e+05
3.157e-01 1.682e+05
2.807e-01 1.605e+05
2.907e-01 1.636e+05
2.092e-01 1.693e+05
3.647e-06 5.708e+03
1.734e-01 1.722e+05
2.604e-01 1.668e+05
1.515e-01 1.748e+05
1.698e-01 1.707e+05
1.739e-01 1.709e+05
4.251e-01 1.293e+05
1.922e-01 1.678e+05
2.945e-01 1.659e+05
1.495e-01 1.734e+05
2.245e-01 1.640e+05
2.764e-01 1.583e+05
1.942e-01 1.689e+05
1.756e-01 1.679e+05
2.032e-01 1.683e+05
2.049e-01 1.679e+05
2.127e-01 1.670e+05
1.928e-01 1.692e+05
2.178e-01 1.717e+05
2.215e-01 1.665e+05
2.249e-01 1.621e+05
2.873e-01 1.651e+05
2.555e-01 1.648e+05
3.570e-01 1.598e+05
1.672e-01 1.741e+05
1.640e-01 1.740e+05
1.778e-01 1.699e+05
1.752e-01 1.704e+05
2.241e-01 1.668e+05
3.272e-01 1.634e+05
1.403e-01 1.720e+05
1.630e-01 1.719e+05
1.824e-01 1.697e+05
2.412e-01 1.690e+05
4.049e-06 1.475e+04
2.068e-01 1.686e+05
3.130e-01 1.637e+05
1.930e-01 1.681e+05
2.564e-01 1.654e+05
1.732e-01 1.689e+05
2.016e-01 1.698e+05
1.389e-01 1.697e+05
1.462e-01 1.737e+05
1.749e-01 1.728e+05
3.271e-01 1.645e+05
1.585e-07 1.075e+04
1.934e-01 1.696e+05
2.208e-01 1.686e+05
5.026e-01 1.607e+05
3.023e-01 1.664e+05
5.696e-08 1.045e+04
2.204e-01 1.671e+05
1.710e-01 1.682e+05
2.194e-01 1.672e+05
2.653e-01 1.668e+05
8.726e-06 5.084e+03
2.199e-01 1.687e+05
2.719e-01 1.655e+05
1.441e-01 1.739e+05
2.142e-01 1.662e+05
1.558e-01 1.742e+05
1.947e-01 1.684e+05
1.899e-01 1.688e+05
8.041e-06 7.628e+02
1.940e-01 1.684e+05
1.808e-01 1.636e+05
2.193e-01 1.680e+05
2.158e-01 1.669e+05
2.158e-01 1.666e+05
2.192e-01 1.664e+05
1.821e-01 1.684e+05
5.554e-01 1.604e+05
1.636e-01 1.691e+05
1.782e-01 1.632e+05
1.559e-01 1.711e+05
1.401e-01 1.729e+05
2.237e-01 1.679e+05
1.333e-01 1.728e+05
1.536e-01 1.750e+05
1.759e-01 1.725e+05
2.194e-01 1.658e+05
2.086e-01 1.690e+05
1.821e-01 1.687e+05
2.352e-01 1.687e+05
3.379e-06 4.079e+03
1.378e-01 1.702e+05
3.232e-01 1.665e+05
1.418e-01 1.745e+05
1.808e-01 1.697e+05
3.421e-01 1.592e+05
2.306e-01 1.656e+05
4.905e-01 1.589e+05
3.522e-01 1.631e+05
3.064e-01 1.627e+05
1.757e-01 1.712e+05
1.684e-01 1.704e+05
2.135e-01 1.658e+05
2.076e-01 1.676e+05
1.689e-01 1.703e+05
1.426e-01 1.666e+05
2.214e-01 1.659e+05
3.409e-01 1.619e+05
2.456e-01 1.666e+05
2.014e-01 1.707e+05
2.579e-01 1.647e+05
2.036e-01 1.692e+05
2.779e-01 1.672e+05
2.439e-01 1.651e+05
2.233e-01 1.674e+05
2.097e-01 1.671e+05
1.515e-01 1.743e+05
3.878e-01 1.595e+05
1.690e-01 1.713e+05
1.176e-05 1.046e+04
2.694e-01 1.660e+05
3.912e-01 1.239e+05
4.091e-01 1.652e+05
6.639e-06 7.642e+03
2.325e-01 1.624e+05
1.408e-01 1.737e+05
1.781e-01 1.748e+05
2.252e-01 1.695e+05
1.661e-01 1.675e+05
1.867e-01 1.689e+05
2.122e-01 1.668e+05
2.036e-01 1.687e+05
1.405e-01 1.706e+05
2.130e-01 1.709e+05
3.034e-06 4.452e+04
2.743e-01 1.628e+05
2.527e-01 1.613e+05
2.084e-01 1.673e+05
2.070e-01 1.659e+05
1.804e-01 1.698e+05
2.087e-01 1.676e+05
5.457e-01 1.622e+05
2.444e-01 1.666e+05
5.399e-01 1.179e+05
1.967e-01 1.731e+05
2.318e-01 1.676e+05
3.068e-01 1.622e+05
3.856e-06 4.096e+04
2.306e-01 1.722e+05
1.863e-01 1.723e+05
2.178e-05 1.878e+04
4.624e-01 1.021e+05
2.229e-01 1.676e+05
2.592e-01 1.678e+05
7.520e-06 3.400e+04
2.033e-01 1.708e+05
3.554e-06 1.638e+04
2.167e-01 1.671e+05
3.196e-01 1.651e+05
2.262e-01 1.679e+05
2.388e-01 1.669e+05
2.908e-01 1.635e+05
2.379e-01 1.664e+05
1.846e-01 1.691e+05
3.322e-01 1.101e+05
1.784e-01 1.748e+05
2.153e-01 1.663e+05
1.523e-01 1.681e+05
2.122e-01 1.642e+05
1.948e-01 1.688e+05
3.034e-01 1.628e+05
1.950e-01 1.683e+05
1.814e-01 1.694e+05
2.525e-01 1.651e+05
2.695e-01 1.625e+05
2.208e-01 1.631e+05
1.769e-01 1.724e+05
1.570e-01 1.699e+05
2.117e-01 1.721e+05
2.208e-01 1.680e+05
2.647e-01 1.679e+05
2.135e-01 1.687e+05
2.903e-01 1.683e+05
2.048e-01 1.673e+05
1.808e-07 4.146e+03
2.096e-01 1.673e+05
2.101e-01 1.671e+05
1.723e-01 1.691e+05
4.544e-01 1.631e+05
1.774e-01 1.678e+05
1.113e-06 1.258e+04
1.086e-01 1.376e+05
2.069e-01 1.715e+05
1.600e-01 1.712e+05
1.701e-01 1.723e+05
1.930e-01 1.716e+05
2.368e-01 1.665e+05
3.262e-01 1.627e+05
3.173e-01 1.647e+05
1.891e-01 1.729e+05
2.096e-01 1.637e+05
1.444e-01 1.758e+05
2.196e-01 1.663e+05
2.432e-01 1.661e+05
3.243e-01 1.305e+05
3.386e-01 1.620e+05
1.365e-05 6.348e+03
2.372e-01 1.653e+05
3.275e-01 1.424e+05
2.160e-01 1.671e+05
2.023e-01 1.667e+05
1.807e-01 1.705e+05
1.974e-01 1.678e+05
2.594e-01 1.280e+05
2.383e-01 1.661e+05
2.375e-01 1.654e+05
1.778e-01 1.577e+05
2.125e-01 1.680e+05
2.925e-01 1.650e+05
1.020e-05 4.527e+03
8.343e-06 3.590e+04
1.758e-01 1.696e+05
1.771e-01 1.694e+05
2.741e-01 1.660e+05
1.888e-01 1.679e+05
2.761e-06 3.632e+04
2.050e-01 1.676e+05
2.443e-01 1.652e+05
2.933e-01 1.659e+05
2.120e-01 1.711e+05
2.147e-01 1.691e+05
3.644e-01 1.614e+05
2.167e-01 1.659e+05
1.942e-01 1.634e+05
1.485e-05 5.364e+03
1.831e-01 1.714e+05
1.873e-05 2.299e+04
4.246e-01 1.622e+05
2.278e-01 1.631e+05
2.419e-01 1.657e+05
1.455e-01 1.439e+05
1.951e-01 1.682e+05
1.401e-06 9.121e+03
2.535e-01 1.596e+05
2.257e-01 1.683e+05
1.812e-01 1.689e+05
2.267e-01 1.671e+05
2.846e-06 2.873e+03
2.648e-06 1.373e+04
2.947e-01 1.654e+05
2.185e-01 1.678e+05
1.491e-05 7.906e+04
2.290e-01 1.673e+05
2.665e-01 1.661e+05
1.719e-01 1.736e+05
1.950e-01 1.654e+05
1.518e-01 1.723e+05
2.518e-01 1.666e+05
1.566e-01 1.454e+05
1.808e-01 1.726e+05
1.900e-01 1.695e+05
1.736e-01 1.728e+05
2.244e-01 1.694e+05
3.473e-01 1.637e+05
3.237e-01 1.644e+05
1.842e-01 1.660e+05
1.338e-06 1.271e+04
3.333e-01 1.692e+05
2.066e-01 1.654e+05
2.657e-01 1.665e+05
2.020e-01 1.667e+05
1.971e-01 1.720e+05
8.902e-02 1.533e+05
1.860e-01 1.692e+05
1.981e-01 1.684e+05
2.213e-01 1.650e+05
1.624e-01 1.696e+05
1.793e-01 1.691e+05
2.672e-01 1.628e+05
2.111e-01 1.650e+05
1.754e-01 1.690e+05
2.185e-01 1.675e+05
1.847e-01 1.670e+05
2.067e-01 1.691e+05
2.261e-01 1.653e+05
2.750e-01 1.662e+05
1.455e-01 1.745e+05
2.631e-01 1.704e+05
1.911e-01 1.686e+05
5.509e-05 3.516e+04
1.987e-01 1.669e+05
1.782e-01 1.692e+05
1.931e-01 1.624e+05
3.687e-01 1.177e+05
2.423e-01 1.451e+05
1.865e-01 1.691e+05
3.843e-01 1.592e+05
1.248e-01 1.523e+05
2.001e-01 1.673e+05
3.308e-01 1.678e+05
1.865e-01 1.708e+05
6.196e-06 2.178e+04
1.575e-01 1.713e+05
1.745e-01 1.680e+05
2.870e-06 6.318e+04
1.687e-01 1.693e+05
2.153e-01 1.664e+05
2.028e-01 1.679e+05
1.743e-01 1.715e+05
2.361e-01 1.617e+05
5.096e-01 1.423e+05
2.181e-01 1.641e+05
3.641e-01 1.200e+05
8.927e-06 1.326e+04
3.297e-01 1.691e+05
1.337e-01 1.720e+05
5.860e-01 1.374e+05
4.230e-01 1.169e+05
3.852e-06 3.445e+04
2.339e-01 1.651e+05
2.071e-08 4.389e+04
1.799e-01 1.727e+05
1.637e-01 1.662e+05
2.566e-01 1.639e+05
2.288e-01 1.671e+05
1.881e-01 1.667e+05
1.379e-01 1.752e+05
1.758e-01 1.721e+05
4.553e-06 1.467e+04
1.674e-01 1.748e+05
7.748e-06 2.610e+04
2.767e-01 1.704e+05
1.650e-01 1.676e+05
1.423e-01 1.743e+05
1.733e-01 1.717e+05
2.357e-01 1.656e+05
2.630e-01 1.636e+05
3.811e-01 1.671e+05
2.042e-01 1.678e+05
1.557e-01 1.745e+05
2.400e-01 1.663e+05
2.456e-01 1.430e+05
2.290e-01 1.661e+05
1.907e-01 1.719e+05
1.353e-01 1.720e+05
3.085e-01 1.614e+05
7.665e-06 8.847e+04
2.484e-01 1.663e+05
2.187e-01 1.655e+05
2.136e-01 1.661e+05
9.308e-07 1.614e+04
2.799e-01 1.689e+05
2.534e-01 1.659e+05
1.745e-01 1.709e+05
2.218e-01 1.684e+05
1.091e-06 1.657e+02
1.778e-01 1.688e+05
1.121e-06 2.387e+03
2.168e-01 1.637e+05
3.048e-01 1.656e+05
2.467e-01 1.667e+05
2.137e-01 1.666e+05
2.726e-01 1.638e+05
1.805e-01 1.680e+05
3.691e-01 1.583e+05
1.699e-01 1.706e+05
2.051e-01 1.676e+05
2.208e-01 1.680e+05
4.300e-06 3.054e+04
1.975e-01 1.650e+05
1.797e-05 3.080e+04
3.433e-07 1.319e+04
2.007e-01 1.702e+05
1.674e-01 1.719e+05
2.594e-01 1.646e+05
2.251e-01 1.404e+05
1.613e-01 1.748e+05
2.198e-01 1.678e+05
1.590e-01 1.699e+05
3.282e-01 1.628e+05
2.121e-01 1.642e+05
1.835e-01 1.705e+05
2.349e-01 1.703e+05
1.931e-01 1.694e+05
1.739e-01 1.728e+05
2.710e-01 1.626e+05
1.808e-01 1.627e+05
2.618e-01 1.661e+05
2.317e-01 1.597e+05
1.540e-01 1.693e+05
1.900e-01 1.710e+05
1.845e-01 1.699e+05
1.163e-05 5.283e+04
1.545e-01 1.723e+05
2.023e-01 1.675e+05
2.091e-01 1.674e+05
2.378e-01 1.675e+05
2.165e-01 1.685e+05
2.627e-01 1.652e+05
2.504e-01 1.667e+05
1.633e-01 1.742e+05
1.326e-01 1.736e+05
1.462e-01 1.673e+05
3.421e-06 1.635e+04
2.449e-01 1.648e+05
4.275e-01 1.613e+05
1.934e-06 1.989e+04
3.275e-01 1.663e+05
1.610e-01 1.727e+05
1.703e-01 1.700e+05
2.006e-01 1.684e+05
1.902e-01 1.676e+05
2.241e-01 1.679e+05
3.511e-01 1.626e+05
2.314e-06 4.017e+03
1.880e-01 1.697e+05
7.618e-06 4.778e+03
2.173e-01 1.711e+05
8.861e-06 4.694e+04
1.851e-01 1.701e+05
3.339e-01 1.622e+05
1.963e-01 1.677e+05
3.131e-01 1.681e+05
1.851e-01 1.685e+05
1.635e-01 1.696e+05
1.896e-01 1.693e+05
1.507e-01 1.708e+05
4.053e-01 1.641e+05
1.892e-01 1.690e+05
1.679e-01 1.682e+05
1.623e-01 1.710e+05
2.694e-01 1.660e+05
2.275e-01 1.668e+05
1.507e-01 1.696e+05
2.179e-01 1.686e+05
2.248e-01 1.656e+05
2.446e-01 1.665e+05
2.606e-01 1.662e+05
1.793e-01 1.735e+05
2.070e-01 1.688e+05
5.040e-06 2.013e+04
2.320e-01 1.662e+05
2.624e-01 1.667e+05
2.100e-01 1.703e+05
2.010e-01 1.703e+05
2.314e-01 1.667e+05
1.482e-01 1.684e+05
2.612e-01 1.661e+05
2.377e-01 1.671e+05
1.106e-06 2.706e+02
3.959e-01 1.173e+05
1.894e-01 1.670e+05
2.401e-01 1.642e+05
2.473e-01 1.633e+05
1.511e-01 1.713e+05
2.774e-01 1.681e+05
2.026e-01 1.667e+05
2.847e-01 1.635e+05
1.281e-05 1.314e+04
1.681e-01 1.724e+05
4.526e-01 1.369e+05
1.898e-06 1.884e+04
1.669e-01 1.694e+05
1.741e-01 1.728e+05
1.804e-01 1.693e+05
2.227e-01 1.723e+05
1.564e-01 1.721e+05
1.670e-01 1.706e+05
2.315e-01 1.693e+05
2.420e-01 1.650e+05
2.065e-01 1.671e+05
1.787e-01 1.706e+05
2.055e-01 1.688e+05
2.635e-01 1.673e+05
3.248e-01 1.520e+05
3.528e-01 1.657e+05
2.447e-01 1.632e+05
2.863e-01 1.659e+05
1.677e-01 1.704e+05
2.156e-01 1.657e+05
1.964e-01 1.662e+05
1.771e-01 1.698e+05
7.074e-06 6.467e+03
1.509e-01 1.703e+05
1.323e-05 1.428e+04
1.754e-01 1.715e+05
4.131e-01 1.644e+05
3.240e-01 1.635e+05
2.946e-01 1.623e+05
4.069e-01 1.643e+05
3.556e-01 1.613e+05
2.301e-01 1.653e+05
1.792e-01 1.696e+05
2.627e-01 1.659e+05
1.660e-01 1.713e+05
1.990e-01 1.723e+05
2.018e-01 1.703e+05
1.660e-01 1.695e+05
1.961e-01 1.682e+05
1.669e-01 1.715e+05
2.113e-01 1.657e+05
3.896e-01 1.601e+05
2.202e-01 1.625e+05
