2.844e+00 4.688e+00 -1.563e+00
2.478e+00 4.782e+00 -1.525e+00
2.429e+00 4.678e+00 -1.814e+00
2.380e+00 4.680e+00 -1.893e+00
2.222e+00 4.618e+00 -1.455e+00
2.075e+00 4.712e+00 -1.646e+00
1.941e+00 4.804e+00 -1.575e+00
1.929e+00 4.721e+00 -1.705e+00
1.904e+00 4.629e+00 -1.306e+00
1.880e+00 4.753e+00 -1.262e+00
1.855e+00 4.814e+00 -1.644e+00
1.843e+00 4.711e+00 -2.413e+00
1.794e+00 4.808e+00 -1.869e+00
1.672e+00 4.723e+00 -1.899e+00
1.624e+00 4.779e+00 -1.922e+00
1.624e+00 4.705e+00 -2.071e+00
1.611e+00 4.644e+00 -2.283e+00
1.575e+00 4.821e+00 -2.019e+00
1.575e+00 4.668e+00 -2.030e+00
1.550e+00 4.843e+00 -1.780e+00
1.538e+00 4.649e+00 -1.537e+00
1.514e+00 4.676e+00 -2.125e+00
1.514e+00 4.670e+00 -1.757e+00
1.501e+00 4.543e+00 -1.887e+00
1.501e+00 4.646e+00 -2.005e+00
1.501e+00 4.762e+00 -1.837e+00
1.465e+00 4.600e+00 -1.962e+00
1.404e+00 4.641e+00 -2.190e+00
1.392e+00 4.707e+00 -1.968e+00
1.379e+00 4.765e+00 -2.045e+00
1.343e+00 4.593e+00 -1.750e+00
1.343e+00 4.639e+00 -1.756e+00
1.343e+00 4.704e+00 -1.367e+00
1.331e+00 4.676e+00 -1.805e+00
1.331e+00 4.765e+00 -2.223e+00
1.294e+00 4.770e+00 -1.412e+00
1.221e+00 4.674e+00 -1.643e+00
1.172e+00 4.808e+00 -2.170e+00
1.147e+00 4.657e+00 -1.638e+00
1.147e+00 4.795e+00 -1.429e+00
1.099e+00 4.725e+00 -1.749e+00
1.086e+00 4.810e+00 -1.692e+00
1.086e+00 4.604e+00 -1.581e+00
1.086e+00 4.614e+00 -1.924e+00
1.050e+00 4.619e+00 -1.685e+00
1.050e+00 4.766e+00 -1.678e+00
1.001e+00 4.871e+00 -1.517e+00
9.888e-01 4.727e+00 -2.153e+00
9.888e-01 4.792e+00 -1.811e+00
9.766e-01 4.749e+00 -1.924e+00
9.521e-01 4.778e+00 -2.090e+00
9.033e-01 4.789e+00 -1.888e+00
8.911e-01 4.716e+00 -1.780e+00
8.911e-01 4.796e+00 -2.023e+00
8.545e-01 4.814e+00 -2.227e+00
8.423e-01 4.821e+00 -1.741e+00
8.423e-01 4.677e+00 -2.172e+00
7.935e-01 4.758e+00 -1.812e+00
7.812e-01 4.716e+00 -1.929e+00
7.690e-01 4.669e+00 -1.970e+00
7.568e-01 4.764e+00 -1.712e+00
7.324e-01 4.731e+00 -1.318e+00
7.080e-01 4.633e+00 -1.544e+00
6.958e-01 4.697e+00 -1.768e+00
6.714e-01 4.822e+00 -1.278e+00
6.470e-01 4.607e+00 -1.701e+00
6.226e-01 4.737e+00 -1.913e+00
6.104e-01 4.749e+00 -1.788e+00
5.981e-01 4.704e+00 -1.959e+00
5.981e-01 4.549e+00 -1.658e+00
5.371e-01 4.678e+00 -1.972e+00
5.371e-01 4.601e+00 -1.618e+00
5.127e-01 4.735e+00 -1.667e+00
5.005e-01 4.543e+00 -1.708e+00
5.005e-01 4.731e+00 -1.667e+00
4.883e-01 4.615e+00 -1.935e+00
4.883e-01 4.808e+00 -1.326e+00
4.761e-01 4.595e+00 -1.633e+00
4.761e-01 4.768e+00 -2.074e+00
4.517e-01 4.759e+00 -1.370e+00
4.395e-01 4.770e+00 -1.743e+00
4.150e-01 4.762e+00 -1.770e+00
4.150e-01 4.780e+00 -1.727e+00
3.906e-01 4.782e+00 -1.776e+00
3.540e-01 4.696e+00 -2.145e+00
3.174e-01 4.801e+00 -2.029e+00
3.052e-01 4.793e+00 -1.751e+00
2.808e-01 4.813e+00 -2.024e+00
2.563e-01 4.735e+00 -1.669e+00
9.766e-02 4.975e+00 -1.371e+00
