1.477e-01 2.253e+04
1.444e-01 2.306e+04
1.449e-01 2.287e+04
1.432e-01 2.304e+04
1.466e-01 2.260e+04
1.499e-01 2.240e+04
1.452e-01 2.283e+04
1.434e-01 2.291e+04
1.475e-01 2.247e+04
1.478e-01 2.249e+04
1.448e-01 2.300e+04
1.452e-01 2.297e+04
1.460e-01 2.296e+04
1.453e-01 2.295e+04
1.441e-01 2.301e+04
1.467e-01 2.275e+04
1.473e-01 2.261e+04
1.442e-01 2.301e+04
1.456e-01 2.277e+04
1.469e-01 2.256e+04
1.461e-01 2.278e+04
1.438e-01 2.291e+04
1.439e-01 2.305e+04
1.466e-01 2.272e+04
1.444e-01 2.299e+04
1.458e-01 2.287e+04
1.472e-01 2.273e+04
1.473e-01 2.252e+04
1.473e-01 2.274e+04
1.460e-01 2.269e+04
1.474e-01 2.253e+04
1.451e-01 2.277e+04
1.441e-01 2.283e+04
1.465e-01 2.278e+04
1.472e-01 2.260e+04
1.447e-01 2.275e+04
1.451e-01 2.278e+04
1.470e-01 2.267e+04
1.447e-01 2.304e+04
1.456e-01 2.277e+04
1.460e-01 2.284e+04
1.488e-01 2.237e+04
1.487e-01 2.249e+04
1.452e-01 2.267e+04
1.453e-01 2.287e+04
1.469e-01 2.279e+04
1.477e-01 2.253e+04
1.482e-01 2.253e+04
1.472e-01 2.275e+04
1.468e-01 2.275e+04
1.466e-01 2.272e+04
1.441e-01 2.300e+04
1.507e-01 2.217e+04
1.442e-01 2.290e+04
1.466e-01 2.278e+04
1.464e-01 2.286e+04
1.446e-01 2.298e+04
1.477e-01 2.253e+04
1.483e-01 2.248e+04
1.454e-01 2.300e+04
1.486e-01 2.236e+04
1.445e-01 2.300e+04
1.451e-01 2.293e+04
1.458e-01 2.275e+04
1.433e-01 2.330e+04
1.475e-01 2.262e+04
1.476e-01 2.264e+04
1.446e-01 2.301e+04
1.462e-01 2.261e+04
1.460e-01 2.279e+04
1.449e-01 2.285e+04
1.479e-01 2.257e+04
1.481e-01 2.245e+04
1.446e-01 2.292e+04
1.440e-01 2.296e+04
1.455e-01 2.287e+04
1.455e-01 2.283e+04
1.453e-01 2.289e+04
1.452e-01 2.303e+04
1.443e-01 2.308e+04
1.482e-01 2.261e+04
1.459e-01 2.280e+04
1.464e-01 2.279e+04
1.458e-01 2.280e+04
1.464e-01 2.285e+04
1.484e-01 2.241e+04
1.451e-01 2.270e+04
1.498e-01 2.229e+04
1.467e-01 2.272e+04
1.461e-01 2.266e+04
1.473e-01 2.266e+04
1.440e-01 2.305e+04
1.449e-01 2.292e+04
1.458e-01 2.286e+04
1.507e-01 2.239e+04
1.456e-01 2.282e+04
1.479e-01 2.247e+04
1.465e-01 2.267e+04
1.450e-01 2.289e+04
1.453e-01 2.272e+04
1.471e-01 2.267e+04
1.466e-01 2.265e+04
1.463e-01 2.276e+04
1.474e-01 2.246e+04
1.475e-01 2.265e+04
1.446e-01 2.293e+04
1.470e-01 2.272e+04
1.447e-01 2.276e+04
1.482e-01 2.260e+04
1.450e-01 2.305e+04
1.459e-01 2.274e+04
1.473e-01 2.250e+04
1.473e-01 2.270e+04
1.446e-01 2.293e+04
1.447e-01 2.288e+04
1.474e-01 2.273e+04
1.444e-01 2.318e+04
1.507e-01 2.235e+04
1.474e-01 2.256e+04
1.473e-01 2.267e+04
1.459e-01 2.269e+04
1.437e-01 2.315e+04
1.436e-01 2.309e+04
1.441e-01 2.303e+04
1.452e-01 2.286e+04
1.460e-01 2.280e+04
1.454e-01 2.275e+04
1.478e-01 2.250e+04
1.454e-01 2.284e+04
1.472e-01 2.271e+04
1.438e-01 2.313e+04
1.481e-01 2.255e+04
1.453e-01 2.266e+04
1.469e-01 2.266e+04
1.466e-01 2.268e+04
1.462e-01 2.285e+04
1.489e-01 2.249e+04
1.455e-01 2.274e+04
1.458e-01 2.278e+04
1.429e-01 2.325e+04
1.467e-01 2.264e+04
1.449e-01 2.299e+04
1.487e-01 2.251e+04
1.451e-01 2.272e+04
1.467e-01 2.258e+04
1.461e-01 2.265e+04
1.428e-01 2.317e+04
1.464e-01 2.268e+04
1.483e-01 2.253e+04
1.461e-01 2.271e+04
1.489e-01 2.240e+04
1.461e-01 2.276e+04
1.478e-01 2.259e+04
1.447e-01 2.288e+04
1.480e-01 2.269e+04
1.465e-01 2.269e+04
1.430e-01 2.318e+04
1.450e-01 2.300e+04
1.465e-01 2.262e+04
1.444e-01 2.300e+04
1.445e-01 2.291e+04
1.474e-01 2.254e+04
1.475e-01 2.260e+04
1.470e-01 2.261e+04
1.491e-01 2.238e+04
1.471e-01 2.251e+04
1.473e-01 2.259e+04
1.441e-01 2.288e+04
1.459e-01 2.281e+04
1.474e-01 2.262e+04
1.480e-01 2.244e+04
1.449e-01 2.288e+04
1.454e-01 2.272e+04
1.451e-01 2.291e+04
1.455e-01 2.287e+04
1.474e-01 2.255e+04
1.474e-01 2.251e+04
1.431e-01 2.308e+04
1.481e-01 2.260e+04
1.436e-01 2.306e+04
1.483e-01 2.248e+04
1.449e-01 2.285e+04
1.456e-01 2.279e+04
1.466e-01 2.276e+04
1.458e-01 2.279e+04
1.456e-01 2.290e+04
1.468e-01 2.276e+04
1.445e-01 2.299e+04
1.446e-01 2.292e+04
1.478e-01 2.249e+04
1.435e-01 2.326e+04
1.454e-01 2.279e+04
1.480e-01 2.267e+04
1.485e-01 2.240e+04
1.472e-01 2.262e+04
1.484e-01 2.244e+04
1.446e-01 2.296e+04
1.457e-01 2.286e+04
1.462e-01 2.278e+04
1.444e-01 2.293e+04
1.459e-01 2.274e+04
1.441e-01 2.305e+04
1.484e-01 2.262e+04
1.458e-01 2.280e+04
1.476e-01 2.258e+04
1.463e-01 2.257e+04
1.475e-01 2.269e+04
1.453e-01 2.288e+04
1.476e-01 2.253e+04
1.476e-01 2.263e+04
1.475e-01 2.255e+04
1.444e-01 2.298e+04
1.465e-01 2.273e+04
1.473e-01 2.275e+04
1.484e-01 2.239e+04
1.474e-01 2.262e+04
1.478e-01 2.258e+04
1.461e-01 2.279e+04
1.469e-01 2.271e+04
1.458e-01 2.262e+04
1.458e-01 2.268e+04
1.457e-01 2.262e+04
1.464e-01 2.272e+04
1.449e-01 2.284e+04
1.459e-01 2.273e+04
1.479e-01 2.267e+04
1.446e-01 2.299e+04
1.452e-01 2.282e+04
1.489e-01 2.242e+04
1.487e-01 2.249e+04
1.471e-01 2.253e+04
1.484e-01 2.255e+04
1.461e-01 2.278e+04
1.437e-01 2.293e+04
1.445e-01 2.291e+04
1.486e-01 2.250e+04
1.487e-01 2.251e+04
1.460e-01 2.283e+04
1.477e-01 2.256e+04
1.448e-01 2.295e+04
1.479e-01 2.252e+04
1.476e-01 2.260e+04
1.486e-01 2.245e+04
1.459e-01 2.285e+04
1.493e-01 2.240e+04
1.460e-01 2.273e+04
1.483e-01 2.257e+04
1.458e-01 2.276e+04
1.448e-01 2.288e+04
1.459e-01 2.275e+04
1.440e-01 2.280e+04
1.468e-01 2.250e+04
1.462e-01 2.284e+04
1.434e-01 2.309e+04
1.444e-01 2.288e+04
1.444e-01 2.303e+04
1.454e-01 2.275e+04
1.428e-01 2.315e+04
1.464e-01 2.267e+04
1.453e-01 2.280e+04
1.447e-01 2.286e+04
1.484e-01 2.262e+04
1.469e-01 2.261e+04
1.477e-01 2.258e+04
1.459e-01 2.286e+04
1.464e-01 2.267e+04
1.451e-01 2.294e+04
1.453e-01 2.285e+04
1.463e-01 2.272e+04
1.444e-01 2.283e+04
1.468e-01 2.265e+04
1.506e-01 2.242e+04
1.440e-01 2.300e+04
1.463e-01 2.284e+04
1.463e-01 2.284e+04
1.460e-01 2.286e+04
1.458e-01 2.279e+04
1.481e-01 2.245e+04
1.478e-01 2.255e+04
1.453e-01 2.291e+04
1.438e-01 2.291e+04
1.452e-01 2.286e+04
1.466e-01 2.266e+04
1.488e-01 2.247e+04
1.447e-01 2.293e+04
1.478e-01 2.252e+04
1.474e-01 2.244e+04
1.451e-01 2.288e+04
1.491e-01 2.243e+04
1.442e-01 2.301e+04
1.491e-01 2.249e+04
1.441e-01 2.297e+04
1.462e-01 2.274e+04
1.466e-01 2.274e+04
1.431e-01 2.308e+04
1.456e-01 2.300e+04
1.458e-01 2.276e+04
1.460e-01 2.283e+04
1.465e-01 2.277e+04
1.477e-01 2.258e+04
1.457e-01 2.292e+04
1.460e-01 2.289e+04
1.454e-01 2.282e+04
1.439e-01 2.294e+04
1.452e-01 2.293e+04
1.452e-01 2.292e+04
1.431e-01 2.315e+04
1.456e-01 2.286e+04
1.455e-01 2.285e+04
1.457e-01 2.283e+04
1.467e-01 2.282e+04
1.465e-01 2.274e+04
1.430e-01 2.311e+04
1.442e-01 2.310e+04
1.466e-01 2.262e+04
1.454e-01 2.275e+04
1.465e-01 2.267e+04
1.472e-01 2.269e+04
1.462e-01 2.279e+04
1.460e-01 2.298e+04
1.468e-01 2.272e+04
1.479e-01 2.253e+04
1.475e-01 2.262e+04
1.468e-01 2.261e+04
1.485e-01 2.241e+04
1.462e-01 2.276e+04
1.450e-01 2.290e+04
1.441e-01 2.302e+04
1.474e-01 2.261e+04
1.448e-01 2.298e+04
1.457e-01 2.282e+04
1.434e-01 2.312e+04
1.471e-01 2.250e+04
1.449e-01 2.300e+04
1.469e-01 2.266e+04
1.476e-01 2.260e+04
1.486e-01 2.246e+04
1.450e-01 2.294e+04
1.449e-01 2.287e+04
1.424e-01 2.307e+04
1.468e-01 2.287e+04
1.468e-01 2.264e+04
1.444e-01 2.296e+04
1.468e-01 2.265e+04
1.460e-01 2.275e+04
1.468e-01 2.270e+04
1.456e-01 2.281e+04
1.443e-01 2.290e+04
1.462e-01 2.279e+04
1.467e-01 2.261e+04
1.454e-01 2.279e+04
1.458e-01 2.275e+04
1.473e-01 2.255e+04
1.461e-01 2.279e+04
1.451e-01 2.273e+04
1.460e-01 2.282e+04
1.507e-01 2.232e+04
1.447e-01 2.292e+04
1.492e-01 2.238e+04
1.461e-01 2.266e+04
1.460e-01 2.291e+04
1.468e-01 2.263e+04
1.448e-01 2.294e+04
1.465e-01 2.281e+04
1.470e-01 2.269e+04
1.458e-01 2.258e+04
1.465e-01 2.281e+04
1.465e-01 2.279e+04
1.462e-01 2.262e+04
1.470e-01 2.274e+04
1.477e-01 2.247e+04
1.435e-01 2.306e+04
1.443e-01 2.303e+04
1.476e-01 2.254e+04
1.464e-01 2.271e+04
1.478e-01 2.274e+04
1.438e-01 2.305e+04
1.467e-01 2.267e+04
1.454e-01 2.272e+04
1.455e-01 2.275e+04
1.463e-01 2.275e+04
1.451e-01 2.292e+04
1.473e-01 2.267e+04
1.468e-01 2.268e+04
1.456e-01 2.280e+04
1.467e-01 2.264e+04
1.478e-01 2.253e+04
1.464e-01 2.278e+04
1.467e-01 2.271e+04
1.441e-01 2.300e+04
1.438e-01 2.293e+04
1.483e-01 2.256e+04
1.475e-01 2.255e+04
1.475e-01 2.269e+04
1.447e-01 2.290e+04
1.470e-01 2.258e+04
1.465e-01 2.270e+04
1.440e-01 2.304e+04
1.468e-01 2.274e+04
1.476e-01 2.260e+04
1.467e-01 2.274e+04
1.453e-01 2.309e+04
1.461e-01 2.273e+04
1.448e-01 2.298e+04
1.486e-01 2.241e+04
1.465e-01 2.262e+04
1.470e-01 2.266e+04
1.452e-01 2.284e+04
1.477e-01 2.257e+04
1.481e-01 2.248e+04
1.482e-01 2.260e+04
1.475e-01 2.263e+04
1.463e-01 2.281e+04
1.452e-01 2.300e+04
1.469e-01 2.258e+04
1.450e-01 2.289e+04
1.462e-01 2.263e+04
1.449e-01 2.286e+04
1.447e-01 2.309e+04
1.457e-01 2.278e+04
1.463e-01 2.265e+04
1.475e-01 2.274e+04
1.448e-01 2.286e+04
1.471e-01 2.264e+04
1.446e-01 2.302e+04
1.465e-01 2.268e+04
1.420e-01 2.320e+04
1.456e-01 2.278e+04
1.454e-01 2.284e+04
1.479e-01 2.260e+04
1.465e-01 2.269e+04
1.483e-01 2.255e+04
1.467e-01 2.267e+04
1.470e-01 2.287e+04
1.469e-01 2.267e+04
1.487e-01 2.258e+04
1.439e-01 2.302e+04
1.462e-01 2.283e+04
1.453e-01 2.284e+04
1.484e-01 2.248e+04
1.448e-01 2.298e+04
1.456e-01 2.275e+04
1.454e-01 2.289e+04
1.438e-01 2.326e+04
1.462e-01 2.268e+04
1.472e-01 2.258e+04
1.485e-01 2.252e+04
1.464e-01 2.265e+04
1.476e-01 2.263e+04
1.450e-01 2.279e+04
1.468e-01 2.262e+04
1.442e-01 2.300e+04
1.460e-01 2.278e+04
1.469e-01 2.272e+04
1.461e-01 2.274e+04
1.456e-01 2.287e+04
1.456e-01 2.292e+04
1.445e-01 2.288e+04
1.448e-01 2.295e+04
1.444e-01 2.291e+04
1.450e-01 2.293e+04
1.495e-01 2.244e+04
1.466e-01 2.267e+04
1.446e-01 2.303e+04
1.463e-01 2.270e+04
1.468e-01 2.274e+04
1.481e-01 2.252e+04
1.447e-01 2.292e+04
1.513e-01 2.219e+04
1.483e-01 2.254e+04
1.451e-01 2.288e+04
1.446e-01 2.302e+04
1.459e-01 2.276e+04
1.472e-01 2.266e+04
1.446e-01 2.295e+04
1.484e-01 2.251e+04
1.487e-01 2.239e+04
1.472e-01 2.260e+04
1.455e-01 2.272e+04
1.471e-01 2.266e+04
1.460e-01 2.265e+04
1.464e-01 2.277e+04
1.461e-01 2.284e+04
1.441e-01 2.302e+04
1.477e-01 2.265e+04
1.449e-01 2.282e+04
1.478e-01 2.247e+04
1.438e-01 2.320e+04
1.482e-01 2.252e+04
1.456e-01 2.274e+04
1.474e-01 2.260e+04
1.467e-01 2.281e+04
1.480e-01 2.262e+04
1.467e-01 2.264e+04
1.455e-01 2.290e+04
1.496e-01 2.231e+04
1.480e-01 2.242e+04
1.459e-01 2.292e+04
1.453e-01 2.290e+04
1.447e-01 2.290e+04
1.433e-01 2.314e+04
1.447e-01 2.307e+04
1.462e-01 2.280e+04
1.447e-01 2.295e+04
1.484e-01 2.236e+04
1.462e-01 2.271e+04
1.469e-01 2.275e+04
1.460e-01 2.278e+04
1.466e-01 2.265e+04
1.443e-01 2.307e+04
1.458e-01 2.284e+04
1.474e-01 2.258e+04
1.454e-01 2.295e+04
1.471e-01 2.269e+04
1.435e-01 2.297e+04
1.483e-01 2.257e+04
1.470e-01 2.266e+04
1.464e-01 2.268e+04
1.460e-01 2.267e+04
1.484e-01 2.257e+04
1.447e-01 2.304e+04
1.454e-01 2.289e+04
1.458e-01 2.276e+04
1.478e-01 2.251e+04
1.480e-01 2.247e+04
1.460e-01 2.278e+04
1.487e-01 2.240e+04
1.453e-01 2.285e+04
1.458e-01 2.281e+04
1.448e-01 2.303e+04
1.453e-01 2.283e+04
1.467e-01 2.265e+04
1.458e-01 2.275e+04
1.452e-01 2.295e+04
1.476e-01 2.267e+04
1.440e-01 2.307e+04
1.463e-01 2.269e+04
1.464e-01 2.278e+04
1.482e-01 2.241e+04
1.479e-01 2.252e+04
1.460e-01 2.281e+04
1.476e-01 2.271e+04
1.482e-01 2.252e+04
1.483e-01 2.257e+04
1.455e-01 2.293e+04
1.459e-01 2.282e+04
1.463e-01 2.277e+04
1.473e-01 2.272e+04
1.466e-01 2.274e+04
1.448e-01 2.295e+04
1.473e-01 2.261e+04
1.440e-01 2.297e+04
1.448e-01 2.290e+04
1.477e-01 2.256e+04
1.474e-01 2.251e+04
1.435e-01 2.307e+04
1.456e-01 2.280e+04
1.464e-01 2.270e+04
1.483e-01 2.245e+04
1.455e-01 2.285e+04
1.486e-01 2.241e+04
1.458e-01 2.286e+04
1.447e-01 2.299e+04
1.473e-01 2.255e+04
1.455e-01 2.291e+04
1.471e-01 2.261e+04
1.451e-01 2.280e+04
1.435e-01 2.312e+04
1.470e-01 2.270e+04
1.459e-01 2.274e+04
1.443e-01 2.296e+04
1.464e-01 2.267e+04
1.453e-01 2.287e+04
1.449e-01 2.292e+04
1.454e-01 2.299e+04
1.473e-01 2.250e+04
1.483e-01 2.240e+04
1.479e-01 2.247e+04
1.467e-01 2.266e+04
1.469e-01 2.264e+04
1.448e-01 2.286e+04
1.465e-01 2.269e+04
1.456e-01 2.288e+04
1.469e-01 2.267e+04
1.481e-01 2.262e+04
1.464e-01 2.269e+04
1.464e-01 2.275e+04
1.472e-01 2.273e+04
1.456e-01 2.281e+04
1.482e-01 2.257e+04
1.480e-01 2.250e+04
1.471e-01 2.260e+04
1.472e-01 2.271e+04
1.436e-01 2.300e+04
1.500e-01 2.234e+04
1.451e-01 2.281e+04
1.452e-01 2.282e+04
1.441e-01 2.307e+04
1.435e-01 2.314e+04
1.456e-01 2.294e+04
1.445e-01 2.295e+04
1.486e-01 2.240e+04
1.499e-01 2.225e+04
1.459e-01 2.279e+04
1.502e-01 2.233e+04
1.461e-01 2.272e+04
1.470e-01 2.269e+04
1.446e-01 2.305e+04
1.452e-01 2.285e+04
1.459e-01 2.274e+04
1.457e-01 2.256e+04
1.458e-01 2.277e+04
1.474e-01 2.267e+04
1.481e-01 2.250e+04
1.450e-01 2.293e+04
1.466e-01 2.266e+04
1.488e-01 2.238e+04
1.456e-01 2.283e+04
1.490e-01 2.234e+04
1.452e-01 2.278e+04
1.466e-01 2.267e+04
1.453e-01 2.300e+04
1.488e-01 2.244e+04
1.466e-01 2.284e+04
1.449e-01 2.280e+04
1.477e-01 2.271e+04
1.473e-01 2.265e+04
1.450e-01 2.303e+04
1.450e-01 2.303e+04
1.450e-01 2.289e+04
1.471e-01 2.270e+04
1.493e-01 2.249e+04
1.449e-01 2.296e+04
1.442e-01 2.296e+04
1.450e-01 2.290e+04
1.439e-01 2.310e+04
1.434e-01 2.304e+04
1.467e-01 2.261e+04
1.440e-01 2.292e+04
1.470e-01 2.264e+04
1.454e-01 2.278e+04
1.432e-01 2.312e+04
1.467e-01 2.264e+04
1.460e-01 2.274e+04
1.469e-01 2.275e+04
1.457e-01 2.279e+04
1.466e-01 2.264e+04
1.469e-01 2.261e+04
1.448e-01 2.282e+04
1.446e-01 2.295e+04
1.454e-01 2.279e+04
1.472e-01 2.257e+04
1.477e-01 2.259e+04
1.489e-01 2.239e+04
1.439e-01 2.298e+04
1.491e-01 2.237e+04
1.480e-01 2.256e+04
1.467e-01 2.274e+04
1.457e-01 2.281e+04
1.469e-01 2.265e+04
1.489e-01 2.241e+04
1.441e-01 2.295e+04
1.444e-01 2.292e+04
1.462e-01 2.272e+04
1.447e-01 2.285e+04
1.483e-01 2.248e+04
1.480e-01 2.252e+04
1.445e-01 2.292e+04
1.461e-01 2.272e+04
1.448e-01 2.293e+04
1.452e-01 2.281e+04
1.489e-01 2.238e+04
1.457e-01 2.285e+04
1.448e-01 2.289e+04
1.486e-01 2.251e+04
1.452e-01 2.285e+04
1.463e-01 2.265e+04
1.471e-01 2.261e+04
1.461e-01 2.261e+04
1.499e-01 2.228e+04
1.467e-01 2.267e+04
1.457e-01 2.286e+04
1.444e-01 2.300e+04
1.472e-01 2.267e+04
1.474e-01 2.250e+04
1.453e-01 2.281e+04
1.475e-01 2.246e+04
1.441e-01 2.296e+04
1.458e-01 2.300e+04
1.468e-01 2.266e+04
1.474e-01 2.249e+04
1.445e-01 2.295e+04
1.477e-01 2.267e+04
1.468e-01 2.263e+04
1.472e-01 2.263e+04
1.492e-01 2.235e+04
1.441e-01 2.296e+04
1.453e-01 2.279e+04
1.477e-01 2.256e+04
1.458e-01 2.277e+04
1.470e-01 2.265e+04
1.445e-01 2.293e+04
1.452e-01 2.295e+04
1.436e-01 2.309e+04
1.458e-01 2.269e+04
1.460e-01 2.271e+04
1.468e-01 2.274e+04
1.439e-01 2.302e+04
1.456e-01 2.280e+04
1.481e-01 2.247e+04
1.460e-01 2.274e+04
1.477e-01 2.255e+04
1.477e-01 2.272e+04
1.456e-01 2.273e+04
1.471e-01 2.250e+04
1.463e-01 2.283e+04
1.456e-01 2.269e+04
1.467e-01 2.265e+04
1.474e-01 2.267e+04
1.472e-01 2.264e+04
1.444e-01 2.296e+04
1.440e-01 2.303e+04
1.483e-01 2.256e+04
1.448e-01 2.293e+04
1.471e-01 2.261e+04
1.462e-01 2.267e+04
1.455e-01 2.279e+04
1.459e-01 2.286e+04
1.434e-01 2.304e+04
1.451e-01 2.294e+04
1.453e-01 2.284e+04
1.475e-01 2.268e+04
1.456e-01 2.284e+04
1.464e-01 2.274e+04
1.447e-01 2.291e+04
1.480e-01 2.252e+04
1.453e-01 2.287e+04
1.460e-01 2.271e+04
1.476e-01 2.251e+04
1.445e-01 2.301e+04
1.476e-01 2.266e+04
1.467e-01 2.259e+04
1.483e-01 2.246e+04
1.442e-01 2.301e+04
1.452e-01 2.292e+04
1.463e-01 2.279e+04
1.482e-01 2.270e+04
1.450e-01 2.271e+04
1.460e-01 2.286e+04
1.467e-01 2.260e+04
1.480e-01 2.253e+04
1.460e-01 2.278e+04
1.445e-01 2.294e+04
1.465e-01 2.285e+04
1.449e-01 2.297e+04
1.479e-01 2.248e+04
1.432e-01 2.320e+04
1.453e-01 2.290e+04
1.442e-01 2.292e+04
1.483e-01 2.266e+04
1.480e-01 2.240e+04
1.480e-01 2.249e+04
1.436e-01 2.323e+04
1.497e-01 2.241e+04
1.514e-01 2.218e+04
1.445e-01 2.291e+04
1.448e-01 2.292e+04
1.439e-01 2.292e+04
1.442e-01 2.305e+04
1.439e-01 2.313e+04
1.470e-01 2.253e+04
1.492e-01 2.241e+04
1.469e-01 2.264e+04
1.467e-01 2.264e+04
1.458e-01 2.274e+04
1.473e-01 2.268e+04
1.474e-01 2.268e+04
1.475e-01 2.271e+04
1.461e-01 2.289e+04
1.455e-01 2.279e+04
1.454e-01 2.285e+04
1.438e-01 2.303e+04
1.479e-01 2.250e+04
1.482e-01 2.259e+04
1.466e-01 2.273e+04
1.453e-01 2.293e+04
1.436e-01 2.309e+04
1.452e-01 2.287e+04
1.451e-01 2.281e+04
1.467e-01 2.271e+04
1.467e-01 2.257e+04
1.454e-01 2.284e+04
1.447e-01 2.293e+04
1.451e-01 2.281e+04
1.435e-01 2.308e+04
1.440e-01 2.300e+04
1.450e-01 2.292e+04
1.458e-01 2.278e+04
1.464e-01 2.277e+04
1.441e-01 2.296e+04
1.472e-01 2.252e+04
1.461e-01 2.275e+04
1.448e-01 2.286e+04
1.427e-01 2.318e+04
1.430e-01 2.317e+04
1.459e-01 2.275e+04
1.463e-01 2.277e+04
1.459e-01 2.272e+04
1.477e-01 2.257e+04
1.472e-01 2.260e+04
1.463e-01 2.274e+04
1.441e-01 2.302e+04
1.487e-01 2.251e+04
1.490e-01 2.237e+04
1.439e-01 2.300e+04
1.446e-01 2.292e+04
1.453e-01 2.299e+04
1.486e-01 2.250e+04
1.488e-01 2.235e+04
1.483e-01 2.242e+04
1.487e-01 2.253e+04
1.469e-01 2.266e+04
1.466e-01 2.274e+04
1.469e-01 2.268e+04
1.449e-01 2.292e+04
1.479e-01 2.253e+04
1.492e-01 2.245e+04
1.462e-01 2.275e+04
1.465e-01 2.277e+04
1.441e-01 2.295e+04
1.479e-01 2.263e+04
1.472e-01 2.257e+04
1.456e-01 2.293e+04
1.463e-01 2.289e+04
1.433e-01 2.316e+04
1.453e-01 2.288e+04
1.460e-01 2.271e+04
1.443e-01 2.299e+04
1.450e-01 2.283e+04
1.452e-01 2.289e+04
1.469e-01 2.261e+04
1.438e-01 2.298e+04
1.483e-01 2.249e+04
1.492e-01 2.240e+04
1.440e-01 2.306e+04
1.467e-01 2.267e+04
1.461e-01 2.280e+04
1.474e-01 2.254e+04
1.488e-01 2.240e+04
1.462e-01 2.276e+04
1.456e-01 2.284e+04
1.478e-01 2.254e+04
1.472e-01 2.248e+04
1.446e-01 2.293e+04
1.455e-01 2.272e+04
1.471e-01 2.260e+04
1.452e-01 2.300e+04
1.441e-01 2.301e+04
1.477e-01 2.259e+04
1.466e-01 2.282e+04
1.465e-01 2.265e+04
1.485e-01 2.252e+04
1.452e-01 2.277e+04
1.458e-01 2.284e+04
1.455e-01 2.278e+04
1.468e-01 2.265e+04
1.478e-01 2.249e+04
1.445e-01 2.299e+04
1.442e-01 2.298e+04
1.461e-01 2.276e+04
1.451e-01 2.278e+04
1.446e-01 2.297e+04
1.491e-01 2.227e+04
1.470e-01 2.256e+04
1.455e-01 2.279e+04
1.472e-01 2.253e+04
1.460e-01 2.293e+04
1.473e-01 2.267e+04
1.477e-01 2.252e+04
1.472e-01 2.264e+04
1.464e-01 2.277e+04
1.469e-01 2.276e+04
1.489e-01 2.251e+04
1.469e-01 2.274e+04
1.466e-01 2.276e+04
1.472e-01 2.262e+04
1.480e-01 2.252e+04
1.494e-01 2.243e+04
1.457e-01 2.273e+04
1.426e-01 2.328e+04
1.456e-01 2.285e+04
1.444e-01 2.296e+04
1.460e-01 2.273e+04
1.459e-01 2.263e+04
1.469e-01 2.256e+04
1.462e-01 2.281e+04
1.468e-01 2.265e+04
1.479e-01 2.265e+04
1.467e-01 2.275e+04
1.450e-01 2.285e+04
1.487e-01 2.251e+04
1.482e-01 2.263e+04
1.475e-01 2.267e+04
1.487e-01 2.245e+04
1.462e-01 2.270e+04
1.454e-01 2.284e+04
1.473e-01 2.263e+04
1.466e-01 2.270e+04
1.481e-01 2.244e+04
1.474e-01 2.252e+04
1.432e-01 2.319e+04
1.461e-01 2.267e+04
1.472e-01 2.258e+04
1.471e-01 2.264e+04
1.451e-01 2.291e+04
1.459e-01 2.283e+04
1.456e-01 2.284e+04
1.489e-01 2.234e+04
1.472e-01 2.253e+04
1.463e-01 2.276e+04
1.488e-01 2.254e+04
1.450e-01 2.301e+04
1.447e-01 2.307e+04
1.493e-01 2.232e+04
1.482e-01 2.268e+04
1.463e-01 2.280e+04
1.479e-01 2.257e+04
1.466e-01 2.276e+04
1.476e-01 2.260e+04
1.487e-01 2.245e+04
1.452e-01 2.291e+04
1.465e-01 2.287e+04
1.454e-01 2.293e+04
1.449e-01 2.270e+04
1.436e-01 2.308e+04
1.463e-01 2.276e+04
1.446e-01 2.290e+04
1.472e-01 2.285e+04
1.450e-01 2.288e+04
1.473e-01 2.269e+04
1.480e-01 2.245e+04
1.418e-01 2.332e+04
1.470e-01 2.260e+04
1.441e-01 2.296e+04
1.477e-01 2.255e+04
1.499e-01 2.229e+04
1.466e-01 2.277e+04
1.447e-01 2.289e+04
1.482e-01 2.256e+04
1.466e-01 2.257e+04
1.456e-01 2.289e+04
1.498e-01 2.236e+04
1.483e-01 2.256e+04
1.449e-01 2.300e+04
1.450e-01 2.298e+04
1.447e-01 2.294e+04
1.493e-01 2.248e+04
1.479e-01 2.246e+04
1.471e-01 2.263e+04
1.462e-01 2.269e+04
1.466e-01 2.267e+04
1.453e-01 2.284e+04
1.489e-01 2.261e+04
1.456e-01 2.291e+04
1.451e-01 2.284e+04
1.469e-01 2.269e+04
1.480e-01 2.245e+04
1.452e-01 2.288e+04
1.459e-01 2.277e+04
1.460e-01 2.284e+04
1.440e-01 2.304e+04
1.461e-01 2.290e+04
1.465e-01 2.276e+04
1.466e-01 2.274e+04
1.471e-01 2.273e+04
1.451e-01 2.275e+04
1.451e-01 2.290e+04
1.463e-01 2.276e+04
1.482e-01 2.246e+04
1.479e-01 2.249e+04
1.462e-01 2.269e+04
1.460e-01 2.276e+04
1.468e-01 2.267e+04
1.474e-01 2.254e+04
1.455e-01 2.280e+04
1.444e-01 2.292e+04
1.469e-01 2.258e+04
1.467e-01 2.264e+04
1.460e-01 2.266e+04
1.462e-01 2.284e+04
1.456e-01 2.273e+04
1.492e-01 2.236e+04
1.459e-01 2.271e+04
1.465e-01 2.265e+04
1.480e-01 2.251e+04
1.457e-01 2.285e+04
1.477e-01 2.278e+04
1.454e-01 2.290e+04
1.459e-01 2.267e+04
1.443e-01 2.292e+04
1.448e-01 2.282e+04
1.468e-01 2.273e+04
1.480e-01 2.250e+04
1.473e-01 2.261e+04
1.468e-01 2.281e+04
1.487e-01 2.243e+04
1.471e-01 2.259e+04
1.457e-01 2.275e+04
1.463e-01 2.270e+04
1.468e-01 2.267e+04
1.456e-01 2.284e+04
1.458e-01 2.274e+04
1.445e-01 2.285e+04
1.488e-01 2.239e+04
1.473e-01 2.268e+04
1.458e-01 2.277e+04
1.453e-01 2.300e+04
1.444e-01 2.291e+04
1.455e-01 2.290e+04
1.477e-01 2.259e+04
1.458e-01 2.275e+04
1.446e-01 2.289e+04
1.472e-01 2.260e+04
1.436e-01 2.303e+04
1.456e-01 2.285e+04
1.475e-01 2.264e+04
1.474e-01 2.268e+04
1.431e-01 2.327e+04
1.446e-01 2.289e+04
1.444e-01 2.307e+04
1.460e-01 2.274e+04
1.470e-01 2.263e+04
1.480e-01 2.260e+04
1.464e-01 2.279e+04
1.487e-01 2.248e+04
1.473e-01 2.260e+04
1.478e-01 2.255e+04
1.451e-01 2.292e+04
1.470e-01 2.254e+04
1.451e-01 2.295e+04
1.460e-01 2.274e+04
1.430e-01 2.319e+04
1.480e-01 2.265e+04
1.440e-01 2.295e+04
1.489e-01 2.234e+04
1.449e-01 2.296e+04
1.465e-01 2.268e+04
1.470e-01 2.264e+04
1.473e-01 2.271e+04
1.438e-01 2.306e+04
1.451e-01 2.280e+04
1.465e-01 2.280e+04
1.465e-01 2.278e+04
1.465e-01 2.268e+04
1.466e-01 2.277e+04
1.457e-01 2.274e+04
1.462e-01 2.283e+04
1.446e-01 2.302e+04
1.454e-01 2.274e+04
1.479e-01 2.240e+04
1.452e-01 2.285e+04
1.475e-01 2.256e+04
1.453e-01 2.270e+04
1.473e-01 2.257e+04
1.502e-01 2.223e+04
1.466e-01 2.274e+04
1.472e-01 2.264e+04
1.439e-01 2.295e+04
1.468e-01 2.281e+04
1.461e-01 2.272e+04
1.453e-01 2.292e+04
1.481e-01 2.248e+04
1.485e-01 2.242e+04
1.477e-01 2.275e+04
1.447e-01 2.306e+04
1.459e-01 2.276e+04
1.437e-01 2.297e+04
1.492e-01 2.256e+04
1.464e-01 2.265e+04
1.458e-01 2.275e+04
1.463e-01 2.273e+04
1.440e-01 2.309e+04
1.470e-01 2.260e+04
1.485e-01 2.236e+04
1.487e-01 2.248e+04
1.455e-01 2.289e+04
1.471e-01 2.260e+04
1.472e-01 2.269e+04
1.451e-01 2.287e+04
1.496e-01 2.239e+04
1.468e-01 2.265e+04
1.459e-01 2.283e+04
1.445e-01 2.307e+04
1.441e-01 2.303e+04
1.458e-01 2.284e+04
1.488e-01 2.255e+04
1.457e-01 2.283e+04
1.458e-01 2.271e+04
1.437e-01 2.310e+04
1.485e-01 2.253e+04
1.459e-01 2.272e+04
1.450e-01 2.290e+04
1.479e-01 2.263e+04
1.433e-01 2.321e+04
1.452e-01 2.283e+04
1.438e-01 2.309e+04
1.449e-01 2.297e+04
1.483e-01 2.248e+04
1.457e-01 2.282e+04
1.481e-01 2.248e+04
1.473e-01 2.269e+04
1.484e-01 2.250e+04
1.476e-01 2.267e+04
1.439e-01 2.313e+04
1.466e-01 2.269e+04
1.452e-01 2.281e+04
1.450e-01 2.294e+04
1.447e-01 2.294e+04
1.445e-01 2.306e+04
1.468e-01 2.261e+04
1.441e-01 2.295e+04
1.459e-01 2.289e+04
1.478e-01 2.251e+04
1.461e-01 2.280e+04
1.458e-01 2.288e+04
1.473e-01 2.261e+04
1.472e-01 2.264e+04
1.439e-01 2.314e+04
1.480e-01 2.250e+04
1.468e-01 2.268e+04
1.449e-01 2.295e+04
1.465e-01 2.268e+04
1.434e-01 2.316e+04
1.451e-01 2.288e+04
1.487e-01 2.252e+04
1.449e-01 2.286e+04
1.450e-01 2.277e+04
1.478e-01 2.248e+04
1.443e-01 2.294e+04
1.440e-01 2.319e+04
1.447e-01 2.304e+04
1.472e-01 2.265e+04
1.459e-01 2.283e+04
1.463e-01 2.279e+04
1.467e-01 2.258e+04
1.475e-01 2.259e+04
1.455e-01 2.292e+04
1.464e-01 2.290e+04
1.455e-01 2.297e+04
1.486e-01 2.261e+04
1.514e-01 2.236e+04
1.474e-01 2.273e+04
1.467e-01 2.275e+04
1.472e-01 2.255e+04
1.460e-01 2.282e+04
1.459e-01 2.284e+04
1.482e-01 2.254e+04
1.443e-01 2.294e+04
1.480e-01 2.251e+04
1.456e-01 2.274e+04
1.453e-01 2.280e+04
1.445e-01 2.290e+04
1.468e-01 2.268e+04
1.441e-01 2.296e+04
1.455e-01 2.294e+04
1.467e-01 2.276e+04
1.446e-01 2.297e+04
1.467e-01 2.273e+04
1.443e-01 2.294e+04
1.451e-01 2.291e+04
1.494e-01 2.243e+04
1.458e-01 2.293e+04
1.459e-01 2.273e+04
1.439e-01 2.301e+04
1.434e-01 2.315e+04
1.462e-01 2.285e+04
1.450e-01 2.281e+04
1.450e-01 2.299e+04
1.439e-01 2.300e+04
1.465e-01 2.279e+04
1.457e-01 2.276e+04
1.437e-01 2.312e+04
1.460e-01 2.280e+04
1.434e-01 2.319e+04
1.456e-01 2.271e+04
1.474e-01 2.262e+04
1.471e-01 2.266e+04
1.458e-01 2.264e+04
1.461e-01 2.272e+04
1.453e-01 2.288e+04
1.436e-01 2.301e+04
1.452e-01 2.291e+04
1.468e-01 2.266e+04
1.477e-01 2.254e+04
1.455e-01 2.271e+04
1.464e-01 2.264e+04
1.455e-01 2.285e+04
1.474e-01 2.257e+04
1.474e-01 2.260e+04
1.450e-01 2.305e+04
1.460e-01 2.269e+04
1.486e-01 2.256e+04
1.464e-01 2.255e+04
1.461e-01 2.283e+04
1.436e-01 2.320e+04
1.453e-01 2.288e+04
1.465e-01 2.272e+04
1.455e-01 2.266e+04
1.464e-01 2.277e+04
1.441e-01 2.305e+04
1.464e-01 2.263e+04
1.428e-01 2.328e+04
1.471e-01 2.268e+04
1.455e-01 2.287e+04
1.472e-01 2.272e+04
1.478e-01 2.248e+04
1.468e-01 2.271e+04
1.460e-01 2.287e+04
1.442e-01 2.291e+04
1.445e-01 2.301e+04
1.464e-01 2.266e+04
1.475e-01 2.262e+04
1.482e-01 2.257e+04
1.475e-01 2.248e+04
1.480e-01 2.251e+04
1.466e-01 2.282e+04
1.466e-01 2.276e+04
1.437e-01 2.312e+04
1.479e-01 2.256e+04
1.459e-01 2.287e+04
1.475e-01 2.246e+04
1.469e-01 2.269e+04
1.483e-01 2.259e+04
1.456e-01 2.291e+04
1.449e-01 2.292e+04
1.449e-01 2.288e+04
1.464e-01 2.271e+04
1.448e-01 2.279e+04
1.463e-01 2.280e+04
1.483e-01 2.246e+04
1.481e-01 2.261e+04
1.461e-01 2.277e+04
1.451e-01 2.289e+04
1.447e-01 2.285e+04
1.451e-01 2.284e+04
1.458e-01 2.276e+04
1.436e-01 2.312e+04
1.478e-01 2.252e+04
1.459e-01 2.276e+04
1.468e-01 2.271e+04
1.469e-01 2.267e+04
1.447e-01 2.292e+04
1.460e-01 2.275e+04
1.481e-01 2.254e+04
1.470e-01 2.252e+04
1.489e-01 2.240e+04
1.471e-01 2.263e+04
1.461e-01 2.288e+04
1.465e-01 2.275e+04
1.465e-01 2.275e+04
1.435e-01 2.311e+04
1.457e-01 2.285e+04
1.494e-01 2.233e+04
1.449e-01 2.299e+04
1.478e-01 2.270e+04
1.485e-01 2.239e+04
1.437e-01 2.291e+04
1.484e-01 2.257e+04
1.476e-01 2.250e+04
1.436e-01 2.298e+04
1.455e-01 2.281e+04
1.475e-01 2.261e+04
1.455e-01 2.284e+04
1.454e-01 2.282e+04
1.470e-01 2.265e+04
1.474e-01 2.262e+04
1.479e-01 2.262e+04
1.450e-01 2.295e+04
1.446e-01 2.279e+04
1.476e-01 2.256e+04
1.462e-01 2.273e+04
1.468e-01 2.256e+04
1.490e-01 2.244e+04
1.478e-01 2.258e+04
1.468e-01 2.266e+04
1.456e-01 2.273e+04
1.469e-01 2.264e+04
1.470e-01 2.268e+04
1.467e-01 2.275e+04
1.424e-01 2.320e+04
1.449e-01 2.298e+04
1.469e-01 2.265e+04
1.469e-01 2.259e+04
1.468e-01 2.269e+04
1.469e-01 2.270e+04
1.477e-01 2.261e+04
1.445e-01 2.286e+04
1.429e-01 2.309e+04
1.459e-01 2.280e+04
1.469e-01 2.270e+04
1.462e-01 2.277e+04
1.470e-01 2.258e+04
1.443e-01 2.292e+04
1.439e-01 2.310e+04
1.468e-01 2.265e+04
1.464e-01 2.283e+04
1.479e-01 2.249e+04
1.464e-01 2.283e+04
1.429e-01 2.310e+04
1.464e-01 2.280e+04
1.461e-01 2.282e+04
1.463e-01 2.276e+04
1.475e-01 2.262e+04
1.445e-01 2.298e+04
1.450e-01 2.284e+04
1.461e-01 2.266e+04
1.460e-01 2.284e+04
1.464e-01 2.272e+04
1.471e-01 2.282e+04
1.440e-01 2.290e+04
1.478e-01 2.250e+04
1.479e-01 2.257e+04
1.456e-01 2.274e+04
1.443e-01 2.289e+04
1.461e-01 2.276e+04
1.453e-01 2.276e+04
1.432e-01 2.302e+04
1.436e-01 2.311e+04
1.467e-01 2.271e+04
1.478e-01 2.250e+04
1.476e-01 2.254e+04
1.462e-01 2.280e+04
1.469e-01 2.269e+04
1.438e-01 2.303e+04
1.454e-01 2.278e+04
1.477e-01 2.252e+04
1.448e-01 2.294e+04
1.449e-01 2.297e+04
1.468e-01 2.255e+04
1.454e-01 2.280e+04
1.468e-01 2.273e+04
1.461e-01 2.280e+04
1.457e-01 2.283e+04
1.436e-01 2.309e+04
1.485e-01 2.258e+04
1.459e-01 2.269e+04
1.480e-01 2.253e+04
1.461e-01 2.278e+04
1.459e-01 2.276e+04
1.480e-01 2.254e+04
1.456e-01 2.271e+04
1.516e-01 2.222e+04
1.472e-01 2.253e+04
1.467e-01 2.265e+04
1.476e-01 2.264e+04
1.454e-01 2.271e+04
1.450e-01 2.279e+04
1.433e-01 2.313e+04
1.468e-01 2.262e+04
1.450e-01 2.296e+04
1.450e-01 2.297e+04
1.445e-01 2.302e+04
1.468e-01 2.270e+04
1.472e-01 2.253e+04
1.454e-01 2.289e+04
1.489e-01 2.236e+04
1.470e-01 2.260e+04
1.449e-01 2.290e+04
1.467e-01 2.263e+04
1.466e-01 2.268e+04
1.441e-01 2.304e+04
1.470e-01 2.267e+04
1.451e-01 2.290e+04
1.449e-01 2.273e+04
1.465e-01 2.277e+04
1.484e-01 2.249e+04
1.421e-01 2.337e+04
1.468e-01 2.271e+04
1.459e-01 2.269e+04
1.469e-01 2.264e+04
1.470e-01 2.273e+04
1.444e-01 2.295e+04
1.447e-01 2.292e+04
1.471e-01 2.263e+04
1.491e-01 2.233e+04
1.484e-01 2.249e+04
1.456e-01 2.284e+04
1.441e-01 2.297e+04
1.463e-01 2.269e+04
1.452e-01 2.295e+04
1.467e-01 2.278e+04
1.466e-01 2.274e+04
1.463e-01 2.275e+04
1.426e-01 2.326e+04
1.469e-01 2.263e+04
1.432e-01 2.312e+04
1.443e-01 2.305e+04
1.435e-01 2.307e+04
1.441e-01 2.304e+04
1.445e-01 2.302e+04
1.492e-01 2.239e+04
1.464e-01 2.270e+04
1.498e-01 2.233e+04
1.461e-01 2.277e+04
1.508e-01 2.213e+04
1.476e-01 2.257e+04
1.461e-01 2.262e+04
1.435e-01 2.310e+04
1.471e-01 2.272e+04
1.466e-01 2.269e+04
1.478e-01 2.253e+04
1.438e-01 2.304e+04
1.480e-01 2.259e+04
1.461e-01 2.274e+04
1.471e-01 2.274e+04
1.468e-01 2.278e+04
1.440e-01 2.307e+04
1.459e-01 2.277e+04
1.455e-01 2.283e+04
1.421e-01 2.316e+04
1.441e-01 2.300e+04
1.450e-01 2.291e+04
1.464e-01 2.265e+04
1.449e-01 2.290e+04
1.471e-01 2.271e+04
1.436e-01 2.305e+04
1.448e-01 2.294e+04
1.465e-01 2.259e+04
1.482e-01 2.235e+04
1.460e-01 2.271e+04
1.465e-01 2.257e+04
1.476e-01 2.239e+04
1.460e-01 2.272e+04
1.476e-01 2.266e+04
1.462e-01 2.276e+04
1.484e-01 2.242e+04
1.431e-01 2.318e+04
1.477e-01 2.255e+04
1.463e-01 2.286e+04
1.434e-01 2.307e+04
1.460e-01 2.276e+04
1.452e-01 2.273e+04
1.467e-01 2.267e+04
1.468e-01 2.272e+04
1.465e-01 2.275e+04
1.437e-01 2.304e+04
1.448e-01 2.276e+04
1.456e-01 2.284e+04
1.451e-01 2.284e+04
1.469e-01 2.257e+04
1.463e-01 2.282e+04
1.463e-01 2.270e+04
1.449e-01 2.284e+04
1.469e-01 2.263e+04
1.491e-01 2.239e+04
1.458e-01 2.280e+04
1.475e-01 2.264e+04
1.453e-01 2.275e+04
1.447e-01 2.286e+04
1.483e-01 2.254e+04
1.474e-01 2.250e+04
1.467e-01 2.270e+04
1.482e-01 2.252e+04
1.458e-01 2.279e+04
1.485e-01 2.248e+04
1.490e-01 2.238e+04
1.460e-01 2.274e+04
1.486e-01 2.245e+04
1.498e-01 2.235e+04
1.462e-01 2.280e+04
1.435e-01 2.299e+04
1.473e-01 2.258e+04
1.443e-01 2.288e+04
1.474e-01 2.276e+04
1.456e-01 2.273e+04
1.480e-01 2.263e+04
1.455e-01 2.272e+04
1.485e-01 2.253e+04
1.447e-01 2.296e+04
1.456e-01 2.294e+04
1.484e-01 2.253e+04
1.461e-01 2.273e+04
1.450e-01 2.282e+04
1.487e-01 2.252e+04
1.451e-01 2.296e+04
1.452e-01 2.289e+04
1.490e-01 2.229e+04
1.458e-01 2.287e+04
1.463e-01 2.289e+04
1.481e-01 2.256e+04
1.454e-01 2.276e+04
1.470e-01 2.270e+04
1.466e-01 2.267e+04
1.461e-01 2.281e+04
1.472e-01 2.267e+04
1.468e-01 2.270e+04
1.474e-01 2.265e+04
1.453e-01 2.288e+04
1.454e-01 2.292e+04
1.459e-01 2.282e+04
1.480e-01 2.253e+04
1.476e-01 2.246e+04
1.462e-01 2.279e+04
1.476e-01 2.271e+04
1.432e-01 2.322e+04
1.470e-01 2.259e+04
1.467e-01 2.267e+04
1.482e-01 2.254e+04
1.462e-01 2.271e+04
1.450e-01 2.276e+04
1.459e-01 2.275e+04
1.443e-01 2.285e+04
1.471e-01 2.272e+04
1.447e-01 2.300e+04
1.449e-01 2.285e+04
1.456e-01 2.300e+04
1.441e-01 2.299e+04
1.433e-01 2.310e+04
1.479e-01 2.241e+04
1.474e-01 2.264e+04
1.451e-01 2.281e+04
1.461e-01 2.274e+04
1.477e-01 2.255e+04
1.442e-01 2.301e+04
1.469e-01 2.281e+04
1.497e-01 2.228e+04
1.448e-01 2.298e+04
1.476e-01 2.269e+04
1.447e-01 2.300e+04
1.477e-01 2.272e+04
1.458e-01 2.277e+04
1.479e-01 2.265e+04
1.473e-01 2.275e+04
1.438e-01 2.303e+04
1.467e-01 2.272e+04
1.469e-01 2.271e+04
1.439e-01 2.308e+04
1.469e-01 2.279e+04
1.470e-01 2.261e+04
1.455e-01 2.286e+04
1.468e-01 2.276e+04
1.456e-01 2.295e+04
1.473e-01 2.253e+04
1.479e-01 2.261e+04
1.452e-01 2.291e+04
1.454e-01 2.289e+04
1.462e-01 2.281e+04
1.503e-01 2.244e+04
1.476e-01 2.261e+04
1.469e-01 2.277e+04
1.471e-01 2.245e+04
1.467e-01 2.274e+04
1.455e-01 2.284e+04
1.461e-01 2.276e+04
1.456e-01 2.277e+04
1.471e-01 2.266e+04
1.435e-01 2.308e+04
1.441e-01 2.305e+04
1.461e-01 2.284e+04
1.448e-01 2.282e+04
1.458e-01 2.283e+04
1.429e-01 2.317e+04
1.459e-01 2.269e+04
1.467e-01 2.271e+04
1.482e-01 2.249e+04
1.443e-01 2.299e+04
1.469e-01 2.261e+04
1.471e-01 2.258e+04
1.481e-01 2.255e+04
1.457e-01 2.283e+04
1.471e-01 2.274e+04
1.492e-01 2.235e+04
1.461e-01 2.295e+04
1.462e-01 2.274e+04
1.466e-01 2.268e+04
1.456e-01 2.277e+04
1.467e-01 2.264e+04
1.473e-01 2.267e+04
1.455e-01 2.285e+04
1.481e-01 2.258e+04
1.431e-01 2.320e+04
1.452e-01 2.292e+04
1.477e-01 2.259e+04
1.470e-01 2.260e+04
1.449e-01 2.276e+04
1.469e-01 2.263e+04
1.449e-01 2.295e+04
1.442e-01 2.294e+04
1.439e-01 2.297e+04
1.449e-01 2.296e+04
1.453e-01 2.288e+04
1.446e-01 2.296e+04
1.474e-01 2.269e+04
1.429e-01 2.321e+04
1.468e-01 2.259e+04
1.468e-01 2.269e+04
1.460e-01 2.266e+04
1.459e-01 2.268e+04
1.452e-01 2.281e+04
1.463e-01 2.275e+04
1.455e-01 2.284e+04
1.470e-01 2.268e+04
1.475e-01 2.269e+04
1.457e-01 2.274e+04
1.457e-01 2.277e+04
1.470e-01 2.267e+04
1.468e-01 2.261e+04
1.466e-01 2.288e+04
1.465e-01 2.266e+04
1.472e-01 2.253e+04
1.461e-01 2.279e+04
1.468e-01 2.253e+04
1.445e-01 2.273e+04
1.456e-01 2.290e+04
1.449e-01 2.284e+04
1.454e-01 2.274e+04
1.432e-01 2.321e+04
1.496e-01 2.233e+04
1.457e-01 2.268e+04
1.473e-01 2.270e+04
1.444e-01 2.300e+04
1.476e-01 2.260e+04
1.480e-01 2.255e+04
1.442e-01 2.283e+04
1.456e-01 2.273e+04
1.429e-01 2.310e+04
1.466e-01 2.281e+04
1.472e-01 2.275e+04
1.454e-01 2.284e+04
1.436e-01 2.295e+04
1.466e-01 2.260e+04
1.464e-01 2.272e+04
1.440e-01 2.305e+04
1.469e-01 2.261e+04
1.436e-01 2.307e+04
1.453e-01 2.281e+04
1.458e-01 2.280e+04
1.444e-01 2.301e+04
1.488e-01 2.243e+04
1.446e-01 2.294e+04
1.458e-01 2.275e+04
1.463e-01 2.282e+04
1.479e-01 2.262e+04
1.462e-01 2.277e+04
1.456e-01 2.280e+04
1.464e-01 2.272e+04
1.455e-01 2.290e+04
1.461e-01 2.281e+04
1.483e-01 2.253e+04
1.456e-01 2.300e+04
1.455e-01 2.283e+04
1.440e-01 2.308e+04
1.456e-01 2.278e+04
1.458e-01 2.277e+04
1.470e-01 2.254e+04
1.447e-01 2.307e+04
1.464e-01 2.289e+04
1.482e-01 2.256e+04
1.465e-01 2.277e+04
1.474e-01 2.269e+04
1.457e-01 2.284e+04
1.469e-01 2.264e+04
1.445e-01 2.302e+04
1.455e-01 2.274e+04
1.481e-01 2.245e+04
1.465e-01 2.274e+04
1.478e-01 2.252e+04
1.476e-01 2.255e+04
1.490e-01 2.238e+04
1.453e-01 2.298e+04
1.471e-01 2.258e+04
1.464e-01 2.274e+04
1.462e-01 2.278e+04
1.466e-01 2.265e+04
1.470e-01 2.268e+04
1.463e-01 2.279e+04
1.464e-01 2.272e+04
1.465e-01 2.272e+04
1.483e-01 2.248e+04
1.474e-01 2.266e+04
1.480e-01 2.252e+04
1.418e-01 2.344e+04
1.452e-01 2.282e+04
1.455e-01 2.278e+04
1.467e-01 2.278e+04
1.456e-01 2.283e+04
1.448e-01 2.294e+04
1.479e-01 2.253e+04
1.483e-01 2.252e+04
1.447e-01 2.285e+04
1.468e-01 2.283e+04
1.447e-01 2.308e+04
1.475e-01 2.254e+04
1.467e-01 2.276e+04
1.463e-01 2.269e+04
1.441e-01 2.292e+04
1.439e-01 2.299e+04
1.470e-01 2.264e+04
1.462e-01 2.282e+04
1.459e-01 2.280e+04
1.451e-01 2.276e+04
1.463e-01 2.274e+04
1.465e-01 2.274e+04
1.463e-01 2.277e+04
1.441e-01 2.303e+04
1.488e-01 2.262e+04
1.463e-01 2.265e+04
1.455e-01 2.300e+04
1.453e-01 2.290e+04
1.471e-01 2.257e+04
1.454e-01 2.290e+04
1.466e-01 2.271e+04
1.454e-01 2.280e+04
1.488e-01 2.242e+04
1.464e-01 2.272e+04
1.499e-01 2.229e+04
1.469e-01 2.277e+04
1.478e-01 2.260e+04
1.443e-01 2.300e+04
1.464e-01 2.264e+04
1.442e-01 2.297e+04
1.462e-01 2.270e+04
1.466e-01 2.270e+04
1.465e-01 2.265e+04
1.453e-01 2.285e+04
1.478e-01 2.259e+04
1.470e-01 2.261e+04
1.455e-01 2.285e+04
1.493e-01 2.230e+04
1.438e-01 2.296e+04
1.465e-01 2.268e+04
1.497e-01 2.243e+04
1.446e-01 2.296e+04
1.469e-01 2.269e+04
1.441e-01 2.289e+04
1.470e-01 2.283e+04
1.469e-01 2.267e+04
1.431e-01 2.317e+04
1.473e-01 2.265e+04
1.434e-01 2.307e+04
1.473e-01 2.266e+04
1.480e-01 2.251e+04
1.472e-01 2.272e+04
1.468e-01 2.273e+04
1.474e-01 2.254e+04
1.461e-01 2.266e+04
1.478e-01 2.248e+04
1.438e-01 2.308e+04
1.454e-01 2.270e+04
1.451e-01 2.276e+04
1.443e-01 2.303e+04
1.449e-01 2.310e+04
1.464e-01 2.267e+04
1.485e-01 2.230e+04
1.481e-01 2.241e+04
1.478e-01 2.255e+04
1.480e-01 2.262e+04
1.434e-01 2.303e+04
1.472e-01 2.276e+04
1.459e-01 2.271e+04
1.454e-01 2.293e+04
1.453e-01 2.297e+04
1.454e-01 2.279e+04
1.455e-01 2.289e+04
1.450e-01 2.285e+04
1.476e-01 2.260e+04
1.477e-01 2.263e+04
1.458e-01 2.277e+04
1.471e-01 2.262e+04
1.462e-01 2.265e+04
1.442e-01 2.310e+04
1.467e-01 2.275e+04
1.457e-01 2.291e+04
1.444e-01 2.272e+04
1.481e-01 2.245e+04
1.486e-01 2.239e+04
1.471e-01 2.273e+04
1.478e-01 2.254e+04
1.433e-01 2.311e+04
1.439e-01 2.302e+04
1.462e-01 2.276e+04
1.457e-01 2.278e+04
1.474e-01 2.249e+04
1.470e-01 2.261e+04
1.450e-01 2.292e+04
1.458e-01 2.284e+04
1.476e-01 2.257e+04
1.485e-01 2.243e+04
1.468e-01 2.257e+04
1.435e-01 2.301e+04
1.485e-01 2.253e+04
1.482e-01 2.255e+04
1.448e-01 2.291e+04
1.479e-01 2.250e+04
1.449e-01 2.293e+04
1.449e-01 2.295e+04
1.469e-01 2.269e+04
1.448e-01 2.286e+04
1.474e-01 2.259e+04
1.449e-01 2.289e+04
1.463e-01 2.276e+04
1.478e-01 2.263e+04
1.456e-01 2.279e+04
1.472e-01 2.259e+04
1.476e-01 2.256e+04
1.459e-01 2.277e+04
1.457e-01 2.285e+04
1.460e-01 2.273e+04
1.445e-01 2.284e+04
1.457e-01 2.274e+04
1.464e-01 2.279e+04
1.439e-01 2.288e+04
1.462e-01 2.277e+04
1.467e-01 2.280e+04
1.470e-01 2.272e+04
1.469e-01 2.265e+04
1.471e-01 2.258e+04
1.487e-01 2.237e+04
1.473e-01 2.257e+04
1.452e-01 2.290e+04
1.461e-01 2.270e+04
1.478e-01 2.254e+04
1.489e-01 2.231e+04
1.458e-01 2.279e+04
1.465e-01 2.259e+04
1.441e-01 2.306e+04
1.484e-01 2.264e+04
1.478e-01 2.254e+04
1.480e-01 2.276e+04
1.439e-01 2.309e+04
1.455e-01 2.285e+04
1.483e-01 2.248e+04
1.475e-01 2.262e+04
1.478e-01 2.260e+04
1.451e-01 2.286e+04
1.490e-01 2.249e+04
1.474e-01 2.261e+04
1.465e-01 2.269e+04
1.447e-01 2.293e+04
1.437e-01 2.296e+04
1.470e-01 2.255e+04
1.457e-01 2.275e+04
1.467e-01 2.282e+04
1.461e-01 2.276e+04
1.459e-01 2.285e+04
1.462e-01 2.267e+04
1.455e-01 2.280e+04
1.427e-01 2.313e+04
1.439e-01 2.299e+04
1.512e-01 2.223e+04
1.444e-01 2.301e+04
1.483e-01 2.256e+04
1.449e-01 2.280e+04
1.465e-01 2.279e+04
1.499e-01 2.232e+04
1.480e-01 2.266e+04
1.458e-01 2.280e+04
1.450e-01 2.280e+04
1.452e-01 2.274e+04
1.449e-01 2.283e+04
1.481e-01 2.253e+04
1.469e-01 2.275e+04
1.487e-01 2.240e+04
1.455e-01 2.281e+04
1.484e-01 2.252e+04
1.457e-01 2.279e+04
1.432e-01 2.310e+04
1.478e-01 2.250e+04
1.477e-01 2.265e+04
1.479e-01 2.266e+04
1.497e-01 2.225e+04
1.456e-01 2.281e+04
1.469e-01 2.272e+04
1.468e-01 2.272e+04
1.428e-01 2.336e+04
1.467e-01 2.272e+04
1.493e-01 2.243e+04
1.470e-01 2.266e+04
1.473e-01 2.265e+04
1.476e-01 2.258e+04
1.486e-01 2.246e+04
1.457e-01 2.276e+04
1.443e-01 2.300e+04
1.461e-01 2.269e+04
1.497e-01 2.238e+04
1.443e-01 2.314e+04
1.456e-01 2.278e+04
1.460e-01 2.288e+04
1.458e-01 2.272e+04
1.448e-01 2.287e+04
1.447e-01 2.281e+04
1.472e-01 2.263e+04
1.458e-01 2.287e+04
1.481e-01 2.261e+04
1.462e-01 2.283e+04
1.502e-01 2.235e+04
1.465e-01 2.283e+04
1.446e-01 2.296e+04
1.461e-01 2.280e+04
1.456e-01 2.277e+04
1.465e-01 2.263e+04
1.455e-01 2.279e+04
1.457e-01 2.281e+04
1.426e-01 2.318e+04
1.466e-01 2.269e+04
1.456e-01 2.293e+04
1.455e-01 2.292e+04
1.476e-01 2.271e+04
1.479e-01 2.260e+04
1.477e-01 2.260e+04
1.469e-01 2.265e+04
1.469e-01 2.273e+04
1.477e-01 2.256e+04
1.463e-01 2.281e+04
1.472e-01 2.268e+04
1.463e-01 2.269e+04
1.441e-01 2.307e+04
1.476e-01 2.254e+04
1.454e-01 2.297e+04
1.423e-01 2.325e+04
1.456e-01 2.268e+04
1.464e-01 2.264e+04
1.463e-01 2.283e+04
1.480e-01 2.251e+04
1.451e-01 2.281e+04
1.449e-01 2.283e+04
1.468e-01 2.270e+04
1.487e-01 2.256e+04
1.432e-01 2.302e+04
1.465e-01 2.271e+04
1.466e-01 2.272e+04
1.466e-01 2.266e+04
1.459e-01 2.270e+04
1.471e-01 2.260e+04
1.466e-01 2.268e+04
1.463e-01 2.274e+04
1.456e-01 2.272e+04
1.435e-01 2.310e+04
1.510e-01 2.218e+04
1.464e-01 2.279e+04
1.452e-01 2.288e+04
1.473e-01 2.266e+04
1.465e-01 2.249e+04
1.457e-01 2.279e+04
1.478e-01 2.249e+04
1.444e-01 2.300e+04
1.481e-01 2.245e+04
1.470e-01 2.259e+04
1.453e-01 2.277e+04
1.456e-01 2.296e+04
1.496e-01 2.236e+04
1.497e-01 2.235e+04
1.463e-01 2.270e+04
1.449e-01 2.288e+04
1.473e-01 2.256e+04
1.475e-01 2.245e+04
1.481e-01 2.243e+04
1.481e-01 2.258e+04
1.438e-01 2.305e+04
1.460e-01 2.275e+04
1.495e-01 2.225e+04
1.454e-01 2.269e+04
1.465e-01 2.276e+04
1.444e-01 2.307e+04
1.467e-01 2.271e+04
1.493e-01 2.269e+04
1.438e-01 2.290e+04
1.457e-01 2.285e+04
1.460e-01 2.283e+04
1.477e-01 2.261e+04
1.478e-01 2.269e+04
1.483e-01 2.244e+04
1.496e-01 2.239e+04
1.455e-01 2.283e+04
1.446e-01 2.300e+04
1.469e-01 2.273e+04
1.488e-01 2.248e+04
1.472e-01 2.265e+04
1.442e-01 2.304e+04
1.464e-01 2.289e+04
1.476e-01 2.261e+04
1.455e-01 2.293e+04
1.494e-01 2.240e+04
1.474e-01 2.259e+04
1.488e-01 2.237e+04
1.481e-01 2.245e+04
1.451e-01 2.282e+04
1.440e-01 2.311e+04
1.475e-01 2.250e+04
1.450e-01 2.297e+04
1.472e-01 2.272e+04
1.444e-01 2.290e+04
1.470e-01 2.270e+04
1.466e-01 2.276e+04
1.443e-01 2.290e+04
1.467e-01 2.264e+04
1.474e-01 2.267e+04
1.465e-01 2.278e+04
1.459e-01 2.277e+04
1.460e-01 2.280e+04
1.458e-01 2.279e+04
1.466e-01 2.266e+04
1.465e-01 2.271e+04
1.456e-01 2.291e+04
1.472e-01 2.258e+04
1.446e-01 2.297e+04
1.472e-01 2.275e+04
1.443e-01 2.306e+04
1.458e-01 2.287e+04
1.486e-01 2.242e+04
1.437e-01 2.311e+04
1.464e-01 2.281e+04
1.442e-01 2.293e+04
1.434e-01 2.316e+04
1.452e-01 2.302e+04
1.479e-01 2.258e+04
1.488e-01 2.244e+04
1.468e-01 2.264e+04
1.458e-01 2.278e+04
1.444e-01 2.310e+04
1.440e-01 2.302e+04
1.490e-01 2.230e+04
1.457e-01 2.276e+04
1.462e-01 2.275e+04
1.460e-01 2.287e+04
1.463e-01 2.275e+04
1.460e-01 2.274e+04
1.459e-01 2.269e+04
1.470e-01 2.269e+04
1.468e-01 2.270e+04
1.481e-01 2.254e+04
1.471e-01 2.270e+04
1.465e-01 2.261e+04
1.461e-01 2.265e+04
1.442e-01 2.298e+04
1.460e-01 2.283e+04
1.494e-01 2.231e+04
1.469e-01 2.271e+04
1.461e-01 2.276e+04
1.497e-01 2.227e+04
1.483e-01 2.246e+04
1.460e-01 2.280e+04
1.481e-01 2.260e+04
1.446e-01 2.288e+04
1.463e-01 2.244e+04
1.451e-01 2.291e+04
1.459e-01 2.292e+04
1.453e-01 2.299e+04
1.502e-01 2.230e+04
1.452e-01 2.291e+04
1.469e-01 2.264e+04
1.440e-01 2.299e+04
1.443e-01 2.315e+04
1.455e-01 2.273e+04
1.472e-01 2.269e+04
1.442e-01 2.288e+04
1.438e-01 2.310e+04
1.462e-01 2.268e+04
1.458e-01 2.275e+04
1.455e-01 2.287e+04
1.454e-01 2.280e+04
1.461e-01 2.284e+04
1.475e-01 2.254e+04
1.454e-01 2.291e+04
1.444e-01 2.285e+04
1.484e-01 2.253e+04
1.451e-01 2.303e+04
1.477e-01 2.265e+04
1.443e-01 2.292e+04
1.492e-01 2.248e+04
1.479e-01 2.256e+04
1.487e-01 2.243e+04
1.481e-01 2.254e+04
1.426e-01 2.336e+04
1.468e-01 2.263e+04
1.465e-01 2.262e+04
1.468e-01 2.261e+04
1.456e-01 2.281e+04
1.482e-01 2.252e+04
1.495e-01 2.249e+04
1.431e-01 2.318e+04
1.454e-01 2.269e+04
1.490e-01 2.242e+04
1.461e-01 2.278e+04
1.459e-01 2.290e+04
1.430e-01 2.315e+04
1.464e-01 2.273e+04
1.479e-01 2.259e+04
1.447e-01 2.312e+04
1.466e-01 2.274e+04
1.479e-01 2.252e+04
1.469e-01 2.273e+04
1.460e-01 2.284e+04
1.463e-01 2.262e+04
1.486e-01 2.252e+04
1.491e-01 2.251e+04
1.464e-01 2.258e+04
1.465e-01 2.267e+04
1.470e-01 2.263e+04
1.467e-01 2.263e+04
1.458e-01 2.276e+04
1.469e-01 2.267e+04
1.485e-01 2.249e+04
1.468e-01 2.266e+04
1.419e-01 2.319e+04
1.477e-01 2.259e+04
1.456e-01 2.280e+04
1.452e-01 2.290e+04
1.465e-01 2.262e+04
1.455e-01 2.260e+04
1.466e-01 2.265e+04
1.447e-01 2.297e+04
1.466e-01 2.268e+04
1.452e-01 2.285e+04
1.476e-01 2.277e+04
1.462e-01 2.282e+04
1.482e-01 2.256e+04
1.484e-01 2.243e+04
1.451e-01 2.279e+04
1.476e-01 2.258e+04
1.456e-01 2.285e+04
1.438e-01 2.299e+04
1.484e-01 2.239e+04
1.459e-01 2.272e+04
1.435e-01 2.305e+04
1.470e-01 2.280e+04
1.461e-01 2.268e+04
1.468e-01 2.266e+04
1.486e-01 2.251e+04
1.462e-01 2.295e+04
1.474e-01 2.259e+04
1.465e-01 2.271e+04
1.472e-01 2.260e+04
1.455e-01 2.276e+04
1.469e-01 2.259e+04
1.482e-01 2.246e+04
1.476e-01 2.246e+04
1.465e-01 2.269e+04
1.459e-01 2.294e+04
1.460e-01 2.272e+04
1.447e-01 2.284e+04
1.481e-01 2.253e+04
1.482e-01 2.255e+04
1.481e-01 2.243e+04
1.473e-01 2.260e+04
1.487e-01 2.252e+04
1.478e-01 2.258e+04
1.444e-01 2.301e+04
1.474e-01 2.268e+04
1.459e-01 2.270e+04
1.452e-01 2.275e+04
1.482e-01 2.252e+04
1.445e-01 2.291e+04
1.494e-01 2.237e+04
1.477e-01 2.254e+04
1.465e-01 2.275e+04
1.457e-01 2.270e+04
1.470e-01 2.253e+04
1.462e-01 2.268e+04
1.434e-01 2.309e+04
1.446e-01 2.300e+04
1.470e-01 2.262e+04
1.452e-01 2.275e+04
1.498e-01 2.235e+04
1.475e-01 2.255e+04
1.441e-01 2.293e+04
1.433e-01 2.315e+04
1.475e-01 2.248e+04
1.447e-01 2.290e+04
1.455e-01 2.278e+04
1.459e-01 2.266e+04
1.448e-01 2.287e+04
1.461e-01 2.271e+04
1.468e-01 2.254e+04
1.479e-01 2.247e+04
1.463e-01 2.268e+04
1.448e-01 2.302e+04
1.456e-01 2.286e+04
1.472e-01 2.272e+04
1.455e-01 2.291e+04
1.466e-01 2.266e+04
1.450e-01 2.268e+04
1.440e-01 2.309e+04
1.462e-01 2.282e+04
1.470e-01 2.267e+04
1.459e-01 2.279e+04
1.456e-01 2.278e+04
1.451e-01 2.298e+04
1.482e-01 2.254e+04
1.453e-01 2.289e+04
1.453e-01 2.279e+04
1.450e-01 2.291e+04
1.473e-01 2.257e+04
1.493e-01 2.230e+04
1.441e-01 2.301e+04
1.492e-01 2.241e+04
1.441e-01 2.298e+04
1.475e-01 2.267e+04
1.468e-01 2.275e+04
1.480e-01 2.249e+04
1.455e-01 2.279e+04
1.455e-01 2.291e+04
1.468e-01 2.275e+04
1.461e-01 2.281e+04
1.494e-01 2.237e+04
1.470e-01 2.262e+04
1.446e-01 2.295e+04
1.467e-01 2.258e+04
1.456e-01 2.280e+04
1.452e-01 2.289e+04
1.448e-01 2.291e+04
1.483e-01 2.245e+04
1.488e-01 2.248e+04
1.461e-01 2.287e+04
1.475e-01 2.249e+04
1.481e-01 2.253e+04
1.469e-01 2.282e+04
1.457e-01 2.276e+04
1.449e-01 2.290e+04
1.460e-01 2.289e+04
1.460e-01 2.273e+04
1.481e-01 2.261e+04
1.505e-01 2.232e+04
1.447e-01 2.292e+04
1.459e-01 2.265e+04
1.459e-01 2.275e+04
1.452e-01 2.292e+04
1.454e-01 2.297e+04
1.443e-01 2.306e+04
1.455e-01 2.291e+04
1.471e-01 2.257e+04
1.468e-01 2.257e+04
1.473e-01 2.270e+04
1.457e-01 2.280e+04
1.457e-01 2.295e+04
1.459e-01 2.280e+04
1.465e-01 2.267e+04
1.459e-01 2.280e+04
1.465e-01 2.280e+04
1.467e-01 2.269e+04
1.466e-01 2.266e+04
1.461e-01 2.277e+04
1.482e-01 2.251e+04
1.473e-01 2.270e+04
1.469e-01 2.274e+04
1.459e-01 2.289e+04
1.460e-01 2.274e+04
1.469e-01 2.255e+04
1.450e-01 2.297e+04
1.471e-01 2.265e+04
1.441e-01 2.302e+04
1.452e-01 2.294e+04
1.475e-01 2.271e+04
1.463e-01 2.276e+04
1.445e-01 2.284e+04
1.441e-01 2.294e+04
1.459e-01 2.281e+04
1.457e-01 2.286e+04
1.439e-01 2.293e+04
1.453e-01 2.269e+04
1.431e-01 2.319e+04
1.452e-01 2.290e+04
1.461e-01 2.273e+04
1.422e-01 2.334e+04
1.468e-01 2.269e+04
1.463e-01 2.266e+04
1.461e-01 2.283e+04
1.417e-01 2.330e+04
1.453e-01 2.292e+04
1.470e-01 2.264e+04
1.472e-01 2.246e+04
1.511e-01 2.224e+04
1.469e-01 2.275e+04
1.473e-01 2.260e+04
1.488e-01 2.239e+04
1.462e-01 2.263e+04
1.443e-01 2.297e+04
1.451e-01 2.284e+04
1.457e-01 2.284e+04
1.468e-01 2.273e+04
1.465e-01 2.276e+04
1.477e-01 2.263e+04
1.482e-01 2.245e+04
1.505e-01 2.236e+04
1.491e-01 2.236e+04
1.457e-01 2.262e+04
1.495e-01 2.240e+04
1.468e-01 2.257e+04
1.457e-01 2.274e+04
1.465e-01 2.260e+04
1.452e-01 2.288e+04
1.468e-01 2.258e+04
1.462e-01 2.281e+04
1.488e-01 2.235e+04
1.465e-01 2.265e+04
1.484e-01 2.248e+04
1.480e-01 2.253e+04
1.466e-01 2.268e+04
1.459e-01 2.280e+04
1.480e-01 2.245e+04
1.457e-01 2.289e+04
1.462e-01 2.271e+04
1.488e-01 2.240e+04
1.489e-01 2.231e+04
1.462e-01 2.279e+04
1.471e-01 2.269e+04
1.468e-01 2.260e+04
1.484e-01 2.254e+04
1.451e-01 2.289e+04
1.454e-01 2.290e+04
1.447e-01 2.290e+04
1.475e-01 2.257e+04
1.470e-01 2.264e+04
1.482e-01 2.263e+04
1.458e-01 2.290e+04
1.478e-01 2.242e+04
1.495e-01 2.237e+04
1.493e-01 2.239e+04
1.445e-01 2.308e+04
1.445e-01 2.297e+04
1.434e-01 2.317e+04
1.427e-01 2.302e+04
1.438e-01 2.304e+04
1.466e-01 2.264e+04
1.439e-01 2.308e+04
1.460e-01 2.269e+04
1.441e-01 2.294e+04
1.470e-01 2.258e+04
1.468e-01 2.260e+04
1.482e-01 2.255e+04
1.436e-01 2.302e+04
1.496e-01 2.240e+04
1.479e-01 2.256e+04
1.479e-01 2.252e+04
1.457e-01 2.278e+04
1.459e-01 2.277e+04
1.480e-01 2.259e+04
1.482e-01 2.242e+04
1.472e-01 2.274e+04
1.467e-01 2.266e+04
1.442e-01 2.312e+04
1.468e-01 2.264e+04
1.435e-01 2.303e+04
1.444e-01 2.301e+04
1.438e-01 2.298e+04
1.477e-01 2.252e+04
1.440e-01 2.301e+04
1.463e-01 2.263e+04
1.460e-01 2.295e+04
1.472e-01 2.283e+04
1.478e-01 2.254e+04
1.470e-01 2.273e+04
1.481e-01 2.259e+04
1.462e-01 2.272e+04
1.487e-01 2.252e+04
1.464e-01 2.273e+04
1.430e-01 2.311e+04
1.474e-01 2.256e+04
1.463e-01 2.281e+04
1.447e-01 2.293e+04
1.469e-01 2.266e+04
1.461e-01 2.265e+04
1.448e-01 2.293e+04
1.462e-01 2.277e+04
1.481e-01 2.245e+04
1.460e-01 2.285e+04
1.494e-01 2.233e+04
1.463e-01 2.265e+04
1.464e-01 2.275e+04
1.482e-01 2.245e+04
1.454e-01 2.281e+04
1.468e-01 2.282e+04
1.437e-01 2.305e+04
1.449e-01 2.292e+04
1.463e-01 2.276e+04
1.456e-01 2.289e+04
1.460e-01 2.285e+04
1.470e-01 2.272e+04
1.452e-01 2.289e+04
1.422e-01 2.324e+04
1.485e-01 2.246e+04
1.489e-01 2.254e+04
1.457e-01 2.298e+04
1.475e-01 2.261e+04
1.467e-01 2.269e+04
1.463e-01 2.273e+04
1.476e-01 2.263e+04
1.430e-01 2.308e+04
1.460e-01 2.267e+04
1.437e-01 2.317e+04
1.457e-01 2.293e+04
1.482e-01 2.256e+04
1.468e-01 2.278e+04
1.451e-01 2.283e+04
1.454e-01 2.291e+04
1.462e-01 2.259e+04
1.444e-01 2.308e+04
1.453e-01 2.283e+04
1.484e-01 2.253e+04
1.475e-01 2.259e+04
1.493e-01 2.248e+04
1.476e-01 2.270e+04
1.449e-01 2.276e+04
1.459e-01 2.282e+04
1.464e-01 2.277e+04
1.456e-01 2.294e+04
1.433e-01 2.317e+04
1.439e-01 2.315e+04
1.464e-01 2.268e+04
1.451e-01 2.292e+04
1.453e-01 2.282e+04
1.463e-01 2.270e+04
1.458e-01 2.270e+04
1.458e-01 2.283e+04
1.441e-01 2.290e+04
1.455e-01 2.263e+04
1.429e-01 2.321e+04
1.424e-01 2.323e+04
1.453e-01 2.296e+04
1.463e-01 2.273e+04
1.482e-01 2.239e+04
1.463e-01 2.261e+04
1.458e-01 2.281e+04
1.458e-01 2.273e+04
1.466e-01 2.267e+04
1.500e-01 2.219e+04
1.474e-01 2.264e+04
1.491e-01 2.232e+04
1.431e-01 2.323e+04
1.470e-01 2.270e+04
1.463e-01 2.281e+04
1.506e-01 2.230e+04
1.485e-01 2.243e+04
1.419e-01 2.324e+04
1.460e-01 2.286e+04
1.443e-01 2.297e+04
1.446e-01 2.282e+04
1.464e-01 2.255e+04
1.457e-01 2.269e+04
1.467e-01 2.275e+04
1.470e-01 2.263e+04
1.458e-01 2.286e+04
1.445e-01 2.300e+04
1.476e-01 2.253e+04
1.452e-01 2.277e+04
1.445e-01 2.304e+04
1.431e-01 2.297e+04
1.461e-01 2.283e+04
1.433e-01 2.308e+04
1.458e-01 2.277e+04
1.467e-01 2.275e+04
1.492e-01 2.246e+04
1.478e-01 2.255e+04
1.479e-01 2.260e+04
1.448e-01 2.282e+04
1.448e-01 2.292e+04
1.452e-01 2.284e+04
1.458e-01 2.263e+04
1.461e-01 2.285e+04
1.465e-01 2.270e+04
1.468e-01 2.271e+04
1.471e-01 2.266e+04
1.448e-01 2.292e+04
1.498e-01 2.241e+04
1.475e-01 2.260e+04
1.457e-01 2.281e+04
1.464e-01 2.283e+04
1.449e-01 2.283e+04
1.434e-01 2.319e+04
1.480e-01 2.268e+04
1.447e-01 2.282e+04
1.466e-01 2.276e+04
1.458e-01 2.269e+04
1.488e-01 2.249e+04
1.477e-01 2.254e+04
1.469e-01 2.268e+04
1.476e-01 2.248e+04
1.476e-01 2.254e+04
1.472e-01 2.270e+04
1.449e-01 2.275e+04
1.450e-01 2.293e+04
1.456e-01 2.282e+04
1.491e-01 2.239e+04
1.464e-01 2.271e+04
1.466e-01 2.264e+04
1.481e-01 2.260e+04
1.422e-01 2.326e+04
1.452e-01 2.299e+04
1.446e-01 2.308e+04
1.464e-01 2.270e+04
1.471e-01 2.281e+04
1.474e-01 2.258e+04
1.440e-01 2.313e+04
1.461e-01 2.267e+04
1.426e-01 2.323e+04
1.462e-01 2.269e+04
1.483e-01 2.265e+04
1.439e-01 2.300e+04
1.470e-01 2.264e+04
1.464e-01 2.269e+04
1.478e-01 2.271e+04
1.477e-01 2.251e+04
1.458e-01 2.272e+04
1.488e-01 2.253e+04
1.475e-01 2.256e+04
1.467e-01 2.275e+04
1.464e-01 2.273e+04
1.457e-01 2.285e+04
1.439e-01 2.311e+04
1.450e-01 2.301e+04
1.456e-01 2.272e+04
1.483e-01 2.258e+04
1.460e-01 2.288e+04
1.438e-01 2.299e+04
1.454e-01 2.277e+04
1.461e-01 2.288e+04
1.437e-01 2.308e+04
1.460e-01 2.274e+04
1.465e-01 2.275e+04
1.470e-01 2.262e+04
1.456e-01 2.277e+04
1.457e-01 2.280e+04
1.475e-01 2.247e+04
1.461e-01 2.286e+04
1.463e-01 2.277e+04
1.439e-01 2.303e+04
1.441e-01 2.303e+04
1.488e-01 2.243e+04
1.476e-01 2.242e+04
1.444e-01 2.296e+04
1.469e-01 2.274e+04
1.471e-01 2.260e+04
1.480e-01 2.248e+04
1.480e-01 2.253e+04
1.476e-01 2.256e+04
1.469e-01 2.258e+04
1.469e-01 2.263e+04
1.486e-01 2.249e+04
1.477e-01 2.265e+04
1.480e-01 2.255e+04
1.496e-01 2.235e+04
1.436e-01 2.308e+04
1.446e-01 2.290e+04
1.476e-01 2.259e+04
1.478e-01 2.263e+04
1.470e-01 2.260e+04
1.487e-01 2.240e+04
1.456e-01 2.273e+04
1.450e-01 2.303e+04
1.454e-01 2.288e+04
1.442e-01 2.300e+04
1.451e-01 2.280e+04
1.461e-01 2.283e+04
1.463e-01 2.268e+04
1.453e-01 2.270e+04
1.485e-01 2.251e+04
1.476e-01 2.253e+04
1.480e-01 2.267e+04
1.455e-01 2.278e+04
1.455e-01 2.281e+04
1.474e-01 2.255e+04
1.471e-01 2.257e+04
1.474e-01 2.262e+04
1.460e-01 2.267e+04
1.459e-01 2.272e+04
1.482e-01 2.254e+04
1.458e-01 2.292e+04
1.462e-01 2.275e+04
1.450e-01 2.284e+04
1.459e-01 2.266e+04
1.458e-01 2.286e+04
1.451e-01 2.283e+04
1.506e-01 2.229e+04
1.468e-01 2.274e+04
1.445e-01 2.294e+04
1.483e-01 2.265e+04
1.477e-01 2.259e+04
1.474e-01 2.269e+04
1.491e-01 2.255e+04
1.470e-01 2.257e+04
1.461e-01 2.275e+04
1.463e-01 2.270e+04
1.480e-01 2.260e+04
1.457e-01 2.270e+04
1.474e-01 2.259e+04
1.448e-01 2.293e+04
1.463e-01 2.267e+04
1.477e-01 2.260e+04
1.448e-01 2.288e+04
1.485e-01 2.256e+04
1.455e-01 2.285e+04
1.430e-01 2.317e+04
1.456e-01 2.272e+04
1.462e-01 2.272e+04
1.468e-01 2.258e+04
1.458e-01 2.277e+04
1.486e-01 2.233e+04
1.458e-01 2.279e+04
1.508e-01 2.212e+04
1.470e-01 2.265e+04
1.471e-01 2.270e+04
1.480e-01 2.244e+04
1.466e-01 2.283e+04
1.436e-01 2.305e+04
1.480e-01 2.253e+04
1.490e-01 2.227e+04
1.481e-01 2.251e+04
1.484e-01 2.250e+04
1.451e-01 2.290e+04
1.468e-01 2.265e+04
1.453e-01 2.299e+04
1.442e-01 2.309e+04
1.449e-01 2.280e+04
1.442e-01 2.291e+04
1.482e-01 2.247e+04
1.476e-01 2.251e+04
1.447e-01 2.292e+04
1.451e-01 2.292e+04
1.455e-01 2.281e+04
1.482e-01 2.249e+04
1.478e-01 2.256e+04
1.455e-01 2.283e+04
1.469e-01 2.278e+04
1.467e-01 2.278e+04
1.464e-01 2.272e+04
1.435e-01 2.302e+04
1.445e-01 2.297e+04
1.459e-01 2.274e+04
1.498e-01 2.243e+04
1.468e-01 2.269e+04
1.463e-01 2.281e+04
1.482e-01 2.254e+04
1.455e-01 2.280e+04
1.459e-01 2.276e+04
1.443e-01 2.294e+04
1.479e-01 2.255e+04
1.454e-01 2.288e+04
1.471e-01 2.263e+04
1.470e-01 2.262e+04
1.436e-01 2.302e+04
1.450e-01 2.285e+04
1.461e-01 2.274e+04
1.438e-01 2.305e+04
1.459e-01 2.278e+04
1.457e-01 2.276e+04
1.464e-01 2.273e+04
1.463e-01 2.275e+04
1.445e-01 2.302e+04
1.467e-01 2.271e+04
1.500e-01 2.229e+04
1.455e-01 2.286e+04
1.458e-01 2.277e+04
1.456e-01 2.274e+04
1.453e-01 2.288e+04
1.461e-01 2.276e+04
1.471e-01 2.261e+04
1.472e-01 2.250e+04
1.476e-01 2.248e+04
1.466e-01 2.275e+04
1.479e-01 2.253e+04
1.467e-01 2.264e+04
1.468e-01 2.270e+04
1.451e-01 2.291e+04
1.484e-01 2.241e+04
1.451e-01 2.289e+04
1.458e-01 2.290e+04
1.473e-01 2.271e+04
1.453e-01 2.276e+04
1.441e-01 2.294e+04
1.452e-01 2.291e+04
1.458e-01 2.272e+04
1.477e-01 2.250e+04
1.456e-01 2.291e+04
1.458e-01 2.286e+04
1.471e-01 2.265e+04
1.471e-01 2.266e+04
1.489e-01 2.240e+04
1.466e-01 2.274e+04
1.482e-01 2.250e+04
1.430e-01 2.330e+04
1.445e-01 2.280e+04
1.472e-01 2.262e+04
1.480e-01 2.253e+04
1.456e-01 2.276e+04
1.468e-01 2.273e+04
1.477e-01 2.258e+04
1.454e-01 2.283e+04
1.461e-01 2.280e+04
1.455e-01 2.281e+04
1.444e-01 2.305e+04
1.446e-01 2.300e+04
1.462e-01 2.270e+04
1.467e-01 2.266e+04
1.462e-01 2.276e+04
1.480e-01 2.248e+04
1.468e-01 2.264e+04
1.451e-01 2.300e+04
1.441e-01 2.283e+04
1.453e-01 2.271e+04
1.493e-01 2.246e+04
1.426e-01 2.320e+04
1.499e-01 2.236e+04
1.457e-01 2.287e+04
1.436e-01 2.311e+04
1.443e-01 2.303e+04
1.445e-01 2.294e+04
1.477e-01 2.263e+04
1.497e-01 2.242e+04
1.447e-01 2.298e+04
1.453e-01 2.276e+04
1.468e-01 2.266e+04
1.453e-01 2.294e+04
1.432e-01 2.313e+04
1.461e-01 2.260e+04
1.479e-01 2.245e+04
1.467e-01 2.261e+04
1.484e-01 2.252e+04
1.453e-01 2.296e+04
1.496e-01 2.236e+04
1.491e-01 2.229e+04
1.467e-01 2.261e+04
1.480e-01 2.251e+04
1.451e-01 2.287e+04
1.448e-01 2.283e+04
1.474e-01 2.278e+04
1.475e-01 2.253e+04
1.452e-01 2.295e+04
1.465e-01 2.265e+04
1.462e-01 2.277e+04
1.469e-01 2.271e+04
1.464e-01 2.268e+04
1.460e-01 2.280e+04
1.468e-01 2.258e+04
1.450e-01 2.304e+04
1.464e-01 2.273e+04
1.455e-01 2.272e+04
1.464e-01 2.283e+04
1.456e-01 2.270e+04
1.482e-01 2.260e+04
1.469e-01 2.261e+04
1.470e-01 2.261e+04
1.480e-01 2.252e+04
1.465e-01 2.267e+04
1.446e-01 2.283e+04
1.439e-01 2.316e+04
1.461e-01 2.272e+04
1.447e-01 2.281e+04
1.485e-01 2.247e+04
1.465e-01 2.270e+04
1.490e-01 2.252e+04
1.481e-01 2.249e+04
1.456e-01 2.292e+04
1.459e-01 2.266e+04
1.468e-01 2.266e+04
1.493e-01 2.236e+04
1.447e-01 2.278e+04
1.448e-01 2.286e+04
1.478e-01 2.254e+04
1.484e-01 2.247e+04
1.469e-01 2.257e+04
1.438e-01 2.308e+04
1.439e-01 2.294e+04
1.453e-01 2.286e+04
1.477e-01 2.254e+04
1.468e-01 2.271e+04
1.434e-01 2.328e+04
1.479e-01 2.266e+04
1.459e-01 2.291e+04
1.459e-01 2.285e+04
1.447e-01 2.293e+04
1.479e-01 2.251e+04
1.448e-01 2.283e+04
1.473e-01 2.266e+04
1.464e-01 2.275e+04
1.439e-01 2.304e+04
1.457e-01 2.282e+04
1.470e-01 2.281e+04
1.493e-01 2.234e+04
1.465e-01 2.273e+04
1.436e-01 2.321e+04
1.443e-01 2.301e+04
1.454e-01 2.276e+04
1.483e-01 2.243e+04
1.451e-01 2.295e+04
1.471e-01 2.270e+04
1.454e-01 2.287e+04
1.472e-01 2.278e+04
1.459e-01 2.273e+04
1.434e-01 2.321e+04
1.506e-01 2.227e+04
1.477e-01 2.262e+04
1.468e-01 2.278e+04
1.462e-01 2.271e+04
1.443e-01 2.298e+04
1.450e-01 2.284e+04
1.465e-01 2.268e+04
1.478e-01 2.246e+04
1.473e-01 2.252e+04
1.424e-01 2.324e+04
1.454e-01 2.279e+04
1.475e-01 2.258e+04
1.471e-01 2.260e+04
1.483e-01 2.252e+04
1.482e-01 2.249e+04
1.454e-01 2.266e+04
1.443e-01 2.294e+04
1.457e-01 2.282e+04
1.458e-01 2.272e+04
1.470e-01 2.268e+04
1.466e-01 2.271e+04
1.446e-01 2.290e+04
1.431e-01 2.312e+04
1.460e-01 2.269e+04
1.480e-01 2.252e+04
1.471e-01 2.276e+04
1.468e-01 2.268e+04
1.492e-01 2.249e+04
1.458e-01 2.293e+04
1.463e-01 2.279e+04
1.445e-01 2.292e+04
1.458e-01 2.286e+04
1.466e-01 2.271e+04
1.447e-01 2.278e+04
1.444e-01 2.289e+04
1.452e-01 2.289e+04
1.473e-01 2.256e+04
1.448e-01 2.290e+04
1.447e-01 2.297e+04
1.418e-01 2.338e+04
1.454e-01 2.281e+04
1.465e-01 2.270e+04
1.452e-01 2.286e+04
1.438e-01 2.295e+04
1.460e-01 2.268e+04
1.440e-01 2.312e+04
1.478e-01 2.266e+04
1.468e-01 2.267e+04
1.448e-01 2.299e+04
1.455e-01 2.288e+04
1.475e-01 2.265e+04
1.478e-01 2.260e+04
1.451e-01 2.280e+04
1.455e-01 2.296e+04
1.489e-01 2.246e+04
1.460e-01 2.274e+04
1.459e-01 2.278e+04
1.445e-01 2.280e+04
1.471e-01 2.256e+04
1.438e-01 2.304e+04
1.459e-01 2.300e+04
1.451e-01 2.295e+04
1.467e-01 2.270e+04
1.466e-01 2.257e+04
1.467e-01 2.271e+04
1.467e-01 2.273e+04
1.454e-01 2.292e+04
1.488e-01 2.245e+04
1.458e-01 2.273e+04
1.451e-01 2.290e+04
1.461e-01 2.287e+04
1.443e-01 2.289e+04
1.453e-01 2.288e+04
1.458e-01 2.281e+04
1.460e-01 2.277e+04
1.453e-01 2.287e+04
1.447e-01 2.292e+04
1.471e-01 2.267e+04
1.441e-01 2.289e+04
1.474e-01 2.251e+04
1.478e-01 2.268e+04
1.420e-01 2.330e+04
1.462e-01 2.278e+04
1.462e-01 2.280e+04
1.446e-01 2.292e+04
1.464e-01 2.276e+04
1.473e-01 2.268e+04
1.478e-01 2.261e+04
1.492e-01 2.230e+04
1.484e-01 2.257e+04
1.475e-01 2.257e+04
1.498e-01 2.236e+04
1.484e-01 2.256e+04
1.461e-01 2.274e+04
1.460e-01 2.270e+04
1.464e-01 2.280e+04
1.462e-01 2.267e+04
1.465e-01 2.263e+04
1.454e-01 2.281e+04
1.474e-01 2.262e+04
1.470e-01 2.260e+04
1.462e-01 2.260e+04
1.476e-01 2.255e+04
1.475e-01 2.258e+04
1.468e-01 2.254e+04
1.475e-01 2.278e+04
1.444e-01 2.290e+04
1.464e-01 2.275e+04
1.460e-01 2.280e+04
1.455e-01 2.292e+04
1.465e-01 2.271e+04
1.506e-01 2.223e+04
1.475e-01 2.259e+04
1.455e-01 2.279e+04
1.466e-01 2.265e+04
1.473e-01 2.269e+04
1.465e-01 2.268e+04
1.441e-01 2.302e+04
1.461e-01 2.284e+04
1.466e-01 2.265e+04
1.459e-01 2.275e+04
1.458e-01 2.272e+04
1.444e-01 2.292e+04
1.443e-01 2.295e+04
1.447e-01 2.293e+04
1.450e-01 2.279e+04
1.459e-01 2.271e+04
1.489e-01 2.242e+04
1.456e-01 2.289e+04
1.473e-01 2.267e+04
1.451e-01 2.282e+04
1.451e-01 2.292e+04
1.443e-01 2.301e+04
1.436e-01 2.304e+04
1.475e-01 2.271e+04
1.468e-01 2.265e+04
1.449e-01 2.296e+04
1.448e-01 2.292e+04
1.481e-01 2.266e+04
1.462e-01 2.277e+04
1.450e-01 2.294e+04
1.472e-01 2.263e+04
1.471e-01 2.259e+04
1.485e-01 2.247e+04
1.459e-01 2.264e+04
1.455e-01 2.285e+04
1.451e-01 2.287e+04
1.461e-01 2.281e+04
1.452e-01 2.280e+04
1.442e-01 2.299e+04
1.436e-01 2.305e+04
1.490e-01 2.248e+04
1.437e-01 2.301e+04
1.460e-01 2.287e+04
1.470e-01 2.265e+04
1.459e-01 2.277e+04
1.462e-01 2.284e+04
1.486e-01 2.231e+04
1.461e-01 2.275e+04
1.458e-01 2.282e+04
1.476e-01 2.259e+04
1.437e-01 2.298e+04
1.474e-01 2.260e+04
1.463e-01 2.275e+04
1.456e-01 2.285e+04
1.476e-01 2.257e+04
1.433e-01 2.316e+04
1.459e-01 2.276e+04
1.459e-01 2.293e+04
1.477e-01 2.254e+04
1.473e-01 2.259e+04
1.457e-01 2.287e+04
1.414e-01 2.333e+04
1.476e-01 2.264e+04
1.480e-01 2.256e+04
1.478e-01 2.266e+04
1.474e-01 2.264e+04
1.451e-01 2.278e+04
1.450e-01 2.294e+04
1.445e-01 2.288e+04
1.479e-01 2.251e+04
1.471e-01 2.260e+04
1.492e-01 2.241e+04
1.467e-01 2.257e+04
1.453e-01 2.287e+04
1.447e-01 2.297e+04
1.469e-01 2.266e+04
1.454e-01 2.279e+04
1.460e-01 2.280e+04
1.475e-01 2.255e+04
1.435e-01 2.315e+04
1.481e-01 2.260e+04
1.469e-01 2.256e+04
1.453e-01 2.300e+04
1.435e-01 2.317e+04
1.457e-01 2.283e+04
1.447e-01 2.283e+04
1.466e-01 2.267e+04
1.472e-01 2.267e+04
1.453e-01 2.276e+04
1.451e-01 2.297e+04
1.477e-01 2.258e+04
1.463e-01 2.257e+04
1.428e-01 2.322e+04
1.477e-01 2.257e+04
1.465e-01 2.275e+04
1.445e-01 2.304e+04
1.435e-01 2.311e+04
1.482e-01 2.255e+04
1.470e-01 2.259e+04
1.473e-01 2.257e+04
1.469e-01 2.270e+04
1.464e-01 2.265e+04
1.469e-01 2.269e+04
1.466e-01 2.263e+04
1.476e-01 2.251e+04
1.465e-01 2.267e+04
1.472e-01 2.258e+04
1.446e-01 2.303e+04
1.441e-01 2.303e+04
1.460e-01 2.284e+04
1.462e-01 2.270e+04
1.470e-01 2.262e+04
1.481e-01 2.255e+04
1.457e-01 2.273e+04
1.485e-01 2.263e+04
1.441e-01 2.310e+04
1.472e-01 2.261e+04
1.449e-01 2.305e+04
1.491e-01 2.240e+04
1.455e-01 2.291e+04
1.448e-01 2.291e+04
1.464e-01 2.264e+04
1.447e-01 2.297e+04
1.458e-01 2.284e+04
1.440e-01 2.303e+04
1.456e-01 2.279e+04
1.479e-01 2.256e+04
1.472e-01 2.260e+04
1.437e-01 2.299e+04
1.467e-01 2.262e+04
1.486e-01 2.244e+04
1.485e-01 2.234e+04
1.471e-01 2.275e+04
1.460e-01 2.285e+04
1.465e-01 2.278e+04
1.441e-01 2.299e+04
1.442e-01 2.298e+04
1.442e-01 2.293e+04
1.453e-01 2.274e+04
1.457e-01 2.290e+04
1.475e-01 2.268e+04
1.468e-01 2.268e+04
1.452e-01 2.298e+04
1.473e-01 2.258e+04
1.465e-01 2.269e+04
1.453e-01 2.279e+04
1.468e-01 2.276e+04
1.457e-01 2.290e+04
1.455e-01 2.280e+04
1.466e-01 2.269e+04
1.445e-01 2.301e+04
1.469e-01 2.252e+04
1.444e-01 2.299e+04
1.500e-01 2.236e+04
1.447e-01 2.300e+04
1.478e-01 2.261e+04
1.463e-01 2.281e+04
1.482e-01 2.248e+04
1.466e-01 2.272e+04
1.484e-01 2.245e+04
1.465e-01 2.275e+04
1.459e-01 2.273e+04
1.447e-01 2.291e+04
1.446e-01 2.309e+04
1.487e-01 2.253e+04
1.491e-01 2.240e+04
1.453e-01 2.282e+04
1.464e-01 2.262e+04
1.464e-01 2.275e+04
1.474e-01 2.263e+04
1.476e-01 2.253e+04
1.483e-01 2.247e+04
1.479e-01 2.261e+04
1.468e-01 2.255e+04
1.476e-01 2.250e+04
1.482e-01 2.260e+04
1.473e-01 2.262e+04
1.440e-01 2.305e+04
1.444e-01 2.290e+04
1.472e-01 2.256e+04
1.477e-01 2.259e+04
1.490e-01 2.251e+04
1.468e-01 2.275e+04
1.484e-01 2.247e+04
1.464e-01 2.273e+04
1.472e-01 2.261e+04
1.463e-01 2.281e+04
1.466e-01 2.269e+04
1.441e-01 2.309e+04
1.477e-01 2.266e+04
1.490e-01 2.250e+04
1.480e-01 2.249e+04
1.465e-01 2.280e+04
1.440e-01 2.299e+04
1.450e-01 2.288e+04
1.465e-01 2.276e+04
1.481e-01 2.250e+04
1.449e-01 2.304e+04
1.481e-01 2.258e+04
1.457e-01 2.275e+04
1.452e-01 2.290e+04
1.452e-01 2.281e+04
1.460e-01 2.273e+04
1.444e-01 2.301e+04
1.459e-01 2.281e+04
1.460e-01 2.281e+04
1.474e-01 2.258e+04
1.453e-01 2.286e+04
1.458e-01 2.288e+04
1.456e-01 2.270e+04
1.450e-01 2.291e+04
1.430e-01 2.303e+04
1.458e-01 2.274e+04
1.448e-01 2.292e+04
1.476e-01 2.257e+04
1.469e-01 2.262e+04
1.461e-01 2.275e+04
1.435e-01 2.315e+04
1.470e-01 2.265e+04
1.472e-01 2.266e+04
1.459e-01 2.277e+04
1.463e-01 2.267e+04
1.468e-01 2.266e+04
1.474e-01 2.253e+04
1.473e-01 2.256e+04
1.455e-01 2.297e+04
1.427e-01 2.316e+04
1.458e-01 2.273e+04
1.471e-01 2.259e+04
1.487e-01 2.233e+04
1.463e-01 2.275e+04
1.466e-01 2.273e+04
1.472e-01 2.272e+04
1.477e-01 2.252e+04
1.438e-01 2.306e+04
1.467e-01 2.284e+04
1.472e-01 2.272e+04
1.485e-01 2.244e+04
1.474e-01 2.262e+04
1.465e-01 2.278e+04
1.471e-01 2.262e+04
1.484e-01 2.256e+04
1.473e-01 2.266e+04
1.427e-01 2.311e+04
1.473e-01 2.256e+04
1.450e-01 2.288e+04
1.480e-01 2.248e+04
1.455e-01 2.282e+04
1.465e-01 2.279e+04
1.466e-01 2.269e+04
1.484e-01 2.238e+04
1.440e-01 2.298e+04
1.466e-01 2.271e+04
1.482e-01 2.263e+04
1.448e-01 2.284e+04
1.477e-01 2.254e+04
1.472e-01 2.264e+04
1.478e-01 2.244e+04
1.478e-01 2.263e+04
1.480e-01 2.246e+04
1.467e-01 2.279e+04
1.498e-01 2.236e+04
1.466e-01 2.271e+04
1.452e-01 2.292e+04
1.451e-01 2.287e+04
1.474e-01 2.272e+04
1.473e-01 2.271e+04
1.434e-01 2.312e+04
1.480e-01 2.247e+04
1.438e-01 2.304e+04
1.458e-01 2.293e+04
1.457e-01 2.275e+04
1.477e-01 2.265e+04
1.463e-01 2.268e+04
1.444e-01 2.297e+04
1.465e-01 2.261e+04
1.460e-01 2.266e+04
1.472e-01 2.273e+04
1.447e-01 2.286e+04
1.474e-01 2.258e+04
1.445e-01 2.287e+04
1.435e-01 2.294e+04
1.447e-01 2.294e+04
1.497e-01 2.228e+04
1.468e-01 2.264e+04
1.453e-01 2.282e+04
1.465e-01 2.283e+04
1.453e-01 2.291e+04
1.486e-01 2.236e+04
1.460e-01 2.276e+04
1.451e-01 2.294e+04
1.459e-01 2.271e+04
1.452e-01 2.291e+04
1.455e-01 2.287e+04
1.443e-01 2.305e+04
1.463e-01 2.280e+04
1.464e-01 2.291e+04
1.454e-01 2.282e+04
1.468e-01 2.264e+04
1.462e-01 2.288e+04
1.473e-01 2.262e+04
1.457e-01 2.271e+04
1.466e-01 2.262e+04
1.465e-01 2.268e+04
1.465e-01 2.278e+04
1.458e-01 2.278e+04
1.463e-01 2.275e+04
1.462e-01 2.260e+04
1.479e-01 2.253e+04
1.457e-01 2.272e+04
1.485e-01 2.255e+04
1.470e-01 2.268e+04
1.461e-01 2.266e+04
1.470e-01 2.277e+04
1.498e-01 2.233e+04
1.449e-01 2.291e+04
1.459e-01 2.271e+04
1.443e-01 2.299e+04
1.478e-01 2.248e+04
1.481e-01 2.254e+04
1.474e-01 2.257e+04
1.473e-01 2.270e+04
1.459e-01 2.281e+04
1.498e-01 2.230e+04
1.447e-01 2.287e+04
1.477e-01 2.268e+04
1.456e-01 2.276e+04
1.466e-01 2.261e+04
1.478e-01 2.261e+04
1.458e-01 2.284e+04
1.469e-01 2.264e+04
1.468e-01 2.274e+04
1.490e-01 2.263e+04
1.478e-01 2.247e+04
1.486e-01 2.240e+04
1.478e-01 2.252e+04
1.480e-01 2.252e+04
1.445e-01 2.301e+04
1.462e-01 2.276e+04
1.443e-01 2.295e+04
1.467e-01 2.260e+04
1.466e-01 2.271e+04
1.469e-01 2.272e+04
1.457e-01 2.269e+04
1.466e-01 2.277e+04
1.466e-01 2.278e+04
1.492e-01 2.239e+04
1.466e-01 2.285e+04
1.473e-01 2.260e+04
1.465e-01 2.266e+04
1.487e-01 2.244e+04
1.468e-01 2.262e+04
1.466e-01 2.259e+04
1.435e-01 2.324e+04
1.466e-01 2.272e+04
1.455e-01 2.289e+04
1.473e-01 2.268e+04
1.461e-01 2.266e+04
1.447e-01 2.303e+04
1.467e-01 2.286e+04
1.462e-01 2.274e+04
1.460e-01 2.278e+04
1.459e-01 2.278e+04
1.454e-01 2.291e+04
1.455e-01 2.283e+04
1.469e-01 2.260e+04
1.451e-01 2.283e+04
1.462e-01 2.275e+04
1.455e-01 2.281e+04
1.448e-01 2.293e+04
1.461e-01 2.269e+04
1.484e-01 2.236e+04
1.422e-01 2.327e+04
1.492e-01 2.225e+04
1.454e-01 2.284e+04
1.451e-01 2.286e+04
1.452e-01 2.280e+04
1.478e-01 2.256e+04
1.450e-01 2.277e+04
1.430e-01 2.307e+04
1.468e-01 2.270e+04
1.458e-01 2.286e+04
1.462e-01 2.277e+04
1.470e-01 2.282e+04
1.449e-01 2.277e+04
1.458e-01 2.282e+04
1.445e-01 2.305e+04
1.480e-01 2.254e+04
1.437e-01 2.307e+04
1.472e-01 2.274e+04
1.454e-01 2.293e+04
1.469e-01 2.260e+04
1.457e-01 2.276e+04
1.480e-01 2.265e+04
1.492e-01 2.254e+04
1.468e-01 2.279e+04
1.492e-01 2.237e+04
1.477e-01 2.259e+04
1.481e-01 2.248e+04
1.446e-01 2.296e+04
1.443e-01 2.290e+04
1.457e-01 2.288e+04
1.461e-01 2.299e+04
1.462e-01 2.268e+04
1.467e-01 2.261e+04
1.469e-01 2.272e+04
1.498e-01 2.238e+04
1.461e-01 2.270e+04
1.460e-01 2.279e+04
1.485e-01 2.254e+04
1.447e-01 2.288e+04
1.447e-01 2.303e+04
1.472e-01 2.264e+04
1.479e-01 2.259e+04
1.480e-01 2.245e+04
1.436e-01 2.301e+04
1.454e-01 2.289e+04
1.454e-01 2.292e+04
1.453e-01 2.292e+04
1.473e-01 2.263e+04
1.487e-01 2.253e+04
1.455e-01 2.286e+04
1.437e-01 2.315e+04
1.438e-01 2.303e+04
1.480e-01 2.247e+04
1.484e-01 2.262e+04
1.455e-01 2.274e+04
1.463e-01 2.272e+04
1.465e-01 2.267e+04
1.425e-01 2.316e+04
1.440e-01 2.298e+04
1.493e-01 2.248e+04
1.451e-01 2.298e+04
1.479e-01 2.259e+04
1.472e-01 2.255e+04
1.448e-01 2.290e+04
1.463e-01 2.282e+04
1.466e-01 2.279e+04
1.446e-01 2.280e+04
1.471e-01 2.252e+04
1.460e-01 2.257e+04
1.466e-01 2.276e+04
1.440e-01 2.306e+04
1.481e-01 2.260e+04
1.462e-01 2.286e+04
1.457e-01 2.280e+04
1.465e-01 2.281e+04
1.433e-01 2.312e+04
1.463e-01 2.267e+04
1.475e-01 2.258e+04
1.465e-01 2.270e+04
1.475e-01 2.249e+04
1.462e-01 2.286e+04
1.470e-01 2.261e+04
1.425e-01 2.326e+04
1.466e-01 2.280e+04
1.459e-01 2.276e+04
1.458e-01 2.290e+04
1.444e-01 2.296e+04
1.451e-01 2.288e+04
1.470e-01 2.275e+04
1.472e-01 2.261e+04
1.494e-01 2.238e+04
1.477e-01 2.250e+04
1.480e-01 2.238e+04
1.468e-01 2.251e+04
1.482e-01 2.248e+04
1.469e-01 2.260e+04
1.478e-01 2.248e+04
1.461e-01 2.288e+04
1.472e-01 2.263e+04
1.458e-01 2.269e+04
1.467e-01 2.277e+04
1.455e-01 2.276e+04
1.464e-01 2.272e+04
1.501e-01 2.247e+04
1.448e-01 2.294e+04
1.437e-01 2.316e+04
1.449e-01 2.289e+04
1.459e-01 2.280e+04
1.451e-01 2.302e+04
1.465e-01 2.270e+04
1.473e-01 2.261e+04
1.446e-01 2.296e+04
1.476e-01 2.269e+04
1.459e-01 2.284e+04
1.456e-01 2.276e+04
1.457e-01 2.283e+04
1.458e-01 2.266e+04
1.473e-01 2.272e+04
1.472e-01 2.257e+04
1.488e-01 2.260e+04
1.458e-01 2.284e+04
1.444e-01 2.287e+04
1.466e-01 2.268e+04
1.479e-01 2.263e+04
1.451e-01 2.287e+04
1.467e-01 2.264e+04
1.444e-01 2.281e+04
1.441e-01 2.300e+04
1.484e-01 2.251e+04
1.467e-01 2.266e+04
1.477e-01 2.262e+04
1.468e-01 2.281e+04
1.473e-01 2.264e+04
1.477e-01 2.251e+04
1.457e-01 2.293e+04
1.455e-01 2.284e+04
1.481e-01 2.263e+04
1.450e-01 2.286e+04
1.474e-01 2.258e+04
1.468e-01 2.280e+04
1.475e-01 2.255e+04
1.447e-01 2.282e+04
1.449e-01 2.299e+04
1.450e-01 2.291e+04
1.451e-01 2.288e+04
1.472e-01 2.267e+04
1.479e-01 2.262e+04
1.462e-01 2.265e+04
1.456e-01 2.272e+04
1.466e-01 2.273e+04
1.468e-01 2.261e+04
1.477e-01 2.252e+04
1.488e-01 2.253e+04
1.453e-01 2.290e+04
1.455e-01 2.281e+04
1.449e-01 2.296e+04
1.465e-01 2.279e+04
1.469e-01 2.267e+04
1.497e-01 2.239e+04
1.459e-01 2.269e+04
1.466e-01 2.262e+04
1.471e-01 2.255e+04
1.462e-01 2.293e+04
1.422e-01 2.322e+04
1.438e-01 2.291e+04
1.467e-01 2.271e+04
1.472e-01 2.260e+04
1.473e-01 2.270e+04
1.482e-01 2.244e+04
1.470e-01 2.269e+04
1.451e-01 2.298e+04
1.448e-01 2.281e+04
1.452e-01 2.271e+04
1.494e-01 2.236e+04
1.426e-01 2.315e+04
1.462e-01 2.271e+04
1.472e-01 2.262e+04
1.481e-01 2.250e+04
1.463e-01 2.277e+04
1.443e-01 2.289e+04
1.454e-01 2.284e+04
1.448e-01 2.281e+04
1.460e-01 2.268e+04
1.434e-01 2.317e+04
1.458e-01 2.273e+04
1.439e-01 2.302e+04
1.486e-01 2.250e+04
1.485e-01 2.245e+04
1.467e-01 2.266e+04
1.489e-01 2.235e+04
1.462e-01 2.287e+04
1.442e-01 2.289e+04
1.487e-01 2.259e+04
1.450e-01 2.287e+04
1.468e-01 2.268e+04
1.457e-01 2.287e+04
1.468e-01 2.280e+04
1.447e-01 2.302e+04
1.469e-01 2.264e+04
1.429e-01 2.317e+04
1.452e-01 2.292e+04
1.478e-01 2.251e+04
1.451e-01 2.286e+04
1.460e-01 2.279e+04
1.477e-01 2.280e+04
1.461e-01 2.284e+04
1.460e-01 2.262e+04
1.454e-01 2.278e+04
1.453e-01 2.283e+04
1.486e-01 2.246e+04
1.481e-01 2.246e+04
1.477e-01 2.255e+04
1.461e-01 2.290e+04
1.473e-01 2.271e+04
1.430e-01 2.316e+04
1.470e-01 2.264e+04
1.473e-01 2.263e+04
1.465e-01 2.271e+04
1.467e-01 2.266e+04
1.442e-01 2.305e+04
1.454e-01 2.289e+04
1.473e-01 2.261e+04
1.483e-01 2.257e+04
1.471e-01 2.266e+04
1.453e-01 2.288e+04
1.458e-01 2.265e+04
1.484e-01 2.246e+04
1.449e-01 2.287e+04
1.459e-01 2.274e+04
1.467e-01 2.274e+04
1.462e-01 2.276e+04
1.492e-01 2.229e+04
1.468e-01 2.261e+04
1.451e-01 2.301e+04
1.479e-01 2.268e+04
1.462e-01 2.271e+04
1.454e-01 2.283e+04
1.482e-01 2.251e+04
1.482e-01 2.253e+04
1.443e-01 2.295e+04
1.497e-01 2.222e+04
1.453e-01 2.274e+04
1.454e-01 2.274e+04
1.472e-01 2.262e+04
1.437e-01 2.299e+04
1.476e-01 2.255e+04
1.474e-01 2.262e+04
1.478e-01 2.264e+04
1.457e-01 2.272e+04
1.454e-01 2.281e+04
1.491e-01 2.249e+04
1.443e-01 2.280e+04
1.463e-01 2.269e+04
1.459e-01 2.280e+04
1.432e-01 2.309e+04
1.444e-01 2.285e+04
1.506e-01 2.223e+04
1.479e-01 2.259e+04
1.432e-01 2.321e+04
1.440e-01 2.303e+04
1.451e-01 2.280e+04
1.438e-01 2.304e+04
1.465e-01 2.268e+04
1.446e-01 2.310e+04
1.456e-01 2.278e+04
1.480e-01 2.262e+04
1.468e-01 2.264e+04
1.495e-01 2.234e+04
1.437e-01 2.292e+04
1.500e-01 2.231e+04
1.440e-01 2.304e+04
1.443e-01 2.293e+04
1.472e-01 2.269e+04
1.456e-01 2.283e+04
1.460e-01 2.263e+04
1.484e-01 2.236e+04
1.455e-01 2.268e+04
1.489e-01 2.257e+04
1.455e-01 2.290e+04
1.462e-01 2.279e+04
1.454e-01 2.289e+04
1.457e-01 2.277e+04
1.467e-01 2.253e+04
1.474e-01 2.258e+04
1.462e-01 2.275e+04
1.465e-01 2.262e+04
1.463e-01 2.285e+04
1.434e-01 2.315e+04
1.467e-01 2.262e+04
1.455e-01 2.268e+04
1.497e-01 2.238e+04
1.471e-01 2.274e+04
1.440e-01 2.292e+04
1.504e-01 2.224e+04
1.472e-01 2.257e+04
1.467e-01 2.280e+04
1.457e-01 2.289e+04
1.444e-01 2.297e+04
1.477e-01 2.264e+04
1.460e-01 2.276e+04
1.431e-01 2.319e+04
1.460e-01 2.276e+04
1.468e-01 2.281e+04
1.462e-01 2.277e+04
1.472e-01 2.282e+04
1.467e-01 2.277e+04
1.474e-01 2.258e+04
1.474e-01 2.251e+04
1.467e-01 2.266e+04
1.459e-01 2.282e+04
1.466e-01 2.267e+04
1.458e-01 2.291e+04
1.481e-01 2.246e+04
1.456e-01 2.281e+04
1.474e-01 2.259e+04
1.485e-01 2.267e+04
1.434e-01 2.314e+04
1.457e-01 2.274e+04
1.459e-01 2.281e+04
1.492e-01 2.245e+04
1.459e-01 2.277e+04
1.450e-01 2.290e+04
1.456e-01 2.278e+04
1.440e-01 2.298e+04
1.465e-01 2.279e+04
1.455e-01 2.280e+04
1.465e-01 2.264e+04
1.467e-01 2.270e+04
1.469e-01 2.254e+04
1.453e-01 2.286e+04
1.435e-01 2.310e+04
1.476e-01 2.262e+04
1.477e-01 2.252e+04
1.474e-01 2.261e+04
1.450e-01 2.281e+04
1.467e-01 2.267e+04
1.452e-01 2.295e+04
1.460e-01 2.275e+04
1.487e-01 2.244e+04
1.466e-01 2.281e+04
1.476e-01 2.264e+04
1.449e-01 2.290e+04
1.468e-01 2.275e+04
1.494e-01 2.235e+04
1.450e-01 2.286e+04
1.462e-01 2.266e+04
1.488e-01 2.249e+04
1.461e-01 2.270e+04
1.473e-01 2.268e+04
1.464e-01 2.265e+04
1.481e-01 2.264e+04
1.459e-01 2.282e+04
1.497e-01 2.247e+04
1.451e-01 2.281e+04
1.461e-01 2.271e+04
1.462e-01 2.285e+04
1.456e-01 2.285e+04
1.457e-01 2.292e+04
1.455e-01 2.281e+04
1.442e-01 2.296e+04
1.458e-01 2.269e+04
1.464e-01 2.267e+04
1.484e-01 2.265e+04
1.455e-01 2.287e+04
1.445e-01 2.302e+04
1.453e-01 2.275e+04
1.492e-01 2.236e+04
1.468e-01 2.270e+04
1.477e-01 2.262e+04
1.424e-01 2.306e+04
1.465e-01 2.262e+04
1.435e-01 2.319e+04
1.461e-01 2.277e+04
1.451e-01 2.275e+04
1.468e-01 2.272e+04
1.443e-01 2.303e+04
1.428e-01 2.316e+04
1.465e-01 2.257e+04
1.442e-01 2.288e+04
1.478e-01 2.256e+04
1.451e-01 2.286e+04
1.452e-01 2.284e+04
1.467e-01 2.255e+04
1.471e-01 2.264e+04
1.469e-01 2.255e+04
1.449e-01 2.281e+04
1.463e-01 2.272e+04
1.471e-01 2.255e+04
1.452e-01 2.288e+04
1.440e-01 2.301e+04
1.463e-01 2.261e+04
1.504e-01 2.223e+04
1.468e-01 2.257e+04
1.475e-01 2.263e+04
1.481e-01 2.247e+04
1.486e-01 2.243e+04
1.468e-01 2.273e+04
1.459e-01 2.272e+04
1.480e-01 2.262e+04
1.446e-01 2.288e+04
1.441e-01 2.295e+04
1.463e-01 2.272e+04
1.459e-01 2.280e+04
1.485e-01 2.244e+04
1.470e-01 2.256e+04
1.428e-01 2.304e+04
1.462e-01 2.276e+04
1.461e-01 2.280e+04
1.445e-01 2.287e+04
1.471e-01 2.254e+04
1.464e-01 2.273e+04
1.460e-01 2.274e+04
1.470e-01 2.263e+04
1.456e-01 2.287e+04
1.451e-01 2.302e+04
1.437e-01 2.312e+04
1.485e-01 2.251e+04
1.471e-01 2.260e+04
1.465e-01 2.263e+04
1.445e-01 2.287e+04
1.459e-01 2.287e+04
1.462e-01 2.273e+04
1.475e-01 2.264e+04
1.477e-01 2.254e+04
1.425e-01 2.323e+04
1.477e-01 2.261e+04
1.464e-01 2.284e+04
1.473e-01 2.266e+04
1.456e-01 2.278e+04
1.461e-01 2.270e+04
1.467e-01 2.267e+04
1.460e-01 2.285e+04
1.448e-01 2.275e+04
1.478e-01 2.234e+04
1.469e-01 2.269e+04
1.470e-01 2.274e+04
1.494e-01 2.232e+04
1.427e-01 2.311e+04
1.492e-01 2.236e+04
1.479e-01 2.265e+04
1.472e-01 2.252e+04
1.441e-01 2.297e+04
1.467e-01 2.259e+04
1.472e-01 2.257e+04
1.456e-01 2.284e+04
1.458e-01 2.280e+04
1.445e-01 2.306e+04
1.470e-01 2.271e+04
1.477e-01 2.245e+04
1.469e-01 2.268e+04
1.450e-01 2.295e+04
1.464e-01 2.275e+04
1.470e-01 2.265e+04
1.464e-01 2.270e+04
1.468e-01 2.269e+04
1.471e-01 2.257e+04
1.441e-01 2.294e+04
1.457e-01 2.278e+04
1.434e-01 2.309e+04
1.467e-01 2.272e+04
1.453e-01 2.287e+04
1.470e-01 2.270e+04
1.458e-01 2.291e+04
1.475e-01 2.259e+04
1.464e-01 2.267e+04
1.493e-01 2.231e+04
1.446e-01 2.288e+04
1.448e-01 2.289e+04
1.479e-01 2.253e+04
1.449e-01 2.301e+04
1.469e-01 2.261e+04
1.484e-01 2.245e+04
1.462e-01 2.272e+04
1.460e-01 2.269e+04
1.478e-01 2.253e+04
1.452e-01 2.285e+04
1.488e-01 2.238e+04
1.459e-01 2.274e+04
1.455e-01 2.288e+04
1.486e-01 2.253e+04
1.459e-01 2.280e+04
1.456e-01 2.276e+04
1.459e-01 2.259e+04
1.470e-01 2.273e+04
1.464e-01 2.274e+04
1.440e-01 2.296e+04
1.462e-01 2.283e+04
1.459e-01 2.277e+04
1.460e-01 2.270e+04
1.457e-01 2.288e+04
1.461e-01 2.270e+04
1.485e-01 2.255e+04
1.464e-01 2.286e+04
1.460e-01 2.275e+04
1.432e-01 2.324e+04
1.449e-01 2.293e+04
1.440e-01 2.301e+04
1.469e-01 2.272e+04
1.444e-01 2.299e+04
1.480e-01 2.246e+04
1.468e-01 2.275e+04
1.490e-01 2.256e+04
1.476e-01 2.264e+04
1.467e-01 2.270e+04
1.453e-01 2.272e+04
1.429e-01 2.307e+04
1.471e-01 2.271e+04
1.453e-01 2.301e+04
1.456e-01 2.285e+04
1.465e-01 2.268e+04
1.477e-01 2.251e+04
1.460e-01 2.290e+04
1.487e-01 2.255e+04
1.450e-01 2.298e+04
1.438e-01 2.309e+04
1.481e-01 2.252e+04
1.473e-01 2.267e+04
1.447e-01 2.290e+04
1.464e-01 2.273e+04
1.463e-01 2.282e+04
1.456e-01 2.281e+04
1.433e-01 2.326e+04
1.464e-01 2.270e+04
1.476e-01 2.256e+04
1.460e-01 2.268e+04
1.448e-01 2.282e+04
1.471e-01 2.267e+04
1.475e-01 2.274e+04
1.459e-01 2.270e+04
1.453e-01 2.275e+04
1.453e-01 2.275e+04
1.493e-01 2.240e+04
1.471e-01 2.261e+04
1.451e-01 2.297e+04
1.473e-01 2.263e+04
1.462e-01 2.283e+04
1.447e-01 2.297e+04
1.457e-01 2.279e+04
1.470e-01 2.258e+04
1.463e-01 2.276e+04
1.462e-01 2.268e+04
1.468e-01 2.279e+04
1.463e-01 2.264e+04
1.478e-01 2.256e+04
1.442e-01 2.292e+04
1.437e-01 2.291e+04
1.464e-01 2.276e+04
1.491e-01 2.233e+04
1.470e-01 2.264e+04
1.459e-01 2.275e+04
1.446e-01 2.289e+04
1.478e-01 2.255e+04
1.471e-01 2.271e+04
1.459e-01 2.270e+04
1.456e-01 2.290e+04
1.467e-01 2.268e+04
1.458e-01 2.278e+04
1.490e-01 2.247e+04
1.492e-01 2.231e+04
1.500e-01 2.235e+04
1.450e-01 2.279e+04
1.445e-01 2.306e+04
1.432e-01 2.304e+04
1.477e-01 2.261e+04
1.470e-01 2.264e+04
1.462e-01 2.276e+04
1.460e-01 2.277e+04
1.444e-01 2.301e+04
1.439e-01 2.299e+04
1.483e-01 2.261e+04
1.471e-01 2.259e+04
1.435e-01 2.296e+04
1.472e-01 2.266e+04
1.455e-01 2.287e+04
1.478e-01 2.252e+04
1.478e-01 2.259e+04
1.457e-01 2.280e+04
1.482e-01 2.244e+04
1.459e-01 2.265e+04
1.476e-01 2.252e+04
1.475e-01 2.267e+04
1.466e-01 2.265e+04
1.483e-01 2.258e+04
1.434e-01 2.315e+04
1.466e-01 2.276e+04
1.455e-01 2.297e+04
1.461e-01 2.266e+04
1.463e-01 2.271e+04
1.465e-01 2.278e+04
1.471e-01 2.275e+04
1.447e-01 2.290e+04
1.475e-01 2.266e+04
1.461e-01 2.280e+04
1.449e-01 2.273e+04
1.457e-01 2.284e+04
1.450e-01 2.277e+04
1.480e-01 2.247e+04
1.469e-01 2.252e+04
1.448e-01 2.286e+04
1.481e-01 2.256e+04
1.460e-01 2.274e+04
1.452e-01 2.283e+04
1.459e-01 2.287e+04
1.434e-01 2.311e+04
1.477e-01 2.247e+04
1.500e-01 2.238e+04
1.447e-01 2.294e+04
1.456e-01 2.279e+04
1.456e-01 2.281e+04
1.450e-01 2.279e+04
1.456e-01 2.277e+04
1.441e-01 2.300e+04
1.487e-01 2.244e+04
1.443e-01 2.283e+04
1.439e-01 2.298e+04
1.454e-01 2.295e+04
1.443e-01 2.299e+04
1.466e-01 2.270e+04
1.478e-01 2.263e+04
1.462e-01 2.283e+04
1.475e-01 2.262e+04
1.455e-01 2.292e+04
1.488e-01 2.247e+04
1.463e-01 2.283e+04
1.459e-01 2.279e+04
1.445e-01 2.299e+04
1.467e-01 2.264e+04
1.437e-01 2.288e+04
1.440e-01 2.311e+04
1.462e-01 2.270e+04
1.490e-01 2.253e+04
1.457e-01 2.274e+04
1.491e-01 2.244e+04
1.466e-01 2.275e+04
1.487e-01 2.231e+04
1.465e-01 2.269e+04
1.480e-01 2.256e+04
1.473e-01 2.256e+04
1.458e-01 2.276e+04
1.421e-01 2.320e+04
1.477e-01 2.246e+04
1.440e-01 2.310e+04
1.489e-01 2.246e+04
1.474e-01 2.259e+04
1.422e-01 2.318e+04
1.457e-01 2.287e+04
1.458e-01 2.281e+04
1.498e-01 2.241e+04
1.460e-01 2.275e+04
1.469e-01 2.268e+04
1.459e-01 2.292e+04
1.462e-01 2.276e+04
1.463e-01 2.269e+04
1.485e-01 2.251e+04
1.445e-01 2.297e+04
1.469e-01 2.287e+04
1.454e-01 2.287e+04
1.482e-01 2.250e+04
1.488e-01 2.243e+04
1.463e-01 2.273e+04
1.480e-01 2.259e+04
1.469e-01 2.256e+04
1.444e-01 2.296e+04
1.458e-01 2.268e+04
1.460e-01 2.269e+04
1.474e-01 2.269e+04
1.464e-01 2.264e+04
1.452e-01 2.278e+04
1.485e-01 2.243e+04
1.474e-01 2.256e+04
1.473e-01 2.252e+04
1.488e-01 2.243e+04
1.459e-01 2.288e+04
1.446e-01 2.300e+04
1.483e-01 2.243e+04
1.497e-01 2.247e+04
1.456e-01 2.278e+04
1.474e-01 2.266e+04
1.470e-01 2.261e+04
1.459e-01 2.284e+04
1.469e-01 2.267e+04
1.428e-01 2.314e+04
1.459e-01 2.273e+04
1.462e-01 2.291e+04
1.451e-01 2.284e+04
1.458e-01 2.283e+04
1.482e-01 2.250e+04
1.481e-01 2.248e+04
1.457e-01 2.271e+04
1.440e-01 2.295e+04
1.467e-01 2.271e+04
1.455e-01 2.290e+04
1.488e-01 2.227e+04
1.477e-01 2.251e+04
1.460e-01 2.275e+04
1.472e-01 2.264e+04
1.488e-01 2.239e+04
1.452e-01 2.288e+04
1.467e-01 2.274e+04
1.453e-01 2.282e+04
1.452e-01 2.282e+04
1.453e-01 2.284e+04
1.454e-01 2.286e+04
1.478e-01 2.260e+04
1.485e-01 2.269e+04
1.468e-01 2.280e+04
1.460e-01 2.277e+04
1.480e-01 2.245e+04
1.502e-01 2.237e+04
1.478e-01 2.268e+04
1.466e-01 2.274e+04
1.477e-01 2.252e+04
1.453e-01 2.271e+04
1.458e-01 2.290e+04
1.486e-01 2.242e+04
1.453e-01 2.281e+04
1.453e-01 2.285e+04
1.474e-01 2.258e+04
1.479e-01 2.247e+04
1.449e-01 2.290e+04
1.460e-01 2.281e+04
1.480e-01 2.255e+04
1.452e-01 2.286e+04
1.474e-01 2.266e+04
1.477e-01 2.252e+04
1.459e-01 2.271e+04
1.466e-01 2.274e+04
1.483e-01 2.248e+04
