5.945e-02 9.400e+03
5.232e-02 1.578e+04
5.986e-02 8.879e+03
5.848e-02 9.901e+03
5.499e-02 1.302e+04
5.739e-02 1.066e+04
5.904e-02 9.117e+03
5.540e-02 1.287e+04
6.124e-02 8.255e+03
5.863e-02 9.601e+03
5.524e-02 1.276e+04
5.508e-02 1.245e+04
6.190e-02 8.203e+03
5.707e-02 1.100e+04
5.647e-02 1.140e+04
5.889e-02 9.820e+03
5.495e-02 1.279e+04
5.516e-02 1.265e+04
5.780e-02 1.028e+04
5.798e-02 1.020e+04
5.814e-02 1.029e+04
5.653e-02 1.143e+04
5.493e-02 1.283e+04
5.799e-02 1.029e+04
5.816e-02 9.954e+03
5.725e-02 1.073e+04
5.877e-02 9.367e+03
6.302e-02 7.613e+03
5.946e-02 9.046e+03
5.881e-02 9.357e+03
6.045e-02 8.828e+03
5.769e-02 1.018e+04
5.538e-02 1.243e+04
5.556e-02 1.207e+04
5.657e-02 1.116e+04
5.703e-02 1.093e+04
5.742e-02 1.076e+04
5.778e-02 1.013e+04
5.343e-02 1.466e+04
5.746e-02 1.076e+04
5.730e-02 1.086e+04
5.615e-02 1.153e+04
5.707e-02 1.070e+04
5.872e-02 9.487e+03
5.808e-02 9.927e+03
5.897e-02 9.851e+03
5.622e-02 1.120e+04
5.594e-02 1.156e+04
6.246e-02 7.584e+03
5.765e-02 1.037e+04
5.820e-02 9.897e+03
5.667e-02 1.144e+04
5.610e-02 1.163e+04
5.969e-02 9.187e+03
5.292e-02 1.569e+04
5.870e-02 9.674e+03
5.582e-02 1.191e+04
5.817e-02 1.054e+04
5.461e-02 1.321e+04
5.484e-02 1.285e+04
5.825e-02 1.005e+04
5.669e-02 1.087e+04
5.905e-02 9.304e+03
5.402e-02 1.344e+04
5.805e-02 1.009e+04
5.748e-02 1.064e+04
5.734e-02 1.070e+04
6.060e-02 9.030e+03
5.902e-02 9.559e+03
6.068e-02 8.809e+03
5.731e-02 1.082e+04
5.767e-02 1.076e+04
5.921e-02 9.634e+03
5.738e-02 1.085e+04
5.750e-02 1.059e+04
5.568e-02 1.173e+04
5.866e-02 9.618e+03
5.726e-02 1.100e+04
6.033e-02 8.991e+03
5.974e-02 8.934e+03
5.810e-02 1.011e+04
5.617e-02 1.150e+04
5.754e-02 1.062e+04
5.645e-02 1.146e+04
5.558e-02 1.253e+04
5.676e-02 1.084e+04
5.681e-02 1.115e+04
5.685e-02 1.117e+04
5.692e-02 1.114e+04
5.725e-02 1.059e+04
5.963e-02 9.359e+03
5.432e-02 1.318e+04
5.878e-02 9.786e+03
6.137e-02 8.049e+03
5.719e-02 1.120e+04
6.039e-02 8.711e+03
5.957e-02 9.196e+03
5.797e-02 1.046e+04
5.679e-02 1.096e+04
6.089e-02 8.189e+03
5.712e-02 1.085e+04
5.808e-02 1.015e+04
6.118e-02 8.481e+03
5.468e-02 1.289e+04
5.637e-02 1.184e+04
5.888e-02 9.862e+03
6.165e-02 8.054e+03
5.936e-02 9.281e+03
5.606e-02 1.156e+04
5.542e-02 1.245e+04
5.543e-02 1.251e+04
5.684e-02 1.098e+04
5.505e-02 1.287e+04
5.452e-02 1.308e+04
5.912e-02 9.326e+03
5.813e-02 1.029e+04
5.693e-02 1.109e+04
6.004e-02 8.943e+03
5.785e-02 1.057e+04
5.571e-02 1.231e+04
5.588e-02 1.221e+04
5.383e-02 1.379e+04
5.630e-02 1.122e+04
5.699e-02 1.110e+04
5.621e-02 1.148e+04
5.599e-02 1.175e+04
5.655e-02 1.184e+04
5.654e-02 1.175e+04
5.537e-02 1.226e+04
6.226e-02 7.334e+03
5.789e-02 1.035e+04
5.927e-02 9.352e+03
5.590e-02 1.186e+04
5.715e-02 1.079e+04
5.855e-02 9.788e+03
5.551e-02 1.248e+04
5.704e-02 1.112e+04
5.571e-02 1.236e+04
5.623e-02 1.145e+04
5.839e-02 9.776e+03
5.731e-02 1.063e+04
5.574e-02 1.214e+04
5.829e-02 9.949e+03
5.898e-02 9.649e+03
5.676e-02 1.134e+04
5.619e-02 1.228e+04
5.963e-02 9.001e+03
5.827e-02 1.032e+04
5.986e-02 9.063e+03
5.611e-02 1.168e+04
5.577e-02 1.198e+04
5.725e-02 1.081e+04
5.703e-02 1.096e+04
5.631e-02 1.186e+04
5.868e-02 9.891e+03
5.649e-02 1.137e+04
5.938e-02 9.474e+03
5.712e-02 1.101e+04
5.958e-02 9.253e+03
5.856e-02 1.005e+04
5.751e-02 1.048e+04
5.596e-02 1.181e+04
5.656e-02 1.153e+04
5.724e-02 1.081e+04
5.651e-02 1.158e+04
5.241e-02 1.505e+04
5.945e-02 9.216e+03
5.855e-02 9.979e+03
5.627e-02 1.200e+04
5.832e-02 9.962e+03
5.627e-02 1.163e+04
5.541e-02 1.230e+04
5.432e-02 1.375e+04
5.692e-02 1.073e+04
5.654e-02 1.142e+04
6.102e-02 8.124e+03
5.640e-02 1.196e+04
5.665e-02 1.185e+04
5.738e-02 1.023e+04
6.019e-02 8.735e+03
5.973e-02 9.193e+03
5.666e-02 1.129e+04
6.147e-02 8.243e+03
5.672e-02 1.150e+04
5.605e-02 1.147e+04
5.636e-02 1.178e+04
5.787e-02 1.021e+04
5.680e-02 1.125e+04
5.520e-02 1.248e+04
6.347e-02 7.092e+03
5.846e-02 9.567e+03
5.840e-02 9.778e+03
5.405e-02 1.371e+04
5.657e-02 1.148e+04
5.675e-02 1.133e+04
6.103e-02 8.490e+03
5.843e-02 9.894e+03
5.388e-02 1.378e+04
5.495e-02 1.285e+04
5.835e-02 1.009e+04
5.792e-02 1.053e+04
5.832e-02 9.946e+03
5.649e-02 1.183e+04
5.946e-02 8.942e+03
5.910e-02 9.369e+03
5.956e-02 8.996e+03
5.565e-02 1.217e+04
5.889e-02 9.873e+03
5.844e-02 1.012e+04
5.789e-02 1.032e+04
5.577e-02 1.170e+04
5.470e-02 1.346e+04
5.886e-02 9.203e+03
5.493e-02 1.261e+04
5.665e-02 1.138e+04
5.358e-02 1.437e+04
6.430e-02 6.769e+03
5.820e-02 9.879e+03
5.853e-02 1.030e+04
5.682e-02 1.157e+04
5.643e-02 1.139e+04
5.720e-02 1.044e+04
5.630e-02 1.131e+04
5.367e-02 1.418e+04
5.802e-02 9.997e+03
5.766e-02 1.085e+04
5.688e-02 1.099e+04
6.216e-02 7.620e+03
5.816e-02 9.689e+03
5.813e-02 9.931e+03
5.794e-02 1.005e+04
5.487e-02 1.354e+04
5.987e-02 9.207e+03
5.838e-02 1.005e+04
5.954e-02 9.310e+03
5.902e-02 9.731e+03
5.710e-02 1.078e+04
5.594e-02 1.217e+04
5.420e-02 1.402e+04
5.792e-02 1.010e+04
5.550e-02 1.200e+04
5.554e-02 1.231e+04
5.746e-02 1.135e+04
5.604e-02 1.216e+04
5.824e-02 9.907e+03
5.911e-02 9.343e+03
5.342e-02 1.437e+04
5.749e-02 1.055e+04
5.619e-02 1.190e+04
5.561e-02 1.209e+04
5.841e-02 9.606e+03
5.807e-02 1.029e+04
5.970e-02 9.247e+03
5.510e-02 1.271e+04
5.660e-02 1.126e+04
5.803e-02 1.017e+04
5.837e-02 1.008e+04
5.904e-02 9.243e+03
5.921e-02 9.610e+03
5.517e-02 1.259e+04
6.043e-02 8.787e+03
6.030e-02 8.810e+03
6.091e-02 8.444e+03
5.732e-02 1.102e+04
5.431e-02 1.359e+04
5.834e-02 9.718e+03
6.042e-02 9.000e+03
5.640e-02 1.143e+04
5.604e-02 1.213e+04
5.837e-02 1.018e+04
5.584e-02 1.179e+04
6.179e-02 8.232e+03
6.041e-02 8.756e+03
5.789e-02 1.020e+04
5.876e-02 9.722e+03
5.876e-02 9.697e+03
5.568e-02 1.219e+04
5.921e-02 9.468e+03
5.729e-02 1.086e+04
5.746e-02 1.070e+04
5.732e-02 1.057e+04
5.484e-02 1.303e+04
5.726e-02 1.104e+04
5.902e-02 9.247e+03
5.870e-02 9.452e+03
5.887e-02 9.811e+03
5.713e-02 1.109e+04
5.874e-02 9.822e+03
5.632e-02 1.179e+04
5.555e-02 1.247e+04
5.840e-02 1.012e+04
5.716e-02 1.098e+04
5.968e-02 8.938e+03
5.581e-02 1.209e+04
5.537e-02 1.199e+04
5.476e-02 1.316e+04
5.858e-02 9.560e+03
6.163e-02 7.905e+03
5.517e-02 1.300e+04
6.054e-02 8.371e+03
6.052e-02 8.469e+03
5.522e-02 1.246e+04
5.426e-02 1.381e+04
5.742e-02 1.041e+04
5.599e-02 1.169e+04
5.484e-02 1.292e+04
5.809e-02 1.008e+04
5.786e-02 1.071e+04
5.737e-02 1.108e+04
5.856e-02 9.933e+03
5.986e-02 8.959e+03
5.733e-02 1.107e+04
5.833e-02 9.931e+03
5.597e-02 1.234e+04
5.599e-02 1.141e+04
5.526e-02 1.251e+04
5.736e-02 1.100e+04
5.960e-02 9.017e+03
5.867e-02 9.704e+03
5.611e-02 1.211e+04
5.783e-02 1.064e+04
5.839e-02 1.062e+04
5.920e-02 9.491e+03
5.806e-02 1.011e+04
5.547e-02 1.202e+04
5.488e-02 1.319e+04
5.798e-02 1.034e+04
5.850e-02 9.885e+03
5.808e-02 1.039e+04
6.085e-02 8.383e+03
5.604e-02 1.205e+04
5.848e-02 9.538e+03
5.749e-02 1.051e+04
5.833e-02 9.574e+03
5.871e-02 9.928e+03
5.718e-02 1.064e+04
5.828e-02 9.889e+03
5.770e-02 1.049e+04
5.510e-02 1.245e+04
5.680e-02 1.189e+04
5.454e-02 1.332e+04
5.676e-02 1.114e+04
5.744e-02 1.039e+04
5.488e-02 1.281e+04
5.633e-02 1.151e+04
5.899e-02 9.664e+03
5.606e-02 1.191e+04
5.713e-02 1.054e+04
5.494e-02 1.263e+04
5.583e-02 1.214e+04
5.756e-02 1.045e+04
5.576e-02 1.223e+04
5.516e-02 1.232e+04
5.379e-02 1.449e+04
5.823e-02 9.967e+03
5.819e-02 9.936e+03
5.682e-02 1.092e+04
5.765e-02 1.056e+04
5.923e-02 9.407e+03
5.763e-02 1.025e+04
5.837e-02 1.016e+04
5.869e-02 9.918e+03
5.371e-02 1.370e+04
5.888e-02 9.596e+03
6.000e-02 9.013e+03
5.641e-02 1.125e+04
6.111e-02 8.399e+03
5.623e-02 1.208e+04
6.234e-02 7.602e+03
5.560e-02 1.199e+04
5.510e-02 1.266e+04
5.658e-02 1.184e+04
5.388e-02 1.420e+04
5.967e-02 8.934e+03
5.465e-02 1.355e+04
5.586e-02 1.189e+04
6.351e-02 7.030e+03
6.157e-02 7.769e+03
5.729e-02 1.126e+04
5.522e-02 1.232e+04
6.138e-02 8.322e+03
5.522e-02 1.259e+04
5.894e-02 9.425e+03
5.479e-02 1.252e+04
5.888e-02 9.963e+03
5.955e-02 9.241e+03
5.540e-02 1.239e+04
5.758e-02 1.071e+04
6.111e-02 8.315e+03
5.512e-02 1.241e+04
5.601e-02 1.200e+04
5.657e-02 1.093e+04
6.027e-02 9.085e+03
6.023e-02 8.849e+03
5.664e-02 1.129e+04
6.007e-02 8.687e+03
5.960e-02 9.180e+03
6.028e-02 9.178e+03
5.731e-02 1.062e+04
6.195e-02 7.912e+03
5.843e-02 1.016e+04
5.767e-02 1.001e+04
5.976e-02 8.961e+03
5.969e-02 9.207e+03
5.801e-02 1.035e+04
5.946e-02 9.230e+03
5.779e-02 1.047e+04
5.310e-02 1.487e+04
5.539e-02 1.218e+04
5.998e-02 8.836e+03
5.787e-02 1.014e+04
5.841e-02 9.638e+03
5.608e-02 1.152e+04
5.640e-02 1.111e+04
5.737e-02 1.072e+04
5.951e-02 9.602e+03
5.883e-02 9.564e+03
5.525e-02 1.247e+04
5.889e-02 9.425e+03
5.767e-02 1.047e+04
5.769e-02 1.053e+04
5.706e-02 1.097e+04
5.775e-02 1.045e+04
5.662e-02 1.130e+04
5.697e-02 1.117e+04
5.730e-02 1.066e+04
5.637e-02 1.165e+04
5.710e-02 1.104e+04
5.837e-02 9.983e+03
5.855e-02 9.833e+03
5.779e-02 1.040e+04
6.250e-02 7.794e+03
5.787e-02 1.070e+04
5.445e-02 1.328e+04
5.526e-02 1.210e+04
5.788e-02 1.034e+04
5.932e-02 9.167e+03
5.538e-02 1.225e+04
5.841e-02 1.013e+04
5.934e-02 9.396e+03
6.019e-02 8.767e+03
6.021e-02 9.053e+03
5.960e-02 9.330e+03
5.644e-02 1.145e+04
5.778e-02 1.052e+04
5.996e-02 9.126e+03
5.554e-02 1.238e+04
5.573e-02 1.179e+04
5.278e-02 1.546e+04
5.881e-02 9.539e+03
5.820e-02 1.016e+04
6.106e-02 8.342e+03
5.702e-02 1.099e+04
5.926e-02 9.676e+03
5.571e-02 1.234e+04
5.807e-02 9.961e+03
5.990e-02 9.124e+03
5.696e-02 1.121e+04
5.781e-02 1.018e+04
5.568e-02 1.174e+04
5.449e-02 1.370e+04
5.859e-02 9.823e+03
5.675e-02 1.117e+04
5.757e-02 1.092e+04
5.863e-02 9.918e+03
5.799e-02 1.061e+04
5.593e-02 1.203e+04
5.402e-02 1.366e+04
5.686e-02 1.051e+04
5.680e-02 1.125e+04
5.726e-02 1.094e+04
5.408e-02 1.379e+04
5.660e-02 1.195e+04
5.784e-02 1.022e+04
6.286e-02 7.438e+03
6.080e-02 8.427e+03
5.601e-02 1.159e+04
5.491e-02 1.244e+04
5.750e-02 1.048e+04
5.670e-02 1.081e+04
5.863e-02 9.876e+03
5.595e-02 1.158e+04
5.583e-02 1.199e+04
5.529e-02 1.211e+04
5.671e-02 1.087e+04
5.590e-02 1.182e+04
5.782e-02 1.042e+04
5.662e-02 1.131e+04
6.073e-02 8.529e+03
5.730e-02 1.102e+04
5.719e-02 1.088e+04
5.325e-02 1.484e+04
5.731e-02 1.064e+04
5.946e-02 9.219e+03
5.918e-02 9.216e+03
6.132e-02 8.102e+03
5.603e-02 1.207e+04
5.726e-02 1.094e+04
5.941e-02 9.251e+03
5.671e-02 1.158e+04
5.931e-02 9.689e+03
5.796e-02 1.026e+04
5.551e-02 1.190e+04
5.697e-02 1.076e+04
5.585e-02 1.205e+04
5.693e-02 1.107e+04
5.563e-02 1.175e+04
5.661e-02 1.139e+04
5.638e-02 1.161e+04
5.819e-02 1.049e+04
5.580e-02 1.193e+04
6.013e-02 8.954e+03
5.875e-02 9.805e+03
5.564e-02 1.221e+04
5.490e-02 1.295e+04
5.334e-02 1.472e+04
6.169e-02 8.198e+03
5.614e-02 1.159e+04
5.626e-02 1.135e+04
5.735e-02 1.019e+04
5.488e-02 1.284e+04
5.697e-02 1.085e+04
5.807e-02 1.035e+04
5.885e-02 9.678e+03
5.736e-02 1.074e+04
5.583e-02 1.213e+04
5.918e-02 9.565e+03
5.719e-02 1.066e+04
5.889e-02 9.520e+03
5.752e-02 1.051e+04
6.009e-02 8.983e+03
5.695e-02 1.108e+04
5.861e-02 1.008e+04
5.966e-02 8.821e+03
5.665e-02 1.160e+04
5.776e-02 1.013e+04
5.849e-02 1.017e+04
5.938e-02 9.090e+03
6.173e-02 8.241e+03
5.735e-02 1.076e+04
5.906e-02 9.953e+03
6.007e-02 8.987e+03
6.017e-02 8.721e+03
5.834e-02 1.017e+04
5.845e-02 9.599e+03
5.737e-02 1.049e+04
5.832e-02 1.012e+04
5.557e-02 1.278e+04
5.806e-02 1.052e+04
6.003e-02 8.687e+03
5.861e-02 9.728e+03
5.767e-02 1.060e+04
5.644e-02 1.145e+04
5.764e-02 1.042e+04
5.635e-02 1.157e+04
5.712e-02 1.101e+04
5.802e-02 1.001e+04
5.889e-02 9.133e+03
5.649e-02 1.153e+04
5.714e-02 1.089e+04
5.865e-02 9.658e+03
5.635e-02 1.175e+04
5.868e-02 9.873e+03
5.611e-02 1.149e+04
6.119e-02 8.562e+03
5.651e-02 1.133e+04
5.729e-02 1.111e+04
5.757e-02 1.046e+04
5.845e-02 9.911e+03
5.347e-02 1.421e+04
5.557e-02 1.228e+04
5.808e-02 1.005e+04
5.906e-02 9.634e+03
6.074e-02 8.578e+03
5.499e-02 1.240e+04
5.788e-02 1.041e+04
5.358e-02 1.462e+04
6.478e-02 6.414e+03
5.688e-02 1.066e+04
5.662e-02 1.153e+04
5.753e-02 1.065e+04
6.168e-02 8.170e+03
5.367e-02 1.418e+04
5.919e-02 9.597e+03
6.088e-02 8.366e+03
6.146e-02 8.350e+03
5.864e-02 1.013e+04
5.462e-02 1.302e+04
6.215e-02 7.667e+03
5.652e-02 1.100e+04
5.634e-02 1.160e+04
5.944e-02 9.518e+03
6.187e-02 8.349e+03
5.562e-02 1.189e+04
5.542e-02 1.265e+04
5.340e-02 1.431e+04
5.656e-02 1.150e+04
5.776e-02 1.017e+04
5.888e-02 9.892e+03
5.731e-02 1.087e+04
5.731e-02 1.054e+04
5.847e-02 9.996e+03
5.610e-02 1.210e+04
5.793e-02 1.046e+04
5.802e-02 9.659e+03
5.677e-02 1.082e+04
5.885e-02 9.889e+03
5.916e-02 9.639e+03
6.004e-02 9.087e+03
5.798e-02 1.021e+04
5.708e-02 1.107e+04
5.883e-02 9.283e+03
5.903e-02 9.229e+03
5.801e-02 1.015e+04
5.637e-02 1.148e+04
5.554e-02 1.171e+04
5.648e-02 1.173e+04
5.897e-02 9.541e+03
5.597e-02 1.172e+04
5.705e-02 1.122e+04
5.533e-02 1.262e+04
5.904e-02 9.258e+03
5.658e-02 1.139e+04
5.644e-02 1.185e+04
5.600e-02 1.197e+04
5.922e-02 9.598e+03
5.524e-02 1.222e+04
5.646e-02 1.118e+04
5.604e-02 1.185e+04
5.938e-02 9.347e+03
5.503e-02 1.264e+04
6.157e-02 8.222e+03
5.481e-02 1.294e+04
5.549e-02 1.250e+04
5.906e-02 9.587e+03
5.845e-02 1.006e+04
5.953e-02 9.280e+03
5.907e-02 9.698e+03
5.445e-02 1.350e+04
5.964e-02 9.178e+03
5.898e-02 9.350e+03
5.499e-02 1.236e+04
5.524e-02 1.256e+04
5.958e-02 9.250e+03
5.515e-02 1.281e+04
5.548e-02 1.247e+04
5.820e-02 9.900e+03
5.687e-02 1.100e+04
5.790e-02 9.853e+03
5.603e-02 1.196e+04
5.771e-02 1.054e+04
5.733e-02 1.072e+04
5.513e-02 1.256e+04
5.448e-02 1.362e+04
5.680e-02 1.124e+04
5.847e-02 9.856e+03
5.334e-02 1.459e+04
5.500e-02 1.310e+04
6.001e-02 8.591e+03
5.686e-02 1.110e+04
5.773e-02 1.047e+04
5.631e-02 1.131e+04
6.073e-02 8.755e+03
5.722e-02 1.044e+04
5.598e-02 1.215e+04
5.541e-02 1.263e+04
5.939e-02 9.351e+03
5.829e-02 9.879e+03
5.814e-02 1.003e+04
5.928e-02 9.308e+03
5.731e-02 1.098e+04
5.811e-02 1.007e+04
5.892e-02 9.655e+03
5.815e-02 1.030e+04
5.950e-02 9.195e+03
5.593e-02 1.225e+04
6.054e-02 8.508e+03
5.750e-02 1.065e+04
5.733e-02 1.069e+04
5.623e-02 1.183e+04
5.584e-02 1.243e+04
5.514e-02 1.278e+04
5.993e-02 8.900e+03
5.686e-02 1.129e+04
5.600e-02 1.189e+04
5.629e-02 1.201e+04
5.878e-02 9.400e+03
5.775e-02 1.056e+04
5.322e-02 1.467e+04
5.541e-02 1.241e+04
5.717e-02 1.082e+04
5.463e-02 1.286e+04
5.951e-02 9.273e+03
5.720e-02 1.086e+04
5.941e-02 9.034e+03
5.863e-02 9.979e+03
5.523e-02 1.263e+04
5.872e-02 9.682e+03
5.822e-02 9.914e+03
5.863e-02 1.005e+04
5.568e-02 1.194e+04
5.551e-02 1.256e+04
5.900e-02 9.480e+03
5.528e-02 1.244e+04
5.894e-02 9.372e+03
5.759e-02 1.038e+04
5.615e-02 1.130e+04
5.441e-02 1.369e+04
5.470e-02 1.290e+04
5.884e-02 9.649e+03
5.783e-02 1.012e+04
5.652e-02 1.132e+04
5.927e-02 9.464e+03
5.840e-02 9.798e+03
5.563e-02 1.204e+04
5.598e-02 1.157e+04
5.597e-02 1.151e+04
5.818e-02 1.017e+04
5.757e-02 1.027e+04
5.804e-02 1.015e+04
5.541e-02 1.253e+04
5.737e-02 1.050e+04
5.816e-02 1.016e+04
5.612e-02 1.189e+04
5.833e-02 9.790e+03
5.493e-02 1.267e+04
5.798e-02 1.039e+04
5.684e-02 1.120e+04
5.619e-02 1.147e+04
5.810e-02 9.915e+03
6.242e-02 7.933e+03
5.401e-02 1.353e+04
5.807e-02 1.025e+04
5.620e-02 1.149e+04
5.794e-02 1.048e+04
5.660e-02 1.133e+04
5.402e-02 1.349e+04
5.722e-02 1.088e+04
5.662e-02 1.180e+04
5.719e-02 1.080e+04
5.724e-02 1.070e+04
5.632e-02 1.128e+04
5.665e-02 1.124e+04
5.714e-02 1.052e+04
5.794e-02 1.029e+04
5.519e-02 1.295e+04
5.631e-02 1.159e+04
5.901e-02 9.682e+03
6.125e-02 8.102e+03
5.372e-02 1.434e+04
5.466e-02 1.264e+04
5.580e-02 1.204e+04
5.233e-02 1.579e+04
5.601e-02 1.198e+04
5.820e-02 9.772e+03
5.753e-02 1.072e+04
5.302e-02 1.508e+04
5.697e-02 1.109e+04
5.659e-02 1.157e+04
5.664e-02 1.121e+04
5.826e-02 1.022e+04
5.778e-02 1.046e+04
5.960e-02 9.522e+03
5.792e-02 9.568e+03
5.681e-02 1.165e+04
5.538e-02 1.242e+04
5.674e-02 1.149e+04
5.549e-02 1.253e+04
5.710e-02 1.133e+04
5.462e-02 1.287e+04
5.707e-02 1.131e+04
5.747e-02 1.038e+04
5.938e-02 9.051e+03
5.661e-02 1.086e+04
5.617e-02 1.221e+04
5.480e-02 1.308e+04
5.924e-02 9.328e+03
5.377e-02 1.441e+04
5.847e-02 9.999e+03
5.471e-02 1.327e+04
5.582e-02 1.191e+04
5.777e-02 1.040e+04
5.645e-02 1.179e+04
5.530e-02 1.255e+04
5.679e-02 1.129e+04
6.068e-02 8.541e+03
5.726e-02 1.083e+04
5.913e-02 9.706e+03
5.837e-02 1.028e+04
6.000e-02 8.944e+03
5.601e-02 1.255e+04
5.701e-02 1.125e+04
5.862e-02 9.909e+03
5.748e-02 1.062e+04
5.622e-02 1.184e+04
5.713e-02 1.126e+04
5.789e-02 1.016e+04
5.408e-02 1.407e+04
5.612e-02 1.127e+04
6.057e-02 8.362e+03
6.014e-02 8.931e+03
5.352e-02 1.457e+04
6.005e-02 8.793e+03
5.956e-02 9.282e+03
5.885e-02 9.843e+03
5.750e-02 1.066e+04
5.597e-02 1.189e+04
5.710e-02 1.094e+04
5.855e-02 9.704e+03
5.737e-02 1.094e+04
5.454e-02 1.277e+04
5.575e-02 1.203e+04
5.804e-02 9.901e+03
5.535e-02 1.248e+04
6.028e-02 8.780e+03
5.519e-02 1.286e+04
5.674e-02 1.130e+04
5.871e-02 1.014e+04
5.961e-02 9.171e+03
5.796e-02 1.001e+04
6.114e-02 8.355e+03
5.892e-02 9.710e+03
5.382e-02 1.456e+04
5.724e-02 1.080e+04
5.554e-02 1.189e+04
5.646e-02 1.144e+04
5.800e-02 9.924e+03
5.731e-02 1.056e+04
5.619e-02 1.158e+04
6.200e-02 7.747e+03
5.880e-02 9.506e+03
5.481e-02 1.290e+04
5.524e-02 1.274e+04
5.729e-02 1.090e+04
5.773e-02 1.042e+04
6.571e-02 6.188e+03
5.415e-02 1.356e+04
6.181e-02 8.239e+03
5.507e-02 1.288e+04
6.007e-02 8.891e+03
5.850e-02 9.672e+03
5.871e-02 1.013e+04
5.586e-02 1.233e+04
5.765e-02 1.059e+04
5.528e-02 1.206e+04
5.363e-02 1.443e+04
5.800e-02 1.005e+04
5.570e-02 1.230e+04
5.656e-02 1.180e+04
5.935e-02 9.445e+03
5.639e-02 1.152e+04
5.522e-02 1.283e+04
5.539e-02 1.247e+04
5.675e-02 1.118e+04
5.520e-02 1.290e+04
5.675e-02 1.131e+04
6.012e-02 9.191e+03
5.798e-02 1.046e+04
5.555e-02 1.213e+04
5.908e-02 9.316e+03
5.660e-02 1.163e+04
5.876e-02 9.818e+03
5.690e-02 1.092e+04
5.621e-02 1.169e+04
5.619e-02 1.164e+04
5.712e-02 1.079e+04
5.659e-02 1.126e+04
6.107e-02 8.153e+03
6.193e-02 7.734e+03
6.195e-02 8.063e+03
5.888e-02 9.546e+03
5.682e-02 1.158e+04
5.469e-02 1.320e+04
5.758e-02 1.014e+04
5.603e-02 1.195e+04
5.488e-02 1.294e+04
5.842e-02 9.949e+03
5.693e-02 1.075e+04
5.908e-02 9.500e+03
5.608e-02 1.175e+04
5.749e-02 1.100e+04
5.879e-02 9.930e+03
5.928e-02 9.389e+03
5.768e-02 1.054e+04
5.756e-02 1.061e+04
5.699e-02 1.119e+04
5.629e-02 1.171e+04
5.997e-02 8.988e+03
5.716e-02 1.143e+04
5.863e-02 9.878e+03
5.559e-02 1.268e+04
5.652e-02 1.130e+04
5.653e-02 1.091e+04
5.605e-02 1.202e+04
5.685e-02 1.104e+04
5.669e-02 1.167e+04
5.784e-02 1.037e+04
5.974e-02 9.444e+03
5.518e-02 1.249e+04
5.527e-02 1.244e+04
5.515e-02 1.281e+04
5.623e-02 1.149e+04
5.488e-02 1.311e+04
5.451e-02 1.334e+04
6.164e-02 8.022e+03
5.660e-02 1.163e+04
5.493e-02 1.308e+04
5.746e-02 1.053e+04
5.802e-02 9.749e+03
5.420e-02 1.333e+04
5.510e-02 1.272e+04
6.177e-02 8.015e+03
5.768e-02 1.010e+04
6.169e-02 8.238e+03
5.639e-02 1.151e+04
5.634e-02 1.152e+04
5.695e-02 1.141e+04
5.563e-02 1.201e+04
5.669e-02 1.106e+04
5.833e-02 9.980e+03
5.886e-02 1.008e+04
5.815e-02 1.038e+04
5.795e-02 1.035e+04
5.756e-02 1.091e+04
6.068e-02 8.652e+03
5.442e-02 1.368e+04
5.510e-02 1.256e+04
5.464e-02 1.336e+04
5.690e-02 1.088e+04
5.741e-02 1.077e+04
5.563e-02 1.240e+04
6.086e-02 8.640e+03
5.863e-02 9.901e+03
5.686e-02 1.132e+04
5.642e-02 1.172e+04
5.849e-02 1.008e+04
5.915e-02 9.410e+03
5.635e-02 1.172e+04
5.762e-02 1.003e+04
5.642e-02 1.161e+04
5.466e-02 1.340e+04
5.620e-02 1.177e+04
5.929e-02 9.256e+03
5.506e-02 1.276e+04
5.839e-02 9.718e+03
6.063e-02 8.826e+03
5.912e-02 9.522e+03
5.952e-02 9.382e+03
5.439e-02 1.364e+04
5.915e-02 9.256e+03
5.668e-02 1.126e+04
6.070e-02 8.969e+03
5.566e-02 1.265e+04
5.696e-02 1.142e+04
5.531e-02 1.273e+04
5.918e-02 9.591e+03
5.660e-02 1.149e+04
5.950e-02 9.455e+03
5.763e-02 1.040e+04
5.808e-02 1.053e+04
5.718e-02 1.074e+04
5.910e-02 9.859e+03
6.208e-02 7.897e+03
5.845e-02 1.011e+04
5.346e-02 1.408e+04
5.601e-02 1.159e+04
5.953e-02 8.923e+03
5.694e-02 1.091e+04
5.958e-02 9.052e+03
5.619e-02 1.173e+04
5.651e-02 1.160e+04
5.722e-02 1.089e+04
5.638e-02 1.169e+04
5.572e-02 1.270e+04
5.947e-02 9.285e+03
5.713e-02 1.072e+04
5.910e-02 9.535e+03
5.637e-02 1.202e+04
5.888e-02 9.530e+03
5.630e-02 1.183e+04
5.843e-02 9.745e+03
6.108e-02 8.711e+03
5.675e-02 1.110e+04
5.768e-02 1.080e+04
5.725e-02 1.055e+04
5.807e-02 1.011e+04
5.887e-02 9.605e+03
5.744e-02 1.049e+04
6.040e-02 8.511e+03
5.796e-02 1.024e+04
5.753e-02 1.055e+04
5.653e-02 1.203e+04
5.743e-02 1.024e+04
5.455e-02 1.308e+04
5.931e-02 9.546e+03
5.510e-02 1.324e+04
5.862e-02 9.770e+03
5.738e-02 1.067e+04
5.574e-02 1.230e+04
5.596e-02 1.173e+04
5.691e-02 1.116e+04
5.536e-02 1.211e+04
5.598e-02 1.204e+04
5.756e-02 1.064e+04
5.743e-02 1.035e+04
5.506e-02 1.244e+04
5.967e-02 9.294e+03
5.955e-02 9.294e+03
5.581e-02 1.183e+04
5.798e-02 1.015e+04
6.057e-02 8.746e+03
5.887e-02 9.455e+03
6.241e-02 7.458e+03
5.876e-02 9.662e+03
5.582e-02 1.202e+04
6.064e-02 8.497e+03
5.854e-02 9.735e+03
5.858e-02 1.039e+04
5.634e-02 1.145e+04
5.810e-02 1.033e+04
5.490e-02 1.341e+04
5.507e-02 1.263e+04
5.845e-02 1.026e+04
6.095e-02 8.219e+03
5.573e-02 1.176e+04
6.065e-02 8.395e+03
5.386e-02 1.394e+04
5.559e-02 1.184e+04
5.853e-02 9.720e+03
5.854e-02 1.005e+04
5.895e-02 9.478e+03
5.752e-02 1.063e+04
5.953e-02 9.274e+03
5.702e-02 1.058e+04
5.818e-02 1.023e+04
5.987e-02 9.509e+03
5.964e-02 9.129e+03
5.409e-02 1.371e+04
5.519e-02 1.291e+04
5.951e-02 9.296e+03
5.800e-02 1.024e+04
5.513e-02 1.271e+04
5.589e-02 1.179e+04
5.615e-02 1.201e+04
5.584e-02 1.216e+04
5.560e-02 1.216e+04
5.930e-02 9.387e+03
5.910e-02 9.758e+03
5.776e-02 1.014e+04
5.823e-02 9.852e+03
5.683e-02 1.103e+04
5.964e-02 9.270e+03
5.866e-02 9.889e+03
5.689e-02 1.104e+04
5.645e-02 1.119e+04
5.684e-02 1.141e+04
5.830e-02 9.904e+03
6.116e-02 8.189e+03
5.913e-02 9.488e+03
5.835e-02 1.012e+04
5.824e-02 1.030e+04
5.751e-02 1.097e+04
5.511e-02 1.294e+04
5.878e-02 9.484e+03
5.673e-02 1.116e+04
5.771e-02 1.051e+04
5.529e-02 1.238e+04
5.769e-02 1.066e+04
5.625e-02 1.140e+04
5.960e-02 9.287e+03
5.780e-02 1.041e+04
5.570e-02 1.200e+04
5.997e-02 8.714e+03
5.362e-02 1.398e+04
5.836e-02 9.943e+03
5.606e-02 1.199e+04
5.808e-02 1.051e+04
5.431e-02 1.366e+04
5.582e-02 1.171e+04
6.009e-02 8.649e+03
5.626e-02 1.180e+04
5.730e-02 1.057e+04
5.558e-02 1.207e+04
5.472e-02 1.278e+04
5.816e-02 9.909e+03
5.612e-02 1.195e+04
6.104e-02 8.336e+03
5.912e-02 9.018e+03
5.810e-02 1.020e+04
5.770e-02 1.054e+04
6.010e-02 8.778e+03
5.571e-02 1.208e+04
5.780e-02 1.041e+04
5.493e-02 1.306e+04
5.814e-02 1.019e+04
5.876e-02 9.719e+03
5.593e-02 1.138e+04
5.639e-02 1.136e+04
5.464e-02 1.344e+04
6.092e-02 8.608e+03
5.857e-02 9.435e+03
5.951e-02 9.281e+03
6.043e-02 8.816e+03
5.735e-02 1.118e+04
5.651e-02 1.123e+04
5.647e-02 1.117e+04
5.825e-02 9.729e+03
5.809e-02 1.038e+04
5.794e-02 1.022e+04
5.695e-02 1.112e+04
6.075e-02 8.189e+03
5.635e-02 1.136e+04
5.746e-02 1.107e+04
5.553e-02 1.221e+04
5.899e-02 9.496e+03
5.645e-02 1.138e+04
5.736e-02 1.087e+04
5.683e-02 1.112e+04
5.949e-02 9.348e+03
5.560e-02 1.244e+04
6.295e-02 7.429e+03
5.926e-02 9.616e+03
5.302e-02 1.497e+04
5.959e-02 9.182e+03
5.965e-02 9.136e+03
5.808e-02 1.034e+04
5.362e-02 1.430e+04
5.765e-02 1.082e+04
5.630e-02 1.114e+04
5.841e-02 1.008e+04
5.561e-02 1.264e+04
5.761e-02 1.055e+04
5.870e-02 9.452e+03
5.373e-02 1.441e+04
5.548e-02 1.245e+04
5.873e-02 9.698e+03
6.048e-02 8.582e+03
5.847e-02 1.017e+04
5.610e-02 1.239e+04
5.748e-02 1.087e+04
5.686e-02 1.130e+04
5.591e-02 1.179e+04
5.827e-02 1.032e+04
6.010e-02 9.203e+03
5.706e-02 1.103e+04
5.953e-02 9.275e+03
5.463e-02 1.325e+04
5.552e-02 1.204e+04
5.670e-02 1.113e+04
6.103e-02 8.283e+03
5.505e-02 1.289e+04
5.914e-02 9.624e+03
5.859e-02 1.037e+04
5.728e-02 1.115e+04
5.847e-02 9.479e+03
5.699e-02 1.120e+04
5.700e-02 1.127e+04
5.328e-02 1.474e+04
6.149e-02 8.082e+03
5.944e-02 9.286e+03
5.819e-02 9.893e+03
5.884e-02 9.394e+03
5.731e-02 1.080e+04
5.452e-02 1.299e+04
5.807e-02 1.003e+04
5.830e-02 9.907e+03
5.788e-02 1.035e+04
5.770e-02 1.044e+04
5.832e-02 1.032e+04
5.633e-02 1.178e+04
5.634e-02 1.144e+04
5.859e-02 9.709e+03
5.618e-02 1.150e+04
5.731e-02 1.054e+04
5.755e-02 1.065e+04
5.725e-02 1.094e+04
6.086e-02 8.394e+03
5.458e-02 1.280e+04
5.668e-02 1.137e+04
5.467e-02 1.321e+04
5.860e-02 9.438e+03
5.819e-02 9.982e+03
5.634e-02 1.156e+04
5.942e-02 8.999e+03
5.737e-02 1.065e+04
5.602e-02 1.199e+04
5.504e-02 1.231e+04
5.938e-02 9.089e+03
5.730e-02 1.052e+04
5.501e-02 1.275e+04
5.837e-02 1.040e+04
5.404e-02 1.356e+04
5.855e-02 9.855e+03
6.105e-02 8.323e+03
5.641e-02 1.086e+04
5.629e-02 1.148e+04
5.595e-02 1.166e+04
5.443e-02 1.324e+04
5.376e-02 1.426e+04
6.250e-02 7.676e+03
5.829e-02 1.020e+04
5.670e-02 1.081e+04
5.715e-02 1.097e+04
5.474e-02 1.351e+04
5.685e-02 1.142e+04
5.402e-02 1.394e+04
5.917e-02 9.748e+03
5.561e-02 1.208e+04
5.958e-02 9.459e+03
5.822e-02 9.719e+03
5.705e-02 1.100e+04
5.652e-02 1.092e+04
5.903e-02 9.322e+03
5.415e-02 1.381e+04
6.197e-02 8.096e+03
5.534e-02 1.248e+04
6.013e-02 8.887e+03
5.664e-02 1.152e+04
5.693e-02 1.102e+04
5.576e-02 1.180e+04
5.712e-02 1.077e+04
6.079e-02 8.163e+03
5.612e-02 1.177e+04
5.540e-02 1.229e+04
5.906e-02 9.686e+03
5.794e-02 1.028e+04
5.526e-02 1.260e+04
5.978e-02 9.052e+03
5.770e-02 1.058e+04
5.667e-02 1.097e+04
5.658e-02 1.067e+04
6.082e-02 8.612e+03
5.491e-02 1.235e+04
5.649e-02 1.154e+04
5.716e-02 1.074e+04
5.953e-02 8.784e+03
5.714e-02 1.125e+04
5.517e-02 1.279e+04
5.655e-02 1.151e+04
5.913e-02 9.444e+03
5.905e-02 9.280e+03
5.488e-02 1.296e+04
5.960e-02 9.361e+03
5.624e-02 1.140e+04
5.665e-02 1.120e+04
5.816e-02 1.019e+04
5.540e-02 1.221e+04
5.967e-02 9.084e+03
5.957e-02 9.437e+03
6.012e-02 9.052e+03
5.924e-02 9.575e+03
5.683e-02 1.156e+04
5.985e-02 8.738e+03
5.981e-02 9.006e+03
5.471e-02 1.324e+04
5.328e-02 1.466e+04
5.775e-02 1.027e+04
5.877e-02 9.467e+03
5.734e-02 1.093e+04
5.530e-02 1.220e+04
5.636e-02 1.161e+04
5.727e-02 1.067e+04
5.664e-02 1.111e+04
5.758e-02 1.063e+04
5.994e-02 9.057e+03
5.705e-02 1.083e+04
5.912e-02 9.452e+03
5.870e-02 9.850e+03
5.685e-02 1.157e+04
5.614e-02 1.154e+04
5.744e-02 1.050e+04
6.041e-02 8.839e+03
5.530e-02 1.248e+04
5.951e-02 9.492e+03
5.772e-02 1.007e+04
5.570e-02 1.216e+04
5.892e-02 9.448e+03
5.426e-02 1.317e+04
5.745e-02 1.068e+04
5.549e-02 1.247e+04
6.003e-02 9.140e+03
5.646e-02 1.135e+04
5.597e-02 1.157e+04
5.723e-02 1.091e+04
5.812e-02 1.030e+04
5.752e-02 1.060e+04
6.030e-02 8.623e+03
5.871e-02 9.055e+03
5.551e-02 1.173e+04
5.351e-02 1.416e+04
5.601e-02 1.186e+04
5.682e-02 1.111e+04
5.764e-02 1.056e+04
5.677e-02 1.137e+04
5.682e-02 1.131e+04
5.613e-02 1.154e+04
5.599e-02 1.166e+04
5.817e-02 1.000e+04
5.780e-02 1.010e+04
5.611e-02 1.159e+04
6.265e-02 7.720e+03
5.767e-02 1.056e+04
5.839e-02 1.001e+04
5.603e-02 1.218e+04
5.523e-02 1.288e+04
5.613e-02 1.165e+04
5.610e-02 1.184e+04
5.781e-02 1.075e+04
5.580e-02 1.194e+04
5.611e-02 1.208e+04
5.854e-02 9.626e+03
5.589e-02 1.221e+04
5.901e-02 9.358e+03
5.784e-02 1.048e+04
5.869e-02 1.004e+04
5.577e-02 1.179e+04
5.969e-02 9.040e+03
5.705e-02 1.119e+04
5.563e-02 1.227e+04
5.603e-02 1.195e+04
5.921e-02 9.433e+03
5.740e-02 1.087e+04
5.546e-02 1.260e+04
5.807e-02 1.009e+04
5.844e-02 1.005e+04
5.709e-02 1.152e+04
5.578e-02 1.205e+04
5.839e-02 1.037e+04
5.587e-02 1.202e+04
5.543e-02 1.234e+04
5.839e-02 9.939e+03
5.766e-02 1.091e+04
5.830e-02 1.028e+04
5.983e-02 9.101e+03
5.694e-02 1.076e+04
5.578e-02 1.208e+04
5.726e-02 1.043e+04
5.559e-02 1.234e+04
6.002e-02 8.953e+03
5.647e-02 1.132e+04
5.936e-02 9.300e+03
5.373e-02 1.383e+04
5.637e-02 1.174e+04
5.868e-02 9.714e+03
5.690e-02 1.102e+04
5.668e-02 1.121e+04
5.760e-02 1.019e+04
5.649e-02 1.156e+04
5.655e-02 1.141e+04
5.736e-02 1.056e+04
5.920e-02 9.726e+03
5.726e-02 1.107e+04
5.996e-02 9.496e+03
5.939e-02 9.335e+03
5.633e-02 1.177e+04
6.005e-02 8.608e+03
5.709e-02 1.137e+04
5.619e-02 1.139e+04
5.926e-02 8.987e+03
5.492e-02 1.281e+04
5.722e-02 1.017e+04
5.563e-02 1.210e+04
5.634e-02 1.155e+04
6.100e-02 8.039e+03
5.596e-02 1.176e+04
5.768e-02 1.058e+04
5.525e-02 1.241e+04
5.923e-02 9.529e+03
5.731e-02 1.062e+04
5.546e-02 1.201e+04
5.737e-02 1.082e+04
5.865e-02 9.786e+03
5.626e-02 1.186e+04
5.746e-02 1.037e+04
5.458e-02 1.327e+04
5.728e-02 1.073e+04
5.637e-02 1.177e+04
5.759e-02 1.037e+04
5.609e-02 1.237e+04
5.783e-02 1.036e+04
5.507e-02 1.258e+04
5.718e-02 1.052e+04
5.513e-02 1.231e+04
6.043e-02 8.358e+03
5.850e-02 9.523e+03
5.784e-02 1.015e+04
5.814e-02 1.004e+04
5.550e-02 1.212e+04
5.887e-02 9.857e+03
5.442e-02 1.378e+04
5.714e-02 1.094e+04
5.951e-02 9.229e+03
5.677e-02 1.112e+04
5.811e-02 1.007e+04
6.018e-02 9.046e+03
5.388e-02 1.368e+04
5.775e-02 1.017e+04
5.392e-02 1.378e+04
5.484e-02 1.316e+04
5.537e-02 1.220e+04
5.937e-02 9.302e+03
5.850e-02 9.764e+03
5.865e-02 9.623e+03
5.857e-02 9.764e+03
5.663e-02 1.111e+04
5.495e-02 1.257e+04
5.967e-02 8.722e+03
5.684e-02 1.124e+04
5.520e-02 1.222e+04
5.574e-02 1.188e+04
6.256e-02 7.678e+03
5.486e-02 1.279e+04
5.715e-02 1.050e+04
5.794e-02 1.024e+04
5.451e-02 1.350e+04
5.746e-02 1.036e+04
5.964e-02 9.163e+03
5.652e-02 1.129e+04
5.727e-02 1.102e+04
6.100e-02 8.373e+03
5.665e-02 1.110e+04
5.896e-02 9.308e+03
5.519e-02 1.251e+04
5.268e-02 1.516e+04
5.482e-02 1.304e+04
5.490e-02 1.266e+04
5.639e-02 1.139e+04
5.625e-02 1.187e+04
5.680e-02 1.142e+04
5.760e-02 1.033e+04
5.713e-02 1.091e+04
5.776e-02 1.024e+04
5.578e-02 1.246e+04
5.865e-02 9.753e+03
5.738e-02 1.019e+04
6.022e-02 8.785e+03
5.529e-02 1.233e+04
5.870e-02 9.628e+03
6.014e-02 8.708e+03
5.623e-02 1.139e+04
5.523e-02 1.321e+04
5.843e-02 9.617e+03
5.826e-02 9.861e+03
5.529e-02 1.225e+04
5.806e-02 1.044e+04
5.821e-02 9.492e+03
5.926e-02 9.355e+03
6.114e-02 8.220e+03
5.534e-02 1.323e+04
5.764e-02 1.056e+04
5.639e-02 1.168e+04
5.845e-02 9.981e+03
5.662e-02 1.199e+04
5.441e-02 1.275e+04
5.957e-02 9.116e+03
5.885e-02 9.388e+03
5.973e-02 8.983e+03
5.758e-02 1.045e+04
5.429e-02 1.313e+04
6.276e-02 7.509e+03
5.950e-02 9.151e+03
5.788e-02 1.042e+04
5.721e-02 1.069e+04
6.187e-02 7.994e+03
5.628e-02 1.127e+04
5.462e-02 1.328e+04
5.793e-02 1.051e+04
5.672e-02 1.164e+04
5.811e-02 1.047e+04
5.449e-02 1.375e+04
5.972e-02 9.330e+03
5.646e-02 1.185e+04
5.583e-02 1.232e+04
5.999e-02 9.026e+03
5.820e-02 1.040e+04
5.620e-02 1.170e+04
5.848e-02 1.022e+04
5.622e-02 1.156e+04
5.695e-02 1.093e+04
5.804e-02 1.031e+04
5.550e-02 1.217e+04
5.644e-02 1.181e+04
5.941e-02 9.480e+03
5.678e-02 1.095e+04
5.884e-02 9.724e+03
5.734e-02 1.058e+04
5.821e-02 1.028e+04
5.787e-02 1.017e+04
6.241e-02 7.493e+03
5.511e-02 1.258e+04
5.876e-02 9.565e+03
5.505e-02 1.246e+04
6.011e-02 8.790e+03
5.607e-02 1.222e+04
5.677e-02 1.126e+04
5.817e-02 1.017e+04
5.807e-02 1.012e+04
5.917e-02 9.763e+03
5.538e-02 1.229e+04
5.504e-02 1.274e+04
5.827e-02 9.858e+03
5.788e-02 1.076e+04
5.495e-02 1.282e+04
5.744e-02 1.061e+04
5.811e-02 1.039e+04
5.918e-02 9.527e+03
5.518e-02 1.221e+04
5.697e-02 1.123e+04
5.721e-02 1.079e+04
5.865e-02 1.022e+04
5.678e-02 1.134e+04
6.139e-02 8.158e+03
5.921e-02 9.783e+03
6.064e-02 8.576e+03
5.514e-02 1.230e+04
5.827e-02 1.016e+04
5.720e-02 1.104e+04
5.619e-02 1.139e+04
5.694e-02 1.078e+04
5.721e-02 1.057e+04
5.730e-02 1.053e+04
5.444e-02 1.368e+04
5.754e-02 1.087e+04
6.006e-02 8.842e+03
5.763e-02 1.065e+04
5.603e-02 1.178e+04
5.810e-02 1.037e+04
5.886e-02 9.534e+03
5.946e-02 9.480e+03
5.876e-02 9.922e+03
5.837e-02 1.016e+04
5.881e-02 9.901e+03
5.866e-02 9.727e+03
5.751e-02 1.053e+04
5.553e-02 1.211e+04
6.234e-02 7.693e+03
5.469e-02 1.342e+04
5.720e-02 1.108e+04
5.968e-02 9.003e+03
5.820e-02 9.837e+03
5.393e-02 1.395e+04
5.691e-02 1.094e+04
5.724e-02 1.074e+04
5.989e-02 9.055e+03
6.222e-02 7.704e+03
5.689e-02 1.098e+04
5.781e-02 1.005e+04
5.701e-02 1.127e+04
5.712e-02 1.090e+04
5.799e-02 1.022e+04
5.526e-02 1.251e+04
5.905e-02 9.399e+03
5.592e-02 1.188e+04
5.686e-02 1.110e+04
6.019e-02 8.935e+03
6.009e-02 8.889e+03
5.948e-02 8.861e+03
5.502e-02 1.241e+04
5.787e-02 9.966e+03
5.489e-02 1.270e+04
5.940e-02 9.509e+03
5.713e-02 1.102e+04
5.584e-02 1.186e+04
5.510e-02 1.241e+04
5.959e-02 8.862e+03
5.796e-02 1.062e+04
5.612e-02 1.166e+04
5.749e-02 1.095e+04
5.741e-02 1.060e+04
5.884e-02 9.571e+03
5.521e-02 1.269e+04
5.664e-02 1.110e+04
5.906e-02 9.388e+03
5.519e-02 1.260e+04
5.658e-02 1.136e+04
5.728e-02 1.064e+04
5.796e-02 1.016e+04
5.827e-02 1.052e+04
5.678e-02 1.098e+04
5.756e-02 1.041e+04
5.713e-02 1.037e+04
5.525e-02 1.209e+04
5.812e-02 1.014e+04
5.555e-02 1.218e+04
5.322e-02 1.454e+04
6.136e-02 8.252e+03
5.735e-02 1.045e+04
5.896e-02 9.383e+03
5.765e-02 1.059e+04
5.639e-02 1.142e+04
5.528e-02 1.242e+04
6.042e-02 9.072e+03
5.930e-02 9.291e+03
5.698e-02 1.107e+04
6.017e-02 8.795e+03
5.587e-02 1.193e+04
5.262e-02 1.592e+04
5.643e-02 1.114e+04
5.794e-02 1.032e+04
5.751e-02 1.090e+04
5.728e-02 1.098e+04
5.812e-02 1.026e+04
5.387e-02 1.434e+04
5.625e-02 1.145e+04
5.667e-02 1.162e+04
5.636e-02 1.161e+04
5.533e-02 1.219e+04
5.659e-02 1.158e+04
5.995e-02 9.149e+03
6.341e-02 6.943e+03
5.764e-02 1.053e+04
5.809e-02 1.025e+04
5.976e-02 8.651e+03
5.690e-02 1.128e+04
5.761e-02 1.043e+04
5.933e-02 9.048e+03
5.689e-02 1.123e+04
5.704e-02 1.099e+04
5.730e-02 1.117e+04
5.613e-02 1.230e+04
5.495e-02 1.302e+04
5.615e-02 1.165e+04
5.767e-02 1.072e+04
5.865e-02 9.431e+03
5.645e-02 1.239e+04
5.861e-02 1.001e+04
5.752e-02 1.041e+04
5.298e-02 1.484e+04
5.771e-02 1.031e+04
5.495e-02 1.282e+04
5.668e-02 1.071e+04
5.788e-02 9.939e+03
5.897e-02 9.526e+03
5.711e-02 1.079e+04
5.632e-02 1.131e+04
5.866e-02 9.832e+03
5.782e-02 1.011e+04
5.722e-02 1.070e+04
5.849e-02 1.030e+04
5.825e-02 1.007e+04
5.417e-02 1.367e+04
5.408e-02 1.420e+04
5.942e-02 8.990e+03
5.844e-02 1.036e+04
5.343e-02 1.472e+04
5.690e-02 1.150e+04
6.062e-02 8.464e+03
5.479e-02 1.324e+04
5.848e-02 9.910e+03
6.022e-02 8.664e+03
6.223e-02 7.802e+03
5.922e-02 9.240e+03
5.843e-02 9.865e+03
5.610e-02 1.196e+04
5.574e-02 1.213e+04
5.801e-02 1.022e+04
6.010e-02 9.110e+03
5.812e-02 1.009e+04
5.554e-02 1.267e+04
5.763e-02 1.041e+04
5.753e-02 1.026e+04
5.510e-02 1.247e+04
5.734e-02 1.082e+04
5.936e-02 9.190e+03
5.992e-02 9.099e+03
5.880e-02 9.634e+03
6.075e-02 8.290e+03
5.551e-02 1.195e+04
5.413e-02 1.344e+04
6.130e-02 8.211e+03
5.410e-02 1.397e+04
5.308e-02 1.489e+04
5.673e-02 1.117e+04
5.845e-02 9.826e+03
5.809e-02 1.025e+04
5.496e-02 1.273e+04
5.766e-02 1.064e+04
5.872e-02 9.517e+03
5.990e-02 8.997e+03
5.734e-02 1.052e+04
5.885e-02 9.758e+03
5.386e-02 1.371e+04
5.540e-02 1.262e+04
5.889e-02 9.731e+03
6.030e-02 8.853e+03
5.466e-02 1.309e+04
6.120e-02 8.233e+03
5.889e-02 9.672e+03
6.091e-02 8.337e+03
5.876e-02 9.746e+03
5.381e-02 1.384e+04
6.184e-02 7.947e+03
5.818e-02 1.008e+04
5.592e-02 1.169e+04
5.786e-02 1.043e+04
5.835e-02 9.956e+03
5.693e-02 1.076e+04
6.029e-02 8.875e+03
5.678e-02 1.132e+04
5.461e-02 1.293e+04
5.694e-02 1.108e+04
6.104e-02 8.397e+03
5.806e-02 1.041e+04
5.494e-02 1.231e+04
5.829e-02 1.009e+04
5.762e-02 1.054e+04
5.654e-02 1.148e+04
5.959e-02 8.839e+03
5.781e-02 1.021e+04
5.731e-02 1.070e+04
5.826e-02 1.002e+04
5.525e-02 1.311e+04
5.617e-02 1.157e+04
6.103e-02 8.118e+03
5.828e-02 1.004e+04
5.920e-02 8.846e+03
5.654e-02 1.150e+04
5.574e-02 1.200e+04
5.669e-02 1.153e+04
5.720e-02 1.098e+04
5.585e-02 1.163e+04
5.821e-02 1.022e+04
5.727e-02 1.051e+04
5.379e-02 1.375e+04
5.723e-02 1.121e+04
5.510e-02 1.253e+04
5.881e-02 9.470e+03
5.838e-02 9.777e+03
5.818e-02 1.014e+04
5.650e-02 1.119e+04
5.743e-02 1.063e+04
5.621e-02 1.154e+04
6.039e-02 8.669e+03
5.560e-02 1.213e+04
5.635e-02 1.151e+04
5.439e-02 1.324e+04
5.724e-02 1.060e+04
5.763e-02 1.026e+04
5.600e-02 1.219e+04
5.714e-02 1.066e+04
5.480e-02 1.336e+04
5.622e-02 1.177e+04
5.958e-02 9.048e+03
6.078e-02 8.505e+03
5.868e-02 1.001e+04
5.441e-02 1.346e+04
5.620e-02 1.145e+04
5.732e-02 1.028e+04
5.839e-02 9.899e+03
5.565e-02 1.238e+04
5.975e-02 8.913e+03
5.618e-02 1.205e+04
5.999e-02 9.001e+03
5.886e-02 9.547e+03
5.828e-02 1.030e+04
6.137e-02 7.966e+03
5.604e-02 1.178e+04
6.072e-02 8.608e+03
5.691e-02 1.120e+04
6.037e-02 8.679e+03
5.773e-02 1.054e+04
5.889e-02 9.676e+03
5.854e-02 9.841e+03
5.851e-02 1.016e+04
5.811e-02 1.022e+04
5.613e-02 1.176e+04
6.160e-02 7.963e+03
5.557e-02 1.221e+04
6.012e-02 8.769e+03
5.959e-02 8.985e+03
5.674e-02 1.087e+04
5.918e-02 9.300e+03
5.568e-02 1.231e+04
5.679e-02 1.107e+04
5.960e-02 9.262e+03
6.012e-02 8.732e+03
5.955e-02 9.133e+03
5.640e-02 1.135e+04
5.975e-02 8.933e+03
5.970e-02 9.007e+03
6.038e-02 8.631e+03
5.883e-02 9.735e+03
5.717e-02 1.096e+04
5.639e-02 1.139e+04
5.430e-02 1.360e+04
5.607e-02 1.165e+04
5.643e-02 1.145e+04
5.652e-02 1.129e+04
5.576e-02 1.224e+04
5.560e-02 1.149e+04
5.952e-02 9.363e+03
5.916e-02 9.587e+03
5.794e-02 1.032e+04
5.577e-02 1.192e+04
6.021e-02 8.842e+03
5.865e-02 1.006e+04
5.559e-02 1.256e+04
5.614e-02 1.249e+04
5.767e-02 1.024e+04
5.842e-02 9.921e+03
5.826e-02 1.031e+04
5.667e-02 1.111e+04
5.792e-02 1.007e+04
5.971e-02 8.981e+03
5.500e-02 1.231e+04
5.518e-02 1.273e+04
5.781e-02 1.021e+04
5.940e-02 9.709e+03
5.534e-02 1.218e+04
5.924e-02 9.032e+03
5.708e-02 1.082e+04
5.630e-02 1.149e+04
5.937e-02 9.388e+03
5.836e-02 1.026e+04
5.529e-02 1.209e+04
5.677e-02 1.107e+04
5.696e-02 1.096e+04
5.750e-02 1.048e+04
5.559e-02 1.284e+04
5.801e-02 1.045e+04
5.811e-02 1.038e+04
6.224e-02 7.853e+03
5.816e-02 1.029e+04
5.901e-02 9.553e+03
6.067e-02 8.494e+03
5.669e-02 1.130e+04
5.755e-02 1.086e+04
6.147e-02 8.218e+03
5.585e-02 1.182e+04
5.759e-02 1.066e+04
5.965e-02 9.104e+03
6.423e-02 6.884e+03
5.509e-02 1.263e+04
5.607e-02 1.124e+04
5.481e-02 1.294e+04
5.940e-02 9.155e+03
5.710e-02 1.088e+04
5.512e-02 1.289e+04
5.693e-02 1.094e+04
5.784e-02 1.006e+04
6.034e-02 8.682e+03
5.849e-02 9.539e+03
5.826e-02 1.029e+04
5.919e-02 9.005e+03
5.993e-02 8.796e+03
5.818e-02 1.006e+04
6.031e-02 8.795e+03
5.675e-02 1.161e+04
5.557e-02 1.229e+04
5.849e-02 9.827e+03
5.663e-02 1.113e+04
5.960e-02 9.032e+03
5.749e-02 1.045e+04
6.025e-02 8.867e+03
5.762e-02 1.071e+04
5.433e-02 1.309e+04
5.642e-02 1.201e+04
5.835e-02 1.008e+04
5.874e-02 9.923e+03
5.681e-02 1.140e+04
5.820e-02 1.023e+04
5.459e-02 1.309e+04
5.528e-02 1.261e+04
5.664e-02 1.136e+04
5.811e-02 1.001e+04
5.678e-02 1.127e+04
5.952e-02 9.365e+03
5.613e-02 1.122e+04
5.772e-02 1.033e+04
5.769e-02 1.024e+04
5.775e-02 1.048e+04
5.523e-02 1.270e+04
5.805e-02 1.048e+04
5.642e-02 1.169e+04
5.684e-02 1.103e+04
5.916e-02 9.507e+03
5.965e-02 8.981e+03
5.668e-02 1.109e+04
5.794e-02 1.044e+04
5.645e-02 1.190e+04
5.710e-02 1.052e+04
5.670e-02 1.117e+04
5.704e-02 1.115e+04
5.774e-02 9.914e+03
5.920e-02 9.737e+03
5.700e-02 1.055e+04
5.638e-02 1.158e+04
5.780e-02 1.067e+04
5.539e-02 1.241e+04
5.858e-02 9.713e+03
5.757e-02 1.044e+04
5.837e-02 9.925e+03
5.619e-02 1.175e+04
5.761e-02 1.031e+04
5.851e-02 1.010e+04
5.263e-02 1.538e+04
5.486e-02 1.286e+04
5.767e-02 1.030e+04
5.725e-02 1.055e+04
5.592e-02 1.164e+04
5.547e-02 1.209e+04
5.634e-02 1.179e+04
5.842e-02 9.617e+03
5.982e-02 9.120e+03
5.799e-02 1.038e+04
5.667e-02 1.145e+04
5.566e-02 1.193e+04
5.857e-02 9.663e+03
5.719e-02 1.099e+04
5.512e-02 1.243e+04
5.777e-02 1.050e+04
5.680e-02 1.143e+04
5.596e-02 1.231e+04
5.686e-02 1.091e+04
5.666e-02 1.144e+04
5.840e-02 1.016e+04
5.724e-02 1.093e+04
5.790e-02 1.007e+04
5.925e-02 9.392e+03
5.555e-02 1.208e+04
5.739e-02 1.079e+04
5.870e-02 1.004e+04
5.761e-02 1.090e+04
5.430e-02 1.354e+04
5.806e-02 1.019e+04
5.476e-02 1.316e+04
5.840e-02 9.896e+03
5.884e-02 9.797e+03
5.676e-02 1.118e+04
6.045e-02 8.709e+03
6.233e-02 7.395e+03
5.694e-02 1.104e+04
5.850e-02 9.989e+03
5.970e-02 9.181e+03
5.747e-02 1.035e+04
5.517e-02 1.243e+04
5.779e-02 1.045e+04
5.931e-02 9.326e+03
5.876e-02 9.688e+03
5.584e-02 1.195e+04
5.689e-02 1.101e+04
5.898e-02 9.517e+03
5.822e-02 1.021e+04
5.645e-02 1.165e+04
5.935e-02 9.364e+03
5.674e-02 1.103e+04
6.120e-02 8.345e+03
6.176e-02 7.857e+03
5.957e-02 9.167e+03
5.976e-02 8.845e+03
5.680e-02 1.102e+04
5.640e-02 1.152e+04
5.719e-02 1.084e+04
5.741e-02 1.093e+04
5.822e-02 9.928e+03
5.846e-02 1.033e+04
5.726e-02 1.125e+04
5.583e-02 1.176e+04
5.282e-02 1.566e+04
6.008e-02 9.083e+03
5.586e-02 1.200e+04
5.399e-02 1.369e+04
5.796e-02 1.022e+04
5.905e-02 9.168e+03
5.631e-02 1.128e+04
6.067e-02 8.472e+03
5.651e-02 1.126e+04
5.790e-02 9.948e+03
5.606e-02 1.163e+04
5.908e-02 9.341e+03
5.474e-02 1.276e+04
5.426e-02 1.381e+04
6.116e-02 8.303e+03
5.538e-02 1.192e+04
5.855e-02 9.953e+03
5.868e-02 9.538e+03
5.641e-02 1.120e+04
5.948e-02 8.916e+03
5.750e-02 1.022e+04
5.813e-02 1.009e+04
5.843e-02 9.811e+03
5.456e-02 1.343e+04
5.785e-02 1.037e+04
5.631e-02 1.164e+04
5.495e-02 1.251e+04
5.741e-02 1.066e+04
5.629e-02 1.192e+04
5.692e-02 1.140e+04
5.699e-02 1.151e+04
5.822e-02 9.750e+03
5.585e-02 1.170e+04
5.853e-02 9.920e+03
5.749e-02 1.050e+04
5.633e-02 1.126e+04
5.713e-02 1.120e+04
5.784e-02 1.012e+04
5.631e-02 1.182e+04
5.524e-02 1.218e+04
5.774e-02 1.047e+04
5.776e-02 1.035e+04
5.667e-02 1.150e+04
5.620e-02 1.165e+04
5.767e-02 1.035e+04
5.871e-02 9.711e+03
5.724e-02 1.065e+04
5.742e-02 1.037e+04
5.566e-02 1.228e+04
6.058e-02 8.637e+03
5.848e-02 1.002e+04
5.728e-02 1.094e+04
5.612e-02 1.180e+04
5.622e-02 1.184e+04
5.683e-02 1.114e+04
5.467e-02 1.309e+04
5.895e-02 9.831e+03
6.130e-02 8.329e+03
5.951e-02 9.085e+03
5.599e-02 1.198e+04
5.609e-02 1.220e+04
5.795e-02 1.018e+04
5.554e-02 1.215e+04
5.883e-02 9.915e+03
5.517e-02 1.287e+04
5.790e-02 1.042e+04
5.297e-02 1.542e+04
5.822e-02 1.017e+04
5.962e-02 8.714e+03
5.759e-02 1.060e+04
5.841e-02 9.918e+03
5.780e-02 1.032e+04
5.674e-02 1.113e+04
5.580e-02 1.185e+04
5.621e-02 1.172e+04
5.583e-02 1.180e+04
5.576e-02 1.175e+04
6.002e-02 8.952e+03
5.835e-02 1.039e+04
5.925e-02 9.510e+03
5.738e-02 1.084e+04
5.714e-02 1.069e+04
5.809e-02 1.009e+04
5.380e-02 1.424e+04
5.697e-02 1.144e+04
5.714e-02 1.063e+04
5.573e-02 1.184e+04
5.729e-02 1.068e+04
5.676e-02 1.107e+04
5.585e-02 1.204e+04
5.846e-02 1.003e+04
5.839e-02 9.908e+03
5.861e-02 9.916e+03
5.562e-02 1.205e+04
5.638e-02 1.145e+04
5.423e-02 1.340e+04
5.675e-02 1.129e+04
5.547e-02 1.243e+04
5.605e-02 1.187e+04
5.838e-02 1.025e+04
5.727e-02 1.082e+04
5.656e-02 1.134e+04
5.878e-02 9.096e+03
5.823e-02 9.731e+03
5.550e-02 1.259e+04
6.110e-02 8.325e+03
5.793e-02 1.049e+04
6.016e-02 8.587e+03
5.619e-02 1.228e+04
5.558e-02 1.236e+04
5.555e-02 1.220e+04
5.934e-02 9.043e+03
5.569e-02 1.194e+04
5.882e-02 9.416e+03
5.854e-02 9.742e+03
5.780e-02 1.031e+04
5.894e-02 9.480e+03
5.401e-02 1.327e+04
5.694e-02 1.108e+04
5.605e-02 1.203e+04
5.606e-02 1.216e+04
5.651e-02 1.113e+04
5.718e-02 1.095e+04
5.992e-02 8.811e+03
5.661e-02 1.052e+04
5.578e-02 1.180e+04
5.770e-02 1.043e+04
5.795e-02 1.058e+04
5.759e-02 1.037e+04
5.659e-02 1.097e+04
6.127e-02 8.304e+03
6.092e-02 8.641e+03
5.781e-02 1.004e+04
5.764e-02 1.071e+04
5.564e-02 1.185e+04
5.471e-02 1.306e+04
5.812e-02 1.031e+04
5.909e-02 9.903e+03
5.606e-02 1.147e+04
5.643e-02 1.157e+04
5.777e-02 1.038e+04
5.705e-02 1.073e+04
5.413e-02 1.361e+04
6.030e-02 8.825e+03
5.728e-02 1.059e+04
5.624e-02 1.152e+04
5.795e-02 1.021e+04
5.457e-02 1.290e+04
5.612e-02 1.196e+04
5.698e-02 1.087e+04
5.856e-02 9.913e+03
5.510e-02 1.265e+04
5.624e-02 1.127e+04
5.905e-02 9.790e+03
5.726e-02 1.065e+04
5.841e-02 1.023e+04
5.461e-02 1.328e+04
5.693e-02 1.077e+04
5.890e-02 9.805e+03
5.787e-02 1.006e+04
5.947e-02 9.338e+03
5.592e-02 1.163e+04
5.928e-02 9.369e+03
5.611e-02 1.184e+04
5.475e-02 1.351e+04
6.100e-02 8.578e+03
5.582e-02 1.178e+04
5.565e-02 1.200e+04
6.009e-02 8.565e+03
5.770e-02 1.058e+04
5.570e-02 1.214e+04
5.827e-02 1.034e+04
5.645e-02 1.149e+04
5.981e-02 9.081e+03
5.446e-02 1.311e+04
5.520e-02 1.253e+04
5.846e-02 1.004e+04
5.758e-02 1.075e+04
5.971e-02 9.434e+03
5.924e-02 9.916e+03
5.706e-02 1.127e+04
5.739e-02 1.101e+04
6.008e-02 9.050e+03
5.893e-02 9.544e+03
5.893e-02 9.719e+03
6.172e-02 7.999e+03
6.429e-02 6.890e+03
5.720e-02 1.080e+04
5.708e-02 1.111e+04
5.612e-02 1.232e+04
5.585e-02 1.149e+04
5.886e-02 9.531e+03
5.966e-02 8.805e+03
5.695e-02 1.118e+04
6.284e-02 7.525e+03
5.895e-02 9.298e+03
5.303e-02 1.544e+04
5.845e-02 1.003e+04
5.664e-02 1.173e+04
5.968e-02 9.156e+03
5.516e-02 1.251e+04
5.699e-02 1.094e+04
5.892e-02 9.495e+03
5.828e-02 1.023e+04
5.458e-02 1.305e+04
5.809e-02 1.020e+04
5.461e-02 1.342e+04
5.877e-02 9.456e+03
5.897e-02 9.726e+03
5.595e-02 1.213e+04
5.804e-02 1.016e+04
5.817e-02 1.017e+04
5.708e-02 1.089e+04
5.641e-02 1.163e+04
5.651e-02 1.117e+04
5.481e-02 1.284e+04
5.637e-02 1.181e+04
5.509e-02 1.240e+04
5.692e-02 1.078e+04
5.723e-02 1.088e+04
5.476e-02 1.262e+04
5.978e-02 8.956e+03
5.596e-02 1.167e+04
5.607e-02 1.162e+04
5.886e-02 9.642e+03
5.674e-02 1.124e+04
5.773e-02 1.011e+04
5.959e-02 9.013e+03
6.220e-02 7.785e+03
5.829e-02 1.003e+04
5.674e-02 1.162e+04
5.516e-02 1.245e+04
5.766e-02 1.092e+04
5.981e-02 8.979e+03
5.468e-02 1.267e+04
5.802e-02 1.011e+04
5.878e-02 9.814e+03
5.888e-02 9.671e+03
5.973e-02 9.075e+03
5.928e-02 9.451e+03
5.699e-02 1.110e+04
5.773e-02 1.003e+04
5.502e-02 1.218e+04
5.833e-02 1.001e+04
5.528e-02 1.242e+04
5.694e-02 1.089e+04
5.544e-02 1.202e+04
5.729e-02 1.137e+04
5.457e-02 1.295e+04
5.629e-02 1.196e+04
6.000e-02 9.028e+03
5.649e-02 1.134e+04
5.537e-02 1.199e+04
5.640e-02 1.196e+04
5.659e-02 1.124e+04
5.697e-02 1.083e+04
5.919e-02 9.538e+03
6.245e-02 7.384e+03
5.564e-02 1.205e+04
5.726e-02 1.077e+04
6.062e-02 8.317e+03
6.094e-02 8.247e+03
5.851e-02 9.820e+03
5.783e-02 9.883e+03
5.872e-02 9.821e+03
5.577e-02 1.178e+04
5.787e-02 1.038e+04
5.515e-02 1.217e+04
5.922e-02 9.423e+03
6.397e-02 7.157e+03
6.201e-02 7.711e+03
5.716e-02 1.067e+04
5.509e-02 1.221e+04
5.596e-02 1.182e+04
5.800e-02 1.020e+04
5.710e-02 1.088e+04
5.820e-02 1.031e+04
5.614e-02 1.142e+04
5.656e-02 1.129e+04
6.021e-02 9.127e+03
5.743e-02 1.077e+04
5.714e-02 1.061e+04
5.418e-02 1.346e+04
5.551e-02 1.256e+04
5.987e-02 9.152e+03
6.100e-02 8.826e+03
5.594e-02 1.196e+04
5.947e-02 9.369e+03
5.433e-02 1.317e+04
5.339e-02 1.440e+04
5.859e-02 9.943e+03
5.891e-02 9.738e+03
5.697e-02 1.112e+04
5.746e-02 1.099e+04
5.748e-02 1.054e+04
5.542e-02 1.263e+04
5.522e-02 1.257e+04
5.495e-02 1.335e+04
5.230e-02 1.628e+04
5.767e-02 1.067e+04
5.876e-02 9.704e+03
5.701e-02 1.122e+04
5.773e-02 1.082e+04
5.724e-02 1.036e+04
5.540e-02 1.236e+04
5.950e-02 9.235e+03
5.656e-02 1.108e+04
5.560e-02 1.209e+04
5.602e-02 1.199e+04
5.700e-02 1.067e+04
5.572e-02 1.234e+04
5.837e-02 9.846e+03
5.362e-02 1.442e+04
5.830e-02 9.987e+03
5.715e-02 1.061e+04
6.013e-02 8.967e+03
5.707e-02 1.074e+04
5.796e-02 1.029e+04
5.470e-02 1.262e+04
5.736e-02 1.102e+04
6.166e-02 7.862e+03
5.632e-02 1.153e+04
5.590e-02 1.192e+04
5.465e-02 1.304e+04
5.777e-02 1.005e+04
6.020e-02 8.944e+03
5.909e-02 9.527e+03
5.620e-02 1.161e+04
5.945e-02 9.168e+03
5.609e-02 1.244e+04
5.912e-02 9.293e+03
5.613e-02 1.177e+04
5.574e-02 1.172e+04
5.671e-02 1.156e+04
5.852e-02 1.007e+04
5.658e-02 1.165e+04
5.811e-02 1.040e+04
5.861e-02 9.912e+03
5.719e-02 1.079e+04
5.848e-02 9.600e+03
5.686e-02 1.160e+04
5.491e-02 1.222e+04
5.634e-02 1.169e+04
5.855e-02 9.783e+03
5.610e-02 1.157e+04
5.645e-02 1.132e+04
5.803e-02 1.062e+04
5.992e-02 8.689e+03
5.638e-02 1.115e+04
5.717e-02 1.086e+04
5.785e-02 1.058e+04
5.970e-02 9.311e+03
5.772e-02 1.057e+04
5.596e-02 1.191e+04
5.635e-02 1.192e+04
5.633e-02 1.166e+04
5.975e-02 9.258e+03
5.763e-02 1.056e+04
5.888e-02 9.604e+03
6.084e-02 8.428e+03
5.806e-02 1.036e+04
6.275e-02 7.576e+03
5.641e-02 1.117e+04
5.695e-02 1.092e+04
5.787e-02 1.048e+04
5.822e-02 1.018e+04
6.024e-02 8.988e+03
5.715e-02 1.078e+04
5.657e-02 1.098e+04
5.912e-02 9.629e+03
5.962e-02 9.247e+03
5.527e-02 1.276e+04
5.721e-02 1.066e+04
5.607e-02 1.177e+04
5.835e-02 1.013e+04
5.403e-02 1.341e+04
5.766e-02 1.053e+04
5.912e-02 9.527e+03
5.689e-02 1.134e+04
5.827e-02 9.930e+03
5.743e-02 1.049e+04
5.639e-02 1.156e+04
5.914e-02 9.972e+03
5.940e-02 9.240e+03
5.993e-02 9.114e+03
5.713e-02 1.113e+04
6.118e-02 8.438e+03
5.760e-02 1.053e+04
5.810e-02 9.723e+03
5.905e-02 9.579e+03
5.923e-02 9.555e+03
6.030e-02 8.678e+03
5.779e-02 1.014e+04
5.360e-02 1.449e+04
6.031e-02 8.823e+03
5.659e-02 1.131e+04
6.001e-02 9.020e+03
5.836e-02 1.013e+04
5.999e-02 8.641e+03
5.416e-02 1.335e+04
5.700e-02 1.073e+04
6.101e-02 8.508e+03
6.253e-02 7.910e+03
5.696e-02 1.136e+04
5.671e-02 1.053e+04
5.982e-02 8.949e+03
5.700e-02 1.081e+04
5.833e-02 1.000e+04
5.708e-02 1.047e+04
5.803e-02 1.032e+04
5.589e-02 1.183e+04
5.688e-02 1.131e+04
5.664e-02 1.167e+04
5.710e-02 1.079e+04
5.549e-02 1.252e+04
5.737e-02 1.049e+04
5.523e-02 1.235e+04
6.150e-02 8.193e+03
5.591e-02 1.220e+04
5.823e-02 9.906e+03
5.464e-02 1.311e+04
5.464e-02 1.251e+04
5.573e-02 1.232e+04
5.812e-02 9.892e+03
6.039e-02 8.700e+03
5.514e-02 1.229e+04
5.867e-02 9.893e+03
5.638e-02 1.152e+04
5.844e-02 9.473e+03
5.907e-02 9.448e+03
5.341e-02 1.452e+04
5.482e-02 1.268e+04
5.819e-02 1.035e+04
5.759e-02 1.041e+04
5.733e-02 1.084e+04
5.503e-02 1.272e+04
5.995e-02 8.920e+03
5.675e-02 1.089e+04
5.556e-02 1.173e+04
5.813e-02 1.012e+04
5.608e-02 1.211e+04
5.880e-02 9.746e+03
5.696e-02 1.117e+04
5.638e-02 1.172e+04
5.731e-02 1.067e+04
5.900e-02 9.377e+03
5.745e-02 1.042e+04
5.867e-02 9.396e+03
5.640e-02 1.135e+04
5.718e-02 1.121e+04
5.704e-02 1.122e+04
6.121e-02 8.425e+03
5.828e-02 1.064e+04
5.858e-02 9.698e+03
5.686e-02 1.125e+04
6.182e-02 7.987e+03
5.731e-02 1.102e+04
5.305e-02 1.464e+04
5.598e-02 1.212e+04
5.573e-02 1.215e+04
5.894e-02 9.638e+03
5.724e-02 1.108e+04
5.797e-02 1.044e+04
5.569e-02 1.204e+04
5.569e-02 1.238e+04
5.850e-02 9.837e+03
5.984e-02 8.938e+03
5.717e-02 1.079e+04
5.560e-02 1.215e+04
5.806e-02 1.010e+04
5.527e-02 1.277e+04
5.609e-02 1.159e+04
5.775e-02 1.038e+04
5.704e-02 1.090e+04
5.484e-02 1.266e+04
5.699e-02 1.070e+04
5.741e-02 1.059e+04
5.983e-02 8.668e+03
5.536e-02 1.220e+04
5.664e-02 1.157e+04
5.688e-02 1.140e+04
5.607e-02 1.163e+04
5.783e-02 1.015e+04
6.112e-02 8.390e+03
5.705e-02 1.156e+04
5.889e-02 9.716e+03
5.823e-02 1.043e+04
5.692e-02 1.104e+04
6.016e-02 9.048e+03
5.882e-02 9.656e+03
5.644e-02 1.130e+04
5.612e-02 1.154e+04
5.763e-02 1.065e+04
5.596e-02 1.199e+04
5.943e-02 9.479e+03
5.643e-02 1.151e+04
5.663e-02 1.132e+04
5.724e-02 1.108e+04
6.095e-02 8.528e+03
5.440e-02 1.341e+04
5.786e-02 9.876e+03
5.928e-02 9.677e+03
5.518e-02 1.251e+04
5.787e-02 1.075e+04
5.677e-02 1.116e+04
5.696e-02 1.118e+04
5.614e-02 1.165e+04
6.094e-02 8.460e+03
5.886e-02 9.545e+03
5.526e-02 1.224e+04
5.791e-02 1.035e+04
5.818e-02 1.026e+04
5.710e-02 1.055e+04
5.802e-02 9.987e+03
5.608e-02 1.156e+04
5.407e-02 1.341e+04
5.931e-02 9.411e+03
5.759e-02 1.063e+04
5.729e-02 1.041e+04
5.659e-02 1.113e+04
5.672e-02 1.136e+04
6.382e-02 7.090e+03
5.808e-02 1.033e+04
5.728e-02 1.124e+04
6.142e-02 8.221e+03
5.794e-02 1.080e+04
5.914e-02 9.360e+03
5.654e-02 1.153e+04
5.650e-02 1.138e+04
5.712e-02 1.121e+04
5.607e-02 1.186e+04
5.597e-02 1.176e+04
5.456e-02 1.317e+04
5.594e-02 1.165e+04
5.923e-02 8.945e+03
5.842e-02 9.258e+03
5.629e-02 1.150e+04
5.535e-02 1.242e+04
5.780e-02 1.063e+04
6.088e-02 8.497e+03
6.230e-02 7.917e+03
5.800e-02 1.046e+04
5.537e-02 1.263e+04
5.492e-02 1.280e+04
5.620e-02 1.159e+04
5.738e-02 1.051e+04
5.759e-02 1.063e+04
5.775e-02 1.075e+04
5.281e-02 1.587e+04
5.696e-02 1.156e+04
5.826e-02 9.789e+03
5.838e-02 1.054e+04
5.547e-02 1.210e+04
5.624e-02 1.223e+04
5.593e-02 1.153e+04
5.599e-02 1.182e+04
5.767e-02 1.067e+04
5.884e-02 9.871e+03
5.596e-02 1.212e+04
5.831e-02 9.969e+03
5.530e-02 1.279e+04
5.730e-02 1.037e+04
5.632e-02 1.139e+04
5.692e-02 1.081e+04
5.478e-02 1.276e+04
5.572e-02 1.213e+04
6.128e-02 8.310e+03
5.469e-02 1.289e+04
5.654e-02 1.161e+04
5.870e-02 9.852e+03
5.815e-02 9.881e+03
5.814e-02 1.039e+04
5.861e-02 9.714e+03
5.535e-02 1.245e+04
5.826e-02 9.998e+03
5.952e-02 9.388e+03
5.770e-02 1.083e+04
5.803e-02 1.048e+04
5.683e-02 1.071e+04
5.769e-02 1.061e+04
5.544e-02 1.250e+04
6.119e-02 8.315e+03
5.657e-02 1.159e+04
5.709e-02 1.105e+04
5.506e-02 1.259e+04
5.727e-02 1.099e+04
5.629e-02 1.151e+04
5.576e-02 1.210e+04
5.491e-02 1.275e+04
5.779e-02 1.023e+04
5.738e-02 1.097e+04
5.690e-02 1.087e+04
5.617e-02 1.172e+04
5.667e-02 1.099e+04
5.928e-02 9.257e+03
5.524e-02 1.222e+04
5.688e-02 1.083e+04
5.572e-02 1.232e+04
5.750e-02 1.052e+04
5.514e-02 1.269e+04
5.821e-02 1.006e+04
5.703e-02 1.108e+04
5.719e-02 1.071e+04
5.771e-02 1.029e+04
5.565e-02 1.215e+04
6.027e-02 8.990e+03
5.603e-02 1.195e+04
6.122e-02 8.436e+03
5.819e-02 1.046e+04
5.754e-02 1.069e+04
5.935e-02 9.557e+03
5.879e-02 9.742e+03
5.506e-02 1.272e+04
5.791e-02 1.039e+04
5.691e-02 1.114e+04
5.525e-02 1.232e+04
5.554e-02 1.223e+04
5.720e-02 1.098e+04
5.651e-02 1.141e+04
5.771e-02 1.042e+04
5.731e-02 1.054e+04
5.601e-02 1.205e+04
5.569e-02 1.161e+04
5.690e-02 1.134e+04
5.934e-02 9.405e+03
5.650e-02 1.102e+04
5.763e-02 1.024e+04
5.829e-02 1.010e+04
5.672e-02 1.068e+04
5.700e-02 1.101e+04
5.780e-02 1.049e+04
6.019e-02 8.824e+03
5.676e-02 1.159e+04
6.054e-02 8.729e+03
5.561e-02 1.185e+04
5.659e-02 1.132e+04
5.663e-02 1.148e+04
5.644e-02 1.179e+04
5.573e-02 1.228e+04
5.884e-02 9.778e+03
5.710e-02 1.074e+04
5.934e-02 9.474e+03
5.683e-02 1.114e+04
5.806e-02 1.025e+04
5.806e-02 1.008e+04
5.937e-02 9.437e+03
5.654e-02 1.159e+04
5.736e-02 1.071e+04
5.720e-02 1.076e+04
5.154e-02 1.634e+04
5.666e-02 1.098e+04
5.923e-02 9.355e+03
5.399e-02 1.361e+04
5.871e-02 9.797e+03
5.731e-02 1.071e+04
5.907e-02 9.354e+03
5.838e-02 9.803e+03
5.802e-02 1.018e+04
5.442e-02 1.389e+04
5.610e-02 1.179e+04
5.923e-02 9.433e+03
5.855e-02 9.736e+03
5.868e-02 9.606e+03
5.659e-02 1.094e+04
5.863e-02 9.748e+03
5.926e-02 9.118e+03
5.685e-02 1.106e+04
5.815e-02 9.828e+03
6.141e-02 8.267e+03
5.952e-02 9.317e+03
5.779e-02 1.060e+04
5.816e-02 1.026e+04
5.929e-02 9.390e+03
5.823e-02 1.004e+04
5.632e-02 1.179e+04
5.794e-02 1.023e+04
5.927e-02 9.115e+03
5.694e-02 1.118e+04
5.865e-02 9.426e+03
5.679e-02 1.091e+04
5.751e-02 1.081e+04
5.796e-02 9.924e+03
5.511e-02 1.242e+04
5.867e-02 1.020e+04
5.458e-02 1.305e+04
6.001e-02 9.101e+03
5.339e-02 1.440e+04
5.611e-02 1.145e+04
5.641e-02 1.151e+04
5.973e-02 8.799e+03
5.722e-02 1.110e+04
5.660e-02 1.168e+04
5.811e-02 1.021e+04
5.723e-02 1.078e+04
5.807e-02 1.013e+04
5.371e-02 1.431e+04
5.529e-02 1.250e+04
5.724e-02 1.086e+04
5.891e-02 9.462e+03
5.773e-02 1.041e+04
5.985e-02 9.034e+03
5.794e-02 1.030e+04
5.654e-02 1.118e+04
5.760e-02 1.059e+04
5.761e-02 1.066e+04
5.668e-02 1.137e+04
5.802e-02 1.012e+04
6.011e-02 8.834e+03
5.561e-02 1.217e+04
5.590e-02 1.199e+04
5.572e-02 1.243e+04
5.842e-02 9.910e+03
5.730e-02 1.048e+04
5.958e-02 9.179e+03
5.576e-02 1.208e+04
5.537e-02 1.294e+04
5.850e-02 9.698e+03
5.744e-02 1.044e+04
5.720e-02 1.070e+04
5.988e-02 8.587e+03
5.843e-02 1.010e+04
5.600e-02 1.229e+04
5.823e-02 1.038e+04
5.854e-02 1.003e+04
6.039e-02 8.492e+03
6.179e-02 7.939e+03
6.020e-02 8.794e+03
5.656e-02 1.135e+04
5.760e-02 1.041e+04
5.830e-02 9.740e+03
5.749e-02 1.063e+04
5.758e-02 1.045e+04
5.720e-02 1.053e+04
6.237e-02 7.492e+03
5.696e-02 1.092e+04
5.880e-02 9.416e+03
5.838e-02 1.001e+04
5.730e-02 1.088e+04
5.948e-02 9.393e+03
5.751e-02 1.062e+04
6.012e-02 8.833e+03
6.095e-02 8.180e+03
5.967e-02 9.094e+03
5.744e-02 1.051e+04
5.812e-02 1.005e+04
6.233e-02 7.678e+03
5.690e-02 1.109e+04
5.771e-02 1.061e+04
5.811e-02 1.055e+04
5.830e-02 1.024e+04
5.653e-02 1.156e+04
5.675e-02 1.153e+04
5.765e-02 1.045e+04
5.754e-02 1.104e+04
6.060e-02 8.381e+03
5.940e-02 9.086e+03
5.596e-02 1.203e+04
5.836e-02 9.906e+03
5.563e-02 1.235e+04
5.744e-02 1.059e+04
5.706e-02 1.108e+04
5.540e-02 1.244e+04
5.960e-02 8.780e+03
5.411e-02 1.395e+04
5.674e-02 1.086e+04
5.843e-02 1.026e+04
5.692e-02 1.155e+04
5.807e-02 1.018e+04
5.456e-02 1.360e+04
5.681e-02 1.070e+04
6.030e-02 8.724e+03
5.703e-02 1.057e+04
5.571e-02 1.248e+04
5.593e-02 1.200e+04
5.815e-02 1.002e+04
5.974e-02 9.105e+03
5.670e-02 1.111e+04
5.786e-02 1.023e+04
5.724e-02 1.060e+04
5.938e-02 9.240e+03
5.916e-02 9.257e+03
5.517e-02 1.299e+04
5.790e-02 1.013e+04
5.962e-02 8.978e+03
5.615e-02 1.163e+04
5.314e-02 1.515e+04
5.761e-02 1.022e+04
5.989e-02 9.034e+03
5.289e-02 1.523e+04
5.561e-02 1.245e+04
5.732e-02 1.045e+04
5.801e-02 9.939e+03
6.058e-02 8.575e+03
5.551e-02 1.218e+04
5.549e-02 1.226e+04
5.686e-02 1.111e+04
5.742e-02 1.090e+04
5.601e-02 1.132e+04
5.695e-02 1.098e+04
6.031e-02 8.529e+03
5.801e-02 1.039e+04
5.889e-02 9.389e+03
5.685e-02 1.135e+04
5.634e-02 1.189e+04
5.753e-02 1.023e+04
5.834e-02 1.005e+04
6.055e-02 8.902e+03
5.930e-02 9.174e+03
5.796e-02 1.013e+04
5.649e-02 1.077e+04
5.555e-02 1.212e+04
5.573e-02 1.179e+04
5.514e-02 1.252e+04
5.513e-02 1.217e+04
5.944e-02 9.125e+03
6.077e-02 8.613e+03
5.921e-02 9.591e+03
5.720e-02 1.083e+04
5.738e-02 1.053e+04
5.616e-02 1.143e+04
5.601e-02 1.177e+04
5.738e-02 1.059e+04
5.851e-02 9.946e+03
5.752e-02 1.074e+04
5.801e-02 1.028e+04
5.695e-02 1.092e+04
5.848e-02 9.566e+03
5.495e-02 1.246e+04
5.850e-02 1.007e+04
6.001e-02 9.015e+03
5.797e-02 1.066e+04
5.471e-02 1.325e+04
5.419e-02 1.360e+04
5.566e-02 1.207e+04
5.882e-02 9.630e+03
5.730e-02 1.068e+04
5.254e-02 1.572e+04
5.868e-02 9.868e+03
5.743e-02 1.080e+04
5.852e-02 9.634e+03
5.786e-02 1.037e+04
5.739e-02 1.063e+04
5.915e-02 9.727e+03
5.664e-02 1.091e+04
5.572e-02 1.187e+04
5.854e-02 9.648e+03
5.579e-02 1.231e+04
5.643e-02 1.159e+04
5.540e-02 1.244e+04
5.816e-02 9.822e+03
5.929e-02 9.347e+03
5.933e-02 9.090e+03
5.346e-02 1.416e+04
5.832e-02 1.010e+04
5.486e-02 1.294e+04
5.610e-02 1.190e+04
5.818e-02 1.006e+04
6.069e-02 8.829e+03
6.023e-02 8.721e+03
5.636e-02 1.162e+04
5.877e-02 9.612e+03
5.961e-02 9.462e+03
5.544e-02 1.240e+04
5.667e-02 1.128e+04
5.991e-02 8.846e+03
5.564e-02 1.180e+04
6.202e-02 7.594e+03
5.803e-02 1.051e+04
5.824e-02 9.918e+03
5.568e-02 1.239e+04
5.781e-02 1.071e+04
5.614e-02 1.165e+04
5.583e-02 1.187e+04
5.878e-02 9.739e+03
5.944e-02 9.493e+03
5.865e-02 9.805e+03
5.965e-02 9.222e+03
5.737e-02 1.050e+04
5.596e-02 1.183e+04
5.851e-02 9.844e+03
5.710e-02 1.095e+04
5.787e-02 1.038e+04
5.525e-02 1.254e+04
5.545e-02 1.248e+04
5.694e-02 1.075e+04
5.995e-02 9.241e+03
5.909e-02 8.903e+03
5.465e-02 1.311e+04
5.627e-02 1.195e+04
5.714e-02 1.092e+04
5.664e-02 1.134e+04
5.742e-02 1.087e+04
5.713e-02 1.143e+04
5.979e-02 9.357e+03
5.951e-02 9.202e+03
5.813e-02 1.000e+04
5.630e-02 1.143e+04
5.675e-02 1.159e+04
5.556e-02 1.193e+04
5.749e-02 1.083e+04
5.670e-02 1.140e+04
6.048e-02 8.595e+03
5.737e-02 1.059e+04
5.828e-02 9.647e+03
5.660e-02 1.156e+04
5.545e-02 1.246e+04
5.748e-02 1.067e+04
5.581e-02 1.198e+04
5.873e-02 9.538e+03
5.656e-02 1.148e+04
5.864e-02 9.713e+03
5.365e-02 1.415e+04
5.739e-02 1.104e+04
5.646e-02 1.141e+04
5.791e-02 1.033e+04
5.927e-02 9.320e+03
5.759e-02 1.084e+04
5.816e-02 9.793e+03
5.585e-02 1.200e+04
5.913e-02 9.101e+03
5.986e-02 8.993e+03
5.811e-02 1.034e+04
5.652e-02 1.122e+04
5.898e-02 9.664e+03
5.472e-02 1.308e+04
5.649e-02 1.150e+04
5.969e-02 9.008e+03
5.613e-02 1.144e+04
5.560e-02 1.217e+04
5.814e-02 1.045e+04
5.874e-02 9.601e+03
5.490e-02 1.294e+04
5.997e-02 8.637e+03
5.466e-02 1.316e+04
5.487e-02 1.272e+04
5.892e-02 9.356e+03
5.587e-02 1.201e+04
5.834e-02 9.731e+03
5.613e-02 1.143e+04
5.898e-02 9.749e+03
5.873e-02 9.587e+03
5.665e-02 1.157e+04
5.677e-02 1.113e+04
5.768e-02 1.040e+04
6.005e-02 8.867e+03
5.849e-02 9.825e+03
5.504e-02 1.311e+04
5.832e-02 1.004e+04
5.678e-02 1.071e+04
5.663e-02 1.068e+04
5.742e-02 1.054e+04
5.846e-02 1.015e+04
5.853e-02 9.916e+03
5.902e-02 9.560e+03
5.577e-02 1.191e+04
6.147e-02 8.210e+03
5.847e-02 9.930e+03
5.781e-02 1.009e+04
5.571e-02 1.244e+04
5.600e-02 1.229e+04
6.048e-02 8.917e+03
5.765e-02 1.024e+04
5.767e-02 1.053e+04
5.981e-02 9.318e+03
5.718e-02 1.097e+04
5.848e-02 9.920e+03
5.618e-02 1.164e+04
5.643e-02 1.136e+04
6.071e-02 9.023e+03
5.385e-02 1.376e+04
6.020e-02 8.990e+03
5.544e-02 1.267e+04
5.601e-02 1.148e+04
5.880e-02 9.549e+03
5.730e-02 1.077e+04
5.624e-02 1.121e+04
5.806e-02 9.933e+03
5.748e-02 1.060e+04
5.758e-02 1.058e+04
5.718e-02 1.068e+04
5.779e-02 1.085e+04
6.151e-02 8.211e+03
5.370e-02 1.402e+04
5.532e-02 1.272e+04
5.726e-02 1.073e+04
5.453e-02 1.317e+04
5.709e-02 1.104e+04
5.970e-02 8.926e+03
5.729e-02 1.085e+04
5.840e-02 9.942e+03
6.018e-02 8.958e+03
5.806e-02 1.018e+04
5.882e-02 9.792e+03
5.648e-02 1.161e+04
5.945e-02 9.755e+03
5.703e-02 1.052e+04
5.665e-02 1.053e+04
5.478e-02 1.297e+04
5.609e-02 1.159e+04
5.568e-02 1.226e+04
6.093e-02 8.531e+03
5.668e-02 1.104e+04
5.582e-02 1.158e+04
5.754e-02 1.048e+04
5.897e-02 9.841e+03
5.730e-02 1.097e+04
5.668e-02 1.162e+04
5.709e-02 1.089e+04
5.635e-02 1.166e+04
5.811e-02 9.783e+03
5.768e-02 1.066e+04
5.728e-02 1.075e+04
5.538e-02 1.281e+04
5.706e-02 1.114e+04
5.600e-02 1.187e+04
5.773e-02 1.050e+04
5.579e-02 1.194e+04
5.477e-02 1.279e+04
5.496e-02 1.285e+04
6.207e-02 7.591e+03
5.684e-02 1.119e+04
5.534e-02 1.241e+04
5.618e-02 1.141e+04
5.615e-02 1.158e+04
5.858e-02 1.002e+04
5.516e-02 1.266e+04
5.869e-02 9.430e+03
5.837e-02 1.009e+04
5.619e-02 1.181e+04
5.748e-02 1.085e+04
5.468e-02 1.287e+04
5.485e-02 1.306e+04
5.600e-02 1.145e+04
5.999e-02 9.216e+03
5.752e-02 1.043e+04
5.614e-02 1.136e+04
5.744e-02 1.080e+04
5.470e-02 1.270e+04
5.419e-02 1.362e+04
5.594e-02 1.176e+04
5.364e-02 1.417e+04
5.894e-02 9.872e+03
5.902e-02 9.530e+03
5.582e-02 1.178e+04
6.053e-02 9.037e+03
5.478e-02 1.303e+04
5.832e-02 9.835e+03
5.571e-02 1.184e+04
5.549e-02 1.254e+04
5.843e-02 9.879e+03
5.778e-02 1.060e+04
5.869e-02 9.499e+03
5.814e-02 1.036e+04
5.535e-02 1.238e+04
5.876e-02 9.704e+03
5.851e-02 1.020e+04
5.806e-02 1.050e+04
5.612e-02 1.185e+04
5.820e-02 1.041e+04
5.506e-02 1.254e+04
5.964e-02 9.103e+03
5.499e-02 1.258e+04
5.620e-02 1.187e+04
5.804e-02 1.001e+04
5.907e-02 9.572e+03
5.746e-02 1.065e+04
5.851e-02 1.013e+04
5.390e-02 1.400e+04
6.042e-02 8.879e+03
5.979e-02 9.087e+03
5.552e-02 1.221e+04
6.058e-02 8.583e+03
5.857e-02 1.003e+04
5.645e-02 1.133e+04
5.833e-02 9.539e+03
5.738e-02 1.055e+04
5.699e-02 1.125e+04
5.817e-02 9.797e+03
6.055e-02 8.530e+03
5.563e-02 1.197e+04
5.922e-02 9.306e+03
5.936e-02 9.149e+03
5.775e-02 1.048e+04
5.676e-02 1.141e+04
5.921e-02 9.716e+03
5.392e-02 1.371e+04
5.759e-02 1.047e+04
5.767e-02 1.065e+04
6.106e-02 8.438e+03
5.689e-02 1.103e+04
5.783e-02 1.039e+04
6.175e-02 7.969e+03
5.675e-02 1.119e+04
5.387e-02 1.382e+04
5.787e-02 1.004e+04
5.756e-02 1.065e+04
5.711e-02 1.035e+04
5.637e-02 1.147e+04
5.648e-02 1.133e+04
5.786e-02 1.053e+04
5.536e-02 1.292e+04
6.023e-02 8.936e+03
5.844e-02 1.013e+04
5.828e-02 1.017e+04
5.721e-02 1.059e+04
5.746e-02 1.083e+04
5.529e-02 1.259e+04
5.874e-02 9.794e+03
5.561e-02 1.220e+04
6.011e-02 8.898e+03
6.262e-02 7.674e+03
5.463e-02 1.325e+04
5.724e-02 1.050e+04
5.993e-02 8.812e+03
5.862e-02 9.980e+03
5.790e-02 1.012e+04
6.049e-02 9.278e+03
5.888e-02 9.658e+03
5.605e-02 1.157e+04
5.953e-02 9.447e+03
5.993e-02 8.597e+03
5.870e-02 9.399e+03
5.750e-02 1.091e+04
6.098e-02 8.166e+03
5.606e-02 1.188e+04
5.586e-02 1.202e+04
5.918e-02 9.589e+03
5.976e-02 8.965e+03
5.531e-02 1.216e+04
5.496e-02 1.316e+04
6.066e-02 8.490e+03
5.988e-02 9.141e+03
5.677e-02 1.146e+04
5.605e-02 1.194e+04
5.558e-02 1.214e+04
5.454e-02 1.319e+04
5.465e-02 1.356e+04
5.887e-02 1.016e+04
5.767e-02 1.016e+04
5.662e-02 1.135e+04
5.594e-02 1.188e+04
5.606e-02 1.224e+04
5.697e-02 1.099e+04
5.565e-02 1.226e+04
5.600e-02 1.197e+04
5.946e-02 9.309e+03
6.075e-02 8.551e+03
5.557e-02 1.237e+04
5.527e-02 1.240e+04
5.720e-02 1.076e+04
5.854e-02 1.006e+04
5.798e-02 1.021e+04
5.359e-02 1.437e+04
5.681e-02 1.154e+04
5.573e-02 1.194e+04
5.560e-02 1.218e+04
5.653e-02 1.168e+04
5.738e-02 1.065e+04
5.718e-02 1.083e+04
5.372e-02 1.402e+04
5.964e-02 8.670e+03
5.830e-02 1.004e+04
5.595e-02 1.207e+04
6.029e-02 8.675e+03
5.905e-02 9.682e+03
5.702e-02 1.080e+04
5.993e-02 8.942e+03
5.867e-02 9.944e+03
6.021e-02 8.765e+03
5.650e-02 1.147e+04
6.107e-02 8.454e+03
5.962e-02 8.804e+03
5.757e-02 1.064e+04
5.855e-02 9.611e+03
6.083e-02 8.349e+03
5.482e-02 1.301e+04
6.016e-02 8.748e+03
5.694e-02 1.070e+04
5.666e-02 1.146e+04
5.649e-02 1.172e+04
5.791e-02 1.038e+04
5.661e-02 1.125e+04
5.838e-02 1.009e+04
5.468e-02 1.253e+04
5.705e-02 1.098e+04
5.396e-02 1.377e+04
5.667e-02 1.136e+04
5.950e-02 9.275e+03
5.886e-02 9.765e+03
5.616e-02 1.177e+04
5.473e-02 1.311e+04
6.218e-02 7.984e+03
5.386e-02 1.455e+04
5.628e-02 1.176e+04
5.350e-02 1.448e+04
5.367e-02 1.428e+04
6.051e-02 8.462e+03
5.406e-02 1.352e+04
5.865e-02 9.894e+03
6.013e-02 8.690e+03
5.625e-02 1.128e+04
6.033e-02 8.991e+03
5.962e-02 9.242e+03
5.748e-02 1.062e+04
5.610e-02 1.162e+04
5.922e-02 9.311e+03
5.474e-02 1.298e+04
5.601e-02 1.123e+04
6.106e-02 8.096e+03
5.525e-02 1.280e+04
5.973e-02 9.188e+03
5.568e-02 1.178e+04
5.480e-02 1.296e+04
6.135e-02 8.118e+03
5.706e-02 1.096e+04
5.715e-02 1.067e+04
6.125e-02 8.752e+03
5.680e-02 1.123e+04
5.830e-02 9.802e+03
5.843e-02 9.451e+03
5.621e-02 1.183e+04
6.049e-02 8.697e+03
5.311e-02 1.504e+04
5.764e-02 1.049e+04
5.903e-02 9.606e+03
5.784e-02 1.024e+04
5.635e-02 1.174e+04
5.938e-02 9.281e+03
5.626e-02 1.186e+04
5.710e-02 1.116e+04
5.585e-02 1.173e+04
5.608e-02 1.150e+04
5.462e-02 1.290e+04
5.915e-02 9.462e+03
5.719e-02 1.100e+04
5.937e-02 8.951e+03
5.706e-02 1.123e+04
5.705e-02 1.100e+04
5.748e-02 1.075e+04
5.695e-02 1.101e+04
5.591e-02 1.224e+04
5.874e-02 9.553e+03
5.465e-02 1.356e+04
5.589e-02 1.199e+04
6.051e-02 8.603e+03
5.844e-02 9.365e+03
5.673e-02 1.122e+04
5.459e-02 1.307e+04
5.594e-02 1.184e+04
5.541e-02 1.202e+04
5.647e-02 1.160e+04
5.814e-02 1.017e+04
5.982e-02 9.128e+03
5.626e-02 1.125e+04
5.767e-02 1.011e+04
5.883e-02 9.899e+03
5.746e-02 1.100e+04
5.351e-02 1.524e+04
5.494e-02 1.320e+04
5.718e-02 1.072e+04
5.887e-02 9.602e+03
5.859e-02 1.016e+04
5.627e-02 1.160e+04
5.637e-02 1.158e+04
5.772e-02 1.034e+04
5.805e-02 1.019e+04
5.740e-02 1.047e+04
6.036e-02 8.765e+03
5.674e-02 1.094e+04
5.671e-02 1.133e+04
5.830e-02 9.821e+03
5.864e-02 9.891e+03
5.812e-02 1.028e+04
5.725e-02 1.066e+04
5.640e-02 1.136e+04
5.836e-02 9.788e+03
5.885e-02 9.413e+03
5.787e-02 1.029e+04
5.457e-02 1.386e+04
5.567e-02 1.200e+04
5.446e-02 1.329e+04
6.212e-02 7.609e+03
5.882e-02 9.578e+03
5.749e-02 1.090e+04
5.631e-02 1.207e+04
5.668e-02 1.131e+04
5.536e-02 1.286e+04
5.397e-02 1.357e+04
5.859e-02 9.764e+03
6.382e-02 7.115e+03
5.706e-02 1.092e+04
5.719e-02 1.084e+04
5.732e-02 1.064e+04
6.131e-02 8.532e+03
5.771e-02 1.048e+04
5.816e-02 1.030e+04
5.636e-02 1.199e+04
5.811e-02 9.778e+03
5.768e-02 1.064e+04
5.899e-02 9.522e+03
5.581e-02 1.186e+04
5.750e-02 1.060e+04
5.818e-02 1.010e+04
5.623e-02 1.162e+04
5.796e-02 1.048e+04
5.749e-02 1.020e+04
6.276e-02 7.446e+03
5.535e-02 1.241e+04
5.545e-02 1.229e+04
5.524e-02 1.328e+04
5.406e-02 1.431e+04
5.622e-02 1.151e+04
5.750e-02 1.048e+04
5.554e-02 1.232e+04
6.043e-02 8.685e+03
5.816e-02 1.039e+04
5.922e-02 9.497e+03
5.545e-02 1.234e+04
5.559e-02 1.221e+04
5.662e-02 1.118e+04
5.749e-02 1.069e+04
5.768e-02 1.029e+04
5.861e-02 1.002e+04
5.615e-02 1.178e+04
5.425e-02 1.377e+04
5.828e-02 1.002e+04
5.784e-02 1.054e+04
5.730e-02 1.067e+04
5.677e-02 1.099e+04
5.835e-02 1.005e+04
5.731e-02 1.074e+04
5.582e-02 1.167e+04
5.754e-02 1.056e+04
5.698e-02 1.145e+04
6.046e-02 8.463e+03
5.734e-02 1.067e+04
5.842e-02 1.004e+04
5.611e-02 1.156e+04
5.761e-02 1.071e+04
5.669e-02 1.127e+04
6.045e-02 8.621e+03
5.725e-02 1.072e+04
5.784e-02 9.825e+03
5.805e-02 1.021e+04
5.741e-02 1.074e+04
5.565e-02 1.196e+04
5.683e-02 1.133e+04
6.014e-02 9.021e+03
5.711e-02 1.082e+04
5.538e-02 1.262e+04
5.971e-02 9.098e+03
5.607e-02 1.181e+04
5.691e-02 1.084e+04
5.588e-02 1.168e+04
5.821e-02 9.947e+03
5.598e-02 1.148e+04
5.800e-02 1.052e+04
5.888e-02 9.970e+03
5.922e-02 9.333e+03
5.964e-02 9.109e+03
5.964e-02 8.976e+03
5.561e-02 1.223e+04
5.742e-02 1.090e+04
5.694e-02 1.119e+04
5.823e-02 1.034e+04
5.843e-02 9.574e+03
5.645e-02 1.145e+04
5.769e-02 1.042e+04
5.752e-02 1.076e+04
5.663e-02 1.116e+04
5.723e-02 1.053e+04
6.391e-02 7.196e+03
5.939e-02 9.423e+03
5.756e-02 1.063e+04
5.475e-02 1.309e+04
5.808e-02 1.051e+04
6.244e-02 7.802e+03
5.629e-02 1.125e+04
5.709e-02 1.092e+04
5.384e-02 1.430e+04
5.898e-02 9.894e+03
5.931e-02 9.501e+03
5.577e-02 1.249e+04
5.539e-02 1.252e+04
5.567e-02 1.215e+04
5.559e-02 1.194e+04
5.578e-02 1.227e+04
5.820e-02 9.667e+03
5.697e-02 1.111e+04
5.602e-02 1.159e+04
6.005e-02 9.156e+03
5.868e-02 9.507e+03
5.591e-02 1.179e+04
5.530e-02 1.230e+04
5.801e-02 1.024e+04
5.911e-02 9.413e+03
5.645e-02 1.106e+04
5.755e-02 1.011e+04
5.630e-02 1.142e+04
6.021e-02 8.931e+03
5.414e-02 1.380e+04
5.656e-02 1.121e+04
5.539e-02 1.271e+04
5.576e-02 1.219e+04
5.761e-02 1.040e+04
5.440e-02 1.359e+04
5.595e-02 1.186e+04
5.907e-02 9.684e+03
5.835e-02 9.934e+03
5.807e-02 1.042e+04
5.754e-02 1.087e+04
5.809e-02 9.895e+03
5.672e-02 1.057e+04
6.114e-02 8.685e+03
6.128e-02 8.564e+03
5.722e-02 1.090e+04
5.523e-02 1.193e+04
5.786e-02 1.063e+04
5.542e-02 1.216e+04
5.779e-02 1.038e+04
5.692e-02 1.114e+04
5.659e-02 1.118e+04
5.868e-02 9.791e+03
5.585e-02 1.198e+04
5.562e-02 1.202e+04
5.747e-02 1.067e+04
5.278e-02 1.519e+04
5.583e-02 1.178e+04
5.745e-02 1.074e+04
5.771e-02 1.044e+04
5.663e-02 1.147e+04
5.685e-02 1.165e+04
5.871e-02 9.716e+03
6.068e-02 8.604e+03
5.667e-02 1.124e+04
5.871e-02 9.545e+03
5.852e-02 1.007e+04
5.881e-02 9.482e+03
5.547e-02 1.229e+04
6.176e-02 7.938e+03
5.361e-02 1.493e+04
5.779e-02 1.006e+04
5.585e-02 1.202e+04
5.587e-02 1.138e+04
5.601e-02 1.164e+04
5.952e-02 9.346e+03
6.017e-02 8.889e+03
5.635e-02 1.166e+04
5.551e-02 1.246e+04
5.802e-02 1.011e+04
5.793e-02 1.037e+04
5.398e-02 1.372e+04
5.865e-02 1.014e+04
5.675e-02 1.117e+04
5.656e-02 1.165e+04
5.837e-02 9.929e+03
5.505e-02 1.282e+04
6.268e-02 7.658e+03
5.812e-02 9.780e+03
5.633e-02 1.151e+04
5.737e-02 1.080e+04
6.113e-02 8.469e+03
5.779e-02 1.038e+04
5.792e-02 1.036e+04
5.873e-02 9.884e+03
5.914e-02 9.806e+03
5.752e-02 1.060e+04
5.608e-02 1.196e+04
5.745e-02 1.038e+04
5.743e-02 1.031e+04
6.036e-02 8.567e+03
5.830e-02 9.957e+03
5.898e-02 9.220e+03
6.020e-02 8.578e+03
5.978e-02 8.935e+03
5.741e-02 1.039e+04
5.702e-02 1.104e+04
5.754e-02 1.068e+04
5.537e-02 1.233e+04
5.803e-02 1.010e+04
5.557e-02 1.211e+04
5.827e-02 1.005e+04
5.549e-02 1.199e+04
6.030e-02 8.844e+03
5.363e-02 1.434e+04
5.856e-02 9.702e+03
5.701e-02 1.102e+04
5.693e-02 1.079e+04
5.949e-02 9.241e+03
6.013e-02 8.777e+03
5.852e-02 9.799e+03
5.888e-02 9.784e+03
5.743e-02 1.072e+04
5.572e-02 1.168e+04
6.047e-02 8.754e+03
5.538e-02 1.202e+04
5.864e-02 9.517e+03
6.277e-02 7.634e+03
5.708e-02 1.077e+04
5.653e-02 1.165e+04
5.898e-02 9.661e+03
6.026e-02 8.872e+03
5.636e-02 1.178e+04
5.918e-02 9.474e+03
5.944e-02 9.315e+03
5.483e-02 1.289e+04
5.732e-02 1.058e+04
5.753e-02 1.052e+04
6.004e-02 8.983e+03
5.549e-02 1.183e+04
5.855e-02 9.898e+03
5.609e-02 1.193e+04
5.837e-02 1.042e+04
5.774e-02 1.070e+04
5.556e-02 1.228e+04
5.799e-02 1.004e+04
5.722e-02 1.097e+04
5.589e-02 1.201e+04
6.068e-02 8.950e+03
5.890e-02 9.605e+03
5.915e-02 9.245e+03
5.745e-02 1.092e+04
5.840e-02 9.904e+03
5.794e-02 1.034e+04
5.947e-02 9.284e+03
5.463e-02 1.322e+04
5.861e-02 9.738e+03
6.005e-02 9.175e+03
5.907e-02 9.416e+03
5.555e-02 1.254e+04
5.650e-02 1.114e+04
5.748e-02 1.070e+04
5.511e-02 1.220e+04
5.624e-02 1.190e+04
5.665e-02 1.104e+04
5.912e-02 9.674e+03
5.847e-02 9.622e+03
5.535e-02 1.240e+04
5.781e-02 1.058e+04
5.572e-02 1.228e+04
5.979e-02 9.064e+03
5.743e-02 1.062e+04
5.495e-02 1.294e+04
5.763e-02 1.079e+04
6.015e-02 9.085e+03
6.077e-02 8.349e+03
5.749e-02 1.044e+04
5.978e-02 8.901e+03
5.615e-02 1.173e+04
5.783e-02 1.056e+04
5.836e-02 1.022e+04
6.138e-02 8.333e+03
5.775e-02 1.066e+04
5.669e-02 1.162e+04
6.188e-02 7.944e+03
5.362e-02 1.393e+04
5.665e-02 1.128e+04
5.767e-02 1.063e+04
5.849e-02 9.607e+03
6.044e-02 8.704e+03
5.636e-02 1.179e+04
5.997e-02 8.761e+03
5.699e-02 1.112e+04
5.750e-02 1.051e+04
5.545e-02 1.265e+04
5.676e-02 1.104e+04
5.684e-02 1.061e+04
5.743e-02 1.048e+04
5.743e-02 1.128e+04
5.778e-02 1.045e+04
5.636e-02 1.189e+04
5.969e-02 8.987e+03
5.794e-02 9.837e+03
5.739e-02 1.074e+04
5.518e-02 1.235e+04
5.823e-02 1.007e+04
5.976e-02 8.986e+03
5.593e-02 1.179e+04
5.617e-02 1.186e+04
5.894e-02 9.513e+03
5.454e-02 1.365e+04
5.924e-02 9.488e+03
5.692e-02 1.105e+04
5.541e-02 1.279e+04
5.410e-02 1.340e+04
5.678e-02 1.087e+04
6.003e-02 8.834e+03
5.787e-02 1.080e+04
5.736e-02 1.056e+04
6.129e-02 8.148e+03
6.046e-02 8.908e+03
5.465e-02 1.305e+04
5.639e-02 1.180e+04
5.565e-02 1.179e+04
5.608e-02 1.195e+04
5.698e-02 1.107e+04
5.747e-02 1.040e+04
5.749e-02 1.064e+04
5.990e-02 8.746e+03
6.139e-02 8.189e+03
5.948e-02 9.074e+03
5.520e-02 1.264e+04
5.831e-02 9.862e+03
6.008e-02 9.122e+03
5.921e-02 9.351e+03
5.520e-02 1.208e+04
5.658e-02 1.123e+04
5.869e-02 1.008e+04
5.586e-02 1.226e+04
5.827e-02 1.007e+04
5.902e-02 9.441e+03
5.716e-02 1.101e+04
5.908e-02 9.348e+03
5.656e-02 1.160e+04
6.064e-02 8.689e+03
6.091e-02 8.449e+03
5.898e-02 9.059e+03
5.804e-02 1.019e+04
5.708e-02 1.085e+04
5.845e-02 9.793e+03
5.662e-02 1.134e+04
5.583e-02 1.223e+04
5.480e-02 1.304e+04
5.568e-02 1.238e+04
5.796e-02 1.007e+04
5.525e-02 1.252e+04
5.621e-02 1.141e+04
6.483e-02 6.637e+03
5.605e-02 1.175e+04
5.949e-02 9.278e+03
5.721e-02 1.064e+04
5.507e-02 1.247e+04
5.847e-02 9.842e+03
5.607e-02 1.151e+04
5.654e-02 1.168e+04
5.640e-02 1.143e+04
5.752e-02 1.062e+04
6.066e-02 8.418e+03
5.473e-02 1.313e+04
5.841e-02 1.001e+04
6.007e-02 8.979e+03
5.804e-02 1.017e+04
5.361e-02 1.439e+04
6.051e-02 8.496e+03
5.723e-02 1.074e+04
5.514e-02 1.188e+04
5.849e-02 9.886e+03
5.979e-02 9.403e+03
5.718e-02 1.081e+04
5.851e-02 1.006e+04
6.090e-02 8.397e+03
5.684e-02 1.132e+04
5.853e-02 9.532e+03
5.640e-02 1.159e+04
5.934e-02 9.209e+03
5.771e-02 1.043e+04
5.619e-02 1.221e+04
5.637e-02 1.109e+04
5.514e-02 1.314e+04
5.305e-02 1.537e+04
5.525e-02 1.291e+04
5.522e-02 1.288e+04
5.683e-02 1.080e+04
5.660e-02 1.106e+04
5.504e-02 1.292e+04
5.849e-02 9.813e+03
5.502e-02 1.234e+04
5.472e-02 1.334e+04
6.233e-02 7.744e+03
5.755e-02 1.093e+04
5.613e-02 1.200e+04
5.820e-02 9.943e+03
6.027e-02 8.888e+03
5.908e-02 9.478e+03
6.007e-02 8.895e+03
6.075e-02 8.500e+03
5.764e-02 1.064e+04
5.529e-02 1.267e+04
5.657e-02 1.151e+04
5.867e-02 9.940e+03
5.697e-02 1.092e+04
5.648e-02 1.144e+04
6.124e-02 8.255e+03
5.601e-02 1.179e+04
5.673e-02 1.087e+04
5.838e-02 9.962e+03
5.223e-02 1.646e+04
5.735e-02 1.073e+04
5.783e-02 1.026e+04
5.740e-02 1.100e+04
5.944e-02 9.151e+03
5.792e-02 1.022e+04
5.771e-02 1.045e+04
5.901e-02 9.814e+03
5.495e-02 1.277e+04
5.663e-02 1.124e+04
5.735e-02 1.063e+04
5.598e-02 1.180e+04
5.768e-02 1.058e+04
5.699e-02 1.125e+04
5.784e-02 1.029e+04
6.068e-02 8.474e+03
5.478e-02 1.310e+04
5.700e-02 1.104e+04
5.790e-02 1.055e+04
6.125e-02 8.296e+03
5.810e-02 1.066e+04
5.477e-02 1.317e+04
5.341e-02 1.467e+04
5.604e-02 1.194e+04
6.077e-02 8.752e+03
5.233e-02 1.552e+04
6.166e-02 7.793e+03
5.751e-02 1.044e+04
5.890e-02 9.300e+03
6.085e-02 8.449e+03
5.818e-02 1.027e+04
5.773e-02 1.035e+04
5.876e-02 9.660e+03
5.784e-02 1.039e+04
5.563e-02 1.259e+04
5.743e-02 1.062e+04
5.667e-02 1.100e+04
5.621e-02 1.186e+04
5.988e-02 8.947e+03
5.624e-02 1.127e+04
6.100e-02 8.346e+03
5.995e-02 9.240e+03
5.597e-02 1.179e+04
5.910e-02 9.553e+03
5.502e-02 1.251e+04
5.809e-02 1.040e+04
5.903e-02 9.735e+03
5.950e-02 9.435e+03
5.489e-02 1.291e+04
5.700e-02 1.095e+04
5.870e-02 9.615e+03
5.843e-02 9.958e+03
5.971e-02 9.135e+03
5.740e-02 1.080e+04
5.335e-02 1.451e+04
5.714e-02 1.103e+04
5.807e-02 1.030e+04
5.635e-02 1.149e+04
5.649e-02 1.150e+04
5.677e-02 1.133e+04
5.416e-02 1.375e+04
5.963e-02 9.304e+03
5.560e-02 1.218e+04
6.001e-02 8.912e+03
5.579e-02 1.216e+04
5.506e-02 1.259e+04
5.697e-02 1.110e+04
5.498e-02 1.270e+04
5.859e-02 1.006e+04
5.848e-02 9.743e+03
5.764e-02 1.030e+04
5.373e-02 1.398e+04
5.709e-02 1.107e+04
5.854e-02 9.724e+03
5.378e-02 1.379e+04
5.921e-02 9.193e+03
5.616e-02 1.187e+04
5.512e-02 1.247e+04
5.936e-02 9.439e+03
5.824e-02 9.692e+03
5.747e-02 1.058e+04
5.745e-02 1.067e+04
5.957e-02 9.190e+03
5.551e-02 1.240e+04
5.853e-02 9.747e+03
5.918e-02 9.537e+03
5.943e-02 9.068e+03
5.666e-02 1.177e+04
5.856e-02 1.005e+04
5.563e-02 1.222e+04
5.511e-02 1.317e+04
5.837e-02 1.001e+04
5.839e-02 1.009e+04
6.025e-02 8.546e+03
5.703e-02 1.104e+04
5.988e-02 8.800e+03
5.484e-02 1.288e+04
6.050e-02 8.597e+03
5.791e-02 1.020e+04
5.758e-02 1.047e+04
6.015e-02 8.793e+03
5.762e-02 1.056e+04
5.744e-02 1.049e+04
5.801e-02 1.018e+04
5.882e-02 9.409e+03
5.898e-02 9.343e+03
6.270e-02 7.305e+03
5.744e-02 1.060e+04
5.674e-02 1.113e+04
5.633e-02 1.171e+04
5.779e-02 1.060e+04
5.829e-02 9.918e+03
5.272e-02 1.532e+04
5.294e-02 1.449e+04
5.943e-02 9.542e+03
5.388e-02 1.429e+04
5.675e-02 1.097e+04
5.573e-02 1.196e+04
5.707e-02 1.099e+04
5.793e-02 9.974e+03
5.875e-02 9.536e+03
5.607e-02 1.188e+04
5.540e-02 1.192e+04
5.566e-02 1.207e+04
5.560e-02 1.224e+04
5.349e-02 1.456e+04
6.160e-02 8.141e+03
5.911e-02 9.570e+03
5.628e-02 1.207e+04
5.847e-02 9.751e+03
5.790e-02 1.039e+04
5.779e-02 1.052e+04
5.865e-02 9.731e+03
5.845e-02 9.670e+03
5.784e-02 1.058e+04
5.794e-02 1.027e+04
5.610e-02 1.182e+04
5.296e-02 1.542e+04
5.722e-02 1.068e+04
5.697e-02 1.084e+04
5.406e-02 1.362e+04
5.579e-02 1.210e+04
5.491e-02 1.334e+04
5.420e-02 1.384e+04
5.687e-02 1.082e+04
5.655e-02 1.141e+04
5.626e-02 1.183e+04
5.668e-02 1.150e+04
5.585e-02 1.201e+04
5.733e-02 1.052e+04
5.470e-02 1.349e+04
5.805e-02 1.009e+04
5.978e-02 8.661e+03
6.156e-02 8.348e+03
5.571e-02 1.192e+04
5.694e-02 1.112e+04
5.346e-02 1.421e+04
5.560e-02 1.219e+04
5.839e-02 9.845e+03
6.054e-02 8.112e+03
5.903e-02 9.484e+03
5.422e-02 1.361e+04
5.960e-02 9.018e+03
5.446e-02 1.291e+04
5.500e-02 1.260e+04
5.513e-02 1.207e+04
5.662e-02 1.100e+04
5.529e-02 1.263e+04
5.770e-02 1.021e+04
5.647e-02 1.141e+04
5.673e-02 1.085e+04
5.704e-02 1.094e+04
5.573e-02 1.213e+04
5.916e-02 9.556e+03
5.760e-02 1.035e+04
5.546e-02 1.255e+04
5.874e-02 9.635e+03
5.802e-02 1.002e+04
5.968e-02 9.159e+03
5.750e-02 1.025e+04
5.678e-02 1.132e+04
5.985e-02 9.147e+03
5.474e-02 1.261e+04
5.769e-02 1.053e+04
5.812e-02 1.037e+04
5.896e-02 9.540e+03
5.783e-02 1.026e+04
5.869e-02 9.749e+03
5.496e-02 1.251e+04
5.606e-02 1.155e+04
5.762e-02 1.069e+04
5.757e-02 1.041e+04
5.659e-02 1.147e+04
5.695e-02 1.103e+04
5.879e-02 9.199e+03
5.570e-02 1.237e+04
5.807e-02 1.032e+04
5.805e-02 1.009e+04
5.991e-02 9.207e+03
5.856e-02 9.984e+03
5.668e-02 1.122e+04
5.720e-02 1.052e+04
5.971e-02 9.298e+03
5.653e-02 1.126e+04
5.537e-02 1.257e+04
5.738e-02 1.071e+04
5.868e-02 9.623e+03
5.990e-02 9.229e+03
5.514e-02 1.281e+04
5.436e-02 1.382e+04
5.568e-02 1.161e+04
5.887e-02 9.978e+03
5.632e-02 1.133e+04
5.990e-02 9.063e+03
5.960e-02 9.086e+03
6.183e-02 8.102e+03
5.769e-02 1.054e+04
6.199e-02 7.917e+03
5.908e-02 9.375e+03
5.886e-02 9.846e+03
5.585e-02 1.211e+04
5.688e-02 1.063e+04
6.079e-02 8.393e+03
5.576e-02 1.191e+04
5.736e-02 1.056e+04
5.565e-02 1.228e+04
5.860e-02 9.542e+03
6.012e-02 8.801e+03
5.636e-02 1.143e+04
5.740e-02 1.088e+04
5.703e-02 1.093e+04
5.735e-02 1.042e+04
5.562e-02 1.214e+04
5.935e-02 9.315e+03
5.807e-02 1.012e+04
5.776e-02 1.033e+04
5.861e-02 9.898e+03
5.887e-02 9.531e+03
5.998e-02 9.249e+03
5.679e-02 1.123e+04
5.886e-02 9.787e+03
5.335e-02 1.409e+04
5.783e-02 1.060e+04
5.824e-02 9.863e+03
5.886e-02 9.792e+03
5.529e-02 1.246e+04
5.901e-02 9.736e+03
5.874e-02 9.441e+03
5.929e-02 9.168e+03
5.871e-02 9.623e+03
5.989e-02 8.688e+03
6.024e-02 8.671e+03
5.525e-02 1.231e+04
5.787e-02 1.054e+04
5.666e-02 1.156e+04
5.760e-02 1.044e+04
5.676e-02 1.101e+04
5.626e-02 1.096e+04
5.480e-02 1.273e+04
5.873e-02 9.751e+03
6.069e-02 8.803e+03
5.690e-02 1.186e+04
5.954e-02 8.996e+03
5.751e-02 1.132e+04
5.766e-02 1.055e+04
5.741e-02 1.089e+04
5.933e-02 9.362e+03
5.613e-02 1.230e+04
5.807e-02 1.013e+04
5.887e-02 9.442e+03
5.706e-02 1.106e+04
5.746e-02 1.073e+04
6.033e-02 8.808e+03
5.581e-02 1.166e+04
5.729e-02 1.074e+04
5.912e-02 9.485e+03
5.920e-02 9.463e+03
5.887e-02 9.463e+03
5.658e-02 1.116e+04
5.993e-02 9.089e+03
6.005e-02 9.143e+03
5.709e-02 1.046e+04
5.586e-02 1.236e+04
5.811e-02 9.948e+03
5.821e-02 9.760e+03
5.849e-02 9.902e+03
6.059e-02 8.396e+03
5.692e-02 1.113e+04
5.555e-02 1.181e+04
5.703e-02 1.098e+04
5.753e-02 1.011e+04
5.571e-02 1.201e+04
5.655e-02 1.156e+04
6.001e-02 9.131e+03
5.796e-02 1.044e+04
5.522e-02 1.255e+04
5.663e-02 1.139e+04
5.895e-02 9.605e+03
5.721e-02 1.038e+04
5.620e-02 1.178e+04
5.669e-02 1.093e+04
5.897e-02 9.923e+03
5.940e-02 9.237e+03
5.773e-02 1.058e+04
5.824e-02 1.004e+04
5.808e-02 1.011e+04
5.845e-02 9.812e+03
5.855e-02 9.910e+03
5.840e-02 1.023e+04
5.888e-02 9.658e+03
5.699e-02 1.103e+04
5.899e-02 9.391e+03
5.819e-02 1.044e+04
5.471e-02 1.331e+04
6.030e-02 8.719e+03
5.296e-02 1.500e+04
6.010e-02 8.904e+03
5.735e-02 1.078e+04
5.933e-02 9.749e+03
5.754e-02 1.070e+04
5.922e-02 9.214e+03
5.804e-02 1.049e+04
5.412e-02 1.402e+04
5.595e-02 1.201e+04
5.955e-02 9.340e+03
5.968e-02 9.075e+03
5.601e-02 1.223e+04
5.788e-02 1.068e+04
5.591e-02 1.164e+04
5.486e-02 1.275e+04
5.533e-02 1.231e+04
5.602e-02 1.184e+04
5.605e-02 1.167e+04
5.819e-02 1.031e+04
5.630e-02 1.170e+04
5.555e-02 1.237e+04
5.625e-02 1.169e+04
5.577e-02 1.209e+04
5.237e-02 1.648e+04
5.420e-02 1.325e+04
6.013e-02 8.841e+03
5.530e-02 1.235e+04
5.542e-02 1.170e+04
5.727e-02 1.064e+04
5.809e-02 9.993e+03
5.705e-02 1.105e+04
5.641e-02 1.120e+04
5.544e-02 1.253e+04
5.731e-02 1.047e+04
5.583e-02 1.233e+04
5.532e-02 1.235e+04
5.781e-02 1.021e+04
5.803e-02 1.014e+04
5.610e-02 1.181e+04
5.606e-02 1.201e+04
5.749e-02 1.058e+04
