5.049e-02 2.599e+05
4.705e-02 2.399e+05
4.729e-02 2.499e+05
4.796e-02 2.681e+05
4.557e-02 3.220e+05
4.784e-02 2.756e+05
4.635e-02 3.088e+05
4.878e-02 1.691e+05
3.977e-02 4.937e+05
5.377e-02 1.291e+05
4.685e-02 2.458e+05
4.169e-02 4.452e+05
3.950e-02 6.412e+05
5.110e-02 1.358e+05
4.845e-02 1.105e+05
5.512e-02 5.710e+04
5.085e-02 1.227e+05
4.316e-02 2.752e+05
4.463e-02 3.737e+05
4.080e-02 5.686e+05
4.494e-02 3.003e+05
5.399e-02 5.675e+04
4.477e-02 3.683e+05
5.206e-02 1.434e+05
5.074e-02 1.780e+05
4.674e-02 2.212e+05
4.429e-02 2.105e+05
4.993e-02 2.630e+05
4.470e-02 3.690e+05
5.225e-02 1.868e+05
5.140e-02 1.078e+05
5.342e-02 1.000e+05
5.310e-02 1.107e+05
5.309e-02 5.653e+04
4.324e-02 5.317e+05
4.795e-02 2.343e+05
4.793e-02 2.550e+05
5.580e-02 6.544e+04
4.365e-02 3.158e+05
5.322e-02 5.617e+04
4.130e-02 6.084e+05
4.687e-02 2.578e+05
4.795e-02 2.343e+05
5.297e-02 6.097e+04
4.249e-02 4.114e+05
4.152e-02 3.824e+05
5.043e-02 5.857e+04
5.085e-02 1.356e+05
5.053e-02 2.589e+05
4.954e-02 2.437e+05
4.160e-02 4.329e+05
5.209e-02 5.969e+04
5.304e-02 1.532e+05
3.934e-02 7.426e+05
5.295e-02 6.438e+04
4.610e-02 2.496e+05
4.978e-02 1.906e+05
5.159e-02 7.654e+04
4.733e-02 2.850e+05
5.076e-02 5.932e+04
4.385e-02 3.874e+05
5.383e-02 1.067e+05
4.192e-02 4.402e+05
4.359e-02 5.327e+05
4.115e-02 5.243e+05
4.697e-02 3.095e+05
4.755e-02 1.914e+05
5.114e-02 7.311e+04
5.327e-02 5.546e+04
4.755e-02 3.523e+05
4.947e-02 1.043e+05
5.365e-02 7.744e+04
5.009e-02 2.571e+05
5.259e-02 8.555e+04
5.245e-02 9.130e+04
4.929e-02 1.019e+05
4.113e-02 4.835e+05
5.414e-02 6.671e+04
4.875e-02 1.553e+05
3.979e-02 5.468e+05
4.574e-02 1.632e+05
4.805e-02 1.585e+05
5.063e-02 1.438e+05
4.726e-02 2.333e+05
4.173e-02 3.596e+05
4.611e-02 3.756e+05
5.571e-02 5.937e+04
5.208e-02 8.113e+04
5.284e-02 7.724e+04
4.469e-02 2.947e+05
5.045e-02 2.416e+05
9.628e-01 6.913e+02
5.129e-02 1.395e+05
5.224e-02 1.276e+05
4.683e-02 2.712e+05
4.142e-02 5.860e+05
4.113e-02 5.414e+05
4.843e-02 2.359e+05
5.384e-02 1.065e+05
4.613e-02 1.658e+05
5.054e-02 1.157e+05
5.105e-02 5.696e+04
4.819e-02 2.390e+05
5.414e-02 1.304e+05
5.104e-02 1.548e+05
4.916e-02 1.259e+05
4.702e-02 3.169e+05
5.321e-02 7.395e+04
4.111e-02 5.482e+05
5.443e-02 1.042e+05
5.078e-02 1.765e+05
4.396e-02 4.376e+05
4.833e-02 1.602e+05
5.365e-02 5.993e+04
5.424e-02 5.812e+04
5.356e-02 1.033e+05
3.931e-02 5.745e+05
4.359e-02 3.301e+05
5.216e-02 1.504e+05
5.293e-02 7.813e+04
4.151e-02 3.989e+05
4.484e-02 2.555e+05
5.494e-02 7.810e+04
5.303e-02 5.724e+04
4.617e-02 1.718e+05
5.246e-02 1.435e+05
4.952e-02 1.677e+05
5.454e-02 5.750e+04
5.128e-02 1.099e+05
3.776e-02 6.471e+05
4.498e-02 3.085e+05
4.497e-02 2.906e+05
4.788e-02 1.332e+05
4.806e-02 2.141e+05
4.881e-02 2.017e+05
4.946e-02 1.780e+05
4.385e-02 2.756e+05
4.855e-02 3.155e+05
9.062e-01 6.806e+02
4.022e-02 6.261e+05
4.501e-02 4.545e+05
4.378e-02 4.500e+05
5.154e-02 1.660e+05
5.226e-02 6.879e+04
5.424e-02 5.825e+04
4.664e-02 3.063e+05
4.926e-02 1.937e+05
4.177e-02 4.767e+05
5.510e-02 6.943e+04
5.347e-02 1.436e+05
4.117e-02 4.378e+05
4.587e-02 3.335e+05
4.505e-02 2.541e+05
3.836e-02 6.297e+05
4.959e-02 9.460e+04
4.633e-02 2.512e+05
5.306e-02 6.225e+04
4.823e-02 1.643e+05
4.867e-02 2.179e+05
5.198e-02 1.047e+05
5.126e-02 1.117e+05
5.189e-02 1.257e+05
5.211e-02 1.291e+05
4.573e-02 3.399e+05
4.441e-02 4.740e+05
5.655e-02 5.941e+04
4.937e-02 2.977e+05
4.993e-02 1.843e+05
4.270e-02 4.719e+05
5.062e-02 1.411e+05
5.464e-02 6.146e+04
4.106e-02 3.979e+05
5.126e-02 1.018e+05
4.771e-02 1.847e+05
5.397e-02 6.188e+04
4.934e-02 2.985e+05
5.336e-02 6.735e+04
4.344e-02 4.407e+05
5.363e-02 6.284e+04
4.352e-02 3.152e+05
3.872e-02 5.806e+05
4.469e-02 2.853e+05
5.030e-02 2.663e+05
5.344e-02 9.333e+04
4.988e-02 2.613e+05
4.711e-02 2.756e+05
5.233e-02 1.002e+05
4.548e-02 1.828e+05
4.812e-02 1.993e+05
4.423e-02 3.267e+05
4.380e-02 3.844e+05
4.329e-02 2.949e+05
4.871e-02 2.436e+05
4.424e-02 4.698e+05
5.224e-02 1.867e+05
5.504e-02 5.923e+04
4.679e-02 1.936e+05
4.855e-02 1.286e+05
5.061e-02 1.684e+05
4.285e-02 4.656e+05
4.760e-02 2.317e+05
4.607e-02 3.827e+05
4.108e-02 4.870e+05
3.998e-02 6.169e+05
4.694e-02 2.512e+05
4.736e-02 1.846e+05
5.326e-02 1.150e+05
5.158e-02 8.739e+04
5.542e-02 6.370e+04
5.523e-02 5.560e+04
4.387e-02 4.274e+05
4.792e-02 1.952e+05
5.115e-02 8.627e+04
5.025e-02 1.397e+05
4.889e-02 1.653e+05
4.496e-02 3.556e+05
4.390e-02 2.311e+05
5.411e-02 5.947e+04
4.748e-02 2.462e+05
4.820e-02 2.516e+05
4.526e-02 3.337e+05
4.615e-02 3.153e+05
5.310e-02 9.706e+04
5.010e-02 1.239e+05
4.867e-02 2.651e+05
5.225e-02 5.959e+04
5.018e-02 1.589e+05
4.233e-02 3.219e+05
5.478e-02 5.441e+04
4.162e-02 3.518e+05
4.538e-02 4.214e+05
5.486e-02 5.949e+04
5.400e-02 6.227e+04
4.193e-02 4.997e+05
5.385e-02 5.729e+04
4.398e-02 2.642e+05
4.392e-02 3.892e+05
5.064e-02 7.970e+04
4.830e-02 2.260e+05
5.227e-02 1.326e+05
4.882e-02 2.457e+05
5.270e-02 9.149e+04
5.471e-02 6.863e+04
3.980e-02 4.608e+05
5.151e-02 1.934e+05
5.151e-02 2.024e+05
4.280e-02 5.110e+05
4.429e-02 3.576e+05
5.071e-02 2.172e+05
4.812e-02 1.789e+05
5.477e-02 5.664e+04
5.229e-02 5.787e+04
5.291e-02 1.482e+05
4.774e-02 2.510e+05
5.303e-02 7.758e+04
4.057e-02 4.626e+05
4.642e-02 3.101e+05
5.562e-02 5.809e+04
4.942e-02 2.354e+05
5.400e-02 6.076e+04
5.428e-02 1.020e+05
5.374e-02 1.066e+05
4.311e-02 3.519e+05
4.730e-02 2.447e+05
5.020e-02 8.441e+04
4.266e-02 5.126e+05
4.936e-02 2.154e+05
4.951e-02 1.264e+05
5.007e-02 1.725e+05
5.143e-02 8.753e+04
4.509e-02 4.246e+05
5.075e-02 1.165e+05
5.349e-02 5.944e+04
4.296e-02 4.242e+05
5.358e-02 7.325e+04
5.080e-02 9.633e+04
4.764e-02 1.715e+05
5.174e-02 6.482e+04
5.183e-02 2.137e+05
4.633e-02 1.992e+05
4.536e-02 3.991e+05
4.491e-02 2.438e+05
4.580e-02 4.310e+05
5.096e-02 2.260e+05
4.532e-02 1.936e+05
4.823e-02 2.516e+05
4.741e-02 1.220e+05
4.971e-02 8.718e+04
4.519e-02 2.550e+05
3.938e-02 6.760e+05
4.782e-02 1.692e+05
4.998e-02 1.152e+05
4.254e-02 5.001e+05
5.038e-02 2.574e+05
5.278e-02 1.315e+05
4.296e-02 3.426e+05
4.006e-02 5.904e+05
5.019e-02 2.457e+05
5.245e-02 6.048e+04
4.429e-02 4.333e+05
5.241e-02 9.138e+04
4.534e-02 2.073e+05
5.029e-02 1.525e+05
4.668e-02 2.076e+05
4.598e-02 2.128e+05
4.877e-02 1.239e+05
4.578e-02 3.485e+05
4.610e-02 2.660e+05
4.691e-02 3.663e+05
4.881e-02 3.165e+05
4.309e-02 4.058e+05
4.982e-02 1.367e+05
4.920e-02 1.538e+05
5.204e-02 8.383e+04
4.465e-02 2.782e+05
5.400e-02 8.870e+04
4.191e-02 4.635e+05
4.168e-02 3.666e+05
5.039e-02 1.422e+05
4.341e-02 3.692e+05
4.838e-02 1.789e+05
4.380e-02 3.861e+05
3.981e-02 6.857e+05
4.601e-02 1.950e+05
5.414e-02 6.082e+04
5.443e-02 5.679e+04
4.897e-02 2.224e+05
4.952e-02 1.886e+05
3.980e-02 5.659e+05
4.070e-02 4.593e+05
4.792e-02 1.827e+05
4.555e-02 2.579e+05
4.156e-02 6.006e+05
4.777e-02 2.337e+05
5.022e-02 9.463e+04
5.068e-02 1.073e+05
4.368e-02 3.437e+05
5.253e-02 7.873e+04
5.003e-02 1.342e+05
4.661e-02 2.575e+05
4.840e-02 2.068e+05
5.171e-02 7.072e+04
4.342e-02 4.282e+05
4.429e-02 2.395e+05
4.922e-02 7.204e+04
5.316e-02 6.699e+04
5.511e-02 6.029e+04
4.789e-02 1.929e+05
5.309e-02 6.704e+04
5.467e-02 1.106e+05
4.409e-02 2.474e+05
4.850e-02 2.262e+05
5.095e-02 1.297e+05
5.002e-02 1.085e+05
5.159e-02 1.511e+05
5.020e-02 1.295e+05
4.701e-02 1.254e+05
4.839e-02 2.664e+05
4.412e-02 3.468e+05
4.826e-02 1.736e+05
4.807e-02 1.243e+05
5.326e-02 1.259e+05
4.436e-02 4.235e+05
5.078e-02 8.242e+04
4.951e-02 1.872e+05
4.888e-02 2.202e+05
5.398e-02 5.809e+04
4.674e-02 2.614e+05
4.555e-02 2.834e+05
5.486e-02 1.226e+05
4.619e-02 2.114e+05
4.557e-02 2.513e+05
4.954e-02 1.811e+05
4.546e-02 2.795e+05
4.381e-02 3.233e+05
4.828e-02 1.947e+05
5.271e-02 1.118e+05
5.358e-02 8.135e+04
4.011e-02 4.347e+05
4.817e-02 2.328e+05
5.072e-02 2.109e+05
5.244e-02 7.421e+04
4.565e-02 2.843e+05
4.422e-02 2.675e+05
4.410e-02 2.459e+05
4.194e-02 5.188e+05
9.401e-01 6.676e+02
4.796e-02 3.194e+05
4.711e-02 1.600e+05
5.049e-02 2.331e+05
5.081e-02 8.275e+04
4.337e-02 4.624e+05
5.161e-02 1.248e+05
4.729e-02 3.096e+05
3.913e-02 6.296e+05
5.782e-02 5.666e+04
3.945e-02 6.772e+05
4.994e-02 1.748e+05
4.378e-02 3.570e+05
4.162e-02 4.682e+05
5.218e-02 1.429e+05
4.913e-02 2.336e+05
5.169e-02 6.418e+04
3.985e-02 6.153e+05
4.836e-02 2.562e+05
4.972e-02 1.534e+05
5.148e-02 6.614e+04
4.165e-02 5.765e+05
5.296e-02 1.423e+05
4.612e-02 2.932e+05
4.909e-02 1.925e+05
5.460e-02 5.638e+04
5.454e-02 5.725e+04
4.386e-02 3.271e+05
5.194e-02 1.389e+05
4.816e-02 1.919e+05
4.464e-02 2.027e+05
4.665e-02 2.613e+05
4.801e-02 1.677e+05
5.066e-02 1.072e+05
5.165e-02 9.897e+04
5.049e-02 1.942e+05
5.397e-02 5.496e+04
4.540e-02 2.663e+05
5.438e-02 5.822e+04
4.951e-02 1.731e+05
5.019e-02 1.116e+05
4.670e-02 3.284e+05
4.190e-02 5.643e+05
5.033e-02 1.450e+05
4.610e-02 1.855e+05
5.340e-02 5.567e+04
4.875e-02 2.033e+05
4.675e-02 2.757e+05
4.264e-02 4.039e+05
4.588e-02 3.061e+05
4.642e-02 3.043e+05
4.760e-02 2.346e+05
4.839e-02 1.926e+05
5.375e-02 5.976e+04
5.431e-02 5.316e+04
4.789e-02 2.772e+05
5.246e-02 5.728e+04
4.621e-02 2.301e+05
3.976e-02 5.440e+05
4.888e-02 1.704e+05
4.457e-02 2.742e+05
4.650e-02 1.971e+05
5.029e-02 1.921e+05
5.060e-02 1.014e+05
4.563e-02 3.933e+05
4.241e-02 4.521e+05
4.610e-02 3.467e+05
5.238e-02 8.544e+04
5.402e-02 6.332e+04
4.340e-02 3.960e+05
4.117e-02 4.257e+05
5.338e-02 1.587e+05
5.355e-02 5.703e+04
4.027e-02 6.307e+05
4.385e-02 2.509e+05
4.779e-02 1.972e+05
4.314e-02 4.026e+05
5.365e-02 1.530e+05
5.260e-02 1.632e+05
5.411e-02 8.385e+04
4.410e-02 2.437e+05
5.171e-02 7.659e+04
4.517e-02 2.392e+05
4.044e-02 4.681e+05
5.382e-02 7.877e+04
4.497e-02 3.602e+05
4.602e-02 3.056e+05
4.226e-02 3.921e+05
4.636e-02 2.241e+05
4.750e-02 2.947e+05
4.493e-02 4.436e+05
4.292e-02 3.223e+05
5.009e-02 1.539e+05
5.201e-02 6.244e+04
5.459e-02 6.271e+04
5.369e-02 1.091e+05
5.432e-02 7.626e+04
4.205e-02 6.312e+05
5.439e-02 6.111e+04
5.186e-02 1.081e+05
4.596e-02 3.750e+05
4.875e-02 1.950e+05
5.278e-02 7.188e+04
4.116e-02 3.817e+05
5.400e-02 1.058e+05
4.891e-02 1.851e+05
5.337e-02 6.103e+04
4.602e-02 2.639e+05
4.542e-02 1.669e+05
5.195e-02 1.446e+05
4.452e-02 3.042e+05
4.894e-02 1.886e+05
4.261e-02 4.709e+05
4.626e-02 3.947e+05
5.586e-02 5.572e+04
4.975e-02 1.712e+05
4.955e-02 2.116e+05
5.415e-02 5.613e+04
5.034e-02 2.012e+05
5.204e-02 1.144e+05
5.010e-02 1.650e+05
5.065e-02 1.747e+05
4.141e-02 5.277e+05
4.038e-02 5.414e+05
4.933e-02 2.521e+05
4.279e-02 5.350e+05
4.757e-02 2.058e+05
5.415e-02 6.147e+04
4.364e-02 3.194e+05
4.957e-02 1.120e+05
5.203e-02 6.403e+04
5.411e-02 5.710e+04
4.605e-02 2.934e+05
5.286e-02 9.953e+04
5.202e-02 1.446e+05
3.936e-02 5.155e+05
5.214e-02 7.880e+04
4.697e-02 1.286e+05
3.980e-02 6.752e+05
4.087e-02 5.412e+05
5.225e-02 7.560e+04
5.012e-02 1.335e+05
3.920e-02 5.640e+05
4.798e-02 3.417e+05
4.921e-02 1.316e+05
4.840e-02 2.777e+05
5.150e-02 1.419e+05
5.342e-02 7.038e+04
5.013e-02 1.317e+05
5.328e-02 8.218e+04
5.115e-02 1.498e+05
4.888e-02 1.182e+05
5.358e-02 1.311e+05
4.513e-02 2.158e+05
4.850e-02 2.234e+05
5.118e-02 7.829e+04
5.461e-02 5.711e+04
4.467e-02 3.977e+05
4.352e-02 2.917e+05
4.741e-02 2.889e+05
4.172e-02 3.542e+05
4.001e-02 6.869e+05
4.608e-02 2.606e+05
5.050e-02 1.632e+05
4.816e-02 1.547e+05
5.135e-02 1.165e+05
4.155e-02 3.695e+05
4.759e-02 3.501e+05
5.397e-02 5.628e+04
4.535e-02 3.815e+05
5.289e-02 6.693e+04
4.343e-02 3.223e+05
3.995e-02 4.921e+05
4.873e-02 1.582e+05
4.654e-02 2.789e+05
5.209e-02 7.107e+04
4.437e-02 2.236e+05
4.895e-02 1.396e+05
5.338e-02 7.021e+04
5.205e-02 5.616e+04
4.711e-02 1.754e+05
4.282e-02 3.810e+05
4.178e-02 4.658e+05
4.371e-02 3.335e+05
5.103e-02 1.439e+05
5.205e-02 1.368e+05
5.117e-02 6.472e+04
4.303e-02 4.086e+05
5.157e-02 1.220e+05
5.220e-02 1.867e+05
4.153e-02 4.208e+05
5.241e-02 7.573e+04
5.490e-02 6.028e+04
4.956e-02 2.505e+05
4.277e-02 4.945e+05
5.220e-02 1.524e+05
5.347e-02 5.645e+04
4.824e-02 2.111e+05
9.332e-01 6.996e+02
3.993e-02 5.728e+05
5.346e-02 5.998e+04
5.149e-02 1.697e+05
4.287e-02 5.605e+05
5.476e-02 9.459e+04
4.853e-02 1.705e+05
4.917e-02 2.208e+05
4.327e-02 5.408e+05
4.794e-02 2.246e+05
4.291e-02 3.233e+05
4.618e-02 2.215e+05
5.336e-02 6.185e+04
5.329e-02 5.575e+04
4.953e-02 1.653e+05
5.220e-02 5.792e+04
4.337e-02 4.556e+05
4.270e-02 3.840e+05
4.938e-02 1.422e+05
5.610e-02 6.115e+04
5.158e-02 1.735e+05
4.284e-02 3.913e+05
5.438e-02 5.674e+04
4.254e-02 4.862e+05
5.363e-02 6.148e+04
4.611e-02 2.557e+05
5.146e-02 9.893e+04
4.646e-02 2.321e+05
4.850e-02 1.796e+05
4.260e-02 4.082e+05
4.892e-02 1.661e+05
4.563e-02 3.067e+05
4.728e-02 2.755e+05
4.714e-02 1.628e+05
4.857e-02 1.863e+05
5.154e-02 2.123e+05
5.072e-02 1.321e+05
4.709e-02 2.676e+05
4.372e-02 2.535e+05
4.848e-02 2.024e+05
5.057e-02 5.866e+04
5.363e-02 9.924e+04
5.290e-02 6.239e+04
4.191e-02 4.689e+05
5.141e-02 8.531e+04
5.200e-02 5.898e+04
5.414e-02 1.449e+05
5.455e-02 6.562e+04
5.191e-02 6.154e+04
4.658e-02 2.667e+05
4.529e-02 2.974e+05
5.072e-02 1.141e+05
4.750e-02 2.548e+05
5.380e-02 5.989e+04
5.173e-02 5.604e+04
5.508e-02 5.910e+04
5.114e-02 1.882e+05
4.326e-02 3.453e+05
4.819e-02 2.385e+05
4.604e-02 3.013e+05
4.603e-02 3.035e+05
4.522e-02 2.224e+05
4.697e-02 2.089e+05
5.235e-02 6.227e+04
5.039e-02 1.494e+05
5.361e-02 5.721e+04
4.650e-02 1.538e+05
4.388e-02 3.640e+05
5.208e-02 1.365e+05
5.271e-02 1.433e+05
4.537e-02 3.362e+05
4.691e-02 1.478e+05
4.462e-02 2.643e+05
8.584e-01 6.638e+02
5.138e-02 1.069e+05
5.493e-02 5.816e+04
5.394e-02 8.162e+04
4.368e-02 2.899e+05
5.434e-02 5.845e+04
4.659e-02 1.673e+05
5.252e-02 1.147e+05
4.278e-02 2.720e+05
5.506e-02 5.657e+04
4.437e-02 2.539e+05
4.987e-02 2.070e+05
5.018e-02 1.874e+05
4.009e-02 6.347e+05
4.606e-02 2.006e+05
4.519e-02 1.917e+05
5.147e-02 6.419e+04
4.581e-02 3.730e+05
5.261e-02 7.392e+04
5.366e-02 1.410e+05
4.387e-02 2.964e+05
5.451e-02 9.780e+04
4.332e-02 3.859e+05
4.207e-02 5.135e+05
5.261e-02 6.813e+04
5.259e-02 8.795e+04
5.254e-02 8.408e+04
5.365e-02 6.150e+04
5.214e-02 1.704e+05
4.262e-02 3.324e+05
4.281e-02 4.198e+05
5.271e-02 6.515e+04
4.306e-02 2.956e+05
5.448e-02 5.724e+04
3.908e-02 5.119e+05
5.476e-02 1.065e+05
4.590e-02 3.595e+05
4.977e-02 1.768e+05
5.167e-02 1.087e+05
4.536e-02 2.773e+05
4.415e-02 4.671e+05
4.626e-02 2.347e+05
4.491e-02 3.967e+05
5.104e-02 1.030e+05
5.123e-02 1.647e+05
4.229e-02 4.621e+05
4.244e-02 3.976e+05
4.513e-02 3.165e+05
4.656e-02 2.056e+05
4.707e-02 2.138e+05
4.596e-02 3.711e+05
4.616e-02 3.281e+05
4.925e-02 1.068e+05
5.350e-02 5.703e+04
4.920e-02 9.857e+04
4.714e-02 2.788e+05
5.233e-02 5.780e+04
5.097e-02 1.246e+05
4.724e-02 2.738e+05
4.734e-02 2.991e+05
5.264e-02 7.345e+04
5.215e-02 5.875e+04
4.843e-02 1.618e+05
5.282e-02 5.803e+04
4.915e-02 2.261e+05
4.637e-02 2.748e+05
4.914e-02 1.681e+05
4.604e-02 2.096e+05
5.189e-02 1.052e+05
4.489e-02 3.170e+05
5.655e-02 5.836e+04
4.857e-02 2.342e+05
4.797e-02 2.864e+05
4.102e-02 6.333e+05
4.552e-02 3.551e+05
4.871e-02 7.155e+04
4.730e-02 1.822e+05
4.529e-02 3.639e+05
5.440e-02 6.222e+04
5.142e-02 1.716e+05
4.074e-02 6.131e+05
5.420e-02 9.479e+04
5.350e-02 6.081e+04
5.193e-02 1.995e+05
5.130e-02 8.896e+04
5.139e-02 1.379e+05
5.334e-02 5.971e+04
4.224e-02 3.067e+05
4.404e-02 2.386e+05
4.597e-02 1.721e+05
4.634e-02 2.658e+05
4.444e-02 3.750e+05
5.095e-02 1.057e+05
4.576e-02 3.711e+05
4.444e-02 3.141e+05
4.120e-02 4.534e+05
5.430e-02 5.718e+04
4.695e-02 3.886e+05
4.479e-02 3.071e+05
4.007e-02 4.874e+05
4.101e-02 5.788e+05
4.308e-02 3.519e+05
5.142e-02 8.902e+04
4.864e-02 1.119e+05
4.968e-02 1.314e+05
5.372e-02 7.021e+04
4.248e-02 3.803e+05
5.284e-02 7.679e+04
4.627e-02 3.839e+05
4.528e-02 2.127e+05
4.489e-02 3.567e+05
5.572e-02 5.862e+04
4.809e-02 1.107e+05
4.766e-02 1.790e+05
5.244e-02 6.990e+04
5.492e-02 5.984e+04
4.344e-02 3.858e+05
5.149e-02 5.842e+04
4.615e-02 2.066e+05
4.852e-02 1.629e+05
4.176e-02 4.670e+05
4.878e-02 2.183e+05
5.134e-02 2.177e+05
4.965e-02 1.157e+05
4.358e-02 4.117e+05
5.314e-02 1.778e+05
5.095e-02 1.256e+05
4.233e-02 5.362e+05
5.127e-02 6.546e+04
5.176e-02 9.257e+04
5.309e-02 6.169e+04
4.761e-02 2.861e+05
5.048e-02 9.813e+04
5.299e-02 1.033e+05
4.142e-02 6.379e+05
4.908e-02 2.241e+05
5.493e-02 6.741e+04
5.217e-02 8.922e+04
5.493e-02 5.820e+04
4.766e-02 2.693e+05
4.459e-02 2.410e+05
4.829e-02 2.747e+05
4.917e-02 2.108e+05
4.877e-02 2.097e+05
5.267e-02 1.583e+05
3.810e-02 7.803e+05
4.831e-02 1.377e+05
5.242e-02 1.510e+05
5.312e-02 8.086e+04
5.239e-02 1.697e+05
5.309e-02 8.055e+04
4.710e-02 2.430e+05
4.642e-02 1.561e+05
5.179e-02 5.763e+04
4.708e-02 2.186e+05
4.632e-02 2.315e+05
4.563e-02 2.293e+05
4.254e-02 4.129e+05
4.219e-02 4.122e+05
4.715e-02 2.812e+05
4.726e-02 3.590e+05
5.008e-02 1.637e+05
5.362e-02 8.192e+04
4.476e-02 2.764e+05
4.580e-02 3.313e+05
4.761e-02 1.244e+05
5.498e-02 5.322e+04
4.906e-02 1.756e+05
4.714e-02 1.896e+05
5.179e-02 1.020e+05
4.879e-02 1.425e+05
5.180e-02 8.365e+04
5.379e-02 6.614e+04
4.695e-02 3.498e+05
4.966e-02 1.754e+05
4.002e-02 6.607e+05
4.200e-02 3.942e+05
5.158e-02 1.291e+05
4.974e-02 1.687e+05
5.164e-02 1.342e+05
4.583e-02 3.948e+05
5.057e-02 1.257e+05
3.891e-02 5.924e+05
4.599e-02 2.650e+05
5.413e-02 6.067e+04
4.623e-02 2.032e+05
5.010e-02 2.570e+05
5.383e-02 7.032e+04
5.052e-02 6.232e+04
4.781e-02 1.230e+05
9.341e-01 6.470e+02
5.569e-02 5.882e+04
5.152e-02 8.284e+04
4.656e-02 3.586e+05
5.251e-02 8.584e+04
5.345e-02 6.863e+04
4.649e-02 2.757e+05
4.460e-02 2.046e+05
5.048e-02 1.890e+05
4.984e-02 2.501e+05
5.316e-02 5.889e+04
5.098e-02 1.016e+05
4.490e-02 2.051e+05
5.228e-02 1.773e+05
5.432e-02 1.334e+05
4.704e-02 2.438e+05
5.352e-02 5.916e+04
5.280e-02 9.620e+04
5.009e-02 1.202e+05
4.564e-02 2.057e+05
4.765e-02 3.208e+05
5.011e-02 1.311e+05
4.823e-02 1.547e+05
4.669e-02 1.711e+05
4.666e-02 2.728e+05
4.916e-02 1.675e+05
5.076e-02 1.912e+05
4.597e-02 3.750e+05
4.501e-02 3.696e+05
5.165e-02 1.385e+05
4.599e-02 3.636e+05
4.421e-02 2.143e+05
5.036e-02 2.419e+05
5.075e-02 9.870e+04
4.822e-02 1.814e+05
4.183e-02 3.242e+05
5.344e-02 5.637e+04
4.706e-02 1.749e+05
4.999e-02 1.145e+05
5.021e-02 2.478e+05
5.404e-02 5.944e+04
4.884e-02 1.577e+05
4.982e-02 1.308e+05
5.275e-02 6.402e+04
5.452e-02 8.758e+04
4.216e-02 3.543e+05
4.858e-02 1.896e+05
3.900e-02 7.233e+05
4.304e-02 4.846e+05
4.700e-02 2.602e+05
4.868e-02 2.430e+05
4.726e-02 1.556e+05
5.381e-02 6.675e+04
5.353e-02 7.505e+04
5.231e-02 5.696e+04
5.100e-02 1.031e+05
3.799e-02 6.693e+05
4.639e-02 2.806e+05
4.539e-02 3.709e+05
4.493e-02 3.512e+05
4.391e-02 2.717e+05
4.325e-02 2.960e+05
4.572e-02 2.799e+05
4.500e-02 2.422e+05
4.375e-02 4.030e+05
5.027e-02 1.931e+05
5.222e-02 5.823e+04
5.095e-02 2.306e+05
4.903e-02 2.123e+05
5.419e-02 6.006e+04
4.689e-02 3.020e+05
4.307e-02 2.865e+05
5.212e-02 5.617e+04
5.399e-02 7.820e+04
4.568e-02 3.786e+05
5.394e-02 5.599e+04
5.213e-02 5.550e+04
4.977e-02 1.240e+05
5.329e-02 6.042e+04
5.271e-02 1.443e+05
4.584e-02 2.640e+05
3.981e-02 5.693e+05
5.446e-02 6.310e+04
5.377e-02 6.335e+04
5.295e-02 5.672e+04
5.425e-02 6.620e+04
4.159e-02 5.340e+05
4.885e-02 1.958e+05
5.405e-02 6.185e+04
5.132e-02 2.312e+05
4.402e-02 3.506e+05
4.432e-02 2.308e+05
5.483e-02 5.771e+04
5.114e-02 1.066e+05
4.428e-02 4.364e+05
4.827e-02 2.085e+05
5.582e-02 5.659e+04
5.364e-02 1.224e+05
4.575e-02 3.923e+05
4.228e-02 3.253e+05
5.534e-02 5.699e+04
4.178e-02 4.473e+05
5.100e-02 2.128e+05
4.708e-02 1.982e+05
4.554e-02 3.867e+05
4.604e-02 3.827e+05
5.217e-02 1.606e+05
4.077e-02 5.146e+05
5.378e-02 5.670e+04
4.086e-02 6.628e+05
5.479e-02 5.428e+04
4.462e-02 2.365e+05
4.178e-02 4.722e+05
4.827e-02 3.228e+05
5.448e-02 5.632e+04
5.508e-02 5.986e+04
4.608e-02 2.796e+05
5.343e-02 6.248e+04
4.833e-02 2.061e+05
4.339e-02 3.356e+05
4.250e-02 4.499e+05
5.480e-02 6.077e+04
4.491e-02 2.681e+05
5.441e-02 5.609e+04
4.597e-02 2.359e+05
4.423e-02 3.572e+05
5.504e-02 6.360e+04
4.969e-02 1.433e+05
4.729e-02 2.475e+05
5.250e-02 8.118e+04
5.400e-02 8.822e+04
4.137e-02 4.911e+05
5.416e-02 5.607e+04
4.975e-02 1.041e+05
4.651e-02 1.621e+05
4.249e-02 4.614e+05
4.934e-02 2.406e+05
5.032e-02 1.845e+05
4.114e-02 5.775e+05
5.151e-02 5.853e+04
5.174e-02 1.056e+05
4.809e-02 2.070e+05
5.442e-02 5.418e+04
4.861e-02 1.619e+05
5.193e-02 5.891e+04
5.213e-02 1.266e+05
5.112e-02 5.540e+04
4.750e-02 1.973e+05
4.709e-02 2.672e+05
5.000e-02 2.101e+05
5.378e-02 5.552e+04
4.738e-02 2.870e+05
4.695e-02 1.560e+05
5.337e-02 9.482e+04
5.229e-02 1.967e+05
4.926e-02 2.472e+05
4.298e-02 5.664e+05
4.352e-02 2.998e+05
4.922e-02 1.840e+05
4.378e-02 4.012e+05
8.559e-01 6.842e+02
5.142e-02 1.440e+05
4.418e-02 3.829e+05
5.485e-02 6.038e+04
5.260e-02 7.866e+04
5.283e-02 6.823e+04
4.826e-02 3.076e+05
5.199e-02 7.024e+04
4.769e-02 1.476e+05
4.404e-02 3.780e+05
5.338e-02 9.354e+04
5.513e-02 6.046e+04
4.884e-02 2.930e+05
5.193e-02 9.041e+04
5.095e-02 1.214e+05
4.906e-02 1.635e+05
4.736e-02 1.544e+05
5.163e-02 1.172e+05
4.365e-02 2.386e+05
4.459e-02 4.344e+05
5.391e-02 1.555e+05
4.326e-02 4.184e+05
5.338e-02 6.132e+04
5.430e-02 5.796e+04
4.269e-02 5.487e+05
5.242e-02 6.647e+04
5.265e-02 1.504e+05
4.766e-02 3.115e+05
5.083e-02 1.899e+05
4.807e-02 1.886e+05
4.288e-02 4.284e+05
4.623e-02 2.122e+05
5.089e-02 1.486e+05
5.244e-02 5.911e+04
4.959e-02 2.356e+05
4.936e-02 1.084e+05
4.708e-02 1.548e+05
4.336e-02 4.771e+05
4.305e-02 2.775e+05
5.171e-02 1.323e+05
5.056e-02 1.443e+05
5.538e-02 5.875e+04
4.489e-02 3.214e+05
4.688e-02 2.255e+05
4.292e-02 3.400e+05
4.482e-02 3.611e+05
4.542e-02 2.761e+05
4.736e-02 3.070e+05
4.522e-02 3.774e+05
5.277e-02 1.210e+05
4.353e-02 4.069e+05
5.341e-02 1.128e+05
4.546e-02 4.145e+05
5.246e-02 1.464e+05
4.896e-02 2.645e+05
5.329e-02 6.798e+04
4.759e-02 1.698e+05
5.178e-02 1.182e+05
4.324e-02 4.687e+05
5.207e-02 8.504e+04
5.303e-02 5.589e+04
5.563e-02 6.191e+04
4.218e-02 5.862e+05
5.553e-02 6.458e+04
5.214e-02 1.878e+05
4.626e-02 1.538e+05
5.328e-02 5.943e+04
4.656e-02 2.276e+05
4.766e-02 2.953e+05
5.056e-02 1.670e+05
5.138e-02 1.900e+05
3.879e-02 6.952e+05
4.958e-02 1.326e+05
5.306e-02 5.609e+04
5.159e-02 5.956e+04
4.441e-02 4.151e+05
4.247e-02 5.399e+05
5.348e-02 6.138e+04
5.107e-02 1.771e+05
4.180e-02 3.506e+05
4.194e-02 5.161e+05
5.098e-02 1.060e+05
4.945e-02 1.889e+05
4.699e-02 1.673e+05
5.223e-02 8.136e+04
5.175e-02 1.818e+05
4.570e-02 2.279e+05
4.735e-02 1.792e+05
5.505e-02 8.670e+04
5.050e-02 1.467e+05
4.461e-02 4.399e+05
4.763e-02 3.387e+05
5.274e-02 9.651e+04
5.277e-02 1.576e+05
5.425e-02 5.335e+04
5.176e-02 9.406e+04
4.087e-02 4.150e+05
4.761e-02 2.409e+05
4.833e-02 1.946e+05
5.027e-02 1.290e+05
4.882e-02 1.345e+05
4.268e-02 4.590e+05
5.144e-02 1.287e+05
4.430e-02 4.527e+05
5.262e-02 7.997e+04
5.378e-02 5.489e+04
5.136e-02 8.649e+04
5.472e-02 5.721e+04
5.341e-02 1.276e+05
4.717e-02 1.301e+05
3.975e-02 4.902e+05
5.180e-02 1.684e+05
4.478e-02 3.478e+05
5.311e-02 7.218e+04
4.864e-02 1.990e+05
3.747e-02 6.573e+05
4.789e-02 2.585e+05
5.002e-02 1.507e+05
4.865e-02 1.652e+05
5.080e-02 1.766e+05
4.997e-02 2.544e+05
4.497e-02 3.180e+05
4.262e-02 3.543e+05
5.139e-02 1.101e+05
5.242e-02 5.751e+04
4.902e-02 2.858e+05
4.681e-02 1.610e+05
5.539e-02 6.541e+04
4.410e-02 3.573e+05
5.193e-02 8.444e+04
4.538e-02 3.895e+05
4.454e-02 3.100e+05
3.712e-02 7.214e+05
4.653e-02 3.529e+05
4.668e-02 2.538e+05
4.000e-02 7.690e+05
4.629e-02 3.888e+05
4.518e-02 2.028e+05
5.325e-02 6.037e+04
4.697e-02 2.638e+05
4.519e-02 3.402e+05
4.005e-02 6.827e+05
4.038e-02 5.315e+05
4.619e-02 2.999e+05
4.735e-02 2.526e+05
5.398e-02 5.911e+04
4.371e-02 4.133e+05
4.999e-02 2.544e+05
5.165e-02 2.025e+05
4.629e-02 2.768e+05
5.032e-02 1.386e+05
4.453e-02 2.489e+05
5.061e-02 2.033e+05
5.374e-02 6.252e+04
4.822e-02 1.229e+05
5.545e-02 6.060e+04
5.367e-02 5.446e+04
3.843e-02 7.114e+05
4.931e-02 1.799e+05
4.483e-02 3.291e+05
5.442e-02 6.229e+04
5.357e-02 1.129e+05
4.650e-02 2.131e+05
5.034e-02 1.448e+05
4.932e-02 1.025e+05
4.405e-02 3.243e+05
4.771e-02 3.016e+05
4.954e-02 9.995e+04
4.108e-02 4.836e+05
5.403e-02 1.198e+05
5.312e-02 1.760e+05
5.537e-02 7.260e+04
4.997e-02 1.876e+05
4.278e-02 3.577e+05
5.185e-02 1.855e+05
4.205e-02 5.394e+05
4.366e-02 2.682e+05
4.209e-02 4.209e+05
5.323e-02 5.734e+04
4.905e-02 1.632e+05
4.171e-02 5.182e+05
5.259e-02 1.569e+05
4.115e-02 6.344e+05
5.087e-02 2.025e+05
5.334e-02 1.208e+05
5.187e-02 1.101e+05
5.334e-02 8.920e+04
5.306e-02 1.170e+05
5.463e-02 8.137e+04
5.196e-02 1.545e+05
3.854e-02 6.803e+05
4.607e-02 3.606e+05
4.496e-02 2.022e+05
5.397e-02 5.856e+04
4.938e-02 6.587e+04
4.586e-02 3.114e+05
5.029e-02 5.908e+04
5.142e-02 1.124e+05
5.092e-02 1.415e+05
4.723e-02 2.160e+05
4.429e-02 3.903e+05
4.510e-02 2.827e+05
4.886e-02 1.374e+05
4.747e-02 1.287e+05
5.414e-02 8.572e+04
3.840e-02 6.947e+05
4.782e-02 3.120e+05
5.108e-02 5.880e+04
5.356e-02 5.587e+04
4.507e-02 3.211e+05
4.471e-02 2.976e+05
5.081e-02 1.432e+05
5.233e-02 1.784e+05
4.647e-02 3.524e+05
5.278e-02 9.968e+04
5.038e-02 1.432e+05
4.069e-02 5.072e+05
4.830e-02 2.240e+05
4.846e-02 2.843e+05
5.569e-02 6.199e+04
5.247e-02 5.825e+04
5.384e-02 6.243e+04
4.799e-02 2.013e+05
4.777e-02 2.918e+05
5.161e-02 9.687e+04
5.052e-02 9.215e+04
4.779e-02 2.916e+05
4.087e-02 5.271e+05
4.026e-02 5.792e+05
4.367e-02 2.716e+05
4.266e-02 4.630e+05
4.870e-02 2.308e+05
5.546e-02 5.702e+04
4.145e-02 5.382e+05
5.282e-02 5.930e+04
5.068e-02 1.055e+05
4.890e-02 2.424e+05
4.605e-02 2.942e+05
4.313e-02 4.679e+05
4.426e-02 5.074e+05
4.760e-02 2.450e+05
4.689e-02 2.211e+05
4.970e-02 1.014e+05
4.632e-02 4.110e+05
4.199e-02 4.092e+05
4.628e-02 1.869e+05
4.693e-02 3.300e+05
5.325e-02 5.840e+04
5.480e-02 6.202e+04
5.571e-02 9.382e+04
4.242e-02 3.502e+05
4.992e-02 2.606e+05
5.343e-02 9.777e+04
5.094e-02 2.133e+05
3.980e-02 6.801e+05
5.215e-02 6.187e+04
4.372e-02 3.106e+05
5.382e-02 5.577e+04
4.047e-02 4.124e+05
5.494e-02 1.039e+05
5.193e-02 9.606e+04
5.112e-02 6.149e+04
4.547e-02 3.617e+05
4.808e-02 1.311e+05
4.863e-02 1.484e+05
5.215e-02 1.780e+05
4.567e-02 2.958e+05
4.189e-02 5.639e+05
5.417e-02 1.471e+05
4.787e-02 3.012e+05
4.364e-02 4.129e+05
4.739e-02 2.282e+05
5.220e-02 7.713e+04
4.834e-02 2.251e+05
5.366e-02 1.560e+05
4.247e-02 3.722e+05
5.253e-02 8.547e+04
4.834e-02 1.117e+05
5.206e-02 6.636e+04
4.766e-02 2.642e+05
5.553e-02 9.874e+04
4.180e-02 5.205e+05
5.234e-02 6.592e+04
4.895e-02 2.375e+05
4.280e-02 4.656e+05
4.511e-02 2.186e+05
5.237e-02 7.503e+04
4.297e-02 5.730e+05
5.057e-02 2.556e+05
4.842e-02 2.065e+05
5.056e-02 2.599e+05
4.376e-02 3.542e+05
4.500e-02 2.639e+05
5.194e-02 1.831e+05
4.677e-02 2.753e+05
4.393e-02 3.609e+05
5.036e-02 1.230e+05
4.983e-02 1.868e+05
4.617e-02 3.146e+05
3.989e-02 6.978e+05
4.705e-02 1.550e+05
4.643e-02 1.994e+05
5.215e-02 8.136e+04
5.190e-02 5.802e+04
4.623e-02 3.370e+05
5.067e-02 1.732e+05
4.210e-02 5.478e+05
4.263e-02 3.531e+05
5.417e-02 5.901e+04
5.383e-02 6.244e+04
5.091e-02 6.481e+04
5.076e-02 1.175e+05
5.021e-02 1.345e+05
4.197e-02 6.072e+05
5.583e-02 1.076e+05
5.078e-02 1.381e+05
4.395e-02 4.483e+05
5.191e-02 1.553e+05
4.031e-02 5.337e+05
5.004e-02 6.559e+04
4.295e-02 3.044e+05
5.403e-02 6.965e+04
4.101e-02 5.673e+05
5.333e-02 1.192e+05
4.273e-02 4.900e+05
4.332e-02 3.409e+05
5.346e-02 6.391e+04
4.387e-02 3.001e+05
5.242e-02 1.093e+05
5.328e-02 7.485e+04
5.067e-02 1.178e+05
5.427e-02 6.171e+04
4.867e-02 1.968e+05
4.722e-02 3.599e+05
5.412e-02 6.237e+04
4.455e-02 3.415e+05
4.661e-02 2.136e+05
5.322e-02 1.529e+05
4.777e-02 1.474e+05
4.583e-02 2.067e+05
4.310e-02 5.149e+05
4.386e-02 3.306e+05
4.468e-02 3.328e+05
4.435e-02 2.717e+05
4.605e-02 2.754e+05
4.941e-02 1.067e+05
4.501e-02 4.285e+05
4.165e-02 4.018e+05
4.340e-02 2.485e+05
4.063e-02 6.243e+05
5.485e-02 5.906e+04
4.862e-02 1.074e+05
4.618e-02 1.864e+05
5.531e-02 5.941e+04
4.204e-02 4.503e+05
5.339e-02 7.325e+04
5.285e-02 1.043e+05
4.954e-02 2.380e+05
4.130e-02 5.572e+05
4.818e-02 2.428e+05
5.298e-02 6.687e+04
5.149e-02 2.056e+05
4.464e-02 3.499e+05
4.930e-02 1.751e+05
4.824e-02 1.485e+05
5.443e-02 5.736e+04
5.332e-02 6.430e+04
5.710e-02 6.473e+04
3.869e-02 7.280e+05
4.959e-02 9.000e+04
4.770e-02 2.297e+05
5.161e-02 1.800e+05
4.047e-02 4.855e+05
5.313e-02 8.335e+04
4.197e-02 3.586e+05
5.280e-02 6.024e+04
4.870e-02 3.127e+05
5.169e-02 6.105e+04
4.779e-02 2.986e+05
4.749e-02 3.363e+05
4.535e-02 3.270e+05
5.331e-02 5.701e+04
4.884e-02 2.713e+05
5.114e-02 8.964e+04
5.088e-02 1.688e+05
5.109e-02 1.169e+05
4.605e-02 3.134e+05
5.441e-02 1.246e+05
5.285e-02 1.690e+05
5.023e-02 1.689e+05
5.166e-02 1.832e+05
5.167e-02 1.428e+05
4.543e-02 2.096e+05
5.280e-02 5.965e+04
5.200e-02 8.796e+04
5.317e-02 6.903e+04
5.404e-02 5.773e+04
5.064e-02 1.833e+05
5.406e-02 1.254e+05
4.517e-02 3.546e+05
4.528e-02 2.571e+05
4.499e-02 2.683e+05
4.736e-02 2.480e+05
4.292e-02 4.331e+05
4.169e-02 5.809e+05
4.485e-02 2.141e+05
4.596e-02 2.618e+05
4.971e-02 2.386e+05
4.286e-02 4.902e+05
4.500e-02 3.900e+05
5.498e-02 9.478e+04
4.896e-02 2.376e+05
4.378e-02 5.217e+05
4.260e-02 4.220e+05
4.410e-02 4.853e+05
5.058e-02 2.195e+05
4.662e-02 1.652e+05
4.472e-02 3.920e+05
4.949e-02 1.888e+05
4.382e-02 4.991e+05
4.510e-02 3.305e+05
4.651e-02 2.929e+05
5.109e-02 2.041e+05
5.166e-02 1.341e+05
4.410e-02 3.970e+05
5.125e-02 1.951e+05
4.819e-02 2.028e+05
5.366e-02 5.577e+04
5.138e-02 5.834e+04
4.867e-02 1.469e+05
5.277e-02 6.619e+04
3.959e-02 5.572e+05
4.482e-02 2.566e+05
5.308e-02 9.349e+04
4.382e-02 3.661e+05
4.485e-02 3.054e+05
4.865e-02 1.706e+05
5.272e-02 5.320e+04
4.439e-02 3.479e+05
5.515e-02 5.610e+04
4.750e-02 2.062e+05
4.929e-02 1.695e+05
4.750e-02 2.019e+05
5.143e-02 1.008e+05
4.823e-02 2.364e+05
5.141e-02 8.492e+04
8.831e-01 6.576e+02
4.857e-02 1.864e+05
4.415e-02 2.897e+05
4.713e-02 1.298e+05
5.260e-02 5.864e+04
5.092e-02 2.000e+05
5.326e-02 6.826e+04
4.639e-02 3.932e+05
4.629e-02 2.127e+05
4.563e-02 1.831e+05
4.243e-02 4.176e+05
4.591e-02 4.122e+05
4.730e-02 3.409e+05
4.250e-02 3.589e+05
5.501e-02 6.497e+04
4.590e-02 1.817e+05
4.532e-02 2.578e+05
4.996e-02 2.441e+05
4.275e-02 3.545e+05
4.490e-02 2.866e+05
4.223e-02 4.539e+05
5.280e-02 5.769e+04
4.754e-02 2.766e+05
4.972e-02 2.721e+05
4.165e-02 4.449e+05
5.364e-02 6.757e+04
5.150e-02 2.081e+05
4.348e-02 3.584e+05
5.050e-02 7.301e+04
4.810e-02 1.772e+05
4.711e-02 3.049e+05
4.627e-02 3.166e+05
5.169e-02 2.177e+05
5.293e-02 5.742e+04
4.413e-02 3.819e+05
5.534e-02 5.741e+04
4.536e-02 2.701e+05
4.547e-02 3.139e+05
5.126e-02 1.364e+05
5.415e-02 5.961e+04
5.438e-02 5.695e+04
5.305e-02 5.797e+04
5.488e-02 9.017e+04
4.405e-02 2.920e+05
5.315e-02 6.134e+04
5.152e-02 9.060e+04
4.699e-02 1.641e+05
5.311e-02 8.031e+04
5.256e-02 5.996e+04
5.530e-02 1.130e+05
4.431e-02 3.557e+05
4.914e-02 1.968e+05
4.132e-02 5.862e+05
4.932e-02 1.950e+05
5.261e-02 5.968e+04
4.636e-02 1.726e+05
4.117e-02 4.942e+05
4.593e-02 2.125e+05
4.994e-02 2.101e+05
5.296e-02 6.708e+04
4.634e-02 1.646e+05
5.044e-02 8.253e+04
5.534e-02 7.021e+04
4.967e-02 2.117e+05
4.583e-02 2.756e+05
4.486e-02 4.676e+05
4.307e-02 4.587e+05
4.439e-02 3.613e+05
4.410e-02 2.990e+05
4.177e-02 4.984e+05
4.928e-02 1.590e+05
5.080e-02 9.736e+04
4.901e-02 1.603e+05
5.544e-02 6.104e+04
4.917e-02 1.120e+05
4.926e-02 1.888e+05
4.835e-02 1.425e+05
4.485e-02 4.034e+05
5.141e-02 2.058e+05
5.348e-02 1.345e+05
4.304e-02 5.762e+05
4.396e-02 3.879e+05
5.032e-02 1.234e+05
4.844e-02 2.176e+05
4.531e-02 2.383e+05
4.675e-02 3.460e+05
4.525e-02 4.079e+05
5.257e-02 5.941e+04
4.197e-02 5.957e+05
5.484e-02 5.847e+04
5.178e-02 1.012e+05
4.742e-02 1.818e+05
5.152e-02 1.594e+05
4.434e-02 4.781e+05
4.239e-02 4.757e+05
4.666e-02 2.768e+05
4.754e-02 1.418e+05
4.222e-02 4.551e+05
4.051e-02 5.363e+05
4.128e-02 5.218e+05
4.848e-02 2.092e+05
4.650e-02 2.808e+05
4.837e-02 1.177e+05
5.089e-02 1.904e+05
4.020e-02 5.813e+05
4.768e-02 2.115e+05
3.793e-02 6.687e+05
4.738e-02 3.221e+05
4.420e-02 2.690e+05
5.094e-02 6.051e+04
4.915e-02 2.251e+05
4.359e-02 3.022e+05
4.648e-02 4.031e+05
4.932e-02 1.470e+05
5.015e-02 1.879e+05
5.188e-02 6.265e+04
4.207e-02 3.542e+05
5.030e-02 2.301e+05
5.507e-02 9.287e+04
5.275e-02 6.023e+04
4.481e-02 2.822e+05
4.279e-02 3.146e+05
5.337e-02 8.081e+04
4.784e-02 1.919e+05
5.227e-02 1.978e+05
5.117e-02 6.504e+04
5.007e-02 2.350e+05
5.182e-02 7.825e+04
4.632e-02 1.562e+05
4.590e-02 2.865e+05
5.487e-02 8.873e+04
4.635e-02 3.453e+05
4.765e-02 2.225e+05
4.235e-02 4.843e+05
5.143e-02 1.300e+05
5.358e-02 8.504e+04
5.110e-02 7.645e+04
4.475e-02 2.865e+05
4.389e-02 3.411e+05
4.309e-02 5.383e+05
3.890e-02 7.002e+05
5.403e-02 6.439e+04
4.393e-02 4.109e+05
5.189e-02 2.153e+05
4.526e-02 3.072e+05
5.391e-02 5.829e+04
5.250e-02 1.540e+05
4.919e-02 1.214e+05
4.506e-02 2.295e+05
5.095e-02 1.409e+05
4.306e-02 4.926e+05
4.818e-02 2.068e+05
5.075e-02 1.303e+05
4.644e-02 1.429e+05
4.062e-02 4.440e+05
4.279e-02 2.969e+05
4.387e-02 4.045e+05
4.333e-02 3.883e+05
5.400e-02 6.024e+04
4.811e-02 3.094e+05
5.448e-02 6.218e+04
5.649e-02 5.817e+04
4.995e-02 1.074e+05
5.381e-02 6.539e+04
5.478e-02 6.111e+04
4.365e-02 3.963e+05
4.106e-02 4.709e+05
5.213e-02 5.382e+04
5.305e-02 5.685e+04
4.357e-02 4.146e+05
5.344e-02 8.621e+04
4.987e-02 1.097e+05
4.561e-02 1.806e+05
4.784e-02 3.219e+05
4.332e-02 4.349e+05
5.135e-02 5.819e+04
4.459e-02 2.177e+05
4.528e-02 3.856e+05
4.804e-02 2.154e+05
5.368e-02 6.996e+04
5.322e-02 7.230e+04
5.183e-02 9.421e+04
5.328e-02 7.071e+04
4.830e-02 1.621e+05
4.971e-02 2.345e+05
5.548e-02 5.687e+04
5.172e-02 1.716e+05
5.076e-02 8.476e+04
4.647e-02 1.493e+05
4.216e-02 5.514e+05
4.554e-02 3.202e+05
5.196e-02 5.705e+04
5.508e-02 5.643e+04
4.896e-02 1.366e+05
4.792e-02 1.883e+05
5.254e-02 1.685e+05
4.860e-02 2.876e+05
4.960e-02 1.996e+05
3.846e-02 6.081e+05
5.271e-02 1.327e+05
4.622e-02 2.387e+05
5.338e-02 1.208e+05
5.043e-02 2.115e+05
5.146e-02 1.513e+05
4.680e-02 1.955e+05
4.557e-02 4.493e+05
4.945e-02 2.153e+05
4.540e-02 2.037e+05
4.437e-02 3.513e+05
5.327e-02 6.089e+04
4.999e-02 1.877e+05
5.429e-02 5.983e+04
4.436e-02 3.122e+05
5.297e-02 8.524e+04
4.951e-02 1.848e+05
5.456e-02 5.850e+04
4.311e-02 3.904e+05
4.812e-02 1.687e+05
3.983e-02 7.908e+05
4.320e-02 4.334e+05
4.229e-02 3.067e+05
4.192e-02 4.321e+05
4.170e-02 4.341e+05
4.251e-02 3.685e+05
4.102e-02 4.090e+05
4.367e-02 3.132e+05
4.441e-02 3.142e+05
4.396e-02 4.162e+05
4.291e-02 4.756e+05
5.038e-02 1.631e+05
4.506e-02 4.564e+05
4.517e-02 3.675e+05
4.809e-02 2.297e+05
4.156e-02 4.099e+05
4.801e-02 2.080e+05
5.373e-02 6.285e+04
4.412e-02 4.993e+05
5.361e-02 5.616e+04
5.179e-02 6.183e+04
4.842e-02 1.528e+05
4.790e-02 1.733e+05
5.408e-02 9.362e+04
4.655e-02 4.062e+05
4.691e-02 1.938e+05
4.736e-02 2.236e+05
4.745e-02 2.373e+05
4.680e-02 2.704e+05
4.054e-02 5.563e+05
4.751e-02 1.788e+05
4.763e-02 2.403e+05
4.905e-02 1.456e+05
4.690e-02 1.894e+05
4.655e-02 3.471e+05
3.967e-02 4.955e+05
4.982e-02 1.503e+05
4.289e-02 3.514e+05
5.455e-02 5.454e+04
4.101e-02 6.147e+05
4.999e-02 1.927e+05
5.169e-02 1.301e+05
4.674e-02 3.888e+05
4.506e-02 2.777e+05
5.512e-02 5.886e+04
5.362e-02 1.525e+05
4.796e-02 1.491e+05
5.097e-02 8.366e+04
5.380e-02 1.067e+05
4.409e-02 2.758e+05
5.488e-02 5.915e+04
4.158e-02 5.584e+05
4.473e-02 3.172e+05
4.838e-02 2.223e+05
5.154e-02 2.170e+05
4.890e-02 1.121e+05
4.259e-02 3.017e+05
4.713e-02 3.561e+05
5.207e-02 1.074e+05
5.429e-02 5.467e+04
4.514e-02 4.351e+05
4.440e-02 3.409e+05
5.339e-02 9.610e+04
5.154e-02 1.372e+05
5.275e-02 1.365e+05
5.147e-02 1.016e+05
4.931e-02 2.544e+05
4.185e-02 4.636e+05
4.646e-02 2.162e+05
4.322e-02 3.212e+05
4.429e-02 3.473e+05
4.796e-02 2.999e+05
5.532e-02 5.722e+04
4.547e-02 3.128e+05
4.286e-02 3.902e+05
4.236e-02 3.519e+05
4.785e-02 1.641e+05
5.105e-02 1.632e+05
4.289e-02 3.495e+05
5.380e-02 6.958e+04
4.577e-02 1.882e+05
4.842e-02 3.037e+05
5.348e-02 6.224e+04
4.238e-02 4.211e+05
4.691e-02 2.680e+05
4.877e-02 1.711e+05
5.366e-02 5.910e+04
5.309e-02 1.542e+05
5.284e-02 1.618e+05
4.441e-02 4.167e+05
9.253e-01 6.759e+02
4.482e-02 2.937e+05
5.210e-02 6.347e+04
4.662e-02 2.872e+05
5.277e-02 6.140e+04
5.252e-02 1.101e+05
5.627e-02 6.029e+04
4.398e-02 3.755e+05
5.114e-02 1.147e+05
4.652e-02 2.294e+05
4.642e-02 2.824e+05
4.022e-02 4.685e+05
5.093e-02 1.161e+05
4.041e-02 6.323e+05
5.286e-02 5.763e+04
4.912e-02 2.391e+05
4.432e-02 4.903e+05
4.041e-02 4.294e+05
5.329e-02 6.733e+04
5.378e-02 7.814e+04
4.329e-02 4.223e+05
4.192e-02 3.294e+05
5.048e-02 1.250e+05
4.980e-02 2.139e+05
4.679e-02 3.358e+05
4.462e-02 4.573e+05
5.795e-02 6.239e+04
4.881e-02 2.078e+05
5.389e-02 7.011e+04
4.701e-02 1.702e+05
4.231e-02 5.148e+05
4.385e-02 3.855e+05
5.025e-02 1.280e+05
4.225e-02 4.292e+05
4.859e-02 1.960e+05
5.154e-02 5.801e+04
4.921e-02 1.694e+05
4.609e-02 3.142e+05
4.326e-02 4.591e+05
3.840e-02 5.957e+05
5.556e-02 5.743e+04
5.367e-02 6.653e+04
4.147e-02 4.106e+05
4.568e-02 3.222e+05
5.256e-02 7.309e+04
4.702e-02 2.581e+05
4.712e-02 3.516e+05
3.929e-02 6.847e+05
4.879e-02 1.474e+05
4.752e-02 1.710e+05
4.413e-02 3.667e+05
5.040e-02 7.002e+04
5.109e-02 1.268e+05
5.242e-02 6.458e+04
5.456e-02 1.022e+05
4.559e-02 2.858e+05
4.965e-02 1.770e+05
4.179e-02 4.295e+05
5.087e-02 6.197e+04
5.344e-02 6.193e+04
5.237e-02 9.442e+04
5.325e-02 1.136e+05
5.025e-02 1.956e+05
4.246e-02 4.123e+05
3.876e-02 6.729e+05
4.599e-02 3.075e+05
5.093e-02 8.488e+04
4.865e-02 2.989e+05
4.360e-02 3.352e+05
4.897e-02 1.439e+05
3.838e-02 6.950e+05
5.110e-02 1.499e+05
5.390e-02 6.837e+04
4.871e-02 2.177e+05
4.938e-02 1.918e+05
4.794e-02 1.134e+05
5.148e-02 1.898e+05
5.464e-02 5.995e+04
4.358e-02 5.061e+05
5.162e-02 1.892e+05
5.321e-02 5.662e+04
5.327e-02 5.862e+04
4.835e-02 1.786e+05
5.267e-02 1.307e+05
4.230e-02 4.969e+05
4.897e-02 1.525e+05
5.255e-02 1.929e+05
5.095e-02 8.455e+04
4.984e-02 2.250e+05
5.251e-02 7.723e+04
5.366e-02 6.139e+04
4.622e-02 1.541e+05
5.255e-02 7.566e+04
4.153e-02 3.679e+05
5.178e-02 2.112e+05
4.712e-02 2.565e+05
4.904e-02 2.093e+05
5.122e-02 1.901e+05
4.737e-02 2.315e+05
5.099e-02 2.094e+05
4.880e-02 1.512e+05
4.641e-02 1.697e+05
3.842e-02 5.763e+05
5.455e-02 6.450e+04
5.258e-02 1.676e+05
4.881e-02 2.469e+05
5.493e-02 6.415e+04
4.805e-02 1.736e+05
4.792e-02 2.384e+05
5.021e-02 1.325e+05
4.393e-02 4.087e+05
5.029e-02 1.579e+05
4.194e-02 4.751e+05
5.525e-02 6.002e+04
4.756e-02 3.458e+05
4.712e-02 2.583e+05
5.166e-02 1.989e+05
4.070e-02 5.774e+05
4.119e-02 3.649e+05
5.468e-02 5.591e+04
4.282e-02 5.173e+05
4.643e-02 2.673e+05
5.454e-02 6.929e+04
4.241e-02 6.144e+05
4.567e-02 2.990e+05
4.593e-02 2.753e+05
5.425e-02 6.037e+04
4.720e-02 1.573e+05
5.178e-02 5.940e+04
4.217e-02 4.070e+05
3.880e-02 8.790e+05
4.354e-02 2.644e+05
4.616e-02 1.696e+05
5.521e-02 5.892e+04
4.324e-02 3.006e+05
5.358e-02 6.555e+04
4.212e-02 4.590e+05
4.960e-02 2.364e+05
5.199e-02 6.011e+04
4.537e-02 2.239e+05
5.294e-02 5.844e+04
4.208e-02 6.157e+05
4.431e-02 4.299e+05
4.948e-02 1.950e+05
5.384e-02 1.545e+05
4.407e-02 3.641e+05
4.858e-02 3.192e+05
4.237e-02 3.944e+05
4.336e-02 5.425e+05
5.224e-02 1.251e+05
4.908e-02 1.128e+05
4.646e-02 2.201e+05
4.886e-02 5.891e+04
3.996e-02 5.124e+05
5.287e-02 5.565e+04
5.372e-02 9.943e+04
3.966e-02 5.763e+05
5.042e-02 1.543e+05
4.820e-02 1.867e+05
5.454e-02 6.195e+04
4.483e-02 3.463e+05
5.286e-02 5.789e+04
5.363e-02 6.326e+04
4.486e-02 4.043e+05
5.548e-02 5.899e+04
5.244e-02 6.237e+04
5.337e-02 6.581e+04
5.408e-02 5.500e+04
4.310e-02 4.501e+05
5.049e-02 2.028e+05
5.346e-02 6.438e+04
5.161e-02 1.708e+05
5.369e-02 5.748e+04
4.613e-02 2.163e+05
4.533e-02 4.004e+05
5.221e-02 6.995e+04
5.243e-02 1.160e+05
5.068e-02 1.953e+05
5.388e-02 1.567e+05
5.287e-02 1.137e+05
4.667e-02 2.938e+05
4.757e-02 2.517e+05
5.428e-02 7.090e+04
5.360e-02 5.788e+04
4.262e-02 5.021e+05
4.693e-02 2.910e+05
5.467e-02 1.056e+05
4.138e-02 3.603e+05
4.345e-02 3.415e+05
4.098e-02 4.805e+05
4.902e-02 2.270e+05
5.415e-02 8.109e+04
5.106e-02 1.522e+05
4.793e-02 2.968e+05
4.660e-02 2.006e+05
5.265e-02 6.664e+04
5.302e-02 6.182e+04
5.454e-02 5.592e+04
4.790e-02 2.770e+05
4.456e-02 2.586e+05
4.029e-02 4.729e+05
5.138e-02 1.206e+05
5.261e-02 5.437e+04
4.613e-02 2.500e+05
5.415e-02 1.200e+05
4.698e-02 2.181e+05
4.824e-02 2.881e+05
4.846e-02 1.225e+05
4.780e-02 1.446e+05
4.822e-02 2.287e+05
4.726e-02 3.633e+05
4.685e-02 2.800e+05
5.099e-02 1.504e+05
4.874e-02 1.392e+05
4.741e-02 3.507e+05
5.102e-02 1.175e+05
4.525e-02 2.548e+05
4.563e-02 2.257e+05
5.450e-02 8.143e+04
4.502e-02 2.881e+05
5.450e-02 6.784e+04
4.810e-02 1.378e+05
5.244e-02 1.782e+05
4.154e-02 3.769e+05
5.374e-02 5.823e+04
5.032e-02 9.666e+04
4.142e-02 3.960e+05
3.937e-02 4.884e+05
5.313e-02 7.813e+04
5.141e-02 2.241e+05
4.957e-02 1.671e+05
5.189e-02 7.212e+04
5.366e-02 9.488e+04
5.137e-02 6.580e+04
4.522e-02 4.316e+05
5.021e-02 1.509e+05
4.258e-02 5.511e+05
5.479e-02 5.729e+04
5.233e-02 7.723e+04
4.806e-02 1.919e+05
4.869e-02 1.853e+05
4.928e-02 1.517e+05
5.491e-02 5.655e+04
5.134e-02 9.745e+04
4.265e-02 4.168e+05
4.009e-02 4.461e+05
5.339e-02 1.086e+05
5.258e-02 7.231e+04
4.563e-02 3.166e+05
5.371e-02 5.549e+04
5.302e-02 6.945e+04
4.802e-02 2.900e+05
5.107e-02 1.860e+05
4.936e-02 1.756e+05
4.228e-02 5.553e+05
4.810e-02 1.591e+05
4.742e-02 2.728e+05
5.153e-02 1.453e+05
4.573e-02 2.146e+05
4.642e-02 3.719e+05
5.487e-02 1.099e+05
4.692e-02 3.629e+05
4.338e-02 3.426e+05
4.778e-02 2.915e+05
5.092e-02 9.478e+04
4.690e-02 2.063e+05
5.276e-02 6.280e+04
5.486e-02 5.875e+04
5.140e-02 9.524e+04
4.589e-02 2.810e+05
5.277e-02 5.552e+04
5.226e-02 1.190e+05
4.673e-02 3.846e+05
4.809e-02 3.037e+05
4.071e-02 5.023e+05
5.425e-02 5.577e+04
4.248e-02 5.666e+05
5.058e-02 1.251e+05
5.114e-02 1.053e+05
4.076e-02 6.029e+05
4.013e-02 5.005e+05
4.694e-02 2.312e+05
5.386e-02 6.981e+04
4.348e-02 2.530e+05
5.053e-02 1.646e+05
4.957e-02 2.422e+05
4.371e-02 3.400e+05
4.459e-02 2.330e+05
5.115e-02 1.163e+05
4.903e-02 1.952e+05
5.064e-02 1.489e+05
4.787e-02 1.214e+05
4.438e-02 4.700e+05
5.019e-02 1.225e+05
4.834e-02 3.213e+05
5.118e-02 2.132e+05
9.800e-01 6.750e+02
4.125e-02 6.613e+05
4.443e-02 4.374e+05
4.349e-02 3.082e+05
5.390e-02 6.213e+04
4.793e-02 3.151e+05
5.485e-02 6.060e+04
4.547e-02 2.884e+05
5.241e-02 1.359e+05
4.110e-02 5.443e+05
5.616e-02 5.374e+04
4.271e-02 3.762e+05
5.159e-02 8.470e+04
4.587e-02 3.708e+05
4.442e-02 4.136e+05
8.713e-01 6.763e+02
5.370e-02 5.552e+04
4.513e-02 3.403e+05
5.442e-02 5.551e+04
5.357e-02 5.846e+04
5.047e-02 9.336e+04
5.215e-02 8.918e+04
4.915e-02 1.156e+05
5.658e-02 5.508e+04
5.434e-02 5.593e+04
4.611e-02 3.475e+05
4.996e-02 1.854e+05
4.899e-02 2.288e+05
5.149e-02 2.145e+05
4.737e-02 1.873e+05
4.821e-02 1.627e+05
5.440e-02 6.285e+04
4.790e-02 1.858e+05
4.792e-02 2.376e+05
4.847e-02 2.246e+05
3.963e-02 6.156e+05
5.210e-02 6.199e+04
4.924e-02 2.206e+05
3.982e-02 6.312e+05
4.501e-02 2.746e+05
4.722e-02 2.692e+05
5.515e-02 5.911e+04
5.417e-02 7.564e+04
5.426e-02 6.125e+04
4.578e-02 1.977e+05
4.834e-02 1.760e+05
4.764e-02 1.307e+05
5.404e-02 6.186e+04
5.359e-02 5.586e+04
4.704e-02 1.703e+05
4.634e-02 1.899e+05
4.557e-02 3.542e+05
4.854e-02 1.757e+05
5.507e-02 9.359e+04
4.857e-02 2.094e+05
5.150e-02 1.377e+05
4.213e-02 3.485e+05
4.909e-02 2.347e+05
4.884e-02 3.053e+05
4.981e-02 2.394e+05
4.724e-02 2.661e+05
5.326e-02 5.756e+04
5.130e-02 1.303e+05
4.608e-02 2.930e+05
4.288e-02 3.094e+05
4.663e-02 3.503e+05
5.013e-02 1.496e+05
4.817e-02 2.812e+05
4.387e-02 4.176e+05
5.218e-02 5.751e+04
4.567e-02 3.334e+05
4.774e-02 2.954e+05
4.504e-02 4.015e+05
4.318e-02 4.973e+05
5.462e-02 5.947e+04
4.760e-02 1.741e+05
4.972e-02 1.278e+05
5.071e-02 1.129e+05
5.064e-02 5.990e+04
4.424e-02 3.039e+05
5.499e-02 5.952e+04
4.902e-02 2.065e+05
4.376e-02 2.662e+05
5.034e-02 1.237e+05
4.478e-02 2.757e+05
4.405e-02 3.757e+05
5.141e-02 9.626e+04
4.820e-02 2.552e+05
4.968e-02 1.779e+05
5.152e-02 1.315e+05
5.561e-02 6.159e+04
5.016e-02 8.594e+04
4.765e-02 2.537e+05
5.140e-02 1.247e+05
4.454e-02 2.997e+05
4.970e-02 1.248e+05
3.988e-02 5.792e+05
5.576e-02 1.002e+05
4.285e-02 4.467e+05
5.271e-02 1.299e+05
4.332e-02 3.798e+05
4.189e-02 4.680e+05
4.667e-02 2.706e+05
3.835e-02 6.613e+05
4.296e-02 4.490e+05
4.012e-02 7.028e+05
4.188e-02 3.722e+05
5.128e-02 1.743e+05
4.266e-02 3.380e+05
5.239e-02 6.670e+04
5.365e-02 1.677e+05
4.715e-02 2.583e+05
5.452e-02 5.846e+04
5.428e-02 1.030e+05
5.391e-02 7.215e+04
5.360e-02 5.973e+04
4.029e-02 5.374e+05
5.448e-02 1.420e+05
4.191e-02 5.063e+05
5.090e-02 1.466e+05
4.569e-02 2.031e+05
5.591e-02 7.204e+04
5.111e-02 1.212e+05
4.339e-02 2.975e+05
5.296e-02 6.792e+04
4.221e-02 4.901e+05
4.762e-02 2.249e+05
4.604e-02 2.774e+05
5.302e-02 6.277e+04
4.270e-02 3.678e+05
5.615e-02 6.161e+04
5.522e-02 5.552e+04
4.976e-02 1.539e+05
4.214e-02 3.732e+05
4.204e-02 4.444e+05
4.429e-02 3.339e+05
4.838e-02 2.227e+05
4.950e-02 2.145e+05
5.420e-02 5.681e+04
4.603e-02 2.956e+05
4.760e-02 3.602e+05
4.767e-02 3.361e+05
4.316e-02 4.113e+05
5.148e-02 1.251e+05
3.867e-02 6.330e+05
5.170e-02 2.125e+05
4.927e-02 1.314e+05
4.162e-02 5.510e+05
4.462e-02 3.185e+05
5.301e-02 1.331e+05
5.270e-02 6.121e+04
4.402e-02 3.565e+05
4.197e-02 5.409e+05
4.545e-02 2.845e+05
5.012e-02 9.600e+04
5.616e-02 5.682e+04
5.366e-02 6.052e+04
4.924e-02 1.334e+05
5.315e-02 6.992e+04
4.978e-02 6.164e+04
4.208e-02 3.652e+05
4.940e-02 2.881e+05
5.307e-02 5.858e+04
4.258e-02 4.082e+05
4.574e-02 2.546e+05
4.148e-02 6.200e+05
5.471e-02 6.243e+04
5.158e-02 1.459e+05
4.806e-02 2.602e+05
5.142e-02 5.703e+04
4.631e-02 2.579e+05
4.608e-02 4.225e+05
5.461e-02 5.811e+04
4.437e-02 3.735e+05
5.201e-02 5.752e+04
4.866e-02 2.409e+05
4.625e-02 3.744e+05
4.451e-02 4.490e+05
4.721e-02 1.735e+05
4.597e-02 2.813e+05
4.928e-02 2.127e+05
5.169e-02 1.997e+05
5.136e-02 5.625e+04
4.817e-02 2.086e+05
5.508e-02 5.938e+04
4.882e-02 9.990e+04
5.209e-02 6.156e+04
5.240e-02 8.353e+04
4.240e-02 5.263e+05
4.643e-02 1.941e+05
4.538e-02 2.146e+05
5.332e-02 8.158e+04
4.270e-02 3.104e+05
4.268e-02 4.136e+05
4.266e-02 3.185e+05
4.137e-02 4.397e+05
4.348e-02 5.453e+05
3.870e-02 5.534e+05
5.005e-02 5.734e+04
5.095e-02 1.138e+05
4.613e-02 3.678e+05
4.830e-02 1.696e+05
5.482e-02 8.048e+04
4.416e-02 3.170e+05
5.224e-02 1.078e+05
4.995e-02 2.692e+05
5.049e-02 9.104e+04
5.301e-02 5.785e+04
4.849e-02 1.578e+05
5.078e-02 1.189e+05
5.609e-02 5.783e+04
5.321e-02 5.909e+04
5.210e-02 7.480e+04
5.241e-02 5.984e+04
4.110e-02 6.331e+05
4.098e-02 4.087e+05
5.061e-02 1.356e+05
5.132e-02 1.811e+05
4.832e-02 2.762e+05
4.583e-02 3.005e+05
4.232e-02 3.285e+05
4.826e-02 2.241e+05
4.652e-02 1.868e+05
4.384e-02 2.432e+05
4.294e-02 4.415e+05
4.967e-02 5.955e+04
5.449e-02 6.303e+04
4.402e-02 3.721e+05
5.157e-02 1.472e+05
4.898e-02 2.311e+05
4.703e-02 1.929e+05
4.756e-02 2.215e+05
4.407e-02 2.647e+05
5.093e-02 1.355e+05
5.208e-02 9.831e+04
4.133e-02 4.138e+05
5.051e-02 1.454e+05
4.734e-02 2.186e+05
4.931e-02 1.680e+05
4.979e-02 1.266e+05
4.481e-02 3.484e+05
4.330e-02 3.523e+05
5.013e-02 2.525e+05
5.188e-02 5.765e+04
4.838e-02 3.097e+05
5.535e-02 6.192e+04
5.264e-02 7.534e+04
4.836e-02 2.989e+05
5.120e-02 9.279e+04
5.352e-02 1.268e+05
4.947e-02 1.894e+05
4.351e-02 2.463e+05
4.870e-02 2.103e+05
5.464e-02 1.233e+05
4.293e-02 4.570e+05
5.478e-02 8.466e+04
4.668e-02 1.846e+05
5.534e-02 6.814e+04
4.321e-02 4.157e+05
4.410e-02 3.131e+05
5.456e-02 6.352e+04
5.223e-02 8.842e+04
4.408e-02 4.512e+05
5.443e-02 9.941e+04
4.657e-02 3.988e+05
4.410e-02 2.819e+05
5.471e-02 5.829e+04
4.277e-02 4.828e+05
5.345e-02 5.817e+04
5.537e-02 5.940e+04
4.429e-02 4.331e+05
4.929e-02 2.057e+05
4.438e-02 3.578e+05
4.997e-02 1.957e+05
4.343e-02 4.251e+05
4.789e-02 1.949e+05
4.065e-02 4.665e+05
4.712e-02 3.103e+05
4.457e-02 4.526e+05
4.997e-02 1.282e+05
4.495e-02 2.241e+05
4.568e-02 1.891e+05
5.105e-02 1.019e+05
4.062e-02 5.058e+05
4.125e-02 3.767e+05
5.312e-02 5.589e+04
5.235e-02 8.507e+04
4.638e-02 3.462e+05
4.920e-02 8.115e+04
4.779e-02 1.796e+05
5.385e-02 6.144e+04
4.926e-02 2.774e+05
4.921e-02 1.010e+05
5.322e-02 7.396e+04
4.404e-02 4.010e+05
4.161e-02 5.464e+05
4.675e-02 2.461e+05
5.170e-02 1.437e+05
5.043e-02 1.802e+05
4.742e-02 2.221e+05
4.435e-02 3.697e+05
4.838e-02 1.672e+05
5.026e-02 2.389e+05
5.195e-02 1.328e+05
4.877e-02 1.620e+05
4.612e-02 3.294e+05
5.040e-02 2.032e+05
5.292e-02 5.908e+04
4.991e-02 2.038e+05
5.142e-02 6.257e+04
4.739e-02 2.087e+05
5.340e-02 5.663e+04
5.120e-02 5.899e+04
4.966e-02 1.160e+05
5.058e-02 1.690e+05
4.281e-02 3.950e+05
5.444e-02 5.622e+04
4.321e-02 3.188e+05
5.140e-02 1.591e+05
4.663e-02 3.703e+05
4.523e-02 2.907e+05
4.450e-02 4.341e+05
4.901e-02 1.823e+05
5.476e-02 5.665e+04
3.945e-02 5.434e+05
4.137e-02 4.632e+05
5.266e-02 5.722e+04
4.851e-02 1.182e+05
4.451e-02 3.222e+05
5.462e-02 1.360e+05
4.759e-02 3.143e+05
4.899e-02 1.635e+05
5.300e-02 1.734e+05
4.341e-02 3.676e+05
4.536e-02 2.266e+05
5.215e-02 1.006e+05
4.962e-02 2.624e+05
4.422e-02 4.099e+05
4.820e-02 2.633e+05
5.142e-02 8.148e+04
5.361e-02 7.775e+04
4.402e-02 3.959e+05
5.293e-02 5.628e+04
5.008e-02 1.704e+05
4.876e-02 1.991e+05
5.385e-02 5.757e+04
4.886e-02 2.118e+05
5.431e-02 5.947e+04
4.747e-02 1.808e+05
4.657e-02 1.827e+05
5.170e-02 1.368e+05
5.369e-02 1.282e+05
5.008e-02 1.648e+05
4.556e-02 2.132e+05
4.638e-02 1.478e+05
4.550e-02 2.629e+05
4.579e-02 3.488e+05
4.400e-02 3.063e+05
5.165e-02 1.004e+05
4.953e-02 1.110e+05
4.246e-02 3.706e+05
5.182e-02 1.274e+05
5.210e-02 5.978e+04
4.360e-02 3.380e+05
4.178e-02 5.944e+05
4.360e-02 4.167e+05
4.423e-02 3.432e+05
4.596e-02 2.186e+05
4.587e-02 2.932e+05
4.345e-02 4.352e+05
4.181e-02 4.740e+05
4.711e-02 2.687e+05
4.464e-02 3.553e+05
4.446e-02 2.885e+05
5.340e-02 9.668e+04
5.302e-02 1.004e+05
5.243e-02 1.036e+05
5.190e-02 2.090e+05
4.514e-02 3.458e+05
5.095e-02 1.042e+05
5.092e-02 1.275e+05
4.626e-02 3.585e+05
4.066e-02 5.918e+05
4.285e-02 5.905e+05
5.298e-02 8.048e+04
5.528e-02 6.060e+04
5.204e-02 6.794e+04
5.085e-02 1.159e+05
4.634e-02 2.416e+05
4.643e-02 2.253e+05
5.459e-02 7.634e+04
5.170e-02 1.816e+05
4.355e-02 4.010e+05
3.979e-02 6.382e+05
4.041e-02 4.226e+05
5.350e-02 6.071e+04
4.443e-02 2.797e+05
5.011e-02 1.227e+05
4.365e-02 2.598e+05
5.058e-02 1.606e+05
4.046e-02 5.957e+05
5.317e-02 5.840e+04
5.108e-02 1.242e+05
4.429e-02 3.805e+05
5.259e-02 6.688e+04
4.970e-02 1.480e+05
5.121e-02 1.163e+05
4.851e-02 1.908e+05
4.049e-02 6.630e+05
4.825e-02 1.414e+05
5.077e-02 5.887e+04
5.435e-02 5.366e+04
5.274e-02 7.639e+04
4.899e-02 2.100e+05
4.404e-02 3.898e+05
5.243e-02 1.500e+05
5.444e-02 1.084e+05
4.670e-02 2.579e+05
4.834e-02 1.496e+05
5.238e-02 1.127e+05
4.607e-02 2.525e+05
4.690e-02 3.006e+05
4.670e-02 1.672e+05
5.248e-02 5.765e+04
4.989e-02 2.350e+05
4.587e-02 1.833e+05
4.843e-02 2.237e+05
5.209e-02 9.252e+04
5.397e-02 6.520e+04
5.246e-02 9.749e+04
5.264e-02 1.452e+05
5.037e-02 1.390e+05
5.210e-02 9.369e+04
5.192e-02 8.412e+04
5.502e-02 7.276e+04
5.337e-02 6.043e+04
5.019e-02 1.347e+05
5.452e-02 6.494e+04
4.650e-02 2.072e+05
4.575e-02 2.750e+05
5.164e-02 8.727e+04
4.752e-02 1.734e+05
5.041e-02 6.087e+04
4.770e-02 2.025e+05
4.657e-02 1.875e+05
5.146e-02 6.164e+04
5.389e-02 1.481e+05
5.130e-02 2.008e+05
5.097e-02 1.198e+05
5.140e-02 1.706e+05
5.015e-02 1.622e+05
4.435e-02 3.826e+05
5.472e-02 6.277e+04
5.081e-02 2.045e+05
4.258e-02 5.618e+05
4.849e-02 2.494e+05
5.386e-02 5.784e+04
4.385e-02 2.898e+05
3.900e-02 5.616e+05
5.189e-02 2.054e+05
4.315e-02 5.591e+05
4.614e-02 3.712e+05
4.505e-02 4.645e+05
4.405e-02 3.122e+05
4.769e-02 1.990e+05
4.417e-02 3.321e+05
4.845e-02 2.331e+05
4.920e-02 2.154e+05
5.412e-02 5.892e+04
4.488e-02 2.887e+05
4.551e-02 1.702e+05
4.515e-02 3.424e+05
5.144e-02 9.403e+04
5.474e-02 6.328e+04
5.519e-02 1.032e+05
4.398e-02 3.677e+05
4.587e-02 1.992e+05
5.339e-02 9.818e+04
4.867e-02 2.288e+05
4.013e-02 4.728e+05
4.245e-02 3.971e+05
5.398e-02 8.213e+04
4.768e-02 2.815e+05
5.657e-02 6.059e+04
5.189e-02 5.944e+04
4.774e-02 2.369e+05
3.937e-02 7.956e+05
5.651e-02 6.080e+04
4.830e-02 1.366e+05
5.468e-02 6.539e+04
5.244e-02 1.484e+05
4.898e-02 1.631e+05
5.259e-02 7.832e+04
4.620e-02 2.712e+05
5.451e-02 5.936e+04
5.206e-02 6.528e+04
4.877e-02 1.761e+05
5.260e-02 8.296e+04
4.566e-02 3.084e+05
5.294e-02 7.221e+04
4.621e-02 2.484e+05
4.803e-02 3.028e+05
4.703e-02 2.240e+05
5.518e-02 9.256e+04
4.113e-02 3.890e+05
4.990e-02 2.604e+05
5.270e-02 6.279e+04
4.214e-02 3.538e+05
5.382e-02 7.256e+04
4.919e-02 1.260e+05
4.581e-02 3.824e+05
4.931e-02 2.622e+05
4.573e-02 1.779e+05
5.256e-02 1.445e+05
5.240e-02 7.152e+04
5.377e-02 1.512e+05
4.599e-02 2.288e+05
4.299e-02 4.796e+05
5.348e-02 5.896e+04
4.585e-02 3.188e+05
5.148e-02 1.324e+05
4.686e-02 1.529e+05
5.035e-02 1.765e+05
4.999e-02 2.377e+05
5.143e-02 1.366e+05
4.319e-02 4.967e+05
4.408e-02 3.716e+05
5.539e-02 6.048e+04
4.524e-02 3.683e+05
5.543e-02 5.600e+04
5.189e-02 6.142e+04
4.813e-02 2.973e+05
4.289e-02 3.000e+05
4.942e-02 2.223e+05
4.514e-02 2.418e+05
4.254e-02 4.953e+05
5.017e-02 1.740e+05
4.532e-02 2.195e+05
5.407e-02 1.100e+05
5.098e-02 1.401e+05
5.260e-02 1.432e+05
5.427e-02 1.091e+05
5.469e-02 6.607e+04
5.022e-02 2.515e+05
5.192e-02 5.963e+04
4.445e-02 2.273e+05
3.731e-02 6.865e+05
4.495e-02 3.510e+05
4.245e-02 3.587e+05
4.485e-02 3.544e+05
5.526e-02 7.748e+04
4.895e-02 2.364e+05
5.516e-02 5.876e+04
4.928e-02 2.127e+05
4.605e-02 4.071e+05
4.860e-02 2.489e+05
5.176e-02 8.743e+04
5.452e-02 7.599e+04
5.199e-02 1.299e+05
4.838e-02 1.597e+05
5.539e-02 5.608e+04
5.236e-02 2.007e+05
5.076e-02 1.519e+05
4.717e-02 2.461e+05
4.404e-02 4.586e+05
4.812e-02 2.777e+05
4.553e-02 3.425e+05
4.977e-02 2.574e+05
5.469e-02 5.551e+04
5.024e-02 1.175e+05
5.095e-02 1.333e+05
4.795e-02 2.460e+05
4.671e-02 3.624e+05
4.694e-02 2.216e+05
5.413e-02 6.071e+04
4.679e-02 2.506e+05
4.752e-02 1.748e+05
4.636e-02 2.649e+05
4.967e-02 2.098e+05
4.248e-02 3.935e+05
4.037e-02 6.065e+05
4.038e-02 6.256e+05
4.674e-02 2.020e+05
4.962e-02 2.432e+05
4.424e-02 4.365e+05
5.290e-02 6.596e+04
5.210e-02 2.013e+05
5.341e-02 6.345e+04
4.956e-02 1.411e+05
4.168e-02 4.696e+05
4.061e-02 5.598e+05
4.853e-02 2.782e+05
4.314e-02 2.750e+05
4.760e-02 2.816e+05
5.303e-02 6.207e+04
4.400e-02 3.155e+05
4.905e-02 1.767e+05
5.188e-02 8.409e+04
4.733e-02 2.280e+05
5.294e-02 9.113e+04
4.476e-02 3.286e+05
4.846e-02 1.108e+05
4.470e-02 2.687e+05
4.597e-02 1.745e+05
4.481e-02 3.281e+05
5.322e-02 1.162e+05
5.385e-02 5.643e+04
4.988e-02 2.336e+05
4.866e-02 2.255e+05
5.353e-02 9.900e+04
5.171e-02 8.700e+04
4.104e-02 4.772e+05
5.400e-02 5.923e+04
5.127e-02 8.395e+04
5.594e-02 6.050e+04
4.744e-02 2.061e+05
5.097e-02 1.430e+05
4.107e-02 4.065e+05
4.141e-02 4.762e+05
4.504e-02 1.858e+05
5.456e-02 9.208e+04
4.176e-02 4.262e+05
4.212e-02 3.283e+05
4.355e-02 3.027e+05
5.473e-02 6.389e+04
4.923e-02 2.718e+05
4.601e-02 2.724e+05
4.511e-02 1.879e+05
4.919e-02 1.199e+05
4.399e-02 2.352e+05
5.048e-02 9.611e+04
4.556e-02 2.339e+05
5.122e-02 1.439e+05
4.870e-02 1.621e+05
4.193e-02 3.690e+05
4.562e-02 4.387e+05
5.469e-02 1.288e+05
4.078e-02 5.908e+05
4.664e-02 2.858e+05
4.891e-02 1.581e+05
5.228e-02 6.308e+04
5.200e-02 1.206e+05
4.634e-02 2.308e+05
4.492e-02 2.208e+05
5.017e-02 7.925e+04
5.108e-02 1.213e+05
4.787e-02 1.419e+05
5.046e-02 1.344e+05
5.101e-02 5.969e+04
4.534e-02 2.085e+05
3.909e-02 5.993e+05
4.498e-02 2.302e+05
4.755e-02 2.180e+05
4.567e-02 2.676e+05
5.460e-02 5.882e+04
5.571e-02 5.665e+04
4.134e-02 4.676e+05
4.062e-02 5.203e+05
8.890e-01 6.837e+02
5.011e-02 2.516e+05
4.671e-02 2.480e+05
4.347e-02 4.600e+05
5.168e-02 9.389e+04
3.954e-02 7.491e+05
4.854e-02 2.481e+05
4.264e-02 5.057e+05
4.609e-02 2.639e+05
5.319e-02 5.761e+04
4.530e-02 2.031e+05
4.814e-02 2.789e+05
4.235e-02 3.599e+05
4.834e-02 1.617e+05
4.583e-02 2.614e+05
5.266e-02 5.787e+04
5.435e-02 8.344e+04
5.201e-02 1.443e+05
5.453e-02 6.321e+04
4.982e-02 1.566e+05
3.913e-02 6.087e+05
8.909e-01 6.607e+02
5.344e-02 8.137e+04
5.025e-02 1.417e+05
5.286e-02 1.206e+05
4.469e-02 4.739e+05
5.345e-02 7.418e+04
5.147e-02 1.161e+05
4.680e-02 1.465e+05
4.513e-02 3.120e+05
5.257e-02 1.524e+05
5.347e-02 6.865e+04
4.416e-02 3.223e+05
4.617e-02 2.620e+05
5.101e-02 1.724e+05
5.208e-02 6.098e+04
5.347e-02 8.026e+04
5.317e-02 5.735e+04
5.584e-02 5.870e+04
5.342e-02 5.592e+04
4.755e-02 2.554e+05
5.161e-02 1.939e+05
4.568e-02 4.360e+05
5.069e-02 8.450e+04
5.339e-02 5.832e+04
5.425e-02 6.147e+04
4.822e-02 2.829e+05
5.004e-02 5.950e+04
5.055e-02 2.286e+05
4.832e-02 1.944e+05
4.870e-02 2.010e+05
5.394e-02 6.577e+04
4.629e-02 2.114e+05
4.360e-02 3.985e+05
4.948e-02 2.570e+05
5.067e-02 8.348e+04
4.636e-02 2.579e+05
4.755e-02 3.019e+05
5.138e-02 1.193e+05
5.069e-02 1.024e+05
4.980e-02 2.761e+05
4.703e-02 3.431e+05
4.130e-02 4.688e+05
4.119e-02 6.212e+05
4.629e-02 2.558e+05
5.159e-02 2.055e+05
5.303e-02 6.089e+04
5.030e-02 1.677e+05
4.681e-02 1.629e+05
4.527e-02 4.499e+05
4.203e-02 4.043e+05
4.681e-02 1.675e+05
5.246e-02 7.969e+04
5.206e-02 6.646e+04
5.319e-02 6.021e+04
5.357e-02 9.949e+04
5.151e-02 7.907e+04
5.224e-02 9.437e+04
4.390e-02 2.436e+05
4.542e-02 2.272e+05
5.525e-02 8.682e+04
4.885e-02 2.151e+05
4.746e-02 2.293e+05
5.257e-02 7.567e+04
4.252e-02 4.155e+05
5.384e-02 8.259e+04
4.884e-02 2.056e+05
5.200e-02 1.365e+05
4.514e-02 4.254e+05
5.211e-02 5.827e+04
5.046e-02 1.607e+05
5.392e-02 5.661e+04
4.772e-02 2.590e+05
4.351e-02 4.633e+05
4.823e-02 1.097e+05
5.249e-02 5.838e+04
5.110e-02 2.091e+05
4.086e-02 4.589e+05
5.137e-02 1.121e+05
5.208e-02 8.776e+04
5.244e-02 1.193e+05
5.219e-02 2.073e+05
5.550e-02 6.117e+04
4.175e-02 4.199e+05
5.196e-02 1.005e+05
5.278e-02 5.888e+04
5.263e-02 7.514e+04
4.894e-02 2.051e+05
4.384e-02 3.300e+05
5.138e-02 1.637e+05
5.084e-02 1.549e+05
5.502e-02 6.063e+04
5.005e-02 1.749e+05
4.689e-02 2.507e+05
5.319e-02 7.004e+04
4.320e-02 5.321e+05
4.417e-02 3.629e+05
4.643e-02 1.720e+05
4.871e-02 1.135e+05
4.590e-02 1.841e+05
3.922e-02 5.347e+05
4.949e-02 1.881e+05
5.062e-02 6.093e+04
4.247e-02 6.028e+05
4.900e-02 1.287e+05
4.045e-02 7.268e+05
5.408e-02 1.072e+05
5.488e-02 1.193e+05
5.184e-02 1.192e+05
4.322e-02 3.239e+05
4.393e-02 4.439e+05
4.919e-02 1.614e+05
4.104e-02 5.267e+05
9.046e-01 7.032e+02
4.262e-02 3.347e+05
5.309e-02 1.030e+05
4.532e-02 2.254e+05
4.972e-02 1.402e+05
4.579e-02 2.040e+05
5.456e-02 8.184e+04
5.213e-02 8.311e+04
4.647e-02 4.026e+05
5.441e-02 6.122e+04
4.457e-02 3.569e+05
4.226e-02 6.165e+05
5.013e-02 5.915e+04
5.428e-02 5.606e+04
4.676e-02 3.008e+05
4.966e-02 1.924e+05
4.689e-02 1.979e+05
4.288e-02 3.080e+05
4.705e-02 1.296e+05
5.425e-02 9.018e+04
4.897e-02 1.510e+05
4.899e-02 2.220e+05
4.755e-02 2.191e+05
4.550e-02 3.579e+05
5.358e-02 5.578e+04
5.132e-02 1.250e+05
4.432e-02 3.055e+05
5.146e-02 1.779e+05
3.913e-02 5.946e+05
4.651e-02 2.064e+05
4.605e-02 2.036e+05
9.557e-01 6.543e+02
4.636e-02 3.239e+05
4.189e-02 3.526e+05
4.792e-02 1.477e+05
5.316e-02 7.322e+04
5.201e-02 1.348e+05
4.156e-02 6.648e+05
5.371e-02 1.020e+05
5.168e-02 1.149e+05
4.729e-02 2.395e+05
5.121e-02 1.025e+05
5.039e-02 2.040e+05
5.150e-02 1.988e+05
5.309e-02 5.814e+04
4.261e-02 4.739e+05
4.236e-02 3.624e+05
5.284e-02 1.437e+05
4.630e-02 2.665e+05
5.091e-02 6.573e+04
5.424e-02 1.258e+05
5.251e-02 1.771e+05
5.190e-02 1.112e+05
5.394e-02 5.926e+04
4.759e-02 2.626e+05
5.253e-02 6.289e+04
4.562e-02 2.192e+05
4.613e-02 2.397e+05
5.628e-02 5.911e+04
5.186e-02 5.785e+04
5.308e-02 1.756e+05
4.522e-02 2.219e+05
4.482e-02 2.292e+05
3.734e-02 7.516e+05
4.819e-02 1.045e+05
4.261e-02 4.470e+05
5.202e-02 8.279e+04
4.659e-02 1.870e+05
4.374e-02 4.451e+05
5.391e-02 6.027e+04
5.338e-02 5.545e+04
4.469e-02 4.456e+05
5.130e-02 2.116e+05
5.246e-02 1.341e+05
4.991e-02 1.319e+05
4.558e-02 4.297e+05
4.963e-02 2.147e+05
4.671e-02 2.810e+05
4.397e-02 4.038e+05
4.752e-02 1.228e+05
5.180e-02 2.097e+05
4.943e-02 2.103e+05
5.077e-02 2.465e+05
5.441e-02 6.063e+04
5.380e-02 1.225e+05
5.207e-02 8.071e+04
5.044e-02 2.149e+05
5.440e-02 6.603e+04
5.322e-02 5.822e+04
4.955e-02 2.948e+05
4.987e-02 2.013e+05
5.439e-02 5.878e+04
5.164e-02 1.158e+05
4.070e-02 4.333e+05
4.369e-02 4.850e+05
5.258e-02 5.751e+04
5.188e-02 9.683e+04
4.536e-02 3.437e+05
5.128e-02 2.046e+05
5.603e-02 5.843e+04
4.647e-02 2.925e+05
3.975e-02 4.978e+05
5.197e-02 5.741e+04
5.286e-02 5.939e+04
4.781e-02 2.992e+05
4.972e-02 1.819e+05
4.939e-02 1.922e+05
5.166e-02 1.887e+05
3.656e-02 7.645e+05
5.129e-02 1.967e+05
4.955e-02 1.169e+05
4.938e-02 2.670e+05
5.150e-02 2.123e+05
5.141e-02 6.491e+04
5.294e-02 5.692e+04
5.319e-02 5.817e+04
4.773e-02 1.818e+05
4.983e-02 1.008e+05
4.420e-02 4.018e+05
5.101e-02 1.506e+05
4.590e-02 2.535e+05
5.494e-02 5.647e+04
3.987e-02 6.669e+05
5.164e-02 7.703e+04
4.755e-02 3.012e+05
4.935e-02 2.069e+05
4.301e-02 4.892e+05
5.337e-02 5.935e+04
5.204e-02 1.158e+05
4.722e-02 2.475e+05
5.161e-02 9.555e+04
4.162e-02 5.478e+05
5.428e-02 6.481e+04
4.532e-02 2.775e+05
5.285e-02 1.680e+05
3.975e-02 5.947e+05
4.924e-02 2.299e+05
5.560e-02 6.797e+04
4.627e-02 3.101e+05
4.362e-02 4.539e+05
4.242e-02 4.081e+05
5.089e-02 1.430e+05
4.971e-02 1.835e+05
4.497e-02 3.569e+05
5.365e-02 9.904e+04
5.122e-02 1.236e+05
5.204e-02 9.082e+04
4.768e-02 2.994e+05
4.912e-02 1.666e+05
4.807e-02 2.369e+05
4.715e-02 3.226e+05
4.600e-02 3.292e+05
4.419e-02 2.621e+05
5.101e-02 5.508e+04
5.198e-02 6.496e+04
5.373e-02 6.270e+04
4.415e-02 5.116e+05
5.004e-02 1.935e+05
5.041e-02 8.621e+04
5.081e-02 1.044e+05
4.806e-02 2.184e+05
5.081e-02 2.356e+05
4.679e-02 2.765e+05
4.201e-02 4.633e+05
4.389e-02 4.041e+05
4.549e-02 2.561e+05
4.800e-02 2.369e+05
4.324e-02 5.462e+05
5.501e-02 6.283e+04
5.388e-02 7.468e+04
4.985e-02 2.729e+05
4.471e-02 3.102e+05
4.313e-02 4.523e+05
3.937e-02 5.286e+05
4.104e-02 5.539e+05
4.293e-02 4.207e+05
4.734e-02 2.742e+05
4.892e-02 1.914e+05
4.280e-02 5.507e+05
5.385e-02 8.931e+04
4.562e-02 2.703e+05
5.469e-02 5.429e+04
4.745e-02 2.534e+05
4.565e-02 3.483e+05
5.311e-02 5.858e+04
5.437e-02 6.000e+04
5.231e-02 1.487e+05
5.653e-02 6.265e+04
4.480e-02 3.899e+05
5.010e-02 1.890e+05
5.088e-02 9.442e+04
4.293e-02 4.587e+05
5.090e-02 1.470e+05
4.495e-02 3.411e+05
4.832e-02 3.306e+05
3.731e-02 8.540e+05
4.304e-02 3.743e+05
5.379e-02 5.870e+04
4.753e-02 2.423e+05
5.061e-02 1.452e+05
5.385e-02 9.033e+04
4.812e-02 1.151e+05
4.707e-02 2.787e+05
4.915e-02 1.783e+05
4.504e-02 4.105e+05
4.625e-02 2.813e+05
4.349e-02 3.084e+05
4.780e-02 2.576e+05
4.630e-02 3.223e+05
4.399e-02 3.754e+05
5.239e-02 1.638e+05
5.099e-02 1.398e+05
4.144e-02 5.787e+05
4.961e-02 2.172e+05
5.037e-02 2.218e+05
5.041e-02 1.863e+05
5.206e-02 5.873e+04
5.458e-02 6.139e+04
4.997e-02 1.641e+05
4.116e-02 3.722e+05
5.213e-02 1.026e+05
5.140e-02 5.796e+04
5.313e-02 1.388e+05
5.408e-02 1.297e+05
4.718e-02 3.462e+05
5.416e-02 6.208e+04
5.153e-02 9.218e+04
5.447e-02 1.087e+05
4.999e-02 1.183e+05
4.672e-02 3.570e+05
4.757e-02 2.870e+05
4.458e-02 3.284e+05
5.047e-02 5.819e+04
5.403e-02 1.455e+05
5.301e-02 5.769e+04
4.261e-02 3.464e+05
4.223e-02 4.910e+05
5.296e-02 6.677e+04
5.317e-02 6.305e+04
4.699e-02 2.303e+05
3.942e-02 6.060e+05
4.760e-02 2.092e+05
4.478e-02 3.001e+05
5.114e-02 5.952e+04
5.287e-02 5.888e+04
4.418e-02 2.396e+05
4.517e-02 3.408e+05
4.457e-02 2.327e+05
4.807e-02 3.124e+05
5.440e-02 1.206e+05
5.056e-02 9.564e+04
4.994e-02 2.573e+05
3.789e-02 8.148e+05
4.646e-02 2.386e+05
4.783e-02 1.572e+05
4.819e-02 2.102e+05
5.463e-02 7.008e+04
5.375e-02 7.383e+04
4.779e-02 2.049e+05
4.658e-02 2.726e+05
5.584e-02 6.003e+04
4.934e-02 9.225e+04
4.560e-02 1.933e+05
4.836e-02 2.376e+05
5.393e-02 7.966e+04
4.242e-02 3.539e+05
4.648e-02 2.015e+05
4.367e-02 3.687e+05
4.519e-02 2.687e+05
4.540e-02 2.384e+05
9.772e-01 6.460e+02
5.232e-02 1.043e+05
5.222e-02 5.668e+04
4.381e-02 2.361e+05
4.892e-02 2.545e+05
4.975e-02 2.311e+05
3.892e-02 6.367e+05
4.595e-02 3.038e+05
5.169e-02 1.029e+05
4.953e-02 9.566e+04
4.616e-02 2.941e+05
4.909e-02 1.820e+05
5.453e-02 1.282e+05
4.808e-02 2.212e+05
5.256e-02 9.227e+04
4.272e-02 2.970e+05
4.563e-02 3.187e+05
4.086e-02 4.129e+05
4.807e-02 1.111e+05
4.852e-02 1.732e+05
4.744e-02 3.063e+05
4.935e-02 1.411e+05
4.540e-02 1.898e+05
4.522e-02 4.393e+05
5.313e-02 5.908e+04
4.771e-02 3.021e+05
4.831e-02 2.974e+05
5.463e-02 6.638e+04
4.760e-02 1.762e+05
4.334e-02 3.609e+05
3.973e-02 5.709e+05
5.312e-02 1.591e+05
4.174e-02 4.409e+05
4.934e-02 1.346e+05
4.844e-02 2.068e+05
4.883e-02 1.957e+05
5.374e-02 8.057e+04
5.430e-02 6.399e+04
5.389e-02 6.758e+04
4.260e-02 3.758e+05
4.735e-02 1.769e+05
5.116e-02 1.423e+05
4.778e-02 3.229e+05
5.493e-02 9.770e+04
5.271e-02 9.191e+04
4.662e-02 3.077e+05
5.314e-02 9.247e+04
5.523e-02 8.611e+04
4.446e-02 3.325e+05
5.336e-02 8.955e+04
4.570e-02 2.161e+05
5.032e-02 9.131e+04
4.851e-02 2.317e+05
5.014e-02 2.381e+05
5.055e-02 2.561e+05
5.275e-02 9.916e+04
4.252e-02 4.317e+05
5.219e-02 9.657e+04
4.541e-02 2.140e+05
4.483e-02 4.258e+05
4.740e-02 1.935e+05
4.321e-02 3.777e+05
5.186e-02 1.261e+05
4.856e-02 2.983e+05
3.866e-02 6.690e+05
4.368e-02 2.796e+05
5.558e-02 5.754e+04
4.739e-02 3.123e+05
5.175e-02 1.221e+05
5.461e-02 6.035e+04
5.108e-02 1.191e+05
4.674e-02 2.997e+05
4.997e-02 6.106e+04
5.292e-02 7.181e+04
5.335e-02 8.610e+04
5.319e-02 1.180e+05
4.706e-02 2.667e+05
5.211e-02 9.144e+04
4.782e-02 1.932e+05
5.377e-02 7.472e+04
4.554e-02 4.429e+05
5.558e-02 9.814e+04
5.258e-02 5.747e+04
4.268e-02 5.251e+05
5.520e-02 6.530e+04
4.488e-02 2.493e+05
5.105e-02 5.893e+04
4.996e-02 1.705e+05
4.816e-02 2.110e+05
4.243e-02 4.500e+05
5.415e-02 9.664e+04
4.063e-02 4.703e+05
5.491e-02 5.733e+04
4.625e-02 1.815e+05
4.592e-02 2.642e+05
4.861e-02 1.044e+05
4.781e-02 2.799e+05
4.248e-02 4.664e+05
4.491e-02 2.678e+05
4.984e-02 1.174e+05
4.689e-02 2.533e+05
4.986e-02 2.617e+05
4.408e-02 3.829e+05
4.905e-02 1.859e+05
5.416e-02 5.962e+04
3.974e-02 6.088e+05
5.483e-02 1.390e+05
5.499e-02 1.096e+05
4.957e-02 2.457e+05
5.456e-02 1.055e+05
4.782e-02 1.487e+05
5.412e-02 5.890e+04
4.329e-02 4.104e+05
4.359e-02 4.146e+05
4.127e-02 4.522e+05
5.030e-02 2.361e+05
4.609e-02 2.393e+05
5.142e-02 1.341e+05
4.195e-02 4.376e+05
4.649e-02 2.487e+05
5.243e-02 9.888e+04
5.012e-02 1.923e+05
5.099e-02 1.351e+05
4.671e-02 2.676e+05
4.707e-02 2.868e+05
4.972e-02 1.320e+05
4.996e-02 1.586e+05
5.060e-02 1.760e+05
4.604e-02 3.856e+05
4.574e-02 2.975e+05
5.199e-02 8.111e+04
5.115e-02 1.469e+05
4.903e-02 2.207e+05
3.901e-02 5.155e+05
4.920e-02 1.906e+05
3.914e-02 7.301e+05
4.901e-02 1.760e+05
5.304e-02 7.529e+04
5.472e-02 5.954e+04
4.425e-02 4.340e+05
4.596e-02 2.612e+05
5.209e-02 5.856e+04
3.918e-02 5.794e+05
4.967e-02 1.025e+05
4.867e-02 1.832e+05
5.276e-02 8.664e+04
4.973e-02 1.348e+05
5.085e-02 1.384e+05
9.090e-01 6.656e+02
5.074e-02 1.123e+05
4.841e-02 2.061e+05
3.724e-02 7.417e+05
5.133e-02 8.114e+04
4.486e-02 2.580e+05
5.503e-02 7.906e+04
3.861e-02 5.702e+05
4.762e-02 2.158e+05
5.564e-02 5.931e+04
5.392e-02 1.138e+05
4.499e-02 2.021e+05
5.268e-02 6.972e+04
5.167e-02 6.533e+04
5.039e-02 1.348e+05
4.380e-02 3.354e+05
4.437e-02 3.355e+05
4.824e-02 2.070e+05
4.763e-02 3.210e+05
5.392e-02 5.690e+04
4.169e-02 4.169e+05
4.759e-02 3.040e+05
5.066e-02 1.909e+05
4.751e-02 1.310e+05
4.437e-02 2.481e+05
4.895e-02 2.710e+05
4.816e-02 1.983e+05
5.219e-02 7.920e+04
4.949e-02 1.433e+05
4.628e-02 3.200e+05
4.314e-02 4.899e+05
3.961e-02 5.764e+05
4.814e-02 1.977e+05
4.249e-02 4.810e+05
4.611e-02 2.805e+05
4.516e-02 1.954e+05
5.083e-02 1.309e+05
5.387e-02 5.928e+04
5.028e-02 2.481e+05
4.991e-02 9.404e+04
5.329e-02 5.958e+04
5.342e-02 8.229e+04
5.466e-02 6.962e+04
4.626e-02 2.519e+05
4.574e-02 1.954e+05
4.598e-02 2.209e+05
4.481e-02 2.408e+05
5.304e-02 7.664e+04
4.100e-02 4.397e+05
5.394e-02 6.265e+04
5.349e-02 5.867e+04
5.160e-02 1.444e+05
5.282e-02 5.601e+04
4.602e-02 1.744e+05
5.456e-02 6.028e+04
4.949e-02 5.537e+04
3.913e-02 5.701e+05
5.513e-02 5.447e+04
4.495e-02 2.445e+05
5.001e-02 1.341e+05
4.886e-02 2.522e+05
4.906e-02 1.488e+05
5.417e-02 5.870e+04
4.487e-02 3.053e+05
4.645e-02 1.857e+05
5.034e-02 5.768e+04
5.060e-02 1.995e+05
4.506e-02 3.539e+05
4.250e-02 4.078e+05
5.058e-02 1.897e+05
4.655e-02 3.050e+05
5.553e-02 6.170e+04
5.137e-02 1.823e+05
5.577e-02 7.009e+04
4.747e-02 2.745e+05
5.509e-02 6.031e+04
4.728e-02 2.132e+05
5.240e-02 7.288e+04
4.253e-02 3.351e+05
4.919e-02 2.368e+05
5.118e-02 1.191e+05
5.051e-02 1.327e+05
5.276e-02 8.771e+04
4.277e-02 4.461e+05
4.293e-02 4.319e+05
5.073e-02 7.527e+04
4.607e-02 2.584e+05
4.828e-02 2.132e+05
5.293e-02 5.835e+04
4.212e-02 4.323e+05
5.091e-02 1.402e+05
5.289e-02 1.018e+05
4.303e-02 3.019e+05
5.185e-02 9.506e+04
5.179e-02 1.009e+05
4.297e-02 4.439e+05
4.284e-02 4.382e+05
4.043e-02 6.396e+05
4.571e-02 3.311e+05
5.221e-02 6.649e+04
5.637e-02 6.168e+04
4.754e-02 2.994e+05
4.924e-02 1.605e+05
5.000e-02 7.749e+04
5.422e-02 6.434e+04
4.075e-02 4.272e+05
5.487e-02 8.520e+04
4.855e-02 1.097e+05
4.211e-02 5.652e+05
4.369e-02 2.453e+05
4.285e-02 3.403e+05
4.392e-02 3.683e+05
4.961e-02 2.110e+05
4.398e-02 2.495e+05
4.308e-02 3.430e+05
4.783e-02 2.015e+05
4.596e-02 1.626e+05
4.662e-02 2.122e+05
5.127e-02 1.331e+05
4.566e-02 4.308e+05
4.092e-02 4.387e+05
4.752e-02 2.253e+05
5.036e-02 1.492e+05
5.265e-02 6.025e+04
4.764e-02 1.402e+05
4.700e-02 1.928e+05
5.384e-02 5.995e+04
5.176e-02 1.373e+05
5.351e-02 5.951e+04
3.851e-02 6.505e+05
5.416e-02 5.535e+04
5.275e-02 5.881e+04
5.252e-02 6.113e+04
5.182e-02 1.325e+05
5.328e-02 8.795e+04
3.843e-02 6.293e+05
4.394e-02 5.242e+05
5.335e-02 5.961e+04
4.847e-02 2.073e+05
4.085e-02 5.801e+05
5.183e-02 1.469e+05
4.679e-02 2.227e+05
5.115e-02 1.546e+05
4.037e-02 6.932e+05
5.284e-02 6.000e+04
4.298e-02 3.467e+05
3.806e-02 6.608e+05
5.185e-02 1.844e+05
4.964e-02 2.869e+05
4.170e-02 5.265e+05
5.124e-02 1.649e+05
4.940e-02 1.110e+05
5.325e-02 6.513e+04
5.377e-02 9.167e+04
5.254e-02 7.561e+04
4.190e-02 4.429e+05
4.560e-02 3.621e+05
4.454e-02 4.449e+05
4.941e-02 1.361e+05
5.080e-02 1.774e+05
4.604e-02 1.921e+05
5.194e-02 1.972e+05
4.975e-02 1.740e+05
5.133e-02 9.050e+04
5.166e-02 1.339e+05
4.892e-02 1.580e+05
4.741e-02 2.121e+05
5.382e-02 6.253e+04
4.553e-02 2.022e+05
4.561e-02 3.025e+05
4.731e-02 1.486e+05
5.480e-02 1.163e+05
4.856e-02 1.456e+05
4.713e-02 1.767e+05
4.566e-02 1.915e+05
5.628e-02 5.672e+04
5.190e-02 1.373e+05
5.097e-02 6.789e+04
4.873e-02 1.439e+05
5.365e-02 5.628e+04
5.289e-02 6.309e+04
5.424e-02 7.173e+04
4.787e-02 1.606e+05
4.797e-02 2.815e+05
5.499e-02 5.965e+04
5.082e-02 1.245e+05
4.616e-02 2.188e+05
5.354e-02 7.076e+04
4.775e-02 2.553e+05
5.361e-02 5.913e+04
4.938e-02 1.594e+05
4.675e-02 2.617e+05
4.979e-02 1.305e+05
4.571e-02 2.786e+05
4.440e-02 4.009e+05
5.007e-02 2.366e+05
5.196e-02 9.152e+04
5.497e-02 9.570e+04
4.687e-02 1.843e+05
4.443e-02 2.306e+05
5.173e-02 1.741e+05
5.324e-02 1.428e+05
4.151e-02 4.551e+05
4.207e-02 4.898e+05
5.240e-02 5.778e+04
5.480e-02 6.014e+04
4.148e-02 3.604e+05
4.821e-02 1.976e+05
3.917e-02 5.090e+05
4.397e-02 2.637e+05
4.751e-02 2.769e+05
5.327e-02 5.827e+04
5.327e-02 6.485e+04
4.766e-02 2.587e+05
5.352e-02 1.610e+05
4.994e-02 9.264e+04
5.335e-02 6.970e+04
5.422e-02 6.087e+04
5.347e-02 5.530e+04
4.933e-02 1.000e+05
4.248e-02 4.557e+05
4.081e-02 4.782e+05
4.988e-02 1.230e+05
3.920e-02 6.521e+05
5.393e-02 5.935e+04
4.197e-02 4.774e+05
5.173e-02 1.760e+05
4.777e-02 2.225e+05
5.383e-02 6.270e+04
4.652e-02 3.470e+05
4.273e-02 2.958e+05
4.167e-02 4.407e+05
5.199e-02 5.786e+04
5.452e-02 5.856e+04
3.811e-02 7.627e+05
4.949e-02 1.577e+05
5.011e-02 9.436e+04
4.643e-02 2.340e+05
5.036e-02 9.183e+04
4.532e-02 2.558e+05
4.302e-02 3.131e+05
5.367e-02 6.282e+04
5.207e-02 6.310e+04
5.266e-02 5.564e+04
4.235e-02 4.667e+05
4.267e-02 3.819e+05
4.843e-02 2.233e+05
4.724e-02 1.705e+05
5.229e-02 9.420e+04
4.870e-02 3.020e+05
4.561e-02 3.252e+05
5.584e-02 5.389e+04
5.232e-02 5.778e+04
5.348e-02 6.163e+04
4.610e-02 3.718e+05
5.227e-02 1.515e+05
4.014e-02 5.162e+05
5.496e-02 9.571e+04
5.589e-02 5.661e+04
5.175e-02 6.437e+04
3.897e-02 6.381e+05
3.800e-02 8.380e+05
4.495e-02 2.315e+05
4.965e-02 1.373e+05
4.860e-02 1.940e+05
4.967e-02 1.151e+05
4.767e-02 3.306e+05
4.661e-02 3.314e+05
4.512e-02 3.996e+05
5.486e-02 6.871e+04
5.277e-02 6.239e+04
5.532e-02 6.281e+04
5.471e-02 5.915e+04
4.263e-02 3.312e+05
4.364e-02 3.137e+05
5.028e-02 1.175e+05
4.724e-02 2.305e+05
5.173e-02 1.674e+05
4.212e-02 5.237e+05
5.123e-02 1.383e+05
5.154e-02 1.817e+05
5.068e-02 7.802e+04
4.479e-02 3.579e+05
4.790e-02 1.718e+05
5.451e-02 7.616e+04
5.288e-02 1.349e+05
4.484e-02 2.533e+05
5.438e-02 5.598e+04
4.954e-02 1.462e+05
5.334e-02 6.195e+04
4.605e-02 3.149e+05
5.249e-02 1.087e+05
5.254e-02 1.455e+05
4.863e-02 2.382e+05
4.688e-02 1.724e+05
4.242e-02 4.771e+05
5.038e-02 2.489e+05
4.467e-02 3.521e+05
4.935e-02 1.667e+05
4.894e-02 3.067e+05
4.202e-02 4.461e+05
4.490e-02 2.791e+05
5.110e-02 7.803e+04
4.826e-02 2.291e+05
5.314e-02 1.520e+05
4.625e-02 1.813e+05
4.079e-02 5.827e+05
4.916e-02 1.876e+05
5.033e-02 2.023e+05
5.201e-02 1.251e+05
5.521e-02 5.755e+04
4.377e-02 2.738e+05
4.681e-02 2.131e+05
4.148e-02 6.091e+05
5.243e-02 1.385e+05
4.809e-02 1.837e+05
4.328e-02 2.999e+05
4.889e-02 1.890e+05
4.721e-02 1.623e+05
5.177e-02 1.407e+05
4.166e-02 5.220e+05
5.061e-02 7.397e+04
4.901e-02 1.452e+05
3.777e-02 7.794e+05
4.787e-02 2.384e+05
4.926e-02 2.216e+05
4.256e-02 4.041e+05
4.327e-02 5.065e+05
5.048e-02 8.922e+04
5.201e-02 5.474e+04
4.737e-02 3.046e+05
4.403e-02 3.589e+05
5.207e-02 1.971e+05
5.309e-02 9.257e+04
5.251e-02 6.388e+04
5.277e-02 6.096e+04
4.662e-02 2.055e+05
4.134e-02 3.562e+05
4.828e-02 2.474e+05
4.744e-02 1.986e+05
5.307e-02 6.404e+04
4.253e-02 4.040e+05
4.799e-02 2.120e+05
4.934e-02 2.577e+05
5.238e-02 1.073e+05
5.287e-02 1.509e+05
5.394e-02 1.244e+05
4.698e-02 3.633e+05
4.472e-02 2.751e+05
4.197e-02 5.039e+05
3.776e-02 7.123e+05
5.624e-02 5.969e+04
5.181e-02 5.877e+04
4.734e-02 2.325e+05
5.260e-02 1.048e+05
5.114e-02 1.663e+05
4.178e-02 4.124e+05
4.758e-02 1.519e+05
5.302e-02 6.759e+04
5.437e-02 1.318e+05
4.816e-02 2.665e+05
4.290e-02 3.759e+05
4.820e-02 1.428e+05
4.774e-02 1.996e+05
5.188e-02 1.827e+05
5.526e-02 6.565e+04
4.155e-02 3.785e+05
4.872e-02 2.422e+05
5.511e-02 6.054e+04
5.287e-02 5.909e+04
4.659e-02 3.503e+05
4.882e-02 2.629e+05
5.383e-02 5.759e+04
5.268e-02 1.689e+05
4.280e-02 3.625e+05
4.985e-02 2.060e+05
4.638e-02 2.200e+05
5.238e-02 6.616e+04
5.203e-02 8.132e+04
5.336e-02 5.859e+04
5.185e-02 1.812e+05
4.620e-02 3.417e+05
4.063e-02 6.030e+05
4.388e-02 3.698e+05
4.939e-02 1.914e+05
5.155e-02 5.697e+04
5.231e-02 1.599e+05
5.296e-02 5.890e+04
5.244e-02 1.465e+05
4.691e-02 3.163e+05
4.218e-02 6.248e+05
4.737e-02 2.758e+05
5.169e-02 7.352e+04
5.397e-02 5.849e+04
4.164e-02 5.221e+05
5.157e-02 6.238e+04
4.455e-02 3.346e+05
4.765e-02 2.280e+05
4.576e-02 1.779e+05
4.818e-02 1.667e+05
5.317e-02 6.340e+04
4.536e-02 3.061e+05
4.430e-02 3.334e+05
5.311e-02 5.598e+04
5.124e-02 9.407e+04
4.671e-02 1.463e+05
4.102e-02 5.813e+05
5.168e-02 1.530e+05
4.782e-02 1.655e+05
5.105e-02 1.519e+05
4.352e-02 2.961e+05
4.204e-02 4.547e+05
5.082e-02 8.102e+04
4.251e-02 4.172e+05
4.854e-02 1.658e+05
4.299e-02 3.913e+05
5.115e-02 1.368e+05
5.054e-02 1.109e+05
4.514e-02 3.638e+05
4.533e-02 3.412e+05
4.656e-02 2.666e+05
4.306e-02 2.754e+05
4.269e-02 4.066e+05
4.495e-02 3.538e+05
4.546e-02 4.005e+05
4.450e-02 2.523e+05
5.271e-02 6.976e+04
4.759e-02 1.922e+05
4.414e-02 3.354e+05
4.829e-02 2.234e+05
5.113e-02 1.925e+05
5.358e-02 1.432e+05
5.155e-02 1.556e+05
5.299e-02 1.206e+05
4.981e-02 1.889e+05
4.598e-02 1.981e+05
4.307e-02 4.548e+05
4.308e-02 3.661e+05
5.306e-02 1.727e+05
5.188e-02 5.539e+04
4.990e-02 1.132e+05
4.639e-02 2.936e+05
4.492e-02 1.953e+05
4.488e-02 3.356e+05
4.991e-02 1.648e+05
5.428e-02 5.362e+04
4.274e-02 5.264e+05
5.152e-02 7.227e+04
3.969e-02 5.156e+05
4.223e-02 4.073e+05
5.149e-02 8.722e+04
4.609e-02 1.872e+05
5.425e-02 5.924e+04
4.472e-02 2.982e+05
5.277e-02 5.980e+04
4.975e-02 1.537e+05
4.940e-02 2.880e+05
4.491e-02 4.502e+05
4.968e-02 2.025e+05
4.627e-02 2.032e+05
5.006e-02 6.520e+04
4.671e-02 3.859e+05
4.526e-02 2.374e+05
3.726e-02 8.019e+05
5.045e-02 1.487e+05
4.964e-02 1.633e+05
4.936e-02 1.964e+05
4.364e-02 3.346e+05
4.802e-02 3.142e+05
4.184e-02 3.879e+05
4.413e-02 2.675e+05
5.303e-02 5.908e+04
5.209e-02 1.483e+05
5.451e-02 6.398e+04
5.182e-02 1.249e+05
5.283e-02 9.045e+04
4.949e-02 1.099e+05
4.585e-02 4.167e+05
5.027e-02 1.441e+05
5.039e-02 1.437e+05
4.946e-02 2.345e+05
5.218e-02 1.096e+05
4.253e-02 3.876e+05
5.195e-02 1.186e+05
4.376e-02 4.425e+05
4.052e-02 5.874e+05
5.672e-02 6.420e+04
3.930e-02 6.409e+05
5.236e-02 5.425e+04
5.346e-02 5.665e+04
5.534e-02 5.629e+04
4.919e-02 1.527e+05
4.755e-02 1.768e+05
4.064e-02 7.140e+05
5.166e-02 2.164e+05
5.326e-02 9.216e+04
4.398e-02 3.757e+05
5.122e-02 6.737e+04
5.167e-02 1.322e+05
5.330e-02 1.177e+05
5.323e-02 1.157e+05
4.855e-02 2.057e+05
4.207e-02 4.603e+05
4.875e-02 2.861e+05
4.889e-02 2.290e+05
5.043e-02 1.588e+05
5.160e-02 7.274e+04
5.159e-02 1.141e+05
4.508e-02 3.113e+05
4.317e-02 4.265e+05
4.632e-02 1.991e+05
4.382e-02 3.864e+05
4.244e-02 3.548e+05
3.895e-02 6.944e+05
5.408e-02 6.755e+04
5.066e-02 1.270e+05
4.822e-02 2.761e+05
4.821e-02 2.451e+05
4.274e-02 3.782e+05
5.025e-02 5.861e+04
4.540e-02 3.334e+05
4.824e-02 1.477e+05
5.399e-02 7.383e+04
4.660e-02 3.609e+05
5.286e-02 1.032e+05
5.219e-02 1.228e+05
4.024e-02 5.653e+05
4.145e-02 5.484e+05
5.284e-02 5.758e+04
4.769e-02 1.268e+05
4.773e-02 2.146e+05
4.912e-02 1.596e+05
5.298e-02 1.107e+05
4.845e-02 1.677e+05
5.328e-02 7.387e+04
4.688e-02 2.679e+05
4.272e-02 3.271e+05
5.136e-02 2.126e+05
5.231e-02 1.246e+05
4.279e-02 3.266e+05
5.369e-02 7.876e+04
5.562e-02 8.430e+04
5.523e-02 6.689e+04
5.386e-02 1.341e+05
5.454e-02 5.521e+04
4.483e-02 2.844e+05
5.424e-02 1.184e+05
5.134e-02 1.600e+05
4.795e-02 1.943e+05
5.086e-02 1.258e+05
5.449e-02 6.332e+04
4.616e-02 1.530e+05
4.370e-02 2.607e+05
4.525e-02 3.104e+05
5.218e-02 8.402e+04
4.169e-02 5.504e+05
5.375e-02 6.260e+04
5.079e-02 6.511e+04
4.783e-02 2.435e+05
4.544e-02 3.305e+05
4.661e-02 2.884e+05
5.271e-02 6.046e+04
4.299e-02 4.232e+05
4.338e-02 2.638e+05
5.326e-02 1.105e+05
4.683e-02 3.887e+05
5.060e-02 1.045e+05
4.771e-02 1.341e+05
5.151e-02 9.049e+04
4.853e-02 2.126e+05
4.416e-02 4.962e+05
4.744e-02 2.617e+05
5.596e-02 5.782e+04
5.556e-02 5.670e+04
5.254e-02 1.225e+05
4.215e-02 3.607e+05
5.186e-02 5.469e+04
5.366e-02 9.825e+04
5.295e-02 9.929e+04
4.429e-02 2.819e+05
4.956e-02 8.900e+04
4.418e-02 2.301e+05
5.415e-02 1.173e+05
4.944e-02 2.050e+05
5.358e-02 1.254e+05
4.553e-02 2.983e+05
4.525e-02 1.948e+05
5.518e-02 6.427e+04
4.453e-02 4.009e+05
4.386e-02 4.414e+05
3.854e-02 7.918e+05
5.485e-02 5.571e+04
4.803e-02 1.848e+05
4.100e-02 3.763e+05
4.238e-02 4.127e+05
5.422e-02 6.059e+04
4.695e-02 2.332e+05
4.359e-02 3.559e+05
5.327e-02 1.002e+05
4.707e-02 2.486e+05
5.447e-02 5.574e+04
5.399e-02 5.743e+04
5.484e-02 1.234e+05
4.316e-02 4.498e+05
4.350e-02 4.909e+05
5.023e-02 6.442e+04
4.772e-02 2.084e+05
4.868e-02 2.994e+05
4.245e-02 5.744e+05
5.342e-02 1.116e+05
4.489e-02 3.289e+05
4.537e-02 2.082e+05
4.046e-02 7.049e+05
4.783e-02 2.464e+05
5.032e-02 8.915e+04
4.672e-02 2.586e+05
5.264e-02 1.327e+05
4.674e-02 1.657e+05
5.438e-02 5.739e+04
4.802e-02 1.220e+05
4.983e-02 1.345e+05
5.444e-02 8.269e+04
4.578e-02 2.150e+05
4.905e-02 2.109e+05
5.444e-02 5.672e+04
5.329e-02 5.605e+04
5.005e-02 1.180e+05
4.541e-02 2.149e+05
3.965e-02 7.324e+05
5.282e-02 7.920e+04
4.768e-02 2.347e+05
5.312e-02 1.180e+05
4.591e-02 3.690e+05
5.562e-02 6.073e+04
4.768e-02 3.086e+05
5.187e-02 1.587e+05
5.168e-02 1.195e+05
5.365e-02 1.227e+05
4.583e-02 1.645e+05
5.560e-02 5.784e+04
5.377e-02 1.670e+05
5.323e-02 1.609e+05
5.308e-02 1.661e+05
5.307e-02 5.789e+04
4.754e-02 2.976e+05
4.696e-02 3.551e+05
5.238e-02 7.461e+04
4.794e-02 3.487e+05
4.592e-02 2.116e+05
4.692e-02 3.629e+05
4.626e-02 1.551e+05
4.383e-02 2.989e+05
5.482e-02 6.101e+04
5.432e-02 5.833e+04
5.072e-02 8.390e+04
5.337e-02 5.796e+04
5.173e-02 6.116e+04
4.105e-02 4.217e+05
5.614e-02 6.001e+04
5.548e-02 5.684e+04
5.285e-02 6.925e+04
4.523e-02 2.447e+05
4.529e-02 3.534e+05
4.324e-02 3.992e+05
3.860e-02 5.751e+05
5.204e-02 1.165e+05
4.724e-02 1.702e+05
4.708e-02 1.397e+05
5.131e-02 1.729e+05
4.858e-02 2.195e+05
4.502e-02 3.412e+05
5.115e-02 7.594e+04
5.099e-02 1.005e+05
4.890e-02 2.857e+05
4.912e-02 1.128e+05
4.520e-02 2.714e+05
4.767e-02 2.304e+05
4.723e-02 3.263e+05
4.231e-02 3.329e+05
5.241e-02 1.559e+05
4.695e-02 3.247e+05
5.461e-02 6.282e+04
5.311e-02 1.466e+05
4.793e-02 2.216e+05
5.007e-02 1.179e+05
5.496e-02 1.100e+05
5.437e-02 7.121e+04
4.905e-02 1.639e+05
4.129e-02 4.877e+05
5.335e-02 6.159e+04
5.291e-02 6.994e+04
4.443e-02 2.164e+05
5.327e-02 6.521e+04
5.240e-02 9.077e+04
4.586e-02 2.790e+05
4.533e-02 2.861e+05
4.420e-02 4.376e+05
5.370e-02 6.143e+04
4.250e-02 3.073e+05
5.028e-02 1.652e+05
5.441e-02 8.784e+04
3.777e-02 6.693e+05
4.497e-02 1.893e+05
5.269e-02 6.032e+04
4.709e-02 1.788e+05
4.676e-02 3.386e+05
4.049e-02 4.686e+05
4.738e-02 1.823e+05
5.258e-02 1.086e+05
4.947e-02 2.087e+05
5.317e-02 6.173e+04
5.213e-02 8.616e+04
4.786e-02 3.296e+05
4.577e-02 1.906e+05
3.667e-02 7.506e+05
8.955e-01 6.760e+02
4.130e-02 4.512e+05
5.285e-02 7.371e+04
4.895e-02 1.687e+05
4.924e-02 2.672e+05
4.199e-02 3.641e+05
4.238e-02 3.445e+05
4.272e-02 3.216e+05
5.292e-02 8.959e+04
5.194e-02 1.858e+05
5.322e-02 7.337e+04
5.176e-02 8.663e+04
4.245e-02 3.661e+05
4.133e-02 4.343e+05
4.022e-02 4.572e+05
4.573e-02 3.740e+05
5.404e-02 5.555e+04
4.601e-02 2.574e+05
4.220e-02 4.306e+05
