1.201e-01 7.937e+04
1.062e-01 9.031e+04
1.041e-01 9.291e+04
1.018e-01 9.731e+04
1.035e-01 9.393e+04
1.017e-01 9.479e+04
1.018e-01 9.598e+04
1.465e-01 6.452e+04
1.035e-01 9.426e+04
1.021e-01 9.667e+04
1.018e-01 9.660e+04
1.015e-01 9.568e+04
1.030e-01 9.539e+04
1.418e-01 6.601e+04
1.037e-01 9.425e+04
1.024e-01 9.626e+04
1.046e-01 9.252e+04
1.412e-01 6.851e+04
1.174e-01 8.185e+04
1.015e-01 9.673e+04
1.025e-01 9.532e+04
1.066e-01 9.127e+04
1.453e-01 6.448e+04
1.007e-01 9.815e+04
1.154e-01 8.127e+04
1.401e-01 6.674e+04
1.011e-01 9.747e+04
1.015e-01 9.701e+04
1.026e-01 9.461e+04
1.057e-01 9.211e+04
1.044e-01 9.243e+04
1.028e-01 9.549e+04
1.021e-01 9.619e+04
1.194e-01 7.984e+04
1.055e-01 9.173e+04
1.048e-01 9.257e+04
1.049e-01 9.250e+04
1.475e-01 6.579e+04
1.023e-01 9.546e+04
1.008e-01 9.681e+04
1.040e-01 9.189e+04
1.019e-01 9.597e+04
1.267e-01 7.582e+04
1.014e-01 9.706e+04
1.152e-01 8.467e+04
1.086e-01 9.009e+04
9.888e-02 9.884e+04
1.460e-01 6.321e+04
1.034e-01 9.396e+04
9.865e-02 9.983e+04
1.043e-01 9.403e+04
1.015e-01 9.691e+04
1.034e-01 9.362e+04
1.032e-01 9.433e+04
1.185e-01 8.061e+04
1.103e-01 8.693e+04
1.002e-01 9.739e+04
1.052e-01 9.064e+04
1.063e-01 9.198e+04
1.003e-01 9.732e+04
1.011e-01 9.639e+04
1.022e-01 9.582e+04
1.080e-01 9.030e+04
9.946e-02 9.849e+04
1.067e-01 9.118e+04
1.012e-01 9.670e+04
1.037e-01 9.378e+04
1.014e-01 9.683e+04
1.004e-01 9.830e+04
1.063e-01 9.130e+04
9.913e-02 9.920e+04
1.037e-01 9.401e+04
1.163e-01 8.170e+04
1.036e-01 9.286e+04
1.055e-01 9.144e+04
9.997e-02 9.763e+04
1.064e-01 8.953e+04
1.024e-01 9.554e+04
1.037e-01 9.450e+04
1.043e-01 9.395e+04
1.056e-01 9.184e+04
1.390e-01 6.682e+04
1.023e-01 9.498e+04
1.015e-01 9.566e+04
1.026e-01 9.574e+04
1.055e-01 9.164e+04
1.001e-01 9.736e+04
1.059e-01 9.192e+04
1.427e-01 6.613e+04
1.028e-01 9.546e+04
1.030e-01 9.471e+04
1.080e-01 8.728e+04
1.044e-01 9.417e+04
1.052e-01 9.325e+04
1.415e-01 6.601e+04
1.483e-01 6.372e+04
1.016e-01 9.689e+04
1.057e-01 9.330e+04
1.432e-01 6.408e+04
1.063e-01 9.110e+04
1.030e-01 9.333e+04
1.487e-01 6.445e+04
1.041e-01 9.284e+04
1.015e-01 9.673e+04
1.018e-01 9.660e+04
1.007e-01 9.775e+04
1.018e-01 9.669e+04
1.002e-01 9.773e+04
1.448e-01 6.335e+04
1.021e-01 9.642e+04
1.024e-01 9.511e+04
1.046e-01 9.387e+04
1.124e-01 8.463e+04
1.062e-01 9.123e+04
1.111e-01 8.755e+04
1.430e-01 6.377e+04
1.043e-01 9.467e+04
1.108e-01 8.796e+04
1.089e-01 8.934e+04
1.424e-01 6.791e+04
1.113e-01 8.662e+04
1.400e-01 6.604e+04
9.950e-02 9.813e+04
1.022e-01 9.411e+04
1.031e-01 9.508e+04
1.006e-01 9.645e+04
1.025e-01 9.415e+04
1.012e-01 9.519e+04
1.386e-01 6.838e+04
1.059e-01 9.053e+04
1.332e-01 6.817e+04
1.044e-01 9.468e+04
1.043e-01 9.320e+04
9.996e-02 9.809e+04
1.382e-01 6.591e+04
1.116e-01 8.555e+04
1.018e-01 9.594e+04
1.052e-01 9.348e+04
1.036e-01 9.506e+04
1.106e-01 8.688e+04
1.053e-01 9.252e+04
1.284e-01 7.261e+04
1.015e-01 9.693e+04
1.002e-01 9.792e+04
1.021e-01 9.667e+04
1.402e-01 6.590e+04
1.026e-01 9.507e+04
1.189e-01 7.995e+04
1.059e-01 9.146e+04
1.152e-01 8.315e+04
1.429e-01 6.517e+04
1.074e-01 9.009e+04
1.350e-01 6.951e+04
1.365e-01 6.939e+04
1.112e-01 8.590e+04
1.383e-01 6.851e+04
1.085e-01 8.908e+04
1.022e-01 9.648e+04
1.051e-01 9.231e+04
1.023e-01 9.562e+04
1.271e-01 7.312e+04
1.056e-01 9.230e+04
1.342e-01 6.716e+04
1.027e-01 9.508e+04
1.027e-01 9.567e+04
1.267e-01 7.466e+04
1.010e-01 9.729e+04
1.496e-01 6.214e+04
1.009e-01 9.645e+04
1.342e-01 6.835e+04
1.017e-01 9.686e+04
1.018e-01 9.544e+04
1.002e-01 9.730e+04
1.474e-01 6.323e+04
9.830e-02 1.003e+05
1.329e-01 6.746e+04
1.023e-01 9.486e+04
1.430e-01 6.599e+04
1.021e-01 9.632e+04
1.000e-01 9.841e+04
1.031e-01 9.441e+04
1.088e-01 8.796e+04
1.219e-01 7.838e+04
1.067e-01 9.120e+04
1.010e-01 9.791e+04
1.048e-01 9.142e+04
1.015e-01 9.689e+04
1.070e-01 8.926e+04
1.032e-01 9.506e+04
1.008e-01 9.692e+04
1.416e-01 6.571e+04
1.048e-01 9.286e+04
1.264e-01 7.340e+04
1.038e-01 9.401e+04
1.015e-01 9.641e+04
1.338e-01 7.040e+04
1.224e-01 7.737e+04
1.478e-01 6.427e+04
1.011e-01 9.546e+04
1.069e-01 9.157e+04
1.045e-01 9.471e+04
1.259e-01 7.072e+04
1.455e-01 6.360e+04
1.313e-01 6.966e+04
1.042e-01 9.295e+04
1.247e-01 7.591e+04
1.039e-01 9.443e+04
1.033e-01 9.462e+04
1.030e-01 9.458e+04
1.042e-01 9.443e+04
1.058e-01 9.105e+04
1.014e-01 9.716e+04
1.045e-01 9.365e+04
1.078e-01 8.990e+04
1.022e-01 9.566e+04
1.071e-01 9.209e+04
1.042e-01 9.336e+04
9.991e-02 9.825e+04
1.213e-01 7.799e+04
1.094e-01 8.708e+04
1.012e-01 9.724e+04
9.919e-02 9.964e+04
1.071e-01 9.070e+04
1.206e-01 7.717e+04
1.200e-01 7.907e+04
1.027e-01 9.586e+04
1.447e-01 6.442e+04
1.310e-01 7.241e+04
1.039e-01 9.336e+04
1.038e-01 9.439e+04
1.010e-01 9.720e+04
9.979e-02 9.785e+04
9.981e-02 9.889e+04
1.043e-01 9.385e+04
1.046e-01 9.310e+04
1.358e-01 7.081e+04
1.469e-01 6.348e+04
1.042e-01 9.302e+04
1.034e-01 9.459e+04
1.042e-01 9.302e+04
1.297e-01 7.328e+04
1.417e-01 6.598e+04
1.052e-01 9.272e+04
1.009e-01 9.661e+04
1.023e-01 9.665e+04
1.163e-01 8.146e+04
1.044e-01 9.291e+04
1.046e-01 9.315e+04
1.040e-01 9.252e+04
1.071e-01 9.092e+04
1.038e-01 9.501e+04
1.055e-01 9.192e+04
1.029e-01 9.537e+04
1.056e-01 9.206e+04
9.919e-02 9.906e+04
9.954e-02 9.916e+04
1.405e-01 6.457e+04
1.058e-01 9.212e+04
1.009e-01 9.667e+04
1.052e-01 9.233e+04
1.014e-01 9.787e+04
1.054e-01 9.218e+04
1.019e-01 9.516e+04
1.182e-01 8.078e+04
1.316e-01 7.320e+04
1.009e-01 9.765e+04
1.431e-01 6.352e+04
1.038e-01 9.476e+04
1.187e-01 7.805e+04
1.015e-01 9.638e+04
1.011e-01 9.548e+04
1.063e-01 9.166e+04
1.077e-01 8.955e+04
1.060e-01 9.293e+04
1.446e-01 6.342e+04
1.069e-01 8.971e+04
1.009e-01 9.716e+04
1.241e-01 7.696e+04
1.041e-01 9.424e+04
1.389e-01 6.647e+04
1.328e-01 6.990e+04
1.020e-01 9.591e+04
1.028e-01 9.496e+04
1.067e-01 8.967e+04
1.039e-01 9.312e+04
1.025e-01 9.452e+04
1.390e-01 6.600e+04
1.042e-01 9.134e+04
1.026e-01 9.367e+04
1.046e-01 9.292e+04
1.078e-01 9.031e+04
1.023e-01 9.613e+04
1.009e-01 9.720e+04
1.100e-01 8.778e+04
1.048e-01 9.262e+04
1.414e-01 6.678e+04
1.121e-01 8.684e+04
1.094e-01 8.681e+04
1.174e-01 8.031e+04
1.081e-01 8.936e+04
1.019e-01 9.669e+04
1.063e-01 9.179e+04
1.026e-01 9.557e+04
1.010e-01 9.713e+04
1.021e-01 9.598e+04
1.040e-01 9.333e+04
1.061e-01 9.205e+04
1.329e-01 6.994e+04
1.017e-01 9.655e+04
1.038e-01 9.452e+04
1.016e-01 9.618e+04
9.971e-02 9.819e+04
1.013e-01 9.687e+04
1.402e-01 6.768e+04
1.054e-01 9.224e+04
1.033e-01 9.342e+04
1.023e-01 9.518e+04
1.062e-01 9.279e+04
1.024e-01 9.519e+04
1.064e-01 9.036e+04
1.013e-01 9.605e+04
1.050e-01 9.278e+04
1.445e-01 6.707e+04
1.454e-01 6.516e+04
1.019e-01 9.691e+04
9.988e-02 9.738e+04
1.022e-01 9.553e+04
1.105e-01 8.676e+04
1.068e-01 9.063e+04
1.007e-01 9.715e+04
1.043e-01 9.257e+04
1.033e-01 9.493e+04
1.393e-01 6.754e+04
1.388e-01 6.782e+04
1.005e-01 9.656e+04
1.031e-01 9.475e+04
1.010e-01 9.525e+04
1.030e-01 9.307e+04
1.086e-01 8.767e+04
1.386e-01 6.483e+04
1.077e-01 8.929e+04
1.032e-01 9.439e+04
1.044e-01 9.375e+04
1.105e-01 8.544e+04
1.016e-01 9.678e+04
1.046e-01 9.168e+04
1.043e-01 9.361e+04
1.037e-01 9.385e+04
1.021e-01 9.689e+04
1.462e-01 6.337e+04
1.212e-01 7.873e+04
1.004e-01 9.787e+04
1.296e-01 7.007e+04
1.057e-01 9.148e+04
1.021e-01 9.654e+04
1.448e-01 6.527e+04
1.470e-01 6.402e+04
1.019e-01 9.549e+04
1.032e-01 9.458e+04
1.014e-01 9.744e+04
1.254e-01 7.419e+04
1.139e-01 8.460e+04
1.322e-01 7.089e+04
1.049e-01 9.395e+04
1.018e-01 9.549e+04
1.055e-01 9.337e+04
1.039e-01 9.479e+04
9.964e-02 9.792e+04
1.011e-01 9.681e+04
9.999e-02 9.788e+04
1.013e-01 9.734e+04
9.839e-02 9.922e+04
1.029e-01 9.390e+04
1.361e-01 6.990e+04
1.106e-01 8.597e+04
1.015e-01 9.605e+04
1.027e-01 9.442e+04
1.096e-01 8.725e+04
1.018e-01 9.600e+04
1.008e-01 9.599e+04
1.021e-01 9.714e+04
1.055e-01 9.170e+04
1.020e-01 9.549e+04
1.005e-01 9.682e+04
1.252e-01 7.586e+04
1.058e-01 9.211e+04
1.072e-01 9.033e+04
1.498e-01 6.343e+04
1.022e-01 9.491e+04
1.434e-01 6.416e+04
1.058e-01 9.184e+04
1.020e-01 9.620e+04
1.383e-01 6.680e+04
1.210e-01 7.835e+04
1.294e-01 7.124e+04
1.011e-01 9.684e+04
1.075e-01 9.125e+04
1.072e-01 9.088e+04
1.344e-01 6.980e+04
1.049e-01 9.268e+04
1.022e-01 9.622e+04
1.433e-01 6.454e+04
1.070e-01 8.907e+04
1.050e-01 9.224e+04
1.015e-01 9.656e+04
1.365e-01 6.860e+04
1.474e-01 6.600e+04
1.456e-01 6.641e+04
9.931e-02 9.976e+04
1.046e-01 9.402e+04
1.048e-01 9.247e+04
1.006e-01 9.652e+04
1.165e-01 8.273e+04
1.414e-01 6.682e+04
1.059e-01 9.048e+04
1.001e-01 9.782e+04
1.013e-01 9.714e+04
1.008e-01 9.757e+04
9.854e-02 9.992e+04
1.255e-01 7.471e+04
1.054e-01 9.225e+04
1.090e-01 8.649e+04
1.020e-01 9.575e+04
1.079e-01 9.028e+04
1.094e-01 8.936e+04
1.007e-01 9.663e+04
1.428e-01 6.545e+04
1.023e-01 9.496e+04
9.959e-02 9.829e+04
1.443e-01 6.418e+04
1.079e-01 8.996e+04
1.020e-01 9.637e+04
1.052e-01 9.247e+04
1.014e-01 9.663e+04
1.111e-01 8.756e+04
1.395e-01 6.900e+04
1.019e-01 9.505e+04
9.965e-02 9.831e+04
1.464e-01 6.588e+04
1.034e-01 9.406e+04
1.017e-01 9.611e+04
1.051e-01 9.182e+04
1.050e-01 9.338e+04
1.010e-01 9.805e+04
1.038e-01 9.396e+04
1.043e-01 9.246e+04
1.042e-01 9.204e+04
1.024e-01 9.519e+04
1.203e-01 7.970e+04
1.023e-01 9.459e+04
1.069e-01 9.069e+04
1.058e-01 9.219e+04
1.056e-01 9.217e+04
1.045e-01 9.393e+04
1.030e-01 9.481e+04
1.046e-01 9.404e+04
1.085e-01 8.874e+04
1.342e-01 6.773e+04
1.249e-01 7.545e+04
1.414e-01 6.604e+04
1.036e-01 9.320e+04
1.086e-01 8.903e+04
1.097e-01 8.956e+04
1.075e-01 8.948e+04
1.002e-01 9.791e+04
1.494e-01 6.429e+04
1.031e-01 9.405e+04
1.059e-01 9.099e+04
1.032e-01 9.518e+04
1.036e-01 9.219e+04
1.030e-01 9.446e+04
1.013e-01 9.671e+04
1.031e-01 9.421e+04
1.033e-01 9.466e+04
1.029e-01 9.490e+04
1.010e-01 9.622e+04
1.500e-01 6.265e+04
1.049e-01 9.033e+04
1.020e-01 9.718e+04
9.932e-02 9.908e+04
1.008e-01 9.642e+04
1.008e-01 9.666e+04
1.093e-01 8.917e+04
1.073e-01 8.985e+04
1.038e-01 9.258e+04
1.390e-01 6.305e+04
1.062e-01 8.979e+04
1.261e-01 7.646e+04
1.008e-01 9.722e+04
1.036e-01 9.445e+04
1.288e-01 7.245e+04
1.202e-01 7.835e+04
1.312e-01 6.969e+04
1.032e-01 9.442e+04
1.186e-01 7.892e+04
1.084e-01 8.975e+04
1.040e-01 9.260e+04
1.011e-01 9.716e+04
1.105e-01 8.547e+04
1.445e-01 6.554e+04
1.052e-01 9.246e+04
1.092e-01 8.957e+04
1.058e-01 9.187e+04
1.026e-01 9.510e+04
1.405e-01 6.576e+04
1.377e-01 6.673e+04
1.062e-01 9.248e+04
1.078e-01 8.968e+04
1.020e-01 9.605e+04
1.034e-01 9.370e+04
1.053e-01 9.289e+04
1.192e-01 7.826e+04
1.449e-01 6.431e+04
1.365e-01 6.652e+04
1.332e-01 7.007e+04
1.019e-01 9.706e+04
1.059e-01 9.229e+04
1.414e-01 6.629e+04
1.283e-01 7.298e+04
1.025e-01 9.552e+04
1.042e-01 9.399e+04
9.992e-02 9.693e+04
1.049e-01 9.261e+04
9.923e-02 9.926e+04
1.046e-01 9.288e+04
1.038e-01 9.410e+04
1.004e-01 9.730e+04
1.035e-01 9.412e+04
1.335e-01 6.851e+04
1.368e-01 6.946e+04
1.539e-01 6.135e+04
1.103e-01 8.711e+04
1.020e-01 9.657e+04
1.147e-01 8.421e+04
1.394e-01 6.667e+04
1.006e-01 9.821e+04
1.311e-01 7.099e+04
1.066e-01 9.160e+04
1.343e-01 6.999e+04
1.073e-01 8.956e+04
1.370e-01 6.754e+04
1.027e-01 9.386e+04
1.015e-01 9.667e+04
1.039e-01 9.336e+04
1.014e-01 9.624e+04
1.450e-01 6.352e+04
1.022e-01 9.547e+04
1.153e-01 8.261e+04
1.251e-01 7.596e+04
1.410e-01 6.514e+04
1.014e-01 9.593e+04
1.025e-01 9.331e+04
1.004e-01 9.837e+04
1.249e-01 7.482e+04
1.027e-01 9.437e+04
1.020e-01 9.511e+04
1.163e-01 8.179e+04
9.865e-02 9.961e+04
1.042e-01 9.325e+04
1.018e-01 9.466e+04
1.376e-01 6.806e+04
1.329e-01 7.061e+04
9.976e-02 9.816e+04
1.052e-01 9.371e+04
1.454e-01 6.394e+04
9.900e-02 9.882e+04
1.074e-01 9.046e+04
1.023e-01 9.451e+04
1.083e-01 8.936e+04
1.046e-01 9.307e+04
1.047e-01 9.405e+04
1.051e-01 9.284e+04
1.405e-01 6.631e+04
1.100e-01 8.818e+04
1.498e-01 6.290e+04
1.024e-01 9.504e+04
1.039e-01 9.364e+04
1.003e-01 9.728e+04
1.032e-01 9.532e+04
9.973e-02 9.808e+04
1.041e-01 9.358e+04
1.039e-01 9.291e+04
1.014e-01 9.590e+04
1.061e-01 9.079e+04
1.006e-01 9.725e+04
1.115e-01 8.657e+04
1.096e-01 8.798e+04
1.038e-01 9.351e+04
1.028e-01 9.547e+04
1.073e-01 9.138e+04
1.022e-01 9.673e+04
1.013e-01 9.640e+04
1.020e-01 9.529e+04
1.465e-01 6.465e+04
1.400e-01 6.743e+04
1.052e-01 9.356e+04
1.021e-01 9.600e+04
1.384e-01 6.799e+04
1.061e-01 8.929e+04
1.441e-01 6.662e+04
1.010e-01 9.568e+04
1.458e-01 6.319e+04
9.948e-02 9.935e+04
1.055e-01 9.208e+04
1.007e-01 9.722e+04
1.008e-01 9.744e+04
1.016e-01 9.655e+04
1.016e-01 9.591e+04
1.069e-01 9.077e+04
1.219e-01 7.684e+04
1.050e-01 9.339e+04
9.969e-02 9.908e+04
1.015e-01 9.626e+04
1.033e-01 9.407e+04
1.048e-01 9.265e+04
1.031e-01 9.428e+04
1.036e-01 9.464e+04
1.207e-01 7.814e+04
1.032e-01 9.397e+04
1.077e-01 8.944e+04
1.024e-01 9.584e+04
1.051e-01 9.102e+04
1.198e-01 7.807e+04
1.018e-01 9.753e+04
1.031e-01 9.414e+04
1.030e-01 9.551e+04
1.024e-01 9.540e+04
1.021e-01 9.493e+04
9.903e-02 9.860e+04
1.013e-01 9.699e+04
1.029e-01 9.478e+04
1.055e-01 9.268e+04
1.056e-01 9.246e+04
1.036e-01 9.452e+04
9.889e-02 9.918e+04
1.017e-01 9.649e+04
1.002e-01 9.803e+04
1.014e-01 9.761e+04
1.311e-01 6.941e+04
1.011e-01 9.681e+04
1.019e-01 9.582e+04
1.035e-01 9.414e+04
1.039e-01 9.311e+04
1.056e-01 9.113e+04
1.280e-01 7.025e+04
1.023e-01 9.577e+04
1.045e-01 9.289e+04
1.039e-01 9.494e+04
1.044e-01 9.328e+04
9.894e-02 9.949e+04
1.106e-01 8.563e+04
1.048e-01 9.216e+04
1.026e-01 9.410e+04
1.030e-01 9.379e+04
1.317e-01 7.109e+04
1.078e-01 8.940e+04
1.062e-01 9.136e+04
1.022e-01 9.543e+04
1.048e-01 9.244e+04
1.082e-01 8.927e+04
1.398e-01 6.585e+04
1.075e-01 8.953e+04
1.028e-01 9.595e+04
1.023e-01 9.697e+04
1.086e-01 8.885e+04
1.029e-01 9.527e+04
1.391e-01 6.893e+04
1.059e-01 9.316e+04
1.026e-01 9.458e+04
1.047e-01 9.206e+04
1.228e-01 7.679e+04
1.001e-01 9.844e+04
1.042e-01 9.295e+04
1.513e-01 6.243e+04
1.322e-01 6.825e+04
1.017e-01 9.501e+04
1.062e-01 9.238e+04
1.140e-01 8.284e+04
1.440e-01 6.331e+04
1.077e-01 8.965e+04
1.021e-01 9.571e+04
1.068e-01 9.021e+04
1.114e-01 8.692e+04
1.015e-01 9.519e+04
1.012e-01 9.582e+04
1.009e-01 9.660e+04
1.042e-01 9.443e+04
1.046e-01 9.356e+04
1.010e-01 9.790e+04
1.115e-01 8.504e+04
1.040e-01 9.306e+04
9.863e-02 9.967e+04
1.500e-01 6.357e+04
1.042e-01 9.215e+04
1.011e-01 9.675e+04
9.977e-02 9.805e+04
9.983e-02 9.780e+04
1.081e-01 8.931e+04
1.025e-01 9.513e+04
9.992e-02 9.730e+04
1.401e-01 6.689e+04
1.008e-01 9.731e+04
1.426e-01 6.705e+04
1.436e-01 6.484e+04
1.348e-01 6.926e+04
1.176e-01 8.121e+04
1.047e-01 9.187e+04
1.099e-01 8.647e+04
1.068e-01 9.126e+04
1.379e-01 6.626e+04
1.006e-01 9.739e+04
1.265e-01 7.466e+04
1.024e-01 9.529e+04
1.113e-01 8.375e+04
1.004e-01 9.748e+04
1.052e-01 9.188e+04
1.016e-01 9.570e+04
1.052e-01 9.167e+04
1.032e-01 9.402e+04
1.007e-01 9.849e+04
1.044e-01 9.488e+04
1.028e-01 9.620e+04
1.321e-01 7.102e+04
1.063e-01 9.242e+04
1.043e-01 9.381e+04
1.183e-01 8.077e+04
1.050e-01 9.269e+04
1.041e-01 9.321e+04
1.459e-01 6.362e+04
9.923e-02 9.951e+04
9.950e-02 9.861e+04
1.151e-01 8.410e+04
1.015e-01 9.519e+04
1.055e-01 9.094e+04
1.001e-01 9.758e+04
1.034e-01 9.431e+04
1.023e-01 9.527e+04
1.325e-01 6.953e+04
1.036e-01 9.385e+04
1.009e-01 9.663e+04
1.076e-01 8.971e+04
9.966e-02 9.838e+04
9.993e-02 9.851e+04
1.371e-01 6.782e+04
1.272e-01 7.391e+04
1.019e-01 9.493e+04
1.042e-01 9.278e+04
1.018e-01 9.627e+04
1.012e-01 9.637e+04
1.017e-01 9.559e+04
1.027e-01 9.381e+04
1.400e-01 6.560e+04
1.059e-01 9.115e+04
1.040e-01 9.431e+04
1.215e-01 7.721e+04
1.009e-01 9.609e+04
1.006e-01 9.764e+04
1.033e-01 9.588e+04
1.398e-01 6.531e+04
1.063e-01 8.997e+04
1.004e-01 9.846e+04
1.143e-01 8.201e+04
1.066e-01 9.263e+04
1.049e-01 9.277e+04
1.425e-01 6.531e+04
1.439e-01 6.420e+04
1.010e-01 9.769e+04
1.030e-01 9.335e+04
1.018e-01 9.605e+04
9.966e-02 9.845e+04
1.022e-01 9.484e+04
1.019e-01 9.609e+04
1.401e-01 6.609e+04
1.009e-01 9.724e+04
9.837e-02 1.000e+05
1.423e-01 6.529e+04
1.178e-01 7.894e+04
1.002e-01 9.822e+04
1.047e-01 9.305e+04
1.052e-01 9.151e+04
9.852e-02 9.953e+04
1.036e-01 9.338e+04
1.328e-01 6.895e+04
1.388e-01 6.770e+04
1.021e-01 9.539e+04
1.420e-01 6.307e+04
9.819e-02 1.007e+05
1.043e-01 9.394e+04
1.033e-01 9.424e+04
1.019e-01 9.601e+04
1.403e-01 6.702e+04
1.062e-01 9.109e+04
1.011e-01 9.628e+04
1.357e-01 6.767e+04
1.002e-01 9.736e+04
1.374e-01 6.926e+04
1.028e-01 9.475e+04
1.070e-01 8.931e+04
1.183e-01 7.964e+04
1.057e-01 9.196e+04
1.409e-01 6.406e+04
1.022e-01 9.619e+04
1.044e-01 9.416e+04
1.034e-01 9.399e+04
1.002e-01 9.753e+04
1.033e-01 9.405e+04
1.003e-01 9.787e+04
1.087e-01 8.790e+04
1.041e-01 9.396e+04
1.481e-01 6.316e+04
1.129e-01 8.470e+04
1.021e-01 9.673e+04
1.007e-01 9.735e+04
1.039e-01 9.390e+04
1.044e-01 9.284e+04
1.067e-01 8.981e+04
1.072e-01 8.965e+04
1.391e-01 6.619e+04
1.246e-01 7.553e+04
9.925e-02 9.822e+04
1.016e-01 9.565e+04
1.037e-01 9.446e+04
1.047e-01 9.330e+04
1.038e-01 9.323e+04
1.039e-01 9.331e+04
1.020e-01 9.617e+04
1.006e-01 9.787e+04
9.812e-02 1.009e+05
1.038e-01 9.409e+04
1.071e-01 9.082e+04
1.000e-01 9.889e+04
1.014e-01 9.607e+04
1.047e-01 9.413e+04
1.014e-01 9.605e+04
1.085e-01 8.770e+04
1.025e-01 9.533e+04
1.027e-01 9.571e+04
1.157e-01 8.209e+04
1.040e-01 9.308e+04
1.011e-01 9.653e+04
1.012e-01 9.595e+04
1.022e-01 9.660e+04
1.035e-01 9.487e+04
1.026e-01 9.566e+04
1.006e-01 9.794e+04
1.426e-01 6.523e+04
1.028e-01 9.551e+04
1.017e-01 9.655e+04
1.005e-01 9.836e+04
1.195e-01 7.776e+04
1.015e-01 9.597e+04
1.038e-01 9.396e+04
1.049e-01 9.209e+04
1.432e-01 6.648e+04
1.237e-01 7.514e+04
1.155e-01 8.395e+04
1.061e-01 9.218e+04
1.026e-01 9.545e+04
1.084e-01 8.942e+04
1.070e-01 9.199e+04
1.381e-01 6.752e+04
1.027e-01 9.459e+04
1.053e-01 9.275e+04
1.057e-01 9.094e+04
1.042e-01 9.435e+04
1.069e-01 9.078e+04
1.045e-01 9.269e+04
1.411e-01 6.696e+04
1.043e-01 9.227e+04
9.960e-02 9.884e+04
1.006e-01 9.797e+04
1.183e-01 7.923e+04
1.041e-01 9.279e+04
1.020e-01 9.593e+04
1.052e-01 9.197e+04
1.121e-01 8.603e+04
1.006e-01 9.791e+04
1.061e-01 9.148e+04
1.087e-01 8.999e+04
1.039e-01 9.308e+04
1.015e-01 9.682e+04
1.263e-01 7.460e+04
1.013e-01 9.568e+04
1.038e-01 9.414e+04
1.366e-01 6.964e+04
1.017e-01 9.662e+04
1.004e-01 9.798e+04
1.041e-01 9.208e+04
1.286e-01 7.437e+04
1.051e-01 9.221e+04
1.448e-01 6.392e+04
1.028e-01 9.449e+04
1.024e-01 9.457e+04
1.033e-01 9.446e+04
1.024e-01 9.562e+04
1.019e-01 9.560e+04
1.009e-01 9.700e+04
1.014e-01 9.609e+04
1.019e-01 9.556e+04
1.061e-01 9.205e+04
1.058e-01 9.221e+04
1.024e-01 9.554e+04
1.033e-01 9.492e+04
1.004e-01 9.759e+04
1.040e-01 9.283e+04
1.018e-01 9.588e+04
1.069e-01 9.211e+04
1.012e-01 9.563e+04
1.165e-01 8.328e+04
1.027e-01 9.594e+04
1.168e-01 8.259e+04
9.957e-02 9.934e+04
1.053e-01 9.295e+04
1.076e-01 8.922e+04
1.253e-01 7.487e+04
9.933e-02 9.921e+04
1.530e-01 6.220e+04
1.066e-01 9.138e+04
1.163e-01 8.168e+04
1.016e-01 9.703e+04
1.145e-01 8.262e+04
1.235e-01 7.576e+04
1.035e-01 9.546e+04
1.018e-01 9.547e+04
1.422e-01 6.735e+04
1.023e-01 9.581e+04
1.421e-01 6.561e+04
1.060e-01 9.040e+04
1.331e-01 7.005e+04
1.428e-01 6.380e+04
1.166e-01 8.200e+04
1.041e-01 9.372e+04
1.360e-01 6.773e+04
1.422e-01 6.395e+04
1.036e-01 9.322e+04
1.353e-01 6.744e+04
1.019e-01 9.570e+04
1.032e-01 9.443e+04
1.018e-01 9.533e+04
1.031e-01 9.498e+04
1.068e-01 8.965e+04
1.026e-01 9.502e+04
1.009e-01 9.694e+04
1.063e-01 9.074e+04
1.469e-01 6.511e+04
1.440e-01 6.423e+04
1.055e-01 9.284e+04
9.996e-02 9.769e+04
1.071e-01 9.096e+04
1.022e-01 9.590e+04
1.022e-01 9.516e+04
1.009e-01 9.812e+04
1.041e-01 9.400e+04
1.061e-01 9.203e+04
1.183e-01 7.977e+04
1.028e-01 9.407e+04
1.090e-01 8.829e+04
1.057e-01 9.199e+04
1.045e-01 9.278e+04
1.025e-01 9.509e+04
1.119e-01 8.643e+04
1.045e-01 9.345e+04
1.402e-01 6.854e+04
1.021e-01 9.485e+04
1.059e-01 9.213e+04
1.027e-01 9.503e+04
1.230e-01 7.681e+04
1.037e-01 9.330e+04
1.338e-01 6.769e+04
1.003e-01 9.774e+04
1.048e-01 9.318e+04
1.032e-01 9.534e+04
1.044e-01 9.424e+04
1.030e-01 9.503e+04
1.037e-01 9.449e+04
1.011e-01 9.647e+04
9.941e-02 9.791e+04
1.044e-01 9.206e+04
1.465e-01 6.106e+04
1.391e-01 6.599e+04
1.169e-01 8.283e+04
1.341e-01 6.722e+04
1.007e-01 9.682e+04
1.086e-01 8.847e+04
1.398e-01 6.589e+04
1.029e-01 9.548e+04
1.484e-01 6.233e+04
1.041e-01 9.288e+04
1.005e-01 9.743e+04
1.056e-01 9.189e+04
1.022e-01 9.562e+04
1.029e-01 9.508e+04
1.063e-01 9.156e+04
1.136e-01 8.383e+04
1.043e-01 9.411e+04
1.014e-01 9.562e+04
1.022e-01 9.483e+04
1.297e-01 7.062e+04
1.040e-01 9.352e+04
1.012e-01 9.632e+04
1.024e-01 9.561e+04
9.995e-02 9.926e+04
1.031e-01 9.447e+04
9.946e-02 9.955e+04
1.214e-01 7.934e+04
1.380e-01 6.646e+04
9.884e-02 9.956e+04
1.050e-01 9.414e+04
1.062e-01 9.108e+04
1.166e-01 8.246e+04
1.021e-01 9.547e+04
1.074e-01 9.153e+04
1.468e-01 6.463e+04
1.125e-01 8.428e+04
1.424e-01 6.523e+04
1.009e-01 9.667e+04
1.033e-01 9.417e+04
1.368e-01 6.746e+04
1.065e-01 8.993e+04
1.032e-01 9.413e+04
1.061e-01 9.219e+04
1.009e-01 9.680e+04
1.191e-01 7.893e+04
1.077e-01 8.907e+04
1.040e-01 9.351e+04
1.293e-01 7.201e+04
1.459e-01 6.445e+04
1.025e-01 9.558e+04
1.044e-01 9.442e+04
1.419e-01 6.427e+04
1.006e-01 9.669e+04
9.909e-02 9.824e+04
1.021e-01 9.604e+04
1.013e-01 9.606e+04
1.026e-01 9.526e+04
1.227e-01 7.621e+04
1.058e-01 9.287e+04
1.039e-01 9.406e+04
1.377e-01 6.599e+04
1.049e-01 9.284e+04
1.049e-01 9.328e+04
1.401e-01 6.921e+04
9.956e-02 9.853e+04
1.503e-01 6.119e+04
1.267e-01 7.373e+04
1.104e-01 8.788e+04
1.008e-01 9.728e+04
1.408e-01 6.737e+04
1.037e-01 9.373e+04
1.046e-01 9.413e+04
1.027e-01 9.427e+04
1.039e-01 9.447e+04
1.022e-01 9.562e+04
1.029e-01 9.335e+04
1.033e-01 9.467e+04
1.024e-01 9.486e+04
1.025e-01 9.554e+04
1.451e-01 6.343e+04
1.039e-01 9.169e+04
1.108e-01 8.631e+04
1.025e-01 9.642e+04
1.243e-01 7.809e+04
1.411e-01 6.483e+04
1.438e-01 6.664e+04
1.411e-01 6.285e+04
1.182e-01 8.055e+04
1.011e-01 9.637e+04
1.343e-01 6.715e+04
1.443e-01 6.503e+04
1.001e-01 9.823e+04
1.026e-01 9.426e+04
1.005e-01 9.655e+04
1.450e-01 6.752e+04
1.420e-01 6.507e+04
1.008e-01 9.636e+04
1.032e-01 9.383e+04
1.053e-01 9.165e+04
1.306e-01 7.177e+04
1.571e-01 6.150e+04
1.422e-01 6.683e+04
1.044e-01 9.346e+04
1.021e-01 9.612e+04
1.049e-01 9.208e+04
1.073e-01 9.030e+04
9.886e-02 1.002e+05
1.114e-01 8.713e+04
1.273e-01 7.296e+04
1.028e-01 9.475e+04
1.045e-01 9.203e+04
1.003e-01 9.766e+04
1.441e-01 6.449e+04
1.274e-01 7.366e+04
1.030e-01 9.495e+04
1.003e-01 9.842e+04
1.045e-01 9.307e+04
1.067e-01 9.146e+04
1.028e-01 9.367e+04
1.000e-01 9.754e+04
1.033e-01 9.410e+04
1.044e-01 9.397e+04
1.038e-01 9.213e+04
1.443e-01 6.272e+04
1.332e-01 7.081e+04
1.013e-01 9.602e+04
1.011e-01 9.708e+04
1.181e-01 8.010e+04
1.003e-01 9.892e+04
1.171e-01 8.094e+04
1.353e-01 6.999e+04
1.444e-01 6.430e+04
1.448e-01 6.479e+04
9.990e-02 9.818e+04
1.039e-01 9.419e+04
1.016e-01 9.628e+04
1.414e-01 6.668e+04
1.039e-01 9.242e+04
1.048e-01 9.428e+04
1.043e-01 9.292e+04
1.022e-01 9.571e+04
1.157e-01 8.112e+04
1.391e-01 6.423e+04
1.330e-01 6.981e+04
1.239e-01 7.571e+04
1.326e-01 7.025e+04
1.410e-01 6.343e+04
1.033e-01 9.488e+04
1.162e-01 8.153e+04
1.052e-01 9.219e+04
1.439e-01 6.522e+04
1.224e-01 7.798e+04
1.381e-01 6.677e+04
1.023e-01 9.539e+04
1.035e-01 9.287e+04
1.034e-01 9.379e+04
1.009e-01 9.664e+04
1.015e-01 9.713e+04
1.060e-01 9.172e+04
1.034e-01 9.369e+04
1.054e-01 9.193e+04
1.016e-01 9.449e+04
1.037e-01 9.374e+04
1.016e-01 9.693e+04
1.058e-01 8.984e+04
1.070e-01 9.068e+04
1.024e-01 9.451e+04
1.035e-01 9.480e+04
1.179e-01 8.089e+04
1.291e-01 7.081e+04
1.475e-01 6.423e+04
1.117e-01 8.561e+04
1.166e-01 8.072e+04
9.953e-02 9.903e+04
1.027e-01 9.383e+04
1.012e-01 9.656e+04
1.025e-01 9.483e+04
1.045e-01 9.157e+04
1.026e-01 9.405e+04
1.016e-01 9.700e+04
1.006e-01 9.787e+04
1.052e-01 9.304e+04
1.047e-01 9.301e+04
9.881e-02 9.967e+04
1.036e-01 9.350e+04
1.243e-01 7.501e+04
1.071e-01 8.949e+04
1.011e-01 9.666e+04
1.053e-01 9.280e+04
1.272e-01 7.306e+04
1.005e-01 9.861e+04
1.029e-01 9.574e+04
1.070e-01 9.102e+04
1.026e-01 9.616e+04
1.411e-01 6.699e+04
1.021e-01 9.561e+04
1.408e-01 6.630e+04
1.066e-01 9.077e+04
1.039e-01 9.271e+04
1.074e-01 9.085e+04
9.989e-02 9.907e+04
1.359e-01 6.663e+04
1.407e-01 6.489e+04
1.326e-01 6.815e+04
1.243e-01 7.626e+04
9.908e-02 9.910e+04
1.380e-01 6.628e+04
1.030e-01 9.576e+04
1.037e-01 9.352e+04
1.001e-01 9.838e+04
1.034e-01 9.366e+04
1.061e-01 9.238e+04
1.100e-01 8.665e+04
1.460e-01 6.413e+04
1.034e-01 9.429e+04
1.011e-01 9.621e+04
1.332e-01 7.202e+04
1.005e-01 9.835e+04
1.013e-01 9.545e+04
1.002e-01 9.821e+04
1.130e-01 8.273e+04
1.032e-01 9.312e+04
9.886e-02 9.890e+04
1.051e-01 9.230e+04
1.230e-01 7.620e+04
1.453e-01 6.262e+04
1.029e-01 9.451e+04
1.138e-01 8.355e+04
1.101e-01 8.732e+04
1.017e-01 9.672e+04
1.068e-01 8.963e+04
1.372e-01 6.783e+04
1.350e-01 6.768e+04
1.040e-01 9.365e+04
1.378e-01 6.894e+04
1.364e-01 6.611e+04
1.439e-01 6.634e+04
9.966e-02 9.790e+04
1.031e-01 9.591e+04
1.032e-01 9.562e+04
1.387e-01 6.719e+04
1.414e-01 6.688e+04
1.002e-01 9.842e+04
1.048e-01 9.166e+04
1.070e-01 9.076e+04
1.076e-01 8.964e+04
1.037e-01 9.473e+04
1.063e-01 9.166e+04
1.072e-01 9.033e+04
1.367e-01 6.903e+04
1.043e-01 9.334e+04
1.476e-01 6.531e+04
1.389e-01 6.625e+04
1.088e-01 8.840e+04
1.060e-01 9.191e+04
1.402e-01 6.741e+04
1.272e-01 7.469e+04
1.052e-01 9.221e+04
1.388e-01 6.566e+04
1.060e-01 9.222e+04
1.167e-01 8.284e+04
1.042e-01 9.461e+04
1.171e-01 8.156e+04
1.152e-01 8.248e+04
1.019e-01 9.563e+04
1.077e-01 8.997e+04
1.022e-01 9.604e+04
1.012e-01 9.799e+04
1.303e-01 7.119e+04
1.103e-01 8.873e+04
1.031e-01 9.409e+04
9.930e-02 9.929e+04
1.311e-01 6.935e+04
1.037e-01 9.454e+04
1.033e-01 9.420e+04
1.383e-01 6.687e+04
1.016e-01 9.683e+04
1.016e-01 9.595e+04
1.058e-01 9.260e+04
1.021e-01 9.668e+04
1.022e-01 9.558e+04
1.008e-01 9.708e+04
1.468e-01 6.547e+04
1.007e-01 9.827e+04
1.000e-01 9.744e+04
1.044e-01 9.349e+04
1.017e-01 9.645e+04
1.417e-01 6.537e+04
1.030e-01 9.517e+04
1.026e-01 9.513e+04
1.016e-01 9.582e+04
1.059e-01 9.239e+04
1.020e-01 9.552e+04
1.049e-01 9.268e+04
1.446e-01 6.401e+04
1.046e-01 9.279e+04
1.075e-01 8.926e+04
1.039e-01 9.339e+04
1.080e-01 9.059e+04
1.024e-01 9.622e+04
1.413e-01 6.460e+04
1.176e-01 7.925e+04
1.080e-01 9.027e+04
1.031e-01 9.517e+04
1.014e-01 9.687e+04
1.038e-01 9.429e+04
1.180e-01 7.994e+04
1.035e-01 9.393e+04
1.017e-01 9.663e+04
1.030e-01 9.490e+04
1.016e-01 9.587e+04
1.050e-01 9.343e+04
1.046e-01 9.405e+04
1.328e-01 7.006e+04
1.019e-01 9.439e+04
1.147e-01 8.263e+04
1.046e-01 9.348e+04
1.292e-01 7.386e+04
9.878e-02 9.960e+04
1.037e-01 9.477e+04
1.093e-01 8.817e+04
1.300e-01 7.100e+04
1.033e-01 9.411e+04
1.007e-01 9.687e+04
1.026e-01 9.512e+04
1.036e-01 9.411e+04
9.929e-02 9.896e+04
9.954e-02 9.945e+04
1.005e-01 9.676e+04
1.219e-01 7.599e+04
1.045e-01 9.166e+04
1.117e-01 8.789e+04
1.041e-01 9.421e+04
1.011e-01 9.747e+04
1.041e-01 9.379e+04
1.089e-01 8.937e+04
1.366e-01 6.622e+04
1.320e-01 7.077e+04
1.007e-01 9.634e+04
1.061e-01 9.101e+04
1.031e-01 9.496e+04
1.022e-01 9.688e+04
1.034e-01 9.424e+04
9.876e-02 9.922e+04
1.094e-01 8.715e+04
1.023e-01 9.618e+04
1.009e-01 9.761e+04
1.025e-01 9.476e+04
1.420e-01 6.322e+04
1.054e-01 9.226e+04
1.028e-01 9.533e+04
1.081e-01 8.950e+04
1.021e-01 9.519e+04
9.957e-02 9.835e+04
1.026e-01 9.410e+04
9.941e-02 9.932e+04
1.348e-01 6.870e+04
1.005e-01 9.660e+04
1.388e-01 6.530e+04
1.030e-01 9.417e+04
1.494e-01 6.364e+04
1.040e-01 9.280e+04
1.046e-01 9.287e+04
1.444e-01 6.444e+04
1.072e-01 8.911e+04
1.043e-01 9.373e+04
1.041e-01 9.494e+04
1.056e-01 9.192e+04
1.039e-01 9.409e+04
1.021e-01 9.582e+04
1.002e-01 9.779e+04
1.106e-01 8.663e+04
1.135e-01 8.480e+04
1.017e-01 9.532e+04
1.050e-01 9.204e+04
1.370e-01 6.651e+04
1.074e-01 9.031e+04
1.186e-01 7.945e+04
1.423e-01 6.483e+04
1.029e-01 9.488e+04
1.249e-01 7.386e+04
9.905e-02 9.925e+04
1.064e-01 8.977e+04
1.031e-01 9.503e+04
1.017e-01 9.681e+04
1.227e-01 7.777e+04
1.064e-01 9.139e+04
1.176e-01 8.179e+04
1.031e-01 9.383e+04
1.501e-01 6.154e+04
1.428e-01 6.374e+04
9.967e-02 9.865e+04
1.024e-01 9.433e+04
1.020e-01 9.637e+04
1.090e-01 9.024e+04
1.061e-01 9.142e+04
1.028e-01 9.467e+04
1.043e-01 9.288e+04
1.055e-01 9.254e+04
1.039e-01 9.491e+04
1.055e-01 9.240e+04
1.010e-01 9.654e+04
1.368e-01 7.018e+04
1.027e-01 9.527e+04
1.007e-01 9.724e+04
1.488e-01 6.245e+04
1.036e-01 9.451e+04
1.120e-01 8.529e+04
1.046e-01 9.275e+04
1.094e-01 8.909e+04
1.013e-01 9.677e+04
1.020e-01 9.462e+04
1.066e-01 9.262e+04
1.090e-01 8.932e+04
9.805e-02 1.004e+05
1.422e-01 6.531e+04
1.179e-01 8.220e+04
1.053e-01 9.168e+04
1.017e-01 9.600e+04
1.043e-01 9.257e+04
1.057e-01 9.096e+04
1.005e-01 9.711e+04
1.024e-01 9.529e+04
1.061e-01 9.129e+04
1.052e-01 9.353e+04
1.020e-01 9.506e+04
1.020e-01 9.615e+04
1.398e-01 6.497e+04
1.040e-01 9.281e+04
1.012e-01 9.657e+04
1.037e-01 9.424e+04
1.402e-01 6.533e+04
1.016e-01 9.539e+04
1.149e-01 8.275e+04
1.040e-01 9.511e+04
1.019e-01 9.577e+04
1.012e-01 9.514e+04
1.032e-01 9.471e+04
1.017e-01 9.558e+04
1.273e-01 7.112e+04
1.122e-01 8.722e+04
1.027e-01 9.510e+04
1.439e-01 6.673e+04
1.011e-01 9.687e+04
1.136e-01 8.508e+04
9.991e-02 9.772e+04
1.020e-01 9.601e+04
1.340e-01 6.736e+04
1.028e-01 9.488e+04
1.023e-01 9.484e+04
1.036e-01 9.415e+04
1.040e-01 9.232e+04
1.037e-01 9.422e+04
1.003e-01 9.811e+04
1.096e-01 8.928e+04
1.066e-01 9.073e+04
1.414e-01 6.471e+04
1.021e-01 9.514e+04
1.033e-01 9.387e+04
1.416e-01 6.609e+04
1.038e-01 9.244e+04
1.040e-01 9.311e+04
1.049e-01 9.321e+04
1.171e-01 7.988e+04
1.033e-01 9.482e+04
1.006e-01 9.692e+04
1.310e-01 6.944e+04
1.382e-01 6.927e+04
1.436e-01 6.432e+04
1.029e-01 9.476e+04
1.143e-01 8.152e+04
1.057e-01 9.159e+04
1.014e-01 9.655e+04
1.022e-01 9.489e+04
1.328e-01 7.163e+04
1.027e-01 9.480e+04
1.011e-01 9.811e+04
1.100e-01 8.862e+04
1.189e-01 7.929e+04
1.051e-01 9.216e+04
1.423e-01 6.383e+04
1.024e-01 9.547e+04
1.015e-01 9.689e+04
1.317e-01 6.998e+04
1.006e-01 9.773e+04
1.129e-01 8.558e+04
1.040e-01 9.410e+04
1.085e-01 8.919e+04
1.033e-01 9.465e+04
1.000e-01 9.754e+04
1.049e-01 9.264e+04
1.145e-01 8.522e+04
1.129e-01 8.534e+04
1.043e-01 9.356e+04
1.047e-01 9.363e+04
1.073e-01 8.997e+04
1.054e-01 9.158e+04
1.368e-01 6.689e+04
1.034e-01 9.536e+04
1.006e-01 9.839e+04
1.330e-01 6.795e+04
1.451e-01 6.281e+04
1.023e-01 9.711e+04
1.033e-01 9.393e+04
1.017e-01 9.654e+04
1.002e-01 9.840e+04
1.037e-01 9.365e+04
1.369e-01 6.539e+04
1.043e-01 9.297e+04
1.053e-01 9.320e+04
1.118e-01 8.634e+04
1.025e-01 9.628e+04
1.229e-01 7.711e+04
1.421e-01 6.503e+04
1.048e-01 9.154e+04
1.351e-01 6.971e+04
1.008e-01 9.699e+04
1.026e-01 9.596e+04
1.062e-01 9.180e+04
1.437e-01 6.686e+04
1.080e-01 8.699e+04
1.001e-01 9.811e+04
1.053e-01 9.122e+04
1.072e-01 8.954e+04
1.054e-01 9.129e+04
1.037e-01 9.336e+04
1.101e-01 8.717e+04
1.064e-01 9.142e+04
1.040e-01 9.380e+04
1.039e-01 9.462e+04
1.074e-01 8.848e+04
1.031e-01 9.310e+04
1.059e-01 9.189e+04
1.407e-01 6.635e+04
1.003e-01 9.888e+04
1.103e-01 8.697e+04
1.374e-01 6.711e+04
1.041e-01 9.385e+04
1.263e-01 7.534e+04
1.008e-01 9.629e+04
1.423e-01 6.590e+04
1.008e-01 9.765e+04
1.023e-01 9.592e+04
1.038e-01 9.275e+04
1.006e-01 9.744e+04
1.400e-01 6.558e+04
1.028e-01 9.573e+04
9.936e-02 9.857e+04
1.027e-01 9.489e+04
1.334e-01 6.787e+04
1.014e-01 9.608e+04
1.388e-01 6.708e+04
1.053e-01 9.001e+04
1.100e-01 8.947e+04
1.042e-01 9.264e+04
1.048e-01 9.311e+04
1.071e-01 8.988e+04
1.045e-01 9.271e+04
1.057e-01 9.201e+04
1.031e-01 9.439e+04
1.402e-01 6.307e+04
1.071e-01 9.112e+04
1.066e-01 9.197e+04
1.497e-01 6.344e+04
1.242e-01 7.683e+04
1.025e-01 9.624e+04
1.043e-01 9.335e+04
1.022e-01 9.459e+04
1.451e-01 6.689e+04
1.045e-01 9.303e+04
1.034e-01 9.363e+04
1.444e-01 6.425e+04
1.013e-01 9.534e+04
1.042e-01 9.146e+04
1.380e-01 6.709e+04
1.040e-01 9.189e+04
1.112e-01 8.654e+04
1.026e-01 9.527e+04
1.445e-01 6.471e+04
1.407e-01 6.555e+04
9.878e-02 9.977e+04
1.436e-01 6.429e+04
1.428e-01 6.375e+04
1.009e-01 9.762e+04
1.502e-01 6.376e+04
1.178e-01 8.186e+04
1.078e-01 8.968e+04
1.021e-01 9.691e+04
1.015e-01 9.704e+04
1.053e-01 9.126e+04
1.439e-01 6.364e+04
1.503e-01 6.414e+04
1.474e-01 6.515e+04
1.265e-01 7.175e+04
1.004e-01 9.779e+04
1.052e-01 9.054e+04
1.089e-01 8.646e+04
9.991e-02 9.825e+04
1.033e-01 9.521e+04
1.032e-01 9.269e+04
1.019e-01 9.653e+04
1.019e-01 9.595e+04
1.040e-01 9.418e+04
1.393e-01 6.897e+04
1.110e-01 8.693e+04
1.028e-01 9.473e+04
1.032e-01 9.410e+04
1.038e-01 9.431e+04
1.029e-01 9.598e+04
1.351e-01 6.951e+04
1.240e-01 7.449e+04
1.461e-01 6.561e+04
1.036e-01 9.529e+04
1.039e-01 9.482e+04
1.037e-01 9.435e+04
1.025e-01 9.526e+04
1.435e-01 6.426e+04
1.459e-01 6.322e+04
1.082e-01 8.899e+04
1.058e-01 9.175e+04
1.056e-01 9.230e+04
1.057e-01 8.959e+04
1.030e-01 9.446e+04
1.366e-01 6.647e+04
1.020e-01 9.709e+04
1.041e-01 9.298e+04
1.058e-01 9.182e+04
1.043e-01 9.428e+04
1.041e-01 9.379e+04
1.002e-01 9.746e+04
1.045e-01 9.311e+04
1.058e-01 9.241e+04
1.074e-01 9.055e+04
9.922e-02 9.923e+04
1.045e-01 9.235e+04
1.092e-01 8.836e+04
1.010e-01 9.678e+04
1.406e-01 6.725e+04
1.312e-01 7.025e+04
1.380e-01 6.684e+04
1.388e-01 6.537e+04
1.101e-01 8.530e+04
1.417e-01 6.542e+04
1.057e-01 9.023e+04
1.036e-01 9.382e+04
1.032e-01 9.503e+04
1.038e-01 9.359e+04
1.011e-01 9.605e+04
1.052e-01 9.164e+04
1.415e-01 6.541e+04
1.017e-01 9.759e+04
1.435e-01 6.604e+04
1.019e-01 9.425e+04
1.029e-01 9.454e+04
1.475e-01 6.339e+04
1.022e-01 9.486e+04
1.003e-01 9.753e+04
1.039e-01 9.392e+04
1.336e-01 6.935e+04
1.204e-01 7.877e+04
1.319e-01 7.159e+04
1.008e-01 9.576e+04
1.092e-01 8.780e+04
1.455e-01 6.386e+04
1.067e-01 8.887e+04
1.040e-01 9.363e+04
1.022e-01 9.529e+04
1.064e-01 9.149e+04
1.025e-01 9.466e+04
1.039e-01 9.449e+04
1.094e-01 8.889e+04
1.390e-01 6.726e+04
1.041e-01 9.325e+04
1.040e-01 9.388e+04
9.929e-02 9.868e+04
1.490e-01 6.403e+04
1.054e-01 9.182e+04
1.018e-01 9.573e+04
1.393e-01 6.637e+04
1.087e-01 8.933e+04
1.065e-01 9.131e+04
1.384e-01 6.875e+04
1.072e-01 9.061e+04
1.018e-01 9.633e+04
1.038e-01 9.264e+04
1.060e-01 9.137e+04
1.049e-01 9.279e+04
1.083e-01 8.770e+04
1.338e-01 6.870e+04
1.409e-01 6.647e+04
1.057e-01 9.180e+04
1.039e-01 9.290e+04
1.068e-01 9.053e+04
1.029e-01 9.436e+04
1.414e-01 6.504e+04
1.030e-01 9.449e+04
1.042e-01 9.303e+04
1.031e-01 9.463e+04
1.015e-01 9.656e+04
1.018e-01 9.613e+04
1.537e-01 6.374e+04
1.009e-01 9.699e+04
1.104e-01 8.664e+04
1.317e-01 7.242e+04
1.025e-01 9.614e+04
1.036e-01 9.329e+04
1.057e-01 9.057e+04
1.050e-01 9.314e+04
1.021e-01 9.668e+04
1.078e-01 8.918e+04
1.160e-01 8.125e+04
1.020e-01 9.522e+04
1.359e-01 6.771e+04
1.019e-01 9.572e+04
1.049e-01 9.270e+04
1.045e-01 9.346e+04
1.454e-01 6.422e+04
1.250e-01 7.511e+04
1.002e-01 9.730e+04
1.152e-01 8.256e+04
1.325e-01 6.727e+04
1.061e-01 9.232e+04
1.032e-01 9.282e+04
1.388e-01 6.742e+04
1.046e-01 9.241e+04
1.075e-01 8.865e+04
1.411e-01 6.584e+04
1.035e-01 9.425e+04
1.039e-01 9.315e+04
1.045e-01 9.170e+04
1.015e-01 9.650e+04
1.067e-01 9.071e+04
1.018e-01 9.540e+04
1.046e-01 9.244e+04
1.033e-01 9.481e+04
1.009e-01 9.569e+04
1.104e-01 8.578e+04
1.039e-01 9.451e+04
1.012e-01 9.718e+04
1.046e-01 9.296e+04
1.010e-01 9.592e+04
1.051e-01 9.273e+04
1.048e-01 9.171e+04
1.026e-01 9.532e+04
1.072e-01 9.031e+04
1.489e-01 6.193e+04
1.420e-01 6.495e+04
1.059e-01 9.264e+04
1.030e-01 9.468e+04
1.194e-01 7.823e+04
1.050e-01 9.232e+04
1.447e-01 6.403e+04
1.117e-01 8.765e+04
1.047e-01 9.276e+04
1.082e-01 8.962e+04
1.030e-01 9.396e+04
1.071e-01 8.981e+04
1.003e-01 9.683e+04
1.018e-01 9.673e+04
1.022e-01 9.524e+04
1.016e-01 9.587e+04
1.120e-01 8.572e+04
1.031e-01 9.464e+04
1.427e-01 6.546e+04
1.035e-01 9.206e+04
1.036e-01 9.384e+04
1.011e-01 9.614e+04
1.022e-01 9.607e+04
1.396e-01 6.662e+04
1.039e-01 9.316e+04
1.073e-01 9.011e+04
1.087e-01 8.870e+04
1.022e-01 9.565e+04
1.023e-01 9.520e+04
1.024e-01 9.598e+04
1.023e-01 9.607e+04
1.350e-01 6.869e+04
1.039e-01 9.324e+04
1.046e-01 9.345e+04
1.033e-01 9.393e+04
1.055e-01 9.141e+04
9.939e-02 9.869e+04
1.051e-01 9.355e+04
1.320e-01 7.160e+04
1.013e-01 9.550e+04
1.370e-01 6.862e+04
1.014e-01 9.725e+04
1.344e-01 6.819e+04
9.842e-02 9.990e+04
1.016e-01 9.643e+04
1.041e-01 9.258e+04
1.096e-01 8.810e+04
1.433e-01 6.424e+04
1.017e-01 9.513e+04
1.059e-01 9.099e+04
1.033e-01 9.375e+04
1.027e-01 9.629e+04
1.018e-01 9.449e+04
1.037e-01 9.373e+04
1.024e-01 9.587e+04
1.385e-01 6.794e+04
1.087e-01 8.913e+04
1.158e-01 8.213e+04
1.088e-01 8.807e+04
1.064e-01 9.224e+04
1.296e-01 7.215e+04
1.053e-01 9.255e+04
1.092e-01 8.795e+04
1.033e-01 9.445e+04
1.057e-01 9.213e+04
1.359e-01 6.915e+04
1.028e-01 9.559e+04
1.037e-01 9.484e+04
1.020e-01 9.461e+04
1.027e-01 9.421e+04
9.827e-02 1.003e+05
1.040e-01 9.387e+04
1.055e-01 9.242e+04
1.079e-01 9.115e+04
1.009e-01 9.572e+04
1.037e-01 9.467e+04
1.072e-01 9.046e+04
1.039e-01 9.248e+04
1.034e-01 9.287e+04
1.404e-01 6.386e+04
1.076e-01 8.950e+04
1.080e-01 9.055e+04
1.124e-01 8.444e+04
1.101e-01 8.658e+04
9.808e-02 1.005e+05
1.054e-01 9.350e+04
1.354e-01 6.550e+04
1.461e-01 6.389e+04
9.891e-02 9.967e+04
1.041e-01 9.391e+04
1.013e-01 9.579e+04
1.365e-01 6.523e+04
1.270e-01 7.412e+04
1.009e-01 9.638e+04
1.048e-01 9.365e+04
1.089e-01 8.840e+04
1.415e-01 6.704e+04
1.039e-01 9.317e+04
1.037e-01 9.421e+04
1.013e-01 9.778e+04
1.096e-01 8.754e+04
1.028e-01 9.392e+04
1.016e-01 9.668e+04
1.044e-01 9.435e+04
1.408e-01 6.796e+04
1.042e-01 9.311e+04
1.080e-01 9.016e+04
1.029e-01 9.405e+04
1.045e-01 9.437e+04
1.044e-01 9.401e+04
1.090e-01 8.913e+04
1.013e-01 9.711e+04
1.143e-01 8.332e+04
1.005e-01 9.701e+04
1.043e-01 9.286e+04
1.020e-01 9.669e+04
1.008e-01 9.600e+04
1.034e-01 9.464e+04
1.027e-01 9.553e+04
1.029e-01 9.518e+04
9.997e-02 9.847e+04
1.084e-01 8.820e+04
1.371e-01 6.892e+04
1.043e-01 9.433e+04
1.181e-01 7.947e+04
1.044e-01 9.347e+04
1.053e-01 9.206e+04
1.028e-01 9.592e+04
1.019e-01 9.505e+04
1.327e-01 7.010e+04
1.018e-01 9.716e+04
1.165e-01 8.304e+04
1.033e-01 9.500e+04
1.406e-01 6.728e+04
1.089e-01 8.996e+04
1.023e-01 9.582e+04
1.038e-01 9.485e+04
1.055e-01 9.143e+04
1.404e-01 6.418e+04
1.028e-01 9.416e+04
1.014e-01 9.657e+04
1.430e-01 6.560e+04
1.049e-01 9.434e+04
1.053e-01 9.224e+04
1.048e-01 9.169e+04
1.020e-01 9.562e+04
1.058e-01 9.235e+04
1.038e-01 9.256e+04
1.072e-01 8.978e+04
1.034e-01 9.422e+04
1.386e-01 6.737e+04
1.021e-01 9.678e+04
1.015e-01 9.570e+04
1.118e-01 8.735e+04
1.076e-01 8.961e+04
1.030e-01 9.450e+04
1.034e-01 9.464e+04
1.409e-01 6.643e+04
1.424e-01 6.349e+04
1.127e-01 8.447e+04
1.072e-01 9.145e+04
1.036e-01 9.349e+04
1.355e-01 6.627e+04
1.403e-01 6.873e+04
1.047e-01 9.280e+04
1.016e-01 9.617e+04
1.143e-01 8.325e+04
1.013e-01 9.737e+04
1.071e-01 9.078e+04
1.114e-01 8.788e+04
9.918e-02 9.837e+04
1.007e-01 9.619e+04
1.363e-01 6.996e+04
1.441e-01 6.331e+04
1.022e-01 9.618e+04
1.048e-01 9.159e+04
1.038e-01 9.260e+04
1.020e-01 9.574e+04
1.051e-01 9.217e+04
1.258e-01 7.597e+04
1.009e-01 9.667e+04
1.472e-01 6.390e+04
1.009e-01 9.622e+04
1.472e-01 6.350e+04
1.060e-01 9.097e+04
1.020e-01 9.529e+04
9.962e-02 9.876e+04
1.045e-01 9.257e+04
1.019e-01 9.562e+04
1.032e-01 9.370e+04
1.042e-01 9.302e+04
1.434e-01 6.534e+04
1.407e-01 6.702e+04
1.021e-01 9.701e+04
1.438e-01 6.542e+04
1.057e-01 9.171e+04
1.031e-01 9.444e+04
1.149e-01 8.296e+04
1.050e-01 9.102e+04
1.027e-01 9.535e+04
1.032e-01 9.434e+04
1.497e-01 6.256e+04
1.020e-01 9.643e+04
1.480e-01 6.404e+04
1.499e-01 6.243e+04
1.279e-01 7.312e+04
1.096e-01 8.651e+04
1.009e-01 9.678e+04
1.039e-01 9.435e+04
1.069e-01 9.071e+04
1.073e-01 8.938e+04
1.030e-01 9.463e+04
1.005e-01 9.765e+04
1.024e-01 9.440e+04
1.024e-01 9.586e+04
1.028e-01 9.575e+04
1.056e-01 9.102e+04
1.031e-01 9.445e+04
1.052e-01 9.036e+04
1.016e-01 9.601e+04
1.028e-01 9.575e+04
1.040e-01 9.328e+04
1.158e-01 8.049e+04
1.010e-01 9.700e+04
1.392e-01 6.485e+04
1.023e-01 9.484e+04
1.026e-01 9.459e+04
1.015e-01 9.612e+04
1.041e-01 9.397e+04
1.108e-01 8.909e+04
1.390e-01 6.776e+04
1.062e-01 9.125e+04
1.073e-01 8.924e+04
1.015e-01 9.630e+04
1.001e-01 9.713e+04
1.093e-01 8.811e+04
1.081e-01 9.116e+04
1.012e-01 9.728e+04
1.075e-01 8.877e+04
1.015e-01 9.509e+04
1.409e-01 6.524e+04
1.015e-01 9.625e+04
1.525e-01 6.001e+04
9.928e-02 9.812e+04
1.058e-01 9.188e+04
1.049e-01 9.293e+04
1.458e-01 6.548e+04
1.099e-01 8.618e+04
1.009e-01 9.720e+04
1.345e-01 6.973e+04
1.048e-01 9.189e+04
1.181e-01 7.992e+04
1.038e-01 9.392e+04
1.361e-01 6.846e+04
1.004e-01 9.687e+04
1.047e-01 9.339e+04
9.872e-02 9.880e+04
1.392e-01 6.635e+04
1.022e-01 9.539e+04
9.870e-02 9.931e+04
1.003e-01 9.786e+04
1.012e-01 9.697e+04
1.347e-01 7.048e+04
1.017e-01 9.607e+04
1.058e-01 9.184e+04
1.025e-01 9.411e+04
1.423e-01 6.614e+04
1.081e-01 8.955e+04
1.026e-01 9.495e+04
1.008e-01 9.748e+04
9.968e-02 9.747e+04
1.027e-01 9.452e+04
1.029e-01 9.449e+04
1.063e-01 9.164e+04
1.051e-01 9.219e+04
1.040e-01 9.386e+04
1.020e-01 9.481e+04
1.027e-01 9.653e+04
1.043e-01 9.163e+04
1.016e-01 9.554e+04
1.029e-01 9.579e+04
1.016e-01 9.673e+04
1.154e-01 8.213e+04
1.320e-01 7.268e+04
1.052e-01 9.335e+04
1.029e-01 9.361e+04
1.074e-01 8.977e+04
1.039e-01 9.307e+04
1.456e-01 6.414e+04
1.029e-01 9.459e+04
1.319e-01 6.926e+04
1.012e-01 9.725e+04
1.178e-01 8.182e+04
1.071e-01 9.007e+04
1.400e-01 6.607e+04
1.024e-01 9.554e+04
1.061e-01 9.011e+04
1.015e-01 9.733e+04
1.019e-01 9.498e+04
1.183e-01 7.913e+04
1.425e-01 6.548e+04
9.915e-02 9.840e+04
1.400e-01 6.428e+04
1.415e-01 6.825e+04
1.114e-01 8.643e+04
1.395e-01 6.671e+04
1.043e-01 9.476e+04
1.077e-01 8.955e+04
1.007e-01 9.655e+04
1.242e-01 7.718e+04
1.023e-01 9.497e+04
1.333e-01 6.898e+04
1.037e-01 9.341e+04
1.062e-01 9.218e+04
9.991e-02 9.771e+04
1.421e-01 6.503e+04
1.053e-01 9.139e+04
1.046e-01 9.387e+04
1.065e-01 9.229e+04
1.006e-01 9.689e+04
1.014e-01 9.539e+04
1.059e-01 9.246e+04
1.038e-01 9.295e+04
1.021e-01 9.407e+04
1.024e-01 9.408e+04
1.013e-01 9.545e+04
1.033e-01 9.484e+04
1.363e-01 6.713e+04
1.391e-01 6.917e+04
1.019e-01 9.615e+04
1.457e-01 6.429e+04
1.424e-01 6.498e+04
9.855e-02 9.931e+04
1.066e-01 9.015e+04
1.419e-01 6.538e+04
1.088e-01 8.854e+04
1.101e-01 8.686e+04
1.180e-01 8.035e+04
1.353e-01 6.731e+04
1.326e-01 6.955e+04
1.049e-01 9.180e+04
1.318e-01 6.942e+04
1.345e-01 7.086e+04
1.026e-01 9.478e+04
1.035e-01 9.391e+04
1.043e-01 9.388e+04
1.057e-01 9.143e+04
1.139e-01 8.415e+04
1.070e-01 9.098e+04
1.030e-01 9.527e+04
1.031e-01 9.516e+04
1.086e-01 8.988e+04
1.047e-01 9.324e+04
1.019e-01 9.538e+04
1.030e-01 9.460e+04
1.042e-01 9.354e+04
1.011e-01 9.571e+04
1.253e-01 7.418e+04
1.114e-01 8.514e+04
1.011e-01 9.739e+04
1.020e-01 9.698e+04
1.038e-01 9.343e+04
1.055e-01 9.139e+04
1.045e-01 9.338e+04
1.010e-01 9.650e+04
1.116e-01 8.724e+04
1.022e-01 9.519e+04
1.044e-01 9.355e+04
1.025e-01 9.492e+04
1.323e-01 7.224e+04
1.049e-01 9.232e+04
1.072e-01 9.020e+04
1.007e-01 9.693e+04
1.395e-01 6.480e+04
1.070e-01 9.052e+04
1.075e-01 9.033e+04
1.018e-01 9.666e+04
9.899e-02 9.877e+04
1.037e-01 9.291e+04
1.427e-01 6.677e+04
1.044e-01 9.207e+04
1.047e-01 9.412e+04
1.298e-01 7.185e+04
1.225e-01 7.611e+04
1.049e-01 9.194e+04
1.028e-01 9.601e+04
1.178e-01 8.186e+04
1.017e-01 9.528e+04
1.440e-01 6.551e+04
1.249e-01 7.589e+04
1.023e-01 9.682e+04
1.030e-01 9.496e+04
1.060e-01 9.073e+04
1.048e-01 9.207e+04
1.049e-01 9.215e+04
1.037e-01 9.368e+04
1.440e-01 6.432e+04
1.459e-01 6.375e+04
1.020e-01 9.435e+04
1.031e-01 9.434e+04
9.904e-02 9.996e+04
1.044e-01 9.335e+04
1.337e-01 6.782e+04
1.043e-01 9.455e+04
1.023e-01 9.603e+04
1.064e-01 9.087e+04
1.034e-01 9.408e+04
1.079e-01 8.978e+04
1.023e-01 9.611e+04
1.450e-01 6.338e+04
1.400e-01 6.470e+04
1.042e-01 9.366e+04
1.027e-01 9.540e+04
1.104e-01 8.663e+04
1.306e-01 7.181e+04
1.080e-01 8.937e+04
1.357e-01 6.894e+04
1.321e-01 6.955e+04
1.145e-01 8.451e+04
1.324e-01 7.280e+04
1.027e-01 9.475e+04
1.052e-01 9.207e+04
1.022e-01 9.630e+04
1.273e-01 7.190e+04
1.016e-01 9.632e+04
1.356e-01 6.827e+04
1.110e-01 8.673e+04
1.287e-01 7.171e+04
1.041e-01 9.228e+04
1.041e-01 9.340e+04
1.055e-01 9.146e+04
9.951e-02 9.841e+04
1.008e-01 9.718e+04
1.035e-01 9.558e+04
1.374e-01 6.679e+04
1.001e-01 9.850e+04
1.002e-01 9.827e+04
9.951e-02 9.789e+04
1.051e-01 9.157e+04
1.016e-01 9.730e+04
1.012e-01 9.694e+04
1.045e-01 9.197e+04
1.013e-01 9.549e+04
1.441e-01 6.419e+04
1.042e-01 9.312e+04
1.006e-01 9.667e+04
1.015e-01 9.690e+04
1.052e-01 9.182e+04
1.013e-01 9.628e+04
1.031e-01 9.573e+04
1.055e-01 9.197e+04
1.039e-01 9.359e+04
1.353e-01 6.755e+04
1.411e-01 6.571e+04
1.076e-01 8.941e+04
1.028e-01 9.526e+04
1.029e-01 9.598e+04
1.054e-01 9.099e+04
1.002e-01 9.681e+04
1.079e-01 8.987e+04
1.376e-01 6.890e+04
1.065e-01 9.069e+04
1.022e-01 9.597e+04
1.050e-01 9.239e+04
1.128e-01 8.448e+04
1.191e-01 7.747e+04
1.043e-01 9.311e+04
1.306e-01 7.201e+04
1.031e-01 9.460e+04
1.344e-01 6.953e+04
1.464e-01 6.410e+04
1.332e-01 7.121e+04
1.041e-01 9.290e+04
1.018e-01 9.639e+04
1.181e-01 8.227e+04
1.058e-01 9.187e+04
1.054e-01 9.179e+04
1.065e-01 9.044e+04
1.027e-01 9.462e+04
1.033e-01 9.517e+04
1.255e-01 7.513e+04
1.027e-01 9.454e+04
1.049e-01 9.203e+04
1.110e-01 8.681e+04
1.055e-01 9.319e+04
1.045e-01 9.433e+04
1.154e-01 8.087e+04
1.032e-01 9.446e+04
1.092e-01 8.716e+04
1.026e-01 9.525e+04
1.086e-01 8.905e+04
1.407e-01 6.450e+04
9.964e-02 9.803e+04
1.040e-01 9.403e+04
1.061e-01 9.167e+04
1.033e-01 9.384e+04
1.031e-01 9.534e+04
1.048e-01 9.240e+04
1.019e-01 9.644e+04
1.034e-01 9.401e+04
1.013e-01 9.691e+04
1.075e-01 8.948e+04
1.170e-01 8.286e+04
1.399e-01 6.582e+04
1.035e-01 9.427e+04
1.016e-01 9.723e+04
1.032e-01 9.514e+04
1.437e-01 6.348e+04
1.015e-01 9.655e+04
1.034e-01 9.427e+04
1.321e-01 6.899e+04
1.423e-01 6.710e+04
1.037e-01 9.446e+04
1.034e-01 9.467e+04
1.393e-01 6.796e+04
1.063e-01 9.144e+04
1.452e-01 6.445e+04
1.062e-01 9.157e+04
1.042e-01 9.428e+04
1.250e-01 7.530e+04
1.080e-01 8.882e+04
1.072e-01 8.832e+04
9.972e-02 9.784e+04
1.438e-01 6.741e+04
1.008e-01 9.698e+04
1.025e-01 9.420e+04
1.009e-01 9.777e+04
1.023e-01 9.678e+04
1.021e-01 9.559e+04
1.043e-01 9.212e+04
1.465e-01 6.350e+04
1.022e-01 9.669e+04
1.377e-01 6.445e+04
1.042e-01 9.424e+04
1.028e-01 9.464e+04
1.050e-01 9.266e+04
1.018e-01 9.623e+04
1.060e-01 9.300e+04
1.008e-01 9.642e+04
1.022e-01 9.549e+04
1.060e-01 9.116e+04
1.026e-01 9.580e+04
1.362e-01 6.695e+04
1.336e-01 6.947e+04
1.064e-01 9.016e+04
1.031e-01 9.581e+04
1.022e-01 9.570e+04
1.024e-01 9.595e+04
1.403e-01 6.662e+04
1.020e-01 9.642e+04
1.012e-01 9.684e+04
1.081e-01 9.035e+04
1.011e-01 9.604e+04
1.025e-01 9.545e+04
1.125e-01 8.534e+04
1.054e-01 9.227e+04
1.021e-01 9.532e+04
1.358e-01 6.753e+04
1.052e-01 9.077e+04
1.052e-01 9.342e+04
1.037e-01 9.340e+04
1.301e-01 7.268e+04
1.023e-01 9.582e+04
1.009e-01 9.706e+04
1.016e-01 9.690e+04
1.032e-01 9.390e+04
1.389e-01 6.695e+04
1.042e-01 9.337e+04
1.069e-01 9.052e+04
1.143e-01 8.286e+04
1.019e-01 9.536e+04
1.367e-01 6.718e+04
1.004e-01 9.675e+04
1.033e-01 9.289e+04
1.033e-01 9.361e+04
1.004e-01 9.732e+04
1.064e-01 9.119e+04
1.036e-01 9.536e+04
1.342e-01 6.723e+04
1.142e-01 8.197e+04
1.003e-01 9.736e+04
1.025e-01 9.477e+04
1.035e-01 9.315e+04
1.046e-01 9.159e+04
1.335e-01 7.043e+04
1.018e-01 9.631e+04
1.031e-01 9.399e+04
1.050e-01 9.268e+04
1.041e-01 9.456e+04
1.075e-01 9.118e+04
9.973e-02 9.845e+04
1.017e-01 9.663e+04
1.036e-01 9.511e+04
1.063e-01 9.195e+04
1.388e-01 6.741e+04
1.054e-01 9.157e+04
1.107e-01 8.504e+04
1.099e-01 8.897e+04
9.918e-02 9.830e+04
1.001e-01 9.808e+04
1.117e-01 8.587e+04
9.975e-02 9.797e+04
1.324e-01 7.008e+04
1.071e-01 9.094e+04
1.015e-01 9.672e+04
1.403e-01 6.464e+04
1.016e-01 9.623e+04
1.027e-01 9.434e+04
1.031e-01 9.297e+04
1.356e-01 6.999e+04
1.084e-01 8.831e+04
1.030e-01 9.437e+04
1.434e-01 6.506e+04
1.022e-01 9.494e+04
1.313e-01 7.134e+04
1.448e-01 6.363e+04
1.073e-01 9.128e+04
1.015e-01 9.592e+04
9.936e-02 9.801e+04
1.352e-01 6.754e+04
1.063e-01 9.196e+04
1.403e-01 6.434e+04
1.035e-01 9.426e+04
1.077e-01 8.975e+04
1.144e-01 8.488e+04
1.038e-01 9.458e+04
1.174e-01 8.197e+04
1.021e-01 9.557e+04
1.040e-01 9.378e+04
1.036e-01 9.529e+04
1.013e-01 9.644e+04
1.340e-01 6.943e+04
1.012e-01 9.693e+04
9.979e-02 9.800e+04
1.053e-01 9.168e+04
1.068e-01 9.053e+04
1.434e-01 6.660e+04
1.429e-01 6.574e+04
1.115e-01 8.577e+04
1.045e-01 9.150e+04
1.427e-01 6.541e+04
1.031e-01 9.580e+04
1.109e-01 8.532e+04
1.048e-01 9.283e+04
1.024e-01 9.461e+04
9.878e-02 9.883e+04
1.006e-01 9.748e+04
1.399e-01 6.582e+04
1.059e-01 9.158e+04
9.922e-02 9.952e+04
1.002e-01 9.841e+04
1.033e-01 9.457e+04
1.064e-01 9.200e+04
1.256e-01 7.586e+04
1.023e-01 9.557e+04
1.013e-01 9.771e+04
1.008e-01 9.560e+04
1.246e-01 7.541e+04
1.066e-01 9.141e+04
1.369e-01 6.923e+04
1.053e-01 9.178e+04
1.005e-01 9.713e+04
1.025e-01 9.545e+04
1.005e-01 9.751e+04
1.008e-01 9.671e+04
1.021e-01 9.583e+04
1.105e-01 8.778e+04
1.426e-01 6.546e+04
1.043e-01 9.212e+04
1.071e-01 9.036e+04
1.012e-01 9.727e+04
9.925e-02 9.882e+04
1.453e-01 6.226e+04
1.034e-01 9.462e+04
1.039e-01 9.380e+04
1.052e-01 9.380e+04
1.012e-01 9.705e+04
1.126e-01 8.596e+04
1.069e-01 9.136e+04
1.022e-01 9.411e+04
1.027e-01 9.523e+04
1.283e-01 7.568e+04
9.956e-02 9.938e+04
1.144e-01 8.256e+04
1.252e-01 7.552e+04
1.003e-01 9.695e+04
1.099e-01 8.866e+04
9.984e-02 9.906e+04
1.042e-01 9.288e+04
1.089e-01 8.784e+04
1.025e-01 9.407e+04
1.026e-01 9.496e+04
1.002e-01 9.720e+04
1.453e-01 6.292e+04
9.902e-02 9.943e+04
1.009e-01 9.597e+04
1.157e-01 8.159e+04
1.050e-01 9.282e+04
1.090e-01 8.874e+04
1.021e-01 9.570e+04
9.973e-02 9.866e+04
1.031e-01 9.546e+04
1.051e-01 9.266e+04
1.043e-01 9.344e+04
1.432e-01 6.645e+04
9.962e-02 9.805e+04
1.111e-01 8.789e+04
1.078e-01 9.034e+04
1.007e-01 9.795e+04
1.377e-01 6.808e+04
1.015e-01 9.636e+04
1.056e-01 9.108e+04
1.005e-01 9.616e+04
1.027e-01 9.475e+04
1.016e-01 9.747e+04
1.410e-01 6.551e+04
1.009e-01 9.732e+04
1.427e-01 6.753e+04
1.067e-01 9.002e+04
1.046e-01 9.212e+04
1.065e-01 8.895e+04
1.025e-01 9.527e+04
1.049e-01 9.121e+04
1.012e-01 9.565e+04
1.034e-01 9.539e+04
1.013e-01 9.672e+04
1.096e-01 8.679e+04
1.056e-01 9.260e+04
1.053e-01 9.263e+04
1.082e-01 8.744e+04
1.000e-01 9.784e+04
1.061e-01 9.161e+04
1.027e-01 9.455e+04
1.022e-01 9.560e+04
1.010e-01 9.683e+04
1.404e-01 6.748e+04
1.268e-01 7.476e+04
1.437e-01 6.574e+04
1.054e-01 9.184e+04
1.091e-01 8.806e+04
1.348e-01 6.767e+04
1.047e-01 9.241e+04
1.024e-01 9.448e+04
1.054e-01 9.181e+04
1.083e-01 8.975e+04
1.379e-01 6.670e+04
1.015e-01 9.467e+04
1.353e-01 6.647e+04
1.005e-01 9.753e+04
1.003e-01 9.757e+04
1.023e-01 9.556e+04
1.069e-01 9.191e+04
1.012e-01 9.690e+04
1.012e-01 9.683e+04
1.043e-01 9.400e+04
1.026e-01 9.380e+04
9.887e-02 9.949e+04
1.014e-01 9.626e+04
1.058e-01 9.226e+04
9.949e-02 9.910e+04
1.048e-01 9.266e+04
1.405e-01 6.628e+04
1.468e-01 6.291e+04
1.008e-01 9.638e+04
1.043e-01 9.464e+04
9.973e-02 9.883e+04
1.003e-01 9.795e+04
1.120e-01 8.693e+04
9.926e-02 9.782e+04
1.006e-01 9.698e+04
1.022e-01 9.480e+04
1.297e-01 6.861e+04
1.103e-01 8.738e+04
1.423e-01 6.599e+04
1.228e-01 7.759e+04
1.101e-01 8.762e+04
1.249e-01 7.409e+04
9.906e-02 1.000e+05
1.047e-01 9.179e+04
1.512e-01 6.270e+04
1.490e-01 6.293e+04
1.047e-01 9.269e+04
1.149e-01 8.215e+04
1.063e-01 9.060e+04
1.015e-01 9.581e+04
1.056e-01 9.324e+04
1.388e-01 6.827e+04
1.036e-01 9.492e+04
1.016e-01 9.670e+04
1.056e-01 9.200e+04
1.031e-01 9.524e+04
1.023e-01 9.409e+04
1.031e-01 9.490e+04
1.429e-01 6.476e+04
1.367e-01 6.779e+04
1.016e-01 9.591e+04
1.027e-01 9.599e+04
1.055e-01 9.117e+04
1.254e-01 7.451e+04
1.436e-01 6.592e+04
1.466e-01 6.338e+04
1.009e-01 9.800e+04
1.051e-01 9.309e+04
1.469e-01 6.459e+04
1.495e-01 6.312e+04
1.005e-01 9.686e+04
1.436e-01 6.484e+04
1.031e-01 9.344e+04
1.061e-01 9.221e+04
1.116e-01 8.385e+04
1.013e-01 9.676e+04
1.044e-01 9.376e+04
1.027e-01 9.447e+04
1.018e-01 9.601e+04
1.272e-01 7.315e+04
1.307e-01 7.017e+04
1.070e-01 8.999e+04
1.000e-01 9.736e+04
1.064e-01 9.181e+04
1.476e-01 6.327e+04
1.033e-01 9.346e+04
1.089e-01 8.738e+04
1.048e-01 9.309e+04
1.422e-01 6.620e+04
1.473e-01 6.484e+04
1.069e-01 8.994e+04
1.377e-01 6.799e+04
1.038e-01 9.375e+04
1.007e-01 9.793e+04
1.416e-01 6.575e+04
1.028e-01 9.507e+04
1.055e-01 9.293e+04
1.222e-01 7.904e+04
1.010e-01 9.610e+04
1.078e-01 9.078e+04
1.041e-01 9.307e+04
1.030e-01 9.367e+04
1.418e-01 6.233e+04
1.435e-01 6.651e+04
9.928e-02 9.986e+04
1.017e-01 9.716e+04
1.478e-01 6.450e+04
1.056e-01 9.258e+04
1.441e-01 6.760e+04
1.187e-01 7.956e+04
1.021e-01 9.647e+04
1.031e-01 9.424e+04
1.037e-01 9.225e+04
1.452e-01 6.484e+04
1.023e-01 9.553e+04
1.059e-01 9.206e+04
1.030e-01 9.480e+04
1.063e-01 9.090e+04
1.074e-01 8.854e+04
1.058e-01 9.287e+04
1.021e-01 9.505e+04
1.420e-01 6.554e+04
1.004e-01 9.803e+04
1.303e-01 7.018e+04
1.139e-01 8.374e+04
1.130e-01 8.493e+04
1.371e-01 6.822e+04
1.025e-01 9.504e+04
1.469e-01 6.279e+04
1.042e-01 9.436e+04
1.389e-01 6.540e+04
1.008e-01 9.686e+04
1.043e-01 9.376e+04
1.070e-01 9.147e+04
1.083e-01 8.872e+04
1.012e-01 9.783e+04
1.079e-01 8.955e+04
1.020e-01 9.684e+04
1.003e-01 9.779e+04
1.355e-01 6.935e+04
1.400e-01 6.595e+04
1.016e-01 9.642e+04
1.016e-01 9.653e+04
1.032e-01 9.275e+04
1.426e-01 6.503e+04
1.025e-01 9.534e+04
1.053e-01 9.186e+04
1.062e-01 9.081e+04
1.021e-01 9.539e+04
1.497e-01 6.312e+04
1.049e-01 9.211e+04
1.411e-01 6.558e+04
1.021e-01 9.690e+04
1.062e-01 9.197e+04
1.016e-01 9.632e+04
1.047e-01 9.067e+04
1.463e-01 6.384e+04
1.248e-01 7.451e+04
9.996e-02 9.881e+04
1.007e-01 9.736e+04
1.044e-01 9.384e+04
1.427e-01 6.393e+04
1.368e-01 6.754e+04
1.009e-01 9.707e+04
1.042e-01 9.381e+04
1.010e-01 9.702e+04
9.990e-02 9.816e+04
1.005e-01 9.635e+04
1.056e-01 9.300e+04
1.058e-01 9.078e+04
1.235e-01 7.641e+04
1.060e-01 9.120e+04
1.018e-01 9.640e+04
1.128e-01 8.465e+04
1.306e-01 6.757e+04
9.911e-02 9.915e+04
1.082e-01 8.873e+04
1.041e-01 9.241e+04
1.039e-01 9.178e+04
1.053e-01 9.092e+04
1.072e-01 9.104e+04
1.021e-01 9.487e+04
1.433e-01 6.445e+04
1.074e-01 9.091e+04
1.502e-01 6.538e+04
1.018e-01 9.601e+04
1.016e-01 9.677e+04
1.146e-01 8.288e+04
1.046e-01 9.182e+04
1.078e-01 8.986e+04
1.208e-01 7.794e+04
1.044e-01 9.435e+04
1.029e-01 9.382e+04
9.915e-02 9.934e+04
1.014e-01 9.638e+04
1.042e-01 9.259e+04
1.013e-01 9.690e+04
1.432e-01 6.392e+04
1.314e-01 7.003e+04
1.078e-01 8.983e+04
1.067e-01 9.098e+04
1.318e-01 7.055e+04
1.106e-01 8.813e+04
1.032e-01 9.348e+04
1.035e-01 9.450e+04
1.084e-01 8.962e+04
1.025e-01 9.370e+04
1.187e-01 8.072e+04
1.070e-01 9.173e+04
1.016e-01 9.640e+04
1.021e-01 9.532e+04
1.036e-01 9.307e+04
1.042e-01 9.315e+04
1.306e-01 6.961e+04
1.023e-01 9.517e+04
1.430e-01 6.471e+04
1.026e-01 9.401e+04
1.071e-01 8.881e+04
1.043e-01 9.449e+04
1.022e-01 9.477e+04
1.025e-01 9.496e+04
1.089e-01 8.886e+04
1.010e-01 9.771e+04
1.002e-01 9.762e+04
1.367e-01 6.650e+04
1.099e-01 8.595e+04
1.466e-01 6.392e+04
1.250e-01 7.566e+04
1.117e-01 8.394e+04
1.028e-01 9.488e+04
1.127e-01 8.450e+04
1.012e-01 9.614e+04
1.031e-01 9.444e+04
1.004e-01 9.700e+04
9.837e-02 9.949e+04
1.004e-01 9.764e+04
1.054e-01 9.145e+04
1.079e-01 8.933e+04
1.496e-01 6.388e+04
1.343e-01 6.785e+04
1.049e-01 9.150e+04
1.335e-01 6.756e+04
1.269e-01 7.292e+04
9.991e-02 9.734e+04
1.004e-01 9.839e+04
1.021e-01 9.508e+04
1.008e-01 9.763e+04
1.347e-01 6.968e+04
1.209e-01 7.855e+04
1.068e-01 8.999e+04
1.177e-01 7.985e+04
1.030e-01 9.532e+04
1.036e-01 9.451e+04
1.074e-01 8.943e+04
1.015e-01 9.594e+04
1.008e-01 9.718e+04
1.033e-01 9.367e+04
1.159e-01 8.182e+04
1.332e-01 6.922e+04
1.027e-01 9.417e+04
1.366e-01 6.612e+04
1.407e-01 6.747e+04
1.070e-01 9.053e+04
1.028e-01 9.385e+04
1.042e-01 9.257e+04
1.043e-01 9.383e+04
1.057e-01 9.195e+04
1.037e-01 9.339e+04
1.009e-01 9.759e+04
1.380e-01 6.667e+04
1.070e-01 9.067e+04
1.040e-01 9.301e+04
1.066e-01 9.217e+04
1.030e-01 9.325e+04
1.043e-01 9.106e+04
1.114e-01 8.709e+04
1.039e-01 9.427e+04
1.023e-01 9.548e+04
1.025e-01 9.514e+04
1.044e-01 9.288e+04
1.020e-01 9.456e+04
1.056e-01 9.253e+04
1.049e-01 9.094e+04
1.055e-01 9.223e+04
1.054e-01 9.139e+04
1.351e-01 6.820e+04
1.011e-01 9.614e+04
1.015e-01 9.622e+04
1.023e-01 9.489e+04
1.062e-01 9.087e+04
1.032e-01 9.530e+04
1.077e-01 8.868e+04
1.050e-01 9.161e+04
1.048e-01 9.236e+04
1.012e-01 9.633e+04
1.189e-01 8.114e+04
1.370e-01 6.666e+04
1.007e-01 9.681e+04
1.086e-01 8.861e+04
1.016e-01 9.588e+04
1.120e-01 8.475e+04
1.028e-01 9.486e+04
1.362e-01 6.735e+04
1.031e-01 9.501e+04
1.459e-01 6.460e+04
1.267e-01 7.347e+04
9.839e-02 1.003e+05
1.042e-01 9.396e+04
1.382e-01 6.626e+04
1.117e-01 8.606e+04
1.034e-01 9.438e+04
1.030e-01 9.444e+04
1.062e-01 9.017e+04
1.075e-01 8.980e+04
1.029e-01 9.550e+04
1.017e-01 9.723e+04
1.025e-01 9.349e+04
1.082e-01 9.059e+04
1.062e-01 9.061e+04
1.411e-01 6.825e+04
1.169e-01 8.009e+04
1.008e-01 9.725e+04
1.562e-01 6.046e+04
1.049e-01 9.149e+04
9.880e-02 9.942e+04
1.050e-01 9.318e+04
1.281e-01 7.355e+04
9.883e-02 1.001e+05
1.116e-01 8.678e+04
1.017e-01 9.645e+04
1.031e-01 9.517e+04
1.248e-01 7.505e+04
1.417e-01 6.693e+04
1.027e-01 9.424e+04
1.021e-01 9.528e+04
1.444e-01 6.461e+04
1.030e-01 9.375e+04
1.008e-01 9.790e+04
9.949e-02 9.925e+04
1.196e-01 7.908e+04
1.062e-01 9.035e+04
1.036e-01 9.389e+04
1.241e-01 7.658e+04
1.016e-01 9.668e+04
1.051e-01 9.354e+04
1.044e-01 9.405e+04
1.035e-01 9.325e+04
1.346e-01 6.891e+04
1.090e-01 8.842e+04
1.015e-01 9.612e+04
1.380e-01 6.589e+04
9.967e-02 9.817e+04
1.042e-01 9.314e+04
1.097e-01 8.840e+04
1.019e-01 9.663e+04
1.007e-01 9.766e+04
1.058e-01 9.184e+04
1.067e-01 9.006e+04
1.085e-01 8.826e+04
1.500e-01 6.308e+04
1.234e-01 7.633e+04
1.009e-01 9.614e+04
1.034e-01 9.483e+04
1.075e-01 9.043e+04
1.025e-01 9.467e+04
1.025e-01 9.507e+04
1.201e-01 7.841e+04
1.460e-01 6.601e+04
1.030e-01 9.342e+04
1.160e-01 8.333e+04
1.049e-01 9.262e+04
1.338e-01 7.037e+04
1.053e-01 9.109e+04
1.041e-01 9.267e+04
1.002e-01 9.729e+04
1.074e-01 8.973e+04
1.188e-01 8.152e+04
1.050e-01 9.276e+04
1.096e-01 8.729e+04
1.050e-01 9.282e+04
1.039e-01 9.477e+04
1.052e-01 9.273e+04
1.033e-01 9.442e+04
1.287e-01 7.204e+04
1.080e-01 9.010e+04
1.017e-01 9.517e+04
1.065e-01 9.148e+04
1.011e-01 9.637e+04
1.050e-01 9.382e+04
1.068e-01 8.993e+04
1.448e-01 6.302e+04
1.038e-01 9.375e+04
1.051e-01 9.266e+04
1.379e-01 6.368e+04
1.414e-01 6.195e+04
1.059e-01 9.227e+04
1.024e-01 9.583e+04
1.052e-01 9.295e+04
1.402e-01 6.372e+04
1.060e-01 9.209e+04
1.035e-01 9.296e+04
1.053e-01 9.130e+04
1.012e-01 9.637e+04
1.065e-01 9.125e+04
1.061e-01 9.056e+04
1.058e-01 9.089e+04
1.005e-01 9.759e+04
9.877e-02 9.979e+04
1.011e-01 9.658e+04
1.317e-01 7.006e+04
1.062e-01 8.970e+04
1.267e-01 7.322e+04
1.009e-01 9.666e+04
1.016e-01 9.544e+04
1.452e-01 6.601e+04
1.371e-01 6.785e+04
1.018e-01 9.612e+04
1.075e-01 8.992e+04
1.436e-01 6.480e+04
1.046e-01 9.454e+04
1.267e-01 7.518e+04
1.030e-01 9.599e+04
1.038e-01 9.316e+04
1.285e-01 7.498e+04
1.020e-01 9.581e+04
1.095e-01 8.682e+04
1.012e-01 9.572e+04
1.053e-01 9.235e+04
1.056e-01 9.256e+04
1.236e-01 7.486e+04
1.027e-01 9.551e+04
1.105e-01 8.662e+04
1.416e-01 6.662e+04
1.064e-01 9.053e+04
1.007e-01 9.773e+04
1.095e-01 8.783e+04
1.340e-01 6.888e+04
1.015e-01 9.642e+04
1.042e-01 9.384e+04
1.134e-01 8.411e+04
1.037e-01 9.415e+04
1.017e-01 9.580e+04
1.479e-01 6.522e+04
1.053e-01 9.198e+04
1.379e-01 6.848e+04
1.429e-01 6.541e+04
1.069e-01 8.953e+04
1.059e-01 9.180e+04
1.114e-01 8.567e+04
1.010e-01 9.513e+04
1.316e-01 7.387e+04
1.014e-01 9.646e+04
1.051e-01 9.073e+04
1.266e-01 7.424e+04
1.014e-01 9.697e+04
1.406e-01 6.785e+04
1.299e-01 7.196e+04
1.024e-01 9.521e+04
1.019e-01 9.622e+04
1.053e-01 9.202e+04
1.047e-01 9.191e+04
1.022e-01 9.502e+04
1.034e-01 9.506e+04
1.034e-01 9.511e+04
1.043e-01 9.273e+04
1.058e-01 9.148e+04
1.423e-01 6.432e+04
1.048e-01 9.197e+04
1.015e-01 9.480e+04
1.059e-01 9.179e+04
1.501e-01 6.437e+04
1.030e-01 9.507e+04
1.005e-01 9.785e+04
1.073e-01 9.146e+04
1.041e-01 9.336e+04
1.011e-01 9.585e+04
1.041e-01 9.319e+04
1.318e-01 6.942e+04
9.947e-02 9.850e+04
1.036e-01 9.485e+04
1.015e-01 9.672e+04
1.032e-01 9.505e+04
9.876e-02 9.940e+04
1.029e-01 9.498e+04
1.053e-01 9.212e+04
1.030e-01 9.564e+04
1.352e-01 6.943e+04
1.033e-01 9.424e+04
1.029e-01 9.549e+04
1.022e-01 9.496e+04
1.051e-01 9.292e+04
1.034e-01 9.510e+04
1.009e-01 9.780e+04
1.059e-01 9.156e+04
1.036e-01 9.490e+04
1.008e-01 9.673e+04
9.813e-02 1.004e+05
1.096e-01 8.898e+04
1.016e-01 9.583e+04
1.008e-01 9.753e+04
1.021e-01 9.543e+04
1.028e-01 9.494e+04
1.001e-01 9.813e+04
1.083e-01 8.941e+04
1.421e-01 6.484e+04
1.183e-01 8.049e+04
1.054e-01 9.232e+04
1.050e-01 9.290e+04
1.053e-01 9.257e+04
1.347e-01 6.908e+04
1.041e-01 9.364e+04
1.022e-01 9.597e+04
1.030e-01 9.411e+04
1.017e-01 9.640e+04
1.077e-01 8.862e+04
1.046e-01 9.351e+04
1.027e-01 9.559e+04
1.066e-01 9.074e+04
1.015e-01 9.553e+04
1.018e-01 9.566e+04
1.427e-01 6.559e+04
1.179e-01 7.995e+04
1.002e-01 9.810e+04
1.405e-01 6.623e+04
1.005e-01 9.567e+04
1.062e-01 9.101e+04
1.024e-01 9.476e+04
1.053e-01 9.346e+04
1.012e-01 9.781e+04
1.001e-01 9.779e+04
1.045e-01 9.342e+04
1.058e-01 9.197e+04
1.064e-01 9.199e+04
1.053e-01 9.297e+04
1.020e-01 9.589e+04
1.014e-01 9.591e+04
1.069e-01 9.120e+04
1.053e-01 9.318e+04
9.974e-02 9.770e+04
1.089e-01 8.858e+04
1.059e-01 9.124e+04
1.438e-01 6.675e+04
