1.105e-01 9.042e+04
1.089e-01 9.235e+04
1.160e-01 8.628e+04
1.097e-01 9.151e+04
1.093e-01 9.206e+04
1.566e-01 6.633e+04
1.102e-01 9.114e+04
1.510e-01 6.882e+04
1.056e-01 9.485e+04
1.146e-01 8.872e+04
1.049e-01 9.476e+04
1.584e-01 6.956e+04
1.078e-01 9.271e+04
1.068e-01 9.369e+04
1.131e-01 8.986e+04
1.092e-01 9.167e+04
1.092e-01 9.103e+04
1.114e-01 9.005e+04
1.331e-01 7.791e+04
1.095e-01 9.076e+04
1.119e-01 8.963e+04
1.076e-01 9.243e+04
1.079e-01 9.256e+04
1.074e-01 9.268e+04
1.109e-01 8.906e+04
1.066e-01 9.408e+04
1.109e-01 9.089e+04
1.136e-01 8.795e+04
1.081e-01 9.198e+04
1.253e-01 8.006e+04
1.138e-01 8.873e+04
1.193e-01 8.486e+04
1.641e-01 6.608e+04
1.084e-01 9.179e+04
1.251e-01 8.037e+04
1.134e-01 8.901e+04
1.326e-01 7.796e+04
1.120e-01 9.010e+04
1.062e-01 9.384e+04
1.108e-01 8.993e+04
1.142e-01 8.703e+04
1.086e-01 9.270e+04
1.062e-01 9.365e+04
1.099e-01 9.196e+04
1.146e-01 8.647e+04
1.100e-01 9.113e+04
1.085e-01 9.230e+04
1.064e-01 9.312e+04
1.456e-01 7.138e+04
1.099e-01 9.050e+04
1.542e-01 6.895e+04
1.367e-01 7.563e+04
1.098e-01 9.166e+04
1.065e-01 9.344e+04
1.091e-01 9.178e+04
1.114e-01 9.050e+04
1.468e-01 6.972e+04
1.079e-01 9.181e+04
1.043e-01 9.518e+04
1.066e-01 9.440e+04
1.318e-01 7.800e+04
1.170e-01 8.670e+04
1.218e-01 8.283e+04
1.407e-01 7.338e+04
1.083e-01 9.248e+04
1.471e-01 7.111e+04
1.395e-01 7.393e+04
1.029e-01 9.635e+04
1.117e-01 9.071e+04
1.547e-01 6.909e+04
1.056e-01 9.342e+04
1.131e-01 8.933e+04
1.118e-01 8.947e+04
1.049e-01 9.406e+04
1.165e-01 8.612e+04
1.574e-01 6.755e+04
1.079e-01 9.264e+04
1.102e-01 9.034e+04
1.075e-01 9.258e+04
1.076e-01 9.277e+04
1.098e-01 9.043e+04
1.070e-01 9.398e+04
1.049e-01 9.434e+04
1.082e-01 9.282e+04
1.635e-01 6.588e+04
1.055e-01 9.452e+04
1.339e-01 7.739e+04
1.079e-01 9.316e+04
1.500e-01 6.792e+04
1.133e-01 8.890e+04
1.057e-01 9.394e+04
1.573e-01 6.750e+04
1.084e-01 9.152e+04
1.071e-01 9.245e+04
1.114e-01 8.963e+04
1.098e-01 9.069e+04
1.116e-01 8.994e+04
1.402e-01 7.360e+04
1.079e-01 9.202e+04
1.115e-01 9.002e+04
1.050e-01 9.437e+04
1.316e-01 7.619e+04
1.598e-01 6.840e+04
1.095e-01 9.166e+04
1.140e-01 8.785e+04
1.033e-01 9.653e+04
1.065e-01 9.379e+04
1.085e-01 9.151e+04
1.062e-01 9.450e+04
1.070e-01 9.217e+04
1.073e-01 9.268e+04
1.240e-01 8.068e+04
1.077e-01 9.262e+04
1.108e-01 9.042e+04
1.108e-01 8.949e+04
1.086e-01 9.158e+04
1.071e-01 9.282e+04
1.294e-01 7.977e+04
1.046e-01 9.486e+04
1.091e-01 9.084e+04
1.539e-01 6.833e+04
1.113e-01 9.050e+04
1.119e-01 8.992e+04
1.619e-01 6.836e+04
1.503e-01 7.105e+04
1.144e-01 8.753e+04
1.142e-01 8.757e+04
1.063e-01 9.374e+04
1.096e-01 9.038e+04
1.216e-01 8.138e+04
1.099e-01 9.058e+04
1.114e-01 8.896e+04
1.086e-01 9.196e+04
1.064e-01 9.370e+04
1.582e-01 6.694e+04
1.539e-01 6.816e+04
1.119e-01 8.847e+04
1.066e-01 9.268e+04
1.437e-01 7.247e+04
1.442e-01 7.107e+04
1.477e-01 7.309e+04
1.524e-01 6.773e+04
1.071e-01 9.349e+04
1.088e-01 9.206e+04
1.054e-01 9.520e+04
1.101e-01 8.980e+04
1.249e-01 8.069e+04
1.115e-01 8.994e+04
1.048e-01 9.379e+04
1.160e-01 8.513e+04
1.058e-01 9.361e+04
1.723e-01 6.249e+04
1.055e-01 9.363e+04
1.396e-01 7.297e+04
1.405e-01 7.475e+04
1.115e-01 9.017e+04
1.500e-01 7.120e+04
1.351e-01 7.705e+04
1.079e-01 9.156e+04
1.100e-01 9.072e+04
1.146e-01 8.728e+04
1.097e-01 8.957e+04
1.099e-01 9.119e+04
1.059e-01 9.355e+04
1.143e-01 8.751e+04
1.080e-01 9.220e+04
1.438e-01 7.181e+04
1.050e-01 9.442e+04
1.131e-01 8.823e+04
1.706e-01 6.468e+04
1.064e-01 9.385e+04
1.074e-01 9.294e+04
1.058e-01 9.401e+04
1.046e-01 9.509e+04
1.085e-01 9.190e+04
1.154e-01 8.662e+04
1.081e-01 9.278e+04
1.111e-01 8.964e+04
1.707e-01 6.692e+04
1.056e-01 9.502e+04
1.172e-01 8.732e+04
1.095e-01 9.127e+04
1.617e-01 6.604e+04
1.502e-01 6.955e+04
1.093e-01 9.050e+04
1.476e-01 7.113e+04
1.106e-01 9.078e+04
1.622e-01 6.569e+04
1.076e-01 9.241e+04
1.073e-01 9.256e+04
1.096e-01 9.170e+04
1.086e-01 9.132e+04
1.103e-01 9.075e+04
1.061e-01 9.395e+04
1.047e-01 9.476e+04
1.066e-01 9.255e+04
1.097e-01 9.077e+04
1.062e-01 9.355e+04
1.528e-01 6.882e+04
1.174e-01 8.532e+04
1.511e-01 6.958e+04
1.088e-01 9.234e+04
1.065e-01 9.213e+04
1.375e-01 7.501e+04
1.068e-01 9.289e+04
1.460e-01 7.142e+04
1.065e-01 9.318e+04
1.643e-01 6.362e+04
1.056e-01 9.358e+04
1.596e-01 6.717e+04
1.165e-01 8.572e+04
1.081e-01 9.278e+04
1.290e-01 7.919e+04
1.159e-01 8.816e+04
1.063e-01 9.312e+04
1.107e-01 9.048e+04
1.053e-01 9.510e+04
1.083e-01 9.259e+04
1.103e-01 9.059e+04
1.135e-01 8.878e+04
1.056e-01 9.391e+04
1.564e-01 6.866e+04
1.090e-01 9.111e+04
1.062e-01 9.321e+04
1.035e-01 9.630e+04
1.078e-01 9.205e+04
1.095e-01 9.077e+04
1.071e-01 9.338e+04
1.516e-01 6.832e+04
1.041e-01 9.560e+04
1.046e-01 9.480e+04
1.105e-01 9.002e+04
1.118e-01 8.876e+04
1.067e-01 9.382e+04
1.050e-01 9.390e+04
1.042e-01 9.575e+04
1.158e-01 8.753e+04
1.068e-01 9.364e+04
1.126e-01 8.948e+04
1.557e-01 6.913e+04
1.083e-01 9.251e+04
1.134e-01 8.855e+04
1.485e-01 6.925e+04
1.562e-01 6.917e+04
1.146e-01 8.752e+04
1.525e-01 6.891e+04
1.506e-01 7.035e+04
1.058e-01 9.417e+04
1.075e-01 9.338e+04
1.069e-01 9.280e+04
1.081e-01 9.197e+04
1.067e-01 9.289e+04
1.482e-01 7.086e+04
1.178e-01 8.483e+04
1.083e-01 9.224e+04
1.397e-01 7.489e+04
1.084e-01 9.197e+04
1.460e-01 7.143e+04
1.172e-01 8.553e+04
1.131e-01 8.752e+04
1.104e-01 9.154e+04
1.076e-01 9.304e+04
1.090e-01 9.113e+04
1.515e-01 6.813e+04
1.589e-01 6.855e+04
1.181e-01 8.425e+04
1.153e-01 8.678e+04
1.085e-01 9.180e+04
1.074e-01 9.330e+04
1.107e-01 8.943e+04
1.069e-01 9.403e+04
1.137e-01 8.771e+04
1.054e-01 9.449e+04
1.295e-01 7.886e+04
1.082e-01 9.167e+04
1.080e-01 9.309e+04
1.113e-01 8.923e+04
1.026e-01 9.675e+04
1.094e-01 9.067e+04
1.116e-01 8.993e+04
1.105e-01 9.042e+04
1.063e-01 9.316e+04
1.089e-01 9.179e+04
1.082e-01 9.221e+04
1.529e-01 6.899e+04
1.055e-01 9.369e+04
1.119e-01 8.998e+04
1.106e-01 9.071e+04
1.135e-01 8.772e+04
1.054e-01 9.375e+04
1.062e-01 9.368e+04
1.074e-01 9.316e+04
1.068e-01 9.293e+04
1.157e-01 8.551e+04
1.058e-01 9.416e+04
1.084e-01 9.150e+04
1.098e-01 9.059e+04
1.104e-01 9.096e+04
1.113e-01 8.906e+04
1.069e-01 9.275e+04
1.551e-01 6.757e+04
1.109e-01 8.990e+04
1.474e-01 6.861e+04
1.075e-01 9.288e+04
1.059e-01 9.356e+04
1.158e-01 8.786e+04
1.134e-01 8.830e+04
1.705e-01 6.507e+04
1.077e-01 9.214e+04
1.649e-01 6.598e+04
1.031e-01 9.678e+04
1.134e-01 8.965e+04
1.454e-01 6.906e+04
1.070e-01 9.341e+04
1.099e-01 9.001e+04
1.094e-01 9.140e+04
1.589e-01 6.916e+04
1.061e-01 9.336e+04
1.631e-01 6.560e+04
1.091e-01 9.123e+04
1.125e-01 8.794e+04
1.401e-01 7.330e+04
1.148e-01 8.708e+04
1.079e-01 9.126e+04
1.057e-01 9.498e+04
1.123e-01 8.864e+04
1.095e-01 9.105e+04
1.098e-01 9.231e+04
1.077e-01 9.285e+04
1.673e-01 6.535e+04
1.131e-01 8.786e+04
1.156e-01 8.633e+04
1.533e-01 6.688e+04
1.146e-01 8.766e+04
1.425e-01 7.226e+04
1.374e-01 7.595e+04
1.088e-01 9.089e+04
1.050e-01 9.490e+04
1.073e-01 9.264e+04
1.070e-01 9.272e+04
1.109e-01 9.086e+04
1.108e-01 9.093e+04
1.040e-01 9.571e+04
1.085e-01 9.166e+04
1.044e-01 9.453e+04
1.522e-01 6.983e+04
1.146e-01 8.775e+04
1.061e-01 9.465e+04
1.276e-01 7.875e+04
1.510e-01 6.808e+04
1.080e-01 9.093e+04
1.133e-01 8.922e+04
1.081e-01 9.195e+04
1.436e-01 7.177e+04
1.053e-01 9.446e+04
1.119e-01 8.947e+04
1.039e-01 9.518e+04
1.078e-01 9.290e+04
1.573e-01 6.782e+04
1.090e-01 9.131e+04
1.465e-01 6.936e+04
1.083e-01 9.234e+04
1.314e-01 7.666e+04
1.081e-01 9.330e+04
1.091e-01 9.224e+04
1.108e-01 9.131e+04
1.262e-01 8.009e+04
1.111e-01 8.940e+04
1.079e-01 9.177e+04
1.171e-01 8.486e+04
1.444e-01 7.195e+04
1.118e-01 8.946e+04
1.072e-01 9.231e+04
1.041e-01 9.470e+04
1.061e-01 9.358e+04
1.098e-01 9.167e+04
1.099e-01 9.079e+04
1.105e-01 8.992e+04
1.253e-01 7.979e+04
1.156e-01 8.710e+04
1.130e-01 8.905e+04
1.074e-01 9.264e+04
1.078e-01 9.301e+04
1.476e-01 7.162e+04
1.419e-01 7.220e+04
1.107e-01 9.112e+04
1.077e-01 9.287e+04
1.066e-01 9.340e+04
1.068e-01 9.280e+04
1.556e-01 6.861e+04
1.093e-01 9.127e+04
1.138e-01 8.848e+04
1.695e-01 6.400e+04
1.462e-01 7.176e+04
1.049e-01 9.407e+04
1.650e-01 6.522e+04
1.079e-01 9.307e+04
1.067e-01 9.314e+04
1.094e-01 9.106e+04
1.068e-01 9.353e+04
1.071e-01 9.283e+04
1.104e-01 9.075e+04
1.391e-01 7.431e+04
1.060e-01 9.379e+04
1.089e-01 9.173e+04
1.093e-01 9.194e+04
1.035e-01 9.592e+04
1.067e-01 9.350e+04
1.116e-01 8.957e+04
1.106e-01 9.079e+04
1.134e-01 8.872e+04
1.048e-01 9.448e+04
1.088e-01 9.121e+04
1.032e-01 9.545e+04
1.068e-01 9.323e+04
1.072e-01 9.180e+04
1.117e-01 8.877e+04
1.432e-01 7.058e+04
1.084e-01 9.174e+04
1.123e-01 8.882e+04
1.577e-01 6.649e+04
1.092e-01 9.007e+04
1.138e-01 8.698e+04
1.091e-01 9.155e+04
1.067e-01 9.207e+04
1.099e-01 9.051e+04
1.107e-01 9.010e+04
1.060e-01 9.373e+04
1.100e-01 9.017e+04
1.528e-01 6.996e+04
1.566e-01 6.882e+04
1.119e-01 8.950e+04
1.106e-01 8.927e+04
1.619e-01 6.777e+04
1.585e-01 6.565e+04
1.074e-01 9.278e+04
1.104e-01 9.050e+04
1.066e-01 9.294e+04
1.500e-01 6.893e+04
1.095e-01 8.958e+04
1.111e-01 8.995e+04
1.145e-01 8.715e+04
1.046e-01 9.569e+04
1.121e-01 8.837e+04
1.410e-01 7.528e+04
1.041e-01 9.564e+04
1.117e-01 8.926e+04
1.562e-01 6.786e+04
1.136e-01 8.790e+04
1.480e-01 6.981e+04
1.095e-01 9.102e+04
1.524e-01 6.872e+04
1.611e-01 6.714e+04
1.083e-01 9.174e+04
1.130e-01 8.855e+04
1.068e-01 9.411e+04
1.646e-01 6.721e+04
1.427e-01 7.465e+04
1.093e-01 8.973e+04
1.062e-01 9.396e+04
1.143e-01 8.847e+04
1.108e-01 8.980e+04
1.638e-01 6.636e+04
1.587e-01 6.772e+04
1.095e-01 9.101e+04
1.106e-01 9.100e+04
1.073e-01 9.298e+04
1.438e-01 7.161e+04
1.084e-01 9.290e+04
1.508e-01 7.057e+04
1.480e-01 6.904e+04
1.179e-01 8.439e+04
1.090e-01 9.174e+04
1.468e-01 7.146e+04
1.105e-01 9.030e+04
1.059e-01 9.440e+04
1.094e-01 9.085e+04
1.038e-01 9.628e+04
1.085e-01 9.078e+04
1.054e-01 9.466e+04
1.062e-01 9.290e+04
1.488e-01 6.871e+04
1.064e-01 9.400e+04
1.105e-01 9.069e+04
1.475e-01 6.887e+04
1.100e-01 9.117e+04
1.120e-01 9.042e+04
1.093e-01 9.110e+04
1.518e-01 6.989e+04
1.134e-01 8.794e+04
1.103e-01 9.095e+04
1.098e-01 9.061e+04
1.592e-01 6.683e+04
1.610e-01 6.716e+04
1.053e-01 9.503e+04
1.064e-01 9.364e+04
1.472e-01 7.214e+04
1.260e-01 8.049e+04
1.068e-01 9.373e+04
1.516e-01 7.013e+04
1.143e-01 8.731e+04
1.138e-01 8.923e+04
1.127e-01 8.877e+04
1.126e-01 9.002e+04
1.089e-01 9.057e+04
1.050e-01 9.406e+04
1.154e-01 8.642e+04
1.435e-01 7.314e+04
1.193e-01 8.580e+04
1.595e-01 6.564e+04
1.090e-01 9.065e+04
1.141e-01 8.850e+04
1.526e-01 7.001e+04
1.359e-01 7.503e+04
1.524e-01 6.810e+04
1.110e-01 8.955e+04
1.107e-01 9.012e+04
1.081e-01 9.151e+04
1.098e-01 9.157e+04
1.113e-01 8.895e+04
1.341e-01 7.659e+04
1.073e-01 9.303e+04
1.067e-01 9.337e+04
1.524e-01 6.761e+04
1.109e-01 8.994e+04
1.087e-01 9.120e+04
1.072e-01 9.235e+04
1.600e-01 6.744e+04
1.069e-01 9.304e+04
1.135e-01 8.704e+04
1.087e-01 9.064e+04
1.083e-01 9.117e+04
1.067e-01 9.267e+04
1.071e-01 9.307e+04
1.080e-01 9.115e+04
1.093e-01 9.196e+04
1.088e-01 9.209e+04
1.121e-01 8.872e+04
1.090e-01 9.076e+04
1.062e-01 9.357e+04
1.072e-01 9.259e+04
1.034e-01 9.665e+04
1.074e-01 9.353e+04
1.058e-01 9.471e+04
1.113e-01 9.061e+04
1.074e-01 9.346e+04
1.068e-01 9.341e+04
1.076e-01 9.306e+04
1.602e-01 6.711e+04
1.087e-01 9.115e+04
1.049e-01 9.558e+04
1.185e-01 8.537e+04
1.077e-01 9.322e+04
1.251e-01 8.222e+04
1.199e-01 8.502e+04
1.058e-01 9.496e+04
1.616e-01 6.526e+04
1.490e-01 7.042e+04
1.117e-01 8.998e+04
1.124e-01 8.933e+04
1.543e-01 7.017e+04
1.621e-01 6.539e+04
1.084e-01 9.277e+04
1.132e-01 8.811e+04
1.103e-01 9.003e+04
1.184e-01 8.558e+04
1.108e-01 8.983e+04
1.243e-01 8.301e+04
1.053e-01 9.445e+04
1.517e-01 6.879e+04
1.586e-01 6.815e+04
1.067e-01 9.271e+04
1.121e-01 8.925e+04
1.129e-01 8.889e+04
1.077e-01 9.264e+04
1.058e-01 9.412e+04
1.157e-01 8.649e+04
1.489e-01 7.179e+04
1.118e-01 9.009e+04
1.434e-01 7.264e+04
1.117e-01 8.922e+04
1.099e-01 9.134e+04
1.534e-01 6.906e+04
1.040e-01 9.556e+04
1.577e-01 6.795e+04
1.553e-01 6.985e+04
1.064e-01 9.356e+04
1.127e-01 8.890e+04
1.415e-01 7.054e+04
1.551e-01 6.600e+04
1.103e-01 9.139e+04
1.131e-01 8.880e+04
1.646e-01 6.451e+04
1.060e-01 9.459e+04
1.200e-01 8.410e+04
1.147e-01 8.851e+04
1.097e-01 9.133e+04
1.072e-01 9.254e+04
1.425e-01 7.104e+04
1.324e-01 7.599e+04
1.118e-01 8.824e+04
1.190e-01 8.433e+04
1.054e-01 9.435e+04
1.161e-01 8.648e+04
1.368e-01 7.597e+04
1.057e-01 9.401e+04
1.120e-01 8.992e+04
1.095e-01 9.029e+04
1.530e-01 6.792e+04
1.064e-01 9.349e+04
1.093e-01 9.116e+04
1.094e-01 9.083e+04
1.117e-01 8.922e+04
1.143e-01 8.689e+04
1.484e-01 6.911e+04
1.185e-01 8.593e+04
1.088e-01 9.209e+04
1.286e-01 8.016e+04
1.027e-01 9.652e+04
1.079e-01 9.321e+04
1.145e-01 8.763e+04
1.147e-01 8.708e+04
1.089e-01 9.104e+04
1.164e-01 8.514e+04
1.061e-01 9.448e+04
1.123e-01 8.962e+04
1.055e-01 9.416e+04
1.461e-01 7.031e+04
1.034e-01 9.598e+04
1.082e-01 9.171e+04
1.183e-01 8.539e+04
1.621e-01 6.839e+04
1.102e-01 9.068e+04
1.148e-01 8.769e+04
1.066e-01 9.322e+04
1.097e-01 9.208e+04
1.585e-01 6.758e+04
1.056e-01 9.379e+04
1.458e-01 7.127e+04
1.042e-01 9.493e+04
1.121e-01 8.962e+04
1.094e-01 9.073e+04
1.409e-01 7.502e+04
1.367e-01 7.681e+04
1.138e-01 8.906e+04
1.082e-01 9.170e+04
1.123e-01 8.896e+04
1.161e-01 8.678e+04
1.059e-01 9.434e+04
1.075e-01 9.317e+04
1.495e-01 6.995e+04
1.068e-01 9.357e+04
1.122e-01 8.933e+04
1.055e-01 9.446e+04
1.265e-01 7.978e+04
1.146e-01 8.766e+04
1.093e-01 9.154e+04
1.515e-01 6.978e+04
1.485e-01 7.060e+04
1.198e-01 8.473e+04
1.175e-01 8.550e+04
1.305e-01 7.814e+04
1.196e-01 8.325e+04
1.083e-01 9.261e+04
1.096e-01 9.152e+04
1.107e-01 8.905e+04
1.030e-01 9.641e+04
1.089e-01 9.107e+04
1.056e-01 9.426e+04
1.261e-01 8.131e+04
1.060e-01 9.340e+04
1.550e-01 6.839e+04
1.126e-01 8.858e+04
1.101e-01 9.138e+04
1.108e-01 9.001e+04
1.091e-01 9.094e+04
1.085e-01 9.186e+04
1.034e-01 9.645e+04
1.074e-01 9.301e+04
1.464e-01 7.025e+04
1.575e-01 6.868e+04
1.088e-01 9.131e+04
1.383e-01 7.451e+04
1.121e-01 8.810e+04
1.067e-01 9.336e+04
1.561e-01 6.792e+04
1.119e-01 8.964e+04
1.101e-01 9.052e+04
1.086e-01 9.194e+04
1.081e-01 9.306e+04
1.070e-01 9.306e+04
1.091e-01 9.179e+04
1.071e-01 9.329e+04
1.133e-01 8.878e+04
1.068e-01 9.349e+04
1.051e-01 9.439e+04
1.594e-01 6.580e+04
1.080e-01 9.277e+04
1.048e-01 9.416e+04
1.081e-01 9.261e+04
1.081e-01 9.160e+04
1.053e-01 9.471e+04
1.053e-01 9.517e+04
1.089e-01 9.165e+04
1.087e-01 9.069e+04
1.067e-01 9.313e+04
1.100e-01 8.939e+04
1.062e-01 9.273e+04
1.160e-01 8.683e+04
1.090e-01 9.166e+04
1.106e-01 9.038e+04
1.064e-01 9.397e+04
1.156e-01 8.670e+04
1.095e-01 9.094e+04
1.643e-01 6.655e+04
1.555e-01 6.711e+04
1.114e-01 9.000e+04
1.037e-01 9.525e+04
1.047e-01 9.561e+04
1.311e-01 7.758e+04
1.043e-01 9.549e+04
1.076e-01 9.262e+04
1.504e-01 6.901e+04
1.153e-01 8.694e+04
1.597e-01 6.773e+04
1.076e-01 9.258e+04
1.200e-01 8.222e+04
1.116e-01 8.906e+04
1.062e-01 9.417e+04
1.073e-01 9.330e+04
1.059e-01 9.460e+04
1.547e-01 6.995e+04
1.505e-01 6.986e+04
1.102e-01 9.160e+04
1.095e-01 9.057e+04
1.087e-01 9.207e+04
1.072e-01 9.301e+04
1.103e-01 9.147e+04
1.107e-01 9.021e+04
1.078e-01 9.284e+04
1.172e-01 8.594e+04
1.508e-01 6.965e+04
1.463e-01 6.941e+04
1.098e-01 9.062e+04
1.114e-01 8.940e+04
1.532e-01 6.904e+04
1.585e-01 6.760e+04
1.128e-01 8.915e+04
1.050e-01 9.564e+04
1.116e-01 8.921e+04
1.103e-01 9.168e+04
1.070e-01 9.317e+04
1.098e-01 9.065e+04
1.060e-01 9.394e+04
1.094e-01 9.129e+04
1.120e-01 8.817e+04
1.076e-01 9.268e+04
1.118e-01 8.949e+04
1.242e-01 8.228e+04
1.339e-01 7.795e+04
1.110e-01 9.040e+04
1.108e-01 8.961e+04
1.062e-01 9.403e+04
1.079e-01 9.245e+04
1.588e-01 6.858e+04
1.505e-01 6.781e+04
1.458e-01 7.041e+04
1.514e-01 6.945e+04
1.500e-01 7.038e+04
1.083e-01 9.184e+04
1.075e-01 9.224e+04
1.077e-01 9.197e+04
1.037e-01 9.616e+04
1.616e-01 6.650e+04
1.060e-01 9.435e+04
1.041e-01 9.553e+04
1.066e-01 9.348e+04
1.514e-01 6.733e+04
1.037e-01 9.536e+04
1.471e-01 6.788e+04
1.117e-01 8.963e+04
1.054e-01 9.370e+04
1.061e-01 9.446e+04
1.083e-01 9.248e+04
1.125e-01 8.961e+04
1.405e-01 7.126e+04
1.602e-01 6.623e+04
1.529e-01 6.860e+04
1.063e-01 9.289e+04
1.578e-01 6.885e+04
1.114e-01 9.021e+04
1.120e-01 8.909e+04
1.071e-01 9.288e+04
1.562e-01 6.735e+04
1.263e-01 8.050e+04
1.125e-01 8.878e+04
1.461e-01 7.144e+04
1.057e-01 9.442e+04
1.076e-01 9.240e+04
1.129e-01 8.845e+04
1.269e-01 8.069e+04
1.292e-01 7.807e+04
1.083e-01 9.243e+04
1.587e-01 6.682e+04
1.490e-01 6.943e+04
1.028e-01 9.659e+04
1.065e-01 9.379e+04
1.107e-01 8.897e+04
1.297e-01 7.797e+04
1.223e-01 8.209e+04
1.053e-01 9.426e+04
1.267e-01 8.172e+04
1.638e-01 6.700e+04
1.364e-01 7.717e+04
1.085e-01 9.110e+04
1.086e-01 9.082e+04
1.132e-01 8.796e+04
1.106e-01 9.011e+04
1.474e-01 6.627e+04
1.643e-01 6.667e+04
1.080e-01 9.217e+04
1.085e-01 9.137e+04
1.587e-01 6.567e+04
1.106e-01 9.056e+04
1.067e-01 9.445e+04
1.050e-01 9.405e+04
1.039e-01 9.491e+04
1.071e-01 9.293e+04
1.547e-01 6.812e+04
1.070e-01 9.338e+04
1.056e-01 9.431e+04
1.175e-01 8.555e+04
1.092e-01 9.059e+04
1.316e-01 7.726e+04
1.115e-01 9.092e+04
1.077e-01 9.358e+04
1.129e-01 8.871e+04
1.043e-01 9.535e+04
1.130e-01 8.774e+04
1.063e-01 9.425e+04
1.086e-01 9.221e+04
1.083e-01 9.134e+04
1.108e-01 9.069e+04
1.346e-01 7.659e+04
1.124e-01 9.019e+04
1.562e-01 6.898e+04
1.105e-01 9.078e+04
1.108e-01 9.017e+04
1.078e-01 9.208e+04
1.629e-01 6.763e+04
1.394e-01 7.314e+04
1.069e-01 9.365e+04
1.487e-01 7.059e+04
1.120e-01 9.030e+04
1.022e-01 9.744e+04
1.068e-01 9.327e+04
1.055e-01 9.459e+04
1.023e-01 9.646e+04
1.076e-01 9.241e+04
1.089e-01 9.133e+04
1.100e-01 9.142e+04
1.273e-01 7.872e+04
1.076e-01 9.225e+04
1.244e-01 8.184e+04
1.061e-01 9.371e+04
1.067e-01 9.355e+04
1.488e-01 7.223e+04
1.035e-01 9.622e+04
1.128e-01 8.818e+04
1.054e-01 9.456e+04
1.640e-01 6.414e+04
1.521e-01 6.718e+04
1.068e-01 9.323e+04
1.112e-01 8.953e+04
1.051e-01 9.446e+04
1.076e-01 9.338e+04
1.100e-01 9.082e+04
1.077e-01 9.122e+04
1.658e-01 6.498e+04
1.060e-01 9.443e+04
1.056e-01 9.401e+04
1.089e-01 9.095e+04
1.107e-01 8.927e+04
1.073e-01 9.186e+04
1.249e-01 8.023e+04
1.282e-01 7.968e+04
1.653e-01 6.625e+04
1.038e-01 9.632e+04
1.516e-01 6.851e+04
1.133e-01 8.742e+04
1.183e-01 8.489e+04
1.061e-01 9.408e+04
1.195e-01 8.300e+04
1.630e-01 6.575e+04
1.496e-01 6.912e+04
1.061e-01 9.305e+04
1.399e-01 7.318e+04
1.084e-01 9.273e+04
1.106e-01 9.130e+04
1.050e-01 9.517e+04
1.707e-01 6.583e+04
1.494e-01 6.944e+04
1.616e-01 6.504e+04
1.483e-01 7.134e+04
1.104e-01 9.054e+04
1.608e-01 6.774e+04
1.127e-01 8.944e+04
1.142e-01 8.797e+04
1.091e-01 9.198e+04
1.699e-01 6.521e+04
1.067e-01 9.380e+04
1.065e-01 9.327e+04
1.068e-01 9.336e+04
1.066e-01 9.329e+04
1.490e-01 6.972e+04
1.068e-01 9.375e+04
1.164e-01 8.661e+04
1.085e-01 9.116e+04
1.262e-01 8.091e+04
1.049e-01 9.450e+04
1.092e-01 9.145e+04
1.253e-01 8.008e+04
1.075e-01 9.226e+04
1.082e-01 9.157e+04
1.095e-01 9.130e+04
1.121e-01 8.816e+04
1.089e-01 9.283e+04
1.024e-01 9.689e+04
1.493e-01 7.094e+04
1.079e-01 9.173e+04
1.081e-01 9.182e+04
1.092e-01 9.197e+04
1.096e-01 9.063e+04
1.109e-01 8.868e+04
1.079e-01 9.269e+04
1.112e-01 9.015e+04
1.050e-01 9.415e+04
1.055e-01 9.367e+04
1.504e-01 6.922e+04
1.049e-01 9.486e+04
1.586e-01 6.825e+04
1.067e-01 9.433e+04
1.450e-01 7.142e+04
1.573e-01 6.864e+04
1.045e-01 9.477e+04
1.062e-01 9.408e+04
1.088e-01 9.112e+04
1.284e-01 7.854e+04
1.081e-01 9.272e+04
1.548e-01 6.678e+04
1.093e-01 9.109e+04
1.101e-01 9.046e+04
1.070e-01 9.339e+04
1.094e-01 9.128e+04
1.099e-01 9.080e+04
1.522e-01 6.871e+04
1.118e-01 9.001e+04
1.620e-01 6.535e+04
1.114e-01 8.865e+04
1.425e-01 7.184e+04
1.122e-01 8.846e+04
1.064e-01 9.368e+04
1.109e-01 9.084e+04
1.113e-01 8.931e+04
1.121e-01 8.904e+04
1.051e-01 9.486e+04
1.382e-01 7.454e+04
1.089e-01 9.074e+04
1.150e-01 8.762e+04
1.079e-01 9.251e+04
1.069e-01 9.415e+04
1.534e-01 6.950e+04
1.358e-01 7.591e+04
1.156e-01 8.822e+04
1.178e-01 8.498e+04
1.481e-01 7.084e+04
1.514e-01 6.957e+04
1.100e-01 9.076e+04
1.092e-01 9.129e+04
1.603e-01 6.672e+04
1.059e-01 9.447e+04
1.392e-01 7.355e+04
1.198e-01 8.372e+04
1.569e-01 6.657e+04
1.102e-01 8.937e+04
1.083e-01 9.202e+04
1.075e-01 9.216e+04
1.558e-01 6.676e+04
1.126e-01 8.920e+04
1.483e-01 7.031e+04
1.126e-01 8.913e+04
1.127e-01 8.895e+04
1.103e-01 8.945e+04
1.302e-01 7.802e+04
1.340e-01 7.519e+04
1.072e-01 9.289e+04
1.186e-01 8.597e+04
1.118e-01 9.029e+04
1.220e-01 8.344e+04
1.204e-01 8.313e+04
1.522e-01 6.778e+04
1.106e-01 9.039e+04
1.484e-01 6.898e+04
1.067e-01 9.326e+04
1.308e-01 7.945e+04
1.597e-01 6.586e+04
1.420e-01 7.102e+04
1.121e-01 8.920e+04
1.299e-01 7.785e+04
1.099e-01 9.137e+04
1.577e-01 6.643e+04
1.093e-01 9.223e+04
1.173e-01 8.591e+04
1.169e-01 8.552e+04
1.419e-01 7.093e+04
1.079e-01 9.231e+04
1.145e-01 8.637e+04
1.415e-01 7.337e+04
1.057e-01 9.384e+04
1.420e-01 7.251e+04
1.061e-01 9.378e+04
1.096e-01 9.084e+04
1.439e-01 7.261e+04
1.093e-01 9.211e+04
1.073e-01 9.380e+04
1.069e-01 9.309e+04
1.597e-01 6.620e+04
1.104e-01 9.025e+04
1.212e-01 8.145e+04
1.145e-01 8.808e+04
1.092e-01 9.123e+04
1.108e-01 8.964e+04
1.096e-01 9.110e+04
1.101e-01 9.063e+04
1.043e-01 9.510e+04
1.126e-01 8.930e+04
1.160e-01 8.641e+04
1.209e-01 8.282e+04
1.055e-01 9.361e+04
1.061e-01 9.394e+04
1.066e-01 9.271e+04
1.073e-01 9.330e+04
1.143e-01 8.676e+04
1.136e-01 8.772e+04
1.128e-01 8.838e+04
1.066e-01 9.261e+04
1.395e-01 7.338e+04
1.075e-01 9.236e+04
1.090e-01 9.038e+04
1.069e-01 9.337e+04
1.112e-01 9.064e+04
1.065e-01 9.441e+04
1.067e-01 9.352e+04
1.169e-01 8.667e+04
1.613e-01 6.706e+04
1.446e-01 7.171e+04
1.075e-01 9.256e+04
1.615e-01 6.634e+04
1.135e-01 8.853e+04
1.084e-01 9.141e+04
1.055e-01 9.440e+04
1.086e-01 9.160e+04
1.057e-01 9.440e+04
1.163e-01 8.621e+04
1.097e-01 9.094e+04
1.207e-01 8.202e+04
1.104e-01 9.036e+04
1.229e-01 8.346e+04
1.474e-01 6.747e+04
1.102e-01 9.063e+04
1.177e-01 8.619e+04
1.499e-01 6.849e+04
1.145e-01 8.783e+04
1.169e-01 8.649e+04
1.449e-01 7.054e+04
1.276e-01 7.981e+04
1.056e-01 9.414e+04
1.120e-01 8.962e+04
1.105e-01 9.172e+04
1.066e-01 9.328e+04
1.076e-01 9.285e+04
1.104e-01 8.979e+04
1.120e-01 8.974e+04
1.115e-01 8.917e+04
1.529e-01 6.840e+04
1.120e-01 8.963e+04
1.128e-01 8.926e+04
1.104e-01 8.991e+04
1.027e-01 9.658e+04
1.074e-01 9.348e+04
1.040e-01 9.597e+04
1.165e-01 8.631e+04
1.464e-01 7.246e+04
1.460e-01 6.980e+04
1.103e-01 9.129e+04
1.102e-01 8.994e+04
1.101e-01 9.028e+04
1.130e-01 8.778e+04
1.034e-01 9.683e+04
1.513e-01 7.046e+04
1.589e-01 6.653e+04
1.085e-01 9.173e+04
1.063e-01 9.410e+04
1.120e-01 8.887e+04
1.169e-01 8.735e+04
1.122e-01 8.850e+04
1.076e-01 9.346e+04
1.114e-01 9.009e+04
1.302e-01 7.767e+04
1.093e-01 9.145e+04
1.122e-01 8.931e+04
1.550e-01 6.694e+04
1.076e-01 9.312e+04
1.101e-01 9.020e+04
1.064e-01 9.407e+04
1.607e-01 6.732e+04
1.062e-01 9.410e+04
1.261e-01 8.190e+04
1.109e-01 9.002e+04
1.104e-01 9.126e+04
1.064e-01 9.336e+04
1.178e-01 8.532e+04
1.633e-01 6.595e+04
1.120e-01 9.030e+04
1.091e-01 9.224e+04
1.056e-01 9.397e+04
1.116e-01 9.022e+04
1.075e-01 9.254e+04
1.087e-01 9.164e+04
1.058e-01 9.420e+04
1.399e-01 7.310e+04
1.445e-01 6.984e+04
1.117e-01 8.966e+04
1.072e-01 9.288e+04
1.045e-01 9.551e+04
1.091e-01 9.222e+04
1.070e-01 9.254e+04
1.032e-01 9.658e+04
1.225e-01 8.179e+04
1.441e-01 7.218e+04
1.107e-01 8.984e+04
1.080e-01 9.266e+04
1.513e-01 6.897e+04
1.114e-01 8.943e+04
1.099e-01 9.147e+04
1.116e-01 8.962e+04
1.113e-01 8.908e+04
1.447e-01 7.022e+04
1.068e-01 9.359e+04
1.571e-01 6.643e+04
1.497e-01 7.002e+04
1.562e-01 6.740e+04
1.119e-01 8.895e+04
1.085e-01 9.127e+04
1.066e-01 9.213e+04
1.195e-01 8.368e+04
1.031e-01 9.647e+04
1.520e-01 6.835e+04
1.067e-01 9.269e+04
1.037e-01 9.617e+04
1.081e-01 9.234e+04
1.069e-01 9.295e+04
1.057e-01 9.401e+04
1.548e-01 6.876e+04
1.067e-01 9.411e+04
1.059e-01 9.428e+04
1.159e-01 8.726e+04
1.070e-01 9.355e+04
1.048e-01 9.463e+04
1.560e-01 6.821e+04
1.064e-01 9.273e+04
1.160e-01 8.660e+04
1.071e-01 9.295e+04
1.049e-01 9.481e+04
1.061e-01 9.353e+04
1.118e-01 8.929e+04
1.032e-01 9.662e+04
1.036e-01 9.639e+04
1.084e-01 9.279e+04
1.341e-01 7.564e+04
1.395e-01 7.453e+04
1.558e-01 6.725e+04
1.126e-01 8.857e+04
1.083e-01 9.249e+04
1.281e-01 8.029e+04
1.097e-01 9.130e+04
1.073e-01 9.354e+04
1.092e-01 9.156e+04
1.069e-01 9.305e+04
1.044e-01 9.554e+04
1.074e-01 9.328e+04
1.108e-01 9.059e+04
1.114e-01 8.946e+04
1.289e-01 7.993e+04
1.125e-01 8.849e+04
1.052e-01 9.342e+04
1.474e-01 6.893e+04
1.517e-01 7.068e+04
1.141e-01 8.902e+04
1.063e-01 9.392e+04
1.411e-01 7.256e+04
1.589e-01 6.785e+04
1.150e-01 8.702e+04
1.114e-01 8.993e+04
1.533e-01 6.732e+04
1.176e-01 8.574e+04
1.113e-01 9.014e+04
1.124e-01 8.882e+04
1.061e-01 9.438e+04
1.176e-01 8.594e+04
1.117e-01 8.883e+04
1.203e-01 8.534e+04
1.059e-01 9.433e+04
1.078e-01 9.202e+04
1.063e-01 9.381e+04
1.080e-01 9.226e+04
1.109e-01 8.937e+04
1.074e-01 9.332e+04
1.166e-01 8.649e+04
1.082e-01 9.203e+04
1.498e-01 7.015e+04
1.176e-01 8.583e+04
1.080e-01 9.268e+04
1.455e-01 7.025e+04
1.067e-01 9.292e+04
1.183e-01 8.546e+04
1.072e-01 9.253e+04
1.080e-01 9.236e+04
1.154e-01 8.593e+04
1.045e-01 9.531e+04
1.075e-01 9.321e+04
1.080e-01 9.236e+04
1.069e-01 9.315e+04
1.166e-01 8.737e+04
1.373e-01 7.428e+04
1.047e-01 9.439e+04
1.507e-01 6.855e+04
1.143e-01 8.865e+04
1.063e-01 9.380e+04
1.067e-01 9.248e+04
1.091e-01 9.069e+04
1.047e-01 9.419e+04
1.173e-01 8.611e+04
1.119e-01 8.957e+04
1.074e-01 9.265e+04
1.093e-01 9.095e+04
1.093e-01 9.065e+04
1.065e-01 9.324e+04
1.076e-01 9.236e+04
1.448e-01 7.125e+04
1.214e-01 8.426e+04
1.180e-01 8.443e+04
1.054e-01 9.411e+04
1.070e-01 9.325e+04
1.393e-01 7.394e+04
1.071e-01 9.208e+04
1.030e-01 9.691e+04
1.548e-01 7.040e+04
1.072e-01 9.291e+04
1.053e-01 9.461e+04
1.086e-01 9.191e+04
1.126e-01 8.920e+04
1.089e-01 9.164e+04
1.122e-01 8.840e+04
1.045e-01 9.538e+04
1.095e-01 9.090e+04
1.176e-01 8.465e+04
1.068e-01 9.362e+04
1.062e-01 9.342e+04
1.171e-01 8.594e+04
1.562e-01 6.901e+04
1.090e-01 9.091e+04
1.145e-01 8.705e+04
1.470e-01 7.152e+04
1.092e-01 9.058e+04
1.092e-01 9.190e+04
1.076e-01 9.203e+04
1.380e-01 7.544e+04
1.067e-01 9.337e+04
1.041e-01 9.526e+04
1.155e-01 8.710e+04
1.161e-01 8.636e+04
1.321e-01 7.695e+04
1.108e-01 9.096e+04
1.136e-01 8.836e+04
1.498e-01 6.869e+04
1.084e-01 9.129e+04
1.503e-01 6.999e+04
1.062e-01 9.365e+04
1.499e-01 6.860e+04
1.078e-01 9.327e+04
1.554e-01 6.820e+04
1.112e-01 8.962e+04
1.093e-01 9.098e+04
1.155e-01 8.658e+04
1.039e-01 9.625e+04
1.073e-01 9.228e+04
1.067e-01 9.339e+04
1.074e-01 9.292e+04
1.352e-01 7.653e+04
1.583e-01 6.717e+04
1.112e-01 9.079e+04
1.078e-01 9.272e+04
1.038e-01 9.638e+04
1.115e-01 9.051e+04
1.063e-01 9.463e+04
1.108e-01 9.011e+04
1.068e-01 9.248e+04
1.249e-01 7.982e+04
1.092e-01 9.142e+04
1.059e-01 9.443e+04
1.094e-01 9.075e+04
1.050e-01 9.416e+04
1.085e-01 9.184e+04
1.589e-01 6.814e+04
1.592e-01 6.748e+04
1.187e-01 8.526e+04
1.096e-01 9.055e+04
1.653e-01 6.674e+04
1.573e-01 6.817e+04
1.104e-01 9.105e+04
1.092e-01 9.156e+04
1.090e-01 9.140e+04
1.063e-01 9.416e+04
1.143e-01 8.834e+04
1.124e-01 8.908e+04
1.066e-01 9.334e+04
1.079e-01 9.201e+04
1.083e-01 9.268e+04
1.177e-01 8.450e+04
1.082e-01 9.219e+04
1.129e-01 8.816e+04
1.087e-01 9.188e+04
1.365e-01 7.575e+04
1.050e-01 9.510e+04
1.125e-01 8.985e+04
1.047e-01 9.481e+04
1.082e-01 9.209e+04
1.082e-01 9.212e+04
1.158e-01 8.674e+04
1.057e-01 9.423e+04
1.064e-01 9.342e+04
1.048e-01 9.409e+04
1.108e-01 9.060e+04
1.059e-01 9.396e+04
1.101e-01 9.091e+04
1.155e-01 8.681e+04
1.396e-01 7.201e+04
1.075e-01 9.253e+04
1.581e-01 6.777e+04
1.090e-01 9.164e+04
1.083e-01 9.276e+04
1.085e-01 9.232e+04
1.467e-01 7.016e+04
1.186e-01 8.445e+04
1.068e-01 9.413e+04
1.118e-01 8.772e+04
1.025e-01 9.656e+04
1.183e-01 8.529e+04
1.083e-01 9.223e+04
1.058e-01 9.356e+04
1.182e-01 8.550e+04
1.068e-01 9.377e+04
1.105e-01 9.088e+04
1.069e-01 9.242e+04
1.079e-01 9.294e+04
1.039e-01 9.529e+04
1.097e-01 9.163e+04
1.073e-01 9.256e+04
1.070e-01 9.322e+04
1.067e-01 9.320e+04
1.064e-01 9.299e+04
1.107e-01 9.045e+04
1.107e-01 9.011e+04
1.082e-01 9.183e+04
1.075e-01 9.305e+04
1.135e-01 8.811e+04
1.281e-01 7.928e+04
1.157e-01 8.643e+04
1.089e-01 9.161e+04
1.460e-01 7.039e+04
1.137e-01 8.877e+04
1.082e-01 9.190e+04
1.086e-01 9.174e+04
1.148e-01 8.802e+04
1.126e-01 8.894e+04
1.555e-01 6.764e+04
1.225e-01 8.253e+04
1.110e-01 8.989e+04
1.173e-01 8.569e+04
1.067e-01 9.323e+04
1.115e-01 9.038e+04
1.090e-01 9.149e+04
1.096e-01 9.216e+04
1.119e-01 8.951e+04
1.112e-01 9.072e+04
1.526e-01 6.868e+04
1.214e-01 8.414e+04
1.631e-01 6.729e+04
1.074e-01 9.294e+04
1.246e-01 8.183e+04
1.361e-01 7.549e+04
1.250e-01 8.012e+04
1.126e-01 8.847e+04
1.105e-01 9.101e+04
1.492e-01 7.073e+04
1.463e-01 6.986e+04
1.106e-01 9.113e+04
1.070e-01 9.258e+04
1.102e-01 9.137e+04
1.089e-01 9.187e+04
1.184e-01 8.612e+04
1.467e-01 6.866e+04
1.317e-01 7.707e+04
1.067e-01 9.317e+04
1.090e-01 9.211e+04
1.196e-01 8.560e+04
1.101e-01 9.040e+04
1.526e-01 6.850e+04
1.083e-01 9.164e+04
1.092e-01 9.076e+04
1.155e-01 8.663e+04
1.069e-01 9.309e+04
1.097e-01 9.070e+04
1.638e-01 6.628e+04
1.043e-01 9.541e+04
1.306e-01 7.867e+04
1.621e-01 6.799e+04
1.041e-01 9.596e+04
1.468e-01 7.234e+04
1.104e-01 9.156e+04
1.080e-01 9.249e+04
1.469e-01 7.221e+04
1.079e-01 9.192e+04
1.088e-01 9.177e+04
1.065e-01 9.265e+04
1.460e-01 7.023e+04
1.605e-01 6.660e+04
1.079e-01 9.218e+04
1.500e-01 6.935e+04
1.058e-01 9.366e+04
1.568e-01 6.772e+04
1.174e-01 8.597e+04
1.085e-01 9.234e+04
1.113e-01 9.054e+04
1.480e-01 6.986e+04
1.101e-01 9.082e+04
1.116e-01 8.953e+04
1.090e-01 9.286e+04
1.097e-01 9.072e+04
1.111e-01 9.005e+04
1.068e-01 9.325e+04
1.113e-01 8.969e+04
1.093e-01 9.075e+04
1.065e-01 9.367e+04
1.578e-01 6.659e+04
1.554e-01 6.747e+04
1.170e-01 8.584e+04
1.271e-01 8.075e+04
1.532e-01 6.748e+04
1.148e-01 8.693e+04
1.134e-01 8.740e+04
1.064e-01 9.305e+04
1.050e-01 9.429e+04
1.474e-01 6.819e+04
1.056e-01 9.521e+04
1.331e-01 7.785e+04
1.457e-01 7.192e+04
1.545e-01 7.073e+04
1.117e-01 8.903e+04
1.100e-01 9.033e+04
1.693e-01 6.591e+04
1.136e-01 8.921e+04
1.106e-01 9.083e+04
1.044e-01 9.447e+04
1.567e-01 6.566e+04
1.033e-01 9.619e+04
1.681e-01 6.693e+04
1.605e-01 6.659e+04
1.074e-01 9.236e+04
1.060e-01 9.289e+04
1.058e-01 9.388e+04
1.163e-01 8.552e+04
1.056e-01 9.428e+04
1.120e-01 9.088e+04
1.081e-01 9.265e+04
1.231e-01 8.295e+04
1.102e-01 9.077e+04
1.125e-01 8.961e+04
1.074e-01 9.203e+04
1.036e-01 9.611e+04
1.095e-01 9.237e+04
1.085e-01 9.243e+04
1.152e-01 8.808e+04
1.162e-01 8.680e+04
1.117e-01 8.871e+04
1.099e-01 9.064e+04
1.071e-01 9.338e+04
1.055e-01 9.401e+04
1.090e-01 9.207e+04
1.085e-01 9.173e+04
1.104e-01 9.054e+04
1.045e-01 9.521e+04
1.641e-01 6.742e+04
1.183e-01 8.445e+04
1.068e-01 9.341e+04
1.654e-01 6.643e+04
1.063e-01 9.350e+04
1.090e-01 9.239e+04
1.094e-01 8.964e+04
1.098e-01 9.131e+04
1.641e-01 6.504e+04
1.034e-01 9.622e+04
1.099e-01 9.012e+04
1.084e-01 9.235e+04
1.119e-01 8.942e+04
1.062e-01 9.349e+04
1.062e-01 9.362e+04
1.157e-01 8.632e+04
1.093e-01 9.103e+04
1.071e-01 9.328e+04
1.358e-01 7.472e+04
1.209e-01 8.300e+04
1.554e-01 6.839e+04
1.125e-01 8.839e+04
1.037e-01 9.562e+04
1.588e-01 6.659e+04
1.050e-01 9.395e+04
1.356e-01 7.426e+04
1.569e-01 6.734e+04
1.085e-01 9.227e+04
1.659e-01 6.642e+04
1.121e-01 8.932e+04
1.065e-01 9.315e+04
1.542e-01 7.005e+04
1.649e-01 6.489e+04
1.077e-01 9.307e+04
1.623e-01 6.644e+04
1.114e-01 8.995e+04
1.069e-01 9.392e+04
1.150e-01 8.610e+04
1.052e-01 9.419e+04
1.072e-01 9.284e+04
1.454e-01 7.048e+04
1.468e-01 7.017e+04
1.045e-01 9.528e+04
1.115e-01 8.941e+04
1.560e-01 6.833e+04
1.096e-01 9.112e+04
1.107e-01 9.023e+04
1.252e-01 8.177e+04
1.655e-01 6.457e+04
1.139e-01 8.830e+04
1.055e-01 9.310e+04
1.166e-01 8.695e+04
1.564e-01 6.780e+04
1.038e-01 9.565e+04
1.071e-01 9.170e+04
1.077e-01 9.279e+04
1.208e-01 8.445e+04
1.070e-01 9.281e+04
1.076e-01 9.262e+04
1.475e-01 6.975e+04
1.102e-01 9.025e+04
1.084e-01 9.252e+04
1.644e-01 6.652e+04
1.132e-01 8.801e+04
1.109e-01 9.071e+04
1.076e-01 9.292e+04
1.094e-01 9.134e+04
1.060e-01 9.328e+04
1.064e-01 9.381e+04
1.138e-01 8.789e+04
1.124e-01 8.929e+04
1.602e-01 6.584e+04
1.088e-01 9.245e+04
1.063e-01 9.333e+04
1.084e-01 9.227e+04
1.101e-01 9.030e+04
1.290e-01 7.817e+04
1.088e-01 9.146e+04
1.578e-01 6.713e+04
1.059e-01 9.397e+04
1.366e-01 7.502e+04
1.093e-01 9.154e+04
1.067e-01 9.272e+04
1.089e-01 9.222e+04
1.047e-01 9.535e+04
1.502e-01 6.959e+04
1.057e-01 9.435e+04
1.440e-01 7.125e+04
1.085e-01 9.221e+04
1.235e-01 8.122e+04
1.103e-01 9.150e+04
1.122e-01 8.983e+04
1.084e-01 9.202e+04
1.078e-01 9.137e+04
1.080e-01 9.204e+04
1.094e-01 9.181e+04
1.051e-01 9.508e+04
1.108e-01 8.994e+04
1.066e-01 9.343e+04
1.065e-01 9.274e+04
1.307e-01 7.780e+04
1.648e-01 6.505e+04
1.144e-01 8.753e+04
1.053e-01 9.408e+04
1.608e-01 6.707e+04
1.092e-01 9.180e+04
1.133e-01 8.780e+04
1.112e-01 9.040e+04
1.601e-01 6.688e+04
1.021e-01 9.725e+04
1.586e-01 6.622e+04
1.516e-01 7.061e+04
1.090e-01 9.129e+04
1.136e-01 8.756e+04
1.045e-01 9.562e+04
1.136e-01 8.876e+04
1.572e-01 6.807e+04
1.406e-01 7.165e+04
1.121e-01 8.882e+04
1.037e-01 9.560e+04
1.628e-01 6.587e+04
1.037e-01 9.572e+04
1.161e-01 8.633e+04
1.385e-01 7.487e+04
1.142e-01 8.708e+04
1.078e-01 9.231e+04
1.168e-01 8.499e+04
1.072e-01 9.294e+04
1.536e-01 6.789e+04
1.549e-01 6.906e+04
1.087e-01 9.149e+04
1.665e-01 6.604e+04
1.061e-01 9.293e+04
1.096e-01 9.198e+04
1.391e-01 7.446e+04
1.429e-01 7.190e+04
1.045e-01 9.499e+04
1.176e-01 8.514e+04
1.109e-01 8.910e+04
1.086e-01 9.112e+04
1.133e-01 8.812e+04
1.130e-01 8.910e+04
1.048e-01 9.456e+04
1.066e-01 9.353e+04
1.065e-01 9.275e+04
1.159e-01 8.727e+04
1.059e-01 9.329e+04
1.059e-01 9.406e+04
1.077e-01 9.252e+04
1.124e-01 8.867e+04
1.120e-01 8.966e+04
1.126e-01 8.922e+04
1.067e-01 9.336e+04
1.268e-01 7.988e+04
1.083e-01 9.170e+04
1.074e-01 9.190e+04
1.207e-01 8.185e+04
1.192e-01 8.475e+04
1.204e-01 8.311e+04
1.089e-01 9.140e+04
1.112e-01 9.030e+04
1.096e-01 9.074e+04
1.078e-01 9.254e+04
1.091e-01 9.020e+04
1.065e-01 9.370e+04
1.084e-01 9.216e+04
1.422e-01 7.283e+04
1.525e-01 6.926e+04
1.064e-01 9.275e+04
1.058e-01 9.485e+04
1.037e-01 9.572e+04
1.084e-01 9.125e+04
1.610e-01 6.725e+04
1.388e-01 7.239e+04
1.084e-01 9.165e+04
1.087e-01 9.124e+04
1.475e-01 7.182e+04
1.031e-01 9.666e+04
1.101e-01 9.026e+04
1.053e-01 9.397e+04
1.050e-01 9.411e+04
1.067e-01 9.350e+04
1.101e-01 8.897e+04
1.118e-01 9.060e+04
1.076e-01 9.341e+04
1.137e-01 8.722e+04
1.430e-01 7.217e+04
1.146e-01 8.669e+04
1.523e-01 6.747e+04
1.077e-01 9.261e+04
1.086e-01 9.186e+04
1.621e-01 6.798e+04
1.088e-01 9.182e+04
1.472e-01 7.093e+04
1.080e-01 9.289e+04
1.328e-01 7.528e+04
1.153e-01 8.752e+04
1.074e-01 9.288e+04
1.143e-01 8.641e+04
1.066e-01 9.344e+04
1.559e-01 6.845e+04
1.075e-01 9.361e+04
1.048e-01 9.403e+04
1.083e-01 9.171e+04
1.054e-01 9.426e+04
1.578e-01 6.850e+04
1.090e-01 9.087e+04
1.106e-01 9.079e+04
1.073e-01 9.341e+04
1.137e-01 8.821e+04
1.078e-01 9.170e+04
1.414e-01 7.204e+04
1.157e-01 8.646e+04
1.061e-01 9.422e+04
1.621e-01 6.607e+04
1.059e-01 9.383e+04
1.146e-01 8.868e+04
1.217e-01 8.336e+04
1.556e-01 6.769e+04
1.680e-01 6.586e+04
1.073e-01 9.246e+04
1.542e-01 6.972e+04
1.076e-01 9.220e+04
1.085e-01 9.289e+04
1.102e-01 9.151e+04
1.039e-01 9.521e+04
1.123e-01 8.980e+04
1.088e-01 9.248e+04
1.174e-01 8.566e+04
1.507e-01 6.654e+04
1.141e-01 8.809e+04
1.367e-01 7.493e+04
1.049e-01 9.552e+04
1.049e-01 9.568e+04
1.150e-01 8.708e+04
1.589e-01 6.849e+04
1.108e-01 8.949e+04
1.091e-01 9.170e+04
1.134e-01 8.836e+04
1.085e-01 9.184e+04
1.058e-01 9.446e+04
1.106e-01 8.999e+04
1.131e-01 8.921e+04
1.077e-01 9.128e+04
1.067e-01 9.264e+04
1.462e-01 7.346e+04
1.093e-01 9.120e+04
1.077e-01 9.196e+04
1.053e-01 9.461e+04
1.066e-01 9.439e+04
1.121e-01 8.901e+04
1.192e-01 8.391e+04
1.114e-01 8.918e+04
1.336e-01 7.567e+04
1.630e-01 6.757e+04
1.057e-01 9.514e+04
1.073e-01 9.336e+04
1.101e-01 9.034e+04
1.164e-01 8.533e+04
1.479e-01 7.005e+04
1.096e-01 9.079e+04
1.083e-01 9.205e+04
1.066e-01 9.356e+04
1.095e-01 9.032e+04
1.119e-01 8.949e+04
1.516e-01 6.873e+04
1.599e-01 6.670e+04
1.077e-01 9.204e+04
1.165e-01 8.546e+04
1.080e-01 9.271e+04
1.213e-01 8.377e+04
1.622e-01 6.720e+04
1.128e-01 8.872e+04
1.094e-01 9.123e+04
1.151e-01 8.692e+04
1.194e-01 8.353e+04
1.604e-01 6.829e+04
1.093e-01 9.152e+04
1.065e-01 9.279e+04
1.216e-01 8.231e+04
1.092e-01 9.012e+04
1.164e-01 8.564e+04
1.129e-01 8.848e+04
1.045e-01 9.521e+04
1.135e-01 8.750e+04
1.050e-01 9.487e+04
1.102e-01 9.148e+04
1.046e-01 9.463e+04
1.102e-01 9.133e+04
1.051e-01 9.395e+04
1.641e-01 6.675e+04
1.071e-01 9.297e+04
1.546e-01 6.888e+04
1.104e-01 9.116e+04
1.058e-01 9.323e+04
1.079e-01 9.279e+04
1.068e-01 9.313e+04
1.417e-01 7.264e+04
1.572e-01 6.718e+04
1.492e-01 7.063e+04
1.093e-01 9.182e+04
1.119e-01 8.907e+04
1.128e-01 8.925e+04
1.069e-01 9.252e+04
1.129e-01 8.927e+04
1.067e-01 9.275e+04
1.094e-01 9.182e+04
1.110e-01 8.952e+04
1.105e-01 9.033e+04
1.062e-01 9.447e+04
1.066e-01 9.335e+04
1.085e-01 9.105e+04
1.171e-01 8.681e+04
1.137e-01 8.897e+04
1.553e-01 6.770e+04
1.079e-01 9.264e+04
1.090e-01 9.032e+04
1.072e-01 9.330e+04
1.068e-01 9.423e+04
1.557e-01 6.673e+04
1.137e-01 8.820e+04
1.429e-01 7.253e+04
1.074e-01 9.226e+04
1.093e-01 9.102e+04
1.097e-01 9.166e+04
1.087e-01 9.232e+04
1.070e-01 9.307e+04
1.608e-01 6.871e+04
1.079e-01 9.279e+04
1.176e-01 8.667e+04
1.107e-01 9.042e+04
1.091e-01 9.154e+04
1.335e-01 7.738e+04
1.513e-01 6.785e+04
1.138e-01 8.884e+04
1.087e-01 9.224e+04
1.064e-01 9.386e+04
1.588e-01 6.683e+04
1.100e-01 9.121e+04
1.067e-01 9.277e+04
1.395e-01 7.471e+04
1.144e-01 8.647e+04
1.087e-01 9.200e+04
1.145e-01 8.770e+04
1.110e-01 9.015e+04
1.130e-01 8.867e+04
1.035e-01 9.541e+04
1.123e-01 8.976e+04
1.189e-01 8.472e+04
1.613e-01 6.888e+04
1.091e-01 9.100e+04
1.062e-01 9.427e+04
1.459e-01 7.049e+04
1.086e-01 9.268e+04
1.197e-01 8.344e+04
1.444e-01 7.148e+04
1.408e-01 7.475e+04
1.085e-01 9.293e+04
1.452e-01 7.204e+04
1.111e-01 8.963e+04
1.107e-01 9.083e+04
1.122e-01 8.892e+04
1.338e-01 7.552e+04
1.149e-01 8.709e+04
1.456e-01 7.185e+04
1.310e-01 7.788e+04
1.104e-01 9.085e+04
1.166e-01 8.547e+04
1.501e-01 6.950e+04
1.101e-01 9.123e+04
1.066e-01 9.239e+04
1.136e-01 8.906e+04
1.097e-01 9.073e+04
1.078e-01 9.286e+04
1.064e-01 9.323e+04
1.242e-01 8.152e+04
1.074e-01 9.143e+04
1.551e-01 6.734e+04
1.208e-01 8.206e+04
1.117e-01 8.934e+04
1.035e-01 9.634e+04
1.076e-01 9.291e+04
1.080e-01 9.269e+04
1.350e-01 7.695e+04
1.058e-01 9.414e+04
1.111e-01 8.992e+04
1.079e-01 9.289e+04
1.209e-01 8.391e+04
1.078e-01 9.272e+04
1.051e-01 9.449e+04
1.063e-01 9.253e+04
1.122e-01 8.915e+04
1.067e-01 9.409e+04
1.077e-01 9.254e+04
1.135e-01 8.777e+04
1.100e-01 9.017e+04
1.092e-01 9.065e+04
1.052e-01 9.519e+04
1.088e-01 9.131e+04
1.059e-01 9.371e+04
1.160e-01 8.682e+04
1.119e-01 8.952e+04
1.064e-01 9.368e+04
1.067e-01 9.285e+04
1.160e-01 8.645e+04
1.584e-01 6.468e+04
1.087e-01 9.259e+04
1.606e-01 6.631e+04
1.615e-01 6.812e+04
1.094e-01 9.181e+04
1.132e-01 8.953e+04
1.110e-01 9.071e+04
1.592e-01 6.750e+04
1.070e-01 9.257e+04
1.581e-01 6.784e+04
1.097e-01 9.110e+04
1.109e-01 9.067e+04
1.286e-01 8.014e+04
1.083e-01 9.209e+04
1.099e-01 9.192e+04
1.083e-01 9.314e+04
1.453e-01 7.235e+04
1.059e-01 9.378e+04
1.122e-01 8.903e+04
1.049e-01 9.571e+04
1.039e-01 9.564e+04
1.352e-01 7.747e+04
1.539e-01 6.978e+04
1.542e-01 6.810e+04
1.286e-01 7.959e+04
1.137e-01 8.823e+04
1.029e-01 9.713e+04
1.107e-01 9.055e+04
1.074e-01 9.278e+04
1.040e-01 9.588e+04
1.096e-01 9.141e+04
1.104e-01 9.058e+04
1.092e-01 9.231e+04
1.508e-01 6.881e+04
1.064e-01 9.380e+04
1.111e-01 8.995e+04
1.040e-01 9.530e+04
1.271e-01 7.922e+04
1.056e-01 9.491e+04
1.076e-01 9.282e+04
1.069e-01 9.204e+04
1.090e-01 9.149e+04
1.033e-01 9.642e+04
1.396e-01 7.468e+04
1.095e-01 9.152e+04
1.061e-01 9.434e+04
1.549e-01 6.872e+04
1.221e-01 8.277e+04
1.129e-01 8.891e+04
1.042e-01 9.516e+04
1.069e-01 9.204e+04
1.078e-01 9.225e+04
1.076e-01 9.258e+04
1.174e-01 8.560e+04
1.103e-01 9.156e+04
1.433e-01 7.376e+04
1.053e-01 9.457e+04
1.050e-01 9.421e+04
1.085e-01 9.127e+04
1.103e-01 9.120e+04
1.314e-01 7.775e+04
1.126e-01 8.896e+04
1.048e-01 9.566e+04
1.477e-01 6.897e+04
1.423e-01 7.190e+04
1.614e-01 6.582e+04
1.069e-01 9.258e+04
1.595e-01 6.550e+04
1.071e-01 9.267e+04
1.211e-01 8.260e+04
1.080e-01 9.218e+04
1.080e-01 9.219e+04
1.166e-01 8.522e+04
1.072e-01 9.320e+04
1.079e-01 9.219e+04
1.028e-01 9.633e+04
1.306e-01 7.797e+04
1.541e-01 6.675e+04
1.100e-01 9.092e+04
1.103e-01 9.057e+04
1.072e-01 9.294e+04
1.093e-01 9.133e+04
1.066e-01 9.391e+04
1.457e-01 7.137e+04
1.126e-01 8.896e+04
1.051e-01 9.468e+04
1.164e-01 8.738e+04
1.261e-01 7.951e+04
1.059e-01 9.387e+04
1.078e-01 9.293e+04
1.117e-01 9.033e+04
1.099e-01 9.085e+04
1.176e-01 8.416e+04
1.044e-01 9.477e+04
1.535e-01 7.017e+04
1.098e-01 9.071e+04
1.080e-01 9.149e+04
1.130e-01 8.788e+04
1.057e-01 9.386e+04
1.081e-01 9.140e+04
1.180e-01 8.535e+04
1.530e-01 6.660e+04
1.129e-01 8.827e+04
1.072e-01 9.346e+04
1.069e-01 9.291e+04
1.053e-01 9.374e+04
1.025e-01 9.662e+04
1.059e-01 9.408e+04
1.307e-01 7.826e+04
1.126e-01 8.883e+04
1.362e-01 7.407e+04
1.138e-01 8.655e+04
1.082e-01 9.243e+04
1.098e-01 9.121e+04
1.567e-01 6.707e+04
1.088e-01 9.218e+04
1.285e-01 7.884e+04
1.094e-01 9.131e+04
1.130e-01 8.961e+04
1.070e-01 9.266e+04
1.067e-01 9.377e+04
1.315e-01 7.869e+04
1.307e-01 7.829e+04
1.654e-01 6.535e+04
1.115e-01 8.933e+04
1.022e-01 9.740e+04
1.165e-01 8.693e+04
1.090e-01 9.193e+04
1.552e-01 6.954e+04
1.222e-01 8.107e+04
1.095e-01 9.187e+04
1.199e-01 8.431e+04
1.087e-01 9.217e+04
1.603e-07 2.246e+03
1.481e-01 6.988e+04
1.064e-01 9.263e+04
1.127e-01 8.836e+04
1.033e-01 9.668e+04
1.569e-01 6.662e+04
1.074e-01 9.366e+04
1.075e-01 9.198e+04
1.472e-01 7.072e+04
1.075e-01 9.267e+04
1.197e-01 8.253e+04
1.071e-01 9.369e+04
1.186e-01 8.523e+04
1.074e-01 9.359e+04
1.213e-01 8.426e+04
1.079e-01 9.220e+04
1.079e-01 9.298e+04
1.093e-01 9.187e+04
1.116e-01 8.951e+04
1.065e-01 9.288e+04
1.060e-01 9.265e+04
1.158e-01 8.691e+04
1.486e-01 7.190e+04
1.389e-01 7.374e+04
1.507e-01 6.828e+04
1.553e-01 6.991e+04
1.088e-01 9.245e+04
1.191e-01 8.528e+04
1.125e-01 8.914e+04
1.116e-01 8.847e+04
1.518e-01 7.047e+04
1.064e-01 9.392e+04
1.139e-01 8.806e+04
1.067e-01 9.298e+04
1.090e-01 9.222e+04
1.091e-01 9.030e+04
1.081e-01 9.199e+04
1.058e-01 9.362e+04
1.093e-01 9.140e+04
1.594e-01 6.749e+04
1.261e-01 8.111e+04
1.236e-01 8.294e+04
1.561e-01 6.781e+04
1.071e-01 9.276e+04
1.089e-01 9.137e+04
1.044e-01 9.558e+04
1.086e-01 9.089e+04
1.079e-01 9.265e+04
1.058e-01 9.391e+04
1.322e-01 7.535e+04
1.060e-01 9.417e+04
1.098e-01 9.132e+04
1.344e-01 7.645e+04
1.102e-01 9.034e+04
1.530e-01 6.786e+04
1.029e-01 9.647e+04
1.162e-01 8.730e+04
1.060e-01 9.419e+04
1.593e-01 6.569e+04
1.634e-01 6.668e+04
1.068e-01 9.406e+04
1.092e-01 9.107e+04
1.085e-01 9.119e+04
1.082e-01 9.160e+04
1.102e-01 8.966e+04
1.052e-01 9.459e+04
1.083e-01 9.158e+04
1.107e-01 9.098e+04
1.057e-01 9.355e+04
1.075e-01 9.255e+04
1.090e-01 9.220e+04
1.083e-01 9.139e+04
1.106e-01 9.011e+04
1.078e-01 9.293e+04
1.032e-01 9.648e+04
1.079e-01 9.157e+04
1.103e-01 9.117e+04
1.111e-01 9.092e+04
1.163e-01 8.514e+04
1.081e-01 9.353e+04
1.082e-01 9.233e+04
1.158e-01 8.694e+04
1.178e-01 8.590e+04
1.349e-01 7.546e+04
1.572e-01 6.638e+04
1.400e-01 7.604e+04
1.548e-01 6.936e+04
1.067e-01 9.310e+04
1.468e-01 6.914e+04
1.165e-01 8.487e+04
1.098e-01 9.057e+04
1.122e-01 8.958e+04
1.093e-01 9.138e+04
1.311e-01 7.802e+04
1.058e-01 9.447e+04
1.607e-01 6.631e+04
1.487e-01 6.886e+04
1.547e-01 6.899e+04
1.353e-01 7.517e+04
1.100e-01 9.195e+04
1.508e-01 6.831e+04
1.092e-01 9.187e+04
1.067e-01 9.275e+04
1.128e-01 8.905e+04
1.235e-01 8.267e+04
1.074e-01 9.296e+04
1.054e-01 9.479e+04
1.088e-01 9.165e+04
1.058e-01 9.408e+04
1.060e-01 9.359e+04
1.062e-01 9.335e+04
1.102e-01 8.901e+04
1.149e-01 8.705e+04
1.099e-01 9.031e+04
1.120e-01 9.026e+04
1.083e-01 9.221e+04
1.083e-01 9.271e+04
1.410e-01 7.301e+04
1.063e-01 9.340e+04
1.088e-01 9.145e+04
1.187e-01 8.396e+04
1.093e-01 9.158e+04
1.091e-01 9.236e+04
1.133e-01 8.880e+04
1.046e-01 9.487e+04
1.633e-01 6.710e+04
1.079e-01 9.357e+04
1.114e-01 9.038e+04
1.091e-01 9.145e+04
1.379e-01 7.295e+04
1.064e-01 9.326e+04
1.138e-01 8.829e+04
1.458e-01 7.043e+04
1.119e-01 9.019e+04
1.074e-01 9.234e+04
1.085e-01 9.180e+04
1.115e-01 8.937e+04
1.083e-01 9.210e+04
1.081e-01 9.214e+04
1.576e-01 6.729e+04
1.699e-01 6.530e+04
1.107e-01 8.993e+04
1.068e-01 9.201e+04
1.085e-01 9.210e+04
1.528e-01 6.862e+04
1.396e-01 7.484e+04
1.025e-01 9.699e+04
1.164e-01 8.721e+04
1.121e-01 8.948e+04
1.099e-01 9.070e+04
1.109e-01 9.005e+04
1.120e-01 8.949e+04
1.146e-01 8.811e+04
1.056e-01 9.423e+04
1.039e-01 9.618e+04
1.550e-01 6.773e+04
1.108e-01 8.947e+04
1.058e-01 9.368e+04
1.048e-01 9.561e+04
1.486e-01 6.799e+04
1.343e-01 7.515e+04
1.069e-01 9.339e+04
1.064e-01 9.437e+04
1.076e-01 9.250e+04
1.128e-01 8.842e+04
1.123e-01 8.903e+04
1.195e-01 8.508e+04
1.126e-01 8.932e+04
1.447e-01 7.132e+04
1.097e-01 9.123e+04
1.083e-01 9.188e+04
1.101e-01 9.030e+04
1.068e-01 9.400e+04
1.102e-01 9.082e+04
1.069e-01 9.348e+04
1.074e-01 9.319e+04
1.046e-01 9.586e+04
1.156e-01 8.723e+04
1.100e-01 9.009e+04
1.065e-01 9.288e+04
1.104e-01 9.025e+04
1.358e-01 7.528e+04
1.069e-01 9.339e+04
1.155e-01 8.663e+04
1.111e-01 9.012e+04
1.124e-01 8.862e+04
1.075e-01 9.321e+04
1.115e-01 9.038e+04
1.079e-01 9.235e+04
1.084e-01 9.214e+04
1.106e-01 9.156e+04
1.093e-01 9.087e+04
1.624e-01 6.837e+04
1.044e-01 9.519e+04
1.134e-01 8.860e+04
1.130e-01 8.895e+04
1.074e-01 9.231e+04
1.062e-01 9.284e+04
1.106e-01 8.926e+04
1.050e-01 9.426e+04
1.091e-01 9.251e+04
1.542e-01 6.775e+04
1.147e-01 8.739e+04
1.059e-01 9.322e+04
1.311e-01 7.622e+04
1.083e-01 9.114e+04
1.395e-01 7.356e+04
1.602e-01 6.573e+04
1.117e-01 8.917e+04
1.245e-01 8.137e+04
1.126e-01 8.814e+04
1.077e-01 9.327e+04
1.092e-01 9.074e+04
1.110e-01 8.926e+04
1.373e-01 7.493e+04
1.074e-01 9.269e+04
1.067e-01 9.321e+04
1.600e-01 6.588e+04
1.109e-01 9.061e+04
1.145e-01 8.762e+04
1.090e-01 9.150e+04
1.070e-01 9.247e+04
1.077e-01 9.239e+04
1.101e-01 9.043e+04
1.141e-01 8.853e+04
1.068e-01 9.346e+04
1.105e-01 8.993e+04
1.418e-01 7.426e+04
1.132e-01 8.770e+04
1.093e-01 9.149e+04
1.066e-01 9.313e+04
1.038e-01 9.560e+04
1.114e-01 9.063e+04
1.321e-01 7.692e+04
1.566e-01 6.541e+04
1.501e-01 6.901e+04
1.572e-01 6.621e+04
1.070e-01 9.294e+04
1.044e-01 9.609e+04
1.110e-01 9.053e+04
1.114e-01 9.071e+04
1.092e-01 9.171e+04
1.103e-01 9.061e+04
1.152e-01 8.714e+04
1.071e-01 9.318e+04
1.098e-01 9.027e+04
1.127e-01 8.874e+04
1.222e-01 8.271e+04
1.073e-01 9.299e+04
1.184e-01 8.416e+04
1.070e-01 9.311e+04
1.095e-01 9.059e+04
1.634e-01 6.579e+04
1.071e-01 9.367e+04
1.125e-01 8.886e+04
1.031e-01 9.651e+04
1.093e-01 9.131e+04
1.076e-01 9.270e+04
1.451e-01 6.976e+04
1.062e-01 9.271e+04
1.062e-01 9.322e+04
1.125e-01 8.845e+04
1.087e-01 9.168e+04
1.070e-01 9.317e+04
1.070e-01 9.289e+04
1.093e-01 9.157e+04
1.124e-01 8.962e+04
1.100e-01 9.084e+04
1.100e-01 9.052e+04
1.544e-01 6.689e+04
1.085e-01 9.164e+04
1.103e-01 9.085e+04
1.267e-01 8.015e+04
1.069e-01 9.384e+04
1.430e-01 7.245e+04
1.359e-01 7.524e+04
1.459e-01 7.152e+04
1.550e-01 6.796e+04
1.103e-01 9.134e+04
1.082e-01 9.188e+04
1.120e-01 8.948e+04
1.271e-01 8.115e+04
1.440e-01 6.888e+04
1.096e-01 9.107e+04
1.059e-01 9.383e+04
1.129e-01 8.932e+04
1.102e-01 9.123e+04
1.083e-01 9.273e+04
1.061e-01 9.341e+04
1.051e-01 9.505e+04
1.038e-01 9.588e+04
1.506e-01 7.011e+04
1.593e-01 6.725e+04
1.142e-01 8.794e+04
1.158e-01 8.723e+04
1.119e-01 9.024e+04
1.141e-01 8.851e+04
1.081e-01 9.197e+04
1.638e-01 6.570e+04
1.059e-01 9.413e+04
1.609e-01 6.566e+04
1.540e-01 6.714e+04
1.104e-01 8.973e+04
1.081e-01 9.210e+04
1.132e-01 8.827e+04
1.499e-01 7.011e+04
1.134e-01 8.751e+04
1.082e-01 9.092e+04
1.092e-01 9.160e+04
1.058e-01 9.447e+04
1.106e-01 9.032e+04
1.165e-01 8.569e+04
1.072e-01 9.231e+04
1.116e-01 9.045e+04
1.075e-01 9.237e+04
1.093e-01 9.056e+04
1.091e-01 9.228e+04
1.069e-01 9.356e+04
1.096e-01 9.091e+04
1.112e-01 9.042e+04
1.095e-01 9.227e+04
1.085e-01 9.182e+04
1.079e-01 9.269e+04
1.477e-01 7.189e+04
1.096e-01 9.026e+04
1.034e-01 9.614e+04
1.139e-01 8.713e+04
1.070e-01 9.301e+04
1.340e-01 7.656e+04
1.051e-01 9.441e+04
1.489e-01 6.891e+04
1.184e-01 8.493e+04
1.463e-01 7.153e+04
1.582e-01 6.764e+04
1.089e-01 9.173e+04
1.079e-01 9.227e+04
1.128e-01 8.811e+04
1.080e-01 9.233e+04
1.089e-01 9.065e+04
1.033e-01 9.576e+04
1.105e-01 9.060e+04
1.185e-01 8.623e+04
1.190e-01 8.500e+04
1.129e-01 8.891e+04
1.113e-01 8.868e+04
1.077e-01 9.187e+04
1.430e-01 7.290e+04
1.285e-01 7.826e+04
1.063e-01 9.401e+04
1.071e-01 9.328e+04
1.609e-01 6.625e+04
1.171e-01 8.537e+04
1.061e-01 9.408e+04
1.157e-01 8.773e+04
1.110e-01 9.034e+04
1.104e-01 9.004e+04
1.079e-01 9.121e+04
1.391e-01 7.460e+04
1.117e-01 8.904e+04
1.173e-01 8.639e+04
1.045e-01 9.465e+04
1.046e-01 9.449e+04
1.508e-01 6.705e+04
1.487e-01 6.882e+04
1.107e-01 9.094e+04
1.566e-01 6.903e+04
1.126e-01 8.901e+04
1.097e-01 9.214e+04
1.098e-01 9.163e+04
1.482e-01 7.025e+04
1.057e-01 9.308e+04
1.136e-01 8.793e+04
1.135e-01 8.825e+04
1.126e-01 8.889e+04
1.395e-01 7.293e+04
1.170e-01 8.582e+04
1.031e-01 9.616e+04
1.127e-01 8.940e+04
1.052e-01 9.432e+04
1.054e-01 9.429e+04
1.103e-01 8.947e+04
1.491e-01 7.050e+04
1.109e-01 8.911e+04
1.084e-01 9.201e+04
1.106e-01 8.936e+04
1.072e-01 9.348e+04
1.089e-01 9.102e+04
1.056e-01 9.401e+04
1.085e-01 9.175e+04
1.089e-01 9.214e+04
1.071e-01 9.227e+04
1.077e-01 9.251e+04
1.413e-01 7.213e+04
1.133e-01 8.936e+04
1.138e-01 8.754e+04
1.085e-01 9.271e+04
1.107e-01 9.059e+04
1.131e-01 8.950e+04
1.535e-01 6.859e+04
1.071e-01 9.354e+04
1.104e-01 9.031e+04
1.125e-01 8.862e+04
1.593e-01 6.881e+04
1.563e-01 6.925e+04
1.363e-01 7.400e+04
1.342e-01 7.443e+04
1.079e-01 9.331e+04
1.086e-01 9.145e+04
1.071e-01 9.340e+04
1.119e-01 8.997e+04
1.598e-01 6.557e+04
1.261e-01 8.062e+04
1.089e-01 9.098e+04
1.069e-01 9.366e+04
1.446e-01 7.246e+04
1.113e-01 8.811e+04
1.030e-01 9.682e+04
1.106e-01 9.060e+04
1.080e-01 9.285e+04
1.084e-01 9.213e+04
1.375e-01 7.484e+04
1.142e-01 8.759e+04
1.025e-01 9.692e+04
1.616e-01 6.841e+04
1.615e-01 6.693e+04
1.102e-01 8.972e+04
1.081e-01 9.276e+04
1.111e-01 8.991e+04
1.060e-01 9.356e+04
1.519e-01 6.872e+04
1.079e-01 9.152e+04
1.190e-01 8.496e+04
1.162e-01 8.576e+04
1.103e-01 8.954e+04
1.133e-01 8.792e+04
1.089e-01 9.213e+04
1.394e-01 7.426e+04
1.023e-01 9.720e+04
1.089e-01 9.170e+04
1.111e-01 8.890e+04
1.112e-01 8.960e+04
1.076e-01 9.320e+04
1.482e-01 6.895e+04
1.114e-01 9.007e+04
1.167e-01 8.746e+04
1.282e-01 8.079e+04
1.524e-01 7.032e+04
1.059e-01 9.330e+04
1.066e-01 9.297e+04
1.101e-01 9.087e+04
1.073e-01 9.165e+04
1.060e-01 9.410e+04
1.073e-01 9.374e+04
1.354e-01 7.553e+04
1.170e-01 8.586e+04
1.074e-01 9.164e+04
1.354e-01 7.554e+04
1.104e-01 8.990e+04
1.128e-01 9.013e+04
1.571e-01 6.848e+04
1.094e-01 9.146e+04
1.165e-01 8.703e+04
1.284e-01 7.929e+04
1.065e-01 9.273e+04
1.545e-01 7.062e+04
1.663e-01 6.456e+04
1.128e-01 8.838e+04
1.571e-01 6.883e+04
1.101e-01 9.056e+04
1.067e-01 9.302e+04
1.090e-01 9.181e+04
1.120e-01 8.927e+04
1.478e-01 7.069e+04
1.047e-01 9.488e+04
1.407e-01 7.273e+04
1.124e-01 8.771e+04
1.073e-01 9.266e+04
1.044e-01 9.530e+04
1.089e-01 9.170e+04
1.101e-01 9.153e+04
1.066e-01 9.370e+04
1.499e-01 6.933e+04
1.323e-01 7.818e+04
1.100e-01 9.069e+04
1.059e-01 9.484e+04
1.166e-01 8.717e+04
1.278e-01 8.049e+04
1.139e-01 8.744e+04
1.523e-01 6.994e+04
1.717e-01 6.509e+04
1.074e-01 9.312e+04
1.066e-01 9.282e+04
1.071e-01 9.281e+04
1.117e-01 8.822e+04
1.076e-01 9.249e+04
1.066e-01 9.376e+04
1.098e-01 9.080e+04
1.143e-01 8.807e+04
1.100e-01 9.045e+04
1.199e-01 8.446e+04
1.162e-01 8.654e+04
1.079e-01 9.260e+04
1.423e-01 7.092e+04
1.107e-01 9.082e+04
1.068e-01 9.295e+04
1.110e-01 8.973e+04
1.320e-01 7.566e+04
1.332e-01 7.597e+04
1.577e-01 6.913e+04
1.065e-01 9.418e+04
1.131e-01 8.942e+04
1.068e-01 9.300e+04
1.443e-01 6.960e+04
1.098e-01 9.112e+04
1.501e-01 7.052e+04
1.175e-01 8.618e+04
1.111e-01 8.994e+04
1.075e-01 9.264e+04
1.060e-01 9.389e+04
1.065e-01 9.452e+04
1.589e-01 6.569e+04
1.102e-01 9.002e+04
1.068e-01 9.302e+04
1.143e-01 8.646e+04
1.157e-01 8.757e+04
1.329e-01 7.562e+04
1.269e-01 8.026e+04
1.067e-01 9.359e+04
1.079e-01 9.291e+04
1.262e-01 7.964e+04
1.563e-01 6.756e+04
1.233e-01 8.265e+04
1.063e-01 9.383e+04
1.353e-01 7.592e+04
1.054e-01 9.541e+04
1.077e-01 9.299e+04
1.556e-01 6.681e+04
1.118e-01 8.923e+04
1.119e-01 9.015e+04
1.085e-01 9.065e+04
1.120e-01 9.081e+04
1.065e-01 9.304e+04
1.035e-01 9.621e+04
1.180e-01 8.341e+04
1.086e-01 9.230e+04
1.092e-01 9.137e+04
1.099e-01 9.117e+04
1.099e-01 9.018e+04
1.565e-01 6.951e+04
1.278e-01 8.030e+04
1.065e-01 9.286e+04
1.095e-01 9.245e+04
1.622e-01 6.533e+04
1.178e-01 8.591e+04
1.587e-01 6.792e+04
1.078e-01 9.342e+04
1.085e-01 9.212e+04
1.273e-01 7.909e+04
1.286e-01 7.981e+04
1.486e-01 6.977e+04
1.134e-01 8.654e+04
1.070e-01 9.255e+04
1.755e-01 6.331e+04
1.070e-01 9.336e+04
1.127e-01 8.766e+04
1.050e-01 9.435e+04
1.062e-01 9.344e+04
1.329e-01 7.666e+04
1.088e-01 9.181e+04
1.064e-01 9.404e+04
1.282e-01 7.817e+04
1.067e-01 9.338e+04
1.064e-01 9.330e+04
1.113e-01 9.084e+04
1.037e-01 9.621e+04
1.120e-01 8.935e+04
1.141e-01 8.705e+04
1.102e-01 9.060e+04
1.069e-01 9.240e+04
1.140e-01 8.831e+04
1.091e-01 9.223e+04
1.116e-01 8.832e+04
1.048e-01 9.409e+04
1.072e-01 9.366e+04
1.092e-01 9.111e+04
1.576e-01 6.805e+04
1.085e-01 9.267e+04
1.660e-01 6.566e+04
1.057e-01 9.400e+04
1.141e-01 8.832e+04
1.071e-01 9.266e+04
1.245e-01 8.156e+04
1.088e-01 9.092e+04
1.080e-01 9.202e+04
1.098e-01 9.118e+04
1.066e-01 9.311e+04
1.076e-01 9.263e+04
1.110e-01 8.982e+04
1.119e-01 8.963e+04
1.138e-01 8.750e+04
1.049e-01 9.451e+04
1.062e-01 9.384e+04
1.045e-01 9.426e+04
1.160e-01 8.785e+04
1.072e-01 9.271e+04
1.345e-01 7.528e+04
1.072e-01 9.257e+04
1.097e-01 9.121e+04
1.428e-01 7.072e+04
1.694e-01 6.623e+04
1.050e-01 9.441e+04
1.104e-01 8.945e+04
1.116e-01 8.840e+04
1.094e-01 9.118e+04
1.112e-01 9.044e+04
1.086e-01 9.119e+04
1.554e-01 6.697e+04
1.146e-01 8.848e+04
1.071e-01 9.288e+04
1.164e-01 8.614e+04
1.066e-01 9.285e+04
1.087e-01 9.169e+04
1.140e-01 8.814e+04
1.063e-01 9.363e+04
1.071e-01 9.259e+04
1.150e-01 8.646e+04
1.056e-01 9.445e+04
1.082e-01 9.172e+04
1.094e-01 9.086e+04
1.109e-01 8.873e+04
1.041e-01 9.561e+04
1.115e-01 8.940e+04
1.028e-01 9.671e+04
1.137e-01 8.822e+04
1.054e-01 9.536e+04
1.070e-01 9.419e+04
1.078e-01 9.206e+04
1.110e-01 8.986e+04
1.184e-01 8.495e+04
1.078e-01 9.249e+04
1.202e-01 8.313e+04
1.072e-01 9.366e+04
1.495e-01 6.810e+04
1.078e-01 9.207e+04
1.515e-01 7.063e+04
1.071e-01 9.381e+04
1.122e-01 8.873e+04
1.138e-01 8.860e+04
1.063e-01 9.353e+04
1.074e-01 9.392e+04
1.198e-01 8.352e+04
1.608e-01 6.574e+04
1.063e-01 9.413e+04
1.167e-01 8.557e+04
1.151e-01 8.643e+04
1.073e-01 9.338e+04
1.215e-01 8.175e+04
1.095e-01 9.187e+04
1.074e-01 9.230e+04
1.106e-01 8.906e+04
1.095e-01 9.052e+04
1.067e-01 9.228e+04
1.084e-01 9.202e+04
1.061e-01 9.345e+04
1.067e-01 9.366e+04
1.106e-01 9.078e+04
1.381e-01 7.542e+04
1.044e-01 9.492e+04
1.162e-01 8.728e+04
1.106e-01 9.070e+04
1.484e-01 6.979e+04
1.091e-01 9.223e+04
1.124e-01 8.911e+04
1.056e-01 9.416e+04
1.111e-01 9.013e+04
1.184e-01 8.400e+04
1.092e-01 9.176e+04
1.100e-01 8.922e+04
1.512e-01 7.072e+04
1.026e-01 9.677e+04
1.039e-01 9.556e+04
1.081e-01 9.198e+04
1.187e-01 8.637e+04
1.495e-01 6.960e+04
1.125e-01 8.780e+04
1.152e-01 8.662e+04
1.581e-01 6.767e+04
1.070e-01 9.346e+04
1.158e-01 8.737e+04
1.301e-01 7.874e+04
1.080e-01 9.203e+04
1.042e-01 9.508e+04
1.597e-01 6.576e+04
1.073e-01 9.243e+04
1.286e-01 7.864e+04
1.116e-01 8.795e+04
1.560e-01 6.728e+04
1.640e-01 6.614e+04
1.085e-01 9.193e+04
1.614e-01 6.693e+04
1.058e-01 9.493e+04
1.065e-01 9.421e+04
1.482e-01 7.040e+04
1.101e-01 9.116e+04
1.112e-01 8.857e+04
1.041e-01 9.552e+04
1.048e-01 9.485e+04
1.119e-01 8.879e+04
1.089e-01 9.080e+04
1.092e-01 9.179e+04
1.550e-01 6.693e+04
1.155e-01 8.686e+04
1.143e-01 8.829e+04
1.124e-01 8.872e+04
1.090e-01 9.169e+04
1.076e-01 9.253e+04
1.494e-01 6.946e+04
1.090e-01 9.081e+04
1.091e-01 9.107e+04
1.073e-01 9.286e+04
1.110e-01 9.076e+04
1.621e-01 6.688e+04
1.075e-01 9.286e+04
1.162e-01 8.654e+04
1.068e-01 9.347e+04
1.089e-01 9.112e+04
1.079e-01 9.283e+04
1.493e-01 6.984e+04
1.487e-01 6.975e+04
1.052e-01 9.448e+04
1.083e-01 9.171e+04
1.133e-01 8.825e+04
1.072e-01 9.209e+04
1.078e-01 9.300e+04
1.258e-01 7.925e+04
1.616e-01 6.602e+04
1.046e-01 9.537e+04
1.100e-01 9.062e+04
1.080e-01 9.109e+04
1.664e-01 6.562e+04
1.065e-01 9.318e+04
1.060e-01 9.421e+04
1.062e-01 9.454e+04
1.209e-01 8.321e+04
1.124e-01 8.855e+04
1.042e-01 9.491e+04
1.561e-01 6.897e+04
1.071e-01 9.154e+04
1.612e-01 6.840e+04
1.074e-01 9.174e+04
1.065e-01 9.362e+04
1.358e-01 7.378e+04
1.040e-01 9.497e+04
1.155e-01 8.766e+04
1.080e-01 9.233e+04
1.527e-01 6.880e+04
1.609e-01 6.765e+04
1.060e-01 9.365e+04
1.043e-01 9.553e+04
1.099e-01 9.130e+04
1.095e-01 9.173e+04
1.105e-01 9.068e+04
1.086e-01 9.124e+04
1.051e-01 9.468e+04
1.079e-01 9.238e+04
1.099e-01 9.178e+04
1.507e-01 7.037e+04
1.101e-01 9.091e+04
1.134e-01 8.910e+04
1.043e-01 9.473e+04
1.088e-01 9.095e+04
1.058e-01 9.322e+04
1.513e-01 6.907e+04
1.085e-01 9.185e+04
1.208e-01 8.294e+04
1.095e-01 9.152e+04
1.103e-01 9.033e+04
1.121e-01 9.002e+04
1.071e-01 9.287e+04
1.617e-01 6.654e+04
1.054e-01 9.412e+04
1.045e-01 9.467e+04
1.047e-01 9.580e+04
1.040e-01 9.568e+04
1.049e-01 9.500e+04
1.157e-01 8.592e+04
1.125e-01 8.863e+04
1.062e-01 9.276e+04
1.691e-01 6.519e+04
1.076e-01 9.192e+04
1.566e-01 6.693e+04
1.508e-01 6.842e+04
1.075e-01 9.287e+04
1.641e-01 6.411e+04
1.534e-01 6.976e+04
1.068e-01 9.303e+04
1.170e-01 8.631e+04
1.362e-01 7.570e+04
1.129e-01 8.938e+04
1.188e-01 8.531e+04
1.087e-01 9.198e+04
1.075e-01 9.325e+04
1.642e-01 6.528e+04
1.072e-01 9.338e+04
1.103e-01 9.119e+04
1.084e-01 9.186e+04
1.133e-01 8.912e+04
1.070e-01 9.320e+04
1.160e-01 8.721e+04
1.147e-01 8.663e+04
1.122e-01 8.959e+04
1.077e-01 9.212e+04
1.626e-01 6.635e+04
1.046e-01 9.504e+04
1.087e-01 9.146e+04
1.082e-01 9.301e+04
1.114e-01 8.934e+04
1.114e-01 9.058e+04
1.520e-01 6.838e+04
1.142e-01 8.615e+04
1.083e-01 9.231e+04
1.102e-01 9.076e+04
1.106e-01 9.097e+04
1.512e-01 6.929e+04
1.519e-01 6.789e+04
1.054e-01 9.434e+04
1.160e-01 8.620e+04
1.100e-01 9.112e+04
1.082e-01 9.279e+04
1.077e-01 9.231e+04
1.108e-01 8.888e+04
1.072e-01 9.312e+04
1.280e-01 8.059e+04
1.117e-01 9.033e+04
1.573e-01 6.710e+04
1.073e-01 9.274e+04
1.116e-01 8.874e+04
1.082e-01 9.166e+04
1.054e-01 9.425e+04
1.039e-01 9.596e+04
1.537e-01 6.823e+04
1.093e-01 9.041e+04
1.267e-01 8.061e+04
1.103e-01 9.027e+04
1.096e-01 9.202e+04
1.071e-01 9.294e+04
1.093e-01 9.095e+04
1.088e-01 9.051e+04
1.070e-01 9.346e+04
1.061e-01 9.368e+04
1.636e-01 6.548e+04
1.080e-01 9.269e+04
1.239e-01 7.973e+04
1.098e-01 9.079e+04
1.520e-01 7.029e+04
1.161e-01 8.607e+04
1.237e-01 8.276e+04
1.123e-01 8.924e+04
1.023e-01 9.672e+04
1.086e-01 9.223e+04
1.163e-01 8.730e+04
1.140e-01 8.729e+04
1.184e-01 8.505e+04
1.328e-01 7.577e+04
1.060e-01 9.369e+04
1.055e-01 9.468e+04
1.050e-01 9.506e+04
1.072e-01 9.288e+04
1.061e-01 9.448e+04
1.352e-01 7.390e+04
1.089e-01 9.226e+04
1.153e-01 8.769e+04
1.058e-01 9.389e+04
1.082e-01 9.121e+04
1.031e-01 9.581e+04
1.077e-01 9.290e+04
1.466e-01 6.952e+04
1.051e-01 9.438e+04
1.110e-01 9.033e+04
1.085e-01 9.135e+04
1.138e-01 8.924e+04
1.099e-01 9.077e+04
1.509e-01 6.830e+04
1.533e-01 6.935e+04
1.203e-01 8.340e+04
1.084e-01 9.177e+04
1.085e-01 9.130e+04
1.060e-01 9.411e+04
1.590e-01 6.660e+04
1.072e-01 9.308e+04
1.073e-01 9.243e+04
1.065e-01 9.429e+04
1.091e-01 9.184e+04
1.052e-01 9.334e+04
1.043e-01 9.500e+04
1.254e-01 8.033e+04
1.079e-01 9.250e+04
1.048e-01 9.571e+04
1.098e-01 9.123e+04
1.465e-01 6.968e+04
1.375e-01 7.471e+04
1.498e-01 6.996e+04
1.043e-01 9.479e+04
1.547e-01 6.822e+04
1.094e-01 9.146e+04
1.497e-01 6.991e+04
1.093e-01 9.082e+04
1.070e-01 9.264e+04
1.437e-01 7.206e+04
1.559e-01 6.754e+04
1.612e-01 6.601e+04
1.146e-01 8.789e+04
1.546e-01 6.715e+04
1.119e-01 9.062e+04
1.056e-01 9.396e+04
1.056e-01 9.462e+04
1.065e-01 9.304e+04
1.221e-01 8.248e+04
1.114e-01 8.962e+04
1.409e-01 7.197e+04
1.087e-01 9.167e+04
1.074e-01 9.195e+04
1.093e-01 9.030e+04
1.113e-01 9.097e+04
1.463e-01 7.153e+04
1.471e-01 6.891e+04
1.065e-01 9.449e+04
1.082e-01 9.284e+04
1.146e-01 8.844e+04
1.057e-01 9.436e+04
1.383e-01 7.385e+04
1.086e-01 9.159e+04
1.568e-01 6.770e+04
1.138e-01 8.830e+04
1.574e-01 6.728e+04
1.088e-01 9.112e+04
1.125e-01 8.952e+04
1.611e-01 6.717e+04
1.080e-01 9.257e+04
1.112e-01 8.944e+04
1.112e-01 9.006e+04
1.036e-01 9.579e+04
1.077e-01 9.155e+04
1.042e-01 9.611e+04
1.512e-01 7.098e+04
1.049e-01 9.419e+04
1.099e-01 9.099e+04
1.168e-01 8.566e+04
1.617e-01 6.588e+04
1.095e-01 9.133e+04
1.084e-01 9.215e+04
1.057e-01 9.430e+04
1.435e-01 7.251e+04
1.093e-01 9.164e+04
1.514e-01 6.823e+04
1.107e-01 9.096e+04
1.645e-01 6.409e+04
1.703e-01 6.535e+04
1.093e-01 9.069e+04
