1.673e-01 7.777e+04
1.614e-01 7.925e+04
1.571e-01 7.996e+04
1.579e-01 7.998e+04
1.635e-01 7.869e+04
1.572e-01 8.042e+04
1.666e-01 7.867e+04
1.684e-01 7.846e+04
2.266e-01 6.959e+04
1.613e-01 7.931e+04
1.579e-01 8.053e+04
1.545e-01 8.108e+04
2.329e-01 6.969e+04
1.584e-01 7.965e+04
1.727e-01 7.726e+04
1.782e-01 7.642e+04
2.290e-01 6.904e+04
1.815e-01 7.594e+04
2.056e-01 7.191e+04
1.936e-01 7.303e+04
1.588e-01 7.980e+04
2.327e-01 6.916e+04
1.672e-01 7.867e+04
1.721e-01 7.756e+04
1.614e-01 7.925e+04
1.880e-01 7.550e+04
1.612e-01 7.903e+04
1.685e-01 7.782e+04
1.588e-01 7.962e+04
1.514e-01 8.147e+04
1.880e-01 7.479e+04
1.701e-01 7.746e+04
1.545e-01 8.079e+04
2.388e-01 6.800e+04
1.563e-01 8.034e+04
1.757e-01 7.670e+04
1.717e-01 7.757e+04
1.858e-01 7.485e+04
1.670e-01 7.848e+04
1.608e-01 7.965e+04
1.591e-01 7.986e+04
1.642e-01 7.889e+04
1.574e-01 8.007e+04
1.533e-01 8.112e+04
1.587e-01 8.012e+04
1.610e-01 7.998e+04
1.575e-01 8.023e+04
1.627e-01 7.928e+04
1.598e-01 7.962e+04
1.672e-01 7.791e+04
1.992e-01 7.371e+04
1.549e-01 8.061e+04
1.565e-01 8.062e+04
1.564e-01 8.031e+04
1.464e-01 8.278e+04
1.719e-01 7.738e+04
2.168e-01 7.010e+04
1.506e-01 8.193e+04
2.183e-01 7.131e+04
1.532e-01 8.116e+04
1.555e-01 8.087e+04
1.597e-01 7.968e+04
1.636e-01 7.917e+04
1.497e-01 8.203e+04
1.942e-01 7.266e+04
1.542e-01 8.100e+04
1.634e-01 7.872e+04
1.940e-01 7.391e+04
1.615e-01 7.939e+04
2.308e-01 7.029e+04
1.572e-01 8.015e+04
1.941e-01 7.383e+04
1.697e-01 7.781e+04
1.665e-01 7.837e+04
1.555e-01 8.050e+04
2.284e-01 7.003e+04
1.634e-07 1.539e+04
1.683e-01 7.816e+04
1.619e-01 7.922e+04
1.590e-01 8.035e+04
1.729e-01 7.736e+04
1.888e-01 7.501e+04
1.737e-01 7.755e+04
1.591e-01 7.970e+04
1.658e-01 7.893e+04
2.008e-01 7.255e+04
1.556e-01 8.041e+04
1.518e-01 8.127e+04
4.961e-07 6.540e+03
2.082e-01 7.171e+04
1.529e-01 8.151e+04
1.904e-01 7.492e+04
1.618e-01 7.960e+04
1.542e-01 8.081e+04
2.240e-01 7.084e+04
1.561e-01 8.042e+04
2.093e-01 7.250e+04
1.699e-01 7.759e+04
1.543e-01 8.099e+04
2.025e-01 7.325e+04
1.553e-01 8.084e+04
1.657e-01 7.822e+04
1.719e-01 7.756e+04
1.494e-01 8.226e+04
2.150e-01 7.083e+04
1.580e-01 7.980e+04
1.619e-01 7.949e+04
1.755e-01 7.622e+04
1.629e-01 7.854e+04
2.207e-01 7.003e+04
1.583e-01 8.040e+04
1.725e-01 7.731e+04
1.517e-01 8.122e+04
1.556e-01 8.070e+04
1.621e-01 7.921e+04
1.573e-01 8.008e+04
1.735e-01 7.681e+04
1.648e-01 7.813e+04
1.763e-01 7.602e+04
1.591e-01 7.996e+04
1.591e-01 8.015e+04
1.556e-01 8.081e+04
1.724e-01 7.696e+04
1.555e-01 8.081e+04
1.519e-01 8.186e+04
1.701e-01 7.794e+04
1.543e-01 8.103e+04
2.006e-01 7.276e+04
2.042e-01 7.292e+04
1.837e-01 7.490e+04
2.348e-01 6.975e+04
1.527e-01 8.140e+04
1.522e-01 8.120e+04
1.912e-01 7.395e+04
9.932e-07 1.910e+04
1.684e-01 7.808e+04
1.672e-01 7.818e+04
1.712e-01 7.706e+04
1.752e-01 7.730e+04
2.317e-01 6.901e+04
1.637e-01 7.880e+04
1.818e-01 7.519e+04
1.585e-01 8.001e+04
1.741e-01 7.675e+04
1.922e-01 7.488e+04
1.666e-01 7.839e+04
1.570e-01 8.004e+04
1.523e-01 8.156e+04
1.529e-01 8.147e+04
1.712e-01 7.740e+04
1.816e-01 7.591e+04
1.543e-01 8.075e+04
1.610e-01 7.965e+04
1.553e-01 8.111e+04
1.619e-01 7.941e+04
1.728e-01 7.724e+04
1.658e-01 7.814e+04
1.710e-01 7.763e+04
1.574e-01 7.964e+04
1.520e-01 8.131e+04
1.563e-01 8.055e+04
1.643e-01 7.932e+04
1.664e-01 7.844e+04
1.707e-01 7.760e+04
1.704e-01 7.739e+04
1.937e-01 7.283e+04
1.565e-01 8.027e+04
1.644e-01 7.904e+04
1.674e-01 7.849e+04
2.042e-01 7.303e+04
1.664e-01 7.863e+04
1.550e-01 8.051e+04
2.202e-01 7.050e+04
1.568e-01 8.058e+04
1.636e-01 7.839e+04
1.628e-01 7.865e+04
1.605e-01 7.965e+04
1.530e-01 8.148e+04
1.543e-01 8.084e+04
1.613e-01 7.927e+04
1.692e-01 7.779e+04
1.559e-01 8.072e+04
1.760e-01 7.681e+04
1.657e-01 7.802e+04
1.623e-01 7.884e+04
1.670e-01 7.900e+04
1.617e-01 7.879e+04
1.834e-01 7.527e+04
1.574e-01 8.047e+04
1.560e-01 8.069e+04
1.519e-01 8.141e+04
1.567e-01 8.065e+04
1.632e-01 7.911e+04
1.591e-01 7.929e+04
1.627e-01 7.886e+04
1.616e-01 7.908e+04
2.142e-01 7.145e+04
1.514e-01 8.192e+04
1.629e-01 7.884e+04
1.651e-01 7.849e+04
1.686e-01 7.791e+04
1.619e-01 7.918e+04
1.550e-01 8.051e+04
1.620e-01 7.947e+04
1.609e-01 7.942e+04
1.585e-01 7.995e+04
1.534e-01 8.114e+04
1.561e-01 8.105e+04
1.934e-01 7.396e+04
1.520e-01 8.152e+04
1.569e-01 8.108e+04
1.615e-01 7.894e+04
1.734e-01 7.752e+04
1.639e-01 7.872e+04
1.569e-01 8.059e+04
1.573e-01 8.040e+04
1.562e-01 8.045e+04
1.589e-01 7.954e+04
1.728e-01 7.681e+04
1.856e-01 7.469e+04
1.690e-01 7.793e+04
2.116e-01 7.129e+04
1.498e-01 8.200e+04
1.726e-01 7.736e+04
1.606e-01 7.911e+04
1.883e-01 7.496e+04
1.601e-01 7.924e+04
1.627e-01 7.892e+04
1.676e-01 7.827e+04
1.614e-01 7.937e+04
1.700e-01 7.773e+04
1.524e-01 8.156e+04
1.580e-01 7.991e+04
1.706e-01 7.833e+04
1.701e-01 7.711e+04
1.931e-01 7.378e+04
2.033e-01 7.218e+04
1.627e-01 7.872e+04
1.957e-01 7.284e+04
1.628e-01 7.904e+04
1.675e-01 7.808e+04
1.737e-01 7.747e+04
1.704e-01 7.780e+04
1.646e-01 7.953e+04
1.757e-01 7.666e+04
1.891e-01 7.485e+04
1.626e-01 7.929e+04
1.519e-01 8.115e+04
1.715e-01 7.792e+04
1.562e-01 8.060e+04
1.603e-01 7.983e+04
1.634e-01 7.897e+04
1.646e-01 7.878e+04
2.254e-01 7.041e+04
4.176e-06 8.350e+03
2.250e-01 7.021e+04
1.974e-01 7.446e+04
1.682e-01 7.785e+04
1.753e-01 7.652e+04
1.842e-01 7.573e+04
1.589e-01 7.989e+04
1.716e-01 7.773e+04
1.047e-06 2.200e+04
1.763e-01 7.663e+04
1.529e-01 8.169e+04
1.636e-01 7.854e+04
1.511e-01 8.188e+04
1.553e-01 8.095e+04
1.580e-01 8.015e+04
1.966e-01 7.321e+04
1.536e-01 8.110e+04
1.996e-01 7.324e+04
1.637e-01 7.903e+04
1.593e-01 7.985e+04
1.691e-01 7.781e+04
1.670e-01 7.774e+04
1.686e-01 7.738e+04
1.515e-01 8.158e+04
1.625e-01 7.919e+04
1.622e-01 7.932e+04
1.616e-01 7.898e+04
2.163e-01 7.057e+04
2.199e-01 7.049e+04
1.624e-01 7.908e+04
2.129e-01 7.217e+04
1.553e-01 8.051e+04
1.848e-01 7.445e+04
1.631e-01 7.856e+04
1.557e-01 8.077e+04
1.519e-01 8.178e+04
1.520e-01 8.155e+04
1.646e-01 7.858e+04
1.637e-01 7.866e+04
1.512e-01 8.185e+04
1.774e-01 7.662e+04
2.255e-01 7.008e+04
1.510e-01 8.178e+04
1.667e-01 7.851e+04
1.723e-01 7.709e+04
1.727e-01 7.707e+04
1.727e-01 7.732e+04
1.817e-01 7.477e+04
1.607e-01 7.923e+04
1.536e-01 8.148e+04
1.612e-01 7.993e+04
1.600e-01 7.946e+04
1.683e-01 7.823e+04
1.628e-01 7.886e+04
1.487e-01 8.225e+04
1.683e-01 7.805e+04
1.600e-01 7.974e+04
1.708e-01 7.785e+04
1.545e-01 8.119e+04
1.762e-01 7.654e+04
1.550e-01 8.050e+04
1.954e-01 7.377e+04
1.757e-01 7.682e+04
1.706e-01 7.771e+04
1.936e-01 7.276e+04
1.560e-01 8.067e+04
1.847e-01 7.478e+04
1.659e-01 7.861e+04
1.482e-01 8.239e+04
1.581e-01 7.922e+04
1.599e-01 7.976e+04
1.520e-01 8.151e+04
1.509e-01 8.169e+04
1.551e-01 8.112e+04
1.689e-01 7.809e+04
1.628e-01 7.925e+04
1.515e-01 8.166e+04
1.564e-01 8.012e+04
1.650e-01 7.905e+04
1.541e-01 8.136e+04
1.629e-01 7.855e+04
1.923e-01 7.352e+04
1.983e-01 7.331e+04
1.672e-01 7.846e+04
1.669e-01 7.784e+04
1.618e-01 7.948e+04
1.575e-01 8.041e+04
1.748e-01 7.678e+04
1.693e-01 7.738e+04
1.583e-01 7.977e+04
1.490e-01 8.198e+04
1.684e-01 7.792e+04
1.572e-01 8.060e+04
1.844e-01 7.531e+04
2.317e-01 6.971e+04
1.685e-01 7.786e+04
1.966e-06 6.251e+03
1.968e-01 7.322e+04
1.569e-01 8.060e+04
2.121e-01 7.232e+04
2.049e-01 7.233e+04
1.513e-01 8.148e+04
1.667e-01 7.876e+04
1.639e-01 7.904e+04
1.927e-01 7.410e+04
1.567e-01 8.025e+04
1.564e-01 7.994e+04
1.660e-01 7.851e+04
2.128e-01 7.004e+04
1.908e-01 7.411e+04
1.636e-01 7.888e+04
1.627e-01 7.941e+04
1.590e-01 8.046e+04
2.016e-01 7.261e+04
1.686e-01 7.833e+04
1.765e-01 7.618e+04
1.712e-01 7.749e+04
1.750e-01 7.706e+04
1.699e-01 7.746e+04
1.593e-01 7.942e+04
1.608e-01 7.928e+04
1.712e-01 7.823e+04
1.533e-01 8.091e+04
1.577e-01 7.946e+04
1.847e-01 7.621e+04
2.206e-01 7.001e+04
2.162e-01 7.127e+04
1.683e-01 7.817e+04
1.924e-01 7.457e+04
2.264e-01 6.983e+04
2.156e-01 7.178e+04
1.649e-01 7.848e+04
2.087e-01 7.275e+04
1.720e-01 7.785e+04
1.629e-01 7.897e+04
1.603e-01 7.886e+04
1.519e-01 8.134e+04
2.232e-01 6.895e+04
1.658e-01 7.833e+04
1.467e-01 8.279e+04
1.481e-01 8.254e+04
2.230e-01 7.030e+04
1.609e-01 7.964e+04
2.016e-01 7.236e+04
1.630e-01 7.911e+04
1.501e-01 8.193e+04
1.727e-01 7.720e+04
1.669e-01 7.822e+04
1.919e-01 7.403e+04
2.414e-01 6.894e+04
2.136e-01 7.126e+04
1.744e-01 7.686e+04
1.573e-01 8.020e+04
1.730e-01 7.734e+04
1.536e-01 8.080e+04
1.669e-01 7.871e+04
2.182e-01 6.987e+04
3.801e-06 1.263e+04
1.604e-01 7.954e+04
1.583e-01 7.990e+04
1.626e-01 7.907e+04
1.497e-01 8.196e+04
1.616e-01 7.953e+04
1.757e-01 7.641e+04
1.695e-01 7.798e+04
1.708e-01 7.621e+04
1.779e-01 7.640e+04
1.633e-01 7.927e+04
1.581e-01 8.053e+04
1.887e-01 7.446e+04
1.478e-01 8.246e+04
1.667e-01 7.813e+04
1.542e-01 8.068e+04
1.629e-01 7.931e+04
1.649e-01 7.908e+04
1.683e-01 7.811e+04
1.797e-01 7.583e+04
1.533e-01 8.120e+04
1.681e-01 7.810e+04
2.243e-01 7.014e+04
1.559e-01 8.116e+04
1.694e-01 7.806e+04
2.221e-01 7.087e+04
1.610e-01 7.980e+04
2.251e-01 7.061e+04
2.088e-01 7.168e+04
1.564e-01 8.053e+04
1.988e-01 7.416e+04
1.519e-01 8.155e+04
1.585e-01 8.016e+04
1.619e-01 7.943e+04
1.694e-01 7.828e+04
1.524e-01 8.128e+04
1.886e-01 7.397e+04
1.705e-01 7.736e+04
1.663e-01 7.815e+04
2.153e-01 7.149e+04
1.996e-01 7.226e+04
1.604e-01 7.931e+04
1.971e-01 7.377e+04
2.027e-01 7.257e+04
6.893e-06 1.584e+04
2.143e-01 7.228e+04
1.873e-01 7.483e+04
1.554e-01 8.116e+04
1.720e-01 7.679e+04
1.956e-01 7.263e+04
1.615e-01 7.989e+04
1.583e-01 7.977e+04
1.675e-01 7.828e+04
1.517e-01 8.172e+04
1.603e-01 8.003e+04
1.667e-01 7.846e+04
1.707e-01 7.739e+04
1.660e-01 7.866e+04
2.138e-01 7.153e+04
1.927e-01 7.445e+04
1.668e-01 7.869e+04
1.542e-01 8.051e+04
1.525e-01 8.168e+04
1.742e-01 7.737e+04
1.523e-01 8.137e+04
1.629e-01 7.891e+04
1.625e-01 7.914e+04
1.586e-01 8.034e+04
2.105e-01 7.243e+04
1.493e-01 8.238e+04
1.554e-01 8.083e+04
1.783e-01 7.687e+04
1.679e-01 7.767e+04
1.558e-01 8.053e+04
1.618e-01 7.948e+04
1.635e-01 7.909e+04
1.904e-01 7.425e+04
1.544e-01 8.127e+04
1.590e-01 7.970e+04
1.598e-01 7.998e+04
1.662e-01 7.837e+04
1.769e-01 7.662e+04
2.153e-01 7.066e+04
2.172e-01 7.088e+04
1.567e-01 8.020e+04
1.663e-01 7.856e+04
1.649e-01 7.865e+04
1.500e-01 8.194e+04
1.585e-01 7.955e+04
1.547e-01 8.115e+04
1.639e-01 7.865e+04
1.679e-01 7.822e+04
2.003e-01 7.341e+04
1.702e-01 7.772e+04
1.561e-01 8.071e+04
2.094e-01 7.164e+04
1.521e-01 8.116e+04
2.097e-01 7.125e+04
1.641e-01 7.932e+04
1.667e-01 7.768e+04
1.552e-01 8.028e+04
1.692e-01 7.803e+04
3.418e-06 9.136e+03
1.832e-01 7.476e+04
1.553e-01 8.045e+04
1.625e-01 7.887e+04
1.938e-01 7.339e+04
1.539e-01 8.079e+04
2.114e-01 7.104e+04
2.051e-01 7.155e+04
1.580e-01 7.985e+04
1.586e-01 7.950e+04
1.598e-01 7.984e+04
1.622e-01 7.874e+04
1.619e-01 7.951e+04
1.754e-01 7.706e+04
1.643e-01 7.859e+04
1.665e-01 7.853e+04
1.579e-01 8.011e+04
1.584e-01 8.023e+04
1.551e-01 8.027e+04
1.783e-01 7.635e+04
1.617e-01 7.949e+04
2.069e-01 7.178e+04
1.779e-01 7.655e+04
1.522e-01 8.180e+04
1.546e-01 8.099e+04
2.181e-01 7.055e+04
1.597e-01 7.962e+04
1.100e-05 1.037e+03
1.613e-01 7.917e+04
1.550e-01 8.070e+04
2.019e-01 7.226e+04
1.686e-01 7.793e+04
1.736e-01 7.706e+04
1.587e-01 8.006e+04
1.816e-01 7.486e+04
1.741e-01 7.726e+04
1.625e-01 7.962e+04
1.623e-01 7.911e+04
1.686e-01 7.815e+04
1.598e-01 7.993e+04
2.150e-01 7.152e+04
1.659e-01 7.905e+04
1.948e-01 7.394e+04
1.635e-01 7.877e+04
1.623e-01 7.899e+04
1.672e-01 7.844e+04
1.666e-01 7.810e+04
1.724e-01 7.694e+04
1.972e-01 7.420e+04
1.591e-01 7.989e+04
2.117e-01 7.196e+04
1.503e-01 8.174e+04
4.324e-06 1.313e+04
1.640e-01 7.839e+04
1.692e-01 7.795e+04
1.630e-01 7.914e+04
1.769e-01 7.702e+04
1.823e-01 7.547e+04
1.651e-01 7.862e+04
1.871e-01 7.431e+04
1.996e-01 7.250e+04
1.569e-01 8.018e+04
1.662e-01 7.801e+04
1.596e-01 7.948e+04
1.711e-01 7.772e+04
1.623e-01 7.939e+04
2.242e-01 7.018e+04
1.865e-01 7.494e+04
5.325e-06 1.176e+04
1.503e-01 8.195e+04
1.599e-01 7.968e+04
1.668e-01 7.821e+04
1.491e-01 8.219e+04
1.619e-01 7.932e+04
1.128e-06 8.686e+03
9.303e-06 1.161e+04
1.551e-01 8.081e+04
1.682e-01 7.792e+04
1.724e-01 7.680e+04
1.970e-01 7.233e+04
2.023e-01 7.233e+04
1.534e-01 8.079e+04
1.548e-01 8.032e+04
1.902e-01 7.452e+04
1.840e-01 7.477e+04
1.546e-01 8.067e+04
1.552e-01 8.095e+04
1.538e-01 8.118e+04
1.638e-01 7.931e+04
1.949e-01 7.352e+04
1.761e-01 7.659e+04
1.598e-01 7.966e+04
2.119e-01 7.133e+04
1.525e-01 8.114e+04
2.287e-01 7.004e+04
1.614e-01 7.929e+04
1.515e-01 8.194e+04
1.654e-01 7.839e+04
1.691e-01 7.830e+04
2.219e-01 7.045e+04
1.605e-01 7.916e+04
1.529e-01 8.102e+04
1.628e-01 7.932e+04
1.595e-01 7.979e+04
1.558e-01 8.100e+04
1.581e-01 7.984e+04
1.684e-01 7.822e+04
1.583e-01 8.003e+04
1.698e-01 7.791e+04
1.550e-01 8.074e+04
2.222e-01 7.006e+04
1.605e-01 7.976e+04
1.643e-01 7.835e+04
1.544e-01 8.087e+04
1.608e-01 7.946e+04
2.194e-01 7.064e+04
1.971e-01 7.362e+04
1.593e-01 8.022e+04
2.046e-01 7.281e+04
1.634e-01 7.909e+04
1.567e-01 8.020e+04
2.424e-01 6.768e+04
1.497e-01 8.218e+04
6.271e-06 3.967e+03
1.573e-01 8.018e+04
1.635e-01 7.856e+04
1.837e-01 7.473e+04
1.542e-01 8.145e+04
1.701e-01 7.755e+04
1.549e-01 8.076e+04
2.001e-01 7.281e+04
2.293e-01 7.001e+04
1.753e-01 7.632e+04
1.627e-01 7.956e+04
2.219e-01 7.123e+04
1.981e-01 7.324e+04
2.076e-06 7.705e+03
1.701e-01 7.812e+04
1.836e-01 7.556e+04
1.637e-01 7.926e+04
1.869e-01 7.526e+04
1.571e-01 7.984e+04
2.041e-01 7.254e+04
1.529e-01 8.117e+04
1.737e-01 7.631e+04
1.618e-01 7.992e+04
1.697e-01 7.771e+04
1.602e-01 7.959e+04
1.743e-01 7.676e+04
1.597e-01 8.019e+04
1.565e-01 7.994e+04
1.561e-01 8.033e+04
1.747e-01 7.724e+04
1.916e-01 7.442e+04
1.630e-01 7.902e+04
1.628e-01 7.837e+04
1.713e-01 7.739e+04
1.501e-01 8.176e+04
1.581e-01 8.055e+04
1.627e-01 7.930e+04
1.708e-01 7.798e+04
1.600e-01 8.002e+04
1.703e-01 7.798e+04
1.540e-01 8.076e+04
1.603e-01 7.964e+04
1.626e-01 7.886e+04
1.695e-01 7.790e+04
1.542e-01 8.106e+04
1.593e-01 8.021e+04
1.674e-01 7.857e+04
1.531e-01 8.081e+04
1.627e-01 7.883e+04
1.568e-01 8.027e+04
1.740e-01 7.694e+04
1.878e-01 7.475e+04
2.062e-01 7.286e+04
1.690e-01 7.774e+04
1.590e-01 8.029e+04
1.764e-01 7.614e+04
1.608e-01 7.986e+04
1.918e-01 7.389e+04
1.991e-01 7.355e+04
1.812e-01 7.578e+04
1.576e-01 8.032e+04
1.589e-01 8.001e+04
1.610e-01 7.961e+04
1.722e-01 7.721e+04
2.115e-01 7.099e+04
2.065e-01 7.337e+04
1.998e-01 7.392e+04
1.648e-01 7.876e+04
1.618e-01 7.903e+04
2.007e-01 7.258e+04
1.833e-01 7.584e+04
2.147e-01 7.128e+04
1.796e-01 7.610e+04
1.684e-01 7.798e+04
2.196e-01 7.037e+04
1.576e-01 8.052e+04
2.102e-01 7.225e+04
1.557e-01 8.085e+04
1.941e-01 7.444e+04
1.545e-01 8.101e+04
1.621e-01 7.894e+04
1.586e-01 8.014e+04
1.954e-06 1.505e+04
1.721e-01 7.717e+04
1.609e-01 7.963e+04
2.002e-01 7.279e+04
1.651e-01 7.824e+04
2.018e-01 7.221e+04
1.596e-01 8.001e+04
1.594e-01 7.956e+04
1.523e-01 8.184e+04
1.507e-01 8.220e+04
1.656e-01 7.834e+04
1.537e-01 8.085e+04
1.525e-01 8.189e+04
1.550e-01 8.071e+04
2.118e-01 7.097e+04
1.574e-01 8.045e+04
1.658e-01 7.833e+04
1.652e-01 7.878e+04
1.541e-01 8.088e+04
1.505e-01 8.182e+04
1.594e-01 7.985e+04
1.813e-01 7.616e+04
1.581e-01 7.998e+04
1.619e-01 7.940e+04
1.748e-01 7.686e+04
1.103e-05 1.409e+04
2.241e-01 7.000e+04
1.649e-01 7.865e+04
1.585e-01 8.001e+04
1.561e-01 8.083e+04
2.036e-01 7.252e+04
1.630e-01 7.936e+04
1.585e-01 7.977e+04
1.644e-01 7.836e+04
1.635e-01 7.881e+04
1.666e-01 7.905e+04
1.526e-01 8.101e+04
1.656e-01 7.840e+04
2.048e-01 7.217e+04
1.636e-01 7.908e+04
1.596e-01 7.982e+04
2.059e-01 7.224e+04
1.963e-01 7.430e+04
2.037e-01 7.274e+04
1.934e-01 7.361e+04
1.893e-01 7.330e+04
7.398e-06 1.757e+04
1.624e-01 7.956e+04
2.026e-06 1.725e+04
1.869e-01 7.465e+04
1.865e-01 7.584e+04
1.513e-01 8.153e+04
1.614e-01 7.975e+04
2.235e-01 7.006e+04
1.575e-01 8.055e+04
1.633e-01 7.886e+04
2.328e-01 6.870e+04
1.717e-01 7.764e+04
1.695e-01 7.804e+04
1.746e-01 7.704e+04
2.112e-01 7.073e+04
1.672e-01 7.832e+04
1.632e-01 7.961e+04
1.500e-01 8.204e+04
4.305e-07 1.223e+04
1.675e-01 7.803e+04
1.529e-01 8.141e+04
1.836e-01 7.484e+04
1.594e-01 7.952e+04
1.670e-01 7.840e+04
1.864e-01 7.422e+04
1.660e-01 7.829e+04
1.522e-01 8.122e+04
2.036e-01 7.203e+04
1.579e-01 8.009e+04
1.723e-01 7.710e+04
1.864e-01 7.552e+04
1.570e-01 8.038e+04
1.766e-01 7.647e+04
1.597e-01 7.986e+04
1.599e-01 8.000e+04
1.464e-01 8.294e+04
1.804e-01 7.593e+04
1.721e-01 7.694e+04
1.562e-01 8.091e+04
1.630e-01 7.918e+04
1.630e-01 7.927e+04
1.798e-01 7.590e+04
1.527e-01 8.126e+04
1.579e-01 7.958e+04
1.523e-01 8.151e+04
1.787e-01 7.639e+04
1.514e-01 8.156e+04
1.579e-01 8.038e+04
1.840e-01 7.493e+04
1.726e-01 7.738e+04
1.578e-01 8.015e+04
1.580e-01 7.988e+04
1.630e-01 7.935e+04
1.575e-01 8.000e+04
1.623e-01 7.892e+04
1.907e-01 7.356e+04
1.621e-01 7.892e+04
1.606e-01 7.951e+04
1.619e-01 7.965e+04
1.569e-01 8.049e+04
1.618e-01 7.875e+04
1.772e-01 7.546e+04
1.646e-01 7.875e+04
1.958e-01 7.356e+04
1.580e-01 8.010e+04
1.581e-01 7.994e+04
1.612e-01 7.969e+04
1.674e-01 7.775e+04
1.541e-01 8.087e+04
2.085e-01 7.171e+04
1.491e-01 8.215e+04
1.443e-01 8.340e+04
1.681e-01 7.776e+04
1.547e-01 8.083e+04
1.684e-01 7.810e+04
1.566e-01 8.044e+04
1.223e-05 6.406e+03
1.590e-01 7.979e+04
1.735e-05 7.398e+03
1.642e-01 7.901e+04
1.987e-01 7.292e+04
1.557e-01 8.072e+04
1.710e-01 7.794e+04
1.617e-01 7.969e+04
1.646e-01 7.839e+04
1.657e-01 7.771e+04
1.558e-01 8.118e+04
1.562e-01 8.078e+04
1.560e-01 8.054e+04
1.536e-01 8.147e+04
1.658e-01 7.821e+04
1.613e-01 7.907e+04
1.564e-01 8.023e+04
1.573e-01 8.040e+04
1.777e-01 7.599e+04
1.950e-01 7.380e+04
1.573e-01 7.999e+04
1.582e-01 8.035e+04
1.544e-01 8.148e+04
1.718e-01 7.740e+04
1.629e-01 7.901e+04
1.531e-01 8.078e+04
2.123e-01 7.174e+04
1.622e-01 7.918e+04
7.252e-06 1.491e+04
1.742e-01 7.649e+04
1.723e-01 7.624e+04
1.579e-01 8.047e+04
1.739e-01 7.534e+04
1.593e-01 7.982e+04
2.046e-01 7.246e+04
1.825e-01 7.526e+04
1.600e-01 7.993e+04
1.538e-01 8.078e+04
1.720e-01 7.717e+04
1.556e-01 8.002e+04
1.548e-01 8.106e+04
1.638e-01 7.884e+04
1.629e-01 7.867e+04
1.567e-01 8.037e+04
1.767e-01 7.627e+04
1.616e-01 7.980e+04
1.626e-01 7.879e+04
2.110e-01 7.196e+04
1.556e-01 8.094e+04
2.079e-01 7.176e+04
1.635e-01 7.943e+04
1.661e-01 7.846e+04
1.713e-01 7.775e+04
1.588e-01 7.940e+04
2.022e-01 7.262e+04
2.126e-01 7.180e+04
2.159e-01 7.181e+04
1.645e-01 7.895e+04
1.635e-01 7.959e+04
1.763e-01 7.660e+04
1.985e-01 7.367e+04
1.677e-01 7.762e+04
1.594e-01 8.002e+04
1.610e-01 7.969e+04
1.696e-01 7.806e+04
1.692e-01 7.821e+04
1.604e-01 7.971e+04
1.601e-01 7.956e+04
1.571e-01 8.004e+04
3.296e-06 2.016e+04
1.587e-01 7.949e+04
1.542e-01 8.111e+04
1.576e-01 8.040e+04
1.755e-01 7.756e+04
1.819e-01 7.499e+04
1.625e-01 7.898e+04
1.729e-01 7.727e+04
1.537e-01 8.140e+04
1.659e-01 7.811e+04
1.631e-01 7.876e+04
1.515e-01 8.172e+04
2.158e-01 7.098e+04
1.602e-01 7.953e+04
1.940e-01 7.343e+04
1.617e-01 7.951e+04
1.806e-01 7.562e+04
1.622e-01 7.884e+04
2.134e-01 7.111e+04
1.783e-01 7.646e+04
1.648e-01 7.896e+04
1.583e-01 8.022e+04
1.701e-01 7.762e+04
5.273e-06 1.197e+04
1.642e-01 7.890e+04
1.499e-01 8.229e+04
1.511e-01 8.197e+04
1.565e-01 8.034e+04
1.671e-01 7.843e+04
1.621e-01 7.893e+04
1.723e-01 7.745e+04
1.750e-01 7.706e+04
1.758e-01 7.670e+04
1.738e-01 7.742e+04
1.475e-01 8.236e+04
1.744e-01 7.753e+04
1.655e-01 7.870e+04
1.665e-01 7.829e+04
1.546e-01 8.051e+04
1.677e-01 7.816e+04
2.049e-01 7.205e+04
1.775e-01 7.614e+04
2.056e-01 7.234e+04
1.549e-01 8.082e+04
1.680e-01 7.825e+04
1.662e-01 7.792e+04
1.474e-01 8.270e+04
1.518e-01 8.176e+04
1.702e-01 7.807e+04
2.327e-06 7.006e+03
1.642e-01 7.919e+04
1.580e-01 8.005e+04
2.233e-01 7.089e+04
1.700e-01 7.782e+04
1.626e-01 7.908e+04
1.548e-01 8.102e+04
1.515e-01 8.197e+04
1.736e-01 7.703e+04
1.696e-01 7.851e+04
1.517e-01 8.141e+04
1.558e-01 8.087e+04
2.094e-01 7.249e+04
1.704e-01 7.788e+04
1.560e-01 8.027e+04
1.593e-01 7.997e+04
1.757e-01 7.692e+04
1.533e-01 8.150e+04
1.580e-01 7.995e+04
1.759e-01 7.687e+04
1.535e-01 8.080e+04
1.580e-01 8.006e+04
2.156e-01 7.152e+04
1.830e-01 7.510e+04
2.046e-01 7.247e+04
1.652e-01 7.876e+04
1.651e-01 7.889e+04
1.570e-01 8.063e+04
2.089e-01 7.129e+04
1.707e-01 7.770e+04
1.620e-01 7.923e+04
1.703e-01 7.763e+04
1.657e-01 7.856e+04
2.094e-05 1.954e+04
1.719e-01 7.740e+04
2.062e-01 7.369e+04
1.992e-01 7.301e+04
1.578e-01 8.074e+04
1.674e-01 7.848e+04
1.596e-01 7.998e+04
1.763e-01 7.669e+04
1.524e-01 8.154e+04
1.532e-01 8.135e+04
1.663e-01 7.833e+04
1.705e-01 7.754e+04
1.607e-01 7.927e+04
1.864e-01 7.445e+04
1.605e-01 7.977e+04
1.562e-01 8.068e+04
1.536e-01 8.063e+04
1.607e-01 7.977e+04
1.586e-01 7.978e+04
1.611e-01 7.926e+04
1.581e-01 8.010e+04
1.723e-01 7.726e+04
1.563e-01 8.091e+04
1.641e-01 7.881e+04
1.552e-01 8.089e+04
1.601e-01 7.959e+04
1.752e-01 7.649e+04
2.448e-01 6.949e+04
1.604e-01 7.969e+04
1.657e-01 7.872e+04
1.562e-01 8.045e+04
2.232e-01 6.984e+04
1.537e-01 8.122e+04
1.523e-01 8.157e+04
1.656e-01 7.868e+04
1.586e-01 8.002e+04
1.566e-01 8.042e+04
1.591e-01 8.009e+04
1.597e-01 7.986e+04
1.679e-01 7.794e+04
1.541e-01 8.086e+04
1.676e-01 7.856e+04
1.534e-01 8.099e+04
1.658e-01 7.875e+04
1.738e-01 7.666e+04
1.517e-01 8.179e+04
1.577e-01 8.016e+04
1.648e-01 7.890e+04
1.568e-01 7.983e+04
2.003e-01 7.335e+04
1.653e-01 7.787e+04
1.586e-01 8.035e+04
1.343e-06 6.020e+03
2.420e-06 9.659e+03
7.391e-07 8.508e+03
2.171e-01 7.081e+04
1.640e-01 7.799e+04
2.236e-01 7.004e+04
1.666e-01 7.788e+04
1.708e-01 7.807e+04
1.657e-01 7.840e+04
1.488e-01 8.212e+04
1.552e-01 8.057e+04
2.022e-01 7.312e+04
1.602e-01 7.968e+04
1.566e-01 8.041e+04
1.839e-01 7.575e+04
1.578e-01 8.068e+04
1.614e-01 7.971e+04
1.590e-01 7.970e+04
3.092e-06 8.533e+03
1.734e-01 7.690e+04
1.563e-01 8.044e+04
1.977e-01 7.359e+04
1.683e-01 7.837e+04
1.560e-01 8.052e+04
1.702e-01 7.729e+04
1.675e-01 7.865e+04
1.599e-01 7.980e+04
1.877e-01 7.500e+04
2.187e-01 7.117e+04
1.669e-01 7.790e+04
1.880e-01 7.423e+04
1.668e-01 7.807e+04
1.566e-01 8.014e+04
1.524e-01 8.125e+04
1.696e-01 7.741e+04
2.051e-01 7.183e+04
1.931e-01 7.391e+04
1.632e-01 7.910e+04
2.106e-01 7.084e+04
1.642e-01 7.892e+04
1.737e-01 7.725e+04
1.985e-01 7.353e+04
1.676e-01 7.791e+04
1.947e-01 7.396e+04
1.588e-01 8.021e+04
1.575e-01 8.024e+04
1.483e-01 8.260e+04
1.561e-01 8.070e+04
2.134e-01 7.098e+04
1.603e-01 7.981e+04
2.095e-01 7.176e+04
1.719e-01 7.775e+04
1.549e-01 8.088e+04
1.585e-01 8.028e+04
1.667e-01 7.826e+04
1.602e-01 7.948e+04
2.189e-01 7.066e+04
1.511e-01 8.158e+04
2.226e-01 7.055e+04
1.699e-01 7.777e+04
1.693e-01 7.827e+04
1.736e-01 7.737e+04
1.876e-01 7.389e+04
1.627e-01 7.846e+04
1.974e-01 7.266e+04
1.693e-01 7.799e+04
1.611e-01 7.945e+04
1.563e-01 8.042e+04
1.534e-01 8.100e+04
1.496e-01 8.209e+04
1.848e-01 7.532e+04
2.206e-01 6.981e+04
1.650e-01 7.824e+04
1.573e-01 8.059e+04
1.759e-01 7.643e+04
1.788e-01 7.640e+04
1.976e-01 7.252e+04
1.740e-01 7.691e+04
2.189e-01 7.128e+04
1.525e-01 8.131e+04
1.541e-01 8.108e+04
1.503e-01 8.208e+04
1.522e-01 8.154e+04
1.656e-01 7.881e+04
1.667e-01 7.841e+04
1.674e-01 7.827e+04
1.620e-01 7.934e+04
1.610e-01 7.945e+04
1.556e-01 8.033e+04
1.744e-01 7.699e+04
2.174e-06 1.913e+03
1.636e-01 7.920e+04
1.619e-01 7.893e+04
1.625e-01 7.866e+04
1.682e-01 7.829e+04
1.588e-01 7.993e+04
1.709e-01 7.765e+04
2.127e-01 7.217e+04
1.983e-01 7.283e+04
1.954e-01 7.305e+04
1.599e-01 7.949e+04
2.058e-01 7.263e+04
1.614e-01 7.979e+04
3.660e-06 6.593e+03
1.558e-01 8.088e+04
1.658e-01 7.842e+04
2.096e-01 7.182e+04
2.031e-01 7.308e+04
1.539e-01 8.074e+04
1.698e-01 7.790e+04
2.152e-01 7.038e+04
1.518e-01 8.186e+04
2.165e-01 7.010e+04
2.026e-01 7.343e+04
2.265e-01 6.998e+04
1.628e-01 7.908e+04
1.960e-01 7.285e+04
1.711e-01 7.758e+04
2.230e-01 7.017e+04
1.555e-01 8.077e+04
1.562e-01 8.045e+04
2.340e-01 6.900e+04
1.730e-01 7.680e+04
1.587e-01 7.957e+04
1.709e-01 7.760e+04
1.740e-01 7.692e+04
1.680e-01 7.796e+04
1.619e-01 7.945e+04
1.707e-01 7.765e+04
1.640e-01 7.808e+04
1.487e-01 8.208e+04
1.690e-01 7.815e+04
1.197e-05 1.137e+04
2.001e-01 7.235e+04
2.090e-01 7.230e+04
2.024e-01 7.233e+04
1.615e-01 7.937e+04
1.645e-01 7.916e+04
2.021e-01 7.212e+04
1.708e-01 7.756e+04
1.575e-01 8.017e+04
1.573e-01 8.036e+04
1.512e-01 8.186e+04
2.492e-01 6.791e+04
1.543e-01 8.059e+04
1.730e-01 7.691e+04
1.797e-01 7.598e+04
2.820e-06 2.201e+03
1.623e-01 7.947e+04
1.725e-01 7.757e+04
1.784e-01 7.635e+04
1.783e-01 7.646e+04
1.722e-01 7.712e+04
1.518e-01 8.166e+04
1.616e-01 7.987e+04
1.561e-01 8.055e+04
1.957e-01 7.379e+04
1.624e-01 7.904e+04
1.696e-01 7.755e+04
1.667e-01 7.789e+04
1.551e-01 8.085e+04
1.477e-01 8.261e+04
1.654e-01 7.826e+04
1.691e-01 7.724e+04
1.635e-01 7.873e+04
9.040e-07 1.177e+04
1.615e-01 7.943e+04
1.955e-01 7.327e+04
1.553e-01 8.051e+04
1.672e-01 7.728e+04
6.434e-06 6.224e+03
1.500e-01 8.175e+04
1.589e-01 8.027e+04
1.714e-01 7.761e+04
1.522e-01 8.152e+04
1.633e-01 7.922e+04
1.659e-01 7.848e+04
1.524e-01 8.123e+04
1.538e-01 8.073e+04
1.503e-01 8.207e+04
1.671e-01 7.829e+04
1.570e-01 8.044e+04
1.795e-01 7.644e+04
2.133e-01 7.119e+04
1.720e-01 7.717e+04
2.142e-01 7.169e+04
1.599e-01 8.026e+04
1.645e-01 7.871e+04
1.622e-01 7.915e+04
1.683e-01 7.816e+04
1.590e-01 8.006e+04
2.086e-01 7.254e+04
1.627e-01 7.878e+04
1.615e-01 7.945e+04
1.640e-01 7.904e+04
1.616e-01 7.903e+04
1.960e-01 7.356e+04
2.175e-01 7.103e+04
1.788e-01 7.658e+04
1.629e-01 7.863e+04
1.570e-01 8.035e+04
1.551e-01 8.081e+04
1.593e-01 8.022e+04
1.564e-01 8.038e+04
1.522e-01 8.152e+04
1.637e-01 7.884e+04
1.779e-01 7.641e+04
2.211e-01 7.088e+04
2.185e-01 7.131e+04
2.044e-01 7.197e+04
1.535e-01 8.073e+04
1.548e-01 8.112e+04
1.760e-05 2.351e+04
1.865e-01 7.457e+04
1.628e-01 7.921e+04
1.663e-01 7.874e+04
1.545e-01 8.121e+04
1.689e-01 7.809e+04
1.975e-01 7.317e+04
1.514e-01 8.166e+04
1.669e-01 7.823e+04
1.656e-01 7.819e+04
1.782e-01 7.600e+04
1.577e-01 8.044e+04
2.086e-01 7.205e+04
1.926e-01 7.416e+04
1.605e-01 7.959e+04
1.782e-01 7.539e+04
2.053e-01 7.222e+04
1.726e-01 7.715e+04
1.519e-01 8.120e+04
1.573e-01 8.035e+04
1.603e-01 7.976e+04
2.517e-01 6.889e+04
1.554e-01 8.080e+04
1.619e-01 7.919e+04
2.158e-01 7.136e+04
1.561e-01 8.063e+04
1.605e-01 7.906e+04
1.599e-01 7.995e+04
1.641e-01 7.867e+04
2.193e-01 7.153e+04
1.563e-01 8.089e+04
1.714e-01 7.730e+04
1.604e-01 7.923e+04
1.645e-01 7.872e+04
1.583e-01 8.000e+04
1.691e-01 7.791e+04
1.618e-01 7.952e+04
1.889e-01 7.442e+04
1.606e-01 8.000e+04
1.644e-01 7.873e+04
1.543e-01 8.098e+04
1.655e-01 7.846e+04
2.419e-01 6.870e+04
1.670e-01 7.827e+04
1.757e-01 7.702e+04
1.656e-01 7.842e+04
1.724e-01 7.735e+04
1.538e-01 8.098e+04
2.196e-01 7.084e+04
1.518e-01 8.122e+04
1.647e-01 7.852e+04
1.609e-01 7.958e+04
1.657e-01 7.836e+04
1.603e-01 7.893e+04
1.492e-01 8.223e+04
1.533e-01 8.126e+04
1.588e-01 7.958e+04
1.547e-01 8.091e+04
1.564e-01 8.053e+04
2.173e-01 7.038e+04
1.698e-01 7.833e+04
1.537e-01 8.135e+04
1.583e-01 8.025e+04
2.042e-01 7.127e+04
2.042e-01 7.208e+04
2.306e-01 6.997e+04
1.626e-01 7.943e+04
1.547e-01 8.110e+04
2.090e-01 7.198e+04
1.534e-01 8.144e+04
1.584e-01 7.980e+04
1.615e-01 7.952e+04
1.689e-01 7.772e+04
1.916e-01 7.332e+04
1.708e-01 7.697e+04
1.493e-01 8.197e+04
1.608e-01 7.986e+04
1.670e-01 7.783e+04
1.581e-01 8.029e+04
1.863e-01 7.388e+04
1.542e-01 8.094e+04
1.541e-01 8.095e+04
2.006e-01 7.361e+04
2.165e-01 7.108e+04
1.671e-01 7.831e+04
1.738e-01 7.661e+04
1.571e-01 8.024e+04
2.022e-01 7.187e+04
1.514e-01 8.181e+04
1.539e-01 8.113e+04
1.733e-01 7.787e+04
1.585e-01 8.017e+04
1.568e-01 8.039e+04
1.786e-01 7.605e+04
1.764e-01 7.678e+04
7.597e-07 1.312e+04
2.068e-01 7.175e+04
1.593e-01 7.954e+04
1.741e-01 7.696e+04
1.585e-01 8.026e+04
1.651e-01 7.853e+04
1.532e-01 8.112e+04
1.572e-01 8.044e+04
1.570e-01 8.050e+04
1.655e-01 7.871e+04
1.542e-01 8.035e+04
1.601e-01 7.965e+04
2.206e-01 7.007e+04
1.949e-01 7.306e+04
1.554e-01 8.057e+04
1.603e-01 7.943e+04
1.889e-01 7.501e+04
1.561e-01 8.099e+04
1.719e-01 7.701e+04
1.536e-01 8.101e+04
1.651e-01 7.877e+04
1.601e-01 7.975e+04
1.576e-01 8.000e+04
1.695e-01 7.807e+04
1.525e-01 8.155e+04
2.121e-01 7.268e+04
1.610e-01 8.002e+04
2.328e-06 1.204e+04
1.887e-01 7.532e+04
1.512e-01 8.155e+04
1.632e-01 7.895e+04
1.482e-01 8.260e+04
1.678e-01 7.833e+04
1.674e-01 7.822e+04
1.572e-01 8.028e+04
1.658e-01 7.838e+04
1.633e-01 7.894e+04
1.542e-01 8.070e+04
1.757e-01 7.653e+04
1.549e-01 8.067e+04
1.872e-01 7.526e+04
1.749e-01 7.701e+04
1.591e-01 8.024e+04
1.576e-01 8.032e+04
1.629e-01 7.910e+04
1.551e-01 8.071e+04
1.477e-01 8.228e+04
1.609e-01 7.927e+04
1.527e-01 8.128e+04
1.764e-01 7.692e+04
1.667e-01 7.839e+04
1.637e-01 7.886e+04
1.582e-01 8.046e+04
1.640e-01 7.903e+04
1.732e-01 7.627e+04
2.064e-01 7.189e+04
1.608e-01 7.938e+04
1.637e-01 7.864e+04
2.005e-01 7.313e+04
1.746e-01 7.658e+04
1.590e-01 7.961e+04
1.549e-01 8.086e+04
2.005e-01 7.249e+04
1.590e-01 7.996e+04
1.611e-01 7.934e+04
1.665e-01 7.830e+04
2.225e-01 7.036e+04
1.732e-01 7.736e+04
1.655e-01 7.875e+04
1.527e-01 8.129e+04
1.928e-01 7.375e+04
2.024e-01 7.252e+04
1.665e-01 7.815e+04
1.481e-01 8.264e+04
1.734e-01 7.710e+04
1.580e-01 8.040e+04
2.015e-01 7.350e+04
1.599e-01 7.956e+04
1.480e-01 8.248e+04
1.554e-01 8.074e+04
1.672e-01 7.788e+04
1.634e-01 7.921e+04
1.588e-01 7.969e+04
2.194e-01 7.063e+04
1.969e-01 7.220e+04
1.526e-01 8.105e+04
1.560e-01 8.047e+04
1.594e-01 7.987e+04
1.625e-01 7.931e+04
2.221e-01 7.003e+04
1.592e-01 7.963e+04
1.637e-01 7.859e+04
1.961e-01 7.372e+04
1.578e-01 7.979e+04
1.666e-01 7.819e+04
1.458e-01 8.293e+04
1.765e-01 7.686e+04
1.691e-01 7.785e+04
8.255e-06 4.912e+03
1.550e-01 8.020e+04
1.619e-01 7.917e+04
1.587e-01 8.014e+04
1.595e-01 7.958e+04
1.659e-01 7.856e+04
1.606e-01 7.945e+04
1.542e-01 8.124e+04
1.646e-01 7.850e+04
1.923e-05 5.330e+03
1.531e-01 8.121e+04
1.674e-01 7.849e+04
1.715e-01 7.718e+04
1.515e-01 8.155e+04
1.553e-01 8.070e+04
1.685e-01 7.793e+04
1.615e-01 7.927e+04
1.632e-01 7.961e+04
1.695e-01 7.753e+04
1.543e-01 8.081e+04
1.707e-01 7.732e+04
1.884e-01 7.421e+04
1.581e-01 8.044e+04
1.526e-01 8.132e+04
1.959e-01 7.334e+04
1.576e-01 7.993e+04
1.651e-01 7.844e+04
1.650e-01 7.880e+04
2.221e-01 7.184e+04
1.588e-01 8.042e+04
1.650e-01 7.887e+04
1.546e-01 8.117e+04
1.540e-01 8.120e+04
1.583e-01 8.008e+04
1.685e-01 7.822e+04
1.576e-01 8.016e+04
2.043e-01 7.189e+04
1.653e-01 7.853e+04
1.948e-01 7.357e+04
1.890e-01 7.405e+04
2.161e-01 7.044e+04
1.568e-01 8.063e+04
1.781e-01 7.625e+04
1.704e-01 7.759e+04
2.518e-07 3.566e+03
1.618e-01 7.948e+04
1.897e-01 7.493e+04
1.512e-01 8.176e+04
1.654e-01 7.868e+04
1.613e-01 7.956e+04
1.559e-01 8.086e+04
2.049e-06 9.637e+03
1.554e-01 8.048e+04
1.559e-01 8.057e+04
1.735e-01 7.715e+04
1.600e-01 7.947e+04
1.734e-01 7.723e+04
2.033e-01 7.198e+04
1.630e-01 7.914e+04
2.079e-01 7.251e+04
1.703e-01 7.755e+04
1.638e-01 7.913e+04
1.671e-01 7.771e+04
1.584e-01 7.990e+04
2.019e-01 7.322e+04
1.695e-01 7.791e+04
1.596e-01 7.964e+04
1.515e-01 8.168e+04
1.583e-01 7.996e+04
1.671e-01 7.785e+04
1.805e-01 7.694e+04
1.509e-01 8.179e+04
1.526e-01 8.129e+04
2.124e-01 7.143e+04
1.559e-01 8.070e+04
1.580e-01 7.971e+04
1.580e-01 7.991e+04
1.830e-01 7.602e+04
1.749e-01 7.732e+04
1.689e-01 7.808e+04
1.731e-01 7.693e+04
1.601e-01 7.922e+04
1.597e-01 8.010e+04
1.558e-01 8.057e+04
1.767e-01 7.669e+04
1.611e-01 7.931e+04
1.595e-01 7.995e+04
1.483e-01 8.246e+04
1.614e-01 7.884e+04
1.682e-01 7.796e+04
1.507e-01 8.151e+04
1.536e-01 8.100e+04
1.598e-01 7.968e+04
1.587e-01 7.991e+04
2.009e-01 7.276e+04
1.708e-01 7.773e+04
2.136e-01 7.183e+04
1.517e-01 8.186e+04
1.631e-01 7.865e+04
1.707e-01 7.776e+04
1.767e-01 7.642e+04
1.503e-01 8.205e+04
1.537e-01 8.081e+04
1.531e-01 8.111e+04
1.654e-01 7.818e+04
1.693e-01 7.767e+04
2.058e-01 7.270e+04
1.682e-01 7.836e+04
1.834e-01 7.557e+04
2.069e-01 7.105e+04
1.560e-01 8.061e+04
1.628e-01 7.886e+04
1.568e-01 8.038e+04
1.767e-01 7.658e+04
1.593e-01 8.016e+04
1.572e-01 8.049e+04
1.540e-01 8.081e+04
1.612e-01 7.927e+04
1.566e-01 8.053e+04
1.681e-01 7.819e+04
1.562e-01 7.999e+04
1.584e-01 7.980e+04
1.886e-01 7.501e+04
1.678e-01 7.827e+04
1.484e-01 8.250e+04
1.524e-01 8.147e+04
1.754e-01 7.625e+04
2.081e-01 7.207e+04
1.547e-01 8.056e+04
1.524e-01 8.131e+04
1.553e-01 8.051e+04
1.645e-01 7.882e+04
1.547e-01 8.081e+04
1.762e-01 7.698e+04
1.579e-01 8.002e+04
1.645e-01 7.875e+04
1.510e-01 8.169e+04
1.552e-01 8.069e+04
1.761e-01 7.662e+04
1.639e-01 7.895e+04
1.543e-01 8.080e+04
1.571e-01 8.008e+04
1.723e-01 7.748e+04
1.663e-01 7.859e+04
1.797e-01 7.590e+04
1.616e-01 7.926e+04
2.279e-01 6.990e+04
2.287e-01 7.035e+04
1.553e-01 8.050e+04
1.509e-01 8.194e+04
1.586e-01 7.978e+04
1.569e-01 8.014e+04
2.145e-01 7.050e+04
1.604e-01 7.904e+04
1.583e-01 8.021e+04
1.561e-01 8.074e+04
2.009e-01 7.281e+04
1.730e-01 7.670e+04
2.174e-01 7.135e+04
2.129e-01 7.117e+04
5.861e-06 2.121e+04
1.609e-01 7.908e+04
1.504e-01 8.212e+04
1.608e-01 7.931e+04
2.029e-01 7.328e+04
1.669e-01 7.861e+04
1.741e-01 7.721e+04
1.601e-01 7.966e+04
1.603e-01 7.983e+04
1.549e-01 8.089e+04
1.519e-01 8.147e+04
1.828e-01 7.559e+04
1.784e-01 7.567e+04
2.105e-01 7.270e+04
1.685e-01 7.814e+04
1.676e-01 7.849e+04
1.862e-01 7.446e+04
1.530e-01 8.134e+04
2.190e-01 7.082e+04
1.673e-01 7.855e+04
1.619e-01 7.958e+04
2.027e-01 7.224e+04
1.627e-01 7.918e+04
1.724e-01 7.706e+04
1.593e-01 7.980e+04
1.818e-01 7.638e+04
1.591e-01 8.036e+04
1.711e-01 7.745e+04
1.675e-01 7.822e+04
1.813e-01 7.526e+04
1.902e-01 7.408e+04
1.668e-01 7.833e+04
1.596e-01 7.996e+04
1.555e-01 8.077e+04
1.569e-01 8.051e+04
1.629e-01 7.895e+04
1.846e-01 7.498e+04
1.630e-01 7.899e+04
1.537e-01 8.071e+04
1.578e-01 7.969e+04
1.587e-01 7.992e+04
1.613e-01 7.889e+04
1.550e-01 8.048e+04
1.783e-01 7.615e+04
1.712e-01 7.789e+04
1.554e-01 8.106e+04
1.645e-01 7.888e+04
1.537e-01 8.105e+04
1.867e-01 7.455e+04
1.544e-01 8.138e+04
1.603e-01 7.925e+04
1.598e-01 7.996e+04
1.592e-01 7.967e+04
1.580e-01 8.037e+04
1.535e-01 8.088e+04
1.684e-01 7.822e+04
1.681e-01 7.843e+04
1.676e-01 7.843e+04
2.024e-01 7.209e+04
1.721e-01 7.731e+04
1.553e-01 8.025e+04
1.514e-01 8.173e+04
1.766e-01 7.601e+04
7.979e-06 5.686e+03
2.204e-01 7.087e+04
1.621e-01 7.917e+04
2.087e-01 7.221e+04
1.536e-01 8.142e+04
1.705e-01 7.741e+04
1.698e-01 7.766e+04
1.713e-01 7.757e+04
1.588e-01 8.019e+04
1.604e-01 7.969e+04
1.679e-01 7.804e+04
1.620e-01 7.960e+04
1.615e-01 7.923e+04
1.603e-01 7.990e+04
1.671e-01 7.933e+04
4.050e-06 1.061e+04
1.588e-01 7.953e+04
1.664e-01 7.828e+04
1.793e-01 7.606e+04
1.543e-01 8.050e+04
1.554e-01 8.077e+04
1.563e-01 8.043e+04
1.707e-01 7.747e+04
2.075e-01 7.185e+04
1.718e-01 7.733e+04
1.532e-01 8.135e+04
1.134e-05 1.771e+04
1.578e-01 8.007e+04
2.906e-07 1.604e+04
1.653e-01 7.844e+04
1.559e-01 8.083e+04
1.592e-01 8.000e+04
2.025e-01 7.220e+04
1.622e-01 7.940e+04
2.134e-01 7.140e+04
1.662e-01 7.839e+04
1.573e-01 8.032e+04
1.687e-01 7.713e+04
1.570e-01 8.062e+04
1.562e-01 8.028e+04
1.600e-01 7.931e+04
1.589e-01 7.982e+04
1.565e-01 8.081e+04
1.616e-01 7.912e+04
1.577e-01 8.037e+04
1.567e-01 8.037e+04
1.498e-01 8.209e+04
1.691e-01 7.789e+04
1.508e-01 8.182e+04
1.648e-01 7.846e+04
1.812e-01 7.571e+04
1.586e-01 8.038e+04
1.707e-01 7.709e+04
2.223e-01 7.054e+04
1.704e-01 7.736e+04
1.710e-01 7.740e+04
1.637e-01 7.923e+04
1.498e-01 8.190e+04
1.577e-01 8.042e+04
1.793e-01 7.622e+04
1.694e-01 7.772e+04
1.567e-01 8.016e+04
1.635e-01 7.897e+04
1.612e-01 7.920e+04
2.133e-01 7.143e+04
1.618e-01 7.883e+04
1.551e-01 8.083e+04
2.051e-01 7.177e+04
1.689e-01 7.801e+04
1.592e-01 8.021e+04
1.610e-01 7.944e+04
1.539e-01 8.118e+04
1.679e-01 7.797e+04
2.262e-01 6.981e+04
1.507e-01 8.204e+04
1.643e-01 7.846e+04
2.152e-01 7.085e+04
1.613e-01 7.941e+04
1.923e-01 7.465e+04
1.623e-01 7.946e+04
1.518e-01 8.119e+04
1.755e-01 7.672e+04
1.677e-01 7.804e+04
2.184e-01 7.017e+04
2.136e-01 7.121e+04
1.593e-01 7.968e+04
2.199e-01 6.990e+04
1.526e-01 8.141e+04
1.523e-01 8.118e+04
1.622e-01 7.898e+04
2.338e-01 6.943e+04
1.629e-01 7.880e+04
1.653e-01 7.895e+04
1.544e-01 8.081e+04
1.599e-01 7.939e+04
1.570e-01 7.958e+04
1.691e-01 7.787e+04
1.483e-01 8.224e+04
1.668e-01 7.895e+04
1.626e-01 7.862e+04
1.600e-01 8.003e+04
1.678e-01 7.732e+04
1.637e-01 7.857e+04
1.675e-01 7.836e+04
1.689e-01 7.845e+04
1.558e-01 8.068e+04
1.492e-01 8.205e+04
1.635e-01 7.952e+04
1.595e-01 8.011e+04
1.583e-01 7.995e+04
1.807e-01 7.536e+04
1.609e-01 7.986e+04
1.541e-01 8.098e+04
1.554e-01 8.049e+04
1.588e-01 8.016e+04
1.587e-01 8.015e+04
1.607e-01 7.963e+04
1.526e-01 8.155e+04
1.880e-01 7.358e+04
1.622e-01 7.909e+04
1.735e-01 7.696e+04
1.722e-01 7.747e+04
1.674e-01 7.814e+04
1.649e-01 7.839e+04
1.608e-01 7.968e+04
1.568e-01 8.045e+04
2.040e-01 7.287e+04
1.502e-01 8.205e+04
1.594e-01 7.968e+04
2.284e-06 1.733e+04
1.645e-01 7.863e+04
2.281e-01 7.069e+04
1.479e-01 8.265e+04
1.717e-01 7.673e+04
1.526e-01 8.140e+04
1.754e-01 7.668e+04
1.653e-01 7.833e+04
1.730e-01 7.697e+04
1.499e-01 8.188e+04
2.229e-01 7.059e+04
1.642e-01 7.908e+04
1.668e-01 7.857e+04
1.855e-01 7.554e+04
1.592e-01 8.031e+04
1.677e-01 7.782e+04
1.737e-01 7.693e+04
1.552e-01 8.094e+04
1.727e-01 7.664e+04
1.643e-01 7.849e+04
1.606e-01 7.956e+04
1.627e-01 7.877e+04
1.561e-01 8.088e+04
1.552e-01 8.061e+04
1.508e-01 8.178e+04
1.591e-01 8.014e+04
1.638e-01 7.877e+04
1.500e-01 8.196e+04
2.119e-01 7.073e+04
1.522e-01 8.140e+04
1.690e-01 7.718e+04
1.621e-01 7.956e+04
1.729e-01 7.719e+04
1.533e-01 8.086e+04
1.564e-01 8.039e+04
1.570e-01 8.042e+04
1.985e-01 7.338e+04
2.121e-01 7.118e+04
2.119e-01 7.193e+04
1.672e-01 7.814e+04
1.538e-01 8.091e+04
1.546e-01 8.129e+04
1.615e-01 7.945e+04
1.572e-01 8.014e+04
2.481e-01 6.857e+04
1.630e-01 7.896e+04
1.949e-01 7.252e+04
1.653e-01 7.822e+04
1.706e-01 7.783e+04
1.595e-01 8.007e+04
1.663e-01 7.818e+04
1.545e-01 8.076e+04
1.610e-01 7.944e+04
1.616e-01 7.962e+04
1.622e-01 7.915e+04
1.610e-01 7.921e+04
1.588e-01 8.013e+04
1.666e-01 7.878e+04
1.689e-01 7.809e+04
1.578e-01 7.958e+04
1.579e-01 8.028e+04
1.609e-01 7.974e+04
1.608e-01 7.914e+04
1.617e-01 7.931e+04
2.020e-01 7.259e+04
1.878e-01 7.496e+04
2.056e-01 7.255e+04
1.632e-01 7.936e+04
1.580e-01 7.978e+04
2.009e-01 7.273e+04
1.630e-01 7.923e+04
1.562e-01 8.003e+04
1.558e-01 8.058e+04
1.613e-01 7.930e+04
1.537e-01 8.078e+04
1.690e-01 7.731e+04
1.619e-01 7.955e+04
1.603e-01 7.943e+04
1.660e-01 7.792e+04
1.607e-01 7.962e+04
2.473e-01 6.797e+04
1.625e-01 7.915e+04
1.577e-01 8.035e+04
1.642e-01 7.926e+04
1.537e-01 8.083e+04
1.495e-01 8.210e+04
1.821e-01 7.570e+04
1.581e-01 8.014e+04
1.544e-01 8.099e+04
1.611e-01 7.919e+04
1.469e-01 8.277e+04
1.705e-01 7.740e+04
1.584e-01 7.993e+04
2.082e-01 7.178e+04
1.699e-01 7.749e+04
1.549e-01 8.085e+04
1.667e-01 7.812e+04
1.629e-01 7.912e+04
1.868e-01 7.461e+04
2.092e-01 7.115e+04
1.813e-01 7.555e+04
1.589e-01 7.961e+04
1.631e-01 7.904e+04
1.772e-01 7.656e+04
1.579e-01 7.989e+04
1.664e-01 7.878e+04
1.640e-01 7.841e+04
1.631e-01 7.896e+04
2.042e-01 7.170e+04
1.534e-01 8.077e+04
1.676e-01 7.805e+04
1.557e-01 8.089e+04
1.585e-01 8.040e+04
2.882e-06 1.140e+04
1.595e-01 7.992e+04
1.612e-01 7.917e+04
1.538e-01 8.119e+04
1.611e-01 7.933e+04
1.558e-01 8.017e+04
7.852e-06 6.761e+03
1.711e-01 7.752e+04
1.561e-01 8.053e+04
1.657e-01 7.840e+04
1.769e-01 7.654e+04
1.733e-01 7.709e+04
1.655e-01 7.859e+04
1.557e-01 8.113e+04
1.777e-01 7.540e+04
1.511e-01 8.183e+04
1.532e-01 8.114e+04
1.610e-01 7.969e+04
2.282e-01 7.026e+04
1.945e-01 7.315e+04
1.527e-01 8.147e+04
1.698e-01 7.752e+04
2.074e-01 7.231e+04
1.622e-01 7.845e+04
1.523e-01 8.134e+04
2.169e-01 7.158e+04
1.548e-01 8.065e+04
1.508e-01 8.181e+04
1.559e-01 8.071e+04
1.690e-01 7.784e+04
1.621e-01 7.919e+04
1.638e-01 7.919e+04
2.049e-01 7.249e+04
1.685e-01 7.765e+04
1.634e-01 7.829e+04
1.683e-01 7.794e+04
1.544e-01 8.106e+04
1.581e-01 8.053e+04
1.633e-01 7.852e+04
5.704e-07 9.477e+03
2.043e-01 7.205e+04
1.599e-01 7.935e+04
2.278e-01 6.931e+04
1.751e-01 7.648e+04
1.509e-01 8.154e+04
2.066e-01 7.213e+04
1.668e-01 7.840e+04
1.944e-01 7.353e+04
2.100e-01 7.145e+04
1.499e-01 8.227e+04
1.492e-01 8.229e+04
1.493e-01 8.230e+04
2.055e-01 7.185e+04
1.535e-01 8.107e+04
1.644e-01 7.899e+04
1.642e-01 7.871e+04
1.626e-01 7.832e+04
1.671e-01 7.840e+04
1.637e-01 7.860e+04
2.116e-01 7.120e+04
1.715e-01 7.704e+04
1.812e-01 7.460e+04
2.067e-01 7.278e+04
1.670e-01 7.799e+04
1.733e-01 7.718e+04
1.671e-01 7.847e+04
1.622e-01 7.933e+04
1.584e-01 8.025e+04
1.614e-01 7.986e+04
1.560e-01 8.065e+04
1.591e-01 8.027e+04
1.624e-01 7.881e+04
1.803e-01 7.467e+04
7.338e-07 1.079e+04
1.622e-01 7.921e+04
1.606e-01 8.003e+04
1.566e-01 8.036e+04
5.158e-06 1.622e+04
2.169e-01 7.202e+04
1.530e-01 8.084e+04
2.003e-01 7.278e+04
1.633e-01 7.861e+04
1.590e-01 8.021e+04
1.626e-01 7.907e+04
1.625e-01 7.892e+04
1.735e-01 7.771e+04
1.576e-01 8.014e+04
1.644e-01 7.848e+04
2.078e-01 7.250e+04
2.202e-01 7.134e+04
1.565e-01 8.074e+04
1.625e-01 7.883e+04
1.523e-01 8.121e+04
1.634e-01 7.877e+04
1.780e-01 7.690e+04
1.546e-01 8.133e+04
1.835e-01 7.512e+04
1.724e-01 7.730e+04
1.511e-01 8.184e+04
1.549e-01 8.097e+04
1.618e-01 7.936e+04
1.953e-01 7.324e+04
1.543e-01 8.073e+04
1.641e-01 7.893e+04
1.576e-01 8.034e+04
2.320e-01 6.984e+04
1.683e-01 7.839e+04
1.685e-01 7.820e+04
1.552e-01 8.036e+04
1.719e-01 7.761e+04
1.994e-01 7.254e+04
1.598e-01 8.016e+04
1.613e-01 7.919e+04
2.071e-01 7.249e+04
1.531e-01 8.139e+04
2.195e-01 7.079e+04
1.578e-01 8.013e+04
1.615e-01 7.945e+04
1.642e-01 7.824e+04
1.536e-01 8.085e+04
3.458e-06 1.101e+04
1.717e-01 7.739e+04
1.874e-01 7.490e+04
1.564e-01 8.008e+04
1.576e-01 8.065e+04
1.513e-01 8.177e+04
2.263e-01 6.977e+04
1.741e-01 7.726e+04
1.547e-01 8.067e+04
1.740e-01 7.676e+04
1.754e-01 7.704e+04
1.691e-01 7.773e+04
1.621e-01 7.894e+04
1.664e-01 7.773e+04
2.066e-01 7.197e+04
1.559e-01 8.056e+04
4.130e-06 7.616e+03
1.542e-01 8.063e+04
3.665e-06 2.005e+04
1.585e-01 7.978e+04
1.641e-01 7.862e+04
1.747e-01 7.671e+04
1.686e-01 7.791e+04
1.912e-01 7.485e+04
1.631e-01 7.895e+04
1.542e-01 8.100e+04
1.630e-01 7.921e+04
1.610e-01 7.894e+04
2.178e-01 7.120e+04
2.172e-01 7.125e+04
2.041e-01 7.261e+04
1.625e-01 7.916e+04
1.514e-01 8.197e+04
1.078e-05 2.450e+03
1.716e-01 7.741e+04
1.705e-01 7.732e+04
1.675e-01 7.876e+04
1.460e-01 8.327e+04
1.547e-01 8.102e+04
1.718e-01 7.690e+04
1.680e-01 7.781e+04
1.667e-01 7.834e+04
1.508e-01 8.174e+04
2.029e-01 7.206e+04
2.031e-01 7.201e+04
1.608e-01 7.953e+04
1.647e-01 7.856e+04
1.983e-01 7.288e+04
1.598e-01 8.025e+04
1.592e-01 7.959e+04
1.620e-01 7.940e+04
1.625e-01 7.895e+04
1.611e-01 7.957e+04
1.578e-01 7.996e+04
1.828e-01 7.518e+04
1.704e-01 7.790e+04
1.510e-01 8.195e+04
1.582e-01 8.020e+04
1.970e-01 7.290e+04
2.077e-01 7.168e+04
1.650e-01 7.933e+04
1.530e-01 8.108e+04
1.610e-01 7.937e+04
1.488e-01 8.232e+04
1.741e-01 7.660e+04
1.550e-01 8.080e+04
1.995e-01 7.253e+04
1.628e-01 7.951e+04
1.958e-01 7.277e+04
1.626e-01 7.907e+04
1.514e-01 8.154e+04
1.633e-01 7.883e+04
1.740e-01 7.712e+04
1.902e-01 7.434e+04
1.728e-01 7.666e+04
1.637e-01 7.871e+04
1.596e-01 7.959e+04
1.554e-01 8.045e+04
1.612e-01 7.955e+04
1.672e-01 7.862e+04
1.604e-01 7.979e+04
1.646e-01 7.901e+04
1.655e-01 7.811e+04
1.882e-01 7.476e+04
2.049e-01 7.242e+04
2.297e-01 7.015e+04
1.668e-01 7.832e+04
1.698e-01 7.753e+04
2.335e-01 6.898e+04
1.683e-01 7.821e+04
1.662e-01 7.810e+04
1.627e-06 1.338e+04
1.524e-01 8.183e+04
1.553e-01 8.043e+04
1.558e-01 8.031e+04
1.564e-01 8.044e+04
1.696e-01 7.805e+04
2.300e-01 7.028e+04
1.460e-01 8.273e+04
2.158e-01 7.165e+04
1.793e-01 7.514e+04
1.710e-01 7.742e+04
1.640e-01 7.904e+04
1.609e-01 7.999e+04
1.613e-01 7.909e+04
1.586e-01 8.026e+04
1.864e-01 7.529e+04
2.116e-01 7.179e+04
1.692e-01 7.775e+04
1.653e-01 7.816e+04
7.284e-07 5.485e+03
1.549e-01 8.109e+04
2.384e-01 6.908e+04
1.520e-01 8.122e+04
1.563e-01 8.052e+04
1.780e-01 7.611e+04
2.106e-01 7.205e+04
1.573e-01 8.034e+04
1.751e-01 7.734e+04
1.812e-01 7.577e+04
1.643e-01 7.843e+04
1.746e-01 7.667e+04
1.593e-01 7.999e+04
1.617e-01 7.956e+04
1.743e-01 7.692e+04
1.617e-01 7.974e+04
1.748e-01 7.663e+04
1.725e-01 7.741e+04
1.979e-01 7.353e+04
1.639e-01 7.917e+04
2.170e-01 7.041e+04
1.984e-01 7.264e+04
1.555e-01 8.063e+04
2.428e-01 6.852e+04
1.652e-01 7.849e+04
1.556e-01 8.072e+04
1.559e-01 8.030e+04
1.631e-01 7.899e+04
1.780e-01 7.598e+04
1.674e-01 7.821e+04
1.608e-01 7.992e+04
1.548e-01 8.058e+04
1.533e-01 8.104e+04
9.018e-06 1.202e+04
1.645e-01 7.873e+04
1.534e-01 8.116e+04
1.631e-01 7.932e+04
1.974e-01 7.299e+04
1.963e-01 7.413e+04
1.540e-01 8.085e+04
1.688e-01 7.709e+04
1.809e-01 7.593e+04
1.909e-01 7.439e+04
1.641e-01 7.901e+04
1.684e-01 7.822e+04
1.523e-01 8.148e+04
1.679e-01 7.837e+04
1.762e-01 7.700e+04
1.526e-01 8.108e+04
1.599e-01 8.000e+04
2.016e-01 7.261e+04
1.631e-01 7.923e+04
1.566e-01 8.017e+04
1.652e-01 7.912e+04
1.675e-01 7.804e+04
2.153e-06 1.406e+04
1.624e-01 7.888e+04
1.589e-01 8.024e+04
1.694e-01 7.759e+04
1.527e-01 8.113e+04
2.089e-01 7.142e+04
1.548e-01 8.106e+04
1.571e-01 8.012e+04
1.604e-01 7.936e+04
1.586e-01 7.963e+04
1.647e-01 7.849e+04
1.573e-01 8.045e+04
1.652e-01 7.855e+04
1.557e-01 8.071e+04
1.977e-01 7.430e+04
2.132e-05 1.929e+04
1.569e-01 8.032e+04
1.674e-01 7.798e+04
1.603e-01 7.968e+04
1.588e-01 8.028e+04
1.518e-01 8.123e+04
2.108e-01 7.228e+04
1.733e-01 7.728e+04
2.104e-01 7.069e+04
1.627e-01 7.874e+04
1.542e-01 8.079e+04
1.737e-01 7.755e+04
1.742e-01 7.741e+04
1.686e-01 7.776e+04
1.566e-01 8.016e+04
2.271e-01 7.058e+04
2.089e-01 7.180e+04
1.654e-01 7.899e+04
1.663e-01 7.841e+04
1.765e-01 7.663e+04
1.663e-01 7.828e+04
1.575e-01 8.007e+04
1.596e-01 7.985e+04
1.626e-01 7.871e+04
1.643e-01 7.871e+04
1.753e-01 7.653e+04
1.617e-01 7.916e+04
1.642e-01 7.894e+04
1.919e-01 7.393e+04
1.605e-01 7.948e+04
1.772e-01 7.626e+04
2.222e-01 7.050e+04
1.577e-01 7.995e+04
1.557e-01 8.063e+04
1.665e-01 7.895e+04
6.222e-07 1.161e+04
1.570e-01 8.022e+04
1.572e-01 8.009e+04
1.577e-01 8.044e+04
1.519e-01 8.125e+04
1.743e-01 7.713e+04
1.691e-01 7.815e+04
1.688e-01 7.792e+04
1.801e-01 7.632e+04
1.735e-01 7.636e+04
1.839e-01 7.529e+04
1.546e-01 8.095e+04
1.605e-01 7.966e+04
1.673e-01 7.844e+04
1.670e-01 7.832e+04
1.576e-01 8.000e+04
1.495e-01 8.223e+04
1.505e-01 8.161e+04
1.666e-01 7.850e+04
1.687e-01 7.814e+04
1.610e-01 7.946e+04
1.906e-01 7.483e+04
2.095e-01 7.223e+04
1.584e-01 8.004e+04
1.523e-01 8.119e+04
1.607e-01 7.967e+04
1.854e-01 7.523e+04
2.205e-01 6.983e+04
1.631e-01 7.912e+04
1.593e-01 7.974e+04
1.682e-01 7.748e+04
1.604e-01 7.963e+04
1.607e-01 7.934e+04
1.766e-01 7.685e+04
1.656e-01 7.874e+04
1.705e-01 7.767e+04
1.647e-01 7.812e+04
1.694e-01 7.767e+04
1.386e-06 1.299e+04
2.195e-01 7.161e+04
1.234e-05 1.262e+04
1.702e-01 7.747e+04
1.540e-01 8.119e+04
1.991e-01 7.255e+04
1.541e-01 8.096e+04
1.790e-01 7.564e+04
1.654e-01 7.911e+04
1.547e-01 8.093e+04
1.562e-01 8.028e+04
1.690e-01 7.809e+04
1.564e-01 8.045e+04
1.688e-01 7.757e+04
1.677e-01 7.830e+04
1.636e-01 7.919e+04
1.780e-01 7.678e+04
1.649e-01 7.873e+04
1.559e-01 8.048e+04
1.585e-01 8.004e+04
1.595e-01 7.997e+04
2.067e-01 7.146e+04
1.598e-01 7.990e+04
1.774e-01 7.687e+04
1.655e-01 7.874e+04
1.646e-01 7.845e+04
1.613e-01 7.909e+04
1.554e-01 8.064e+04
1.698e-01 7.761e+04
1.603e-01 7.929e+04
1.632e-01 7.918e+04
1.675e-01 7.876e+04
1.562e-01 8.055e+04
1.606e-01 7.994e+04
1.592e-01 7.978e+04
1.740e-01 7.756e+04
1.658e-01 7.813e+04
1.995e-01 7.288e+04
1.610e-01 7.953e+04
1.608e-01 7.966e+04
1.617e-01 7.958e+04
1.857e-01 7.521e+04
1.572e-01 8.047e+04
1.583e-01 7.974e+04
1.935e-01 7.356e+04
2.175e-01 7.050e+04
1.613e-01 7.936e+04
1.672e-01 7.851e+04
1.521e-01 8.147e+04
2.004e-01 7.337e+04
1.548e-01 8.071e+04
1.649e-01 7.843e+04
1.565e-01 8.030e+04
2.194e-01 7.098e+04
1.804e-01 7.593e+04
1.595e-01 7.954e+04
1.216e-06 4.738e+03
2.343e-01 6.964e+04
1.576e-01 8.048e+04
1.571e-01 8.067e+04
1.640e-01 7.861e+04
1.660e-01 7.884e+04
1.698e-01 7.780e+04
1.652e-01 7.809e+04
1.563e-01 8.073e+04
1.851e-01 7.471e+04
1.565e-01 7.969e+04
1.508e-01 8.140e+04
1.577e-01 8.027e+04
1.665e-01 7.829e+04
1.591e-01 8.049e+04
1.572e-01 8.033e+04
1.605e-01 7.961e+04
2.483e-01 6.795e+04
1.590e-01 8.020e+04
1.923e-01 7.268e+04
1.553e-01 8.067e+04
1.721e-01 7.718e+04
1.494e-01 8.209e+04
1.617e-01 7.908e+04
1.568e-01 8.061e+04
1.596e-01 8.031e+04
1.618e-01 7.943e+04
1.705e-01 7.711e+04
1.758e-01 7.654e+04
1.531e-01 8.102e+04
1.992e-01 7.260e+04
1.938e-01 7.362e+04
1.658e-01 7.851e+04
1.757e-01 7.674e+04
1.759e-01 7.647e+04
2.033e-01 7.202e+04
1.606e-01 7.953e+04
4.053e-06 2.148e+04
1.472e-01 8.249e+04
1.664e-01 7.814e+04
1.667e-01 7.829e+04
1.520e-01 8.145e+04
1.644e-01 7.892e+04
1.585e-01 8.022e+04
1.641e-01 7.903e+04
1.795e-01 7.592e+04
1.553e-01 8.118e+04
1.662e-01 7.835e+04
1.635e-01 7.901e+04
1.535e-01 8.151e+04
1.817e-01 7.532e+04
1.494e-01 8.249e+04
1.674e-01 7.881e+04
1.720e-01 7.716e+04
1.633e-01 7.919e+04
1.638e-01 7.902e+04
1.552e-01 8.052e+04
1.655e-01 7.874e+04
1.586e-01 7.981e+04
1.597e-01 7.939e+04
1.863e-06 1.004e+04
1.707e-01 7.739e+04
1.528e-01 8.157e+04
1.579e-01 8.007e+04
1.695e-01 7.746e+04
1.789e-01 7.605e+04
1.574e-01 8.074e+04
1.557e-01 8.038e+04
1.644e-01 7.855e+04
1.606e-01 7.974e+04
1.492e-01 8.215e+04
1.525e-01 8.105e+04
1.627e-01 7.909e+04
1.571e-01 8.060e+04
1.705e-01 7.736e+04
1.701e-01 7.782e+04
1.575e-01 8.000e+04
1.573e-01 8.018e+04
1.605e-01 7.949e+04
1.765e-01 7.641e+04
1.624e-01 7.848e+04
1.686e-01 7.776e+04
1.549e-01 8.101e+04
1.654e-01 7.850e+04
1.654e-01 7.831e+04
1.573e-01 8.034e+04
1.582e-01 8.041e+04
1.489e-01 8.203e+04
1.743e-01 7.759e+04
1.583e-01 7.999e+04
1.597e-01 7.923e+04
1.683e-01 7.796e+04
1.720e-01 7.687e+04
1.832e-06 1.030e+04
1.996e-01 7.236e+04
1.512e-01 8.149e+04
1.611e-01 7.959e+04
1.539e-01 8.088e+04
1.693e-01 7.758e+04
1.777e-01 7.616e+04
2.289e-01 6.990e+04
1.780e-01 7.592e+04
1.631e-01 7.920e+04
1.520e-01 8.137e+04
1.532e-01 8.152e+04
1.733e-01 7.690e+04
1.611e-01 7.905e+04
2.285e-01 7.015e+04
2.220e-01 7.031e+04
1.612e-01 7.922e+04
1.648e-01 7.853e+04
1.557e-01 8.039e+04
1.536e-01 8.096e+04
2.009e-01 7.342e+04
1.205e-05 1.164e+04
1.663e-01 7.837e+04
1.627e-01 7.899e+04
1.635e-01 7.881e+04
1.922e-01 7.356e+04
1.628e-01 7.952e+04
1.560e-01 8.011e+04
1.582e-01 8.003e+04
1.598e-01 7.947e+04
1.907e-01 7.445e+04
2.005e-01 7.374e+04
1.823e-01 7.603e+04
1.843e-01 7.578e+04
1.567e-01 7.984e+04
1.601e-01 7.991e+04
2.063e-01 7.211e+04
1.625e-01 7.837e+04
1.654e-01 7.852e+04
1.492e-01 8.177e+04
1.835e-01 7.558e+04
1.595e-01 7.988e+04
1.552e-01 8.113e+04
1.518e-01 8.149e+04
1.129e-05 3.820e+03
1.728e-01 7.626e+04
1.621e-01 7.915e+04
1.936e-01 7.366e+04
1.891e-01 7.396e+04
1.649e-06 8.683e+03
1.999e-01 7.265e+04
2.182e-01 7.174e+04
1.541e-01 8.069e+04
1.580e-01 8.055e+04
1.798e-01 7.591e+04
2.599e-01 6.802e+04
1.518e-01 8.132e+04
1.946e-01 7.282e+04
6.120e-06 6.066e+03
1.758e-01 7.672e+04
1.726e-01 7.714e+04
1.573e-01 8.009e+04
1.704e-01 7.724e+04
2.040e-01 7.211e+04
1.654e-01 7.849e+04
1.658e-01 7.799e+04
1.943e-01 7.280e+04
1.588e-01 7.968e+04
2.260e-01 7.026e+04
1.591e-01 7.995e+04
2.250e-01 6.945e+04
1.619e-01 7.905e+04
1.587e-01 7.967e+04
1.570e-01 8.030e+04
1.592e-01 7.991e+04
1.499e-01 8.185e+04
1.537e-01 8.081e+04
2.070e-01 7.268e+04
1.588e-01 8.034e+04
1.547e-01 8.072e+04
1.701e-01 7.785e+04
2.226e-01 7.088e+04
1.571e-01 8.060e+04
1.563e-01 8.047e+04
1.643e-01 7.902e+04
1.547e-01 8.138e+04
1.801e-01 7.583e+04
2.159e-01 7.101e+04
1.596e-01 7.964e+04
1.645e-01 7.897e+04
1.595e-01 7.988e+04
1.551e-01 8.106e+04
2.090e-01 7.108e+04
1.545e-01 8.077e+04
1.618e-01 7.903e+04
1.637e-01 7.878e+04
1.536e-01 8.108e+04
2.009e-01 7.369e+04
2.234e-01 6.997e+04
1.594e-01 7.984e+04
1.644e-01 7.899e+04
1.657e-01 7.873e+04
1.629e-01 7.894e+04
1.536e-01 8.085e+04
1.727e-01 7.684e+04
1.607e-01 7.985e+04
1.589e-01 8.004e+04
1.553e-01 8.109e+04
1.696e-01 7.793e+04
1.793e-06 8.218e+03
1.309e-05 4.603e+03
1.596e-01 8.019e+04
1.683e-01 7.782e+04
2.179e-01 7.144e+04
1.671e-01 7.817e+04
1.591e-01 7.990e+04
1.542e-01 8.099e+04
1.623e-01 7.918e+04
1.685e-01 7.806e+04
1.960e-01 7.414e+04
2.043e-01 7.121e+04
2.052e-01 7.297e+04
1.984e-01 7.228e+04
1.506e-01 8.184e+04
1.513e-01 8.158e+04
1.525e-01 8.110e+04
1.560e-01 8.057e+04
1.530e-01 8.127e+04
1.668e-01 7.870e+04
1.942e-01 7.388e+04
1.649e-01 7.817e+04
1.579e-01 8.022e+04
1.624e-01 7.901e+04
1.519e-01 8.147e+04
1.673e-01 7.826e+04
1.570e-01 8.035e+04
1.581e-01 8.008e+04
1.835e-01 7.546e+04
1.700e-01 7.803e+04
1.620e-01 7.942e+04
1.651e-01 7.859e+04
1.485e-01 8.265e+04
1.659e-01 7.871e+04
1.529e-01 8.145e+04
1.590e-01 8.013e+04
1.687e-01 7.715e+04
1.578e-01 7.980e+04
1.480e-01 8.250e+04
1.611e-01 7.899e+04
2.267e-01 7.075e+04
1.613e-01 7.922e+04
1.951e-01 7.312e+04
1.574e-01 8.041e+04
1.663e-01 7.824e+04
1.518e-01 8.191e+04
1.578e-01 8.002e+04
1.622e-01 7.917e+04
1.574e-01 7.990e+04
1.550e-01 8.043e+04
1.665e-01 7.852e+04
1.907e-01 7.469e+04
1.586e-01 7.996e+04
1.575e-01 7.984e+04
1.600e-01 7.947e+04
1.701e-01 7.781e+04
1.645e-01 7.873e+04
1.742e-01 7.676e+04
1.722e-01 7.730e+04
1.672e-01 7.827e+04
1.661e-01 7.811e+04
2.252e-01 7.000e+04
1.935e-01 7.382e+04
1.577e-01 8.018e+04
1.691e-06 7.834e+02
1.631e-01 7.896e+04
1.567e-01 8.057e+04
1.727e-01 7.730e+04
1.736e-01 7.628e+04
1.799e-01 7.558e+04
1.618e-01 7.932e+04
1.576e-01 8.006e+04
1.747e-01 7.729e+04
1.592e-01 8.024e+04
1.705e-01 7.756e+04
1.643e-01 7.910e+04
1.651e-01 7.863e+04
1.646e-01 7.876e+04
1.615e-01 7.921e+04
2.086e-01 7.283e+04
1.534e-01 8.125e+04
1.625e-01 7.909e+04
2.131e-01 7.095e+04
2.114e-01 7.132e+04
2.077e-01 7.317e+04
2.031e-01 7.257e+04
1.656e-01 7.861e+04
1.684e-01 7.807e+04
1.586e-01 8.049e+04
1.577e-01 8.018e+04
1.764e-01 7.600e+04
1.714e-01 7.765e+04
1.615e-01 7.962e+04
1.630e-01 7.946e+04
1.615e-01 7.941e+04
1.506e-01 8.196e+04
1.561e-01 8.076e+04
1.604e-01 8.006e+04
1.597e-01 7.957e+04
2.149e-01 7.146e+04
1.676e-01 7.811e+04
1.535e-01 8.075e+04
1.693e-01 7.755e+04
1.661e-01 7.815e+04
1.603e-01 7.915e+04
1.806e-01 7.559e+04
2.168e-01 7.089e+04
1.536e-01 8.116e+04
1.604e-01 7.909e+04
1.498e-01 8.214e+04
1.571e-01 8.015e+04
1.586e-01 7.996e+04
1.597e-01 7.927e+04
1.563e-01 8.062e+04
1.608e-01 7.981e+04
1.882e-01 7.365e+04
2.297e-01 7.045e+04
1.701e-01 7.742e+04
1.621e-01 7.959e+04
1.617e-01 7.942e+04
1.569e-01 8.102e+04
1.547e-01 8.131e+04
2.125e-01 7.076e+04
1.638e-01 7.894e+04
1.579e-01 8.037e+04
1.559e-01 8.056e+04
1.672e-01 7.798e+04
1.729e-01 7.745e+04
1.579e-01 8.038e+04
1.602e-01 7.954e+04
1.489e-01 8.222e+04
1.884e-01 7.495e+04
1.600e-01 8.005e+04
1.973e-01 7.224e+04
1.613e-01 7.963e+04
1.593e-01 8.012e+04
1.699e-01 7.742e+04
1.786e-01 7.641e+04
1.504e-01 8.206e+04
2.266e-01 7.039e+04
1.796e-01 7.575e+04
1.611e-01 7.939e+04
1.586e-01 7.941e+04
1.660e-01 7.870e+04
2.260e-01 6.961e+04
2.060e-01 7.227e+04
1.521e-01 8.140e+04
1.541e-01 8.102e+04
2.203e-01 7.144e+04
1.595e-01 8.028e+04
1.746e-01 7.701e+04
1.639e-01 7.896e+04
1.572e-01 8.058e+04
1.721e-01 7.753e+04
1.647e-01 7.852e+04
1.778e-01 7.650e+04
1.841e-01 7.481e+04
1.607e-01 7.996e+04
1.760e-01 7.682e+04
1.748e-01 7.670e+04
1.655e-01 7.866e+04
1.546e-01 8.088e+04
1.527e-01 8.164e+04
2.408e-06 6.565e+03
1.613e-01 7.980e+04
1.909e-01 7.417e+04
1.551e-01 8.050e+04
1.678e-01 7.820e+04
1.563e-01 8.011e+04
2.309e-01 6.995e+04
1.570e-01 7.990e+04
1.536e-01 8.120e+04
1.626e-01 7.946e+04
1.553e-01 8.089e+04
1.560e-01 8.068e+04
1.518e-01 8.147e+04
1.610e-01 8.006e+04
1.569e-01 8.058e+04
1.962e-01 7.341e+04
1.497e-01 8.210e+04
1.912e-01 7.432e+04
1.613e-01 7.916e+04
1.800e-01 7.525e+04
1.635e-01 7.884e+04
1.647e-01 7.910e+04
1.544e-01 8.054e+04
1.545e-01 8.077e+04
1.780e-01 7.585e+04
1.544e-01 8.113e+04
1.538e-01 8.115e+04
1.568e-01 8.045e+04
1.589e-01 7.975e+04
1.685e-01 7.774e+04
1.485e-01 8.212e+04
1.489e-01 8.207e+04
1.932e-01 7.349e+04
1.643e-01 7.910e+04
1.775e-01 7.646e+04
1.738e-01 7.705e+04
1.592e-01 7.957e+04
1.567e-01 8.056e+04
1.555e-01 8.056e+04
1.629e-01 7.909e+04
1.614e-01 7.952e+04
1.632e-01 7.921e+04
1.710e-01 7.737e+04
2.037e-01 7.236e+04
1.668e-01 7.830e+04
1.506e-01 8.190e+04
1.576e-01 7.994e+04
1.609e-01 7.947e+04
1.691e-01 7.787e+04
1.528e-01 8.139e+04
1.630e-01 7.870e+04
1.876e-01 7.481e+04
6.739e-06 1.242e+04
1.853e-01 7.460e+04
1.623e-01 7.944e+04
1.568e-01 8.020e+04
1.796e-01 7.591e+04
1.597e-01 8.007e+04
1.660e-01 7.818e+04
1.965e-01 7.442e+04
1.530e-01 8.084e+04
1.782e-01 7.645e+04
1.707e-01 7.748e+04
1.726e-01 7.686e+04
2.339e-06 1.382e+04
1.687e-01 7.828e+04
1.664e-01 7.834e+04
1.613e-01 7.963e+04
1.575e-01 8.036e+04
4.464e-06 1.027e+04
1.655e-01 7.877e+04
1.514e-01 8.180e+04
1.796e-01 7.655e+04
1.012e-05 2.697e+04
1.733e-01 7.739e+04
1.612e-01 7.943e+04
1.746e-01 7.623e+04
1.782e-01 7.638e+04
1.910e-01 7.521e+04
1.701e-01 7.776e+04
1.558e-01 8.081e+04
1.561e-01 8.065e+04
1.751e-01 7.690e+04
1.557e-01 8.020e+04
1.766e-01 7.643e+04
1.926e-01 7.405e+04
1.583e-01 8.022e+04
2.303e-01 6.878e+04
1.519e-01 8.178e+04
1.785e-01 7.666e+04
1.500e-01 8.162e+04
1.620e-01 7.905e+04
1.706e-01 7.685e+04
1.769e-01 7.641e+04
1.644e-01 7.895e+04
1.665e-01 7.847e+04
1.713e-01 7.655e+04
4.195e-06 6.840e+03
1.582e-01 8.002e+04
2.139e-01 7.144e+04
1.587e-01 8.008e+04
4.773e-06 2.475e+03
1.701e-01 7.767e+04
1.622e-01 7.938e+04
2.074e-01 7.156e+04
1.713e-01 7.795e+04
1.652e-01 7.881e+04
1.627e-01 7.876e+04
2.158e-01 7.165e+04
1.606e-01 7.965e+04
1.533e-01 8.130e+04
1.715e-01 7.710e+04
1.737e-01 7.699e+04
1.617e-01 7.886e+04
2.030e-01 7.253e+04
1.534e-01 8.133e+04
2.215e-01 7.030e+04
1.739e-01 7.632e+04
1.612e-01 7.963e+04
1.514e-01 8.181e+04
1.641e-01 7.895e+04
1.651e-01 7.812e+04
1.541e-01 8.098e+04
2.167e-01 7.086e+04
1.578e-01 8.044e+04
1.596e-01 7.975e+04
1.524e-01 8.131e+04
1.553e-01 8.083e+04
1.600e-01 7.928e+04
1.670e-01 7.805e+04
1.639e-01 7.876e+04
1.648e-01 7.855e+04
1.787e-01 7.622e+04
1.561e-01 8.043e+04
1.632e-01 7.883e+04
2.125e-01 7.203e+04
1.505e-01 8.185e+04
1.559e-01 8.032e+04
1.562e-01 8.060e+04
1.560e-01 8.048e+04
1.643e-01 7.949e+04
1.655e-01 7.909e+04
1.556e-01 8.097e+04
1.529e-01 8.129e+04
1.673e-01 7.787e+04
2.159e-01 7.078e+04
1.074e-05 8.257e+03
1.897e-01 7.451e+04
1.946e-01 7.449e+04
5.752e-06 3.327e+03
1.542e-01 8.123e+04
1.729e-01 7.679e+04
1.598e-01 7.982e+04
1.588e-01 7.944e+04
1.629e-01 7.891e+04
1.541e-01 8.058e+04
1.527e-01 8.133e+04
1.512e-01 8.152e+04
1.636e-01 7.878e+04
1.938e-01 7.293e+04
1.771e-01 7.628e+04
1.504e-01 8.219e+04
1.600e-01 7.973e+04
1.702e-01 7.770e+04
1.655e-01 7.844e+04
2.083e-01 7.200e+04
1.674e-01 7.769e+04
2.292e-01 7.073e+04
2.037e-01 7.274e+04
2.249e-01 6.993e+04
1.516e-01 8.142e+04
1.629e-01 7.884e+04
1.601e-01 8.029e+04
1.551e-01 8.049e+04
1.638e-01 7.953e+04
1.746e-01 7.716e+04
1.584e-01 8.014e+04
2.164e-01 7.159e+04
1.659e-01 7.829e+04
2.120e-01 7.183e+04
1.931e-01 7.327e+04
1.590e-01 8.001e+04
1.816e-01 7.561e+04
2.289e-01 7.073e+04
1.770e-01 7.553e+04
1.600e-01 7.980e+04
1.580e-01 8.052e+04
2.045e-01 7.147e+04
1.597e-01 7.963e+04
1.566e-01 8.064e+04
1.523e-01 8.163e+04
1.593e-01 7.995e+04
1.612e-01 7.942e+04
1.586e-01 7.933e+04
1.514e-01 8.157e+04
1.618e-01 7.929e+04
1.541e-01 8.110e+04
1.561e-01 8.045e+04
1.594e-01 7.972e+04
1.600e-01 8.016e+04
5.488e-07 1.364e+04
1.681e-01 7.815e+04
1.582e-01 8.022e+04
1.528e-01 8.163e+04
1.705e-01 7.740e+04
2.254e-01 7.003e+04
1.572e-01 8.009e+04
1.780e-01 7.638e+04
2.079e-01 7.210e+04
1.185e-06 4.725e+02
1.549e-01 8.088e+04
1.586e-01 8.017e+04
2.044e-01 7.301e+04
1.520e-01 8.136e+04
1.615e-01 7.931e+04
1.564e-01 8.063e+04
1.709e-01 7.765e+04
1.652e-01 7.844e+04
1.652e-01 7.846e+04
1.650e-01 7.884e+04
1.638e-01 7.870e+04
1.550e-01 8.093e+04
1.530e-01 8.107e+04
1.702e-01 7.744e+04
2.116e-01 7.138e+04
1.803e-01 7.641e+04
1.594e-01 8.014e+04
1.585e-01 7.999e+04
1.806e-01 7.561e+04
2.066e-01 7.201e+04
1.907e-01 7.492e+04
1.551e-01 8.079e+04
1.588e-01 7.992e+04
1.612e-01 7.959e+04
1.725e-01 7.721e+04
1.683e-01 7.783e+04
1.520e-01 8.146e+04
1.567e-01 8.002e+04
1.572e-01 8.037e+04
2.014e-01 7.314e+04
1.553e-01 8.055e+04
1.631e-01 7.905e+04
1.725e-01 7.727e+04
1.630e-01 7.940e+04
1.723e-01 7.722e+04
1.748e-01 7.680e+04
1.675e-01 7.840e+04
1.995e-01 7.303e+04
1.608e-01 7.947e+04
1.655e-01 7.874e+04
1.560e-01 8.029e+04
1.591e-01 8.013e+04
1.505e-01 8.149e+04
1.550e-01 8.081e+04
1.584e-01 7.991e+04
2.063e-01 7.208e+04
1.598e-01 7.990e+04
1.573e-01 8.030e+04
1.568e-01 8.074e+04
1.648e-01 7.858e+04
1.665e-01 7.823e+04
1.553e-01 8.039e+04
1.996e-01 7.362e+04
1.575e-01 8.045e+04
1.647e-01 7.827e+04
1.974e-01 7.339e+04
1.690e-01 7.756e+04
1.859e-01 7.551e+04
1.601e-01 7.970e+04
1.591e-01 7.949e+04
1.621e-01 7.898e+04
1.532e-01 8.123e+04
1.621e-01 7.915e+04
1.535e-01 8.113e+04
1.739e-01 7.712e+04
1.633e-01 7.953e+04
1.512e-06 5.138e+03
1.641e-01 7.920e+04
1.578e-01 7.989e+04
2.138e-01 7.126e+04
1.716e-01 7.739e+04
1.523e-01 8.166e+04
1.964e-01 7.418e+04
1.838e-01 7.549e+04
1.660e-01 7.813e+04
1.616e-01 7.953e+04
1.870e-01 7.463e+04
1.641e-01 7.874e+04
1.685e-01 7.819e+04
1.532e-01 8.131e+04
2.083e-01 7.134e+04
1.641e-01 7.912e+04
2.074e-01 7.244e+04
