2.308e-01 7.516e+04
2.240e-01 7.599e+04
2.340e-01 7.434e+04
2.198e-01 7.624e+04
2.268e-01 7.548e+04
2.236e-01 7.603e+04
2.538e-01 7.108e+04
2.331e-01 7.498e+04
2.332e-01 7.447e+04
2.257e-01 7.645e+04
2.673e-01 7.133e+04
2.366e-01 7.448e+04
2.785e-01 6.860e+04
2.239e-01 7.583e+04
2.264e-01 7.569e+04
2.386e-01 7.177e+04
2.520e-01 7.185e+04
2.408e-01 7.304e+04
2.288e-01 7.537e+04
2.324e-01 7.428e+04
5.607e-06 3.554e+03
2.257e-01 7.532e+04
2.374e-01 7.230e+04
2.523e-01 7.271e+04
2.374e-01 7.363e+04
2.380e-01 7.370e+04
2.365e-01 7.398e+04
2.275e-01 7.535e+04
2.314e-01 7.431e+04
2.363e-01 7.415e+04
2.463e-01 7.299e+04
2.486e-01 7.201e+04
2.253e-01 7.589e+04
2.408e-01 7.370e+04
2.271e-01 7.571e+04
2.413e-01 7.354e+04
2.313e-01 7.451e+04
2.295e-01 7.525e+04
2.320e-01 7.472e+04
2.306e-01 7.524e+04
2.202e-01 7.701e+04
2.362e-01 7.446e+04
2.410e-01 7.354e+04
2.229e-01 7.617e+04
2.385e-01 7.368e+04
2.286e-01 7.544e+04
2.246e-01 7.601e+04
2.281e-01 7.562e+04
2.250e-01 7.563e+04
2.597e-01 7.046e+04
2.270e-01 7.516e+04
2.267e-01 7.574e+04
2.298e-01 7.457e+04
2.298e-01 7.511e+04
2.204e-01 7.669e+04
2.414e-01 7.363e+04
2.222e-01 7.594e+04
2.355e-01 7.334e+04
2.366e-01 7.482e+04
2.331e-01 7.475e+04
2.319e-01 7.435e+04
2.496e-01 7.262e+04
2.300e-01 7.531e+04
2.367e-01 7.369e+04
2.419e-01 7.314e+04
2.335e-01 7.390e+04
2.276e-01 7.540e+04
2.292e-01 7.561e+04
2.404e-01 7.374e+04
2.397e-01 7.299e+04
2.319e-01 7.473e+04
2.328e-01 7.449e+04
2.294e-01 7.509e+04
2.256e-01 7.589e+04
2.297e-01 7.537e+04
2.261e-01 7.571e+04
2.443e-01 7.281e+04
2.260e-01 7.526e+04
2.271e-01 7.532e+04
2.471e-01 7.294e+04
2.634e-01 7.026e+04
2.271e-01 7.519e+04
2.360e-01 7.397e+04
2.170e-01 7.710e+04
2.374e-01 7.356e+04
2.186e-01 7.687e+04
2.267e-01 7.577e+04
2.290e-01 7.448e+04
2.279e-01 7.545e+04
2.295e-01 7.523e+04
2.576e-01 7.132e+04
2.333e-01 7.455e+04
2.396e-01 7.420e+04
2.256e-01 7.587e+04
2.231e-01 7.641e+04
2.281e-01 7.563e+04
2.577e-01 7.132e+04
2.296e-01 7.558e+04
2.820e-01 6.874e+04
2.349e-01 7.441e+04
2.308e-01 7.518e+04
2.227e-01 7.592e+04
2.566e-01 7.059e+04
2.206e-01 7.671e+04
2.239e-01 7.605e+04
2.257e-01 7.564e+04
2.582e-06 1.379e+04
2.391e-01 7.342e+04
2.326e-01 7.452e+04
2.236e-01 7.598e+04
2.348e-01 7.441e+04
2.219e-01 7.665e+04
2.257e-01 7.544e+04
2.267e-01 7.591e+04
2.371e-01 7.384e+04
2.282e-01 7.535e+04
2.278e-01 7.542e+04
2.291e-01 7.540e+04
2.545e-01 7.162e+04
2.193e-01 7.672e+04
2.335e-01 7.487e+04
2.535e-01 7.240e+04
2.270e-01 7.508e+04
2.290e-01 7.510e+04
2.449e-01 7.305e+04
2.239e-01 7.621e+04
2.315e-01 7.452e+04
2.190e-01 7.667e+04
2.269e-01 7.555e+04
2.241e-01 7.607e+04
2.247e-01 7.608e+04
2.507e-01 7.221e+04
2.292e-01 7.470e+04
2.309e-01 7.476e+04
2.402e-01 7.305e+04
2.495e-01 7.200e+04
2.293e-01 7.554e+04
2.267e-01 7.546e+04
2.343e-01 7.440e+04
2.307e-01 7.469e+04
2.347e-01 7.422e+04
2.445e-01 7.252e+04
2.395e-01 7.401e+04
2.355e-01 7.365e+04
2.309e-01 7.493e+04
2.296e-01 7.478e+04
2.584e-01 7.064e+04
2.310e-01 7.499e+04
2.333e-01 7.469e+04
2.243e-01 7.605e+04
2.655e-01 7.021e+04
2.401e-01 7.321e+04
2.320e-01 7.506e+04
2.268e-01 7.566e+04
2.397e-01 7.355e+04
2.201e-01 7.659e+04
2.355e-01 7.465e+04
2.268e-01 7.556e+04
2.444e-01 7.294e+04
2.344e-01 7.451e+04
2.277e-01 7.489e+04
2.411e-01 7.316e+04
2.370e-01 7.363e+04
2.344e-01 7.424e+04
2.330e-01 7.502e+04
2.228e-01 7.654e+04
2.574e-01 7.112e+04
2.347e-01 7.412e+04
2.371e-01 7.470e+04
2.292e-01 7.442e+04
2.348e-01 7.390e+04
2.200e-01 7.697e+04
2.448e-01 7.275e+04
2.300e-01 7.480e+04
2.251e-01 7.542e+04
2.279e-01 7.515e+04
3.283e-05 1.570e+04
2.275e-01 7.513e+04
2.241e-01 7.630e+04
2.249e-01 7.568e+04
2.462e-01 7.333e+04
2.183e-01 7.689e+04
2.284e-01 7.564e+04
2.311e-01 7.537e+04
2.507e-01 7.109e+04
2.265e-01 7.557e+04
2.415e-01 7.345e+04
2.399e-01 7.310e+04
2.292e-01 7.499e+04
2.254e-01 7.595e+04
2.315e-01 7.409e+04
2.408e-01 7.349e+04
2.381e-01 7.368e+04
2.251e-01 7.559e+04
2.417e-01 7.265e+04
2.278e-01 7.511e+04
2.214e-01 7.666e+04
2.314e-01 7.517e+04
2.246e-01 7.561e+04
2.330e-01 7.425e+04
2.432e-01 7.268e+04
2.298e-01 7.483e+04
2.266e-01 7.538e+04
2.247e-01 7.560e+04
2.319e-01 7.441e+04
2.287e-01 7.518e+04
2.434e-01 7.280e+04
2.314e-01 7.490e+04
2.320e-01 7.467e+04
2.453e-01 7.277e+04
2.197e-01 7.662e+04
2.244e-01 7.530e+04
2.352e-01 7.341e+04
8.807e-06 1.897e+04
1.186e-06 9.170e+03
2.499e-01 7.131e+04
2.356e-01 7.438e+04
2.268e-01 7.599e+04
2.370e-01 7.366e+04
2.339e-01 7.419e+04
2.292e-01 7.503e+04
2.229e-01 7.621e+04
2.281e-01 7.493e+04
2.368e-01 7.374e+04
2.412e-01 7.252e+04
2.308e-01 7.436e+04
2.340e-01 7.441e+04
2.422e-01 7.280e+04
2.307e-01 7.477e+04
2.266e-01 7.619e+04
2.558e-01 7.103e+04
2.234e-01 7.604e+04
2.322e-01 7.431e+04
2.326e-01 7.463e+04
2.244e-01 7.613e+04
2.426e-01 7.361e+04
2.273e-01 7.587e+04
2.317e-01 7.514e+04
2.291e-01 7.497e+04
2.249e-01 7.584e+04
2.362e-01 7.357e+04
2.233e-01 7.647e+04
2.357e-01 7.439e+04
2.305e-01 7.413e+04
2.403e-01 7.305e+04
2.254e-01 7.629e+04
2.244e-01 7.553e+04
2.484e-01 7.223e+04
2.229e-01 7.566e+04
2.260e-01 7.587e+04
2.260e-01 7.598e+04
2.589e-01 7.096e+04
2.389e-01 7.429e+04
2.432e-01 7.278e+04
2.284e-01 7.438e+04
2.212e-01 7.673e+04
2.333e-01 7.474e+04
2.378e-01 7.365e+04
2.265e-01 7.624e+04
2.543e-01 7.163e+04
2.422e-01 7.379e+04
2.340e-01 7.422e+04
2.376e-01 7.431e+04
2.243e-01 7.620e+04
2.221e-01 7.620e+04
2.586e-05 1.344e+04
2.448e-01 7.268e+04
2.209e-01 7.613e+04
2.303e-01 7.453e+04
2.531e-01 7.198e+04
2.615e-01 7.072e+04
2.305e-01 7.415e+04
2.455e-01 7.278e+04
2.454e-01 7.282e+04
2.213e-01 7.620e+04
2.306e-01 7.486e+04
2.326e-01 7.495e+04
2.261e-01 7.457e+04
2.603e-01 7.064e+04
2.374e-01 7.383e+04
2.300e-01 7.525e+04
2.904e-01 6.690e+04
2.233e-01 7.621e+04
2.212e-01 7.665e+04
2.203e-01 7.690e+04
2.569e-01 7.062e+04
2.306e-01 7.517e+04
2.278e-01 7.585e+04
2.350e-01 7.488e+04
2.303e-01 7.511e+04
2.274e-01 7.600e+04
2.536e-01 7.094e+04
2.226e-01 7.637e+04
2.385e-01 7.430e+04
2.689e-01 7.034e+04
2.241e-01 7.577e+04
2.271e-01 7.576e+04
2.303e-01 7.462e+04
2.347e-01 7.420e+04
2.253e-01 7.586e+04
2.278e-01 7.507e+04
2.220e-01 7.616e+04
2.557e-01 7.185e+04
2.274e-01 7.557e+04
2.236e-01 7.594e+04
2.363e-01 7.412e+04
2.421e-01 7.320e+04
2.618e-01 7.053e+04
2.257e-01 7.454e+04
2.337e-01 7.383e+04
2.291e-01 7.528e+04
2.229e-01 7.617e+04
2.250e-01 7.522e+04
2.337e-01 7.393e+04
2.288e-01 7.582e+04
2.454e-01 7.332e+04
2.337e-01 7.454e+04
2.448e-01 7.268e+04
2.245e-01 7.625e+04
2.558e-01 7.125e+04
2.242e-01 7.587e+04
2.330e-01 7.449e+04
2.247e-01 7.573e+04
2.332e-01 7.462e+04
2.314e-01 7.587e+04
2.309e-01 7.480e+04
2.259e-01 7.548e+04
2.318e-01 7.415e+04
2.232e-01 7.638e+04
2.257e-01 7.593e+04
2.264e-01 7.555e+04
2.396e-01 7.324e+04
2.279e-01 7.520e+04
2.290e-01 7.504e+04
2.477e-01 7.253e+04
2.333e-01 7.435e+04
2.362e-01 7.466e+04
2.439e-01 7.297e+04
2.343e-01 7.473e+04
2.491e-01 7.134e+04
2.250e-01 7.590e+04
2.245e-01 7.571e+04
2.263e-01 7.586e+04
2.261e-01 7.545e+04
2.388e-01 7.341e+04
2.273e-01 7.511e+04
2.330e-01 7.460e+04
2.271e-01 7.570e+04
2.375e-01 7.407e+04
2.244e-01 7.577e+04
2.210e-01 7.647e+04
2.275e-01 7.573e+04
2.314e-01 7.433e+04
2.236e-01 7.621e+04
2.261e-01 7.544e+04
2.274e-01 7.534e+04
2.361e-01 7.352e+04
2.282e-01 7.535e+04
2.448e-01 7.319e+04
2.646e-01 7.036e+04
2.432e-01 7.369e+04
2.269e-01 7.528e+04
2.261e-01 7.517e+04
2.454e-01 7.373e+04
2.277e-01 7.502e+04
2.403e-01 7.369e+04
2.223e-01 7.654e+04
2.231e-01 7.616e+04
2.359e-01 7.314e+04
2.551e-01 7.144e+04
2.277e-01 7.506e+04
2.274e-01 7.495e+04
2.252e-01 7.566e+04
2.235e-01 7.635e+04
2.368e-01 7.409e+04
2.305e-01 7.478e+04
2.274e-01 7.543e+04
2.227e-01 7.606e+04
2.189e-01 7.711e+04
2.316e-01 7.467e+04
2.427e-01 7.327e+04
2.610e-01 7.059e+04
2.455e-01 7.280e+04
2.269e-01 7.528e+04
2.490e-01 7.262e+04
2.435e-01 7.235e+04
2.485e-01 7.168e+04
2.428e-01 7.297e+04
8.579e-06 8.652e+03
2.401e-01 7.369e+04
2.482e-01 7.255e+04
2.421e-01 7.372e+04
2.316e-01 7.501e+04
2.395e-01 7.249e+04
2.264e-01 7.579e+04
2.423e-01 7.337e+04
2.338e-01 7.475e+04
2.346e-01 7.433e+04
2.377e-01 7.387e+04
2.276e-01 7.448e+04
2.230e-01 7.629e+04
2.242e-01 7.604e+04
2.371e-01 7.424e+04
2.289e-01 7.523e+04
2.370e-01 7.391e+04
2.265e-01 7.583e+04
2.368e-01 7.332e+04
2.407e-01 7.391e+04
2.392e-01 7.230e+04
2.218e-01 7.668e+04
2.306e-01 7.449e+04
2.446e-01 7.174e+04
2.461e-01 7.142e+04
2.295e-01 7.536e+04
2.350e-01 7.421e+04
2.397e-01 7.408e+04
2.403e-01 7.332e+04
2.222e-01 7.618e+04
2.335e-01 7.380e+04
2.537e-01 7.116e+04
2.366e-01 7.422e+04
2.285e-01 7.503e+04
2.237e-01 7.585e+04
2.274e-01 7.567e+04
2.197e-01 7.670e+04
2.295e-01 7.515e+04
2.490e-01 7.198e+04
2.454e-01 7.274e+04
2.335e-01 7.474e+04
2.299e-01 7.469e+04
2.278e-01 7.543e+04
2.306e-01 7.504e+04
2.231e-01 7.653e+04
2.440e-01 7.284e+04
2.263e-01 7.602e+04
2.245e-01 7.602e+04
2.405e-01 7.372e+04
2.248e-01 7.618e+04
2.362e-01 7.409e+04
2.250e-01 7.593e+04
2.259e-01 7.551e+04
2.348e-01 7.454e+04
2.568e-01 7.122e+04
2.324e-01 7.395e+04
2.488e-01 7.245e+04
4.041e-06 7.157e+03
2.419e-01 7.359e+04
2.500e-01 7.148e+04
2.229e-01 7.647e+04
2.374e-01 7.376e+04
2.367e-01 7.359e+04
2.297e-01 7.533e+04
2.484e-01 7.262e+04
2.237e-01 7.582e+04
2.584e-01 7.126e+04
2.344e-01 7.458e+04
2.428e-01 7.342e+04
2.238e-01 7.631e+04
2.411e-01 7.363e+04
2.409e-01 7.374e+04
2.320e-01 7.491e+04
2.295e-01 7.521e+04
2.420e-01 7.283e+04
2.577e-01 7.146e+04
2.357e-01 7.467e+04
2.228e-01 7.628e+04
2.274e-01 7.532e+04
2.370e-01 7.439e+04
2.414e-01 7.307e+04
2.252e-01 7.547e+04
2.325e-01 7.483e+04
2.443e-01 7.280e+04
2.280e-01 7.501e+04
2.329e-01 7.472e+04
2.477e-01 7.206e+04
2.243e-01 7.593e+04
2.370e-01 7.373e+04
2.285e-01 7.538e+04
2.363e-01 7.391e+04
2.360e-01 7.379e+04
2.493e-01 7.178e+04
2.491e-01 7.178e+04
2.285e-01 7.571e+04
2.449e-01 7.227e+04
2.419e-01 7.305e+04
2.217e-01 7.645e+04
2.351e-01 7.458e+04
2.268e-01 7.552e+04
2.256e-01 7.577e+04
2.423e-01 7.335e+04
2.429e-01 7.339e+04
2.269e-01 7.548e+04
2.223e-01 7.618e+04
2.375e-01 7.350e+04
2.263e-01 7.572e+04
2.644e-01 7.013e+04
2.377e-01 7.327e+04
2.274e-01 7.513e+04
2.335e-01 7.483e+04
2.445e-01 7.268e+04
2.259e-01 7.510e+04
2.252e-01 7.606e+04
2.466e-01 7.198e+04
2.278e-01 7.523e+04
2.458e-01 7.288e+04
2.512e-01 7.229e+04
2.349e-01 7.408e+04
2.210e-01 7.653e+04
2.259e-01 7.585e+04
2.298e-01 7.527e+04
2.464e-01 7.266e+04
2.293e-01 7.539e+04
2.240e-01 7.569e+04
2.246e-01 7.591e+04
2.398e-01 7.342e+04
2.462e-01 7.308e+04
2.265e-01 7.520e+04
2.283e-01 7.496e+04
2.469e-01 7.232e+04
2.253e-01 7.573e+04
2.639e-01 7.048e+04
2.258e-01 7.517e+04
2.313e-01 7.493e+04
2.423e-01 7.347e+04
2.762e-08 6.784e+03
2.237e-01 7.616e+04
2.446e-01 7.270e+04
2.281e-01 7.524e+04
2.269e-01 7.517e+04
2.213e-01 7.671e+04
2.485e-01 7.273e+04
2.301e-01 7.524e+04
2.234e-01 7.620e+04
2.289e-01 7.518e+04
2.272e-01 7.567e+04
2.263e-01 7.508e+04
2.209e-01 7.663e+04
2.222e-01 7.611e+04
2.461e-01 7.231e+04
2.292e-01 7.508e+04
2.277e-01 7.552e+04
2.235e-01 7.619e+04
2.439e-01 7.304e+04
2.319e-01 7.505e+04
2.334e-01 7.444e+04
2.246e-01 7.576e+04
2.257e-01 7.579e+04
2.348e-01 7.437e+04
2.257e-01 7.530e+04
2.263e-01 7.529e+04
2.491e-01 7.213e+04
2.454e-01 7.267e+04
2.448e-01 7.327e+04
2.267e-01 7.562e+04
2.419e-01 7.312e+04
2.712e-01 6.921e+04
2.196e-01 7.656e+04
2.280e-01 7.500e+04
2.343e-01 7.432e+04
2.384e-01 7.349e+04
2.384e-01 7.378e+04
2.367e-01 7.340e+04
2.321e-01 7.467e+04
2.314e-01 7.504e+04
2.207e-01 7.714e+04
2.390e-01 7.365e+04
2.216e-01 7.627e+04
2.258e-01 7.617e+04
2.475e-01 7.268e+04
2.465e-01 7.196e+04
2.377e-01 7.374e+04
2.304e-01 7.472e+04
2.311e-01 7.399e+04
2.452e-01 7.283e+04
2.308e-01 7.509e+04
2.409e-01 7.269e+04
2.270e-01 7.547e+04
2.380e-01 7.302e+04
2.218e-01 7.624e+04
2.396e-01 7.378e+04
2.214e-01 7.621e+04
2.387e-01 7.369e+04
2.257e-01 7.570e+04
2.355e-01 7.413e+04
2.301e-01 7.502e+04
2.323e-01 7.493e+04
2.254e-01 7.543e+04
2.250e-01 7.635e+04
2.227e-01 7.651e+04
2.342e-01 7.431e+04
2.420e-01 7.362e+04
2.391e-01 7.353e+04
2.504e-01 7.147e+04
2.241e-01 7.627e+04
2.247e-01 7.591e+04
2.594e-01 7.058e+04
2.338e-01 7.431e+04
2.277e-01 7.521e+04
2.234e-01 7.603e+04
2.365e-01 7.435e+04
2.237e-01 7.633e+04
2.646e-01 7.006e+04
2.225e-01 7.663e+04
2.436e-01 7.284e+04
2.460e-01 7.281e+04
2.262e-01 7.571e+04
2.313e-01 7.525e+04
2.317e-01 7.521e+04
2.330e-01 7.477e+04
2.342e-01 7.468e+04
2.446e-01 7.110e+04
2.413e-01 7.297e+04
2.363e-01 7.395e+04
2.420e-01 7.379e+04
2.283e-01 7.583e+04
2.280e-01 7.493e+04
2.329e-01 7.486e+04
2.380e-01 7.410e+04
2.401e-01 7.351e+04
2.290e-01 7.505e+04
2.311e-01 7.486e+04
7.687e-08 1.252e+04
2.195e-01 7.688e+04
2.398e-01 7.396e+04
2.333e-01 7.447e+04
2.685e-01 6.909e+04
2.247e-01 7.609e+04
2.411e-01 7.355e+04
8.390e-06 1.444e+04
2.395e-01 7.385e+04
2.303e-01 7.436e+04
2.328e-01 7.447e+04
2.195e-01 7.689e+04
2.240e-01 7.614e+04
2.288e-01 7.508e+04
2.439e-01 7.317e+04
2.408e-01 7.380e+04
2.219e-01 7.621e+04
2.280e-01 7.535e+04
2.299e-01 7.465e+04
2.276e-01 7.505e+04
2.573e-01 7.121e+04
2.269e-01 7.589e+04
2.462e-01 7.285e+04
2.379e-01 7.376e+04
2.255e-01 7.568e+04
2.340e-01 7.467e+04
2.287e-01 7.476e+04
2.230e-01 7.630e+04
2.426e-01 7.259e+04
2.347e-01 7.440e+04
2.329e-01 7.468e+04
2.323e-01 7.530e+04
2.576e-01 7.132e+04
2.214e-01 7.687e+04
2.568e-01 7.070e+04
2.319e-01 7.506e+04
2.241e-01 7.582e+04
2.348e-01 7.441e+04
2.257e-01 7.542e+04
2.339e-01 7.438e+04
2.426e-01 7.367e+04
2.224e-01 7.623e+04
2.513e-01 7.067e+04
2.402e-01 7.367e+04
2.292e-01 7.537e+04
2.327e-01 7.466e+04
2.340e-01 7.486e+04
2.286e-01 7.469e+04
2.441e-01 7.249e+04
2.288e-01 7.560e+04
2.362e-01 7.402e+04
2.443e-01 7.241e+04
2.807e-01 6.940e+04
2.227e-01 7.596e+04
2.288e-01 7.541e+04
2.305e-01 7.481e+04
2.341e-01 7.417e+04
2.310e-01 7.446e+04
2.602e-01 7.079e+04
2.285e-01 7.469e+04
2.230e-01 7.627e+04
2.549e-01 7.234e+04
2.242e-01 7.612e+04
2.263e-01 7.514e+04
2.401e-01 7.378e+04
2.334e-01 7.398e+04
2.265e-01 7.580e+04
2.316e-01 7.451e+04
2.535e-01 7.175e+04
2.379e-01 7.379e+04
2.272e-01 7.559e+04
2.262e-01 7.481e+04
2.213e-01 7.680e+04
2.260e-01 7.572e+04
2.615e-01 7.035e+04
2.650e-01 6.954e+04
2.369e-01 7.378e+04
2.241e-01 7.605e+04
2.286e-01 7.521e+04
2.313e-01 7.491e+04
2.330e-01 7.471e+04
2.328e-01 7.460e+04
2.285e-01 7.527e+04
2.471e-01 7.212e+04
2.459e-01 7.308e+04
2.290e-01 7.455e+04
2.385e-01 7.380e+04
2.338e-01 7.453e+04
2.631e-01 7.042e+04
2.261e-01 7.550e+04
2.363e-01 7.468e+04
2.506e-01 7.197e+04
2.358e-01 7.449e+04
2.349e-01 7.463e+04
2.451e-01 7.212e+04
2.265e-01 7.572e+04
2.233e-01 7.620e+04
2.397e-01 7.338e+04
2.542e-01 7.154e+04
2.345e-01 7.399e+04
2.269e-01 7.522e+04
2.264e-01 7.600e+04
2.647e-01 6.977e+04
2.511e-01 7.298e+04
2.405e-01 7.394e+04
2.341e-01 7.461e+04
2.473e-01 7.252e+04
2.284e-01 7.544e+04
2.234e-01 7.615e+04
2.379e-01 7.309e+04
2.302e-01 7.493e+04
2.278e-01 7.527e+04
2.320e-01 7.470e+04
2.246e-01 7.548e+04
2.307e-01 7.447e+04
2.244e-01 7.615e+04
2.352e-01 7.349e+04
2.248e-01 7.561e+04
2.358e-01 7.408e+04
2.399e-01 7.385e+04
2.321e-01 7.454e+04
2.351e-01 7.452e+04
2.226e-01 7.631e+04
2.225e-01 7.633e+04
2.236e-01 7.624e+04
2.221e-01 7.659e+04
2.328e-01 7.428e+04
2.342e-01 7.472e+04
2.234e-01 7.560e+04
2.280e-01 7.464e+04
2.367e-01 7.366e+04
2.251e-01 7.606e+04
2.472e-01 7.211e+04
2.432e-01 7.347e+04
2.246e-01 7.546e+04
2.347e-01 7.501e+04
2.287e-01 7.494e+04
2.294e-01 7.586e+04
2.266e-01 7.540e+04
2.222e-01 7.589e+04
2.300e-01 7.528e+04
2.304e-01 7.507e+04
2.272e-01 7.550e+04
2.230e-01 7.643e+04
2.296e-01 7.510e+04
2.395e-01 7.363e+04
2.332e-01 7.487e+04
2.410e-01 7.308e+04
2.473e-01 7.370e+04
2.305e-01 7.517e+04
2.363e-01 7.427e+04
2.265e-01 7.580e+04
2.252e-01 7.599e+04
2.373e-01 7.435e+04
3.069e-01 6.665e+04
2.294e-01 7.473e+04
2.499e-01 7.151e+04
2.510e-01 7.071e+04
2.308e-01 7.479e+04
2.475e-01 7.215e+04
1.168e-06 1.092e+04
3.031e-06 6.594e+03
2.272e-01 7.550e+04
2.233e-01 7.621e+04
2.306e-01 7.508e+04
2.401e-01 7.293e+04
2.331e-01 7.452e+04
2.365e-01 7.418e+04
1.991e-06 1.306e+04
2.390e-01 7.285e+04
2.328e-01 7.444e+04
2.314e-01 7.483e+04
2.414e-01 7.326e+04
2.481e-01 7.196e+04
2.472e-01 7.293e+04
2.328e-01 7.456e+04
2.291e-01 7.484e+04
2.332e-01 7.444e+04
2.344e-01 7.414e+04
2.421e-01 7.353e+04
2.260e-01 7.588e+04
2.184e-01 7.708e+04
2.376e-01 7.378e+04
2.303e-01 7.551e+04
2.225e-01 7.603e+04
2.319e-01 7.453e+04
2.390e-01 7.349e+04
2.271e-01 7.525e+04
2.433e-01 7.275e+04
2.615e-06 1.551e+04
2.374e-01 7.381e+04
2.246e-01 7.605e+04
2.203e-01 7.690e+04
2.225e-01 7.598e+04
2.352e-01 7.402e+04
2.303e-01 7.536e+04
2.225e-01 7.577e+04
2.373e-01 7.464e+04
2.199e-01 7.712e+04
2.443e-01 7.326e+04
2.296e-01 7.468e+04
2.381e-01 7.382e+04
2.335e-01 7.487e+04
2.312e-01 7.513e+04
2.262e-01 7.600e+04
2.235e-01 7.626e+04
2.733e-01 6.959e+04
2.294e-01 7.495e+04
2.468e-01 7.235e+04
2.364e-01 7.359e+04
2.339e-01 7.414e+04
2.463e-01 7.283e+04
2.285e-01 7.596e+04
2.485e-01 7.139e+04
2.317e-01 7.483e+04
2.293e-01 7.538e+04
2.488e-01 7.244e+04
2.394e-01 7.342e+04
2.271e-01 7.578e+04
2.267e-01 7.574e+04
2.375e-01 7.406e+04
2.262e-01 7.564e+04
2.272e-01 7.585e+04
2.177e-01 7.702e+04
2.201e-01 7.690e+04
1.063e-06 1.701e+04
2.231e-01 7.620e+04
2.347e-01 7.398e+04
2.299e-01 7.466e+04
2.374e-01 7.409e+04
2.675e-01 7.004e+04
2.338e-01 7.474e+04
2.185e-01 7.701e+04
2.551e-01 7.164e+04
2.365e-01 7.366e+04
2.655e-01 7.026e+04
2.246e-01 7.585e+04
2.310e-01 7.521e+04
2.243e-01 7.632e+04
2.429e-01 7.338e+04
2.304e-01 7.487e+04
2.333e-01 7.452e+04
2.558e-01 7.100e+04
2.347e-01 7.475e+04
2.338e-01 7.456e+04
2.281e-01 7.559e+04
2.305e-01 7.493e+04
2.262e-01 7.592e+04
2.261e-01 7.586e+04
2.419e-01 7.316e+04
2.332e-01 7.517e+04
2.231e-01 7.624e+04
2.498e-01 7.237e+04
2.445e-01 7.256e+04
2.220e-01 7.633e+04
2.308e-01 7.522e+04
2.296e-01 7.526e+04
2.343e-01 7.421e+04
2.561e-01 7.129e+04
2.386e-01 7.364e+04
2.394e-01 7.368e+04
2.338e-01 7.426e+04
2.301e-01 7.525e+04
2.311e-01 7.486e+04
2.272e-01 7.512e+04
2.354e-01 7.388e+04
2.356e-01 7.452e+04
2.369e-01 7.359e+04
2.236e-01 7.641e+04
2.376e-01 7.430e+04
2.256e-01 7.559e+04
2.416e-01 7.315e+04
2.398e-01 7.319e+04
2.317e-01 7.495e+04
2.212e-01 7.686e+04
2.271e-01 7.560e+04
2.429e-01 7.285e+04
2.188e-01 7.697e+04
2.284e-01 7.543e+04
2.257e-01 7.555e+04
2.307e-01 7.459e+04
2.273e-01 7.530e+04
2.350e-01 7.383e+04
2.438e-01 7.303e+04
2.230e-01 7.646e+04
2.238e-01 7.576e+04
2.249e-01 7.589e+04
2.317e-01 7.462e+04
2.462e-01 7.316e+04
2.375e-01 7.359e+04
2.464e-01 7.230e+04
2.343e-01 7.275e+04
2.593e-01 7.076e+04
2.315e-01 7.440e+04
2.237e-01 7.634e+04
2.401e-01 7.410e+04
2.247e-01 7.558e+04
2.238e-01 7.584e+04
2.399e-01 7.395e+04
2.596e-01 7.135e+04
2.296e-01 7.454e+04
2.437e-01 7.283e+04
2.263e-01 7.559e+04
2.390e-01 7.386e+04
2.260e-01 7.535e+04
2.315e-01 7.439e+04
2.311e-01 7.442e+04
2.391e-01 7.384e+04
2.264e-01 7.569e+04
2.244e-01 7.598e+04
2.471e-01 7.337e+04
2.249e-01 7.597e+04
2.240e-01 7.618e+04
2.482e-01 7.258e+04
2.434e-01 7.347e+04
2.427e-01 7.357e+04
2.241e-01 7.621e+04
2.210e-01 7.655e+04
2.420e-01 7.342e+04
2.305e-01 7.428e+04
2.247e-01 7.563e+04
2.307e-01 7.455e+04
2.434e-01 7.202e+04
2.312e-01 7.511e+04
2.222e-01 7.615e+04
2.266e-01 7.530e+04
2.376e-01 7.380e+04
2.375e-01 7.373e+04
1.525e-06 1.036e+04
2.280e-01 7.546e+04
2.301e-01 7.468e+04
1.919e-05 2.173e+04
2.295e-01 7.468e+04
2.724e-01 6.881e+04
2.428e-01 7.298e+04
2.399e-01 7.372e+04
2.366e-01 7.403e+04
2.182e-01 7.654e+04
2.391e-01 7.415e+04
2.263e-01 7.581e+04
2.279e-01 7.538e+04
2.283e-01 7.508e+04
2.275e-01 7.507e+04
2.445e-01 7.292e+04
2.276e-01 7.523e+04
2.260e-01 7.575e+04
2.282e-01 7.523e+04
2.214e-01 7.619e+04
2.348e-01 7.421e+04
2.665e-01 6.978e+04
2.266e-01 7.598e+04
2.367e-01 7.445e+04
2.357e-01 7.461e+04
2.209e-01 7.669e+04
2.255e-01 7.594e+04
2.233e-01 7.624e+04
2.464e-01 7.141e+04
2.227e-01 7.632e+04
2.468e-01 7.195e+04
2.208e-01 7.660e+04
2.361e-01 7.358e+04
2.243e-01 7.534e+04
2.266e-01 7.530e+04
2.382e-01 7.350e+04
2.378e-01 7.397e+04
2.872e-01 6.845e+04
2.271e-01 7.554e+04
2.428e-01 7.335e+04
2.357e-01 7.439e+04
2.353e-01 7.429e+04
2.288e-01 7.523e+04
2.339e-01 7.482e+04
2.334e-01 7.496e+04
2.388e-01 7.437e+04
2.308e-01 7.522e+04
2.192e-01 7.679e+04
2.199e-01 7.669e+04
2.255e-01 7.556e+04
2.292e-01 7.526e+04
2.323e-01 7.477e+04
2.264e-01 7.582e+04
3.491e-06 1.540e+04
2.529e-01 7.248e+04
2.259e-01 7.572e+04
2.342e-01 7.429e+04
2.259e-01 7.586e+04
2.395e-01 7.312e+04
2.358e-01 7.381e+04
2.185e-01 7.718e+04
2.495e-01 7.229e+04
2.203e-01 7.642e+04
2.457e-01 7.288e+04
2.479e-01 7.197e+04
2.817e-01 6.789e+04
2.290e-01 7.501e+04
2.236e-01 7.608e+04
2.470e-01 7.294e+04
2.384e-01 7.362e+04
2.382e-01 7.226e+04
2.265e-01 7.579e+04
2.329e-01 7.461e+04
2.363e-01 7.411e+04
2.718e-01 7.009e+04
2.442e-01 7.300e+04
2.404e-01 7.399e+04
2.496e-01 7.283e+04
2.464e-01 7.217e+04
2.543e-01 7.216e+04
2.286e-01 7.489e+04
2.278e-01 7.478e+04
2.262e-01 7.551e+04
2.598e-01 7.086e+04
2.254e-01 7.552e+04
2.289e-01 7.567e+04
2.447e-01 7.302e+04
2.343e-01 7.489e+04
2.363e-01 7.408e+04
2.326e-01 7.501e+04
2.305e-01 7.526e+04
2.545e-01 7.077e+04
2.224e-01 7.626e+04
2.619e-01 7.058e+04
2.384e-01 7.367e+04
2.270e-01 7.521e+04
2.250e-01 7.605e+04
2.329e-01 7.429e+04
2.248e-01 7.617e+04
2.334e-01 7.423e+04
2.575e-01 7.086e+04
2.469e-01 7.211e+04
2.207e-01 7.661e+04
2.309e-01 7.439e+04
2.255e-01 7.556e+04
2.317e-01 7.498e+04
2.264e-01 7.528e+04
2.416e-01 7.377e+04
2.281e-01 7.587e+04
2.359e-01 7.476e+04
2.275e-01 7.509e+04
2.602e-01 7.189e+04
2.247e-01 7.496e+04
2.304e-01 7.512e+04
2.268e-01 7.584e+04
2.249e-01 7.591e+04
2.230e-01 7.615e+04
2.650e-01 6.994e+04
2.388e-01 7.393e+04
2.405e-01 7.357e+04
2.485e-01 7.218e+04
2.381e-01 7.382e+04
2.467e-01 7.308e+04
2.451e-01 7.207e+04
2.437e-01 7.315e+04
2.397e-01 7.357e+04
2.351e-01 7.399e+04
2.279e-01 7.518e+04
2.280e-01 7.534e+04
2.466e-01 7.226e+04
2.488e-01 7.268e+04
2.302e-01 7.491e+04
2.340e-01 7.410e+04
2.353e-01 7.282e+04
2.271e-01 7.566e+04
2.303e-01 7.503e+04
2.324e-01 7.456e+04
2.255e-01 7.527e+04
2.327e-01 7.436e+04
2.407e-01 7.408e+04
2.546e-01 7.230e+04
2.357e-01 7.470e+04
2.249e-01 7.621e+04
2.786e-01 6.931e+04
2.260e-01 7.558e+04
2.509e-01 7.171e+04
2.291e-01 7.465e+04
2.230e-01 7.639e+04
2.648e-01 7.030e+04
2.578e-01 7.102e+04
2.390e-01 7.337e+04
2.309e-01 7.507e+04
2.407e-01 7.267e+04
2.424e-01 7.248e+04
2.460e-01 7.248e+04
2.318e-01 7.459e+04
2.401e-01 7.363e+04
2.206e-01 7.658e+04
2.248e-01 7.575e+04
2.238e-01 7.578e+04
2.436e-01 7.282e+04
2.245e-01 7.575e+04
4.285e-06 1.168e+04
2.386e-01 7.381e+04
2.288e-01 7.553e+04
2.259e-01 7.477e+04
2.487e-01 7.241e+04
2.232e-01 7.606e+04
2.266e-01 7.560e+04
2.292e-01 7.510e+04
2.231e-01 7.595e+04
8.592e-07 1.225e+03
2.269e-01 7.524e+04
2.324e-01 7.520e+04
2.334e-01 7.380e+04
2.504e-01 7.163e+04
2.219e-01 7.622e+04
2.219e-01 7.707e+04
2.391e-01 7.333e+04
2.676e-01 6.888e+04
2.335e-01 7.483e+04
2.248e-01 7.615e+04
2.287e-01 7.550e+04
2.636e-01 7.067e+04
2.547e-01 7.107e+04
2.298e-01 7.494e+04
2.339e-01 7.445e+04
2.294e-01 7.432e+04
2.243e-01 7.618e+04
2.282e-01 7.585e+04
2.230e-01 7.637e+04
2.461e-01 7.217e+04
2.472e-01 7.182e+04
2.348e-01 7.423e+04
2.273e-01 7.512e+04
2.302e-01 7.527e+04
2.272e-01 7.532e+04
2.292e-01 7.481e+04
2.190e-01 7.639e+04
2.335e-01 7.442e+04
2.281e-01 7.578e+04
2.286e-01 7.533e+04
2.292e-01 7.486e+04
2.402e-01 7.378e+04
2.325e-01 7.433e+04
2.361e-01 7.375e+04
2.284e-01 7.519e+04
2.252e-01 7.632e+04
2.233e-01 7.613e+04
2.267e-01 7.569e+04
2.321e-01 7.491e+04
2.219e-01 7.665e+04
2.314e-01 7.517e+04
2.239e-01 7.627e+04
2.238e-01 7.608e+04
2.366e-01 7.450e+04
2.231e-01 7.615e+04
2.201e-01 7.665e+04
2.326e-01 7.467e+04
2.261e-01 7.597e+04
2.477e-01 7.245e+04
2.274e-01 7.529e+04
2.477e-01 7.229e+04
2.256e-01 7.545e+04
2.266e-01 7.558e+04
2.380e-01 7.409e+04
2.225e-01 7.646e+04
2.361e-01 7.371e+04
2.173e-01 7.684e+04
2.232e-01 7.617e+04
2.416e-01 7.255e+04
2.255e-01 7.622e+04
2.282e-01 7.514e+04
2.591e-01 7.037e+04
2.233e-01 7.637e+04
2.366e-01 7.318e+04
2.298e-01 7.483e+04
2.326e-01 7.483e+04
2.423e-01 7.244e+04
2.592e-01 7.021e+04
2.206e-01 7.662e+04
2.258e-01 7.532e+04
2.295e-01 7.536e+04
8.494e-06 1.788e+04
2.264e-01 7.574e+04
2.253e-01 7.617e+04
2.412e-01 7.259e+04
2.367e-01 7.337e+04
2.287e-01 7.543e+04
2.225e-01 7.630e+04
2.555e-01 7.166e+04
2.211e-01 7.694e+04
2.341e-01 7.421e+04
2.268e-01 7.574e+04
2.305e-01 7.415e+04
2.374e-01 7.351e+04
2.212e-01 7.688e+04
2.271e-01 7.523e+04
2.689e-01 6.996e+04
2.423e-01 7.388e+04
2.239e-01 7.578e+04
2.265e-01 7.581e+04
2.263e-01 7.549e+04
2.307e-01 7.416e+04
2.275e-01 7.539e+04
2.409e-01 7.329e+04
2.242e-01 7.584e+04
2.245e-01 7.628e+04
2.232e-01 7.626e+04
2.351e-01 7.458e+04
2.245e-01 7.576e+04
2.467e-01 7.235e+04
2.276e-01 7.500e+04
2.189e-01 7.672e+04
2.322e-01 7.452e+04
2.630e-01 7.128e+04
2.222e-01 7.627e+04
2.466e-01 7.312e+04
2.241e-01 7.574e+04
2.313e-01 7.441e+04
2.569e-01 7.095e+04
2.376e-01 7.351e+04
2.222e-01 7.632e+04
2.444e-01 7.268e+04
2.319e-01 7.457e+04
2.259e-01 7.614e+04
2.464e-01 7.285e+04
2.350e-01 7.410e+04
2.254e-01 7.557e+04
2.310e-01 7.469e+04
2.221e-01 7.643e+04
2.368e-01 7.321e+04
2.365e-01 7.435e+04
2.279e-01 7.574e+04
2.309e-01 7.473e+04
2.348e-01 7.400e+04
2.398e-01 7.400e+04
2.258e-01 7.534e+04
2.487e-01 7.330e+04
2.233e-01 7.602e+04
2.250e-01 7.531e+04
2.414e-01 7.234e+04
2.321e-01 7.418e+04
2.198e-01 7.680e+04
2.305e-01 7.506e+04
2.396e-01 7.388e+04
2.277e-01 7.489e+04
2.353e-01 7.446e+04
2.262e-01 7.520e+04
2.211e-01 7.636e+04
2.315e-01 7.486e+04
2.270e-01 7.597e+04
2.262e-01 7.549e+04
2.208e-01 7.656e+04
2.377e-01 7.435e+04
2.288e-01 7.558e+04
8.719e-07 1.095e+04
2.266e-01 7.541e+04
2.357e-01 7.449e+04
2.454e-01 7.241e+04
2.383e-01 7.348e+04
2.243e-01 7.573e+04
2.369e-01 7.390e+04
2.315e-01 7.428e+04
2.195e-01 7.668e+04
2.575e-01 7.198e+04
2.268e-01 7.606e+04
2.278e-01 7.498e+04
2.278e-01 7.586e+04
2.530e-01 7.166e+04
2.349e-01 7.418e+04
2.613e-01 7.082e+04
2.501e-01 7.158e+04
2.372e-01 7.388e+04
2.282e-01 7.450e+04
2.298e-01 7.501e+04
2.243e-01 7.582e+04
2.337e-01 7.460e+04
2.229e-01 7.610e+04
2.341e-01 7.423e+04
7.003e-07 1.866e+04
2.257e-01 7.572e+04
2.296e-01 7.509e+04
2.213e-01 7.643e+04
2.406e-01 7.316e+04
2.275e-01 7.578e+04
2.288e-01 7.526e+04
2.395e-01 7.326e+04
2.411e-01 7.352e+04
2.437e-01 7.331e+04
2.211e-01 7.675e+04
2.326e-01 7.466e+04
2.465e-01 7.288e+04
2.245e-01 7.605e+04
2.397e-01 7.321e+04
1.000e-05 2.770e+03
2.205e-01 7.680e+04
2.373e-01 7.390e+04
2.330e-01 7.408e+04
2.242e-01 7.616e+04
2.296e-01 7.503e+04
2.297e-01 7.497e+04
2.364e-01 7.403e+04
9.176e-07 1.990e+04
2.238e-01 7.582e+04
2.325e-01 7.483e+04
2.822e-01 6.759e+04
2.405e-01 7.373e+04
2.637e-01 7.031e+04
2.232e-01 7.594e+04
2.652e-01 7.001e+04
2.325e-01 7.381e+04
2.474e-01 7.283e+04
2.248e-01 7.582e+04
2.275e-01 7.528e+04
2.285e-01 7.508e+04
2.329e-01 7.436e+04
2.607e-01 7.037e+04
2.258e-01 7.579e+04
2.351e-01 7.446e+04
2.355e-01 7.474e+04
2.416e-01 7.288e+04
2.361e-01 7.457e+04
2.392e-01 7.344e+04
2.438e-01 7.331e+04
2.345e-01 7.405e+04
2.358e-01 7.395e+04
2.250e-01 7.585e+04
2.342e-01 7.429e+04
2.324e-01 7.495e+04
2.275e-01 7.547e+04
2.407e-01 7.362e+04
2.253e-01 7.591e+04
2.318e-01 7.440e+04
2.212e-01 7.658e+04
2.271e-01 7.569e+04
2.400e-01 7.300e+04
2.535e-01 7.187e+04
2.261e-01 7.581e+04
2.220e-01 7.657e+04
2.225e-01 7.617e+04
2.307e-01 7.493e+04
2.228e-01 7.599e+04
2.390e-01 7.333e+04
2.435e-01 7.291e+04
2.444e-01 7.309e+04
2.274e-01 7.533e+04
2.314e-01 7.463e+04
2.291e-01 7.514e+04
2.300e-01 7.499e+04
2.372e-01 7.351e+04
2.273e-01 7.548e+04
2.204e-01 7.602e+04
2.222e-01 7.641e+04
2.384e-01 7.371e+04
2.292e-01 7.502e+04
2.250e-01 7.608e+04
2.302e-01 7.476e+04
2.241e-01 7.555e+04
2.463e-01 7.299e+04
2.269e-01 7.541e+04
2.219e-01 7.601e+04
2.292e-01 7.513e+04
2.227e-01 7.643e+04
2.344e-01 7.466e+04
2.205e-01 7.657e+04
2.292e-01 7.537e+04
2.372e-01 7.374e+04
2.345e-01 7.491e+04
2.234e-01 7.626e+04
2.491e-01 7.262e+04
2.246e-01 7.598e+04
2.303e-01 7.469e+04
2.285e-01 7.578e+04
2.340e-01 7.355e+04
2.314e-01 7.492e+04
2.306e-01 7.502e+04
2.299e-01 7.499e+04
2.505e-01 7.218e+04
2.288e-01 7.464e+04
2.490e-01 7.275e+04
2.322e-01 7.427e+04
2.303e-01 7.504e+04
2.209e-01 7.666e+04
2.257e-01 7.558e+04
2.308e-01 7.435e+04
2.334e-01 7.428e+04
2.479e-01 7.169e+04
2.272e-01 7.575e+04
2.399e-01 7.330e+04
2.305e-01 7.479e+04
2.248e-01 7.585e+04
2.598e-01 6.939e+04
2.426e-01 7.352e+04
2.456e-01 7.274e+04
2.279e-01 7.496e+04
2.386e-01 7.403e+04
2.348e-01 7.421e+04
2.360e-01 7.419e+04
2.223e-01 7.624e+04
2.432e-01 7.222e+04
2.441e-01 7.295e+04
2.521e-01 7.141e+04
2.200e-01 7.613e+04
2.260e-01 7.556e+04
2.434e-01 7.295e+04
2.346e-01 7.439e+04
2.327e-01 7.518e+04
2.221e-01 7.634e+04
2.334e-01 7.483e+04
2.239e-01 7.611e+04
9.875e-07 1.545e+04
2.300e-01 7.512e+04
2.397e-01 7.345e+04
2.356e-01 7.392e+04
2.385e-01 7.343e+04
2.254e-01 7.612e+04
2.571e-01 7.089e+04
2.297e-01 7.479e+04
1.354e-06 1.224e+04
2.358e-01 7.341e+04
2.392e-01 7.383e+04
2.271e-01 7.562e+04
2.359e-01 7.438e+04
2.211e-01 7.634e+04
2.258e-01 7.583e+04
2.407e-01 7.362e+04
2.376e-01 7.402e+04
2.316e-01 7.457e+04
2.394e-01 7.335e+04
2.385e-01 7.453e+04
2.329e-01 7.400e+04
2.291e-01 7.529e+04
2.270e-01 7.591e+04
2.361e-01 7.382e+04
2.409e-01 7.295e+04
2.254e-01 7.544e+04
2.518e-01 7.147e+04
2.340e-01 7.447e+04
2.377e-01 7.390e+04
2.347e-01 7.404e+04
2.253e-01 7.630e+04
2.333e-01 7.454e+04
2.281e-01 7.531e+04
2.308e-01 7.436e+04
2.383e-01 7.332e+04
2.547e-01 7.099e+04
2.221e-01 7.601e+04
2.670e-01 7.064e+04
2.213e-01 7.671e+04
2.371e-01 7.411e+04
2.280e-06 1.523e+04
2.430e-01 7.248e+04
2.238e-01 7.558e+04
2.363e-01 7.455e+04
2.377e-01 7.369e+04
2.328e-01 7.442e+04
2.344e-01 7.406e+04
2.344e-01 7.481e+04
2.380e-01 7.420e+04
2.402e-01 7.354e+04
2.256e-01 7.507e+04
2.242e-01 7.638e+04
2.619e-01 7.049e+04
2.404e-01 7.325e+04
2.291e-01 7.534e+04
2.290e-01 7.495e+04
2.342e-01 7.477e+04
2.403e-01 7.372e+04
2.248e-01 7.636e+04
2.383e-01 7.403e+04
2.277e-01 7.554e+04
2.373e-01 7.407e+04
2.245e-01 7.522e+04
2.282e-01 7.483e+04
2.573e-01 7.028e+04
2.326e-01 7.495e+04
2.266e-01 7.576e+04
2.226e-01 7.602e+04
2.404e-01 7.393e+04
2.277e-01 7.576e+04
2.322e-01 7.464e+04
2.408e-01 7.315e+04
2.263e-01 7.542e+04
2.368e-01 7.387e+04
2.256e-01 7.593e+04
2.384e-01 7.435e+04
2.216e-01 7.640e+04
2.567e-01 7.004e+04
2.316e-01 7.450e+04
2.303e-01 7.454e+04
2.257e-01 7.535e+04
2.303e-01 7.526e+04
2.323e-01 7.446e+04
2.308e-01 7.501e+04
2.253e-01 7.565e+04
2.388e-01 7.343e+04
2.436e-01 7.290e+04
1.485e-05 1.404e+04
2.206e-01 7.663e+04
2.357e-01 7.437e+04
2.418e-01 7.361e+04
2.573e-01 7.091e+04
2.293e-01 7.508e+04
2.320e-01 7.523e+04
2.364e-01 7.341e+04
2.352e-01 7.477e+04
2.409e-01 7.341e+04
2.469e-01 7.239e+04
2.258e-01 7.625e+04
2.319e-01 7.485e+04
2.399e-01 7.404e+04
2.424e-01 7.316e+04
1.540e-05 1.101e+04
2.300e-01 7.489e+04
2.405e-01 7.287e+04
2.385e-01 7.420e+04
2.351e-01 7.427e+04
2.307e-01 7.478e+04
2.212e-01 7.643e+04
2.289e-01 7.540e+04
2.423e-01 7.366e+04
2.370e-01 7.365e+04
2.262e-01 7.580e+04
2.210e-01 7.650e+04
2.268e-01 7.553e+04
2.235e-01 7.588e+04
2.245e-01 7.594e+04
2.225e-01 7.642e+04
2.293e-01 7.546e+04
2.334e-01 7.420e+04
2.531e-01 7.159e+04
2.248e-01 7.593e+04
2.505e-01 7.196e+04
2.235e-01 7.562e+04
2.367e-01 7.377e+04
2.266e-01 7.525e+04
2.199e-01 7.697e+04
2.423e-01 7.318e+04
2.225e-01 7.688e+04
2.383e-01 7.376e+04
2.517e-01 7.212e+04
2.294e-01 7.575e+04
2.269e-01 7.528e+04
2.417e-01 7.348e+04
2.324e-01 7.501e+04
2.280e-01 7.562e+04
2.242e-01 7.616e+04
2.326e-01 7.502e+04
2.294e-01 7.456e+04
2.404e-01 7.237e+04
2.297e-01 7.507e+04
2.329e-01 7.432e+04
2.229e-01 7.646e+04
2.471e-01 7.257e+04
2.392e-01 7.395e+04
2.472e-01 7.284e+04
2.298e-01 7.470e+04
2.263e-01 7.548e+04
2.676e-01 6.908e+04
2.247e-01 7.531e+04
2.372e-01 7.430e+04
2.365e-01 7.423e+04
2.237e-01 7.634e+04
2.248e-01 7.616e+04
2.288e-01 7.512e+04
2.353e-01 7.457e+04
2.268e-01 7.541e+04
2.295e-01 7.541e+04
2.507e-01 7.138e+04
2.233e-01 7.592e+04
2.613e-01 7.029e+04
2.347e-01 7.419e+04
2.268e-01 7.543e+04
2.381e-01 7.357e+04
2.634e-01 7.126e+04
2.293e-01 7.522e+04
2.323e-01 7.481e+04
2.264e-01 7.569e+04
2.308e-01 7.472e+04
2.288e-01 7.487e+04
2.520e-01 7.182e+04
2.489e-01 7.108e+04
2.277e-01 7.572e+04
2.198e-01 7.680e+04
2.324e-01 7.398e+04
2.517e-01 7.186e+04
2.527e-01 7.122e+04
2.293e-01 7.522e+04
2.299e-01 7.495e+04
2.227e-01 7.641e+04
2.333e-01 7.455e+04
2.335e-01 7.434e+04
2.267e-01 7.545e+04
2.474e-01 7.260e+04
2.394e-01 7.319e+04
2.261e-01 7.592e+04
2.289e-01 7.494e+04
2.273e-01 7.588e+04
2.345e-01 7.434e+04
2.297e-01 7.548e+04
2.310e-01 7.526e+04
2.250e-01 7.614e+04
2.322e-01 7.494e+04
2.265e-01 7.541e+04
2.249e-01 7.587e+04
2.253e-01 7.609e+04
2.359e-01 7.477e+04
2.367e-01 7.407e+04
2.198e-01 7.653e+04
2.434e-01 7.300e+04
2.328e-01 7.398e+04
2.265e-01 7.555e+04
2.378e-01 7.380e+04
2.258e-01 7.556e+04
2.242e-01 7.561e+04
2.458e-01 7.197e+04
2.246e-01 7.592e+04
2.464e-01 7.170e+04
2.372e-01 7.389e+04
2.275e-01 7.523e+04
2.358e-01 7.382e+04
2.352e-01 7.446e+04
2.340e-01 7.426e+04
2.276e-01 7.580e+04
2.287e-01 7.559e+04
2.209e-01 7.650e+04
2.193e-01 7.680e+04
2.411e-01 7.284e+04
2.425e-01 7.353e+04
2.476e-01 7.221e+04
2.300e-01 7.578e+04
2.468e-01 7.310e+04
2.500e-01 7.196e+04
2.287e-01 7.504e+04
2.260e-01 7.548e+04
2.297e-01 7.437e+04
2.374e-01 7.391e+04
2.392e-01 7.361e+04
2.289e-01 7.506e+04
2.380e-01 7.439e+04
2.305e-01 7.497e+04
2.350e-01 7.455e+04
2.210e-01 7.661e+04
2.301e-01 7.519e+04
2.410e-01 7.337e+04
5.973e-06 1.610e+04
2.228e-01 7.645e+04
2.260e-01 7.580e+04
2.289e-01 7.482e+04
2.249e-01 7.581e+04
2.374e-01 7.406e+04
2.000e-05 7.506e+03
2.203e-01 7.667e+04
2.279e-01 7.578e+04
2.352e-01 7.405e+04
2.421e-01 7.353e+04
2.390e-01 7.373e+04
2.553e-01 7.098e+04
2.371e-01 7.352e+04
2.253e-01 7.587e+04
2.496e-01 7.179e+04
2.375e-01 7.364e+04
2.285e-01 7.525e+04
2.434e-01 7.296e+04
2.390e-01 7.376e+04
2.248e-01 7.589e+04
2.190e-01 7.717e+04
2.209e-01 7.619e+04
2.916e-08 4.585e+03
2.455e-01 7.294e+04
2.281e-01 7.543e+04
2.254e-01 7.600e+04
2.389e-01 7.294e+04
2.442e-01 7.303e+04
2.316e-01 7.508e+04
2.219e-01 7.661e+04
2.354e-01 7.441e+04
2.284e-01 7.567e+04
2.275e-01 7.539e+04
2.440e-01 7.217e+04
2.384e-01 7.382e+04
2.369e-01 7.461e+04
2.368e-01 7.365e+04
2.415e-01 7.336e+04
2.302e-01 7.539e+04
2.294e-01 7.522e+04
2.219e-01 7.645e+04
2.385e-01 7.317e+04
2.841e-06 1.414e+04
1.694e-05 9.552e+03
2.373e-01 7.385e+04
2.286e-01 7.518e+04
2.190e-01 7.673e+04
2.235e-01 7.618e+04
2.195e-01 7.650e+04
2.515e-01 7.093e+04
2.280e-01 7.547e+04
2.380e-01 7.350e+04
2.308e-01 7.550e+04
2.266e-01 7.579e+04
2.419e-01 7.248e+04
2.207e-01 7.680e+04
2.489e-01 7.195e+04
2.345e-01 7.439e+04
2.368e-01 7.377e+04
2.301e-01 7.492e+04
2.282e-01 7.478e+04
2.305e-01 7.474e+04
2.265e-01 7.607e+04
2.323e-01 7.441e+04
2.494e-01 7.245e+04
2.368e-01 7.379e+04
2.180e-01 7.686e+04
2.289e-01 7.584e+04
2.308e-01 7.511e+04
2.329e-01 7.487e+04
2.294e-01 7.526e+04
2.258e-01 7.543e+04
2.541e-01 7.101e+04
2.238e-01 7.578e+04
2.528e-01 7.170e+04
2.235e-01 7.575e+04
2.222e-01 7.631e+04
2.366e-01 7.409e+04
2.300e-01 7.533e+04
2.430e-01 7.323e+04
2.358e-01 7.465e+04
2.416e-01 7.388e+04
2.166e-01 7.748e+04
2.265e-01 7.578e+04
2.341e-01 7.458e+04
2.258e-01 7.582e+04
2.657e-01 6.964e+04
2.263e-01 7.552e+04
2.351e-01 7.399e+04
2.253e-01 7.565e+04
2.252e-01 7.592e+04
2.270e-01 7.534e+04
2.364e-01 7.433e+04
2.381e-01 7.372e+04
2.259e-01 7.604e+04
2.356e-01 7.432e+04
2.421e-01 7.362e+04
2.307e-01 7.496e+04
2.277e-01 7.506e+04
2.819e-01 6.926e+04
2.304e-01 7.512e+04
2.271e-01 7.567e+04
2.453e-01 7.301e+04
2.302e-01 7.505e+04
2.382e-01 7.436e+04
2.243e-01 7.587e+04
2.288e-01 7.539e+04
2.615e-01 7.124e+04
2.224e-01 7.622e+04
7.959e-06 4.607e+03
2.529e-01 7.192e+04
2.294e-01 7.547e+04
2.197e-01 7.683e+04
2.207e-01 7.653e+04
2.231e-01 7.640e+04
2.275e-01 7.540e+04
2.245e-01 7.597e+04
2.243e-01 7.546e+04
2.292e-01 7.519e+04
2.326e-01 7.474e+04
2.317e-01 7.443e+04
2.262e-01 7.614e+04
2.312e-01 7.492e+04
2.254e-01 7.550e+04
2.557e-01 7.132e+04
2.232e-01 7.625e+04
2.253e-01 7.606e+04
2.273e-01 7.494e+04
2.292e-01 7.539e+04
2.356e-01 7.397e+04
2.776e-01 6.988e+04
2.331e-01 7.461e+04
2.661e-01 6.989e+04
2.511e-01 7.177e+04
2.842e-01 6.874e+04
2.312e-01 7.444e+04
2.455e-01 7.241e+04
2.326e-01 7.370e+04
2.417e-01 7.402e+04
2.373e-01 7.424e+04
2.285e-01 7.496e+04
2.277e-01 7.544e+04
2.558e-01 7.124e+04
2.245e-01 7.612e+04
2.238e-01 7.575e+04
2.370e-01 7.455e+04
2.335e-01 7.464e+04
2.239e-01 7.625e+04
2.477e-01 7.271e+04
2.578e-01 7.095e+04
2.402e-01 7.385e+04
2.435e-01 7.303e+04
2.212e-01 7.642e+04
2.391e-01 7.348e+04
2.340e-01 7.358e+04
2.429e-01 7.340e+04
2.219e-01 7.606e+04
2.408e-01 7.348e+04
2.237e-01 7.599e+04
2.286e-01 7.518e+04
2.258e-01 7.503e+04
2.289e-01 7.460e+04
2.276e-01 7.516e+04
2.267e-01 7.521e+04
2.485e-01 7.236e+04
2.355e-01 7.403e+04
2.469e-01 7.229e+04
2.412e-01 7.384e+04
2.460e-01 7.258e+04
2.335e-01 7.451e+04
2.275e-01 7.574e+04
2.309e-01 7.457e+04
2.325e-01 7.478e+04
2.254e-01 7.630e+04
2.352e-01 7.427e+04
2.444e-01 7.246e+04
2.218e-01 7.632e+04
2.240e-01 7.600e+04
2.248e-01 7.606e+04
2.452e-01 7.302e+04
2.482e-01 7.181e+04
2.363e-01 7.384e+04
2.263e-01 7.572e+04
2.247e-01 7.550e+04
2.450e-01 7.171e+04
2.232e-01 7.613e+04
2.446e-01 7.253e+04
2.581e-01 7.055e+04
2.751e-01 6.948e+04
2.258e-01 7.569e+04
2.249e-01 7.611e+04
2.426e-01 7.353e+04
2.447e-01 7.350e+04
2.403e-01 7.317e+04
2.470e-01 7.297e+04
2.358e-01 7.350e+04
2.296e-01 7.487e+04
2.267e-01 7.546e+04
2.298e-01 7.502e+04
2.210e-01 7.684e+04
2.378e-01 7.410e+04
2.348e-01 7.461e+04
2.206e-01 7.634e+04
1.333e-06 1.714e+04
3.324e-06 1.283e+04
2.214e-01 7.658e+04
2.455e-01 7.394e+04
2.403e-01 7.300e+04
2.256e-01 7.565e+04
2.235e-01 7.640e+04
2.217e-01 7.666e+04
2.209e-01 7.626e+04
2.355e-01 7.394e+04
2.384e-01 7.354e+04
2.364e-01 7.418e+04
2.169e-01 7.733e+04
2.239e-01 7.553e+04
2.267e-01 7.568e+04
2.360e-01 7.390e+04
2.406e-01 7.288e+04
2.296e-01 7.507e+04
2.453e-01 7.275e+04
2.302e-01 7.501e+04
2.288e-01 7.482e+04
2.568e-01 7.031e+04
2.589e-01 7.116e+04
2.301e-01 7.461e+04
2.448e-01 7.247e+04
2.308e-01 7.442e+04
2.284e-01 7.519e+04
2.299e-01 7.538e+04
2.382e-01 7.359e+04
2.254e-01 7.593e+04
2.313e-01 7.486e+04
2.292e-01 7.499e+04
2.277e-01 7.557e+04
2.209e-01 7.671e+04
2.278e-01 7.575e+04
2.321e-01 7.490e+04
2.312e-01 7.529e+04
2.347e-01 7.480e+04
2.303e-01 7.465e+04
2.457e-01 7.236e+04
2.713e-01 6.959e+04
2.431e-01 7.321e+04
2.319e-01 7.500e+04
2.338e-01 7.494e+04
2.184e-01 7.723e+04
2.221e-01 7.636e+04
2.394e-01 7.367e+04
2.298e-01 7.503e+04
2.326e-01 7.459e+04
2.368e-01 7.386e+04
2.300e-01 7.533e+04
2.302e-01 7.473e+04
2.304e-01 7.495e+04
2.319e-01 7.496e+04
2.217e-01 7.628e+04
2.297e-01 7.481e+04
2.409e-01 7.325e+04
2.329e-01 7.409e+04
2.493e-01 7.244e+04
2.311e-01 7.549e+04
2.369e-01 7.430e+04
2.312e-01 7.415e+04
2.591e-01 7.136e+04
2.419e-01 7.277e+04
2.358e-01 7.345e+04
2.400e-01 7.414e+04
2.227e-01 7.669e+04
2.385e-01 7.324e+04
2.266e-01 7.534e+04
2.331e-01 7.493e+04
2.551e-01 7.147e+04
2.253e-01 7.608e+04
2.193e-01 7.656e+04
2.357e-01 7.425e+04
2.257e-01 7.581e+04
2.260e-01 7.528e+04
2.474e-01 7.268e+04
2.457e-01 7.272e+04
2.278e-01 7.523e+04
2.325e-01 7.462e+04
2.295e-01 7.426e+04
2.256e-01 7.541e+04
2.630e-01 7.027e+04
2.276e-01 7.538e+04
2.346e-01 7.408e+04
2.244e-01 7.559e+04
2.279e-01 7.581e+04
2.326e-01 7.489e+04
2.613e-01 7.017e+04
2.321e-01 7.516e+04
2.337e-01 7.430e+04
2.451e-01 7.258e+04
2.226e-01 7.644e+04
2.237e-01 7.623e+04
2.435e-01 7.299e+04
2.235e-01 7.620e+04
2.359e-01 7.303e+04
2.425e-01 7.250e+04
2.348e-01 7.401e+04
2.253e-01 7.598e+04
2.275e-01 7.539e+04
2.571e-01 7.166e+04
2.313e-01 7.498e+04
2.289e-01 7.489e+04
2.335e-01 7.440e+04
2.312e-01 7.509e+04
2.427e-01 7.326e+04
2.206e-01 7.662e+04
2.421e-01 7.290e+04
2.330e-01 7.481e+04
2.281e-01 7.510e+04
2.308e-01 7.483e+04
2.471e-01 7.255e+04
2.527e-01 7.152e+04
2.318e-01 7.438e+04
2.280e-01 7.537e+04
2.353e-01 7.398e+04
2.469e-01 7.195e+04
2.393e-01 7.348e+04
2.422e-01 7.311e+04
2.316e-01 7.507e+04
2.405e-01 7.342e+04
2.249e-01 7.588e+04
2.491e-01 7.212e+04
2.323e-01 7.429e+04
2.278e-01 7.493e+04
1.546e-05 1.135e+04
2.300e-01 7.495e+04
2.257e-01 7.590e+04
2.320e-01 7.398e+04
2.146e-01 7.752e+04
2.344e-01 7.466e+04
2.369e-01 7.449e+04
2.406e-01 7.365e+04
2.254e-01 7.607e+04
2.330e-01 7.420e+04
2.289e-01 7.574e+04
2.316e-01 7.507e+04
2.315e-01 7.521e+04
2.369e-01 7.426e+04
2.498e-01 7.261e+04
2.342e-01 7.413e+04
2.252e-01 7.623e+04
2.556e-01 7.272e+04
2.520e-01 7.260e+04
2.497e-01 7.183e+04
2.210e-01 7.647e+04
2.262e-01 7.528e+04
2.219e-01 7.620e+04
2.219e-01 7.661e+04
2.261e-01 7.561e+04
2.349e-01 7.432e+04
2.285e-01 7.528e+04
2.376e-01 7.379e+04
2.311e-01 7.472e+04
2.486e-01 7.276e+04
2.340e-01 7.435e+04
2.378e-01 7.424e+04
2.235e-01 7.637e+04
2.474e-01 7.191e+04
2.278e-01 7.524e+04
2.596e-01 7.176e+04
2.217e-01 7.598e+04
2.425e-01 7.299e+04
2.216e-01 7.623e+04
2.308e-01 7.392e+04
2.740e-01 6.964e+04
2.511e-01 7.213e+04
2.246e-01 7.623e+04
2.271e-01 7.604e+04
2.367e-01 7.401e+04
2.301e-01 7.498e+04
2.244e-01 7.598e+04
2.331e-01 7.469e+04
2.334e-01 7.498e+04
2.326e-01 7.449e+04
2.289e-01 7.499e+04
2.363e-01 7.417e+04
2.456e-01 7.214e+04
2.249e-01 7.639e+04
2.457e-01 7.320e+04
2.261e-01 7.540e+04
2.281e-01 7.527e+04
2.462e-01 7.305e+04
2.306e-01 7.446e+04
2.345e-01 7.484e+04
2.369e-01 7.341e+04
2.262e-01 7.557e+04
2.305e-01 7.479e+04
2.393e-01 7.362e+04
2.333e-01 7.353e+04
2.425e-01 7.261e+04
2.392e-01 7.405e+04
3.216e-06 5.909e+03
2.290e-01 7.538e+04
2.298e-01 7.503e+04
2.283e-01 7.514e+04
2.235e-01 7.625e+04
2.414e-01 7.340e+04
2.307e-01 7.433e+04
2.171e-01 7.729e+04
2.364e-01 7.406e+04
2.393e-01 7.354e+04
2.270e-01 7.562e+04
2.309e-01 7.458e+04
2.220e-01 7.619e+04
2.363e-01 7.438e+04
2.275e-01 7.604e+04
2.295e-01 7.579e+04
2.249e-01 7.572e+04
2.364e-01 7.373e+04
2.461e-01 7.290e+04
2.192e-01 7.691e+04
2.295e-01 7.551e+04
2.434e-01 7.348e+04
2.232e-01 7.654e+04
2.425e-01 7.368e+04
2.415e-01 7.394e+04
2.233e-01 7.636e+04
2.197e-01 7.686e+04
2.507e-01 7.202e+04
2.235e-01 7.627e+04
2.318e-01 7.483e+04
2.280e-01 7.576e+04
2.232e-01 7.623e+04
2.227e-01 7.555e+04
2.221e-01 7.642e+04
2.317e-01 7.476e+04
2.371e-01 7.349e+04
9.948e-06 2.049e+04
2.403e-01 7.365e+04
2.566e-01 7.202e+04
2.535e-01 7.202e+04
2.304e-01 7.545e+04
2.513e-01 7.199e+04
2.451e-01 7.271e+04
2.335e-01 7.492e+04
3.085e-06 7.513e+03
2.334e-01 7.465e+04
2.310e-01 7.418e+04
2.208e-01 7.679e+04
2.332e-01 7.408e+04
2.258e-01 7.586e+04
2.307e-01 7.466e+04
2.330e-01 7.395e+04
2.450e-01 7.268e+04
2.263e-01 7.583e+04
2.411e-01 7.372e+04
2.269e-01 7.573e+04
2.361e-01 7.401e+04
2.423e-01 7.271e+04
2.518e-01 7.183e+04
2.365e-01 7.447e+04
2.369e-01 7.394e+04
2.850e-01 6.883e+04
2.365e-01 7.412e+04
2.460e-01 7.287e+04
2.373e-01 7.409e+04
2.183e-01 7.721e+04
2.288e-01 7.549e+04
2.424e-01 7.360e+04
2.405e-01 7.329e+04
2.374e-01 7.425e+04
2.307e-01 7.484e+04
2.310e-01 7.463e+04
2.213e-01 7.637e+04
2.229e-01 7.635e+04
2.336e-01 7.478e+04
2.615e-01 7.006e+04
2.324e-01 7.454e+04
2.317e-01 7.538e+04
2.360e-01 7.403e+04
2.224e-01 7.656e+04
2.283e-01 7.549e+04
2.406e-01 7.293e+04
2.270e-01 7.484e+04
2.244e-01 7.559e+04
2.226e-01 7.645e+04
2.330e-01 7.400e+04
2.583e-01 7.059e+04
2.476e-01 7.271e+04
2.207e-01 7.635e+04
2.235e-01 7.637e+04
2.369e-01 7.407e+04
2.323e-01 7.455e+04
2.277e-01 7.561e+04
2.243e-01 7.640e+04
2.206e-01 7.613e+04
2.257e-01 7.574e+04
2.380e-01 7.394e+04
2.146e-01 7.718e+04
2.381e-01 7.359e+04
2.280e-01 7.574e+04
2.532e-01 7.223e+04
2.425e-01 7.274e+04
2.313e-01 7.482e+04
2.343e-01 7.470e+04
2.208e-01 7.658e+04
2.259e-01 7.596e+04
2.260e-01 7.631e+04
2.304e-01 7.554e+04
2.304e-01 7.510e+04
2.274e-01 7.531e+04
2.204e-01 7.689e+04
2.361e-01 7.357e+04
8.465e-06 9.093e+03
2.397e-01 7.381e+04
2.321e-01 7.504e+04
2.354e-01 7.423e+04
2.339e-01 7.412e+04
2.192e-01 7.679e+04
2.295e-01 7.475e+04
2.426e-01 7.289e+04
2.335e-01 7.462e+04
2.268e-01 7.498e+04
2.255e-01 7.614e+04
2.331e-01 7.458e+04
2.317e-01 7.485e+04
2.222e-01 7.647e+04
2.197e-01 7.632e+04
2.475e-01 7.279e+04
2.583e-01 7.098e+04
2.294e-01 7.531e+04
2.267e-01 7.552e+04
2.465e-01 7.301e+04
2.174e-01 7.743e+04
2.308e-01 7.492e+04
2.336e-01 7.465e+04
2.438e-01 7.195e+04
2.318e-01 7.454e+04
2.244e-01 7.586e+04
2.456e-01 7.223e+04
2.205e-01 7.688e+04
2.361e-01 7.468e+04
2.241e-01 7.602e+04
2.350e-01 7.471e+04
2.194e-01 7.618e+04
2.237e-01 7.595e+04
2.330e-01 7.414e+04
2.234e-01 7.584e+04
2.275e-01 7.544e+04
2.311e-01 7.513e+04
2.284e-01 7.576e+04
2.338e-01 7.436e+04
9.242e-06 9.313e+03
2.317e-01 7.464e+04
2.368e-01 7.441e+04
2.292e-01 7.505e+04
2.391e-01 7.435e+04
2.462e-01 7.236e+04
2.520e-01 7.162e+04
2.300e-01 7.503e+04
2.278e-01 7.580e+04
2.322e-01 7.419e+04
2.230e-01 7.611e+04
2.359e-01 7.370e+04
2.218e-01 7.624e+04
2.338e-01 7.454e+04
2.245e-01 7.573e+04
2.438e-01 7.356e+04
2.293e-01 7.447e+04
2.260e-01 7.531e+04
2.268e-01 7.503e+04
2.396e-01 7.266e+04
2.351e-01 7.454e+04
2.229e-01 7.639e+04
2.562e-01 7.142e+04
2.268e-01 7.585e+04
2.324e-01 7.470e+04
2.301e-01 7.536e+04
2.469e-01 7.206e+04
2.297e-01 7.536e+04
2.394e-01 7.362e+04
2.244e-01 7.577e+04
2.443e-01 7.352e+04
2.273e-01 7.538e+04
2.591e-01 6.947e+04
2.283e-01 7.513e+04
2.235e-01 7.655e+04
2.418e-01 7.305e+04
2.281e-01 7.541e+04
2.321e-01 7.486e+04
2.337e-01 7.415e+04
2.356e-01 7.416e+04
2.413e-01 7.269e+04
2.243e-01 7.591e+04
2.129e-08 3.952e+03
2.393e-01 7.326e+04
2.403e-01 7.333e+04
2.264e-01 7.572e+04
2.368e-01 7.403e+04
2.681e-01 6.907e+04
2.259e-01 7.566e+04
2.460e-01 7.280e+04
2.430e-01 7.249e+04
2.276e-01 7.573e+04
2.270e-01 7.520e+04
2.633e-01 7.141e+04
2.340e-01 7.383e+04
2.280e-01 7.543e+04
2.394e-01 7.337e+04
2.507e-01 7.192e+04
3.964e-07 6.036e+03
2.348e-01 7.428e+04
2.493e-01 7.238e+04
2.313e-01 7.514e+04
2.444e-01 7.242e+04
2.515e-01 7.201e+04
2.600e-01 7.113e+04
2.347e-01 7.348e+04
2.383e-01 7.373e+04
2.293e-01 7.549e+04
2.243e-01 7.579e+04
2.324e-01 7.474e+04
2.424e-01 7.320e+04
2.580e-01 7.101e+04
2.213e-01 7.653e+04
2.337e-01 7.506e+04
2.429e-01 7.265e+04
2.293e-01 7.524e+04
2.298e-01 7.487e+04
2.381e-01 7.429e+04
2.269e-01 7.550e+04
2.287e-01 7.525e+04
1.405e-05 4.426e+03
2.220e-01 7.646e+04
2.177e-01 7.735e+04
2.269e-01 7.528e+04
2.317e-01 7.457e+04
2.271e-01 7.514e+04
2.329e-01 7.511e+04
2.588e-01 7.157e+04
2.264e-01 7.530e+04
2.382e-01 7.356e+04
2.288e-01 7.546e+04
2.314e-01 7.458e+04
2.334e-01 7.447e+04
2.413e-01 7.277e+04
2.449e-01 7.281e+04
2.204e-01 7.679e+04
2.334e-01 7.478e+04
2.294e-01 7.462e+04
2.391e-01 7.364e+04
2.282e-01 7.545e+04
9.638e-07 1.172e+04
2.331e-01 7.414e+04
2.356e-01 7.452e+04
2.324e-01 7.436e+04
2.267e-01 7.493e+04
2.503e-01 7.260e+04
2.305e-01 7.495e+04
2.470e-01 7.224e+04
2.269e-01 7.540e+04
2.277e-01 7.548e+04
2.518e-01 7.107e+04
2.256e-01 7.582e+04
2.332e-01 7.469e+04
2.258e-01 7.537e+04
2.205e-01 7.665e+04
2.274e-01 7.554e+04
2.612e-01 7.001e+04
2.239e-01 7.592e+04
2.202e-01 7.691e+04
2.311e-01 7.512e+04
2.345e-01 7.380e+04
2.210e-01 7.628e+04
2.383e-01 7.327e+04
2.217e-01 7.588e+04
2.410e-01 7.361e+04
2.363e-01 7.393e+04
2.391e-01 7.420e+04
2.379e-01 7.360e+04
2.267e-01 7.506e+04
2.445e-01 7.325e+04
2.364e-01 7.394e+04
2.394e-01 7.239e+04
2.230e-01 7.622e+04
2.415e-01 7.341e+04
2.284e-01 7.535e+04
2.286e-01 7.427e+04
2.284e-01 7.467e+04
2.355e-01 7.424e+04
2.283e-01 7.521e+04
2.215e-01 7.673e+04
2.285e-01 7.516e+04
2.333e-01 7.435e+04
4.487e-06 1.503e+04
2.338e-01 7.449e+04
2.400e-01 7.383e+04
2.202e-01 7.639e+04
2.489e-01 7.301e+04
2.456e-01 7.240e+04
2.274e-01 7.552e+04
2.224e-01 7.613e+04
2.398e-01 7.379e+04
2.320e-01 7.449e+04
2.314e-01 7.462e+04
2.461e-01 7.240e+04
2.309e-01 7.489e+04
2.342e-01 7.431e+04
2.197e-01 7.679e+04
2.224e-01 7.622e+04
2.497e-01 7.218e+04
2.589e-01 7.076e+04
2.313e-01 7.500e+04
2.520e-01 7.213e+04
2.240e-01 7.598e+04
2.188e-01 7.685e+04
2.247e-01 7.609e+04
2.256e-01 7.551e+04
2.367e-01 7.392e+04
2.265e-01 7.580e+04
2.336e-01 7.449e+04
2.325e-01 7.460e+04
2.400e-01 7.318e+04
2.398e-01 7.343e+04
2.373e-01 7.366e+04
2.296e-01 7.478e+04
2.275e-01 7.556e+04
2.230e-01 7.602e+04
2.464e-01 7.198e+04
2.209e-01 7.667e+04
2.214e-01 7.615e+04
2.244e-01 7.529e+04
2.490e-01 7.197e+04
2.316e-01 7.375e+04
2.300e-01 7.546e+04
2.246e-01 7.606e+04
2.368e-01 7.432e+04
2.357e-01 7.416e+04
2.611e-01 7.111e+04
2.454e-01 7.322e+04
2.373e-01 7.422e+04
2.416e-01 7.335e+04
2.266e-01 7.579e+04
2.312e-01 7.480e+04
2.845e-01 6.803e+04
2.466e-01 7.278e+04
2.622e-01 7.010e+04
2.498e-01 7.160e+04
2.420e-01 7.281e+04
2.200e-01 7.680e+04
5.050e-06 1.094e+04
2.315e-01 7.508e+04
2.289e-01 7.512e+04
2.222e-01 7.636e+04
2.263e-01 7.580e+04
2.235e-01 7.615e+04
2.246e-01 7.570e+04
2.360e-01 7.456e+04
2.338e-01 7.385e+04
2.419e-01 7.248e+04
2.594e-06 1.011e+04
2.330e-01 7.477e+04
2.400e-01 7.378e+04
2.533e-01 7.188e+04
2.681e-01 6.978e+04
2.294e-01 7.537e+04
2.238e-01 7.599e+04
2.226e-01 7.644e+04
2.293e-01 7.477e+04
2.262e-01 7.589e+04
2.368e-01 7.415e+04
2.398e-01 7.404e+04
2.273e-01 7.525e+04
2.289e-01 7.481e+04
2.243e-01 7.589e+04
2.377e-01 7.366e+04
2.339e-01 7.470e+04
2.395e-01 7.371e+04
2.268e-01 7.559e+04
2.186e-01 7.670e+04
2.592e-01 7.113e+04
2.294e-01 7.530e+04
2.245e-01 7.582e+04
2.325e-01 7.472e+04
2.435e-01 7.325e+04
2.384e-01 7.312e+04
2.358e-01 7.389e+04
2.331e-01 7.441e+04
2.536e-01 7.243e+04
2.196e-01 7.697e+04
2.317e-01 7.496e+04
2.400e-01 7.348e+04
2.302e-01 7.503e+04
2.500e-01 7.189e+04
2.377e-01 7.421e+04
2.607e-01 6.943e+04
2.268e-01 7.581e+04
2.355e-01 7.385e+04
2.235e-01 7.560e+04
2.361e-01 7.427e+04
2.250e-01 7.623e+04
2.300e-01 7.547e+04
2.311e-01 7.528e+04
2.311e-01 7.428e+04
2.266e-01 7.533e+04
2.296e-01 7.516e+04
2.377e-01 7.369e+04
2.219e-01 7.645e+04
2.322e-01 7.476e+04
2.576e-01 7.125e+04
2.432e-01 7.260e+04
2.545e-01 7.184e+04
2.311e-01 7.504e+04
2.311e-01 7.482e+04
2.349e-01 7.383e+04
2.273e-01 7.567e+04
2.385e-01 7.380e+04
2.375e-01 7.354e+04
2.290e-01 7.489e+04
2.225e-01 7.657e+04
2.364e-01 7.363e+04
2.251e-01 7.582e+04
2.459e-01 7.238e+04
2.280e-01 7.520e+04
2.213e-01 7.680e+04
2.572e-01 7.139e+04
2.292e-01 7.512e+04
2.366e-01 7.467e+04
2.341e-01 7.454e+04
2.295e-01 7.477e+04
2.507e-01 7.240e+04
2.360e-01 7.399e+04
2.422e-01 7.236e+04
2.716e-01 6.934e+04
2.407e-01 7.299e+04
2.252e-01 7.579e+04
2.230e-01 7.605e+04
2.249e-01 7.593e+04
2.200e-01 7.614e+04
2.334e-01 7.501e+04
2.393e-01 7.427e+04
2.390e-01 7.333e+04
2.226e-01 7.627e+04
2.444e-01 7.288e+04
2.265e-01 7.573e+04
2.207e-01 7.610e+04
2.571e-01 7.168e+04
2.509e-01 7.214e+04
2.233e-01 7.591e+04
2.282e-01 7.567e+04
2.211e-01 7.664e+04
2.260e-01 7.532e+04
2.244e-01 7.646e+04
2.331e-01 7.438e+04
2.452e-01 7.250e+04
2.279e-01 7.490e+04
2.302e-01 7.459e+04
2.311e-01 7.467e+04
2.364e-01 7.382e+04
2.299e-01 7.460e+04
2.313e-01 7.421e+04
2.297e-01 7.511e+04
2.741e-01 6.953e+04
4.457e-06 1.898e+04
2.332e-01 7.445e+04
2.213e-01 7.644e+04
2.239e-01 7.579e+04
2.386e-01 7.343e+04
2.517e-01 7.110e+04
2.204e-01 7.647e+04
2.278e-01 7.469e+04
2.224e-01 7.648e+04
2.202e-01 7.689e+04
2.438e-01 7.241e+04
2.333e-01 7.462e+04
5.169e-06 1.361e+04
2.303e-01 7.475e+04
2.265e-01 7.567e+04
2.416e-01 7.318e+04
2.484e-01 7.239e+04
2.220e-01 7.667e+04
2.469e-01 7.251e+04
2.370e-01 7.400e+04
2.274e-01 7.530e+04
2.298e-01 7.494e+04
2.323e-01 7.479e+04
2.424e-01 7.394e+04
2.337e-01 7.470e+04
2.347e-01 7.409e+04
2.278e-01 7.553e+04
2.268e-01 7.551e+04
2.367e-01 7.437e+04
1.482e-06 3.474e+03
2.380e-01 7.334e+04
2.238e-01 7.539e+04
2.484e-01 7.184e+04
2.343e-01 7.440e+04
2.368e-01 7.356e+04
2.260e-01 7.534e+04
2.212e-01 7.648e+04
2.282e-01 7.502e+04
2.259e-01 7.563e+04
2.269e-01 7.541e+04
2.570e-01 7.071e+04
2.515e-01 7.214e+04
2.277e-01 7.555e+04
2.248e-01 7.635e+04
2.469e-01 7.315e+04
2.353e-01 7.428e+04
2.260e-01 7.544e+04
2.735e-01 6.831e+04
2.343e-01 7.423e+04
2.260e-01 7.536e+04
2.343e-01 7.420e+04
2.395e-01 7.329e+04
2.494e-01 7.261e+04
2.312e-01 7.488e+04
2.276e-01 7.569e+04
2.245e-01 7.581e+04
2.390e-01 7.361e+04
2.303e-01 7.510e+04
2.304e-01 7.495e+04
2.383e-01 7.373e+04
2.334e-01 7.519e+04
2.298e-01 7.452e+04
2.450e-01 7.276e+04
2.249e-01 7.557e+04
2.313e-01 7.525e+04
2.238e-01 7.634e+04
2.389e-01 7.338e+04
2.375e-01 7.474e+04
2.453e-01 7.387e+04
2.335e-01 7.475e+04
2.435e-01 7.273e+04
2.527e-01 7.227e+04
2.481e-01 7.200e+04
2.243e-01 7.552e+04
2.344e-01 7.451e+04
2.325e-01 7.478e+04
2.546e-01 7.069e+04
2.312e-01 7.503e+04
2.519e-01 7.196e+04
2.279e-01 7.566e+04
2.338e-01 7.455e+04
2.452e-01 7.236e+04
2.260e-01 7.563e+04
2.705e-01 7.025e+04
2.296e-01 7.478e+04
5.052e-06 1.087e+04
2.207e-01 7.681e+04
2.222e-01 7.645e+04
2.242e-01 7.582e+04
2.314e-01 7.505e+04
2.277e-01 7.570e+04
2.335e-01 7.432e+04
2.323e-01 7.510e+04
2.184e-01 7.694e+04
2.426e-01 7.316e+04
2.331e-01 7.417e+04
2.260e-01 7.583e+04
2.307e-01 7.444e+04
2.289e-01 7.507e+04
2.279e-01 7.486e+04
2.270e-01 7.521e+04
2.313e-01 7.455e+04
2.286e-01 7.483e+04
2.446e-01 7.329e+04
2.374e-01 7.377e+04
2.245e-01 7.557e+04
2.397e-01 7.270e+04
2.223e-01 7.600e+04
2.348e-01 7.353e+04
2.393e-01 7.372e+04
2.376e-01 7.245e+04
2.356e-01 7.408e+04
2.335e-01 7.508e+04
2.337e-01 7.443e+04
2.477e-01 7.198e+04
2.308e-01 7.453e+04
2.340e-01 7.420e+04
2.286e-01 7.542e+04
2.208e-01 7.635e+04
2.354e-01 7.414e+04
2.408e-01 7.319e+04
2.321e-01 7.437e+04
2.942e-01 6.747e+04
2.351e-01 7.430e+04
2.501e-01 7.177e+04
2.270e-05 1.099e+04
2.342e-01 7.440e+04
2.428e-01 7.313e+04
2.196e-01 7.676e+04
2.273e-01 7.523e+04
2.435e-01 7.327e+04
2.274e-01 7.515e+04
9.329e-07 1.353e+04
2.412e-01 7.343e+04
2.260e-01 7.537e+04
2.374e-01 7.389e+04
2.346e-01 7.416e+04
2.309e-01 7.444e+04
2.250e-01 7.611e+04
9.503e-06 1.117e+04
2.268e-01 7.574e+04
2.312e-01 7.473e+04
8.706e-06 1.360e+04
2.290e-01 7.550e+04
2.239e-01 7.632e+04
2.465e-01 7.186e+04
2.627e-01 6.858e+04
2.461e-01 7.176e+04
2.751e-01 6.942e+04
2.318e-01 7.462e+04
2.403e-01 7.329e+04
2.368e-01 7.363e+04
2.256e-01 7.614e+04
2.176e-01 7.714e+04
2.218e-01 7.541e+04
2.299e-01 7.449e+04
2.597e-01 7.104e+04
2.341e-01 7.424e+04
2.353e-01 7.445e+04
2.216e-01 7.664e+04
2.398e-01 7.321e+04
2.455e-01 7.241e+04
2.300e-01 7.464e+04
2.243e-01 7.555e+04
2.267e-01 7.538e+04
2.485e-01 7.279e+04
2.265e-01 7.524e+04
2.262e-01 7.629e+04
2.217e-01 7.646e+04
2.353e-01 7.378e+04
2.395e-01 7.357e+04
2.537e-01 7.166e+04
2.444e-01 7.172e+04
2.613e-01 7.020e+04
2.372e-01 7.422e+04
2.383e-01 7.393e+04
2.250e-01 7.558e+04
2.289e-01 7.478e+04
2.359e-01 7.451e+04
2.237e-01 7.580e+04
2.395e-01 7.340e+04
3.655e-07 1.531e+04
2.346e-01 7.382e+04
2.390e-01 7.379e+04
2.372e-01 7.384e+04
2.433e-01 7.217e+04
2.391e-01 7.364e+04
2.364e-01 7.443e+04
2.369e-06 1.683e+04
2.249e-01 7.599e+04
2.281e-01 7.586e+04
2.209e-01 7.669e+04
2.234e-01 7.589e+04
2.276e-01 7.518e+04
2.428e-01 7.232e+04
2.364e-01 7.390e+04
2.217e-01 7.648e+04
2.645e-01 6.973e+04
2.318e-01 7.504e+04
2.337e-01 7.476e+04
2.485e-01 7.262e+04
2.329e-01 7.514e+04
2.263e-01 7.531e+04
2.394e-01 7.348e+04
2.370e-01 7.412e+04
2.196e-01 7.678e+04
2.428e-01 7.307e+04
2.241e-01 7.628e+04
2.217e-01 7.611e+04
2.321e-01 7.484e+04
2.285e-01 7.519e+04
2.278e-01 7.564e+04
2.301e-01 7.467e+04
2.260e-01 7.565e+04
2.498e-01 7.236e+04
2.275e-01 7.562e+04
2.226e-01 7.680e+04
2.406e-01 7.424e+04
2.274e-01 7.572e+04
2.868e-01 6.743e+04
2.225e-01 7.603e+04
2.280e-01 7.439e+04
2.295e-01 7.526e+04
2.283e-01 7.546e+04
2.287e-01 7.489e+04
2.285e-01 7.527e+04
2.264e-01 7.587e+04
2.369e-01 7.403e+04
2.301e-01 7.494e+04
2.288e-01 7.521e+04
2.430e-01 7.390e+04
2.436e-01 7.315e+04
2.313e-01 7.487e+04
2.269e-01 7.578e+04
2.243e-01 7.617e+04
2.333e-01 7.470e+04
2.288e-01 7.509e+04
2.389e-01 7.403e+04
2.366e-01 7.354e+04
2.364e-01 7.346e+04
2.296e-01 7.508e+04
2.267e-01 7.504e+04
2.222e-01 7.634e+04
2.372e-01 7.429e+04
2.385e-01 7.345e+04
2.218e-01 7.584e+04
2.551e-01 7.102e+04
2.343e-01 7.429e+04
2.266e-01 7.565e+04
2.333e-01 7.482e+04
2.200e-01 7.685e+04
2.275e-01 7.528e+04
2.283e-01 7.527e+04
2.506e-01 7.185e+04
2.354e-01 7.500e+04
2.325e-01 7.493e+04
2.387e-01 7.385e+04
2.359e-01 7.423e+04
2.366e-01 7.433e+04
2.458e-01 7.254e+04
2.298e-01 7.517e+04
2.475e-01 7.214e+04
2.542e-01 7.192e+04
1.238e-07 1.508e+04
2.234e-01 7.591e+04
2.327e-01 7.456e+04
2.641e-01 7.137e+04
2.312e-01 7.523e+04
2.298e-01 7.472e+04
2.324e-01 7.492e+04
2.225e-01 7.533e+04
2.232e-01 7.619e+04
2.264e-01 7.563e+04
2.298e-01 7.511e+04
2.280e-01 7.480e+04
2.320e-01 7.470e+04
2.354e-01 7.393e+04
2.232e-01 7.640e+04
2.302e-01 7.462e+04
2.379e-01 7.376e+04
2.361e-01 7.252e+04
2.498e-01 7.103e+04
2.234e-01 7.608e+04
2.323e-01 7.458e+04
2.336e-01 7.449e+04
2.353e-01 7.425e+04
2.422e-01 7.337e+04
2.418e-01 7.282e+04
2.310e-01 7.460e+04
2.281e-01 7.537e+04
2.507e-01 7.206e+04
2.269e-01 7.602e+04
2.214e-01 7.675e+04
2.237e-01 7.614e+04
2.440e-01 7.306e+04
2.402e-01 7.391e+04
2.350e-01 7.377e+04
2.282e-01 7.482e+04
2.476e-01 7.241e+04
2.463e-01 7.310e+04
2.512e-01 7.280e+04
2.342e-01 7.404e+04
2.198e-01 7.682e+04
2.410e-01 7.350e+04
2.295e-01 7.535e+04
2.234e-01 7.611e+04
2.306e-01 7.540e+04
2.514e-01 7.128e+04
2.248e-01 7.569e+04
2.279e-01 7.508e+04
2.224e-01 7.604e+04
2.320e-01 7.440e+04
2.424e-01 7.365e+04
2.287e-01 7.502e+04
2.243e-01 7.598e+04
2.362e-01 7.418e+04
2.417e-01 7.368e+04
2.294e-01 7.510e+04
2.279e-01 7.498e+04
2.224e-01 7.627e+04
2.215e-01 7.633e+04
2.541e-01 7.120e+04
2.387e-01 7.348e+04
2.237e-01 7.622e+04
2.417e-01 7.312e+04
2.314e-01 7.525e+04
2.369e-01 7.382e+04
2.594e-01 7.039e+04
2.725e-01 6.999e+04
2.260e-01 7.551e+04
2.293e-01 7.482e+04
2.403e-01 7.400e+04
2.331e-01 7.424e+04
2.350e-01 7.463e+04
2.724e-01 6.968e+04
2.323e-01 7.401e+04
2.335e-01 7.449e+04
2.366e-01 7.405e+04
2.328e-01 7.507e+04
2.226e-01 7.665e+04
2.281e-01 7.550e+04
2.415e-01 7.290e+04
2.297e-01 7.550e+04
2.206e-01 7.645e+04
2.594e-01 7.150e+04
2.380e-01 7.324e+04
2.236e-01 7.571e+04
2.285e-01 7.525e+04
2.260e-01 7.491e+04
2.333e-01 7.461e+04
2.551e-01 7.128e+04
2.305e-01 7.502e+04
2.240e-01 7.577e+04
2.325e-01 7.463e+04
2.237e-01 7.540e+04
2.332e-01 7.378e+04
2.262e-01 7.526e+04
2.345e-01 7.480e+04
2.749e-01 6.829e+04
2.306e-01 7.457e+04
2.287e-01 7.575e+04
2.382e-01 7.341e+04
2.340e-01 7.427e+04
2.288e-01 7.504e+04
2.320e-01 7.454e+04
2.381e-01 7.400e+04
2.346e-01 7.390e+04
2.275e-01 7.533e+04
2.393e-01 7.441e+04
2.629e-01 7.068e+04
2.260e-01 7.561e+04
2.348e-01 7.399e+04
2.541e-01 7.151e+04
2.286e-01 7.543e+04
2.294e-01 7.524e+04
2.231e-01 7.626e+04
2.261e-01 7.606e+04
2.504e-01 7.189e+04
2.399e-01 7.342e+04
2.497e-01 7.193e+04
2.318e-01 7.501e+04
2.273e-01 7.527e+04
2.280e-01 7.535e+04
2.561e-01 7.114e+04
2.167e-01 7.699e+04
2.189e-01 7.720e+04
2.498e-01 7.103e+04
2.249e-01 7.556e+04
2.387e-01 7.381e+04
2.304e-01 7.471e+04
2.244e-01 7.599e+04
2.243e-01 7.556e+04
2.372e-01 7.469e+04
2.311e-01 7.529e+04
2.559e-01 7.104e+04
1.036e-05 6.011e+03
2.320e-01 7.422e+04
2.189e-01 7.667e+04
2.333e-01 7.352e+04
2.690e-01 7.010e+04
2.768e-01 6.981e+04
2.358e-01 7.325e+04
2.281e-01 7.476e+04
2.304e-01 7.444e+04
2.254e-01 7.601e+04
2.268e-01 7.507e+04
2.361e-01 7.424e+04
2.454e-01 7.269e+04
2.269e-01 7.496e+04
2.279e-01 7.498e+04
2.343e-01 7.373e+04
2.421e-01 7.306e+04
2.335e-01 7.450e+04
2.299e-01 7.506e+04
2.675e-01 7.059e+04
2.353e-01 7.466e+04
2.456e-01 7.278e+04
2.300e-01 7.559e+04
2.589e-01 7.095e+04
2.281e-01 7.557e+04
2.313e-01 7.506e+04
2.284e-01 7.561e+04
2.280e-01 7.572e+04
2.316e-01 7.520e+04
2.483e-01 7.331e+04
2.383e-01 7.400e+04
2.368e-01 7.422e+04
2.403e-01 7.287e+04
2.234e-01 7.604e+04
2.237e-01 7.635e+04
2.372e-01 7.410e+04
2.224e-01 7.635e+04
2.354e-01 7.440e+04
9.175e-06 1.090e+04
2.472e-01 7.227e+04
2.595e-01 7.032e+04
2.454e-01 7.335e+04
2.283e-01 7.521e+04
2.219e-01 7.667e+04
2.333e-01 7.463e+04
2.340e-01 7.415e+04
2.400e-01 7.368e+04
2.422e-01 7.322e+04
2.297e-01 7.499e+04
2.313e-01 7.503e+04
2.254e-01 7.605e+04
2.226e-01 7.571e+04
2.483e-01 7.179e+04
2.261e-01 7.584e+04
2.265e-01 7.574e+04
2.271e-01 7.557e+04
2.250e-01 7.633e+04
2.471e-01 7.291e+04
2.201e-01 7.673e+04
2.621e-01 7.135e+04
2.227e-01 7.623e+04
2.344e-01 7.445e+04
2.310e-01 7.445e+04
2.203e-01 7.663e+04
2.348e-01 7.465e+04
2.380e-01 7.420e+04
2.300e-01 7.495e+04
2.392e-01 7.377e+04
2.600e-01 7.148e+04
2.185e-01 7.714e+04
4.449e-07 7.618e+03
2.311e-01 7.474e+04
2.269e-01 7.507e+04
2.182e-01 7.714e+04
2.316e-01 7.497e+04
2.360e-01 7.430e+04
2.333e-01 7.417e+04
2.809e-01 6.916e+04
2.268e-01 7.552e+04
2.370e-01 7.400e+04
2.238e-01 7.609e+04
2.399e-01 7.384e+04
2.635e-01 6.923e+04
2.384e-01 7.388e+04
2.463e-01 7.288e+04
2.322e-01 7.455e+04
2.294e-01 7.541e+04
2.294e-01 7.486e+04
2.265e-01 7.516e+04
2.222e-01 7.664e+04
2.519e-01 7.158e+04
