1.388e-01 9.079e+04
2.245e-01 7.345e+04
1.460e-01 8.795e+04
1.475e-01 8.821e+04
2.091e-01 7.534e+04
1.420e-01 8.995e+04
1.390e-01 9.085e+04
1.538e-01 8.613e+04
1.397e-01 9.055e+04
1.459e-01 8.784e+04
1.361e-01 9.233e+04
1.894e-01 7.803e+04
1.495e-01 8.697e+04
1.442e-01 8.957e+04
1.426e-01 8.962e+04
1.351e-01 9.274e+04
1.434e-01 8.933e+04
1.411e-01 9.014e+04
1.492e-01 8.762e+04
2.382e-01 7.210e+04
1.426e-01 8.967e+04
1.408e-01 8.988e+04
1.365e-01 9.217e+04
5.126e-06 9.903e+03
1.468e-01 8.761e+04
1.445e-01 8.840e+04
1.357e-01 9.214e+04
1.422e-01 8.925e+04
1.407e-01 9.013e+04
1.381e-01 9.134e+04
1.409e-01 9.043e+04
1.946e-01 7.703e+04
1.434e-01 8.950e+04
1.434e-01 8.954e+04
1.449e-01 8.856e+04
1.376e-01 9.189e+04
1.444e-01 8.941e+04
9.072e-06 2.851e+03
1.478e-01 8.788e+04
1.339e-01 9.333e+04
1.486e-01 8.753e+04
2.023e-01 7.711e+04
1.484e-01 8.768e+04
1.409e-01 9.038e+04
1.354e-01 9.196e+04
1.479e-01 8.799e+04
1.395e-01 9.088e+04
1.406e-01 8.998e+04
1.439e-01 8.892e+04
1.372e-01 9.188e+04
8.953e-06 2.454e+04
1.431e-01 8.953e+04
1.343e-01 9.298e+04
1.691e-01 8.217e+04
1.371e-01 9.157e+04
1.456e-01 8.789e+04
2.354e-01 7.204e+04
1.381e-01 9.105e+04
1.345e-01 9.245e+04
1.357e-01 9.182e+04
1.743e-01 8.067e+04
2.381e-01 7.256e+04
1.467e-01 8.812e+04
1.400e-01 9.084e+04
1.374e-01 9.096e+04
1.343e-01 9.256e+04
1.342e-01 9.327e+04
1.445e-01 8.882e+04
1.420e-01 9.029e+04
1.393e-01 9.097e+04
1.366e-01 9.193e+04
1.437e-01 8.918e+04
1.441e-01 8.861e+04
1.352e-01 9.233e+04
1.438e-01 8.920e+04
1.370e-01 9.165e+04
1.365e-01 9.225e+04
1.450e-01 8.869e+04
1.391e-01 9.105e+04
1.346e-01 9.276e+04
1.407e-01 9.052e+04
2.388e-01 7.204e+04
1.389e-01 9.059e+04
2.378e-01 7.272e+04
2.037e-01 7.432e+04
1.511e-01 8.638e+04
1.709e-01 8.139e+04
1.451e-01 8.856e+04
1.365e-01 9.127e+04
1.417e-01 9.024e+04
1.550e-01 8.560e+04
1.384e-01 9.058e+04
1.812e-01 7.901e+04
2.208e-01 7.499e+04
1.455e-01 8.865e+04
1.367e-01 9.158e+04
3.304e-06 1.441e+04
1.378e-01 9.135e+04
1.563e-01 8.528e+04
1.971e-01 7.592e+04
2.498e-01 7.115e+04
1.438e-01 8.888e+04
1.479e-01 8.800e+04
1.444e-01 8.900e+04
1.355e-01 9.239e+04
1.371e-01 9.142e+04
2.234e-01 7.461e+04
1.476e-01 8.754e+04
1.370e-01 9.163e+04
1.447e-01 8.894e+04
1.342e-01 9.254e+04
2.343e-01 7.200e+04
3.208e-07 4.754e+03
1.387e-01 9.096e+04
1.385e-01 9.135e+04
1.372e-01 9.196e+04
1.474e-01 8.782e+04
1.384e-01 9.134e+04
1.398e-01 9.053e+04
1.457e-01 8.905e+04
1.673e-01 8.239e+04
1.404e-01 9.006e+04
1.367e-01 9.182e+04
1.426e-01 8.993e+04
1.489e-01 8.771e+04
1.685e-01 8.234e+04
1.405e-01 9.011e+04
1.379e-01 9.164e+04
2.202e-01 7.306e+04
1.504e-01 8.745e+04
1.457e-01 8.784e+04
1.506e-01 8.700e+04
1.430e-01 8.950e+04
1.374e-01 9.121e+04
1.789e-01 7.890e+04
1.439e-01 8.943e+04
2.081e-01 7.490e+04
1.482e-01 8.767e+04
1.505e-01 8.677e+04
1.285e-06 1.414e+04
1.323e-01 9.359e+04
1.455e-01 8.792e+04
1.426e-01 8.930e+04
1.367e-01 9.213e+04
1.459e-01 8.819e+04
1.470e-01 8.769e+04
1.363e-01 9.241e+04
5.472e-07 1.028e+04
1.494e-01 8.699e+04
1.406e-01 8.991e+04
2.416e-01 7.270e+04
1.369e-01 9.146e+04
1.458e-01 8.830e+04
1.393e-01 9.093e+04
1.461e-01 8.814e+04
1.810e-01 7.948e+04
1.460e-01 8.767e+04
2.062e-01 7.501e+04
1.413e-01 9.027e+04
1.492e-01 8.712e+04
1.486e-01 8.797e+04
1.503e-01 8.710e+04
1.403e-01 9.057e+04
1.778e-01 7.975e+04
1.378e-01 9.169e+04
1.423e-01 8.945e+04
1.368e-01 9.204e+04
3.675e-06 1.748e+04
1.452e-01 8.819e+04
1.391e-01 9.081e+04
1.429e-01 8.973e+04
2.043e-01 7.542e+04
1.572e-01 8.392e+04
1.402e-01 9.064e+04
3.817e-06 3.254e+03
4.145e-06 6.244e+03
1.448e-01 8.890e+04
1.481e-01 8.710e+04
1.467e-01 8.762e+04
1.433e-01 8.894e+04
1.425e-01 9.007e+04
1.822e-01 7.981e+04
1.453e-01 8.883e+04
1.415e-01 9.015e+04
1.403e-01 9.026e+04
1.531e-01 8.645e+04
1.348e-01 9.244e+04
7.203e-06 1.021e+04
1.362e-01 9.206e+04
1.397e-01 9.055e+04
1.366e-01 9.153e+04
1.397e-01 9.095e+04
1.441e-01 8.888e+04
1.393e-01 9.042e+04
2.110e-01 7.508e+04
1.503e-01 8.631e+04
1.357e-01 9.168e+04
1.417e-01 9.002e+04
1.442e-01 8.911e+04
1.478e-01 8.778e+04
1.439e-01 8.872e+04
2.116e-01 7.480e+04
1.387e-01 9.057e+04
1.410e-01 8.995e+04
1.326e-01 9.377e+04
1.390e-01 9.104e+04
2.331e-01 7.260e+04
1.365e-01 9.159e+04
1.413e-01 9.010e+04
1.324e-01 9.350e+04
2.657e-01 6.956e+04
1.628e-01 8.370e+04
1.413e-01 9.016e+04
1.471e-01 8.819e+04
1.319e-01 9.385e+04
2.777e-06 6.542e+03
2.029e-01 7.730e+04
1.381e-01 9.125e+04
1.995e-01 7.604e+04
1.443e-01 8.930e+04
1.600e-01 8.439e+04
1.498e-01 8.681e+04
1.437e-01 8.884e+04
1.397e-01 9.101e+04
2.433e-01 7.184e+04
1.395e-01 8.999e+04
1.374e-01 9.122e+04
1.470e-01 8.831e+04
1.436e-01 8.933e+04
1.395e-01 9.050e+04
1.441e-01 8.879e+04
1.412e-01 8.964e+04
1.491e-01 8.733e+04
1.620e-01 8.370e+04
2.227e-01 7.356e+04
1.373e-01 9.182e+04
1.367e-01 9.169e+04
2.395e-01 7.247e+04
1.371e-01 9.181e+04
1.385e-01 9.103e+04
2.071e-01 7.359e+04
1.336e-01 9.283e+04
1.368e-01 9.191e+04
1.055e-06 1.746e+04
1.874e-01 7.768e+04
2.090e-01 7.572e+04
1.388e-01 9.037e+04
1.396e-01 9.069e+04
2.180e-01 7.419e+04
1.426e-01 8.971e+04
1.397e-01 9.074e+04
3.302e-06 1.802e+04
1.418e-01 8.976e+04
2.142e-01 7.548e+04
1.394e-01 9.080e+04
1.420e-01 8.940e+04
1.380e-01 9.145e+04
1.401e-01 9.055e+04
1.396e-01 9.040e+04
1.419e-01 8.998e+04
1.400e-01 9.081e+04
2.005e-01 7.519e+04
1.889e-01 7.710e+04
1.357e-01 9.210e+04
1.383e-01 9.121e+04
1.422e-01 8.969e+04
1.430e-01 8.955e+04
1.410e-01 9.037e+04
2.206e-01 7.504e+04
1.865e-01 7.841e+04
1.433e-01 8.924e+04
1.387e-01 9.046e+04
1.462e-01 8.784e+04
1.444e-01 8.875e+04
1.488e-01 8.785e+04
1.337e-01 9.325e+04
1.376e-01 9.126e+04
1.409e-01 8.991e+04
1.380e-01 9.116e+04
1.463e-01 8.845e+04
1.440e-01 8.846e+04
1.482e-01 8.801e+04
2.130e-01 7.513e+04
2.154e-01 7.544e+04
1.385e-01 9.103e+04
4.363e-06 6.377e+03
1.501e-01 8.633e+04
1.442e-01 8.913e+04
1.441e-01 8.868e+04
1.382e-01 9.113e+04
1.892e-01 7.725e+04
1.412e-01 8.986e+04
1.432e-01 8.910e+04
1.447e-01 8.845e+04
1.418e-01 8.992e+04
1.365e-01 9.136e+04
1.430e-01 8.904e+04
1.398e-01 9.099e+04
1.356e-01 9.240e+04
2.088e-01 7.456e+04
1.407e-01 9.036e+04
1.463e-01 8.835e+04
1.994e-01 7.516e+04
1.426e-01 8.969e+04
1.401e-01 9.063e+04
1.373e-01 9.112e+04
1.411e-01 8.992e+04
1.013e-05 8.958e+03
2.370e-01 7.324e+04
1.692e-01 8.182e+04
1.458e-01 8.817e+04
1.504e-01 8.689e+04
2.700e-06 2.908e+03
5.669e-06 1.197e+04
3.171e-07 1.183e+04
1.334e-01 9.305e+04
1.454e-01 8.792e+04
1.444e-01 8.915e+04
1.364e-01 9.168e+04
2.260e-01 7.373e+04
1.517e-01 8.606e+04
1.392e-01 9.049e+04
1.334e-01 9.294e+04
1.436e-01 8.928e+04
1.392e-01 9.072e+04
1.387e-01 9.114e+04
1.394e-01 9.075e+04
2.404e-01 7.273e+04
1.432e-01 8.923e+04
1.450e-01 8.824e+04
1.440e-01 8.927e+04
1.357e-01 9.253e+04
1.446e-01 8.905e+04
2.141e-01 7.374e+04
1.456e-01 8.848e+04
1.442e-01 8.864e+04
2.060e-01 7.586e+04
1.377e-01 9.183e+04
1.438e-01 8.927e+04
1.382e-01 9.110e+04
2.311e-01 7.212e+04
1.425e-01 8.979e+04
2.184e-01 7.365e+04
1.459e-01 8.785e+04
1.411e-01 9.017e+04
1.374e-01 9.134e+04
2.154e-01 7.537e+04
1.437e-01 8.901e+04
1.364e-01 9.168e+04
1.367e-01 9.173e+04
1.466e-01 8.886e+04
1.439e-01 8.890e+04
1.456e-01 8.808e+04
1.350e-01 9.233e+04
1.386e-01 9.079e+04
1.431e-01 8.935e+04
1.361e-01 9.213e+04
1.837e-01 7.972e+04
1.449e-01 8.852e+04
1.389e-01 9.075e+04
1.346e-01 9.278e+04
1.379e-01 9.160e+04
1.542e-01 8.618e+04
1.401e-01 9.092e+04
1.319e-01 9.425e+04
1.350e-01 9.203e+04
1.373e-01 9.116e+04
1.370e-01 9.140e+04
1.346e-01 9.228e+04
1.458e-01 8.899e+04
1.751e-01 8.060e+04
1.357e-01 9.230e+04
1.448e-01 8.880e+04
1.373e-01 9.166e+04
1.411e-01 9.016e+04
1.374e-01 9.159e+04
1.441e-01 8.915e+04
1.391e-01 9.121e+04
1.460e-01 8.866e+04
1.390e-01 9.096e+04
1.484e-01 8.737e+04
1.475e-01 8.760e+04
1.524e-01 8.668e+04
2.128e-01 7.451e+04
2.283e-01 7.253e+04
1.498e-01 8.724e+04
1.414e-01 9.036e+04
1.398e-01 9.019e+04
1.417e-01 8.987e+04
1.446e-01 8.901e+04
1.386e-01 9.097e+04
1.449e-01 8.899e+04
1.374e-01 9.164e+04
1.481e-01 8.794e+04
1.333e-01 9.348e+04
2.138e-01 7.482e+04
1.334e-01 9.314e+04
1.456e-01 8.841e+04
1.342e-01 9.267e+04
1.384e-01 9.074e+04
1.418e-01 9.010e+04
1.417e-01 9.006e+04
2.133e-01 7.421e+04
1.387e-01 9.080e+04
1.525e-01 8.550e+04
1.368e-01 9.133e+04
1.576e-01 8.448e+04
1.076e-05 2.479e+04
1.415e-01 8.943e+04
1.405e-01 9.012e+04
1.414e-01 9.042e+04
1.426e-01 9.000e+04
2.057e-01 7.435e+04
1.399e-01 9.044e+04
1.518e-01 8.614e+04
1.181e-06 1.192e+04
1.994e-01 7.551e+04
1.458e-01 8.872e+04
1.440e-01 8.922e+04
1.418e-01 8.977e+04
1.389e-01 9.103e+04
1.382e-01 9.103e+04
1.412e-01 9.007e+04
1.331e-01 9.348e+04
1.338e-01 9.289e+04
1.448e-01 8.883e+04
1.381e-01 9.136e+04
1.442e-01 8.917e+04
1.479e-01 8.760e+04
1.394e-01 9.067e+04
1.449e-01 8.888e+04
1.394e-01 9.055e+04
1.434e-01 8.941e+04
2.135e-01 7.340e+04
1.365e-01 9.182e+04
1.517e-01 8.675e+04
2.231e-01 7.379e+04
1.386e-01 9.120e+04
1.379e-01 9.150e+04
1.416e-01 8.976e+04
1.377e-01 9.175e+04
1.520e-01 8.636e+04
1.407e-01 9.062e+04
1.380e-01 9.094e+04
1.398e-01 9.031e+04
1.425e-01 8.938e+04
1.374e-01 9.147e+04
1.391e-01 9.024e+04
1.463e-01 8.788e+04
5.131e-06 1.545e+04
2.374e-01 7.156e+04
1.371e-01 9.148e+04
1.395e-01 9.081e+04
1.385e-01 9.083e+04
2.186e-01 7.367e+04
1.428e-01 9.003e+04
1.426e-01 8.930e+04
1.399e-01 9.011e+04
1.408e-01 8.977e+04
1.420e-01 8.965e+04
1.351e-01 9.234e+04
1.538e-01 8.618e+04
1.426e-01 8.978e+04
1.436e-01 8.825e+04
7.130e-06 9.841e+03
2.235e-01 7.304e+04
1.418e-01 8.992e+04
1.381e-01 9.129e+04
1.391e-01 9.120e+04
4.631e-06 1.482e+04
1.434e-01 8.929e+04
1.426e-01 8.950e+04
1.421e-01 8.990e+04
1.383e-01 9.112e+04
1.359e-01 9.192e+04
1.372e-01 9.142e+04
1.403e-01 9.049e+04
1.439e-01 8.923e+04
1.507e-01 8.725e+04
1.449e-01 8.846e+04
1.409e-01 8.985e+04
1.420e-01 8.992e+04
1.343e-01 9.273e+04
1.319e-01 9.412e+04
1.415e-01 8.971e+04
1.402e-01 9.041e+04
1.422e-01 8.962e+04
1.392e-01 9.054e+04
1.455e-01 8.835e+04
1.420e-01 8.957e+04
1.347e-01 9.234e+04
1.385e-01 9.070e+04
3.140e-06 1.046e+04
1.701e-01 8.188e+04
1.401e-01 9.033e+04
1.423e-01 8.905e+04
1.372e-01 9.138e+04
1.338e-01 9.298e+04
1.371e-01 9.142e+04
2.021e-01 7.571e+04
1.711e-01 8.159e+04
1.415e-01 9.018e+04
1.385e-01 9.106e+04
1.339e-01 9.298e+04
2.220e-01 7.333e+04
2.543e-01 7.144e+04
1.326e-06 8.479e+03
1.420e-01 8.964e+04
1.429e-01 8.945e+04
1.462e-01 8.782e+04
1.438e-01 8.865e+04
1.419e-01 9.006e+04
1.547e-01 8.537e+04
1.650e-01 8.294e+04
1.377e-01 9.157e+04
1.590e-01 8.398e+04
1.677e-01 8.246e+04
1.479e-01 8.733e+04
1.412e-01 8.924e+04
1.495e-01 8.692e+04
1.399e-01 9.063e+04
1.427e-01 8.954e+04
1.426e-01 8.936e+04
1.338e-01 9.261e+04
1.476e-01 8.761e+04
1.397e-01 9.057e+04
1.378e-01 9.161e+04
2.041e-01 7.713e+04
1.395e-01 9.145e+04
1.364e-01 9.175e+04
1.412e-01 9.049e+04
1.388e-01 9.082e+04
1.428e-01 8.895e+04
1.467e-01 8.806e+04
1.476e-01 8.768e+04
1.413e-01 8.953e+04
1.389e-01 9.118e+04
1.358e-01 9.212e+04
1.432e-01 8.917e+04
1.410e-01 9.025e+04
2.122e-01 7.493e+04
9.538e-06 1.508e+04
1.438e-01 8.950e+04
1.428e-01 8.964e+04
5.794e-06 2.561e+04
1.533e-01 8.568e+04
1.423e-01 8.969e+04
1.425e-01 8.986e+04
1.374e-01 9.095e+04
1.412e-01 8.971e+04
1.405e-01 9.049e+04
1.419e-01 8.909e+04
1.447e-01 8.867e+04
1.399e-01 9.074e+04
1.431e-01 8.919e+04
1.422e-01 8.958e+04
1.436e-01 8.917e+04
1.331e-01 9.332e+04
1.421e-01 8.981e+04
1.942e-01 7.661e+04
1.337e-01 9.260e+04
1.349e-01 9.264e+04
1.371e-01 9.159e+04
2.427e-01 7.221e+04
1.908e-01 7.832e+04
1.375e-01 9.162e+04
1.433e-01 8.945e+04
1.383e-01 9.118e+04
1.823e-01 7.967e+04
2.000e-01 7.534e+04
1.415e-01 9.043e+04
1.374e-01 9.168e+04
1.477e-01 8.790e+04
1.390e-01 9.111e+04
1.405e-01 9.037e+04
1.386e-01 9.051e+04
1.467e-01 8.805e+04
1.377e-01 9.125e+04
1.386e-01 9.103e+04
1.409e-01 8.978e+04
1.447e-01 8.830e+04
1.411e-01 9.072e+04
1.373e-01 9.174e+04
1.413e-01 8.991e+04
1.387e-01 9.142e+04
1.536e-01 8.581e+04
1.439e-01 8.909e+04
2.310e-01 7.324e+04
1.598e-01 8.466e+04
1.437e-01 8.925e+04
1.392e-01 9.063e+04
1.416e-01 8.975e+04
1.479e-01 8.742e+04
1.497e-01 8.717e+04
1.461e-01 8.844e+04
1.449e-01 8.897e+04
1.371e-01 9.134e+04
1.340e-01 9.329e+04
1.370e-01 9.155e+04
2.039e-01 7.710e+04
1.484e-01 8.773e+04
1.458e-01 8.837e+04
1.432e-01 8.977e+04
1.421e-01 8.971e+04
1.335e-01 9.316e+04
2.109e-01 7.469e+04
1.420e-01 9.025e+04
1.595e-01 8.401e+04
2.099e-01 7.449e+04
1.727e-01 8.045e+04
1.303e-01 9.466e+04
2.304e-01 7.248e+04
1.418e-01 8.980e+04
1.435e-01 8.931e+04
1.389e-01 9.117e+04
2.634e-01 7.028e+04
1.639e-01 8.304e+04
1.419e-01 8.975e+04
1.360e-01 9.229e+04
1.396e-01 9.095e+04
1.494e-01 8.676e+04
1.400e-01 9.067e+04
1.364e-01 9.176e+04
1.401e-01 9.009e+04
1.450e-01 8.878e+04
1.435e-01 8.894e+04
1.478e-01 8.750e+04
1.464e-01 8.846e+04
1.401e-01 9.048e+04
1.372e-01 9.121e+04
1.524e-01 8.604e+04
1.366e-01 9.170e+04
2.558e-01 7.100e+04
1.382e-01 9.118e+04
1.395e-01 9.059e+04
2.052e-06 8.036e+03
1.398e-01 9.043e+04
1.376e-01 9.114e+04
1.400e-01 9.038e+04
1.427e-01 8.941e+04
1.440e-01 8.885e+04
1.444e-01 8.949e+04
1.350e-01 9.203e+04
2.394e-01 7.166e+04
2.178e-01 7.424e+04
2.292e-01 7.345e+04
1.466e-01 8.854e+04
1.481e-01 8.718e+04
1.443e-01 8.880e+04
1.347e-01 9.282e+04
1.344e-01 9.274e+04
1.362e-01 9.203e+04
1.416e-01 8.985e+04
1.455e-01 8.863e+04
1.458e-01 8.838e+04
1.386e-01 9.098e+04
1.419e-01 8.966e+04
1.459e-01 8.842e+04
1.349e-01 9.265e+04
1.413e-01 8.998e+04
2.105e-01 7.576e+04
1.348e-01 9.284e+04
1.398e-01 9.089e+04
1.402e-01 9.078e+04
1.380e-01 9.119e+04
1.372e-01 9.225e+04
1.358e-01 9.252e+04
1.470e-01 8.767e+04
1.363e-01 9.172e+04
1.830e-01 7.992e+04
1.497e-01 8.727e+04
1.404e-01 9.037e+04
1.453e-01 8.838e+04
1.457e-01 8.792e+04
1.932e-01 7.717e+04
1.329e-01 9.377e+04
2.425e-01 7.181e+04
1.394e-01 9.099e+04
2.059e-01 7.547e+04
1.380e-01 9.122e+04
1.373e-01 9.157e+04
1.405e-01 9.018e+04
2.614e-01 7.122e+04
1.681e-01 8.161e+04
1.402e-01 8.983e+04
1.509e-01 8.697e+04
1.321e-01 9.353e+04
2.579e-01 7.072e+04
1.411e-01 9.040e+04
1.388e-01 9.074e+04
1.387e-01 9.104e+04
1.395e-01 9.082e+04
1.440e-01 8.904e+04
1.314e-01 9.414e+04
1.381e-01 9.121e+04
2.082e-01 7.503e+04
1.446e-01 8.854e+04
1.380e-01 9.116e+04
1.402e-01 9.030e+04
1.395e-01 9.123e+04
1.412e-01 9.011e+04
1.318e-01 9.416e+04
1.375e-01 9.175e+04
2.465e-01 7.115e+04
2.048e-01 7.558e+04
1.344e-01 9.261e+04
1.851e-01 7.781e+04
1.389e-01 9.115e+04
1.406e-01 9.050e+04
1.401e-01 9.041e+04
1.361e-01 9.223e+04
1.346e-01 9.317e+04
1.361e-01 9.181e+04
2.348e-01 7.235e+04
1.339e-01 9.304e+04
6.122e-07 2.611e+03
1.513e-01 8.614e+04
1.863e-01 7.798e+04
1.435e-01 8.874e+04
1.477e-01 8.778e+04
1.385e-01 9.119e+04
6.406e-06 1.064e+04
1.431e-01 8.911e+04
1.433e-01 8.916e+04
1.389e-01 9.115e+04
1.440e-01 8.929e+04
1.390e-01 9.053e+04
2.191e-01 7.531e+04
1.488e-01 8.707e+04
1.344e-01 9.228e+04
1.421e-01 8.993e+04
1.388e-01 9.040e+04
1.640e-01 8.343e+04
1.575e-01 8.531e+04
1.460e-01 8.794e+04
2.026e-01 7.550e+04
1.433e-01 8.896e+04
2.102e-01 7.459e+04
2.159e-01 7.494e+04
1.527e-01 8.617e+04
1.390e-01 9.072e+04
1.431e-01 8.950e+04
1.390e-01 9.087e+04
1.395e-01 9.046e+04
2.048e-01 7.581e+04
1.348e-01 9.220e+04
1.388e-01 9.102e+04
1.396e-01 9.034e+04
1.675e-01 8.312e+04
1.419e-01 8.951e+04
1.374e-01 9.188e+04
1.428e-01 8.969e+04
1.454e-01 8.830e+04
1.778e-01 7.949e+04
1.412e-01 8.987e+04
1.392e-01 9.093e+04
1.411e-01 9.029e+04
2.064e-01 7.549e+04
1.413e-01 8.984e+04
1.384e-01 9.164e+04
1.814e-01 7.926e+04
1.413e-01 9.012e+04
1.501e-01 8.635e+04
1.450e-01 8.924e+04
2.016e-01 7.529e+04
2.110e-01 7.490e+04
1.421e-01 8.996e+04
1.376e-01 9.107e+04
2.183e-01 7.318e+04
1.415e-01 8.959e+04
1.397e-01 9.024e+04
2.002e-01 7.637e+04
1.847e-01 7.870e+04
1.388e-01 9.034e+04
1.418e-01 9.001e+04
1.440e-01 8.905e+04
1.391e-01 9.073e+04
1.375e-01 9.124e+04
4.983e-06 5.583e+03
1.428e-01 8.951e+04
1.396e-01 9.083e+04
1.700e-01 8.190e+04
1.377e-01 9.114e+04
1.355e-01 9.240e+04
1.413e-01 9.009e+04
1.469e-01 8.748e+04
1.685e-01 8.242e+04
1.436e-01 8.939e+04
1.404e-01 8.989e+04
1.410e-01 8.949e+04
1.311e-01 9.410e+04
1.431e-01 8.879e+04
2.110e-01 7.541e+04
1.458e-01 8.794e+04
1.340e-01 9.265e+04
1.350e-01 9.266e+04
1.362e-01 9.205e+04
1.433e-01 8.894e+04
1.427e-01 8.925e+04
1.432e-01 8.939e+04
1.405e-01 9.048e+04
2.115e-01 7.352e+04
1.478e-01 8.757e+04
1.357e-01 9.175e+04
6.848e-06 6.231e+03
1.516e-01 8.666e+04
1.432e-01 8.919e+04
1.439e-01 8.916e+04
2.132e-01 7.395e+04
2.063e-01 7.534e+04
1.414e-01 9.013e+04
1.380e-01 9.101e+04
2.407e-01 7.238e+04
1.253e-05 8.213e+03
1.709e-01 8.187e+04
1.363e-01 9.148e+04
2.134e-01 7.450e+04
2.034e-01 7.571e+04
1.351e-01 9.198e+04
1.358e-01 9.173e+04
1.959e-01 7.732e+04
1.386e-01 9.163e+04
1.424e-01 9.015e+04
1.415e-01 9.025e+04
1.458e-01 8.860e+04
1.421e-01 8.917e+04
1.406e-01 9.014e+04
1.429e-01 8.967e+04
1.430e-01 8.870e+04
1.399e-01 9.051e+04
1.367e-01 9.218e+04
1.360e-01 9.235e+04
1.795e-01 7.981e+04
1.327e-01 9.346e+04
1.519e-05 1.758e+04
1.441e-01 8.858e+04
1.377e-01 9.113e+04
1.461e-01 8.824e+04
9.875e-07 2.155e+04
1.350e-01 9.274e+04
1.390e-01 9.040e+04
1.385e-01 9.116e+04
1.365e-01 9.161e+04
1.449e-01 8.831e+04
1.580e-06 1.386e+04
1.494e-01 8.723e+04
1.466e-01 8.833e+04
1.378e-01 9.146e+04
1.372e-01 9.172e+04
1.432e-01 8.902e+04
2.282e-01 7.194e+04
1.371e-01 9.162e+04
2.348e-01 7.243e+04
2.344e-01 7.340e+04
1.432e-01 8.889e+04
1.376e-01 9.170e+04
2.211e-01 7.289e+04
1.381e-01 9.109e+04
1.441e-01 8.923e+04
1.406e-01 9.027e+04
1.778e-01 8.072e+04
1.357e-01 9.230e+04
1.492e-01 8.737e+04
1.422e-01 8.967e+04
1.385e-01 9.105e+04
1.396e-01 9.027e+04
1.407e-01 8.984e+04
1.784e-01 7.989e+04
1.483e-01 8.745e+04
1.453e-01 8.815e+04
1.490e-01 8.711e+04
1.415e-01 8.975e+04
1.374e-01 9.163e+04
2.328e-01 7.318e+04
1.545e-01 8.533e+04
1.400e-01 9.044e+04
1.453e-01 8.875e+04
1.396e-01 9.082e+04
1.364e-01 9.195e+04
1.417e-01 8.957e+04
1.946e-01 7.702e+04
1.392e-01 9.093e+04
2.150e-01 7.324e+04
2.173e-01 7.269e+04
1.461e-01 8.829e+04
1.415e-01 8.984e+04
1.403e-01 9.047e+04
1.421e-01 8.967e+04
1.415e-01 8.952e+04
1.504e-01 8.693e+04
1.423e-01 8.931e+04
1.383e-01 9.089e+04
2.354e-01 7.176e+04
2.386e-01 7.153e+04
1.085e-05 1.863e+04
1.374e-01 9.156e+04
2.082e-01 7.472e+04
2.128e-01 7.511e+04
1.476e-01 8.769e+04
1.470e-01 8.784e+04
1.403e-01 9.022e+04
3.935e-08 1.261e+03
2.306e-01 7.249e+04
1.457e-01 8.837e+04
1.420e-01 8.964e+04
1.401e-01 9.077e+04
8.345e-06 1.373e+04
1.401e-01 8.996e+04
1.434e-01 8.894e+04
2.412e-01 7.166e+04
2.080e-01 7.624e+04
1.385e-01 9.087e+04
1.506e-01 8.704e+04
1.396e-01 9.083e+04
1.422e-01 8.945e+04
1.467e-01 8.782e+04
1.462e-01 8.810e+04
1.475e-01 8.762e+04
1.400e-01 9.030e+04
1.444e-01 8.895e+04
4.474e-06 1.398e+04
2.074e-01 7.532e+04
1.426e-01 8.962e+04
1.403e-01 9.066e+04
1.830e-01 7.945e+04
1.375e-01 9.189e+04
1.436e-01 8.889e+04
1.419e-01 8.991e+04
1.417e-01 8.949e+04
1.414e-01 9.028e+04
1.437e-01 8.943e+04
2.561e-01 7.084e+04
1.411e-01 8.983e+04
1.407e-01 9.034e+04
2.449e-01 7.177e+04
2.146e-01 7.540e+04
1.434e-01 8.959e+04
1.662e-01 8.281e+04
1.380e-01 9.135e+04
4.234e-06 2.010e+04
2.110e-01 7.527e+04
2.408e-01 7.263e+04
2.057e-01 7.470e+04
1.474e-01 8.817e+04
1.417e-01 8.942e+04
1.409e-01 9.012e+04
1.412e-01 8.960e+04
1.345e-01 9.297e+04
1.405e-01 9.039e+04
1.386e-01 9.097e+04
1.416e-01 9.004e+04
1.414e-01 9.005e+04
1.434e-01 8.933e+04
2.613e-01 6.987e+04
1.444e-01 8.925e+04
1.467e-01 8.820e+04
1.409e-05 1.955e+04
1.437e-01 8.939e+04
2.575e-01 7.173e+04
1.528e-01 8.631e+04
1.388e-01 9.100e+04
1.392e-01 9.064e+04
1.450e-01 8.877e+04
1.464e-01 8.859e+04
1.351e-01 9.238e+04
1.341e-01 9.314e+04
1.412e-01 8.973e+04
1.376e-01 9.146e+04
1.402e-01 8.982e+04
1.601e-01 8.332e+04
1.351e-01 9.219e+04
1.391e-01 9.118e+04
2.113e-01 7.399e+04
1.637e-01 8.270e+04
1.396e-01 9.025e+04
1.991e-01 7.610e+04
2.475e-01 7.224e+04
1.481e-01 8.757e+04
1.829e-01 7.901e+04
1.387e-01 9.112e+04
1.380e-01 9.113e+04
1.361e-01 9.141e+04
1.429e-01 8.958e+04
1.356e-01 9.211e+04
1.382e-01 9.074e+04
1.357e-01 9.171e+04
1.396e-01 9.047e+04
1.967e-01 7.581e+04
2.331e-06 1.380e+04
1.325e-01 9.377e+04
1.444e-01 8.865e+04
2.001e-01 7.642e+04
1.416e-01 8.973e+04
1.376e-01 9.107e+04
1.457e-01 8.877e+04
1.809e-01 8.014e+04
1.362e-01 9.200e+04
1.451e-01 8.852e+04
1.414e-01 8.974e+04
1.347e-01 9.256e+04
1.400e-01 9.050e+04
1.466e-01 8.792e+04
1.451e-01 8.914e+04
1.506e-01 8.659e+04
2.362e-01 7.185e+04
1.397e-01 9.063e+04
2.285e-01 7.353e+04
1.379e-01 9.125e+04
1.410e-01 9.042e+04
1.411e-01 8.986e+04
1.974e-01 7.575e+04
1.406e-01 9.010e+04
2.041e-01 7.466e+04
1.328e-01 9.366e+04
2.124e-01 7.421e+04
1.838e-01 7.932e+04
1.489e-01 8.727e+04
1.439e-01 8.932e+04
1.399e-01 9.025e+04
1.468e-01 8.814e+04
2.114e-01 7.517e+04
1.903e-01 7.804e+04
1.403e-01 8.991e+04
1.423e-01 8.908e+04
1.404e-01 9.036e+04
1.409e-01 8.986e+04
1.386e-01 9.052e+04
1.413e-01 8.992e+04
1.379e-01 9.087e+04
1.443e-01 8.899e+04
1.366e-01 9.188e+04
1.435e-01 8.917e+04
1.408e-01 9.004e+04
1.391e-01 9.056e+04
1.386e-01 9.098e+04
1.442e-01 8.868e+04
1.354e-01 9.266e+04
1.455e-01 8.879e+04
1.343e-01 9.318e+04
1.700e-01 8.187e+04
1.653e-01 8.264e+04
1.423e-01 8.959e+04
1.372e-01 9.201e+04
1.357e-01 9.185e+04
1.379e-01 9.089e+04
2.233e-01 7.346e+04
1.379e-01 9.145e+04
1.423e-01 8.983e+04
1.346e-01 9.290e+04
1.353e-01 9.216e+04
1.472e-01 8.711e+04
1.371e-01 9.102e+04
1.407e-01 8.972e+04
1.423e-01 8.949e+04
1.344e-01 9.219e+04
1.380e-01 9.127e+04
1.413e-01 9.027e+04
2.263e-01 7.293e+04
1.390e-01 9.113e+04
1.339e-01 9.277e+04
1.446e-01 8.899e+04
1.449e-01 8.886e+04
1.437e-01 8.920e+04
1.339e-01 9.283e+04
1.334e-01 9.289e+04
1.491e-01 8.745e+04
1.424e-01 8.963e+04
1.407e-01 8.971e+04
1.420e-01 8.950e+04
1.457e-01 8.869e+04
1.430e-01 8.950e+04
1.833e-01 7.882e+04
1.427e-01 8.979e+04
1.414e-01 9.003e+04
1.860e-01 7.851e+04
2.128e-01 7.430e+04
1.388e-01 9.065e+04
1.399e-01 9.099e+04
1.467e-01 8.791e+04
1.410e-01 9.038e+04
1.461e-01 8.857e+04
1.998e-01 7.652e+04
1.348e-01 9.217e+04
1.430e-01 8.977e+04
1.522e-01 8.608e+04
1.675e-01 8.210e+04
1.327e-01 9.353e+04
1.420e-01 8.958e+04
1.456e-01 8.861e+04
1.430e-01 8.983e+04
1.414e-01 9.002e+04
1.466e-01 8.755e+04
1.376e-01 9.166e+04
1.375e-01 9.088e+04
1.374e-01 9.149e+04
1.394e-01 9.036e+04
1.477e-01 8.736e+04
1.513e-01 8.688e+04
2.528e-01 7.004e+04
1.412e-01 8.990e+04
2.356e-01 7.245e+04
1.376e-01 9.148e+04
5.156e-07 5.436e+03
2.201e-01 7.380e+04
1.466e-01 8.846e+04
1.430e-01 8.985e+04
1.447e-01 8.902e+04
1.433e-01 8.875e+04
1.451e-01 8.841e+04
1.448e-01 8.878e+04
1.978e-01 7.745e+04
1.405e-01 9.001e+04
1.409e-01 9.029e+04
1.411e-01 9.029e+04
1.956e-01 7.635e+04
1.406e-01 9.065e+04
1.396e-01 9.027e+04
2.073e-01 7.484e+04
1.341e-01 9.257e+04
2.621e-01 7.028e+04
1.422e-01 9.012e+04
1.402e-01 9.077e+04
1.917e-06 7.678e+03
1.391e-01 9.130e+04
1.757e-01 8.004e+04
1.410e-01 9.018e+04
1.387e-01 9.106e+04
1.493e-01 8.746e+04
1.426e-01 8.957e+04
1.491e-01 8.708e+04
1.428e-01 8.946e+04
6.154e-06 1.375e+04
1.438e-01 8.932e+04
1.310e-01 9.446e+04
1.385e-01 9.133e+04
1.371e-01 9.132e+04
1.435e-01 8.875e+04
2.118e-01 7.566e+04
2.173e-01 7.517e+04
1.383e-01 9.126e+04
1.391e-01 8.997e+04
1.459e-01 8.869e+04
2.169e-01 7.459e+04
1.468e-01 8.853e+04
2.153e-01 7.485e+04
1.970e-01 7.610e+04
1.513e-01 8.612e+04
1.371e-01 9.194e+04
1.344e-01 9.309e+04
1.399e-01 9.040e+04
1.453e-01 8.846e+04
1.410e-01 9.020e+04
1.392e-01 9.072e+04
1.971e-01 7.640e+04
1.418e-01 9.006e+04
1.413e-01 9.049e+04
2.496e-06 2.084e+04
1.415e-01 8.975e+04
1.984e-06 2.135e+04
1.414e-01 8.941e+04
1.388e-01 9.083e+04
1.335e-01 9.338e+04
1.482e-01 8.739e+04
1.418e-01 8.970e+04
2.180e-01 7.465e+04
1.386e-01 9.091e+04
2.108e-01 7.443e+04
1.390e-01 9.089e+04
1.488e-01 8.736e+04
1.386e-01 9.109e+04
1.314e-01 9.442e+04
1.442e-01 8.899e+04
1.357e-01 9.183e+04
1.449e-01 8.849e+04
2.467e-06 1.881e+04
1.399e-01 9.013e+04
1.484e-01 8.759e+04
1.359e-01 9.221e+04
1.857e-01 7.808e+04
1.416e-01 9.030e+04
1.418e-01 8.927e+04
2.216e-01 7.397e+04
1.432e-01 8.904e+04
1.373e-01 9.135e+04
4.953e-06 1.284e+04
1.979e-01 7.748e+04
1.371e-01 9.156e+04
1.423e-01 8.958e+04
1.472e-01 8.768e+04
1.379e-01 9.089e+04
1.451e-01 8.890e+04
1.439e-01 8.910e+04
1.439e-01 8.916e+04
2.186e-01 7.341e+04
1.409e-01 9.022e+04
1.339e-01 9.297e+04
1.486e-01 8.772e+04
1.446e-01 8.879e+04
1.422e-01 8.969e+04
2.083e-01 7.439e+04
2.166e-01 7.358e+04
3.632e-06 1.419e+04
2.181e-01 7.502e+04
1.910e-01 7.719e+04
1.374e-01 9.167e+04
1.362e-01 9.213e+04
1.354e-01 9.283e+04
1.420e-01 8.934e+04
1.379e-01 9.124e+04
1.502e-01 8.714e+04
1.480e-01 8.775e+04
1.399e-01 9.056e+04
1.365e-01 9.197e+04
1.440e-01 8.853e+04
2.276e-01 7.367e+04
1.366e-01 9.174e+04
1.400e-01 9.027e+04
1.423e-01 8.928e+04
1.406e-01 9.017e+04
1.353e-01 9.213e+04
1.441e-01 8.876e+04
1.347e-01 9.299e+04
1.512e-01 8.662e+04
1.445e-01 8.897e+04
1.337e-01 9.309e+04
1.444e-01 8.876e+04
1.520e-01 8.637e+04
1.381e-01 9.170e+04
1.393e-01 9.097e+04
1.401e-01 9.070e+04
1.355e-01 9.232e+04
1.492e-01 8.690e+04
1.383e-01 9.117e+04
1.053e-05 1.078e+04
2.120e-01 7.522e+04
1.342e-01 9.277e+04
1.902e-01 7.834e+04
1.456e-01 8.892e+04
8.981e-06 1.036e+04
1.451e-01 8.904e+04
1.811e-01 7.992e+04
1.409e-01 9.004e+04
1.670e-01 8.215e+04
1.443e-01 8.856e+04
1.372e-01 9.168e+04
1.759e-01 8.062e+04
2.059e-01 7.561e+04
1.408e-01 9.030e+04
1.414e-01 9.023e+04
1.439e-01 8.884e+04
1.485e-01 8.779e+04
1.447e-01 8.884e+04
1.431e-01 8.868e+04
1.415e-01 8.986e+04
1.414e-01 8.993e+04
1.401e-01 8.982e+04
1.362e-01 9.185e+04
1.373e-01 9.178e+04
2.322e-01 7.364e+04
1.329e-01 9.313e+04
1.403e-01 9.037e+04
1.380e-01 9.109e+04
1.777e-01 8.093e+04
1.424e-01 8.975e+04
1.406e-01 9.015e+04
1.999e-01 7.632e+04
1.452e-01 8.892e+04
1.355e-01 9.280e+04
1.338e-01 9.331e+04
1.502e-01 8.706e+04
1.399e-01 9.092e+04
1.673e-05 2.007e+04
1.401e-01 9.020e+04
1.427e-01 8.933e+04
2.206e-01 7.456e+04
1.498e-01 8.728e+04
1.329e-01 9.386e+04
1.463e-01 8.789e+04
1.374e-01 9.127e+04
1.384e-01 9.048e+04
1.746e-01 8.105e+04
1.166e-06 9.899e+03
1.377e-01 9.155e+04
2.058e-01 7.460e+04
1.382e-01 9.117e+04
1.390e-01 9.037e+04
1.403e-01 9.023e+04
1.392e-01 9.070e+04
1.380e-01 9.154e+04
1.421e-01 8.959e+04
1.412e-01 8.938e+04
1.385e-01 9.120e+04
1.458e-01 8.829e+04
1.449e-01 8.877e+04
1.409e-01 9.033e+04
1.376e-01 9.085e+04
1.352e-01 9.259e+04
1.481e-01 8.757e+04
1.357e-01 9.202e+04
1.378e-01 9.156e+04
8.639e-06 9.487e+03
1.388e-01 9.045e+04
1.393e-01 9.093e+04
1.478e-01 8.755e+04
1.487e-01 8.714e+04
1.446e-01 8.914e+04
1.420e-01 8.919e+04
1.440e-01 8.882e+04
1.441e-01 8.919e+04
1.453e-01 8.904e+04
1.386e-01 9.106e+04
2.255e-01 7.257e+04
1.444e-01 8.953e+04
1.530e-01 8.575e+04
1.391e-01 9.088e+04
1.383e-01 9.142e+04
1.413e-01 8.990e+04
1.423e-01 8.972e+04
1.360e-01 9.189e+04
1.443e-01 8.896e+04
1.407e-01 9.080e+04
1.990e-01 7.699e+04
1.456e-01 8.919e+04
1.911e-01 7.718e+04
1.446e-01 8.914e+04
1.286e-05 1.709e+04
1.374e-01 9.182e+04
1.481e-01 8.791e+04
1.433e-01 8.973e+04
1.352e-01 9.213e+04
1.415e-01 9.050e+04
1.407e-01 9.006e+04
1.489e-01 8.738e+04
1.459e-01 8.813e+04
1.382e-01 9.072e+04
1.434e-01 8.926e+04
1.394e-01 9.061e+04
1.416e-01 8.991e+04
1.484e-01 8.682e+04
1.437e-01 8.902e+04
1.363e-01 9.163e+04
1.395e-01 9.032e+04
1.452e-01 8.839e+04
2.185e-01 7.457e+04
2.172e-01 7.398e+04
1.353e-01 9.209e+04
6.047e-06 1.144e+04
1.398e-01 9.136e+04
2.038e-01 7.589e+04
1.389e-01 9.084e+04
1.475e-01 8.750e+04
1.425e-01 8.932e+04
1.385e-01 9.141e+04
1.773e-01 8.035e+04
1.391e-01 9.079e+04
1.388e-01 9.113e+04
2.152e-01 7.372e+04
1.388e-01 9.061e+04
1.441e-01 8.934e+04
1.327e-01 9.358e+04
1.487e-01 8.730e+04
1.382e-01 9.083e+04
1.444e-01 8.838e+04
1.388e-01 9.076e+04
9.050e-06 1.843e+04
1.373e-01 9.170e+04
2.397e-01 7.194e+04
1.418e-01 9.015e+04
2.262e-01 7.211e+04
1.407e-01 8.994e+04
1.447e-01 8.940e+04
1.379e-01 9.152e+04
1.419e-01 9.012e+04
1.368e-01 9.164e+04
1.513e-01 8.660e+04
1.437e-01 8.957e+04
1.487e-01 8.758e+04
1.382e-01 9.113e+04
1.446e-01 8.896e+04
2.778e-01 6.989e+04
1.419e-01 8.957e+04
1.474e-01 8.745e+04
1.387e-01 9.125e+04
1.443e-01 8.881e+04
1.396e-01 9.050e+04
1.346e-01 9.268e+04
1.349e-01 9.249e+04
1.398e-01 9.030e+04
1.399e-01 9.056e+04
1.468e-01 8.790e+04
1.431e-01 8.902e+04
8.537e-06 2.436e+04
1.391e-01 9.151e+04
1.364e-01 9.205e+04
1.399e-01 9.007e+04
2.131e-01 7.434e+04
1.871e-01 7.777e+04
1.355e-01 9.213e+04
1.437e-01 8.962e+04
2.336e-01 7.363e+04
2.072e-01 7.443e+04
1.397e-01 9.019e+04
2.082e-01 7.447e+04
1.393e-01 9.062e+04
1.430e-01 8.955e+04
1.360e-01 9.261e+04
1.463e-01 8.834e+04
2.657e-06 2.135e+04
1.406e-01 9.024e+04
1.405e-01 9.014e+04
2.189e-01 7.412e+04
1.443e-01 8.910e+04
1.380e-01 9.124e+04
1.543e-01 8.549e+04
2.118e-01 7.452e+04
1.391e-01 9.079e+04
1.420e-01 8.943e+04
5.645e-06 1.041e+04
1.397e-01 9.083e+04
1.398e-01 9.044e+04
1.422e-01 9.009e+04
1.371e-01 9.176e+04
1.373e-01 9.099e+04
1.387e-01 9.154e+04
1.456e-01 8.845e+04
2.067e-01 7.525e+04
2.052e-01 7.651e+04
1.415e-01 9.014e+04
1.409e-01 8.990e+04
1.728e-01 8.097e+04
1.382e-01 9.131e+04
1.487e-01 8.734e+04
1.434e-01 8.906e+04
1.409e-01 9.012e+04
1.414e-01 8.961e+04
1.447e-01 8.840e+04
1.547e-01 8.564e+04
2.092e-01 7.415e+04
1.431e-01 8.936e+04
2.274e-01 7.335e+04
1.416e-01 8.948e+04
1.399e-01 9.109e+04
2.331e-01 7.286e+04
1.395e-01 9.065e+04
1.938e-01 7.729e+04
1.397e-01 9.109e+04
1.352e-01 9.225e+04
1.716e-01 8.151e+04
1.646e-01 8.254e+04
2.010e-01 7.675e+04
1.371e-01 9.182e+04
5.983e-06 1.290e+04
1.408e-01 9.007e+04
1.438e-06 8.664e+03
2.341e-01 7.177e+04
1.358e-01 9.225e+04
1.376e-01 9.128e+04
1.352e-01 9.215e+04
1.319e-01 9.383e+04
1.359e-01 9.222e+04
1.476e-01 8.795e+04
2.227e-01 7.339e+04
1.341e-01 9.287e+04
1.409e-01 9.051e+04
1.451e-01 8.937e+04
1.398e-01 9.098e+04
2.338e-01 7.244e+04
1.363e-01 9.175e+04
1.436e-01 8.874e+04
1.188e-05 8.852e+03
2.447e-01 7.074e+04
2.096e-01 7.518e+04
2.271e-01 7.197e+04
1.387e-01 9.087e+04
2.208e-01 7.284e+04
1.404e-01 9.040e+04
1.395e-01 9.120e+04
1.462e-01 8.846e+04
2.322e-01 7.236e+04
1.442e-01 8.919e+04
1.423e-01 9.023e+04
2.100e-01 7.554e+04
1.863e-01 7.777e+04
1.381e-01 9.089e+04
2.046e-01 7.443e+04
1.378e-01 9.199e+04
1.391e-01 9.116e+04
1.429e-01 8.934e+04
1.409e-01 9.012e+04
1.434e-01 8.868e+04
1.418e-01 8.942e+04
1.995e-01 7.660e+04
1.435e-01 8.925e+04
1.357e-01 9.222e+04
1.345e-01 9.270e+04
1.460e-01 8.861e+04
1.949e-01 7.660e+04
1.361e-01 9.241e+04
2.372e-01 7.255e+04
2.551e-06 1.846e+04
1.375e-01 9.141e+04
1.532e-01 8.643e+04
1.398e-01 9.096e+04
1.408e-01 9.040e+04
2.006e-01 7.593e+04
1.459e-01 8.824e+04
1.468e-01 8.795e+04
1.353e-01 9.229e+04
1.360e-01 9.221e+04
1.367e-01 9.201e+04
1.433e-01 8.978e+04
1.408e-01 9.032e+04
1.446e-01 8.915e+04
1.648e-01 8.211e+04
1.366e-01 9.204e+04
1.453e-01 8.833e+04
1.462e-01 8.844e+04
1.669e-01 8.167e+04
1.418e-01 8.980e+04
1.455e-01 8.796e+04
1.813e-05 1.134e+04
1.403e-01 9.028e+04
1.533e-01 8.592e+04
1.456e-01 8.838e+04
1.418e-01 8.945e+04
1.443e-01 8.856e+04
1.459e-01 8.819e+04
1.450e-01 8.816e+04
1.370e-01 9.169e+04
1.425e-01 8.993e+04
1.445e-01 8.895e+04
1.358e-01 9.241e+04
1.473e-01 8.760e+04
2.025e-01 7.538e+04
1.475e-01 8.816e+04
2.286e-01 7.287e+04
2.149e-01 7.461e+04
1.364e-01 9.185e+04
2.326e-01 7.229e+04
1.395e-01 9.072e+04
1.393e-01 9.091e+04
1.521e-01 8.668e+04
1.446e-01 8.890e+04
1.621e-01 8.319e+04
1.382e-01 9.129e+04
1.420e-01 8.967e+04
1.477e-01 8.755e+04
2.240e-01 7.281e+04
1.508e-01 8.624e+04
1.413e-01 8.976e+04
1.382e-01 9.081e+04
1.425e-01 8.896e+04
1.432e-01 8.925e+04
1.458e-01 8.843e+04
2.361e-01 7.242e+04
1.456e-01 8.804e+04
1.440e-01 8.909e+04
1.355e-01 9.266e+04
1.378e-01 9.061e+04
1.954e-01 7.711e+04
1.354e-01 9.223e+04
1.355e-01 9.206e+04
1.463e-01 8.860e+04
1.385e-01 9.101e+04
1.931e-01 7.799e+04
1.404e-01 9.059e+04
1.476e-01 8.780e+04
1.371e-01 9.172e+04
1.394e-01 9.037e+04
1.951e-01 7.640e+04
2.467e-01 7.183e+04
1.303e-01 9.465e+04
1.384e-01 9.075e+04
1.509e-01 8.698e+04
2.160e-01 7.390e+04
1.340e-01 9.253e+04
1.442e-01 8.911e+04
1.510e-01 8.691e+04
1.445e-01 8.884e+04
1.364e-01 9.238e+04
1.402e-01 9.097e+04
1.443e-01 8.854e+04
1.406e-01 9.010e+04
1.446e-01 8.874e+04
1.393e-01 9.076e+04
2.024e-01 7.566e+04
1.392e-01 9.069e+04
2.175e-01 7.373e+04
1.413e-01 9.005e+04
1.410e-01 9.014e+04
1.384e-01 9.080e+04
1.359e-01 9.206e+04
1.442e-01 8.911e+04
1.379e-01 9.148e+04
1.542e-01 8.613e+04
1.365e-01 9.212e+04
1.544e-01 8.570e+04
2.123e-01 7.581e+04
1.413e-01 9.013e+04
1.874e-01 7.898e+04
1.407e-01 9.013e+04
1.894e-01 7.797e+04
1.422e-01 8.928e+04
1.361e-01 9.166e+04
1.478e-01 8.738e+04
2.356e-01 7.280e+04
1.521e-01 8.606e+04
1.437e-01 8.895e+04
1.474e-01 8.823e+04
1.399e-01 9.069e+04
1.378e-01 9.120e+04
1.685e-01 8.213e+04
1.348e-01 9.268e+04
1.429e-01 8.945e+04
1.416e-01 8.994e+04
1.959e-01 7.545e+04
1.367e-01 9.201e+04
1.420e-01 8.942e+04
1.377e-01 9.116e+04
1.399e-01 9.031e+04
1.458e-01 8.811e+04
1.392e-01 9.095e+04
1.373e-01 9.171e+04
1.437e-01 8.893e+04
1.541e-01 8.508e+04
1.328e-01 9.356e+04
1.327e-01 9.362e+04
1.380e-01 9.077e+04
1.424e-01 8.959e+04
1.460e-01 8.821e+04
2.645e-07 1.170e+04
1.362e-01 9.194e+04
1.376e-01 9.139e+04
1.414e-01 8.943e+04
1.386e-01 9.046e+04
1.356e-01 9.202e+04
1.478e-01 8.778e+04
1.422e-01 8.952e+04
1.388e-01 9.051e+04
1.340e-01 9.292e+04
1.343e-01 9.268e+04
1.468e-01 8.805e+04
1.347e-01 9.268e+04
1.425e-01 8.939e+04
2.141e-01 7.473e+04
1.475e-01 8.831e+04
1.424e-01 8.888e+04
1.598e-01 8.468e+04
1.414e-01 9.045e+04
1.448e-01 8.895e+04
1.388e-01 9.099e+04
2.232e-01 7.341e+04
1.340e-01 9.284e+04
1.449e-01 8.826e+04
1.358e-01 9.196e+04
1.398e-01 9.068e+04
1.408e-01 8.989e+04
1.800e-01 7.950e+04
1.429e-01 8.937e+04
1.435e-01 8.931e+04
2.389e-01 7.254e+04
1.458e-01 8.822e+04
1.373e-01 9.186e+04
1.379e-01 9.173e+04
1.475e-01 8.803e+04
1.445e-01 8.895e+04
1.331e-01 9.331e+04
1.347e-01 9.291e+04
2.301e-01 7.258e+04
1.458e-01 8.856e+04
1.404e-01 9.015e+04
1.479e-01 8.799e+04
1.435e-01 8.921e+04
1.382e-01 9.074e+04
1.404e-01 9.000e+04
1.387e-01 9.084e+04
2.046e-01 7.619e+04
1.353e-01 9.198e+04
1.402e-01 9.035e+04
1.384e-01 9.116e+04
1.340e-01 9.271e+04
2.273e-01 7.259e+04
1.500e-01 8.699e+04
1.402e-01 9.034e+04
1.459e-01 8.826e+04
1.437e-01 8.912e+04
1.411e-01 9.012e+04
1.331e-06 7.048e+03
1.421e-01 8.915e+04
1.493e-01 8.723e+04
1.477e-01 8.781e+04
1.396e-01 9.073e+04
1.409e-01 9.048e+04
1.430e-01 8.954e+04
1.419e-01 8.909e+04
1.304e-05 1.036e+04
1.499e-01 8.713e+04
1.349e-01 9.242e+04
1.417e-01 8.950e+04
1.444e-01 8.905e+04
1.485e-01 8.713e+04
1.459e-01 8.809e+04
1.436e-01 8.840e+04
1.545e-01 8.556e+04
1.446e-01 8.864e+04
1.423e-01 8.988e+04
1.384e-01 9.124e+04
1.693e-01 8.140e+04
1.316e-01 9.407e+04
1.403e-01 9.031e+04
1.463e-01 8.807e+04
2.282e-01 7.335e+04
1.428e-01 8.939e+04
1.367e-01 9.171e+04
1.786e-01 7.955e+04
1.435e-01 8.890e+04
1.379e-01 9.161e+04
1.411e-01 9.038e+04
1.431e-01 8.926e+04
1.416e-01 9.026e+04
1.360e-01 9.261e+04
1.361e-01 9.261e+04
1.217e-06 2.243e+04
1.434e-01 8.933e+04
2.445e-01 7.190e+04
1.390e-01 9.091e+04
1.631e-01 8.314e+04
2.298e-01 7.164e+04
1.532e-01 8.572e+04
2.252e-01 7.327e+04
2.163e-01 7.384e+04
1.410e-01 8.982e+04
1.430e-01 8.965e+04
1.412e-01 9.017e+04
1.385e-01 9.179e+04
1.438e-01 8.898e+04
1.899e-01 7.819e+04
2.105e-01 7.495e+04
1.434e-01 8.908e+04
1.429e-01 8.929e+04
1.440e-01 8.917e+04
2.167e-01 7.347e+04
1.422e-01 8.946e+04
1.352e-01 9.268e+04
2.263e-06 1.690e+04
1.460e-01 8.830e+04
1.410e-01 9.013e+04
1.370e-05 7.518e+03
1.508e-01 8.685e+04
2.053e-01 7.596e+04
1.490e-01 8.717e+04
2.235e-01 7.361e+04
1.466e-01 8.857e+04
1.729e-01 8.031e+04
2.144e-01 7.355e+04
1.836e-01 7.928e+04
1.409e-01 8.989e+04
1.620e-01 8.267e+04
1.458e-01 8.876e+04
1.484e-01 8.756e+04
1.467e-01 8.716e+04
1.394e-01 9.107e+04
1.355e-01 9.227e+04
2.246e-01 7.377e+04
1.410e-01 9.057e+04
1.403e-01 9.036e+04
1.996e-01 7.534e+04
1.392e-01 9.097e+04
1.439e-01 8.930e+04
1.389e-01 9.044e+04
1.532e-01 8.635e+04
1.506e-01 8.641e+04
2.807e-06 1.230e+04
1.500e-01 8.678e+04
2.175e-01 7.508e+04
1.396e-01 9.053e+04
1.403e-01 9.081e+04
1.680e-01 8.209e+04
1.422e-01 9.003e+04
8.117e-06 2.065e+04
1.373e-01 9.147e+04
1.395e-01 9.063e+04
1.442e-01 8.860e+04
1.415e-01 9.009e+04
1.395e-01 9.036e+04
1.455e-01 8.824e+04
1.466e-01 8.747e+04
1.385e-01 9.038e+04
1.347e-01 9.275e+04
1.391e-01 9.069e+04
1.349e-01 9.271e+04
1.434e-01 8.932e+04
1.396e-01 9.029e+04
2.232e-01 7.459e+04
2.583e-01 7.041e+04
1.398e-01 9.054e+04
1.434e-01 8.920e+04
1.426e-01 8.912e+04
1.394e-01 9.098e+04
2.072e-01 7.561e+04
1.361e-01 9.256e+04
1.459e-01 8.801e+04
1.350e-01 9.226e+04
2.079e-01 7.536e+04
1.418e-01 9.003e+04
1.374e-01 9.145e+04
1.402e-01 9.054e+04
1.476e-01 8.807e+04
1.471e-01 8.825e+04
1.461e-01 8.853e+04
1.438e-01 8.952e+04
1.395e-01 9.091e+04
1.392e-01 9.049e+04
1.408e-01 9.062e+04
1.484e-01 8.790e+04
1.432e-01 8.906e+04
1.464e-01 8.818e+04
1.468e-01 8.775e+04
1.421e-01 8.949e+04
1.479e-01 8.724e+04
1.355e-01 9.257e+04
1.456e-01 8.841e+04
1.419e-01 8.990e+04
1.355e-01 9.249e+04
2.108e-01 7.442e+04
1.432e-01 8.900e+04
1.643e-01 8.278e+04
1.412e-01 8.986e+04
1.473e-01 8.783e+04
2.111e-01 7.386e+04
1.463e-01 8.793e+04
1.331e-01 9.332e+04
1.468e-01 8.811e+04
2.180e-01 7.380e+04
2.313e-01 7.334e+04
1.440e-01 8.856e+04
1.423e-01 8.952e+04
1.431e-01 8.923e+04
1.439e-01 8.866e+04
1.436e-01 8.945e+04
1.403e-01 9.053e+04
1.515e-01 8.626e+04
1.403e-01 9.049e+04
1.367e-01 9.173e+04
1.771e-01 8.017e+04
2.160e-01 7.500e+04
2.454e-01 7.118e+04
1.432e-01 8.949e+04
1.480e-01 8.779e+04
2.164e-01 7.523e+04
1.358e-01 9.232e+04
1.429e-01 8.950e+04
1.351e-01 9.186e+04
1.491e-01 8.728e+04
2.061e-01 7.517e+04
1.404e-01 8.998e+04
1.362e-01 9.221e+04
2.052e-01 7.600e+04
1.462e-01 8.829e+04
1.353e-01 9.273e+04
2.952e-06 2.069e+04
1.432e-01 8.876e+04
1.443e-01 8.904e+04
1.469e-01 8.832e+04
1.430e-01 8.942e+04
2.073e-01 7.556e+04
1.401e-01 9.069e+04
2.072e-01 7.510e+04
2.283e-01 7.273e+04
1.437e-01 8.945e+04
1.360e-01 9.168e+04
1.389e-01 9.095e+04
1.399e-01 9.073e+04
2.184e-01 7.461e+04
2.150e-01 7.389e+04
1.408e-01 9.047e+04
1.418e-01 8.928e+04
1.449e-01 8.874e+04
1.553e-01 8.573e+04
1.348e-01 9.251e+04
1.462e-01 8.784e+04
1.340e-01 9.278e+04
1.438e-01 8.882e+04
1.585e-01 8.420e+04
3.235e-06 1.230e+04
1.399e-01 9.035e+04
8.869e-06 1.321e+04
1.484e-01 8.732e+04
1.388e-01 9.108e+04
1.448e-01 8.865e+04
1.346e-01 9.275e+04
1.479e-01 8.798e+04
1.358e-01 9.264e+04
1.371e-01 9.194e+04
2.139e-01 7.440e+04
1.452e-01 8.888e+04
1.396e-01 9.055e+04
1.448e-01 8.882e+04
1.414e-01 9.000e+04
1.848e-01 7.932e+04
2.221e-01 7.282e+04
1.485e-01 8.783e+04
1.444e-01 8.875e+04
1.443e-01 8.848e+04
1.353e-01 9.303e+04
2.531e-01 7.180e+04
1.351e-01 9.189e+04
2.208e-01 7.485e+04
1.454e-01 8.838e+04
1.393e-01 9.148e+04
2.410e-01 7.196e+04
1.594e-01 8.472e+04
1.517e-01 8.583e+04
1.422e-01 8.906e+04
1.394e-01 9.097e+04
1.382e-01 9.167e+04
1.547e-01 8.594e+04
1.414e-01 8.991e+04
1.343e-01 9.300e+04
1.338e-01 9.287e+04
1.488e-01 8.771e+04
1.392e-01 9.042e+04
1.389e-01 9.076e+04
1.381e-01 9.133e+04
1.383e-01 9.098e+04
1.434e-01 8.950e+04
1.447e-01 8.860e+04
1.371e-01 9.161e+04
1.472e-01 8.759e+04
1.424e-01 8.882e+04
2.007e-06 7.103e+03
1.360e-01 9.214e+04
1.404e-01 9.012e+04
1.369e-01 9.168e+04
1.409e-01 9.026e+04
1.514e-01 8.565e+04
1.430e-01 8.925e+04
1.427e-01 8.970e+04
1.947e-01 7.770e+04
1.353e-01 9.242e+04
1.465e-01 8.865e+04
1.967e-01 7.659e+04
1.356e-01 9.192e+04
1.943e-01 7.781e+04
1.484e-01 8.747e+04
1.421e-01 8.950e+04
1.350e-01 9.270e+04
2.505e-01 7.088e+04
1.377e-01 9.121e+04
1.379e-01 9.132e+04
1.417e-01 8.968e+04
1.462e-01 8.856e+04
2.164e-01 7.320e+04
1.922e-01 7.727e+04
1.416e-01 9.046e+04
1.408e-01 9.049e+04
1.397e-01 9.055e+04
1.390e-01 9.122e+04
1.428e-01 8.979e+04
1.422e-01 8.961e+04
5.909e-06 1.283e+04
2.404e-01 7.179e+04
1.440e-01 8.927e+04
1.370e-01 9.184e+04
1.697e-01 8.239e+04
1.347e-01 9.226e+04
1.387e-01 9.100e+04
1.449e-01 8.864e+04
1.718e-01 8.136e+04
1.387e-01 9.112e+04
2.318e-01 7.327e+04
1.720e-01 8.125e+04
1.362e-01 9.160e+04
1.482e-01 8.717e+04
1.446e-01 8.904e+04
2.042e-01 7.567e+04
2.233e-01 7.372e+04
2.224e-01 7.373e+04
1.529e-01 8.569e+04
1.380e-01 9.092e+04
1.973e-01 7.631e+04
1.971e-01 7.680e+04
1.434e-01 8.974e+04
1.313e-01 9.430e+04
4.714e-06 2.740e+04
1.325e-01 9.349e+04
1.378e-01 9.123e+04
1.396e-01 9.097e+04
1.405e-01 9.079e+04
1.339e-01 9.292e+04
1.406e-01 9.046e+04
1.391e-01 9.122e+04
1.362e-01 9.178e+04
1.383e-01 9.112e+04
1.463e-01 8.837e+04
1.486e-01 8.736e+04
1.418e-01 8.993e+04
1.441e-01 8.905e+04
2.446e-01 7.149e+04
1.418e-01 9.034e+04
1.431e-01 8.917e+04
1.405e-01 8.958e+04
1.959e-01 7.637e+04
1.544e-01 8.650e+04
1.432e-01 8.964e+04
1.410e-01 9.023e+04
1.405e-01 9.029e+04
2.117e-01 7.511e+04
1.481e-01 8.801e+04
1.522e-01 8.658e+04
1.417e-01 9.012e+04
1.432e-01 8.938e+04
1.378e-01 9.160e+04
1.474e-01 8.833e+04
1.376e-01 9.146e+04
1.402e-01 9.033e+04
1.438e-01 8.873e+04
1.457e-01 8.844e+04
1.430e-01 8.945e+04
1.371e-01 9.165e+04
1.421e-01 8.965e+04
1.920e-05 1.529e+04
1.408e-01 9.037e+04
1.575e-01 8.463e+04
1.382e-01 9.088e+04
1.335e-01 9.318e+04
1.411e-01 8.940e+04
1.412e-01 8.932e+04
1.359e-01 9.209e+04
1.416e-01 9.001e+04
1.400e-01 9.042e+04
2.068e-01 7.596e+04
1.420e-01 9.006e+04
1.680e-01 8.200e+04
4.546e-07 4.006e+03
2.218e-01 7.438e+04
1.780e-01 7.953e+04
1.452e-01 8.901e+04
1.451e-01 8.841e+04
1.477e-01 8.819e+04
1.615e-01 8.331e+04
1.538e-01 8.580e+04
2.050e-01 7.491e+04
1.381e-01 9.102e+04
1.366e-01 9.200e+04
1.420e-01 8.929e+04
1.826e-01 7.978e+04
1.362e-01 9.190e+04
1.470e-01 8.813e+04
1.407e-01 9.026e+04
1.459e-01 8.817e+04
1.391e-01 9.093e+04
1.950e-01 7.677e+04
1.395e-01 9.055e+04
3.621e-06 1.447e+04
1.580e-01 8.502e+04
1.427e-01 8.969e+04
2.491e-01 7.135e+04
1.427e-01 8.948e+04
1.468e-01 8.815e+04
1.334e-01 9.286e+04
1.581e-01 8.491e+04
1.388e-01 9.101e+04
1.353e-01 9.235e+04
1.326e-01 9.362e+04
1.489e-01 8.839e+04
1.485e-01 8.795e+04
2.571e-01 7.074e+04
1.395e-01 9.101e+04
1.466e-01 8.767e+04
1.436e-06 8.707e+03
1.441e-01 8.916e+04
1.337e-01 9.305e+04
1.385e-01 9.106e+04
2.253e-01 7.325e+04
1.443e-01 8.859e+04
1.359e-01 9.206e+04
1.427e-01 8.949e+04
2.063e-01 7.460e+04
1.470e-01 8.769e+04
1.893e-01 7.819e+04
1.432e-01 8.942e+04
1.391e-01 9.070e+04
1.374e-01 9.131e+04
1.465e-01 8.780e+04
1.400e-01 9.068e+04
1.388e-01 9.054e+04
1.361e-01 9.228e+04
1.389e-01 9.084e+04
1.471e-01 8.811e+04
1.464e-01 8.835e+04
1.348e-01 9.224e+04
1.385e-01 9.084e+04
1.430e-01 8.950e+04
1.371e-01 9.128e+04
2.439e-01 7.188e+04
1.437e-01 8.920e+04
2.267e-01 7.320e+04
1.459e-01 8.858e+04
2.033e-01 7.566e+04
1.416e-01 8.972e+04
1.414e-01 8.967e+04
1.374e-01 9.178e+04
2.010e-01 7.649e+04
1.353e-01 9.234e+04
1.793e-01 7.960e+04
2.185e-01 7.517e+04
1.445e-01 8.874e+04
1.491e-01 8.717e+04
2.414e-01 7.210e+04
7.708e-08 1.157e+04
1.512e-01 8.639e+04
1.449e-01 8.891e+04
2.122e-01 7.387e+04
1.410e-01 9.028e+04
1.366e-01 9.203e+04
1.368e-01 9.205e+04
1.390e-01 9.039e+04
1.385e-01 9.084e+04
1.407e-01 9.067e+04
1.403e-01 9.093e+04
1.414e-01 9.013e+04
1.359e-01 9.203e+04
2.033e-01 7.448e+04
2.369e-01 7.244e+04
1.534e-01 8.605e+04
1.357e-01 9.258e+04
1.912e-01 7.817e+04
1.375e-01 9.193e+04
1.364e-01 9.144e+04
1.411e-01 9.065e+04
2.092e-01 7.580e+04
1.395e-01 9.117e+04
1.384e-01 9.121e+04
2.500e-01 7.218e+04
1.386e-01 9.064e+04
1.418e-01 8.990e+04
1.372e-01 9.201e+04
1.900e-01 7.798e+04
1.457e-01 8.793e+04
1.387e-01 9.069e+04
1.403e-01 9.049e+04
1.973e-01 7.649e+04
1.354e-01 9.214e+04
1.571e-01 8.522e+04
1.401e-01 9.044e+04
1.437e-01 8.896e+04
1.337e-01 9.351e+04
2.061e-01 7.453e+04
1.408e-01 9.021e+04
1.454e-01 8.882e+04
2.281e-01 7.287e+04
1.413e-01 8.962e+04
1.370e-01 9.159e+04
1.796e-01 7.984e+04
1.329e-01 9.336e+04
1.415e-01 8.945e+04
2.291e-01 7.148e+04
1.467e-01 8.805e+04
2.094e-01 7.446e+04
1.471e-01 8.744e+04
9.366e-07 2.228e+04
2.257e-01 7.487e+04
1.375e-01 9.147e+04
1.365e-01 9.179e+04
1.412e-01 9.019e+04
1.428e-01 8.962e+04
1.420e-01 8.990e+04
1.374e-01 9.121e+04
2.045e-01 7.643e+04
1.452e-01 8.854e+04
1.389e-01 9.112e+04
1.427e-01 8.979e+04
1.434e-01 8.970e+04
1.703e-01 8.130e+04
1.393e-01 9.059e+04
1.364e-01 9.207e+04
1.455e-01 8.863e+04
2.498e-01 7.119e+04
1.428e-01 8.970e+04
1.380e-01 9.171e+04
1.392e-01 9.071e+04
1.397e-01 9.020e+04
1.395e-01 9.046e+04
1.451e-01 8.916e+04
1.470e-01 8.797e+04
1.352e-01 9.248e+04
1.932e-01 7.754e+04
1.400e-01 9.061e+04
1.455e-01 8.904e+04
1.915e-01 7.724e+04
1.377e-01 9.111e+04
1.422e-01 8.974e+04
1.621e-01 8.322e+04
1.412e-01 9.021e+04
1.426e-01 8.903e+04
1.435e-01 8.936e+04
2.482e-01 7.188e+04
1.390e-01 9.115e+04
2.151e-01 7.237e+04
1.431e-01 8.930e+04
1.429e-01 8.935e+04
1.418e-01 8.943e+04
1.406e-01 9.028e+04
1.414e-01 8.995e+04
2.096e-01 7.410e+04
1.462e-01 8.840e+04
1.361e-01 9.151e+04
1.393e-01 9.076e+04
1.610e-01 8.403e+04
1.369e-01 9.157e+04
1.820e-01 7.954e+04
1.434e-01 8.931e+04
1.411e-01 9.052e+04
1.421e-01 8.960e+04
2.259e-01 7.281e+04
1.463e-01 8.737e+04
1.353e-01 9.274e+04
1.481e-01 8.795e+04
1.374e-06 2.162e+03
1.383e-01 9.137e+04
1.460e-01 8.847e+04
1.437e-01 8.917e+04
1.399e-01 9.050e+04
1.377e-01 9.114e+04
1.386e-01 9.075e+04
1.351e-01 9.239e+04
1.435e-01 8.944e+04
1.455e-01 8.868e+04
2.513e-05 4.864e+03
1.553e-01 8.430e+04
1.385e-01 9.072e+04
1.427e-01 8.958e+04
1.439e-01 8.939e+04
1.905e-01 7.789e+04
1.438e-01 8.917e+04
1.394e-01 9.079e+04
1.415e-01 8.972e+04
1.522e-01 8.605e+04
1.472e-01 8.763e+04
1.443e-01 8.889e+04
1.422e-01 9.008e+04
1.351e-01 9.205e+04
2.302e-01 7.213e+04
1.507e-01 8.700e+04
1.760e-01 8.090e+04
1.369e-01 9.193e+04
1.454e-01 8.900e+04
1.391e-01 9.073e+04
1.407e-01 9.027e+04
1.437e-01 8.941e+04
1.408e-01 9.021e+04
1.416e-01 8.955e+04
1.381e-01 9.118e+04
1.434e-01 8.857e+04
1.418e-01 8.932e+04
1.356e-01 9.246e+04
1.314e-01 9.425e+04
2.247e-01 7.393e+04
3.374e-06 8.048e+03
1.359e-01 9.175e+04
1.495e-01 8.727e+04
5.426e-07 7.787e+03
7.735e-06 3.450e+03
1.422e-01 8.959e+04
1.503e-01 8.702e+04
1.429e-01 8.954e+04
1.394e-01 9.107e+04
1.528e-01 8.577e+04
1.859e-01 7.833e+04
1.982e-01 7.701e+04
1.365e-01 9.183e+04
1.466e-01 8.845e+04
1.434e-01 8.959e+04
1.392e-01 9.041e+04
1.374e-01 9.146e+04
1.418e-01 8.904e+04
1.392e-01 9.086e+04
1.469e-01 8.782e+04
2.262e-01 7.297e+04
1.446e-01 8.884e+04
1.455e-01 8.843e+04
1.457e-01 8.855e+04
1.445e-01 8.878e+04
1.434e-01 8.921e+04
1.364e-01 9.175e+04
2.105e-01 7.502e+04
1.430e-01 8.916e+04
2.343e-01 7.253e+04
1.421e-01 8.960e+04
1.465e-01 8.832e+04
1.430e-01 8.886e+04
1.345e-01 9.306e+04
1.356e-01 9.206e+04
1.510e-01 8.680e+04
1.408e-01 8.956e+04
1.689e-01 8.190e+04
1.427e-01 8.944e+04
1.403e-01 9.035e+04
1.395e-01 9.062e+04
1.315e-01 9.369e+04
2.131e-01 7.371e+04
1.401e-01 8.977e+04
1.375e-01 9.187e+04
1.453e-01 8.868e+04
1.406e-01 9.072e+04
2.360e-01 7.130e+04
1.438e-01 8.951e+04
1.382e-01 9.084e+04
1.445e-01 8.892e+04
1.387e-01 9.111e+04
1.422e-01 8.929e+04
2.382e-01 7.187e+04
1.434e-01 8.917e+04
7.063e-06 1.858e+04
1.347e-01 9.263e+04
1.358e-01 9.173e+04
1.377e-01 9.167e+04
1.384e-01 9.135e+04
1.368e-01 9.132e+04
1.221e-05 1.639e+04
4.664e-06 2.023e+04
3.775e-06 1.282e+04
1.431e-01 8.952e+04
2.096e-01 7.477e+04
1.359e-01 9.253e+04
1.389e-01 9.106e+04
1.399e-01 9.046e+04
1.411e-01 9.007e+04
1.517e-01 8.674e+04
1.390e-01 9.106e+04
1.432e-01 8.966e+04
1.412e-01 8.999e+04
1.517e-01 8.663e+04
1.412e-01 9.036e+04
6.639e-06 1.235e+04
1.491e-01 8.717e+04
1.410e-01 9.023e+04
1.496e-01 8.740e+04
2.031e-01 7.482e+04
2.496e-06 6.588e+03
1.360e-05 5.319e+03
1.422e-01 8.987e+04
1.466e-01 8.806e+04
1.391e-01 9.027e+04
1.457e-01 8.796e+04
1.350e-01 9.279e+04
1.478e-01 8.790e+04
1.498e-01 8.669e+04
1.389e-01 9.127e+04
1.408e-01 9.008e+04
1.428e-01 8.937e+04
1.386e-01 9.144e+04
1.439e-01 8.936e+04
2.444e-01 7.152e+04
1.504e-01 8.695e+04
1.479e-01 8.788e+04
1.452e-01 8.852e+04
1.453e-01 8.828e+04
1.400e-01 9.047e+04
1.352e-01 9.220e+04
1.449e-01 8.893e+04
1.428e-01 8.973e+04
1.422e-01 8.994e+04
1.428e-01 8.900e+04
1.342e-01 9.259e+04
1.507e-01 8.684e+04
1.404e-01 9.027e+04
2.317e-01 7.296e+04
2.347e-01 7.236e+04
1.351e-01 9.274e+04
1.369e-01 9.174e+04
1.407e-01 9.004e+04
1.920e-01 7.804e+04
1.402e-01 9.078e+04
1.446e-01 8.845e+04
1.479e-01 8.788e+04
1.306e-01 9.455e+04
1.381e-01 9.116e+04
3.538e-06 1.409e+04
1.683e-01 8.225e+04
1.365e-01 9.200e+04
1.954e-01 7.746e+04
1.373e-01 9.196e+04
1.394e-01 9.063e+04
1.876e-01 7.772e+04
1.982e-01 7.562e+04
1.486e-01 8.727e+04
1.358e-01 9.184e+04
1.437e-01 8.883e+04
1.413e-01 9.007e+04
1.379e-01 9.167e+04
1.349e-01 9.214e+04
1.397e-01 9.072e+04
2.244e-01 7.321e+04
1.415e-01 8.992e+04
1.359e-01 9.245e+04
1.356e-01 9.172e+04
1.455e-01 8.852e+04
1.425e-01 9.016e+04
5.023e-06 2.001e+04
1.343e-01 9.247e+04
1.442e-01 8.906e+04
2.010e-01 7.629e+04
1.582e-01 8.439e+04
2.213e-01 7.368e+04
1.433e-01 8.935e+04
2.195e-01 7.351e+04
1.455e-01 8.815e+04
1.470e-01 8.798e+04
1.414e-01 8.991e+04
2.240e-01 7.306e+04
3.181e-06 8.616e+03
1.407e-01 9.060e+04
1.427e-01 8.976e+04
1.725e-01 8.102e+04
1.387e-01 9.088e+04
3.371e-06 1.282e+04
1.379e-01 9.170e+04
1.397e-01 9.053e+04
1.454e-01 8.854e+04
1.394e-01 9.081e+04
2.344e-01 7.260e+04
1.357e-01 9.193e+04
2.294e-01 7.275e+04
2.176e-01 7.408e+04
1.442e-01 8.897e+04
1.439e-01 8.886e+04
1.344e-01 9.265e+04
2.383e-01 7.227e+04
1.454e-01 8.818e+04
2.019e-01 7.691e+04
1.388e-01 9.109e+04
1.414e-01 8.990e+04
1.579e-01 8.472e+04
1.424e-01 8.942e+04
1.373e-01 9.142e+04
1.366e-01 9.202e+04
1.405e-01 9.025e+04
1.396e-01 9.071e+04
1.415e-01 8.969e+04
1.399e-01 9.047e+04
1.399e-01 9.051e+04
1.361e-01 9.180e+04
1.473e-01 8.768e+04
1.400e-01 8.998e+04
1.433e-01 8.944e+04
1.392e-01 9.102e+04
1.455e-01 8.806e+04
1.427e-01 8.942e+04
1.419e-01 8.962e+04
1.910e-01 7.707e+04
2.039e-01 7.455e+04
1.330e-01 9.360e+04
1.436e-01 8.932e+04
1.336e-01 9.320e+04
1.414e-01 9.011e+04
1.535e-01 8.639e+04
1.358e-01 9.215e+04
1.348e-01 9.228e+04
3.332e-07 1.260e+04
1.438e-01 8.954e+04
1.429e-01 8.979e+04
1.355e-01 9.199e+04
1.507e-01 8.711e+04
1.619e-01 8.361e+04
1.391e-01 9.081e+04
1.517e-01 8.684e+04
2.195e-01 7.483e+04
1.435e-01 8.900e+04
2.386e-06 2.174e+04
1.412e-01 9.011e+04
1.321e-01 9.390e+04
1.420e-01 8.982e+04
1.384e-01 9.122e+04
1.369e-01 9.178e+04
9.595e-07 5.581e+03
1.351e-01 9.233e+04
1.391e-01 9.072e+04
1.417e-01 8.979e+04
1.393e-01 9.067e+04
1.397e-01 9.023e+04
1.432e-01 8.993e+04
2.380e-01 7.255e+04
1.438e-01 8.954e+04
1.454e-01 8.846e+04
1.922e-01 7.743e+04
1.436e-01 8.931e+04
1.365e-01 9.232e+04
1.408e-01 8.979e+04
1.381e-01 9.173e+04
1.367e-01 9.189e+04
1.443e-01 8.936e+04
2.336e-01 7.117e+04
1.526e-01 8.636e+04
1.670e-01 8.234e+04
1.379e-01 9.129e+04
1.505e-01 8.671e+04
2.247e-06 6.213e+03
7.096e-06 2.039e+04
1.475e-01 8.775e+04
1.370e-01 9.198e+04
1.412e-01 9.038e+04
1.447e-01 8.855e+04
1.467e-01 8.776e+04
1.364e-01 9.158e+04
1.349e-01 9.278e+04
1.958e-01 7.759e+04
1.451e-01 8.903e+04
1.463e-01 8.832e+04
1.432e-01 8.970e+04
2.076e-01 7.501e+04
2.026e-01 7.680e+04
1.409e-01 9.045e+04
1.442e-01 8.901e+04
1.407e-01 9.028e+04
1.371e-01 9.168e+04
1.334e-01 9.323e+04
1.379e-01 9.094e+04
1.427e-01 8.910e+04
1.496e-01 8.724e+04
1.410e-01 8.984e+04
1.459e-01 8.833e+04
1.404e-01 9.049e+04
1.455e-01 8.789e+04
1.439e-01 8.899e+04
2.201e-01 7.356e+04
1.402e-01 8.989e+04
1.359e-01 9.225e+04
1.368e-01 9.226e+04
2.144e-01 7.420e+04
1.373e-01 9.110e+04
1.386e-01 9.111e+04
1.365e-01 9.166e+04
1.386e-01 9.080e+04
1.360e-01 9.166e+04
1.341e-01 9.306e+04
1.666e-07 1.414e+04
1.369e-01 9.127e+04
1.435e-01 8.933e+04
1.408e-01 9.027e+04
1.311e-01 9.399e+04
1.465e-01 8.812e+04
1.376e-01 9.201e+04
1.745e-06 1.812e+04
1.848e-01 7.795e+04
1.379e-01 9.114e+04
1.371e-01 9.124e+04
1.410e-01 8.929e+04
1.358e-01 9.253e+04
1.091e-06 8.093e+03
4.749e-08 2.717e+04
1.441e-01 8.866e+04
1.665e-01 8.283e+04
1.412e-01 9.010e+04
1.377e-01 9.128e+04
1.347e-01 9.303e+04
1.387e-01 9.091e+04
1.427e-01 8.911e+04
1.414e-01 8.970e+04
1.978e-01 7.721e+04
1.376e-01 9.135e+04
1.413e-01 8.987e+04
1.396e-01 9.004e+04
2.175e-01 7.305e+04
1.369e-01 9.199e+04
1.415e-01 8.990e+04
1.400e-01 9.074e+04
1.407e-01 9.025e+04
1.371e-01 9.199e+04
1.739e-01 8.140e+04
2.442e-01 7.136e+04
1.354e-01 9.261e+04
1.944e-01 7.568e+04
1.475e-01 8.749e+04
1.529e-01 8.590e+04
1.578e-01 8.468e+04
1.342e-01 9.250e+04
1.438e-01 8.913e+04
1.403e-01 8.995e+04
1.447e-01 8.879e+04
1.492e-01 8.725e+04
1.373e-01 9.125e+04
1.349e-01 9.208e+04
2.330e-01 7.285e+04
1.349e-01 9.245e+04
1.357e-01 9.214e+04
1.411e-01 8.979e+04
1.390e-01 9.063e+04
1.444e-01 8.891e+04
1.429e-01 8.878e+04
1.393e-01 9.047e+04
2.291e-01 7.257e+04
1.331e-01 9.311e+04
1.395e-01 9.034e+04
9.570e-08 8.797e+03
1.431e-01 8.908e+04
1.402e-01 8.993e+04
1.368e-01 9.189e+04
1.707e-01 8.148e+04
3.676e-06 1.549e+04
1.389e-01 9.049e+04
1.407e-01 9.053e+04
1.391e-01 9.114e+04
1.416e-01 8.957e+04
1.451e-01 8.839e+04
1.694e-01 8.083e+04
1.420e-01 8.938e+04
1.402e-01 9.016e+04
1.414e-01 8.995e+04
1.348e-01 9.183e+04
1.885e-01 7.766e+04
1.355e-01 9.199e+04
1.423e-01 9.001e+04
1.917e-01 7.579e+04
1.382e-01 9.090e+04
1.444e-01 8.814e+04
1.549e-01 8.554e+04
2.295e-01 7.275e+04
1.365e-01 9.231e+04
2.304e-01 7.276e+04
1.423e-01 8.927e+04
1.451e-01 8.835e+04
1.418e-01 8.976e+04
1.418e-01 8.991e+04
1.399e-01 9.102e+04
1.396e-01 9.054e+04
1.411e-01 8.968e+04
1.651e-01 8.284e+04
1.384e-01 9.068e+04
1.659e-01 8.271e+04
1.546e-01 8.575e+04
1.426e-01 9.016e+04
1.420e-01 8.989e+04
1.460e-01 8.784e+04
1.371e-01 9.112e+04
1.747e-06 1.718e+04
1.343e-01 9.273e+04
1.450e-01 8.816e+04
1.445e-01 8.895e+04
1.375e-01 9.138e+04
1.427e-01 8.939e+04
2.624e-01 7.050e+04
1.362e-01 9.215e+04
1.414e-01 8.945e+04
1.350e-01 9.196e+04
2.008e-01 7.660e+04
1.408e-01 8.983e+04
1.328e-01 9.334e+04
1.377e-01 9.112e+04
1.345e-01 9.311e+04
1.383e-01 9.120e+04
1.376e-01 9.157e+04
1.372e-01 9.166e+04
1.452e-01 8.889e+04
2.357e-01 7.237e+04
1.361e-01 9.156e+04
1.481e-01 8.748e+04
1.399e-01 9.001e+04
1.420e-01 8.937e+04
1.386e-01 9.125e+04
1.399e-01 9.023e+04
1.401e-01 9.057e+04
1.504e-01 8.683e+04
1.397e-01 9.092e+04
1.424e-01 8.915e+04
1.394e-01 9.054e+04
1.391e-01 9.060e+04
1.892e-01 7.819e+04
1.558e-01 8.543e+04
1.421e-01 8.948e+04
1.421e-01 8.939e+04
1.362e-01 9.186e+04
1.430e-01 8.925e+04
2.279e-01 7.293e+04
1.413e-01 8.998e+04
1.417e-01 8.940e+04
1.983e-01 7.537e+04
1.350e-01 9.293e+04
1.452e-01 8.867e+04
2.838e-06 1.809e+04
1.555e-01 8.535e+04
1.409e-01 9.032e+04
1.400e-01 9.059e+04
1.455e-01 8.877e+04
1.470e-01 8.794e+04
1.354e-01 9.227e+04
1.356e-01 9.169e+04
2.014e-01 7.457e+04
1.404e-01 9.006e+04
1.390e-01 9.099e+04
1.368e-01 9.168e+04
2.059e-01 7.491e+04
4.751e-06 2.795e+04
1.369e-01 9.164e+04
1.778e-01 7.982e+04
1.523e-01 8.568e+04
1.385e-01 9.085e+04
1.337e-01 9.345e+04
1.403e-01 9.048e+04
2.081e-01 7.396e+04
1.342e-01 9.263e+04
1.455e-01 8.874e+04
1.355e-01 9.219e+04
1.398e-01 9.021e+04
1.325e-01 9.387e+04
1.442e-01 8.904e+04
1.352e-01 9.205e+04
1.383e-01 9.065e+04
2.167e-01 7.488e+04
2.054e-01 7.667e+04
1.420e-01 8.960e+04
1.402e-01 9.058e+04
1.413e-01 9.033e+04
1.396e-01 9.053e+04
2.026e-01 7.651e+04
1.389e-01 9.076e+04
1.422e-01 8.999e+04
1.406e-01 9.071e+04
1.400e-01 9.078e+04
1.487e-01 8.754e+04
1.424e-01 8.904e+04
1.306e-01 9.465e+04
1.344e-01 9.269e+04
1.352e-01 9.225e+04
4.280e-07 1.274e+04
2.081e-01 7.529e+04
1.408e-01 9.035e+04
1.472e-01 8.801e+04
1.456e-01 8.846e+04
1.403e-01 9.043e+04
1.394e-01 9.061e+04
1.933e-01 7.627e+04
1.384e-01 9.153e+04
1.342e-01 9.289e+04
1.381e-01 9.098e+04
1.418e-01 9.021e+04
2.237e-01 7.217e+04
2.074e-01 7.647e+04
1.346e-01 9.252e+04
1.327e-01 9.306e+04
1.402e-01 9.040e+04
1.398e-01 9.045e+04
1.546e-01 8.561e+04
1.381e-01 9.113e+04
1.452e-01 8.878e+04
1.421e-01 8.997e+04
1.413e-01 8.959e+04
1.389e-01 9.066e+04
1.457e-01 8.801e+04
2.281e-01 7.276e+04
1.389e-01 9.094e+04
1.937e-01 7.661e+04
1.440e-01 8.877e+04
1.379e-01 9.127e+04
1.371e-01 9.143e+04
2.093e-01 7.415e+04
1.445e-01 8.911e+04
1.298e-01 9.481e+04
1.514e-01 8.652e+04
1.433e-01 8.901e+04
1.415e-01 8.960e+04
1.396e-01 9.004e+04
1.900e-01 7.793e+04
1.440e-01 8.879e+04
1.408e-01 8.988e+04
1.466e-01 8.784e+04
1.417e-01 8.977e+04
1.319e-01 9.388e+04
1.463e-01 8.781e+04
1.442e-01 8.873e+04
1.769e-01 7.955e+04
1.428e-01 8.924e+04
2.271e-01 7.299e+04
1.431e-01 8.895e+04
1.412e-01 9.019e+04
1.477e-01 8.778e+04
1.352e-01 9.193e+04
1.386e-01 9.092e+04
1.382e-01 9.109e+04
1.817e-01 7.856e+04
1.395e-01 9.106e+04
1.451e-01 8.853e+04
1.414e-01 8.975e+04
1.443e-01 8.816e+04
1.448e-01 8.825e+04
1.471e-01 8.774e+04
1.760e-01 7.987e+04
1.382e-01 9.051e+04
1.474e-01 8.773e+04
1.453e-01 8.883e+04
1.390e-01 9.092e+04
1.430e-01 8.949e+04
2.450e-01 7.157e+04
1.418e-01 8.964e+04
1.368e-01 9.187e+04
1.401e-01 9.017e+04
1.506e-01 8.678e+04
1.383e-01 9.144e+04
1.449e-01 8.884e+04
1.410e-01 9.054e+04
1.430e-01 8.991e+04
1.423e-01 8.983e+04
1.516e-01 8.644e+04
1.392e-01 9.123e+04
1.367e-01 9.205e+04
1.427e-01 8.894e+04
1.359e-01 9.230e+04
1.438e-01 8.933e+04
1.368e-01 9.192e+04
1.383e-01 9.083e+04
1.529e-01 8.530e+04
1.466e-01 8.809e+04
1.994e-01 7.686e+04
1.376e-01 9.141e+04
1.450e-01 8.890e+04
1.387e-01 9.107e+04
1.414e-01 8.968e+04
2.287e-01 7.275e+04
1.361e-01 9.206e+04
1.347e-01 9.265e+04
5.751e-06 1.701e+04
1.544e-01 8.510e+04
1.411e-01 9.029e+04
1.461e-05 1.483e+04
1.371e-01 9.137e+04
1.613e-01 8.376e+04
1.406e-01 9.020e+04
1.381e-01 9.178e+04
1.423e-01 8.948e+04
1.450e-01 8.868e+04
1.363e-01 9.186e+04
8.814e-06 1.035e+04
1.541e-01 8.592e+04
1.476e-01 8.737e+04
1.421e-01 8.923e+04
1.446e-01 8.864e+04
1.326e-01 9.321e+04
1.481e-01 8.734e+04
1.488e-01 8.756e+04
1.428e-01 8.945e+04
1.541e-01 8.582e+04
1.369e-01 9.154e+04
1.425e-01 8.945e+04
1.404e-01 9.036e+04
1.400e-01 9.036e+04
1.479e-01 8.797e+04
1.409e-01 9.022e+04
1.337e-01 9.265e+04
1.453e-01 8.850e+04
1.354e-01 9.262e+04
1.449e-01 8.869e+04
1.419e-01 8.950e+04
1.435e-01 8.922e+04
1.405e-01 9.053e+04
1.398e-01 9.088e+04
1.423e-01 8.972e+04
1.701e-01 8.138e+04
1.390e-01 9.096e+04
1.431e-01 8.925e+04
1.977e-01 7.592e+04
1.450e-01 8.885e+04
1.434e-01 8.920e+04
1.317e-01 9.435e+04
1.432e-01 8.950e+04
1.376e-01 9.141e+04
1.433e-01 8.936e+04
1.402e-01 9.045e+04
1.423e-01 8.979e+04
1.449e-01 8.874e+04
1.412e-01 8.994e+04
1.343e-01 9.257e+04
1.393e-01 9.075e+04
1.408e-01 8.988e+04
2.290e-01 7.277e+04
1.353e-01 9.292e+04
1.345e-01 9.258e+04
1.363e-01 9.170e+04
1.389e-01 9.086e+04
1.412e-01 8.960e+04
1.375e-01 9.152e+04
1.462e-01 8.789e+04
7.984e-07 1.531e+04
1.431e-01 8.989e+04
1.365e-01 9.151e+04
1.370e-01 9.187e+04
1.436e-01 8.921e+04
1.480e-01 8.744e+04
1.410e-01 9.022e+04
2.313e-01 7.288e+04
1.452e-01 8.801e+04
1.524e-01 8.577e+04
1.379e-01 9.127e+04
1.619e-01 8.359e+04
1.423e-01 8.954e+04
2.401e-06 1.676e+04
1.305e-01 9.443e+04
1.418e-01 8.987e+04
1.407e-01 9.033e+04
1.952e-01 7.623e+04
1.479e-01 8.783e+04
1.492e-01 8.673e+04
1.390e-01 9.040e+04
1.369e-01 9.132e+04
2.312e-01 7.239e+04
1.464e-01 8.843e+04
1.385e-01 9.100e+04
1.417e-01 8.972e+04
1.362e-01 9.214e+04
1.378e-01 9.116e+04
1.507e-01 8.704e+04
1.526e-01 8.612e+04
2.230e-01 7.387e+04
2.402e-01 7.269e+04
1.391e-01 9.044e+04
1.997e-01 7.676e+04
1.388e-01 9.054e+04
1.445e-01 8.899e+04
1.383e-01 9.129e+04
1.415e-01 8.960e+04
1.420e-01 8.948e+04
1.648e-01 8.327e+04
1.437e-01 8.951e+04
1.366e-01 9.155e+04
1.414e-01 9.004e+04
1.427e-01 8.929e+04
2.234e-06 1.335e+04
8.567e-07 5.727e+03
1.448e-01 8.860e+04
1.439e-01 8.935e+04
1.455e-01 8.885e+04
2.022e-01 7.572e+04
1.331e-01 9.357e+04
1.468e-01 8.819e+04
1.422e-01 8.910e+04
1.353e-01 9.243e+04
1.631e-01 8.348e+04
2.058e-01 7.555e+04
1.462e-01 8.763e+04
2.117e-01 7.486e+04
1.425e-01 8.936e+04
1.416e-01 8.934e+04
3.326e-06 7.587e+03
1.416e-01 8.929e+04
1.468e-01 8.848e+04
1.978e-01 7.612e+04
1.432e-01 8.917e+04
1.459e-01 8.856e+04
8.269e-06 1.532e+04
1.373e-01 9.151e+04
1.358e-01 9.223e+04
2.209e-01 7.317e+04
1.374e-01 9.184e+04
1.428e-01 8.894e+04
1.371e-01 9.150e+04
1.378e-01 9.122e+04
1.493e-01 8.667e+04
1.423e-01 9.000e+04
1.390e-01 9.065e+04
1.350e-01 9.236e+04
1.487e-01 8.746e+04
1.426e-01 8.937e+04
1.424e-01 8.973e+04
1.380e-01 9.117e+04
1.455e-01 8.811e+04
1.459e-01 8.853e+04
1.435e-01 8.882e+04
1.405e-01 9.055e+04
1.420e-01 9.013e+04
1.332e-01 9.284e+04
1.386e-01 9.114e+04
2.054e-01 7.496e+04
1.370e-01 9.199e+04
1.363e-01 9.167e+04
1.441e-01 8.906e+04
1.376e-01 9.142e+04
1.384e-01 9.096e+04
1.389e-01 9.073e+04
1.097e-05 1.490e+04
1.502e-01 8.596e+04
1.392e-01 9.100e+04
1.449e-01 8.835e+04
1.474e-01 8.846e+04
1.386e-01 9.060e+04
1.376e-01 9.132e+04
1.378e-01 9.170e+04
2.117e-01 7.480e+04
1.364e-01 9.191e+04
2.017e-01 7.602e+04
1.446e-01 8.857e+04
1.466e-01 8.808e+04
1.485e-01 8.786e+04
1.353e-01 9.234e+04
1.296e-01 9.505e+04
1.451e-01 8.846e+04
1.343e-01 9.327e+04
1.420e-01 8.968e+04
1.365e-01 9.226e+04
1.415e-01 8.961e+04
1.469e-01 8.734e+04
