1 13155
2 13857
3 14550
4 15230
5 15895
6 16540
7 17164
8 17764
9 18339
10 18888
11 19410
12 19904
13 20370
14 20809
15 21220
16 21605
17 21963
18 22297
19 22607
20 22894
21 23159
22 23404
23 23629
24 23837
25 24027
26 24202
27 24363
28 24509
29 24644
30 24766
31 24878
32 24981
33 25074
34 25159
35 25236
36 25306
37 25370
38 25429
39 25482
40 25530
41 25573
42 25613
43 25649
44 25682
45 25712
46 25739
47 25763
48 25785
49 25805
50 25824
51 25840
52 25855
53 25869
54 25881
55 25892
56 25902
57 25911
58 25920
59 25927
60 25934
61 25940
62 25946
63 25951
