2.125e-01 9.944e+04
1.394e-01 1.301e+05
1.367e-01 1.410e+05
1.323e-01 1.346e+05
1.432e-01 1.424e+05
2.004e-01 7.543e+04
1.378e-01 1.419e+05
1.830e-01 1.028e+05
1.459e-01 1.438e+05
2.503e-01 7.791e+04
2.271e-01 7.388e+04
1.656e-01 1.260e+05
1.402e-01 1.402e+05
1.345e-01 1.447e+05
1.571e-01 1.363e+05
1.261e-01 1.517e+05
1.401e-01 1.422e+05
1.376e-01 1.353e+05
1.261e-01 1.480e+05
1.379e-01 1.417e+05
1.476e-01 1.279e+05
1.821e-01 7.852e+04
1.491e-01 1.383e+05
1.370e-01 1.444e+05
1.502e-01 1.380e+05
1.969e-01 9.479e+04
1.360e-01 1.439e+05
1.389e-01 1.425e+05
1.429e-01 1.418e+05
1.287e-01 1.432e+05
1.286e-01 1.458e+05
1.363e-01 1.429e+05
1.433e-01 1.436e+05
1.372e-01 1.420e+05
1.352e-01 1.476e+05
1.409e-01 1.403e+05
1.473e-01 1.334e+05
1.372e-01 1.335e+05
1.385e-01 1.388e+05
1.287e-01 1.407e+05
1.401e-01 1.412e+05
1.459e-01 1.374e+05
1.422e-01 1.334e+05
1.337e-01 1.452e+05
1.446e-01 1.260e+05
1.364e-01 1.430e+05
2.183e-01 7.381e+04
1.331e-01 1.464e+05
1.262e-01 1.492e+05
1.274e-01 1.461e+05
1.940e-01 1.122e+05
1.272e-01 1.487e+05
2.384e-01 7.791e+04
1.298e-01 1.489e+05
1.276e-01 1.458e+05
1.346e-01 1.456e+05
1.575e-01 1.290e+05
2.164e-01 8.115e+04
1.301e-01 1.367e+05
1.357e-01 1.388e+05
1.457e-01 1.367e+05
1.684e-01 1.115e+05
2.349e-01 8.207e+04
1.314e-01 1.439e+05
2.325e-01 7.171e+04
1.388e-01 1.448e+05
1.326e-01 1.466e+05
1.368e-01 1.488e+05
1.325e-01 1.465e+05
1.519e-01 1.300e+05
1.347e-01 1.444e+05
1.289e-01 1.513e+05
1.420e-01 1.383e+05
1.434e-01 1.412e+05
1.370e-01 1.359e+05
1.396e-01 1.426e+05
1.365e-01 1.437e+05
2.378e-01 8.360e+04
1.828e-01 1.124e+05
1.475e-01 1.373e+05
1.369e-01 1.431e+05
1.319e-01 1.465e+05
1.366e-01 1.401e+05
1.313e-01 1.435e+05
1.376e-01 1.417e+05
1.338e-01 1.459e+05
1.337e-01 1.447e+05
1.406e-01 1.438e+05
1.425e-01 1.406e+05
1.368e-01 1.391e+05
1.335e-01 1.480e+05
1.683e-01 1.076e+05
1.279e-01 1.465e+05
1.289e-01 1.479e+05
1.482e-01 1.336e+05
1.317e-01 1.507e+05
1.423e-01 1.361e+05
1.337e-01 1.380e+05
1.454e-01 1.333e+05
1.418e-01 1.256e+05
1.416e-01 1.350e+05
1.643e-01 1.220e+05
1.397e-01 1.406e+05
1.520e-01 1.301e+05
1.270e-01 1.475e+05
1.368e-01 1.468e+05
1.722e-01 1.112e+05
1.970e-01 9.475e+04
1.332e-01 1.424e+05
1.875e-01 1.053e+05
1.835e-01 1.049e+05
1.414e-01 1.421e+05
1.352e-01 1.384e+05
1.898e-01 9.813e+04
2.138e-01 9.417e+04
2.470e-01 7.243e+04
1.316e-01 1.448e+05
1.356e-01 1.440e+05
1.325e-01 1.442e+05
1.416e-01 1.430e+05
1.352e-01 1.460e+05
1.341e-01 1.409e+05
1.558e-01 1.275e+05
1.432e-01 1.432e+05
1.293e-01 1.504e+05
1.384e-01 1.378e+05
1.284e-01 1.492e+05
1.447e-01 1.386e+05
1.311e-01 1.449e+05
1.545e-01 1.278e+05
1.348e-01 1.493e+05
1.364e-01 1.455e+05
1.491e-01 1.348e+05
1.349e-01 1.413e+05
1.308e-01 1.465e+05
1.327e-01 1.375e+05
1.375e-01 1.447e+05
1.380e-01 1.429e+05
1.406e-01 1.449e+05
1.435e-01 1.386e+05
1.963e-01 8.562e+04
1.347e-01 1.407e+05
1.608e-01 1.251e+05
2.042e-01 7.344e+04
1.908e-01 9.761e+04
1.358e-01 1.423e+05
2.157e-01 7.485e+04
1.326e-01 1.480e+05
1.350e-01 1.450e+05
1.342e-01 1.377e+05
1.416e-01 1.415e+05
1.423e-01 1.446e+05
1.761e-01 1.185e+05
1.337e-01 1.434e+05
1.329e-01 1.382e+05
1.587e-01 1.241e+05
1.290e-01 1.416e+05
2.447e-01 7.598e+04
1.445e-01 1.388e+05
1.280e-01 1.472e+05
2.088e-01 7.750e+04
2.186e-01 8.472e+04
2.370e-01 7.503e+04
1.523e-01 1.382e+05
1.339e-01 1.459e+05
1.312e-01 1.489e+05
1.364e-01 1.439e+05
1.346e-01 1.393e+05
1.284e-01 1.448e+05
1.325e-01 1.444e+05
1.267e-01 1.533e+05
1.320e-01 1.444e+05
1.335e-01 1.455e+05
1.407e-01 1.347e+05
1.344e-01 1.437e+05
1.469e-01 1.314e+05
2.410e-01 7.603e+04
1.322e-01 1.473e+05
1.280e-01 1.491e+05
1.509e-01 1.352e+05
2.084e-01 8.547e+04
1.857e-01 1.100e+05
1.387e-01 1.406e+05
1.370e-01 1.453e+05
2.138e-01 9.095e+04
1.733e-01 1.164e+05
1.362e-01 1.415e+05
1.394e-01 1.418e+05
1.420e-01 1.448e+05
1.410e-01 1.404e+05
1.307e-01 1.512e+05
1.356e-01 1.485e+05
1.364e-01 1.437e+05
1.323e-01 1.420e+05
1.369e-01 1.385e+05
1.730e-01 1.176e+05
1.310e-01 1.443e+05
1.508e-01 1.377e+05
1.284e-01 1.516e+05
1.334e-01 1.453e+05
2.110e-01 8.206e+04
1.280e-01 1.431e+05
1.802e-01 1.228e+05
1.828e-01 1.110e+05
1.508e-01 1.339e+05
1.419e-01 1.426e+05
2.000e-01 8.131e+04
1.352e-01 1.441e+05
1.333e-01 1.429e+05
1.453e-01 1.308e+05
2.017e-01 7.886e+04
1.325e-01 1.464e+05
1.348e-01 1.474e+05
1.388e-01 1.425e+05
1.436e-01 1.302e+05
1.762e-01 1.093e+05
1.384e-01 1.396e+05
1.377e-01 1.287e+05
1.463e-01 1.387e+05
1.408e-01 1.372e+05
1.312e-01 1.517e+05
1.259e-01 1.441e+05
1.749e-01 1.027e+05
1.343e-01 1.475e+05
1.391e-01 1.412e+05
1.352e-01 1.426e+05
2.248e-01 7.439e+04
1.848e-01 9.019e+04
1.355e-01 1.416e+05
1.392e-01 1.460e+05
2.086e-01 1.030e+05
1.508e-01 1.120e+05
1.493e-01 1.273e+05
1.465e-01 1.323e+05
1.448e-01 1.389e+05
1.317e-01 1.420e+05
1.356e-01 1.425e+05
1.473e-01 1.289e+05
1.442e-01 1.341e+05
1.427e-01 1.423e+05
1.881e-01 9.773e+04
1.297e-01 1.489e+05
1.368e-01 1.399e+05
1.424e-01 1.344e+05
1.364e-01 1.467e+05
1.280e-01 1.448e+05
1.414e-01 1.356e+05
2.059e-01 8.860e+04
1.390e-01 1.473e+05
1.674e-01 9.888e+04
1.357e-01 1.479e+05
1.351e-01 1.347e+05
2.258e-01 7.510e+04
1.332e-01 1.434e+05
1.722e-01 1.268e+05
1.369e-01 1.442e+05
1.379e-01 1.434e+05
1.406e-01 1.382e+05
1.509e-01 1.302e+05
1.354e-01 1.490e+05
2.164e-01 7.405e+04
1.260e-01 1.437e+05
2.059e-01 7.970e+04
1.919e-01 1.047e+05
1.438e-01 1.427e+05
1.297e-01 1.494e+05
1.483e-01 1.128e+05
1.334e-01 1.464e+05
1.402e-01 1.320e+05
1.469e-01 1.350e+05
1.469e-01 1.348e+05
2.515e-01 7.551e+04
1.324e-01 1.455e+05
1.788e-01 1.193e+05
1.358e-01 1.476e+05
1.412e-01 1.450e+05
1.324e-01 1.467e+05
1.402e-01 1.382e+05
1.484e-01 1.404e+05
1.351e-01 1.463e+05
1.458e-01 1.340e+05
1.356e-01 1.471e+05
1.416e-01 1.434e+05
1.351e-01 1.470e+05
1.299e-01 1.478e+05
1.981e-01 7.585e+04
1.773e-01 1.055e+05
1.430e-01 1.390e+05
1.334e-01 1.429e+05
1.435e-01 1.397e+05
1.476e-01 1.370e+05
1.419e-01 1.429e+05
1.417e-01 1.355e+05
2.114e-01 8.955e+04
1.359e-01 1.424e+05
1.384e-01 1.417e+05
1.465e-01 1.388e+05
1.366e-01 1.437e+05
1.357e-01 1.413e+05
1.522e-01 1.327e+05
1.519e-01 1.351e+05
1.391e-01 1.431e+05
1.542e-01 1.308e+05
1.534e-01 1.323e+05
1.340e-01 1.439e+05
1.840e-01 1.130e+05
1.446e-01 1.333e+05
1.336e-01 1.427e+05
1.738e-01 9.823e+04
1.317e-01 1.450e+05
2.555e-01 7.366e+04
1.628e-01 1.273e+05
1.330e-01 1.376e+05
1.381e-01 1.444e+05
1.443e-01 1.351e+05
1.642e-01 1.313e+05
1.279e-01 1.501e+05
1.834e-01 9.386e+04
1.978e-01 1.027e+05
1.701e-01 1.278e+05
1.413e-01 1.462e+05
1.961e-01 1.022e+05
1.385e-01 1.398e+05
1.381e-01 1.428e+05
2.228e-01 8.341e+04
1.840e-01 7.449e+04
1.404e-01 1.402e+05
1.418e-01 1.414e+05
1.357e-01 1.426e+05
1.364e-01 1.426e+05
1.281e-01 1.494e+05
1.329e-01 1.502e+05
1.370e-01 1.450e+05
1.354e-01 1.468e+05
1.371e-01 1.394e+05
1.313e-01 1.436e+05
1.277e-01 1.515e+05
1.329e-01 1.461e+05
1.389e-01 1.474e+05
1.552e-01 1.355e+05
1.345e-01 1.440e+05
2.068e-01 1.069e+05
1.716e-01 1.172e+05
2.180e-01 8.010e+04
2.176e-01 8.769e+04
1.575e-01 1.160e+05
1.925e-01 7.745e+04
1.882e-01 8.901e+04
1.458e-01 1.400e+05
1.381e-01 1.478e+05
1.349e-01 1.430e+05
1.645e-01 1.285e+05
1.406e-01 1.431e+05
1.427e-01 1.444e+05
1.367e-01 1.428e+05
1.748e-01 1.204e+05
1.400e-01 1.447e+05
1.889e-01 7.770e+04
1.360e-01 1.488e+05
1.816e-01 9.485e+04
2.233e-01 7.707e+04
1.637e-01 1.125e+05
1.398e-01 1.319e+05
2.487e-01 7.357e+04
1.518e-01 1.329e+05
1.297e-01 1.479e+05
1.525e-01 1.345e+05
1.441e-01 1.365e+05
1.870e-01 1.057e+05
1.613e-01 1.299e+05
1.812e-01 1.102e+05
1.373e-01 1.441e+05
1.307e-01 1.512e+05
1.296e-01 1.449e+05
1.316e-01 1.471e+05
1.342e-01 1.483e+05
1.573e-01 1.216e+05
1.425e-01 1.398e+05
1.477e-01 1.405e+05
1.261e-01 1.476e+05
1.378e-01 1.400e+05
1.703e-01 1.137e+05
1.362e-01 1.455e+05
1.560e-01 1.359e+05
1.374e-01 1.441e+05
2.355e-01 7.387e+04
1.312e-01 1.470e+05
1.417e-01 1.396e+05
1.367e-01 1.379e+05
1.346e-01 1.459e+05
1.321e-01 1.422e+05
1.373e-01 1.436e+05
1.883e-01 9.524e+04
2.511e-01 7.357e+04
1.557e-01 1.366e+05
1.382e-01 1.393e+05
1.258e-01 1.469e+05
1.325e-01 1.447e+05
1.446e-01 1.388e+05
1.371e-01 1.367e+05
1.390e-01 1.455e+05
1.416e-01 1.383e+05
1.321e-01 1.451e+05
1.953e-01 9.139e+04
1.368e-01 1.486e+05
1.418e-01 1.363e+05
1.611e-01 1.186e+05
1.467e-01 1.328e+05
1.319e-01 1.450e+05
1.285e-01 1.465e+05
1.369e-01 1.467e+05
1.450e-01 1.330e+05
1.264e-01 1.481e+05
1.565e-01 1.213e+05
2.308e-01 7.700e+04
1.374e-01 1.460e+05
1.503e-01 1.220e+05
1.356e-01 1.374e+05
1.308e-01 1.406e+05
1.423e-01 1.342e+05
1.281e-01 1.439e+05
1.376e-01 1.470e+05
1.448e-01 1.398e+05
1.503e-01 1.338e+05
1.981e-01 8.761e+04
1.768e-01 1.171e+05
1.903e-01 1.041e+05
1.391e-01 1.389e+05
1.383e-01 1.428e+05
1.925e-01 1.011e+05
1.349e-01 1.378e+05
1.274e-01 1.480e+05
2.285e-01 7.400e+04
1.355e-01 1.412e+05
1.361e-01 1.396e+05
1.426e-01 1.385e+05
1.439e-01 1.384e+05
1.440e-01 1.336e+05
1.749e-01 1.035e+05
1.351e-01 1.429e+05
1.439e-01 1.406e+05
1.375e-01 1.433e+05
1.383e-01 1.451e+05
1.527e-01 1.249e+05
1.379e-01 1.420e+05
1.593e-01 1.252e+05
1.299e-01 1.488e+05
1.797e-01 1.087e+05
1.279e-01 1.493e+05
1.360e-01 1.446e+05
1.936e-01 9.643e+04
1.372e-01 1.434e+05
1.395e-01 1.396e+05
1.335e-01 1.417e+05
1.819e-01 9.017e+04
1.410e-01 1.423e+05
2.048e-01 8.102e+04
1.414e-01 1.300e+05
1.953e-01 8.608e+04
1.277e-01 1.470e+05
2.117e-01 7.679e+04
1.288e-01 1.424e+05
1.268e-01 1.490e+05
2.160e-01 7.494e+04
1.285e-01 1.452e+05
1.574e-01 1.281e+05
1.987e-01 7.379e+04
2.456e-01 7.147e+04
1.321e-01 1.460e+05
2.346e-01 7.485e+04
1.533e-01 1.364e+05
1.284e-01 1.430e+05
1.362e-01 1.408e+05
1.381e-01 1.394e+05
1.362e-01 1.391e+05
1.401e-01 1.367e+05
1.293e-01 1.378e+05
1.352e-01 1.481e+05
1.363e-01 1.409e+05
1.290e-01 1.486e+05
1.596e-01 1.313e+05
2.455e-01 7.434e+04
1.348e-01 1.437e+05
1.331e-01 1.454e+05
1.424e-01 1.424e+05
1.949e-01 1.098e+05
1.410e-01 1.435e+05
1.322e-01 1.460e+05
1.283e-01 1.450e+05
2.087e-01 1.031e+05
1.400e-01 1.370e+05
1.983e-01 1.015e+05
1.349e-01 1.450e+05
1.527e-01 1.278e+05
1.324e-01 1.428e+05
1.414e-01 1.319e+05
1.378e-01 1.446e+05
1.995e-01 7.353e+04
2.743e-01 7.602e+04
1.407e-01 1.335e+05
1.301e-01 1.463e+05
1.285e-01 1.444e+05
1.375e-01 1.445e+05
1.362e-01 1.443e+05
1.342e-01 1.458e+05
1.386e-01 1.469e+05
1.347e-01 1.446e+05
1.428e-01 1.408e+05
1.470e-01 1.343e+05
1.418e-01 1.406e+05
1.523e-01 1.213e+05
1.281e-01 1.442e+05
1.329e-01 1.449e+05
1.592e-01 1.092e+05
1.269e-01 1.527e+05
1.261e-01 1.469e+05
2.310e-01 7.541e+04
2.316e-01 7.608e+04
1.853e-01 9.245e+04
1.828e-01 1.160e+05
2.159e-01 7.459e+04
1.368e-01 1.430e+05
1.415e-01 1.413e+05
1.309e-01 1.384e+05
1.374e-01 1.480e+05
1.779e-01 1.014e+05
2.387e-01 7.265e+04
2.290e-01 7.609e+04
1.378e-01 1.418e+05
1.378e-01 1.404e+05
2.179e-01 7.497e+04
1.958e-01 8.712e+04
2.009e-01 8.801e+04
1.469e-01 1.372e+05
1.985e-01 8.872e+04
1.465e-01 1.152e+05
1.312e-01 1.400e+05
2.187e-01 8.880e+04
2.268e-01 7.342e+04
1.329e-01 1.484e+05
1.926e-01 9.992e+04
1.868e-01 1.002e+05
1.352e-01 1.447e+05
1.335e-01 1.421e+05
1.280e-01 1.501e+05
1.330e-01 1.483e+05
1.824e-01 1.131e+05
1.363e-01 1.419e+05
1.410e-01 1.458e+05
1.364e-01 1.431e+05
1.424e-01 1.462e+05
1.393e-01 1.271e+05
1.358e-01 1.433e+05
1.368e-01 1.406e+05
1.340e-01 1.443e+05
1.314e-01 1.475e+05
1.366e-01 1.433e+05
1.775e-01 8.871e+04
1.470e-01 1.368e+05
1.387e-01 1.447e+05
1.815e-01 9.804e+04
1.339e-01 1.458e+05
1.367e-01 1.410e+05
1.424e-01 1.421e+05
1.414e-01 1.368e+05
1.470e-01 1.384e+05
1.490e-01 1.380e+05
1.656e-01 1.110e+05
1.412e-01 1.423e+05
1.858e-01 1.056e+05
1.258e-01 1.484e+05
1.357e-01 1.474e+05
1.320e-01 1.438e+05
1.515e-01 1.367e+05
1.896e-01 9.645e+04
1.379e-01 1.415e+05
1.311e-01 1.452e+05
1.332e-01 1.502e+05
1.398e-01 1.367e+05
1.272e-01 1.508e+05
1.322e-01 1.449e+05
1.636e-01 1.163e+05
1.446e-01 1.408e+05
1.599e-01 1.270e+05
1.341e-01 1.500e+05
1.503e-01 1.343e+05
1.485e-01 1.336e+05
1.424e-01 1.406e+05
1.824e-01 1.187e+05
1.300e-01 1.375e+05
1.319e-01 1.337e+05
1.325e-01 1.470e+05
1.957e-01 1.107e+05
1.332e-01 1.460e+05
1.686e-01 1.204e+05
1.474e-01 1.287e+05
1.261e-01 1.464e+05
1.714e-01 1.264e+05
1.401e-01 1.405e+05
1.267e-01 1.507e+05
1.594e-01 1.351e+05
1.261e-01 1.512e+05
2.043e-01 8.479e+04
2.026e-01 9.963e+04
1.343e-01 1.474e+05
1.489e-01 1.367e+05
1.341e-01 1.495e+05
1.413e-01 1.409e+05
1.391e-01 1.408e+05
1.833e-01 1.080e+05
1.291e-01 1.479e+05
1.257e-01 1.514e+05
2.078e-01 1.081e+05
2.193e-01 7.443e+04
1.366e-01 1.449e+05
1.598e-01 1.272e+05
1.292e-01 1.421e+05
1.346e-01 1.459e+05
1.956e-01 7.530e+04
1.803e-01 1.067e+05
1.367e-01 1.476e+05
1.498e-01 1.392e+05
1.396e-01 1.395e+05
1.296e-01 1.524e+05
1.326e-01 1.507e+05
1.417e-01 1.396e+05
1.333e-01 1.465e+05
1.432e-01 1.406e+05
1.333e-01 1.455e+05
2.106e-01 9.401e+04
1.375e-01 1.395e+05
1.469e-01 1.425e+05
1.430e-01 1.413e+05
1.471e-01 1.265e+05
1.427e-01 1.395e+05
1.595e-01 1.320e+05
1.323e-01 1.388e+05
1.356e-01 1.441e+05
1.943e-01 1.032e+05
1.947e-01 7.445e+04
1.442e-01 1.381e+05
1.372e-01 1.441e+05
1.330e-01 1.433e+05
1.373e-01 1.420e+05
1.430e-01 1.353e+05
1.470e-01 1.432e+05
1.397e-01 1.373e+05
1.407e-01 1.411e+05
1.360e-01 1.442e+05
1.330e-01 1.379e+05
1.295e-01 1.497e+05
1.430e-01 1.371e+05
1.487e-01 1.354e+05
1.554e-01 1.371e+05
1.631e-01 1.170e+05
1.426e-01 1.400e+05
1.353e-01 1.424e+05
2.043e-01 8.051e+04
2.415e-01 7.449e+04
1.695e-01 1.155e+05
1.991e-01 8.428e+04
1.745e-01 1.143e+05
1.398e-01 1.413e+05
1.348e-01 1.423e+05
1.376e-01 1.400e+05
1.348e-01 1.435e+05
2.163e-01 8.063e+04
1.596e-01 1.185e+05
1.512e-01 1.418e+05
1.378e-01 1.446e+05
1.503e-01 1.317e+05
1.602e-01 1.246e+05
2.188e-01 7.380e+04
1.374e-01 1.409e+05
1.473e-01 1.428e+05
2.588e-01 7.100e+04
1.322e-01 1.437e+05
1.340e-01 1.509e+05
1.333e-01 1.477e+05
1.582e-01 1.243e+05
1.283e-01 1.455e+05
1.880e-01 1.014e+05
1.881e-01 1.185e+05
2.475e-01 7.443e+04
2.192e-01 8.207e+04
1.910e-01 1.020e+05
1.379e-01 1.420e+05
1.346e-01 1.403e+05
1.474e-01 1.349e+05
1.753e-01 1.046e+05
1.521e-01 1.335e+05
1.466e-01 1.256e+05
1.250e-01 1.483e+05
1.371e-01 1.437e+05
1.302e-01 1.433e+05
2.039e-01 7.390e+04
1.380e-01 1.419e+05
1.425e-01 1.331e+05
1.514e-01 1.398e+05
1.403e-01 1.430e+05
1.399e-01 1.380e+05
2.120e-01 7.079e+04
1.380e-01 1.472e+05
1.411e-01 1.391e+05
1.316e-01 1.373e+05
1.937e-01 7.519e+04
1.348e-01 1.461e+05
1.297e-01 1.439e+05
2.072e-01 7.416e+04
1.717e-01 1.229e+05
1.255e-01 1.501e+05
1.480e-01 1.400e+05
1.440e-01 1.402e+05
1.358e-01 1.427e+05
1.439e-01 1.406e+05
1.348e-01 1.485e+05
1.415e-01 1.404e+05
1.551e-01 1.317e+05
1.285e-01 1.487e+05
1.336e-01 1.456e+05
1.256e-01 1.476e+05
1.437e-01 1.426e+05
1.549e-01 1.204e+05
1.391e-01 1.373e+05
1.294e-01 1.490e+05
1.756e-01 9.732e+04
2.172e-01 8.931e+04
2.132e-01 7.285e+04
1.907e-01 9.953e+04
1.919e-01 7.506e+04
1.417e-01 1.415e+05
1.330e-01 1.479e+05
1.250e-01 1.491e+05
1.365e-01 1.435e+05
2.346e-01 7.516e+04
1.298e-01 1.506e+05
1.366e-01 1.470e+05
1.497e-01 1.261e+05
1.414e-01 1.394e+05
2.167e-01 7.697e+04
1.438e-01 1.372e+05
1.406e-01 1.451e+05
1.400e-01 1.385e+05
2.499e-01 7.837e+04
1.409e-01 1.396e+05
1.305e-01 1.447e+05
1.609e-01 1.192e+05
1.378e-01 1.440e+05
2.076e-01 7.976e+04
2.129e-01 7.497e+04
1.334e-01 1.468e+05
2.402e-01 7.766e+04
1.968e-01 8.976e+04
1.468e-01 1.398e+05
1.304e-01 1.468e+05
1.463e-01 1.403e+05
1.492e-01 1.304e+05
1.395e-01 1.442e+05
1.494e-01 1.337e+05
1.352e-01 1.482e+05
1.351e-01 1.452e+05
1.401e-01 1.420e+05
1.328e-01 1.467e+05
1.508e-01 1.106e+05
2.536e-01 7.270e+04
1.460e-01 1.417e+05
1.470e-01 1.295e+05
1.390e-01 1.424e+05
1.413e-01 1.414e+05
1.362e-01 1.447e+05
1.377e-01 1.439e+05
1.288e-01 1.421e+05
2.049e-01 9.090e+04
1.406e-01 1.453e+05
2.319e-01 9.199e+04
1.271e-01 1.489e+05
1.376e-01 1.426e+05
2.334e-01 7.503e+04
1.291e-01 1.497e+05
1.354e-01 1.446e+05
1.367e-01 1.414e+05
1.335e-01 1.417e+05
1.356e-01 1.458e+05
1.549e-01 1.199e+05
1.344e-01 1.395e+05
2.040e-01 7.485e+04
2.329e-01 7.468e+04
1.707e-01 1.194e+05
1.331e-01 1.450e+05
2.442e-01 7.550e+04
1.378e-01 1.439e+05
1.388e-01 1.429e+05
1.382e-01 1.422e+05
1.456e-01 1.249e+05
1.421e-01 1.462e+05
2.191e-01 7.557e+04
1.447e-01 1.405e+05
1.373e-01 1.426e+05
2.036e-01 9.148e+04
1.320e-01 1.438e+05
2.331e-01 7.461e+04
1.391e-01 1.436e+05
1.298e-01 1.450e+05
2.032e-01 1.031e+05
1.305e-01 1.491e+05
1.541e-01 1.326e+05
1.320e-01 1.504e+05
1.553e-01 1.299e+05
2.171e-01 7.627e+04
1.325e-01 1.448e+05
2.750e-01 7.296e+04
2.126e-01 9.541e+04
1.646e-01 1.124e+05
1.288e-01 1.461e+05
1.382e-01 1.448e+05
1.810e-01 1.125e+05
1.373e-01 1.438e+05
1.392e-01 1.469e+05
2.511e-01 7.690e+04
2.127e-01 7.245e+04
1.339e-01 1.430e+05
1.496e-01 1.362e+05
1.367e-01 1.387e+05
1.400e-01 1.430e+05
1.428e-01 1.330e+05
1.268e-01 1.421e+05
1.995e-01 9.349e+04
1.337e-01 1.384e+05
1.481e-01 1.418e+05
1.256e-01 1.460e+05
1.803e-01 8.227e+04
2.586e-01 8.134e+04
2.356e-01 7.370e+04
1.335e-01 1.486e+05
1.278e-01 1.443e+05
1.256e-01 1.488e+05
1.365e-01 1.397e+05
1.366e-01 1.409e+05
1.439e-01 1.340e+05
2.418e-01 8.124e+04
1.365e-01 1.437e+05
1.354e-01 1.411e+05
1.319e-01 1.468e+05
1.352e-01 1.433e+05
1.378e-01 1.427e+05
1.683e-01 1.269e+05
1.385e-01 1.416e+05
1.362e-01 1.472e+05
1.503e-01 1.299e+05
1.407e-01 1.395e+05
1.609e-01 1.261e+05
1.475e-01 1.277e+05
2.480e-01 7.394e+04
1.262e-01 1.489e+05
2.224e-01 7.729e+04
1.398e-01 1.451e+05
2.382e-01 7.664e+04
1.364e-01 1.427e+05
2.059e-01 9.061e+04
1.286e-01 1.499e+05
1.616e-01 1.194e+05
1.693e-01 1.200e+05
1.909e-01 1.122e+05
1.387e-01 1.390e+05
1.537e-01 1.280e+05
1.310e-01 1.468e+05
1.989e-01 7.778e+04
1.433e-01 1.416e+05
2.179e-01 8.310e+04
2.233e-01 9.540e+04
1.743e-01 1.058e+05
1.329e-01 1.385e+05
1.488e-01 1.357e+05
1.392e-01 1.410e+05
2.027e-01 1.010e+05
1.524e-01 1.356e+05
1.335e-01 1.444e+05
1.377e-01 1.451e+05
1.513e-01 1.179e+05
1.858e-01 1.028e+05
1.272e-01 1.501e+05
1.360e-01 1.395e+05
1.821e-01 1.064e+05
1.511e-01 1.369e+05
1.406e-01 1.369e+05
1.281e-01 1.462e+05
1.436e-01 1.379e+05
1.260e-01 1.498e+05
1.334e-01 1.467e+05
1.370e-01 1.382e+05
1.354e-01 1.481e+05
1.369e-01 1.432e+05
2.128e-01 7.313e+04
1.353e-01 1.485e+05
1.333e-01 1.459e+05
1.417e-01 1.398e+05
1.315e-01 1.452e+05
1.611e-01 1.310e+05
1.915e-01 7.717e+04
1.282e-01 1.474e+05
1.322e-01 1.383e+05
1.812e-01 9.697e+04
1.417e-01 1.444e+05
1.375e-01 1.486e+05
1.250e-01 1.483e+05
1.534e-01 1.383e+05
1.417e-01 1.386e+05
1.391e-01 1.350e+05
1.286e-01 1.479e+05
1.455e-01 1.375e+05
1.389e-01 1.464e+05
1.287e-01 1.464e+05
1.265e-01 1.491e+05
1.420e-01 1.266e+05
1.281e-01 1.501e+05
1.834e-01 7.915e+04
1.290e-01 1.431e+05
1.351e-01 1.444e+05
1.836e-01 1.193e+05
1.782e-01 1.168e+05
1.327e-01 1.462e+05
1.298e-01 1.527e+05
1.342e-01 1.441e+05
1.617e-01 1.158e+05
1.453e-01 1.380e+05
1.263e-01 1.495e+05
2.053e-01 8.537e+04
1.297e-01 1.446e+05
1.450e-01 1.423e+05
1.817e-01 7.537e+04
1.461e-01 1.400e+05
1.315e-01 1.459e+05
1.713e-01 1.211e+05
1.366e-01 1.449e+05
2.096e-01 9.043e+04
2.125e-01 7.431e+04
1.378e-01 1.393e+05
1.425e-01 1.427e+05
1.373e-01 1.424e+05
1.291e-01 1.421e+05
1.444e-01 1.349e+05
2.302e-01 7.065e+04
1.344e-01 1.414e+05
1.438e-01 1.324e+05
1.342e-01 1.410e+05
1.306e-01 1.495e+05
1.333e-01 1.383e+05
2.141e-01 7.681e+04
2.368e-01 7.244e+04
1.390e-01 1.353e+05
1.352e-01 1.442e+05
1.391e-01 1.439e+05
2.117e-01 8.589e+04
1.967e-01 1.027e+05
1.364e-01 1.432e+05
1.520e-01 1.191e+05
1.289e-01 1.461e+05
2.130e-01 8.433e+04
1.371e-01 1.480e+05
1.402e-01 1.353e+05
1.295e-01 1.422e+05
1.440e-01 1.394e+05
2.109e-01 7.451e+04
1.344e-01 1.431e+05
1.276e-01 1.471e+05
1.372e-01 1.433e+05
1.501e-01 1.252e+05
1.322e-01 1.480e+05
1.504e-01 1.324e+05
1.308e-01 1.470e+05
1.347e-01 1.391e+05
1.275e-01 1.454e+05
1.608e-01 1.234e+05
1.283e-01 1.444e+05
2.208e-01 7.464e+04
1.302e-01 1.484e+05
1.414e-01 1.464e+05
1.326e-01 1.437e+05
1.375e-01 1.406e+05
1.273e-01 1.456e+05
2.096e-01 7.141e+04
1.333e-01 1.456e+05
1.361e-01 1.455e+05
1.380e-01 1.424e+05
1.469e-01 1.416e+05
2.086e-01 8.810e+04
1.893e-01 1.080e+05
1.286e-01 1.532e+05
1.326e-01 1.462e+05
1.431e-01 1.398e+05
1.430e-01 1.259e+05
1.969e-01 1.054e+05
1.283e-01 1.450e+05
1.369e-01 1.460e+05
1.417e-01 1.434e+05
1.696e-01 1.247e+05
1.328e-01 1.414e+05
1.375e-01 1.440e+05
1.312e-01 1.443e+05
1.355e-01 1.455e+05
2.383e-01 7.223e+04
1.728e-01 1.274e+05
1.400e-01 1.386e+05
1.390e-01 1.405e+05
1.277e-01 1.457e+05
1.330e-01 1.495e+05
2.125e-01 7.367e+04
1.430e-01 1.412e+05
1.561e-01 1.312e+05
1.365e-01 1.456e+05
1.388e-01 1.390e+05
2.063e-01 8.803e+04
1.455e-01 1.324e+05
1.312e-01 1.482e+05
1.387e-01 1.429e+05
1.462e-01 1.392e+05
1.358e-01 1.421e+05
1.348e-01 1.421e+05
1.333e-01 1.493e+05
1.406e-01 1.412e+05
1.446e-01 1.430e+05
1.309e-01 1.453e+05
1.277e-01 1.494e+05
1.456e-01 1.425e+05
2.452e-01 7.296e+04
1.303e-01 1.501e+05
2.081e-01 7.348e+04
2.374e-01 7.323e+04
1.411e-01 1.440e+05
1.461e-01 1.249e+05
1.368e-01 1.457e+05
1.453e-01 1.378e+05
1.253e-01 1.532e+05
1.923e-01 8.288e+04
1.335e-01 1.482e+05
1.329e-01 1.395e+05
1.420e-01 1.391e+05
1.852e-01 9.529e+04
1.386e-01 1.456e+05
1.440e-01 1.392e+05
2.225e-01 7.428e+04
1.357e-01 1.402e+05
1.370e-01 1.493e+05
1.363e-01 1.363e+05
1.421e-01 1.411e+05
1.506e-01 1.400e+05
1.262e-01 1.473e+05
1.360e-01 1.401e+05
1.342e-01 1.449e+05
1.327e-01 1.408e+05
1.284e-01 1.508e+05
1.458e-01 1.410e+05
1.307e-01 1.476e+05
2.229e-01 7.360e+04
1.341e-01 1.463e+05
2.043e-01 7.971e+04
1.417e-01 1.418e+05
1.327e-01 1.453e+05
1.351e-01 1.450e+05
1.424e-01 1.338e+05
1.345e-01 1.443e+05
1.591e-01 1.192e+05
1.352e-01 1.425e+05
1.326e-01 1.484e+05
2.197e-01 9.422e+04
1.892e-01 8.783e+04
1.335e-01 1.500e+05
1.464e-01 1.372e+05
1.516e-01 1.198e+05
1.325e-01 1.420e+05
1.416e-01 1.383e+05
2.120e-01 8.565e+04
1.718e-01 1.125e+05
1.314e-01 1.504e+05
1.357e-01 1.456e+05
1.573e-01 1.254e+05
1.756e-01 1.149e+05
1.550e-01 1.277e+05
1.376e-01 1.431e+05
1.334e-01 1.454e+05
2.102e-01 9.933e+04
1.418e-01 1.401e+05
1.717e-01 1.226e+05
1.330e-01 1.414e+05
1.457e-01 1.346e+05
1.628e-01 1.276e+05
1.352e-01 1.446e+05
1.391e-01 1.452e+05
1.932e-01 7.347e+04
1.373e-01 1.429e+05
2.044e-01 7.568e+04
1.561e-01 1.318e+05
1.839e-01 1.043e+05
1.745e-01 1.227e+05
1.779e-01 1.087e+05
1.396e-01 1.390e+05
1.392e-01 1.452e+05
1.326e-01 1.393e+05
1.338e-01 1.493e+05
2.035e-01 7.529e+04
1.343e-01 1.429e+05
1.354e-01 1.450e+05
1.385e-01 1.321e+05
1.708e-01 1.089e+05
1.390e-01 1.447e+05
1.674e-01 1.114e+05
1.765e-01 1.115e+05
1.289e-01 1.474e+05
1.400e-01 1.469e+05
1.424e-01 1.457e+05
1.378e-01 1.417e+05
1.490e-01 1.385e+05
1.284e-01 1.531e+05
1.416e-01 1.394e+05
2.258e-01 8.112e+04
1.675e-01 1.129e+05
1.277e-01 1.520e+05
1.485e-01 1.262e+05
1.421e-01 1.376e+05
1.381e-01 1.456e+05
1.397e-01 1.368e+05
2.338e-01 7.467e+04
1.316e-01 1.495e+05
1.353e-01 1.432e+05
1.256e-01 1.509e+05
2.298e-01 7.723e+04
1.337e-01 1.376e+05
1.305e-01 1.470e+05
1.694e-01 1.193e+05
1.794e-01 1.107e+05
1.774e-01 1.133e+05
1.646e-01 1.204e+05
1.792e-01 1.114e+05
1.425e-01 1.409e+05
1.455e-01 1.405e+05
1.361e-01 1.426e+05
1.350e-01 1.467e+05
1.337e-01 1.493e+05
1.411e-01 1.351e+05
1.266e-01 1.520e+05
1.484e-01 1.363e+05
1.312e-01 1.437e+05
1.293e-01 1.459e+05
1.279e-01 1.532e+05
1.370e-01 1.424e+05
1.887e-01 1.030e+05
1.312e-01 1.427e+05
1.496e-01 1.303e+05
1.445e-01 1.358e+05
1.360e-01 1.423e+05
1.944e-01 1.044e+05
1.464e-01 1.391e+05
1.359e-01 1.443e+05
1.616e-01 1.220e+05
1.543e-01 1.331e+05
1.492e-01 1.348e+05
1.482e-01 1.425e+05
1.701e-01 1.084e+05
1.896e-01 1.016e+05
1.315e-01 1.435e+05
1.991e-01 1.047e+05
1.442e-01 1.395e+05
1.422e-01 1.396e+05
2.139e-01 7.312e+04
1.390e-01 1.426e+05
1.394e-01 1.398e+05
1.370e-01 1.453e+05
1.262e-01 1.453e+05
1.919e-01 1.141e+05
1.294e-01 1.420e+05
1.354e-01 1.400e+05
1.295e-01 1.422e+05
1.560e-01 1.221e+05
1.750e-01 1.155e+05
1.273e-01 1.458e+05
1.386e-01 1.381e+05
1.407e-01 1.372e+05
1.636e-01 1.313e+05
1.476e-01 1.305e+05
1.389e-01 1.450e+05
1.808e-01 1.207e+05
2.160e-01 7.382e+04
1.338e-01 1.370e+05
1.424e-01 1.419e+05
1.324e-01 1.439e+05
1.377e-01 1.427e+05
1.934e-01 1.017e+05
1.270e-01 1.449e+05
1.329e-01 1.452e+05
1.311e-01 1.480e+05
1.483e-01 1.356e+05
1.975e-01 7.254e+04
1.387e-01 1.456e+05
1.512e-01 1.219e+05
1.380e-01 1.382e+05
1.441e-01 1.396e+05
1.376e-01 1.484e+05
1.387e-01 1.463e+05
1.829e-01 1.071e+05
2.690e-01 7.863e+04
1.331e-01 1.450e+05
1.855e-01 1.052e+05
1.388e-01 1.401e+05
1.779e-01 1.209e+05
1.465e-01 1.317e+05
1.359e-01 1.446e+05
1.281e-01 1.504e+05
1.358e-01 1.432e+05
1.331e-01 1.424e+05
1.473e-01 1.419e+05
1.678e-01 1.199e+05
1.855e-01 9.571e+04
1.296e-01 1.476e+05
1.344e-01 1.455e+05
1.622e-01 1.309e+05
1.817e-01 1.000e+05
1.426e-01 1.378e+05
1.371e-01 1.320e+05
1.400e-01 1.453e+05
1.364e-01 1.471e+05
1.464e-01 1.290e+05
1.321e-01 1.456e+05
1.446e-01 1.325e+05
1.361e-01 1.450e+05
1.349e-01 1.435e+05
1.342e-01 1.454e+05
1.481e-01 1.409e+05
1.283e-01 1.440e+05
1.605e-01 1.303e+05
1.366e-01 1.435e+05
1.294e-01 1.503e+05
1.714e-01 1.260e+05
1.411e-01 1.417e+05
1.373e-01 1.432e+05
1.663e-01 1.223e+05
1.448e-01 1.310e+05
1.347e-01 1.437e+05
1.651e-01 1.195e+05
1.495e-01 1.336e+05
2.167e-01 8.110e+04
1.669e-01 1.129e+05
1.406e-01 1.399e+05
1.848e-01 1.077e+05
1.362e-01 1.446e+05
1.372e-01 1.417e+05
1.957e-01 9.092e+04
1.371e-01 1.443e+05
1.305e-01 1.494e+05
2.483e-01 7.285e+04
1.280e-01 1.452e+05
1.702e-01 1.147e+05
1.373e-01 1.415e+05
1.349e-01 1.449e+05
1.283e-01 1.492e+05
1.287e-01 1.526e+05
1.441e-01 1.364e+05
2.101e-01 9.539e+04
1.480e-01 1.328e+05
1.530e-01 1.390e+05
1.532e-01 1.349e+05
1.739e-01 1.001e+05
1.515e-01 1.297e+05
1.751e-01 1.083e+05
1.437e-01 1.424e+05
2.180e-01 7.652e+04
1.592e-01 1.228e+05
1.378e-01 1.420e+05
1.727e-01 1.130e+05
1.399e-01 1.439e+05
1.474e-01 1.371e+05
1.504e-01 1.114e+05
1.944e-01 8.349e+04
1.341e-01 1.418e+05
1.354e-01 1.430e+05
1.462e-01 1.381e+05
2.211e-01 7.698e+04
1.278e-01 1.466e+05
1.324e-01 1.451e+05
1.598e-01 1.252e+05
1.508e-01 1.272e+05
1.761e-01 1.133e+05
1.419e-01 1.421e+05
1.649e-01 1.215e+05
2.277e-01 7.291e+04
1.359e-01 1.450e+05
1.399e-01 1.256e+05
1.320e-01 1.427e+05
1.382e-01 1.440e+05
1.273e-01 1.462e+05
2.034e-01 8.745e+04
1.325e-01 1.477e+05
1.607e-01 1.311e+05
1.384e-01 1.439e+05
1.333e-01 1.476e+05
1.340e-01 1.451e+05
1.356e-01 1.439e+05
1.286e-01 1.444e+05
1.364e-01 1.454e+05
2.325e-01 7.408e+04
1.826e-01 9.737e+04
1.414e-01 1.367e+05
2.010e-01 7.427e+04
1.693e-01 1.243e+05
1.368e-01 1.413e+05
1.334e-01 1.476e+05
1.438e-01 1.392e+05
1.382e-01 1.382e+05
1.767e-01 1.192e+05
2.369e-01 7.560e+04
1.347e-01 1.464e+05
1.692e-01 1.200e+05
1.690e-01 1.228e+05
1.277e-01 1.448e+05
1.418e-01 1.360e+05
1.407e-01 1.415e+05
1.827e-01 1.080e+05
1.518e-01 1.263e+05
1.403e-01 1.430e+05
1.313e-01 1.378e+05
1.275e-01 1.462e+05
1.363e-01 1.435e+05
2.008e-01 7.438e+04
1.366e-01 1.415e+05
1.446e-01 1.341e+05
1.354e-01 1.411e+05
1.315e-01 1.462e+05
1.367e-01 1.401e+05
2.126e-01 9.772e+04
1.397e-01 1.429e+05
1.501e-01 1.341e+05
2.175e-01 7.396e+04
2.167e-01 7.539e+04
1.459e-01 1.377e+05
2.346e-01 7.444e+04
1.561e-01 1.295e+05
1.523e-01 1.366e+05
1.358e-01 1.457e+05
1.742e-01 1.222e+05
1.291e-01 1.482e+05
1.272e-01 1.524e+05
2.002e-01 8.348e+04
1.932e-01 1.012e+05
1.399e-01 1.399e+05
1.397e-01 1.436e+05
1.325e-01 1.470e+05
1.390e-01 1.364e+05
1.341e-01 1.461e+05
1.968e-01 9.667e+04
1.431e-01 1.316e+05
1.458e-01 1.421e+05
1.411e-01 1.441e+05
1.347e-01 1.421e+05
2.255e-01 7.406e+04
1.447e-01 1.361e+05
1.625e-01 1.220e+05
1.824e-01 1.065e+05
1.372e-01 1.405e+05
2.005e-01 7.630e+04
1.419e-01 1.458e+05
1.512e-01 1.286e+05
1.402e-01 1.391e+05
1.334e-01 1.463e+05
1.371e-01 1.433e+05
1.966e-01 1.021e+05
1.337e-01 1.486e+05
1.395e-01 1.440e+05
1.336e-01 1.404e+05
1.735e-01 1.091e+05
1.846e-01 1.131e+05
1.359e-01 1.420e+05
1.348e-01 1.431e+05
2.466e-01 7.284e+04
1.309e-01 1.444e+05
1.501e-01 1.358e+05
1.749e-01 1.086e+05
2.182e-01 7.716e+04
2.261e-01 7.381e+04
1.357e-01 1.404e+05
1.377e-01 1.431e+05
1.370e-01 1.410e+05
2.166e-01 7.848e+04
1.321e-01 1.453e+05
1.646e-01 1.127e+05
1.356e-01 1.449e+05
1.433e-01 1.414e+05
1.929e-01 9.865e+04
1.348e-01 1.439e+05
2.213e-01 7.360e+04
1.380e-01 1.468e+05
1.720e-01 1.218e+05
1.395e-01 1.454e+05
1.436e-01 1.406e+05
1.363e-01 1.436e+05
1.611e-01 1.244e+05
2.003e-01 9.822e+04
1.390e-01 1.425e+05
1.355e-01 1.405e+05
1.411e-01 1.446e+05
1.817e-01 8.721e+04
1.350e-01 1.362e+05
1.899e-01 8.769e+04
1.610e-01 1.176e+05
1.328e-01 1.450e+05
1.535e-01 1.325e+05
2.155e-01 7.481e+04
1.479e-01 1.380e+05
1.444e-01 1.406e+05
1.326e-01 1.369e+05
1.262e-01 1.480e+05
1.404e-01 1.465e+05
1.353e-01 1.389e+05
2.057e-01 7.232e+04
1.754e-01 1.181e+05
1.748e-01 1.103e+05
1.410e-01 1.359e+05
1.448e-01 1.350e+05
1.239e-01 1.517e+05
1.352e-01 1.445e+05
1.836e-01 1.024e+05
1.634e-01 1.287e+05
1.757e-01 9.692e+04
1.306e-01 1.482e+05
1.279e-01 1.450e+05
1.622e-01 1.179e+05
1.382e-01 1.433e+05
1.362e-01 1.443e+05
1.405e-01 1.377e+05
1.434e-01 1.364e+05
1.362e-01 1.434e+05
1.404e-01 1.376e+05
1.279e-01 1.499e+05
1.418e-01 1.423e+05
1.786e-01 9.688e+04
1.349e-01 1.380e+05
1.402e-01 1.422e+05
1.498e-01 1.401e+05
1.680e-01 1.256e+05
2.088e-01 8.582e+04
2.204e-01 7.627e+04
1.671e-01 1.271e+05
1.390e-01 1.344e+05
1.357e-01 1.496e+05
1.383e-01 1.437e+05
1.377e-01 1.435e+05
1.389e-01 1.470e+05
1.840e-01 9.993e+04
1.359e-01 1.440e+05
1.453e-01 1.365e+05
1.354e-01 1.432e+05
2.204e-01 8.682e+04
1.987e-01 9.004e+04
1.396e-01 1.384e+05
1.353e-01 1.421e+05
2.233e-01 8.139e+04
1.516e-01 1.401e+05
2.017e-01 1.076e+05
1.399e-01 1.415e+05
1.367e-01 1.488e+05
2.401e-01 7.412e+04
2.157e-01 7.572e+04
1.377e-01 1.454e+05
1.310e-01 1.505e+05
1.321e-01 1.472e+05
1.265e-01 1.448e+05
1.313e-01 1.360e+05
1.402e-01 1.394e+05
1.734e-01 1.238e+05
1.343e-01 1.450e+05
1.295e-01 1.440e+05
1.638e-01 1.125e+05
1.486e-01 1.337e+05
1.336e-01 1.474e+05
1.322e-01 1.482e+05
1.634e-01 1.069e+05
2.186e-01 9.699e+04
1.360e-01 1.416e+05
1.448e-01 1.413e+05
1.278e-01 1.487e+05
1.367e-01 1.480e+05
1.361e-01 1.434e+05
1.348e-01 1.400e+05
1.386e-01 1.397e+05
1.346e-01 1.433e+05
1.454e-01 1.264e+05
1.571e-01 1.228e+05
1.758e-01 1.116e+05
1.492e-01 1.350e+05
1.290e-01 1.456e+05
1.375e-01 1.423e+05
1.330e-01 1.480e+05
1.360e-01 1.358e+05
1.371e-01 1.401e+05
1.304e-01 1.450e+05
1.487e-01 1.382e+05
1.395e-01 1.444e+05
2.089e-01 7.914e+04
1.509e-01 1.347e+05
1.429e-01 1.390e+05
1.485e-01 1.370e+05
1.447e-01 1.335e+05
1.630e-01 1.148e+05
1.914e-01 1.032e+05
1.422e-01 1.386e+05
2.469e-01 7.502e+04
1.417e-01 1.421e+05
1.469e-01 1.304e+05
1.932e-01 7.822e+04
1.420e-01 1.390e+05
1.578e-01 1.324e+05
1.336e-01 1.461e+05
1.424e-01 1.421e+05
1.313e-01 1.512e+05
1.428e-01 1.348e+05
1.383e-01 1.419e+05
1.355e-01 1.501e+05
1.362e-01 1.490e+05
1.473e-01 1.381e+05
2.032e-01 7.485e+04
1.327e-01 1.447e+05
1.437e-01 1.379e+05
1.434e-01 1.389e+05
1.403e-01 1.386e+05
1.773e-01 1.107e+05
1.426e-01 1.313e+05
1.279e-01 1.450e+05
1.990e-01 7.264e+04
1.382e-01 1.479e+05
1.372e-01 1.484e+05
1.456e-01 1.432e+05
1.958e-01 8.908e+04
1.377e-01 1.433e+05
1.472e-01 1.351e+05
1.397e-01 1.466e+05
1.364e-01 1.409e+05
1.462e-01 1.369e+05
1.420e-01 1.401e+05
1.375e-01 1.361e+05
1.755e-01 1.115e+05
1.457e-01 1.404e+05
1.331e-01 1.399e+05
1.493e-01 1.340e+05
1.342e-01 1.440e+05
1.544e-01 1.363e+05
1.430e-01 1.336e+05
1.491e-01 1.297e+05
1.451e-01 1.349e+05
1.291e-01 1.457e+05
1.963e-01 1.111e+05
2.238e-01 8.933e+04
1.619e-01 1.296e+05
1.378e-01 1.403e+05
1.376e-01 1.473e+05
1.421e-01 1.390e+05
1.370e-01 1.487e+05
1.525e-01 1.280e+05
2.171e-01 8.257e+04
1.668e-01 1.204e+05
1.427e-01 1.384e+05
2.126e-01 7.339e+04
1.363e-01 1.407e+05
1.558e-01 1.327e+05
1.358e-01 1.429e+05
1.244e-01 1.496e+05
1.259e-01 1.524e+05
1.296e-01 1.439e+05
1.581e-01 1.220e+05
1.679e-01 1.168e+05
1.452e-01 1.321e+05
1.343e-01 1.483e+05
1.429e-01 1.443e+05
2.208e-01 7.196e+04
2.299e-01 7.376e+04
1.394e-01 1.394e+05
1.290e-01 1.481e+05
1.338e-01 1.497e+05
1.342e-01 1.426e+05
1.296e-01 1.443e+05
1.818e-01 1.043e+05
2.281e-01 7.210e+04
2.208e-01 7.608e+04
1.962e-01 8.356e+04
1.343e-01 1.390e+05
2.008e-01 1.124e+05
1.795e-01 9.515e+04
1.397e-01 1.400e+05
1.461e-01 1.393e+05
1.561e-01 1.189e+05
2.056e-01 1.039e+05
1.358e-01 1.442e+05
1.437e-01 1.229e+05
1.398e-01 1.460e+05
1.514e-01 1.404e+05
1.281e-01 1.453e+05
1.376e-01 1.417e+05
1.329e-01 1.448e+05
1.340e-01 1.457e+05
2.619e-01 7.802e+04
2.490e-01 7.332e+04
1.939e-01 1.035e+05
1.454e-01 1.372e+05
1.375e-01 1.387e+05
1.550e-01 1.352e+05
1.386e-01 1.420e+05
1.427e-01 1.328e+05
1.339e-01 1.487e+05
1.431e-01 1.400e+05
1.343e-01 1.451e+05
1.343e-01 1.459e+05
1.760e-01 1.128e+05
1.318e-01 1.501e+05
1.661e-01 1.095e+05
1.354e-01 1.425e+05
1.428e-01 1.429e+05
1.378e-01 1.447e+05
1.817e-01 9.142e+04
1.312e-01 1.409e+05
1.415e-01 1.433e+05
1.419e-01 1.444e+05
2.365e-01 7.326e+04
1.367e-01 1.457e+05
1.289e-01 1.432e+05
2.406e-01 7.624e+04
1.323e-01 1.429e+05
1.262e-01 1.535e+05
2.227e-01 8.888e+04
2.468e-01 8.007e+04
1.334e-01 1.449e+05
1.417e-01 1.355e+05
1.387e-01 1.422e+05
1.358e-01 1.464e+05
1.254e-01 1.456e+05
1.361e-01 1.447e+05
1.366e-01 1.436e+05
1.305e-01 1.501e+05
2.089e-01 9.199e+04
1.542e-01 1.347e+05
1.509e-01 1.396e+05
1.263e-01 1.465e+05
1.376e-01 1.387e+05
1.367e-01 1.375e+05
1.336e-01 1.443e+05
1.331e-01 1.373e+05
2.573e-01 7.408e+04
1.977e-01 1.112e+05
1.672e-01 1.227e+05
1.930e-01 9.543e+04
1.890e-01 9.282e+04
1.348e-01 1.442e+05
1.440e-01 1.422e+05
1.323e-01 1.438e+05
1.424e-01 1.388e+05
1.343e-01 1.451e+05
2.106e-01 9.641e+04
1.358e-01 1.411e+05
1.791e-01 1.094e+05
1.296e-01 1.484e+05
1.362e-01 1.465e+05
2.068e-01 7.867e+04
1.354e-01 1.413e+05
1.310e-01 1.493e+05
1.357e-01 1.439e+05
1.965e-01 9.805e+04
1.345e-01 1.413e+05
1.853e-01 1.097e+05
1.487e-01 1.381e+05
1.450e-01 1.424e+05
1.658e-01 1.313e+05
1.341e-01 1.453e+05
1.278e-01 1.492e+05
1.343e-01 1.451e+05
1.414e-01 1.470e+05
1.417e-01 1.429e+05
1.547e-01 1.307e+05
1.505e-01 1.374e+05
1.392e-01 1.290e+05
1.381e-01 1.339e+05
1.367e-01 1.392e+05
1.391e-01 1.474e+05
1.360e-01 1.460e+05
1.984e-01 7.859e+04
1.469e-01 1.395e+05
1.696e-01 1.134e+05
1.384e-01 1.279e+05
1.899e-01 9.013e+04
1.337e-01 1.458e+05
1.390e-01 1.480e+05
1.673e-01 1.042e+05
2.060e-01 8.865e+04
1.271e-01 1.473e+05
1.324e-01 1.428e+05
1.267e-01 1.526e+05
1.369e-01 1.445e+05
1.367e-01 1.426e+05
1.442e-01 1.343e+05
1.359e-01 1.423e+05
1.652e-01 1.207e+05
1.316e-01 1.469e+05
1.380e-01 1.420e+05
1.308e-01 1.440e+05
1.645e-01 1.235e+05
1.440e-01 1.450e+05
1.341e-01 1.484e+05
1.340e-01 1.449e+05
1.288e-01 1.451e+05
1.449e-01 1.369e+05
1.358e-01 1.397e+05
1.261e-01 1.454e+05
1.504e-01 1.365e+05
1.842e-01 1.051e+05
1.354e-01 1.424e+05
2.241e-01 7.265e+04
1.779e-01 1.119e+05
2.180e-01 1.006e+05
1.298e-01 1.441e+05
1.347e-01 1.302e+05
1.369e-01 1.445e+05
2.075e-01 1.004e+05
1.339e-01 1.449e+05
2.180e-01 7.534e+04
1.939e-01 7.645e+04
1.393e-01 1.386e+05
1.423e-01 1.352e+05
1.396e-01 1.408e+05
2.085e-01 7.310e+04
1.342e-01 1.468e+05
2.439e-01 7.443e+04
1.860e-01 9.425e+04
1.301e-01 1.507e+05
1.664e-01 1.221e+05
1.416e-01 1.401e+05
1.527e-01 1.175e+05
1.321e-01 1.474e+05
1.337e-01 1.489e+05
1.292e-01 1.422e+05
1.809e-01 1.167e+05
1.992e-01 7.555e+04
2.060e-01 9.812e+04
1.395e-01 1.442e+05
1.343e-01 1.349e+05
2.359e-01 7.322e+04
2.387e-01 7.305e+04
1.380e-01 1.458e+05
1.267e-01 1.456e+05
1.377e-01 1.430e+05
1.622e-01 1.330e+05
1.378e-01 1.390e+05
1.854e-01 9.279e+04
1.412e-01 1.403e+05
1.448e-01 1.323e+05
1.527e-01 1.083e+05
1.422e-01 1.362e+05
1.686e-01 1.024e+05
1.394e-01 1.347e+05
1.389e-01 1.451e+05
1.270e-01 1.463e+05
1.474e-01 1.319e+05
1.342e-01 1.447e+05
1.253e-01 1.532e+05
1.442e-01 1.420e+05
1.352e-01 1.391e+05
1.803e-01 1.111e+05
1.806e-01 1.115e+05
1.280e-01 1.478e+05
1.398e-01 1.436e+05
1.398e-01 1.454e+05
1.400e-01 1.385e+05
1.313e-01 1.494e+05
1.387e-01 1.424e+05
1.307e-01 1.418e+05
1.351e-01 1.434e+05
1.301e-01 1.436e+05
1.281e-01 1.510e+05
2.111e-01 7.361e+04
1.383e-01 1.467e+05
1.327e-01 1.463e+05
1.269e-01 1.496e+05
1.496e-01 1.326e+05
2.325e-01 7.627e+04
2.591e-01 7.282e+04
1.494e-01 1.396e+05
2.172e-01 8.834e+04
2.545e-01 7.858e+04
1.496e-01 1.365e+05
1.341e-01 1.505e+05
1.370e-01 1.417e+05
1.974e-01 7.502e+04
1.465e-01 1.401e+05
1.438e-01 1.367e+05
1.462e-01 1.290e+05
2.039e-01 7.765e+04
2.037e-01 8.406e+04
1.376e-01 1.405e+05
1.295e-01 1.463e+05
1.319e-01 1.474e+05
1.323e-01 1.429e+05
1.339e-01 1.464e+05
1.716e-01 1.132e+05
1.744e-01 1.234e+05
1.405e-01 1.374e+05
1.398e-01 1.417e+05
1.935e-01 7.588e+04
1.360e-01 1.449e+05
1.432e-01 1.354e+05
1.425e-01 1.357e+05
1.319e-01 1.480e+05
1.786e-01 9.247e+04
1.507e-01 1.194e+05
1.395e-01 1.270e+05
1.352e-01 1.493e+05
1.269e-01 1.443e+05
1.337e-01 1.423e+05
2.002e-01 7.684e+04
1.403e-01 1.198e+05
2.169e-01 7.683e+04
1.627e-01 1.287e+05
1.377e-01 1.418e+05
1.375e-01 1.337e+05
1.440e-01 1.428e+05
1.500e-01 1.332e+05
1.318e-01 1.343e+05
1.411e-01 1.407e+05
2.046e-01 9.843e+04
1.426e-01 1.463e+05
1.588e-01 1.184e+05
1.409e-01 1.394e+05
1.677e-01 1.254e+05
1.272e-01 1.450e+05
1.307e-01 1.455e+05
1.338e-01 1.460e+05
2.466e-01 7.606e+04
1.496e-01 1.335e+05
1.465e-01 1.368e+05
1.345e-01 1.408e+05
1.283e-01 1.476e+05
1.458e-01 1.394e+05
1.817e-01 1.077e+05
1.285e-01 1.462e+05
1.275e-01 1.497e+05
1.828e-01 9.672e+04
1.372e-01 1.383e+05
1.992e-01 9.536e+04
2.001e-01 9.516e+04
2.216e-01 8.283e+04
2.409e-01 7.786e+04
2.761e-01 7.735e+04
1.429e-01 1.395e+05
1.470e-01 1.229e+05
2.379e-01 7.038e+04
1.316e-01 1.477e+05
2.232e-01 7.520e+04
1.412e-01 1.416e+05
1.401e-01 1.397e+05
1.385e-01 1.419e+05
1.408e-01 1.423e+05
2.044e-01 8.052e+04
2.194e-01 8.067e+04
1.362e-01 1.416e+05
1.850e-01 1.077e+05
1.455e-01 1.363e+05
1.399e-01 1.347e+05
1.435e-01 1.440e+05
1.770e-01 1.263e+05
1.341e-01 1.419e+05
2.132e-01 9.650e+04
1.481e-01 1.399e+05
1.334e-01 1.419e+05
1.313e-01 1.458e+05
1.373e-01 1.394e+05
1.450e-01 1.351e+05
1.291e-01 1.494e+05
1.326e-01 1.515e+05
1.345e-01 1.445e+05
1.336e-01 1.452e+05
1.371e-01 1.484e+05
1.647e-01 1.273e+05
1.343e-01 1.449e+05
1.310e-01 1.515e+05
1.555e-01 1.228e+05
2.226e-01 7.136e+04
2.351e-01 7.211e+04
1.720e-01 1.269e+05
2.131e-01 9.029e+04
1.316e-01 1.498e+05
1.389e-01 1.452e+05
1.343e-01 1.398e+05
1.428e-01 1.384e+05
1.402e-01 1.434e+05
1.334e-01 1.461e+05
1.272e-01 1.458e+05
1.358e-01 1.389e+05
2.010e-01 7.570e+04
1.334e-01 1.458e+05
1.826e-01 9.719e+04
1.423e-01 1.402e+05
1.388e-01 1.390e+05
2.065e-01 7.497e+04
1.452e-01 1.263e+05
1.274e-01 1.446e+05
1.374e-01 1.488e+05
1.840e-01 1.178e+05
1.415e-01 1.427e+05
1.319e-01 1.415e+05
1.363e-01 1.452e+05
1.365e-01 1.464e+05
1.310e-01 1.465e+05
1.586e-01 1.356e+05
1.443e-01 1.417e+05
1.317e-01 1.413e+05
2.034e-01 9.704e+04
2.192e-01 7.442e+04
1.988e-01 7.567e+04
1.316e-01 1.478e+05
1.274e-01 1.501e+05
1.500e-01 1.299e+05
1.780e-01 1.184e+05
1.390e-01 1.312e+05
2.268e-01 7.409e+04
1.490e-01 1.366e+05
1.423e-01 1.427e+05
1.339e-01 1.440e+05
1.852e-01 1.093e+05
1.444e-01 1.412e+05
1.684e-01 1.191e+05
1.262e-01 1.496e+05
1.969e-01 9.282e+04
1.487e-01 1.408e+05
1.345e-01 1.442e+05
1.691e-01 1.097e+05
1.513e-01 1.369e+05
1.385e-01 1.423e+05
1.506e-01 1.290e+05
1.396e-01 1.477e+05
1.418e-01 1.401e+05
2.171e-01 7.634e+04
1.369e-01 1.471e+05
1.408e-01 1.405e+05
2.014e-01 7.185e+04
1.346e-01 1.380e+05
1.335e-01 1.479e+05
1.394e-01 1.388e+05
1.552e-01 1.220e+05
1.340e-01 1.395e+05
1.360e-01 1.393e+05
2.136e-01 7.386e+04
1.256e-01 1.494e+05
1.293e-01 1.426e+05
1.339e-01 1.450e+05
1.459e-01 1.326e+05
1.640e-01 1.254e+05
2.602e-01 7.850e+04
1.357e-01 1.463e+05
1.722e-01 1.252e+05
1.383e-01 1.413e+05
1.409e-01 1.392e+05
1.319e-01 1.427e+05
1.282e-01 1.504e+05
1.458e-01 1.420e+05
2.243e-01 7.696e+04
1.551e-01 1.322e+05
1.398e-01 1.437e+05
1.386e-01 1.442e+05
1.372e-01 1.456e+05
1.319e-01 1.486e+05
1.372e-01 1.432e+05
1.313e-01 1.491e+05
1.398e-01 1.290e+05
1.356e-01 1.350e+05
1.419e-01 1.450e+05
1.371e-01 1.430e+05
1.278e-01 1.501e+05
1.410e-01 1.397e+05
1.416e-01 1.418e+05
1.447e-01 1.379e+05
1.294e-01 1.510e+05
1.974e-01 7.280e+04
1.673e-01 1.075e+05
1.319e-01 1.440e+05
1.358e-01 1.420e+05
1.347e-01 1.376e+05
1.774e-01 1.148e+05
1.425e-01 1.379e+05
1.305e-01 1.451e+05
1.321e-01 1.460e+05
1.486e-01 1.310e+05
2.317e-01 7.640e+04
1.938e-01 1.002e+05
2.086e-01 1.043e+05
1.345e-01 1.456e+05
1.893e-01 9.691e+04
1.532e-01 1.175e+05
1.381e-01 1.359e+05
1.494e-01 1.294e+05
1.309e-01 1.419e+05
1.386e-01 1.456e+05
1.328e-01 1.422e+05
1.387e-01 1.433e+05
1.343e-01 1.450e+05
1.380e-01 1.424e+05
1.386e-01 1.460e+05
1.366e-01 1.361e+05
2.130e-01 9.031e+04
1.330e-01 1.501e+05
1.378e-01 1.393e+05
1.275e-01 1.416e+05
1.506e-01 1.401e+05
2.087e-01 8.848e+04
1.426e-01 1.374e+05
1.340e-01 1.461e+05
1.940e-01 7.525e+04
1.299e-01 1.447e+05
1.406e-01 1.376e+05
1.336e-01 1.438e+05
1.405e-01 1.414e+05
1.369e-01 1.402e+05
1.396e-01 1.436e+05
2.028e-01 9.339e+04
1.310e-01 1.513e+05
1.484e-01 1.380e+05
1.282e-01 1.496e+05
1.314e-01 1.458e+05
1.359e-01 1.423e+05
1.387e-01 1.411e+05
1.436e-01 1.407e+05
1.352e-01 1.442e+05
1.428e-01 1.261e+05
1.384e-01 1.443e+05
1.482e-01 1.397e+05
1.873e-01 1.007e+05
1.269e-01 1.475e+05
1.533e-01 1.297e+05
1.621e-01 1.284e+05
2.250e-01 8.154e+04
1.263e-01 1.510e+05
1.321e-01 1.455e+05
1.405e-01 1.427e+05
1.360e-01 1.447e+05
1.369e-01 1.437e+05
1.535e-01 1.360e+05
1.420e-01 1.450e+05
1.467e-01 1.437e+05
1.281e-01 1.458e+05
1.581e-01 1.164e+05
1.418e-01 1.373e+05
1.443e-01 1.412e+05
2.078e-01 7.382e+04
1.841e-01 1.025e+05
1.833e-01 9.478e+04
1.368e-01 1.396e+05
2.173e-01 7.094e+04
1.382e-01 1.468e+05
1.684e-01 1.200e+05
1.276e-01 1.490e+05
1.373e-01 1.376e+05
1.516e-01 1.373e+05
1.491e-01 1.263e+05
1.276e-01 1.447e+05
2.328e-01 7.694e+04
1.598e-01 1.250e+05
1.420e-01 1.405e+05
1.434e-01 1.348e+05
1.955e-01 9.242e+04
1.723e-01 1.114e+05
1.441e-01 1.279e+05
1.426e-01 1.377e+05
1.381e-01 1.415e+05
1.983e-01 1.001e+05
1.929e-01 9.285e+04
1.407e-01 1.418e+05
1.485e-01 1.387e+05
1.339e-01 1.476e+05
1.650e-01 1.163e+05
1.395e-01 1.415e+05
1.526e-01 1.318e+05
1.394e-01 1.404e+05
1.500e-01 1.372e+05
1.262e-01 1.492e+05
1.344e-01 1.420e+05
1.352e-01 1.412e+05
1.376e-01 1.447e+05
1.354e-01 1.496e+05
2.496e-01 7.531e+04
1.444e-01 1.350e+05
2.190e-01 7.339e+04
1.391e-01 1.353e+05
1.265e-01 1.492e+05
2.226e-01 7.906e+04
2.120e-01 7.841e+04
1.243e-01 1.519e+05
1.432e-01 1.410e+05
2.565e-01 7.328e+04
1.316e-01 1.420e+05
2.064e-01 7.504e+04
1.344e-01 1.468e+05
1.265e-01 1.476e+05
2.041e-01 9.152e+04
2.302e-01 7.241e+04
1.362e-01 1.467e+05
1.347e-01 1.340e+05
2.076e-01 8.580e+04
1.374e-01 1.454e+05
1.493e-01 1.410e+05
1.477e-01 1.396e+05
2.035e-01 1.010e+05
1.283e-01 1.509e+05
1.419e-01 1.328e+05
1.498e-01 1.388e+05
1.545e-01 1.211e+05
1.294e-01 1.387e+05
1.387e-01 1.396e+05
1.393e-01 1.360e+05
1.311e-01 1.470e+05
1.319e-01 1.478e+05
2.731e-01 7.476e+04
1.844e-01 8.952e+04
1.305e-01 1.436e+05
1.708e-01 1.273e+05
1.347e-01 1.353e+05
1.323e-01 1.497e+05
1.326e-01 1.460e+05
1.267e-01 1.430e+05
1.383e-01 1.377e+05
1.318e-01 1.447e+05
1.317e-01 1.407e+05
2.084e-01 7.370e+04
1.413e-01 1.385e+05
1.244e-01 1.511e+05
1.703e-01 1.103e+05
1.731e-01 1.078e+05
1.339e-01 1.379e+05
1.369e-01 1.421e+05
1.581e-01 1.157e+05
1.982e-01 7.687e+04
2.000e-01 9.806e+04
1.354e-01 1.417e+05
1.596e-01 1.247e+05
1.376e-01 1.395e+05
2.054e-01 8.871e+04
1.771e-01 1.115e+05
1.409e-01 1.406e+05
2.156e-01 9.303e+04
1.315e-01 1.461e+05
1.410e-01 1.444e+05
1.574e-01 1.187e+05
1.253e-01 1.513e+05
2.158e-01 7.565e+04
2.174e-01 7.498e+04
1.422e-01 1.423e+05
1.389e-01 1.447e+05
1.387e-01 1.395e+05
1.346e-01 1.435e+05
1.306e-01 1.439e+05
1.416e-01 1.453e+05
2.421e-01 7.733e+04
1.376e-01 1.476e+05
1.367e-01 1.416e+05
1.733e-01 1.157e+05
1.564e-01 1.282e+05
2.072e-01 7.747e+04
1.482e-01 1.361e+05
1.384e-01 1.394e+05
1.589e-01 1.229e+05
1.349e-01 1.356e+05
1.348e-01 1.404e+05
1.869e-01 9.712e+04
1.286e-01 1.461e+05
1.373e-01 1.458e+05
1.409e-01 1.475e+05
1.321e-01 1.428e+05
1.352e-01 1.426e+05
2.190e-01 7.206e+04
1.264e-01 1.477e+05
1.350e-01 1.484e+05
1.364e-01 1.410e+05
1.282e-01 1.484e+05
1.354e-01 1.440e+05
1.332e-01 1.446e+05
1.340e-01 1.461e+05
1.637e-01 1.061e+05
1.395e-01 1.464e+05
1.347e-01 1.465e+05
1.551e-01 1.307e+05
1.468e-01 1.311e+05
1.387e-01 1.425e+05
1.859e-01 1.038e+05
1.447e-01 1.406e+05
1.436e-01 1.416e+05
1.301e-01 1.448e+05
1.435e-01 1.388e+05
1.472e-01 1.347e+05
1.469e-01 1.405e+05
1.313e-01 1.453e+05
1.565e-01 1.194e+05
1.460e-01 1.408e+05
1.491e-01 1.369e+05
1.291e-01 1.460e+05
1.373e-01 1.424e+05
1.391e-01 1.431e+05
1.366e-01 1.474e+05
1.283e-01 1.449e+05
1.315e-01 1.411e+05
1.373e-01 1.430e+05
1.364e-01 1.435e+05
1.475e-01 1.385e+05
2.238e-01 7.511e+04
1.326e-01 1.470e+05
1.308e-01 1.413e+05
1.338e-01 1.506e+05
1.628e-01 1.321e+05
1.258e-01 1.477e+05
1.676e-01 1.207e+05
1.621e-01 1.254e+05
1.299e-01 1.467e+05
2.009e-01 9.610e+04
1.353e-01 1.452e+05
1.716e-01 1.101e+05
1.529e-01 1.197e+05
1.656e-01 1.198e+05
1.303e-01 1.523e+05
1.360e-01 1.412e+05
1.380e-01 1.428e+05
1.349e-01 1.445e+05
1.264e-01 1.465e+05
1.373e-01 1.306e+05
1.535e-01 1.299e+05
1.442e-01 1.318e+05
1.628e-01 1.195e+05
1.297e-01 1.419e+05
1.563e-01 1.224e+05
1.422e-01 1.389e+05
1.498e-01 1.253e+05
1.383e-01 1.441e+05
1.897e-01 9.837e+04
1.374e-01 1.242e+05
1.948e-01 1.002e+05
1.447e-01 1.447e+05
1.615e-01 1.125e+05
1.439e-01 1.394e+05
1.724e-01 1.133e+05
1.527e-01 1.300e+05
1.380e-01 1.426e+05
2.099e-01 7.381e+04
1.458e-01 1.342e+05
1.371e-01 1.439e+05
1.439e-01 1.366e+05
1.334e-01 1.402e+05
2.058e-01 9.669e+04
1.991e-01 1.025e+05
2.363e-01 7.507e+04
1.387e-01 1.478e+05
2.240e-01 7.458e+04
1.323e-01 1.436e+05
1.282e-01 1.475e+05
1.354e-01 1.415e+05
1.356e-01 1.438e+05
1.468e-01 1.372e+05
1.442e-01 1.342e+05
1.465e-01 1.342e+05
1.422e-01 1.436e+05
1.430e-01 1.396e+05
1.992e-01 7.809e+04
1.537e-01 1.328e+05
1.398e-01 1.438e+05
1.546e-01 1.319e+05
1.335e-01 1.472e+05
1.364e-01 1.401e+05
1.774e-01 1.171e+05
1.306e-01 1.499e+05
2.303e-01 7.639e+04
1.342e-01 1.462e+05
1.360e-01 1.428e+05
1.423e-01 1.371e+05
2.313e-01 7.189e+04
1.393e-01 1.386e+05
1.311e-01 1.463e+05
1.541e-01 1.251e+05
1.756e-01 1.147e+05
2.176e-01 9.488e+04
1.340e-01 1.422e+05
1.302e-01 1.450e+05
1.844e-01 1.107e+05
1.409e-01 1.400e+05
1.357e-01 1.463e+05
1.393e-01 1.377e+05
1.295e-01 1.488e+05
1.637e-01 1.236e+05
1.348e-01 1.454e+05
1.981e-01 9.565e+04
1.719e-01 1.159e+05
1.643e-01 1.108e+05
1.330e-01 1.453e+05
1.884e-01 9.886e+04
1.584e-01 1.322e+05
1.540e-01 1.353e+05
2.128e-01 7.588e+04
1.379e-01 1.438e+05
1.657e-01 1.041e+05
2.200e-01 7.924e+04
1.442e-01 1.419e+05
1.372e-01 1.422e+05
1.669e-01 1.190e+05
1.293e-01 1.523e+05
1.411e-01 1.390e+05
1.422e-01 1.413e+05
1.450e-01 1.406e+05
1.380e-01 1.425e+05
1.312e-01 1.466e+05
1.294e-01 1.459e+05
1.899e-01 1.089e+05
1.578e-01 1.053e+05
1.404e-01 1.436e+05
1.292e-01 1.467e+05
1.258e-01 1.517e+05
1.420e-01 1.388e+05
1.353e-01 1.415e+05
1.282e-01 1.450e+05
1.252e-01 1.476e+05
1.390e-01 1.442e+05
1.920e-01 8.501e+04
1.428e-01 1.418e+05
2.000e-01 8.523e+04
1.373e-01 1.466e+05
1.252e-01 1.530e+05
1.375e-01 1.449e+05
1.375e-01 1.458e+05
1.495e-01 1.233e+05
1.375e-01 1.456e+05
1.288e-01 1.445e+05
1.320e-01 1.406e+05
1.299e-01 1.470e+05
1.304e-01 1.475e+05
1.829e-01 1.072e+05
1.371e-01 1.440e+05
1.376e-01 1.398e+05
1.338e-01 1.448e+05
1.432e-01 1.343e+05
1.314e-01 1.466e+05
1.375e-01 1.406e+05
1.354e-01 1.446e+05
1.387e-01 1.422e+05
2.254e-01 8.534e+04
1.528e-01 1.352e+05
1.405e-01 1.405e+05
1.380e-01 1.368e+05
1.305e-01 1.499e+05
1.364e-01 1.438e+05
1.297e-01 1.477e+05
1.738e-01 1.102e+05
1.972e-01 1.091e+05
1.413e-01 1.412e+05
1.519e-01 1.386e+05
2.457e-01 7.181e+04
1.943e-01 7.634e+04
1.556e-01 1.354e+05
1.353e-01 1.470e+05
1.374e-01 1.409e+05
1.417e-01 1.413e+05
1.977e-01 9.401e+04
1.267e-01 1.435e+05
1.506e-01 1.367e+05
1.404e-01 1.355e+05
1.906e-01 1.033e+05
1.351e-01 1.388e+05
1.761e-01 9.932e+04
1.446e-01 1.366e+05
1.381e-01 1.390e+05
1.343e-01 1.483e+05
1.771e-01 1.137e+05
1.427e-01 1.390e+05
1.480e-01 1.327e+05
1.769e-01 1.142e+05
1.365e-01 1.448e+05
1.711e-01 1.111e+05
1.257e-01 1.534e+05
1.340e-01 1.455e+05
1.403e-01 1.360e+05
1.382e-01 1.431e+05
1.811e-01 1.127e+05
1.244e-01 1.486e+05
2.223e-01 7.403e+04
1.388e-01 1.390e+05
1.497e-01 1.356e+05
1.306e-01 1.494e+05
1.338e-01 1.456e+05
1.381e-01 1.444e+05
1.411e-01 1.382e+05
2.259e-01 7.185e+04
2.152e-01 7.615e+04
1.465e-01 1.219e+05
2.333e-01 7.547e+04
1.326e-01 1.456e+05
2.058e-01 9.082e+04
1.310e-01 1.489e+05
1.389e-01 1.464e+05
1.395e-01 1.415e+05
1.686e-01 1.125e+05
1.454e-01 1.176e+05
1.848e-01 1.032e+05
1.375e-01 1.473e+05
1.454e-01 1.304e+05
2.037e-01 8.344e+04
1.348e-01 1.454e+05
1.372e-01 1.466e+05
1.438e-01 1.438e+05
1.930e-01 8.148e+04
1.349e-01 1.465e+05
2.310e-01 7.447e+04
1.258e-01 1.487e+05
2.778e-01 7.626e+04
1.797e-01 9.778e+04
1.358e-01 1.314e+05
1.349e-01 1.445e+05
1.792e-01 1.207e+05
1.301e-01 1.520e+05
1.373e-01 1.415e+05
1.254e-01 1.523e+05
1.354e-01 1.424e+05
1.654e-01 1.199e+05
1.817e-01 1.065e+05
1.608e-01 1.240e+05
1.371e-01 1.445e+05
1.523e-01 1.344e+05
1.280e-01 1.520e+05
1.380e-01 1.466e+05
1.533e-01 1.168e+05
1.380e-01 1.432e+05
1.292e-01 1.483e+05
1.685e-01 1.135e+05
1.575e-01 1.243e+05
1.721e-01 1.088e+05
1.346e-01 1.315e+05
1.478e-01 1.362e+05
1.998e-01 8.766e+04
1.436e-01 1.367e+05
1.359e-01 1.454e+05
1.531e-01 1.283e+05
1.288e-01 1.502e+05
1.595e-01 1.314e+05
1.281e-01 1.436e+05
1.539e-01 1.270e+05
1.374e-01 1.372e+05
1.329e-01 1.492e+05
1.507e-01 1.378e+05
1.363e-01 1.414e+05
1.273e-01 1.512e+05
2.118e-01 7.505e+04
1.413e-01 1.361e+05
2.052e-01 7.670e+04
1.321e-01 1.463e+05
1.358e-01 1.414e+05
1.389e-01 1.448e+05
1.326e-01 1.381e+05
1.472e-01 1.349e+05
1.344e-01 1.432e+05
1.536e-01 1.116e+05
1.382e-01 1.432e+05
1.951e-01 7.247e+04
2.508e-01 7.623e+04
1.497e-01 1.356e+05
1.405e-01 1.468e+05
2.164e-01 7.447e+04
1.577e-01 1.223e+05
1.282e-01 1.457e+05
1.539e-01 1.129e+05
1.363e-01 1.453e+05
1.960e-01 9.389e+04
1.261e-01 1.463e+05
1.397e-01 1.466e+05
1.890e-01 1.082e+05
1.697e-01 1.192e+05
1.359e-01 1.433e+05
1.427e-01 1.332e+05
1.425e-01 1.374e+05
1.330e-01 1.431e+05
1.299e-01 1.450e+05
1.432e-01 1.353e+05
2.334e-01 7.375e+04
1.380e-01 1.410e+05
1.289e-01 1.450e+05
1.432e-01 1.390e+05
1.257e-01 1.470e+05
2.117e-01 9.864e+04
1.351e-01 1.401e+05
1.327e-01 1.441e+05
1.462e-01 1.311e+05
1.839e-01 1.167e+05
1.335e-01 1.454e+05
1.889e-01 1.113e+05
1.553e-01 1.249e+05
1.267e-01 1.477e+05
1.349e-01 1.372e+05
1.297e-01 1.520e+05
1.357e-01 1.385e+05
2.257e-01 9.642e+04
1.468e-01 1.400e+05
1.406e-01 1.361e+05
2.327e-01 8.271e+04
1.271e-01 1.495e+05
1.296e-01 1.466e+05
1.662e-01 1.152e+05
1.921e-01 1.132e+05
2.372e-01 7.428e+04
1.330e-01 1.451e+05
1.361e-01 1.450e+05
1.294e-01 1.429e+05
1.354e-01 1.447e+05
1.340e-01 1.452e+05
1.392e-01 1.402e+05
1.979e-01 8.669e+04
2.322e-01 7.587e+04
1.610e-01 1.180e+05
1.439e-01 1.376e+05
1.617e-01 1.169e+05
1.816e-01 9.804e+04
1.319e-01 1.419e+05
1.289e-01 1.480e+05
2.454e-01 7.746e+04
2.177e-01 8.977e+04
1.816e-01 1.169e+05
1.558e-01 1.336e+05
2.034e-01 8.812e+04
1.692e-01 1.312e+05
1.357e-01 1.396e+05
1.375e-01 1.414e+05
1.324e-01 1.390e+05
1.536e-01 1.304e+05
1.353e-01 1.411e+05
1.369e-01 1.439e+05
1.380e-01 1.352e+05
1.354e-01 1.417e+05
1.357e-01 1.314e+05
1.267e-01 1.469e+05
1.428e-01 1.405e+05
2.458e-01 7.496e+04
1.851e-01 1.102e+05
1.313e-01 1.412e+05
1.369e-01 1.414e+05
1.933e-01 7.530e+04
1.248e-01 1.498e+05
1.886e-01 8.453e+04
1.340e-01 1.507e+05
2.480e-01 7.729e+04
1.291e-01 1.428e+05
1.267e-01 1.463e+05
1.325e-01 1.468e+05
1.726e-01 1.121e+05
1.460e-01 1.323e+05
1.761e-01 7.885e+04
1.411e-01 1.395e+05
1.427e-01 1.453e+05
1.255e-01 1.535e+05
1.354e-01 1.440e+05
1.465e-01 1.386e+05
1.359e-01 1.449e+05
1.251e-01 1.476e+05
1.998e-01 9.186e+04
1.245e-01 1.513e+05
1.340e-01 1.429e+05
1.349e-01 1.448e+05
1.488e-01 1.360e+05
1.749e-01 1.101e+05
1.919e-01 1.054e+05
1.377e-01 1.409e+05
1.437e-01 1.338e+05
1.455e-01 1.400e+05
1.954e-01 9.265e+04
1.281e-01 1.473e+05
1.341e-01 1.485e+05
1.478e-01 1.360e+05
1.834e-01 9.643e+04
1.330e-01 1.513e+05
2.385e-01 7.474e+04
1.426e-01 1.367e+05
1.958e-01 9.510e+04
2.560e-01 8.013e+04
2.119e-01 7.597e+04
1.327e-01 1.448e+05
1.263e-01 1.521e+05
1.373e-01 1.443e+05
1.994e-01 9.349e+04
1.413e-01 1.407e+05
1.343e-01 1.415e+05
2.117e-01 8.844e+04
1.286e-01 1.477e+05
2.122e-01 7.397e+04
1.418e-01 1.445e+05
1.314e-01 1.476e+05
1.401e-01 1.425e+05
1.400e-01 1.463e+05
2.284e-01 7.407e+04
1.323e-01 1.409e+05
1.387e-01 1.440e+05
1.358e-01 1.423e+05
1.400e-01 1.376e+05
1.412e-01 1.387e+05
1.366e-01 1.488e+05
1.354e-01 1.434e+05
1.291e-01 1.437e+05
1.313e-01 1.469e+05
1.386e-01 1.429e+05
2.130e-01 7.677e+04
1.696e-01 1.072e+05
2.460e-01 7.683e+04
1.608e-01 1.312e+05
1.317e-01 1.470e+05
1.247e-01 1.505e+05
1.330e-01 1.438e+05
2.329e-01 7.825e+04
1.481e-01 1.350e+05
1.344e-01 1.449e+05
2.630e-01 7.161e+04
1.910e-01 8.132e+04
1.877e-01 1.155e+05
1.464e-01 1.424e+05
1.258e-01 1.466e+05
1.312e-01 1.467e+05
1.410e-01 1.425e+05
1.543e-01 1.165e+05
1.405e-01 1.472e+05
1.563e-01 1.199e+05
1.364e-01 1.425e+05
1.334e-01 1.447e+05
2.878e-01 7.179e+04
1.389e-01 1.418e+05
1.316e-01 1.447e+05
1.473e-01 1.370e+05
1.250e-01 1.464e+05
1.562e-01 1.208e+05
1.590e-01 1.188e+05
1.404e-01 1.454e+05
1.523e-01 1.254e+05
1.397e-01 1.395e+05
1.334e-01 1.491e+05
2.174e-01 7.657e+04
1.619e-01 1.036e+05
1.388e-01 1.414e+05
1.822e-01 1.219e+05
1.324e-01 1.476e+05
1.994e-01 8.297e+04
1.287e-01 1.462e+05
1.498e-01 1.325e+05
1.279e-01 1.532e+05
1.366e-01 1.445e+05
2.263e-01 7.410e+04
1.353e-01 1.454e+05
1.403e-01 1.415e+05
1.440e-01 1.414e+05
1.364e-01 1.392e+05
1.358e-01 1.430e+05
1.729e-01 1.240e+05
1.802e-01 8.847e+04
1.432e-01 1.416e+05
1.331e-01 1.449e+05
1.411e-01 1.400e+05
1.409e-01 1.430e+05
1.582e-01 1.317e+05
1.437e-01 1.425e+05
1.411e-01 1.443e+05
1.411e-01 1.444e+05
1.522e-01 1.344e+05
1.290e-01 1.507e+05
1.394e-01 1.419e+05
1.367e-01 1.360e+05
1.426e-01 1.376e+05
1.330e-01 1.452e+05
1.328e-01 1.448e+05
1.965e-01 9.224e+04
1.284e-01 1.470e+05
1.448e-01 1.434e+05
1.482e-01 1.329e+05
1.386e-01 1.410e+05
1.438e-01 1.404e+05
1.309e-01 1.508e+05
1.306e-01 1.493e+05
1.363e-01 1.433e+05
1.423e-01 1.390e+05
1.512e-01 1.387e+05
1.353e-01 1.437e+05
1.305e-01 1.397e+05
1.365e-01 1.411e+05
1.466e-01 1.352e+05
1.548e-01 1.337e+05
1.338e-01 1.432e+05
1.278e-01 1.486e+05
1.374e-01 1.454e+05
1.259e-01 1.493e+05
1.373e-01 1.419e+05
1.348e-01 1.419e+05
1.459e-01 1.379e+05
1.528e-01 1.321e+05
1.415e-01 1.446e+05
2.259e-01 8.214e+04
1.916e-01 9.430e+04
1.381e-01 1.426e+05
1.734e-01 1.245e+05
1.527e-01 1.317e+05
1.303e-01 1.466e+05
1.367e-01 1.429e+05
1.311e-01 1.516e+05
1.841e-01 1.059e+05
1.496e-01 1.281e+05
1.392e-01 1.444e+05
1.801e-01 1.019e+05
1.285e-01 1.447e+05
1.479e-01 1.270e+05
2.043e-01 8.223e+04
1.347e-01 1.379e+05
1.447e-01 1.353e+05
1.320e-01 1.395e+05
1.462e-01 1.380e+05
1.394e-01 1.417e+05
1.348e-01 1.430e+05
1.525e-01 1.346e+05
1.359e-01 1.451e+05
2.288e-01 7.788e+04
1.341e-01 1.501e+05
1.338e-01 1.459e+05
1.528e-01 1.373e+05
1.793e-01 1.137e+05
1.345e-01 1.473e+05
1.380e-01 1.434e+05
1.486e-01 1.409e+05
1.377e-01 1.420e+05
1.305e-01 1.417e+05
1.672e-01 1.098e+05
1.351e-01 1.452e+05
1.377e-01 1.392e+05
1.329e-01 1.431e+05
1.400e-01 1.404e+05
1.364e-01 1.424e+05
1.331e-01 1.482e+05
1.416e-01 1.354e+05
1.412e-01 1.386e+05
1.378e-01 1.467e+05
1.349e-01 1.444e+05
1.377e-01 1.401e+05
1.265e-01 1.482e+05
1.387e-01 1.399e+05
1.473e-01 1.403e+05
1.590e-01 1.157e+05
2.097e-01 9.670e+04
1.413e-01 1.437e+05
1.402e-01 1.348e+05
1.272e-01 1.535e+05
1.390e-01 1.306e+05
1.322e-01 1.476e+05
1.358e-01 1.401e+05
1.283e-01 1.517e+05
1.416e-01 1.316e+05
1.333e-01 1.415e+05
1.360e-01 1.397e+05
1.413e-01 1.461e+05
1.380e-01 1.410e+05
2.256e-01 7.479e+04
1.367e-01 1.459e+05
1.263e-01 1.479e+05
1.664e-01 1.185e+05
1.379e-01 1.355e+05
1.517e-01 1.275e+05
1.502e-01 1.325e+05
2.219e-01 7.702e+04
1.433e-01 1.362e+05
1.439e-01 1.389e+05
1.425e-01 1.406e+05
1.261e-01 1.517e+05
1.332e-01 1.452e+05
1.260e-01 1.477e+05
1.503e-01 1.376e+05
1.380e-01 1.399e+05
1.974e-01 1.009e+05
1.407e-01 1.360e+05
1.410e-01 1.439e+05
1.327e-01 1.474e+05
1.452e-01 1.353e+05
1.364e-01 1.433e+05
1.389e-01 1.418e+05
2.192e-01 7.600e+04
1.786e-01 1.079e+05
1.395e-01 1.337e+05
1.848e-01 1.029e+05
1.409e-01 1.428e+05
2.369e-01 7.610e+04
1.485e-01 1.371e+05
1.727e-01 1.150e+05
1.303e-01 1.507e+05
2.228e-01 7.768e+04
1.413e-01 1.444e+05
1.373e-01 1.442e+05
1.501e-01 1.306e+05
1.333e-01 1.441e+05
1.398e-01 1.430e+05
1.373e-01 1.484e+05
1.818e-01 1.067e+05
1.380e-01 1.380e+05
1.458e-01 1.315e+05
1.381e-01 1.407e+05
1.418e-01 1.445e+05
2.034e-01 7.455e+04
1.841e-01 9.258e+04
1.472e-01 1.342e+05
1.424e-01 1.409e+05
2.123e-01 8.684e+04
1.404e-01 1.386e+05
1.445e-01 1.384e+05
1.317e-01 1.402e+05
1.889e-01 1.135e+05
1.340e-01 1.413e+05
2.887e-01 7.177e+04
1.565e-01 1.124e+05
1.739e-01 1.052e+05
1.305e-01 1.458e+05
1.356e-01 1.449e+05
1.405e-01 1.404e+05
1.321e-01 1.404e+05
1.354e-01 1.428e+05
1.448e-01 1.440e+05
1.441e-01 1.391e+05
1.293e-01 1.519e+05
2.088e-01 9.854e+04
2.096e-01 9.567e+04
1.339e-01 1.385e+05
1.410e-01 1.382e+05
1.301e-01 1.441e+05
1.346e-01 1.459e+05
1.461e-01 1.389e+05
1.344e-01 1.355e+05
1.408e-01 1.352e+05
1.348e-01 1.451e+05
1.516e-01 1.239e+05
1.379e-01 1.412e+05
1.339e-01 1.494e+05
1.390e-01 1.445e+05
1.577e-01 1.172e+05
1.645e-01 1.218e+05
2.247e-01 7.627e+04
1.422e-01 1.402e+05
1.311e-01 1.478e+05
1.959e-01 8.629e+04
1.505e-01 1.215e+05
1.350e-01 1.476e+05
1.337e-01 1.433e+05
1.546e-01 1.194e+05
1.309e-01 1.521e+05
2.048e-01 9.233e+04
1.915e-01 9.428e+04
1.340e-01 1.428e+05
2.345e-01 7.808e+04
1.307e-01 1.490e+05
1.327e-01 1.442e+05
2.010e-01 8.825e+04
1.863e-01 7.367e+04
1.386e-01 1.367e+05
1.317e-01 1.449e+05
1.397e-01 1.402e+05
1.395e-01 1.443e+05
1.508e-01 1.332e+05
1.446e-01 1.352e+05
2.111e-01 8.320e+04
1.334e-01 1.406e+05
1.331e-01 1.435e+05
2.837e-01 7.299e+04
1.555e-01 1.344e+05
1.268e-01 1.510e+05
1.408e-01 1.394e+05
1.422e-01 1.423e+05
1.388e-01 1.448e+05
1.625e-01 1.187e+05
1.378e-01 1.375e+05
2.113e-01 8.998e+04
1.325e-01 1.437e+05
2.369e-01 7.803e+04
1.361e-01 1.449e+05
1.643e-01 1.271e+05
1.366e-01 1.404e+05
1.329e-01 1.436e+05
1.472e-01 1.328e+05
2.021e-01 9.880e+04
1.841e-01 1.088e+05
1.378e-01 1.420e+05
1.330e-01 1.440e+05
1.346e-01 1.452e+05
1.377e-01 1.423e+05
1.378e-01 1.358e+05
1.397e-01 1.477e+05
2.274e-01 7.590e+04
1.505e-01 1.393e+05
1.304e-01 1.450e+05
1.302e-01 1.490e+05
2.195e-01 7.780e+04
1.326e-01 1.407e+05
2.295e-01 7.662e+04
1.328e-01 1.428e+05
2.098e-01 7.444e+04
1.492e-01 1.388e+05
2.008e-01 7.482e+04
1.777e-01 1.245e+05
1.515e-01 1.319e+05
1.953e-01 1.076e+05
1.342e-01 1.499e+05
1.400e-01 1.439e+05
1.458e-01 1.355e+05
1.262e-01 1.505e+05
1.449e-01 1.395e+05
1.316e-01 1.428e+05
1.955e-01 8.535e+04
1.443e-01 1.363e+05
1.364e-01 1.363e+05
1.477e-01 1.243e+05
1.456e-01 1.405e+05
1.704e-01 1.149e+05
1.437e-01 1.311e+05
1.637e-01 1.272e+05
1.261e-01 1.488e+05
1.468e-01 1.405e+05
1.532e-01 1.271e+05
1.396e-01 1.427e+05
1.454e-01 1.310e+05
1.400e-01 1.453e+05
1.521e-01 1.305e+05
1.363e-01 1.471e+05
1.425e-01 1.412e+05
1.379e-01 1.438e+05
1.391e-01 1.404e+05
1.315e-01 1.509e+05
1.419e-01 1.439e+05
1.402e-01 1.405e+05
1.445e-01 1.372e+05
1.386e-01 1.447e+05
1.255e-01 1.463e+05
1.600e-01 1.246e+05
1.373e-01 1.444e+05
1.272e-01 1.460e+05
2.023e-01 7.631e+04
1.364e-01 1.472e+05
2.135e-01 7.123e+04
1.295e-01 1.403e+05
1.308e-01 1.519e+05
1.572e-01 1.292e+05
1.388e-01 1.378e+05
1.467e-01 1.375e+05
1.408e-01 1.374e+05
2.013e-01 9.551e+04
1.332e-01 1.492e+05
1.407e-01 1.456e+05
1.376e-01 1.432e+05
1.460e-01 1.252e+05
1.491e-01 1.383e+05
2.131e-01 7.422e+04
1.345e-01 1.458e+05
1.879e-01 1.158e+05
1.254e-01 1.449e+05
1.383e-01 1.441e+05
1.391e-01 1.392e+05
1.712e-01 1.258e+05
1.534e-01 1.230e+05
1.464e-01 1.416e+05
2.296e-01 7.695e+04
1.403e-01 1.400e+05
1.580e-01 1.207e+05
1.946e-01 9.848e+04
1.309e-01 1.485e+05
1.399e-01 1.382e+05
1.330e-01 1.445e+05
1.373e-01 1.402e+05
1.983e-01 9.795e+04
1.648e-01 1.018e+05
1.337e-01 1.450e+05
1.331e-01 1.502e+05
1.403e-01 1.458e+05
1.389e-01 1.359e+05
1.377e-01 1.428e+05
1.483e-01 1.307e+05
1.475e-01 1.284e+05
1.489e-01 1.326e+05
1.352e-01 1.446e+05
1.376e-01 1.428e+05
1.331e-01 1.441e+05
1.815e-01 1.120e+05
1.669e-01 1.070e+05
1.410e-01 1.331e+05
1.406e-01 1.339e+05
1.336e-01 1.426e+05
1.466e-01 1.388e+05
1.350e-01 1.423e+05
1.363e-01 1.431e+05
1.305e-01 1.415e+05
2.278e-01 8.469e+04
1.399e-01 1.422e+05
1.295e-01 1.368e+05
1.714e-01 1.252e+05
1.283e-01 1.478e+05
1.398e-01 1.358e+05
1.369e-01 1.458e+05
2.488e-01 8.136e+04
1.750e-01 1.142e+05
1.966e-01 1.118e+05
1.404e-01 1.374e+05
1.360e-01 1.441e+05
1.948e-01 9.947e+04
1.605e-01 1.187e+05
1.628e-01 1.119e+05
