1.541e-01 1.418e+05
3.541e-01 9.492e+04
1.297e-01 1.509e+05
1.521e-01 1.400e+05
1.641e-01 1.267e+05
1.630e-01 1.411e+05
2.395e-01 7.492e+04
1.896e-01 1.363e+05
1.351e-01 1.466e+05
1.531e-01 1.425e+05
1.367e-01 1.449e+05
1.290e-01 1.452e+05
2.402e-01 8.018e+04
1.407e-01 1.473e+05
1.385e-01 1.470e+05
1.933e-01 1.369e+05
2.341e-01 8.170e+04
1.651e-01 1.400e+05
2.003e-01 1.284e+05
1.361e-01 1.499e+05
1.965e-01 1.350e+05
1.535e-01 1.418e+05
1.230e-01 1.492e+05
2.963e-01 7.514e+04
2.387e-01 1.189e+05
1.366e-01 1.440e+05
2.208e-01 1.329e+05
2.876e-07 4.682e+03
1.382e-01 1.469e+05
5.113e-01 9.640e+04
1.507e-01 1.419e+05
1.333e-01 1.503e+05
1.683e-01 1.363e+05
3.294e-01 1.108e+05
1.797e-01 1.378e+05
1.519e-01 1.451e+05
1.378e-01 1.443e+05
1.723e-01 1.389e+05
2.509e-01 1.173e+05
1.306e-01 1.429e+05
1.382e-01 1.469e+05
1.378e-01 1.463e+05
2.009e-01 1.250e+05
1.708e-01 1.390e+05
1.490e-01 1.426e+05
1.581e-01 1.389e+05
4.341e-01 8.725e+04
1.450e-01 1.427e+05
1.274e-01 1.470e+05
1.553e-01 1.364e+05
1.798e-01 1.340e+05
1.602e-01 1.432e+05
1.644e-01 1.356e+05
1.451e-01 1.415e+05
1.370e-01 1.449e+05
1.250e-01 1.455e+05
1.264e-01 1.457e+05
1.391e-01 1.476e+05
1.440e-01 1.440e+05
1.415e-01 1.429e+05
2.842e-01 7.445e+04
1.603e-01 1.379e+05
1.396e-01 1.452e+05
1.463e-01 1.426e+05
1.489e-01 1.459e+05
1.392e-01 1.487e+05
1.814e-01 1.223e+05
2.695e-01 1.191e+05
1.624e-01 1.307e+05
1.404e-01 1.444e+05
1.423e-01 1.431e+05
2.295e-01 1.195e+05
4.412e-01 9.889e+04
1.385e-01 1.394e+05
1.277e-01 1.485e+05
1.280e-05 2.239e+04
1.519e-01 1.434e+05
1.436e-01 1.453e+05
1.508e-01 1.404e+05
1.419e-01 1.441e+05
1.628e-01 1.376e+05
1.375e-01 1.468e+05
1.466e-01 1.398e+05
1.308e-01 1.511e+05
1.811e-01 1.352e+05
1.498e-01 1.407e+05
1.482e-01 1.397e+05
1.614e-01 1.387e+05
1.924e-01 1.322e+05
1.609e-01 1.425e+05
1.361e-01 1.471e+05
1.691e-01 1.379e+05
1.477e-01 1.456e+05
1.369e-01 1.485e+05
1.458e-01 1.462e+05
4.290e-01 8.964e+04
1.426e-01 1.435e+05
1.660e-01 1.393e+05
1.490e-01 1.438e+05
2.940e-01 7.566e+04
1.313e-01 1.504e+05
2.311e-01 1.115e+05
1.543e-01 1.452e+05
1.592e-01 1.391e+05
2.253e-01 1.196e+05
1.518e-01 1.440e+05
1.745e-01 1.387e+05
2.779e-01 1.202e+05
1.750e-01 1.319e+05
1.571e-01 1.405e+05
1.429e-01 1.445e+05
1.564e-01 1.422e+05
1.410e-01 1.451e+05
1.309e-01 1.500e+05
1.497e-01 1.429e+05
1.555e-01 1.394e+05
1.348e-01 1.480e+05
1.420e-01 1.451e+05
3.323e-01 9.772e+04
1.229e-01 1.476e+05
1.731e-01 1.283e+05
1.339e-01 1.451e+05
2.299e-01 1.198e+05
1.411e-01 1.438e+05
2.084e-01 1.259e+05
1.500e-01 1.433e+05
1.685e-01 1.346e+05
1.568e-01 1.351e+05
1.948e-06 1.176e+04
1.482e-01 1.425e+05
1.453e-01 1.413e+05
1.288e-01 1.483e+05
2.077e-01 1.249e+05
1.454e-01 1.408e+05
1.336e-01 1.502e+05
1.421e-01 1.436e+05
2.315e-01 1.002e+05
1.333e-01 1.479e+05
1.659e-01 1.367e+05
1.979e-01 1.217e+05
2.192e-01 1.284e+05
1.358e-01 1.467e+05
1.472e-01 1.448e+05
1.866e-01 1.333e+05
2.067e-01 1.243e+05
1.316e-01 1.483e+05
1.412e-01 1.459e+05
1.555e-01 1.435e+05
4.772e-06 2.054e+04
1.441e-01 1.444e+05
1.544e-01 1.416e+05
1.461e-01 1.479e+05
1.502e-01 1.444e+05
1.352e-01 1.455e+05
1.481e-01 1.422e+05
9.361e-06 2.222e+04
2.171e-01 7.559e+04
3.356e-01 1.137e+05
1.434e-01 1.438e+05
1.364e-01 1.413e+05
1.552e-01 1.393e+05
1.351e-01 1.451e+05
1.372e-01 1.464e+05
1.736e-01 1.364e+05
2.205e-01 1.290e+05
1.330e-01 1.429e+05
1.475e-01 1.424e+05
1.251e-01 1.526e+05
1.928e-01 1.273e+05
3.727e-06 1.395e+04
1.402e-01 1.459e+05
1.341e-01 1.449e+05
1.577e-01 1.423e+05
2.857e-01 1.171e+05
1.399e-01 1.436e+05
2.659e-01 1.157e+05
1.365e-01 1.431e+05
1.426e-01 1.409e+05
1.401e-01 1.461e+05
1.965e-01 1.345e+05
3.396e-01 7.645e+04
1.450e-01 1.454e+05
2.325e-01 1.158e+05
1.381e-01 1.450e+05
2.243e-01 1.277e+05
2.608e-01 7.571e+04
1.637e-01 1.399e+05
2.570e-01 1.186e+05
1.245e-01 1.474e+05
1.484e-01 1.447e+05
1.388e-01 1.455e+05
1.409e-01 1.455e+05
1.463e-01 1.454e+05
1.870e-01 1.264e+05
1.418e-01 1.422e+05
2.075e-01 1.131e+05
2.824e-01 1.123e+05
1.338e-01 1.495e+05
2.069e-01 1.284e+05
1.293e-01 1.462e+05
2.904e-01 7.444e+04
1.536e-01 1.385e+05
2.003e-01 1.310e+05
1.986e-01 1.285e+05
1.513e-01 1.426e+05
1.600e-01 1.413e+05
1.848e-01 1.173e+05
2.732e-01 7.663e+04
1.423e-01 1.449e+05
1.211e-01 1.510e+05
1.260e-01 1.455e+05
1.297e-01 1.463e+05
1.308e-01 1.488e+05
1.386e-01 1.467e+05
1.296e-01 1.458e+05
1.577e-01 1.368e+05
1.512e-01 1.454e+05
1.382e-01 1.484e+05
1.373e-01 1.440e+05
1.637e-01 1.380e+05
1.490e-01 1.461e+05
1.451e-01 1.434e+05
1.395e-01 1.484e+05
1.513e-01 1.414e+05
1.529e-01 1.404e+05
1.657e-01 1.385e+05
1.440e-01 1.458e+05
1.947e-01 1.209e+05
1.301e-01 1.437e+05
1.366e-01 1.455e+05
2.339e-01 7.647e+04
1.593e-01 1.354e+05
1.314e-01 1.477e+05
1.548e-01 1.389e+05
1.571e-01 1.402e+05
1.328e-01 1.462e+05
1.841e-01 1.235e+05
1.534e-01 1.387e+05
1.457e-01 1.456e+05
1.494e-01 1.444e+05
2.889e-01 7.649e+04
1.346e-01 1.473e+05
1.447e-01 1.436e+05
1.322e-01 1.487e+05
1.480e-01 1.437e+05
1.338e-01 1.456e+05
1.435e-01 1.439e+05
3.087e-01 8.124e+04
1.397e-01 1.462e+05
2.541e-01 8.880e+04
1.267e-01 1.482e+05
1.772e-01 1.347e+05
1.494e-01 1.473e+05
1.487e-01 1.438e+05
1.518e-01 1.426e+05
1.911e-01 1.341e+05
3.528e-01 8.603e+04
1.558e-01 1.438e+05
2.583e-01 1.149e+05
1.234e-01 1.469e+05
1.390e-01 1.455e+05
1.348e-01 1.397e+05
1.286e-01 1.499e+05
1.795e-01 1.299e+05
1.567e-01 1.449e+05
1.502e-01 1.451e+05
1.954e-01 1.277e+05
1.404e-01 1.429e+05
4.721e-06 9.778e+03
1.288e-01 1.508e+05
1.449e-01 1.403e+05
1.362e-01 1.463e+05
1.248e-01 1.477e+05
1.315e-01 1.396e+05
1.508e-01 1.438e+05
1.331e-01 1.459e+05
1.618e-01 1.301e+05
1.568e-01 1.383e+05
1.333e-01 1.424e+05
2.175e-01 1.188e+05
1.296e-01 1.419e+05
1.662e-01 1.389e+05
1.994e-01 1.289e+05
1.440e-01 1.395e+05
9.225e-06 8.389e+03
1.408e-01 1.472e+05
1.224e-01 1.487e+05
1.384e-01 1.454e+05
6.828e-08 8.025e+03
1.382e-01 1.432e+05
1.419e-01 1.453e+05
1.542e-01 1.428e+05
1.905e-01 1.222e+05
1.346e-01 1.507e+05
1.657e-01 1.365e+05
2.380e-01 1.085e+05
1.425e-01 1.403e+05
3.561e-01 1.122e+05
1.333e-01 1.370e+05
1.463e-01 1.469e+05
1.459e-01 1.417e+05
1.352e-01 1.410e+05
1.441e-01 1.416e+05
2.524e-01 1.167e+05
1.381e-01 1.441e+05
3.985e-01 8.350e+04
1.649e-01 1.372e+05
1.379e-01 1.492e+05
1.259e-01 1.494e+05
2.301e-01 1.021e+05
1.547e-01 1.357e+05
1.294e-01 1.496e+05
3.733e-01 7.730e+04
2.444e-01 1.190e+05
5.572e-06 1.560e+04
2.224e-01 1.212e+05
1.889e-01 1.336e+05
1.294e-01 1.462e+05
5.402e-01 1.054e+05
1.953e-01 1.314e+05
1.369e-01 1.453e+05
1.871e-01 1.330e+05
1.655e-01 1.365e+05
1.465e-01 1.413e+05
1.385e-01 1.441e+05
1.672e-01 1.386e+05
1.323e-01 1.447e+05
1.408e-01 1.385e+05
2.966e-01 1.178e+05
3.002e-01 8.727e+04
1.446e-01 1.433e+05
1.240e-01 1.506e+05
1.506e-01 1.371e+05
1.386e-01 1.422e+05
1.315e-01 1.432e+05
1.466e-01 1.432e+05
1.275e-01 1.519e+05
1.572e-01 1.362e+05
1.718e-01 1.404e+05
1.392e-01 1.463e+05
1.673e-01 1.366e+05
1.513e-01 1.411e+05
1.386e-01 1.456e+05
1.509e-01 1.415e+05
1.402e-01 1.442e+05
1.319e-01 1.515e+05
5.918e-06 1.016e+04
1.577e-01 1.439e+05
2.702e-01 1.150e+05
1.386e-01 1.453e+05
2.397e-01 1.136e+05
1.396e-01 1.487e+05
1.389e-01 1.497e+05
1.204e-01 1.534e+05
1.452e-01 1.379e+05
1.756e-01 1.330e+05
1.309e-01 1.508e+05
1.590e-01 1.405e+05
1.436e-01 1.426e+05
1.526e-01 1.453e+05
1.482e-01 1.404e+05
4.343e-01 1.065e+05
1.436e-01 1.447e+05
1.637e-01 1.286e+05
1.255e-01 1.519e+05
1.645e-01 1.258e+05
1.531e-01 1.403e+05
1.487e-01 1.424e+05
1.759e-01 1.363e+05
2.644e-01 7.530e+04
1.260e-01 1.481e+05
1.417e-01 1.395e+05
1.388e-01 1.491e+05
1.814e-01 1.282e+05
2.434e-01 1.257e+05
1.520e-01 1.427e+05
1.671e-01 1.352e+05
1.522e-01 1.415e+05
1.446e-01 1.445e+05
1.648e-01 1.392e+05
2.011e-01 1.317e+05
1.489e-01 1.387e+05
1.293e-01 1.454e+05
2.370e-01 8.079e+04
1.772e-01 1.278e+05
1.468e-01 1.412e+05
1.231e-01 1.490e+05
2.721e-01 1.224e+05
1.619e-01 1.344e+05
1.654e-01 1.397e+05
1.372e-01 1.466e+05
2.797e-01 1.185e+05
1.324e-01 1.462e+05
1.326e-01 1.472e+05
1.371e-01 1.407e+05
1.228e-05 1.671e+04
1.231e-01 1.501e+05
1.353e-01 1.500e+05
1.925e-01 1.274e+05
2.938e-01 8.780e+04
2.449e-01 1.233e+05
2.238e-06 1.164e+04
1.289e-01 1.476e+05
2.271e-07 1.035e+04
3.551e-01 1.132e+05
1.626e-01 1.314e+05
2.625e-01 1.242e+05
1.687e-01 1.321e+05
1.585e-01 1.356e+05
1.395e-01 1.433e+05
1.502e-01 1.416e+05
3.532e-06 7.449e+03
1.366e-01 1.507e+05
5.657e-06 1.110e+04
1.406e-01 1.454e+05
1.353e-01 1.474e+05
1.382e-01 1.488e+05
3.025e-01 9.798e+04
1.365e-01 1.433e+05
1.230e-01 1.491e+05
1.342e-01 1.505e+05
1.624e-01 1.431e+05
1.301e-01 1.461e+05
2.207e-01 7.652e+04
1.477e-01 1.424e+05
1.457e-01 1.414e+05
1.680e-01 1.423e+05
2.881e-01 1.206e+05
1.661e-01 1.365e+05
1.399e-01 1.410e+05
1.738e-01 1.354e+05
1.417e-01 1.437e+05
1.348e-01 1.432e+05
1.357e-01 1.458e+05
1.766e-01 1.314e+05
1.425e-01 1.444e+05
1.451e-01 1.336e+05
1.475e-01 1.449e+05
1.275e-01 1.460e+05
1.290e-01 1.450e+05
1.868e-01 1.247e+05
2.316e-01 1.279e+05
2.199e-01 1.240e+05
1.263e-01 1.456e+05
1.302e-01 1.452e+05
2.429e-01 9.526e+04
1.463e-01 1.432e+05
2.875e-01 1.166e+05
1.657e-01 1.345e+05
1.924e-01 1.273e+05
1.521e-01 1.435e+05
1.757e-01 1.399e+05
2.277e-01 1.199e+05
1.451e-01 1.443e+05
2.049e-01 1.326e+05
1.513e-01 1.388e+05
1.440e-01 1.420e+05
3.727e-01 1.114e+05
2.605e-01 1.227e+05
1.930e-01 1.363e+05
2.760e-01 1.169e+05
3.350e-01 9.095e+04
1.218e-01 1.522e+05
1.305e-01 1.416e+05
1.527e-01 1.424e+05
1.768e-01 1.355e+05
1.811e-01 1.361e+05
1.455e-01 1.445e+05
1.366e-01 1.466e+05
1.425e-01 1.429e+05
1.463e-01 1.439e+05
1.244e-01 1.531e+05
2.410e-01 7.460e+04
1.442e-01 1.371e+05
1.576e-01 1.423e+05
1.418e-01 1.420e+05
1.315e-01 1.471e+05
1.380e-01 1.438e+05
1.524e-01 1.423e+05
1.582e-01 1.357e+05
2.898e-01 1.110e+05
1.259e-01 1.515e+05
1.656e-01 1.405e+05
1.638e-01 1.385e+05
3.090e-01 1.176e+05
1.471e-01 1.409e+05
1.514e-01 1.431e+05
2.012e-01 1.308e+05
1.232e-01 1.492e+05
1.384e-01 1.442e+05
1.451e-01 1.436e+05
1.949e-01 1.278e+05
2.852e-01 1.216e+05
1.584e-01 1.448e+05
1.334e-01 1.464e+05
2.456e-01 7.718e+04
1.571e-01 1.409e+05
1.598e-01 1.357e+05
1.475e-01 1.447e+05
1.395e-01 1.464e+05
2.502e-01 1.161e+05
2.352e-01 7.690e+04
1.368e-01 1.468e+05
1.471e-01 1.409e+05
1.551e-01 1.447e+05
1.438e-01 1.453e+05
1.876e-01 1.371e+05
1.873e-01 1.065e+05
2.896e-01 1.189e+05
2.740e-01 7.623e+04
1.653e-01 1.366e+05
1.413e-01 1.424e+05
2.079e-01 7.770e+04
1.723e-01 1.257e+05
1.420e-01 1.476e+05
1.490e-01 1.463e+05
2.231e-01 1.280e+05
1.546e-01 1.431e+05
1.252e-01 1.473e+05
1.335e-01 1.485e+05
1.363e-01 1.441e+05
1.421e-01 1.456e+05
2.083e-01 1.240e+05
1.654e-01 1.409e+05
1.639e-01 1.376e+05
1.809e-01 1.344e+05
1.499e-01 1.405e+05
1.919e-01 1.244e+05
1.443e-01 1.480e+05
1.425e-01 1.425e+05
1.496e-01 1.413e+05
2.826e-01 7.650e+04
1.433e-01 1.460e+05
1.294e-01 1.497e+05
1.265e-01 1.493e+05
1.433e-01 1.423e+05
2.067e-01 1.225e+05
1.473e-01 1.423e+05
1.295e-01 1.469e+05
1.289e-01 1.446e+05
1.651e-01 1.334e+05
1.704e-01 1.315e+05
2.243e-01 1.216e+05
1.651e-01 1.366e+05
1.369e-01 1.464e+05
1.302e-01 1.513e+05
2.310e-01 1.214e+05
1.317e-01 1.463e+05
2.610e-01 7.858e+04
1.254e-01 1.509e+05
1.644e-01 1.352e+05
1.274e-01 1.518e+05
1.479e-01 1.414e+05
1.794e-06 1.157e+04
1.384e-01 1.460e+05
3.294e-01 1.146e+05
1.916e-05 1.513e+04
1.601e-01 1.357e+05
1.224e-01 1.528e+05
1.525e-01 1.417e+05
1.499e-01 1.403e+05
1.808e-06 1.214e+04
1.662e-01 1.373e+05
6.774e-06 2.001e+04
1.461e-01 1.401e+05
1.301e-01 1.514e+05
1.397e-01 1.497e+05
1.434e-01 1.452e+05
3.126e-01 7.401e+04
3.468e-01 7.467e+04
1.371e-01 1.361e+05
1.383e-01 1.476e+05
1.376e-01 1.466e+05
1.521e-01 1.447e+05
1.313e-01 1.489e+05
2.661e-01 1.254e+05
1.360e-01 1.498e+05
1.565e-01 1.418e+05
1.455e-01 1.431e+05
2.249e-01 1.215e+05
1.607e-01 1.409e+05
2.729e-01 9.823e+04
1.276e-01 1.481e+05
2.335e-01 7.605e+04
1.696e-01 1.398e+05
2.631e-01 8.781e+04
1.386e-01 1.391e+05
1.208e-01 1.531e+05
1.672e-01 1.334e+05
1.511e-01 1.424e+05
1.500e-01 1.423e+05
1.483e-01 1.420e+05
1.259e-01 1.507e+05
1.251e-01 1.461e+05
1.303e-01 1.498e+05
2.859e-01 1.017e+05
2.204e-01 1.269e+05
1.333e-01 1.485e+05
1.305e-01 1.517e+05
1.389e-01 1.420e+05
1.522e-01 1.468e+05
1.528e-01 1.352e+05
1.761e-01 1.339e+05
1.403e-01 1.440e+05
1.425e-01 1.485e+05
1.363e-01 1.472e+05
1.416e-01 1.462e+05
1.976e-01 1.279e+05
2.036e-01 1.242e+05
1.246e-01 1.471e+05
1.375e-01 1.461e+05
1.644e-01 1.346e+05
1.326e-01 1.462e+05
2.039e-01 1.260e+05
2.122e-01 1.328e+05
1.366e-01 1.489e+05
1.381e-01 1.441e+05
2.032e-01 1.295e+05
1.336e-01 1.511e+05
2.617e-01 9.483e+04
1.832e-01 1.290e+05
1.478e-01 1.433e+05
1.457e-01 1.450e+05
1.736e-01 1.404e+05
2.465e-01 1.216e+05
2.713e-01 7.198e+04
1.798e-01 1.323e+05
2.857e-01 9.243e+04
1.463e-01 1.446e+05
1.525e-01 1.384e+05
1.386e-01 1.474e+05
2.612e-01 9.868e+04
1.360e-01 1.449e+05
1.390e-01 1.440e+05
1.342e-01 1.441e+05
3.278e-01 8.768e+04
2.669e-01 8.519e+04
1.616e-01 1.399e+05
1.445e-01 1.438e+05
1.496e-01 1.413e+05
3.087e-01 7.397e+04
1.339e-01 1.396e+05
1.405e-01 1.437e+05
1.418e-01 1.483e+05
1.391e-01 1.464e+05
2.534e-01 7.928e+04
1.789e-01 1.191e+05
1.303e-01 1.464e+05
1.706e-01 1.332e+05
1.712e-01 1.356e+05
1.256e-01 1.506e+05
1.471e-01 1.423e+05
1.665e-01 1.380e+05
2.478e-01 7.711e+04
1.651e-01 1.353e+05
5.099e-01 1.037e+05
1.500e-01 1.424e+05
4.369e-01 1.030e+05
1.704e-01 1.423e+05
5.358e-01 1.108e+05
1.321e-01 1.392e+05
1.285e-01 1.475e+05
1.535e-01 1.417e+05
1.573e-01 1.388e+05
1.456e-01 1.456e+05
2.009e-01 1.272e+05
1.416e-01 1.443e+05
1.551e-01 1.438e+05
2.072e-01 1.206e+05
3.380e-01 8.619e+04
1.528e-01 1.423e+05
1.337e-01 1.470e+05
2.370e-06 7.664e+03
1.974e-01 1.333e+05
1.534e-01 1.422e+05
1.522e-01 1.438e+05
1.432e-01 1.454e+05
1.480e-01 1.423e+05
1.483e-01 1.395e+05
1.445e-01 1.430e+05
8.240e-06 5.305e+03
1.270e-01 1.490e+05
2.726e-01 7.762e+04
1.255e-01 1.474e+05
1.390e-01 1.464e+05
1.388e-01 1.407e+05
1.389e-01 1.452e+05
1.531e-01 1.401e+05
1.366e-01 1.435e+05
1.562e-01 1.445e+05
3.269e-01 7.495e+04
1.293e-01 1.432e+05
1.398e-01 1.471e+05
2.676e-01 8.647e+04
1.748e-01 1.390e+05
1.483e-01 1.349e+05
3.098e-01 7.795e+04
2.899e-01 7.393e+04
1.458e-01 1.456e+05
1.312e-01 1.481e+05
1.591e-01 1.401e+05
1.525e-01 1.416e+05
1.429e-01 1.436e+05
1.939e-01 1.253e+05
1.386e-01 1.477e+05
1.834e-01 1.360e+05
1.647e-01 1.371e+05
1.611e-01 1.366e+05
1.354e-01 1.477e+05
1.949e-01 1.331e+05
1.322e-01 1.501e+05
1.260e-01 1.512e+05
2.281e-01 1.140e+05
1.505e-06 2.656e+04
2.792e-01 7.813e+04
2.696e-01 7.872e+04
2.314e-01 9.217e+04
1.375e-01 1.447e+05
2.487e-01 7.441e+04
1.703e-01 1.325e+05
1.745e-01 1.318e+05
1.746e-01 1.341e+05
1.911e-01 1.346e+05
1.452e-01 1.487e+05
1.396e-01 1.487e+05
1.256e-01 1.521e+05
1.499e-01 1.359e+05
2.356e-01 1.276e+05
1.418e-01 1.449e+05
1.541e-01 1.447e+05
1.378e-01 1.445e+05
1.346e-01 1.443e+05
2.598e-01 1.119e+05
1.450e-01 1.442e+05
1.308e-01 1.471e+05
1.804e-01 1.306e+05
1.938e-01 1.279e+05
1.603e-01 1.422e+05
1.438e-01 1.444e+05
1.214e-01 1.492e+05
1.462e-01 1.448e+05
1.287e-01 1.475e+05
1.337e-01 1.435e+05
1.290e-01 1.487e+05
1.496e-01 1.453e+05
2.294e-01 8.447e+04
1.343e-01 1.464e+05
1.751e-01 1.374e+05
2.781e-01 7.564e+04
2.569e-01 7.203e+04
1.400e-01 1.423e+05
1.339e-01 1.431e+05
2.029e-01 1.212e+05
3.739e-01 9.792e+04
1.366e-01 1.469e+05
1.894e-01 1.240e+05
1.647e-01 1.428e+05
1.620e-01 1.425e+05
1.239e-01 1.489e+05
2.114e-01 1.249e+05
2.317e-01 1.263e+05
1.509e-01 1.430e+05
1.363e-01 1.463e+05
3.067e-01 8.387e+04
1.391e-01 1.456e+05
1.543e-01 1.400e+05
1.281e-01 1.449e+05
1.292e-01 1.524e+05
1.469e-01 1.430e+05
1.382e-01 1.438e+05
1.414e-01 1.464e+05
1.640e-01 1.429e+05
1.609e-01 1.387e+05
1.415e-01 1.446e+05
2.938e-01 1.191e+05
1.541e-01 1.411e+05
1.366e-01 1.446e+05
2.719e-01 7.370e+04
1.588e-01 1.344e+05
1.399e-01 1.480e+05
1.763e-01 1.328e+05
1.534e-01 1.413e+05
1.972e-01 1.272e+05
1.314e-01 1.506e+05
2.066e-01 1.259e+05
1.359e-01 1.465e+05
1.384e-01 1.444e+05
1.863e-01 1.379e+05
4.467e-01 1.097e+05
1.286e-01 1.423e+05
1.469e-01 1.449e+05
2.986e-01 8.713e+04
1.383e-01 1.445e+05
1.350e-01 1.488e+05
1.494e-01 1.395e+05
1.446e-01 1.445e+05
1.528e-01 1.441e+05
1.554e-01 1.403e+05
3.528e-01 9.017e+04
3.322e-01 7.775e+04
1.405e-01 1.469e+05
1.424e-01 1.452e+05
1.592e-01 1.411e+05
2.445e-01 7.139e+04
1.950e-01 1.287e+05
2.434e-01 1.191e+05
1.694e-01 1.408e+05
1.472e-01 1.451e+05
1.800e-01 1.333e+05
1.418e-01 1.459e+05
4.456e-01 9.662e+04
1.557e-01 1.435e+05
1.459e-01 1.448e+05
1.441e-01 1.413e+05
2.699e-01 1.167e+05
1.820e-01 1.310e+05
3.036e-01 1.138e+05
2.862e-01 7.582e+04
1.336e-01 1.408e+05
1.562e-01 1.379e+05
1.584e-01 1.387e+05
1.283e-01 1.465e+05
1.675e-01 1.384e+05
1.332e-01 1.422e+05
1.588e-01 1.437e+05
2.802e-01 1.192e+05
1.944e-01 1.260e+05
1.714e-01 1.345e+05
1.496e-01 1.451e+05
1.260e-01 1.467e+05
1.391e-01 1.456e+05
1.399e-01 1.488e+05
1.510e-01 1.422e+05
1.305e-01 1.500e+05
1.399e-01 1.447e+05
2.538e-01 1.170e+05
1.483e-01 1.326e+05
1.756e-01 1.266e+05
1.202e-01 1.523e+05
2.108e-01 1.323e+05
2.085e-01 1.317e+05
2.626e-01 1.186e+05
1.268e-01 1.461e+05
1.471e-01 1.428e+05
1.540e-01 1.399e+05
1.434e-01 1.420e+05
1.296e-01 1.467e+05
1.334e-01 1.481e+05
1.465e-01 1.413e+05
1.405e-01 1.465e+05
1.510e-01 1.406e+05
1.480e-01 1.385e+05
2.316e-07 1.039e+04
1.727e-01 1.359e+05
1.562e-01 1.379e+05
1.508e-01 1.440e+05
1.406e-01 1.448e+05
1.446e-01 1.404e+05
1.327e-01 1.519e+05
1.353e-01 1.469e+05
1.370e-01 1.470e+05
4.797e-07 1.023e+04
1.279e-01 1.466e+05
1.708e-01 1.424e+05
1.485e-01 1.406e+05
1.578e-01 1.458e+05
1.303e-01 1.463e+05
2.175e-01 1.032e+05
1.893e-01 1.346e+05
1.297e-01 1.481e+05
1.932e-01 1.301e+05
1.375e-01 1.442e+05
2.097e-01 1.277e+05
3.143e-01 1.155e+05
1.407e-01 1.372e+05
2.270e-01 1.162e+05
1.363e-01 1.377e+05
1.271e-01 1.477e+05
1.666e-01 1.270e+05
1.582e-01 1.405e+05
1.432e-01 1.436e+05
1.441e-01 1.440e+05
1.501e-01 1.426e+05
1.398e-01 1.455e+05
2.346e-01 1.215e+05
1.622e-01 1.312e+05
1.670e-01 1.269e+05
1.306e-01 1.495e+05
1.448e-01 1.447e+05
1.344e-01 1.430e+05
1.286e-01 1.480e+05
1.333e-01 1.478e+05
1.226e-05 1.626e+04
1.885e-01 1.292e+05
1.389e-01 1.445e+05
1.388e-01 1.445e+05
1.366e-01 1.439e+05
2.132e-01 1.274e+05
1.228e-01 1.506e+05
1.437e-01 1.412e+05
2.449e-01 1.277e+05
1.476e-01 1.481e+05
1.443e-01 1.414e+05
1.374e-01 1.459e+05
1.690e-01 1.395e+05
1.567e-01 1.433e+05
1.277e-01 1.489e+05
2.150e-01 1.216e+05
1.388e-01 1.453e+05
1.582e-01 1.387e+05
2.090e-01 1.207e+05
1.748e-01 1.402e+05
1.525e-01 1.373e+05
2.461e-01 1.200e+05
1.402e-01 1.418e+05
2.326e-01 8.781e+04
1.421e-01 1.478e+05
1.270e-01 1.531e+05
1.425e-01 1.461e+05
1.581e-01 1.447e+05
1.241e-01 1.524e+05
1.404e-01 1.458e+05
3.668e-06 4.047e+03
2.577e-01 1.176e+05
2.229e-01 1.234e+05
1.436e-01 1.483e+05
2.622e-06 1.853e+04
1.309e-01 1.485e+05
6.422e-06 1.391e+04
1.434e-01 1.441e+05
2.160e-01 1.260e+05
3.324e-01 1.120e+05
1.316e-01 1.468e+05
1.485e-01 1.390e+05
1.422e-01 1.451e+05
1.795e-01 1.321e+05
2.564e-01 7.711e+04
1.331e-01 1.410e+05
1.375e-01 1.499e+05
1.291e-01 1.455e+05
1.549e-01 1.439e+05
1.769e-01 1.286e+05
7.598e-06 8.792e+03
1.239e-01 1.493e+05
1.387e-01 1.421e+05
1.836e-01 1.335e+05
1.534e-01 1.429e+05
1.477e-01 1.424e+05
2.463e-01 7.712e+04
1.612e-01 1.383e+05
1.727e-01 1.346e+05
1.444e-01 1.455e+05
1.644e-01 1.374e+05
1.970e-01 1.303e+05
1.314e-01 1.455e+05
1.312e-01 1.485e+05
2.799e-01 7.305e+04
1.293e-01 1.454e+05
1.436e-01 1.406e+05
2.966e-01 1.068e+05
2.518e-01 1.271e+05
1.392e-01 1.419e+05
2.644e-01 1.176e+05
4.253e-01 9.412e+04
1.303e-01 1.511e+05
1.285e-01 1.452e+05
2.357e-01 1.231e+05
1.330e-01 1.498e+05
5.223e-01 1.008e+05
1.414e-01 1.435e+05
1.348e-01 1.451e+05
1.615e-01 1.427e+05
2.635e-01 7.387e+04
1.507e-01 1.425e+05
1.353e-01 1.439e+05
1.612e-01 1.349e+05
1.398e-01 1.462e+05
1.335e-01 1.456e+05
1.428e-01 1.462e+05
1.472e-01 1.452e+05
1.737e-01 1.301e+05
1.487e-01 1.468e+05
1.692e-01 1.341e+05
1.419e-01 1.473e+05
1.619e-01 1.436e+05
1.282e-01 1.456e+05
1.678e-01 1.394e+05
1.466e-01 1.399e+05
1.476e-01 1.432e+05
1.212e-01 1.501e+05
1.252e-01 1.513e+05
2.947e-01 7.381e+04
1.088e-07 1.372e+04
1.509e-01 1.429e+05
2.897e-01 7.409e+04
2.034e-01 1.301e+05
1.612e-01 1.382e+05
1.425e-01 1.471e+05
2.466e-01 7.731e+04
1.229e-01 1.531e+05
2.045e-01 1.276e+05
2.581e-01 9.537e+04
1.322e-01 1.458e+05
2.378e-01 1.145e+05
1.329e-01 1.456e+05
2.040e-01 1.342e+05
1.465e-01 1.403e+05
1.435e-01 1.417e+05
1.476e-01 1.439e+05
2.305e-01 1.181e+05
1.375e-01 1.452e+05
2.023e-01 1.286e+05
1.326e-01 1.471e+05
2.362e-01 1.239e+05
1.675e-01 1.412e+05
2.620e-01 1.232e+05
1.370e-01 1.437e+05
1.490e-01 1.416e+05
1.229e-01 1.521e+05
1.466e-01 1.461e+05
1.509e-01 1.477e+05
1.552e-01 1.379e+05
1.353e-01 1.470e+05
1.409e-01 1.450e+05
2.393e-01 1.203e+05
1.393e-01 1.475e+05
1.424e-01 1.458e+05
2.187e-01 1.162e+05
1.912e-01 1.363e+05
1.613e-01 1.376e+05
1.539e-01 1.422e+05
2.331e-01 1.213e+05
1.374e-01 1.443e+05
1.525e-01 1.370e+05
1.501e-01 1.364e+05
2.614e-01 8.142e+04
2.753e-01 9.588e+04
1.888e-01 1.330e+05
1.428e-01 1.444e+05
1.326e-01 1.466e+05
3.225e-01 7.460e+04
2.357e-01 7.258e+04
1.358e-01 1.464e+05
1.426e-01 1.439e+05
1.352e-01 1.412e+05
1.717e-01 1.418e+05
1.300e-01 1.448e+05
1.499e-01 1.393e+05
2.506e-01 1.191e+05
1.233e-01 1.518e+05
1.471e-01 1.443e+05
1.485e-01 1.390e+05
1.373e-01 1.445e+05
2.732e-01 1.165e+05
1.370e-01 1.470e+05
1.476e-01 1.425e+05
1.374e-01 1.433e+05
1.233e-01 1.525e+05
1.347e-01 1.501e+05
1.434e-01 1.450e+05
1.457e-01 1.435e+05
1.368e-01 1.429e+05
6.374e-06 6.610e+03
1.215e-01 1.514e+05
5.686e-06 2.457e+04
1.351e-01 1.441e+05
1.757e-01 1.326e+05
1.854e-01 1.311e+05
2.428e-01 1.213e+05
1.718e-01 1.259e+05
1.592e-01 1.417e+05
1.884e-01 1.290e+05
2.787e-01 9.789e+04
1.355e-01 1.444e+05
1.463e-01 1.460e+05
5.010e-06 8.370e+03
2.832e-01 1.134e+05
1.699e-01 1.344e+05
1.314e-01 1.471e+05
1.371e-01 1.487e+05
1.262e-01 1.474e+05
1.350e-01 1.504e+05
1.337e-01 1.474e+05
2.229e-01 1.270e+05
2.578e-01 7.696e+04
3.325e-01 1.044e+05
1.406e-01 1.459e+05
2.366e-01 1.233e+05
2.288e-01 1.202e+05
2.831e-01 1.159e+05
2.223e-01 7.614e+04
1.648e-01 1.394e+05
1.258e-01 1.498e+05
1.630e-01 1.407e+05
1.635e-01 1.421e+05
1.999e-01 1.337e+05
1.452e-01 1.469e+05
1.595e-01 1.378e+05
1.483e-01 1.439e+05
1.543e-01 1.451e+05
2.182e-01 7.827e+04
1.431e-01 1.444e+05
1.583e-01 1.379e+05
1.581e-01 1.396e+05
1.331e-01 1.472e+05
2.206e-01 8.612e+04
1.454e-01 1.394e+05
1.315e-01 1.464e+05
1.666e-01 1.359e+05
2.068e-01 1.239e+05
1.644e-01 1.353e+05
2.207e-01 1.174e+05
1.453e-01 1.438e+05
1.511e-01 1.406e+05
1.297e-01 1.483e+05
1.493e-01 1.409e+05
1.418e-01 1.489e+05
1.410e-01 1.475e+05
1.388e-01 1.441e+05
1.965e-01 1.335e+05
6.038e-07 9.787e+03
1.531e-01 1.444e+05
1.313e-01 1.452e+05
1.659e-01 1.371e+05
1.756e-01 1.269e+05
1.323e-01 1.476e+05
1.379e-01 1.413e+05
3.213e-01 7.655e+04
1.396e-06 6.659e+03
1.343e-01 1.470e+05
1.828e-01 1.330e+05
1.357e-01 1.509e+05
1.787e-01 1.362e+05
1.559e-01 1.374e+05
1.241e-01 1.527e+05
1.517e-01 1.415e+05
1.363e-01 1.436e+05
2.348e-01 1.210e+05
2.272e-01 1.242e+05
2.964e-01 7.575e+04
4.353e-01 9.257e+04
4.275e-06 1.213e+04
1.272e-01 1.522e+05
1.408e-01 1.417e+05
1.643e-01 1.378e+05
3.431e-01 7.952e+04
1.307e-01 1.457e+05
1.574e-01 1.426e+05
1.475e-01 1.460e+05
1.549e-01 1.443e+05
1.279e-01 1.432e+05
1.561e-01 1.400e+05
1.353e-01 1.508e+05
1.935e-01 1.306e+05
1.269e-01 1.520e+05
1.434e-01 1.434e+05
2.255e-01 8.502e+04
1.286e-01 1.421e+05
8.547e-06 1.482e+04
1.322e-01 1.428e+05
1.349e-01 1.375e+05
3.127e-01 8.258e+04
1.607e-01 1.402e+05
1.543e-01 1.379e+05
1.542e-01 1.402e+05
1.852e-01 1.279e+05
1.533e-01 1.414e+05
1.792e-01 1.344e+05
1.446e-01 1.450e+05
1.493e-01 1.416e+05
1.345e-01 1.438e+05
1.642e-01 1.303e+05
1.244e-01 1.493e+05
1.586e-01 1.419e+05
1.886e-01 1.331e+05
4.331e-01 9.200e+04
1.277e-01 1.479e+05
1.470e-01 1.426e+05
1.241e-01 1.517e+05
1.918e-01 1.085e+05
1.424e-01 1.440e+05
1.283e-01 1.477e+05
2.411e-01 9.448e+04
1.792e-01 1.323e+05
2.362e-01 1.202e+05
1.574e-01 1.407e+05
5.240e-01 1.064e+05
1.745e-01 1.340e+05
1.485e-01 1.412e+05
1.243e-01 1.485e+05
1.337e-01 1.412e+05
1.474e-01 1.444e+05
1.357e-01 1.438e+05
1.578e-01 1.404e+05
1.327e-01 1.432e+05
2.768e-01 1.172e+05
1.976e-01 1.312e+05
1.515e-01 1.400e+05
1.306e-01 1.457e+05
2.496e-01 7.821e+04
1.460e-01 1.435e+05
2.693e-06 1.614e+04
1.478e-01 1.401e+05
1.447e-01 1.438e+05
1.457e-01 1.434e+05
2.107e-01 1.063e+05
1.533e-01 1.420e+05
1.587e-01 1.409e+05
1.349e-01 1.503e+05
1.839e-01 1.252e+05
1.243e-01 1.488e+05
1.273e-01 1.509e+05
1.520e-01 1.420e+05
1.390e-01 1.396e+05
1.325e-01 1.436e+05
1.675e-01 1.366e+05
3.127e-01 8.042e+04
1.841e-01 1.235e+05
1.461e-01 1.440e+05
2.435e-01 1.294e+05
1.411e-01 1.460e+05
1.698e-01 1.355e+05
2.275e-01 1.296e+05
1.489e-01 1.427e+05
1.373e-01 1.429e+05
1.470e-01 1.368e+05
1.447e-01 1.432e+05
1.427e-01 1.433e+05
1.345e-01 1.407e+05
1.587e-01 1.306e+05
1.287e-01 1.438e+05
1.350e-01 1.433e+05
2.289e-01 1.210e+05
1.400e-01 1.409e+05
1.437e-01 1.443e+05
1.789e-01 1.365e+05
1.291e-01 1.464e+05
1.407e-01 1.402e+05
1.275e-01 1.455e+05
1.361e-01 1.454e+05
1.634e-01 1.376e+05
3.360e-01 7.943e+04
1.478e-01 1.439e+05
1.259e-01 1.494e+05
1.415e-01 1.495e+05
1.452e-01 1.459e+05
1.837e-01 1.300e+05
1.486e-01 1.385e+05
1.478e-01 1.439e+05
1.585e-01 1.399e+05
2.200e-01 1.324e+05
3.789e-01 1.072e+05
2.586e-01 7.719e+04
4.818e-06 1.386e+04
1.206e-01 1.526e+05
2.882e-01 1.141e+05
1.654e-01 1.301e+05
2.031e-01 1.278e+05
1.436e-01 1.442e+05
8.605e-07 2.911e+03
1.299e-01 1.488e+05
1.568e-01 1.386e+05
1.526e-01 1.370e+05
2.849e-01 1.134e+05
2.486e-01 1.136e+05
1.956e-01 1.303e+05
2.552e-01 1.207e+05
1.437e-01 1.398e+05
1.411e-01 1.446e+05
1.457e-01 1.413e+05
1.565e-01 1.335e+05
1.428e-01 1.466e+05
1.766e-01 1.288e+05
1.431e-01 1.475e+05
1.506e-01 1.345e+05
1.824e-01 1.301e+05
2.179e-01 8.546e+04
1.427e-01 1.446e+05
1.392e-01 1.463e+05
1.545e-01 1.419e+05
1.511e-01 1.420e+05
1.330e-01 1.455e+05
2.750e-01 7.454e+04
1.488e-01 1.414e+05
1.750e-01 1.366e+05
3.114e-01 1.194e+05
3.039e-01 7.598e+04
1.267e-01 1.502e+05
1.830e-01 1.280e+05
1.457e-01 1.415e+05
1.368e-01 1.455e+05
1.449e-01 1.393e+05
1.945e-01 1.304e+05
1.510e-01 1.428e+05
1.394e-01 1.462e+05
2.626e-01 1.156e+05
1.504e-01 1.456e+05
2.400e-01 1.195e+05
1.302e-01 1.463e+05
1.370e-01 1.467e+05
2.168e-01 1.260e+05
2.759e-01 7.297e+04
1.365e-01 1.470e+05
2.751e-01 1.196e+05
1.719e-01 1.393e+05
1.502e-01 1.387e+05
1.488e-01 1.433e+05
1.483e-01 1.472e+05
1.736e-01 1.397e+05
2.511e-01 1.256e+05
1.226e-01 1.508e+05
1.532e-01 1.378e+05
1.890e-01 1.384e+05
1.585e-01 1.328e+05
2.333e-01 1.271e+05
1.678e-01 1.418e+05
1.501e-01 1.444e+05
1.422e-01 1.463e+05
1.678e-01 1.297e+05
1.505e-01 1.427e+05
1.406e-01 1.407e+05
1.413e-01 1.454e+05
1.423e-01 1.481e+05
1.433e-01 1.419e+05
1.286e-01 1.501e+05
2.873e-01 1.128e+05
1.820e-01 1.292e+05
1.493e-01 1.443e+05
1.403e-01 1.445e+05
1.651e-01 1.417e+05
1.606e-01 1.377e+05
1.569e-01 1.419e+05
1.460e-01 1.429e+05
1.459e-01 1.424e+05
2.850e-01 7.406e+04
1.536e-01 1.452e+05
3.107e-01 7.195e+04
1.950e-01 1.283e+05
5.258e-06 1.367e+04
1.446e-01 1.433e+05
1.514e-01 1.418e+05
1.855e-01 1.287e+05
1.637e-01 1.374e+05
1.811e-01 1.347e+05
1.565e-01 1.416e+05
1.812e-01 1.397e+05
1.506e-01 1.425e+05
2.311e-01 7.767e+04
1.267e-01 1.449e+05
1.280e-01 1.459e+05
1.646e-01 1.431e+05
1.552e-01 1.386e+05
1.375e-01 1.453e+05
1.362e-01 1.462e+05
2.071e-01 1.312e+05
1.241e-01 1.458e+05
3.252e-06 4.122e+03
1.637e-01 1.371e+05
1.583e-01 1.387e+05
2.394e-01 1.209e+05
2.005e-01 1.332e+05
1.463e-01 1.440e+05
2.234e-01 1.182e+05
1.412e-01 1.435e+05
4.194e-06 1.389e+04
1.508e-01 1.436e+05
1.248e-01 1.513e+05
1.475e-01 1.435e+05
1.816e-01 1.328e+05
1.270e-01 1.529e+05
2.195e-01 7.537e+04
1.431e-01 1.478e+05
1.485e-01 1.435e+05
1.442e-01 1.417e+05
1.276e-01 1.452e+05
1.358e-01 1.446e+05
1.490e-01 1.436e+05
1.546e-01 1.410e+05
1.805e-01 1.338e+05
1.220e-01 1.468e+05
1.501e-01 1.412e+05
1.615e-01 1.341e+05
1.385e-01 1.435e+05
1.570e-01 1.403e+05
1.258e-01 1.502e+05
3.301e-01 1.113e+05
1.412e-01 1.481e+05
1.310e-01 1.483e+05
1.525e-01 1.406e+05
2.769e-01 7.605e+04
1.635e-01 1.352e+05
1.525e-01 1.413e+05
2.291e-01 7.287e+04
1.371e-01 1.464e+05
1.469e-01 1.451e+05
1.873e-01 1.349e+05
2.770e-01 7.717e+04
1.174e-05 5.302e+03
1.283e-01 1.454e+05
1.356e-01 1.406e+05
2.983e-01 1.177e+05
1.555e-01 1.401e+05
1.390e-01 1.451e+05
1.589e-01 1.440e+05
3.751e-01 8.229e+04
1.475e-01 1.402e+05
2.341e-01 1.266e+05
1.376e-01 1.486e+05
1.357e-01 1.460e+05
1.434e-01 1.447e+05
1.442e-01 1.413e+05
1.282e-01 1.492e+05
2.916e-01 8.923e+04
1.357e-01 1.467e+05
2.809e-01 8.786e+04
1.540e-01 1.443e+05
1.398e-01 1.461e+05
1.649e-01 1.268e+05
1.592e-01 1.429e+05
1.404e-01 1.458e+05
4.841e-01 1.066e+05
2.505e-01 1.151e+05
1.746e-01 1.359e+05
1.294e-01 1.447e+05
1.367e-01 1.489e+05
1.261e-01 1.460e+05
1.446e-01 1.428e+05
1.452e-01 1.396e+05
3.264e-01 7.383e+04
1.357e-01 1.484e+05
1.365e-01 1.471e+05
1.224e-01 1.486e+05
4.194e-01 8.079e+04
2.148e-01 1.193e+05
2.385e-01 1.289e+05
1.648e-01 1.392e+05
1.410e-01 1.477e+05
1.450e-01 1.421e+05
1.847e-01 1.293e+05
1.728e-06 1.199e+04
4.049e-01 7.264e+04
1.531e-01 1.453e+05
2.175e-01 7.740e+04
1.492e-01 1.394e+05
1.290e-01 1.459e+05
1.415e-01 1.403e+05
1.479e-01 1.441e+05
1.464e-01 1.427e+05
1.389e-01 1.419e+05
2.215e-01 1.250e+05
2.443e-01 1.185e+05
1.461e-01 1.469e+05
1.398e-01 1.489e+05
1.481e-01 1.398e+05
1.486e-01 1.380e+05
1.254e-01 1.483e+05
1.433e-01 1.464e+05
2.072e-01 1.197e+05
1.308e-01 1.459e+05
2.472e-01 7.978e+04
1.252e-01 1.498e+05
1.214e-01 1.491e+05
1.576e-01 1.417e+05
1.580e-01 1.415e+05
1.270e-01 1.484e+05
1.610e-01 1.424e+05
1.261e-01 1.447e+05
1.644e-01 1.373e+05
2.449e-01 7.737e+04
1.866e-01 1.345e+05
1.287e-01 1.500e+05
1.466e-01 1.476e+05
2.169e-01 1.201e+05
1.764e-01 1.365e+05
1.253e-01 1.439e+05
3.096e-01 7.681e+04
1.295e-01 1.491e+05
1.740e-01 1.410e+05
1.602e-01 1.358e+05
1.216e-01 1.500e+05
2.971e-01 1.145e+05
3.400e-01 7.908e+04
2.074e-01 1.318e+05
3.333e-01 7.847e+04
1.486e-01 1.419e+05
1.685e-01 1.342e+05
1.406e-01 1.474e+05
1.551e-01 1.440e+05
3.372e-01 7.532e+04
1.419e-01 1.413e+05
3.726e-01 1.080e+05
1.441e-01 1.381e+05
2.792e-01 7.573e+04
1.479e-01 1.466e+05
1.508e-01 1.437e+05
2.820e-01 8.340e+04
1.316e-01 1.437e+05
1.489e-01 1.427e+05
1.291e-01 1.522e+05
1.344e-01 1.455e+05
4.207e-01 1.066e+05
3.442e-01 1.105e+05
1.553e-01 1.382e+05
1.417e-01 1.410e+05
2.080e-01 1.280e+05
2.288e-01 1.303e+05
1.467e-01 1.433e+05
1.397e-01 1.425e+05
3.677e-01 7.888e+04
1.440e-01 1.420e+05
4.942e-01 8.838e+04
1.520e-01 1.394e+05
2.172e-06 1.682e+04
1.460e-01 1.446e+05
3.960e-01 9.874e+04
1.593e-01 1.396e+05
1.428e-01 1.416e+05
2.096e-01 7.431e+04
1.605e-01 1.376e+05
1.498e-01 1.415e+05
1.405e-01 1.470e+05
1.490e-01 1.459e+05
2.326e-01 1.287e+05
1.424e-01 1.433e+05
1.289e-01 1.527e+05
1.486e-01 1.407e+05
1.895e-01 1.251e+05
1.422e-01 1.438e+05
1.591e-01 1.364e+05
1.459e-01 1.455e+05
2.714e-01 1.077e+05
1.527e-01 1.410e+05
2.856e-01 7.613e+04
1.430e-01 1.384e+05
2.790e-01 8.922e+04
1.325e-01 1.456e+05
2.455e-01 1.248e+05
1.772e-01 1.318e+05
1.863e-01 1.271e+05
1.425e-01 1.445e+05
3.462e-01 7.474e+04
2.129e-01 1.209e+05
1.382e-01 1.422e+05
1.938e-01 1.260e+05
1.390e-01 1.462e+05
1.482e-01 1.441e+05
1.323e-01 1.454e+05
1.271e-01 1.472e+05
1.486e-01 1.478e+05
1.404e-01 1.494e+05
1.972e-01 1.129e+05
1.338e-01 1.483e+05
1.372e-01 1.452e+05
1.509e-01 1.345e+05
1.711e-01 1.360e+05
1.810e-01 1.300e+05
1.880e-01 1.341e+05
1.429e-01 1.436e+05
1.459e-01 1.436e+05
1.304e-01 1.463e+05
1.662e-01 1.436e+05
2.286e-01 9.891e+04
1.533e-01 1.406e+05
3.987e-01 7.447e+04
1.771e-01 1.363e+05
1.510e-01 1.346e+05
1.443e-01 1.456e+05
1.406e-01 1.433e+05
1.210e-01 1.519e+05
1.277e-01 1.522e+05
1.389e-01 1.434e+05
1.529e-01 1.419e+05
1.252e-01 1.497e+05
1.271e-01 1.475e+05
1.215e-01 1.505e+05
2.156e-01 1.300e+05
1.488e-01 1.419e+05
1.361e-01 1.456e+05
1.494e-01 1.383e+05
1.467e-01 1.389e+05
1.524e-01 1.412e+05
1.561e-01 1.387e+05
1.493e-01 1.441e+05
1.362e-01 1.460e+05
1.394e-01 1.456e+05
1.273e-01 1.511e+05
1.199e-01 1.518e+05
1.829e-01 1.360e+05
1.413e-01 1.453e+05
3.223e-01 1.107e+05
1.301e-01 1.449e+05
1.454e-01 1.399e+05
1.525e-01 1.387e+05
2.039e-01 1.235e+05
1.623e-01 1.390e+05
1.210e-01 1.517e+05
1.439e-01 1.429e+05
1.408e-01 1.435e+05
1.784e-01 1.346e+05
1.519e-01 1.404e+05
1.697e-01 1.379e+05
1.405e-01 1.468e+05
1.280e-01 1.472e+05
1.780e-01 1.350e+05
1.498e-01 1.451e+05
1.311e-01 1.406e+05
2.576e-01 7.775e+04
1.356e-01 1.471e+05
2.089e-01 1.282e+05
2.140e-01 7.563e+04
1.373e-01 1.459e+05
1.934e-01 1.317e+05
2.782e-01 7.831e+04
1.383e-01 1.457e+05
1.579e-01 1.306e+05
2.094e-01 1.310e+05
2.096e-01 7.601e+04
3.559e-01 8.561e+04
1.328e-01 1.450e+05
1.498e-01 1.363e+05
3.341e-01 1.136e+05
5.821e-01 1.053e+05
1.343e-01 1.425e+05
2.889e-01 1.199e+05
1.326e-01 1.484e+05
2.553e-01 8.025e+04
1.407e-01 1.406e+05
1.820e-01 1.371e+05
3.431e-01 1.154e+05
1.317e-01 1.471e+05
1.492e-01 1.442e+05
1.709e-01 1.418e+05
2.451e-01 7.741e+04
1.241e-01 1.460e+05
3.332e-01 9.116e+04
1.445e-01 1.458e+05
3.561e-01 7.684e+04
1.620e-01 1.401e+05
1.410e-01 1.375e+05
1.374e-01 1.444e+05
1.501e-01 1.392e+05
1.453e-01 1.408e+05
3.013e-01 1.140e+05
1.738e-01 1.398e+05
2.488e-01 7.670e+04
4.138e-06 5.126e+03
2.673e-01 1.221e+05
1.546e-01 1.419e+05
1.261e-01 1.501e+05
2.698e-01 1.176e+05
1.541e-01 1.341e+05
1.359e-01 1.470e+05
2.177e-01 1.242e+05
1.315e-01 1.494e+05
1.283e-01 1.481e+05
1.474e-01 1.416e+05
2.872e-01 9.652e+04
1.785e-01 1.306e+05
1.713e-01 1.421e+05
1.370e-01 1.464e+05
1.655e-01 1.418e+05
3.346e-01 1.140e+05
1.544e-01 1.393e+05
1.357e-05 8.261e+03
1.520e-01 1.399e+05
1.430e-01 1.428e+05
1.481e-01 1.443e+05
1.412e-01 1.428e+05
1.399e-01 1.432e+05
1.490e-01 1.433e+05
1.324e-01 1.502e+05
1.323e-01 1.434e+05
2.594e-01 1.226e+05
1.285e-01 1.453e+05
1.647e-01 1.386e+05
1.547e-01 1.402e+05
1.539e-01 1.401e+05
1.450e-01 1.466e+05
1.567e-01 1.409e+05
1.478e-01 1.370e+05
2.190e-01 1.250e+05
2.645e-01 1.147e+05
1.485e-01 1.428e+05
1.695e-01 1.278e+05
3.110e-01 7.576e+04
1.632e-01 1.387e+05
1.514e-01 1.392e+05
1.540e-01 1.407e+05
1.617e-01 1.368e+05
1.382e-01 1.448e+05
1.967e-01 1.230e+05
1.530e-01 1.441e+05
1.750e-01 1.330e+05
1.497e-01 1.407e+05
2.285e-01 1.271e+05
1.573e-01 1.374e+05
1.566e-01 1.397e+05
1.612e-01 1.395e+05
1.344e-01 1.419e+05
1.268e-01 1.503e+05
1.451e-01 1.402e+05
2.307e-01 1.150e+05
3.718e-01 7.257e+04
2.741e-01 9.350e+04
1.387e-01 1.424e+05
1.237e-01 1.503e+05
1.501e-01 1.413e+05
1.619e-01 1.418e+05
1.763e-01 1.372e+05
1.281e-01 1.426e+05
2.098e-01 1.308e+05
1.580e-01 1.416e+05
1.487e-01 1.400e+05
3.184e-01 1.137e+05
1.283e-01 1.498e+05
1.946e-01 1.085e+05
1.650e-01 1.404e+05
2.024e-01 1.107e+05
1.341e-01 1.486e+05
2.658e-01 7.346e+04
1.474e-01 1.434e+05
1.583e-01 1.437e+05
3.186e-01 1.070e+05
1.507e-01 1.402e+05
1.398e-01 1.465e+05
1.536e-01 1.291e+05
1.519e-01 1.404e+05
1.772e-01 1.335e+05
1.836e-01 1.324e+05
1.352e-01 1.459e+05
1.811e-01 1.304e+05
2.245e-01 1.253e+05
1.440e-01 1.457e+05
1.614e-01 1.242e+05
1.896e-01 1.309e+05
2.609e-01 7.770e+04
4.394e-01 9.852e+04
1.354e-01 1.483e+05
1.451e-01 1.438e+05
1.359e-01 1.463e+05
1.289e-01 1.473e+05
1.567e-01 1.372e+05
1.258e-01 1.506e+05
2.883e-01 7.555e+04
1.504e-01 1.382e+05
1.420e-01 1.429e+05
2.606e-01 7.786e+04
1.425e-01 1.406e+05
1.507e-01 1.427e+05
1.484e-01 1.439e+05
1.401e-01 1.460e+05
3.146e-01 1.159e+05
1.297e-01 1.483e+05
1.474e-01 1.427e+05
1.220e-01 1.488e+05
1.846e-01 1.269e+05
1.356e-01 1.467e+05
1.464e-01 1.439e+05
1.655e-01 1.372e+05
1.691e-01 1.330e+05
1.336e-01 1.484e+05
1.508e-01 1.382e+05
1.556e-01 1.396e+05
1.346e-01 1.462e+05
1.349e-01 1.477e+05
1.360e-01 1.446e+05
1.362e-01 1.427e+05
1.740e-01 1.360e+05
2.018e-01 1.330e+05
1.438e-01 1.450e+05
1.619e-01 1.396e+05
2.108e-01 1.272e+05
3.631e-01 1.094e+05
2.129e-01 1.333e+05
2.976e-01 7.827e+04
1.235e-01 1.470e+05
1.285e-01 1.393e+05
2.038e-01 1.292e+05
1.243e-01 1.463e+05
2.142e-01 1.230e+05
1.393e-01 1.447e+05
1.453e-01 1.427e+05
1.328e-01 1.469e+05
1.282e-01 1.494e+05
1.569e-01 1.442e+05
1.447e-01 1.429e+05
1.454e-01 1.444e+05
1.523e-01 1.373e+05
1.499e-01 1.437e+05
2.458e-01 1.145e+05
1.524e-01 1.455e+05
1.434e-01 1.431e+05
1.421e-01 1.466e+05
1.366e-01 1.464e+05
1.355e-01 1.468e+05
1.832e-01 1.365e+05
1.394e-01 1.457e+05
6.586e-08 4.903e+03
1.292e-01 1.488e+05
1.359e-01 1.445e+05
1.639e-01 1.357e+05
1.439e-01 1.434e+05
1.318e-01 1.440e+05
1.686e-01 1.400e+05
1.385e-01 1.494e+05
1.515e-01 1.390e+05
1.283e-01 1.426e+05
1.510e-01 1.374e+05
1.514e-01 1.396e+05
1.445e-01 1.410e+05
1.237e-01 1.489e+05
2.369e-01 7.977e+04
1.817e-01 1.382e+05
1.286e-01 1.422e+05
1.506e-01 1.403e+05
1.356e-01 1.498e+05
1.738e-01 1.368e+05
7.206e-06 1.032e+04
1.598e-01 1.349e+05
3.141e-01 7.612e+04
1.426e-01 1.420e+05
1.411e-01 1.428e+05
1.349e-01 1.491e+05
1.477e-01 1.422e+05
1.448e-01 1.433e+05
2.627e-01 1.221e+05
1.409e-01 1.477e+05
1.471e-01 1.437e+05
1.361e-01 1.469e+05
1.501e-01 1.437e+05
2.917e-01 7.478e+04
1.587e-01 1.370e+05
1.763e-01 1.405e+05
1.421e-01 1.412e+05
1.461e-01 1.444e+05
1.891e-01 1.286e+05
1.429e-01 1.439e+05
3.221e-01 7.597e+04
1.229e-01 1.523e+05
1.219e-01 1.495e+05
1.547e-01 1.430e+05
1.348e-01 1.414e+05
2.958e-01 1.187e+05
1.377e-01 1.448e+05
1.879e-01 1.221e+05
1.308e-01 1.478e+05
1.490e-01 1.443e+05
2.825e-07 1.314e+04
1.349e-01 1.452e+05
3.537e-01 1.142e+05
1.374e-01 1.420e+05
1.214e-01 1.492e+05
1.455e-01 1.439e+05
2.967e-01 7.800e+04
1.479e-01 1.432e+05
2.268e-01 1.309e+05
2.547e-01 1.256e+05
1.691e-01 1.362e+05
1.376e-01 1.467e+05
1.377e-01 1.494e+05
1.897e-01 1.322e+05
1.397e-01 1.322e+05
1.542e-01 1.389e+05
1.454e-01 1.477e+05
2.234e-01 1.015e+05
1.292e-01 1.504e+05
2.879e-01 8.283e+04
1.580e-01 1.404e+05
2.133e-01 1.241e+05
1.995e-01 1.288e+05
1.432e-01 1.381e+05
1.896e-01 1.286e+05
1.479e-01 1.407e+05
1.446e-01 1.445e+05
1.280e-01 1.450e+05
3.360e-01 1.126e+05
1.573e-01 1.315e+05
1.568e-01 1.413e+05
1.263e-01 1.465e+05
1.684e-07 9.565e+03
1.517e-01 1.409e+05
1.303e-01 1.486e+05
1.435e-01 1.436e+05
1.506e-01 1.390e+05
1.433e-01 1.457e+05
1.492e-01 1.412e+05
1.380e-01 1.471e+05
3.134e-01 1.183e+05
1.820e-01 1.389e+05
1.350e-01 1.462e+05
1.283e-01 1.484e+05
1.336e-01 1.473e+05
1.389e-01 1.445e+05
1.484e-01 1.371e+05
3.017e-01 1.169e+05
1.422e-01 1.449e+05
1.666e-01 1.432e+05
1.460e-01 1.439e+05
1.519e-01 1.391e+05
1.410e-01 1.463e+05
2.778e-01 1.191e+05
1.325e-01 1.444e+05
1.842e-01 1.324e+05
1.856e-01 1.299e+05
2.021e-01 1.314e+05
1.509e-01 1.404e+05
1.548e-01 1.416e+05
1.412e-01 1.455e+05
1.437e-01 1.403e+05
2.608e-06 1.134e+04
1.644e-01 1.430e+05
1.598e-01 1.392e+05
1.475e-01 1.455e+05
1.409e-01 1.427e+05
2.887e-07 7.852e+03
1.436e-01 1.441e+05
1.584e-01 1.424e+05
2.113e-01 1.233e+05
1.479e-01 1.382e+05
1.494e-01 1.330e+05
1.514e-01 1.449e+05
1.789e-01 1.312e+05
1.578e-01 1.428e+05
1.491e-01 1.430e+05
1.391e-01 1.451e+05
3.430e-01 8.540e+04
1.433e-01 1.408e+05
1.302e-01 1.522e+05
1.347e-01 1.429e+05
4.686e-01 9.635e+04
2.096e-01 1.174e+05
2.113e-01 1.280e+05
1.696e-01 1.319e+05
1.533e-01 1.400e+05
1.552e-01 1.390e+05
1.372e-01 1.430e+05
1.500e-01 1.458e+05
1.407e-01 1.467e+05
3.962e-01 7.664e+04
1.684e-01 1.307e+05
2.083e-01 1.325e+05
1.392e-01 1.493e+05
1.942e-01 1.326e+05
1.381e-01 1.447e+05
2.091e-01 1.164e+05
1.879e-01 1.319e+05
1.432e-01 1.426e+05
1.373e-01 1.491e+05
1.396e-01 1.411e+05
4.295e-01 9.801e+04
1.506e-01 1.381e+05
1.461e-01 1.450e+05
2.476e-01 1.182e+05
2.661e-01 7.487e+04
1.374e-01 1.440e+05
1.600e-01 1.430e+05
1.314e-01 1.454e+05
3.686e-01 8.901e+04
1.312e-01 1.495e+05
9.844e-06 1.886e+04
1.380e-01 1.474e+05
2.557e-01 8.080e+04
1.399e-01 1.436e+05
1.285e-01 1.512e+05
3.404e-01 7.661e+04
1.417e-01 1.423e+05
1.910e-01 1.281e+05
1.366e-01 1.475e+05
2.286e-01 1.173e+05
1.754e-01 1.358e+05
1.544e-01 1.399e+05
1.457e-01 1.442e+05
1.714e-01 1.293e+05
1.533e-01 1.430e+05
2.736e-01 1.191e+05
2.005e-01 1.299e+05
2.941e-01 9.717e+04
1.724e-01 1.351e+05
1.440e-01 1.436e+05
1.411e-01 1.469e+05
1.357e-01 1.460e+05
1.284e-01 1.463e+05
1.509e-01 1.440e+05
2.665e-01 7.712e+04
2.078e-01 7.655e+04
1.512e-01 1.457e+05
1.411e-01 1.416e+05
1.775e-01 1.401e+05
1.362e-01 1.461e+05
3.189e-01 8.182e+04
1.390e-01 1.498e+05
3.341e-01 7.463e+04
3.425e-01 1.125e+05
1.547e-01 1.360e+05
1.368e-01 1.431e+05
2.666e-01 7.349e+04
2.061e-01 1.293e+05
1.243e-01 1.458e+05
2.658e-01 7.231e+04
1.480e-01 1.344e+05
1.374e-01 1.469e+05
1.400e-01 1.482e+05
2.926e-01 7.822e+04
1.480e-01 1.407e+05
1.561e-01 1.324e+05
1.529e-01 1.401e+05
2.484e-01 1.157e+05
1.409e-01 1.459e+05
3.002e-01 7.615e+04
1.438e-01 1.429e+05
1.368e-01 1.462e+05
1.348e-01 1.441e+05
1.387e-01 1.503e+05
1.979e-05 2.441e+04
2.150e-01 1.273e+05
1.413e-01 1.432e+05
1.384e-01 1.457e+05
1.942e-01 1.308e+05
1.324e-01 1.467e+05
1.300e-01 1.512e+05
1.414e-01 1.440e+05
3.315e-01 8.205e+04
1.437e-01 1.403e+05
1.338e-01 1.478e+05
1.500e-01 1.432e+05
1.285e-01 1.472e+05
1.255e-01 1.449e+05
4.416e-01 1.077e+05
1.655e-01 1.365e+05
1.355e-01 1.491e+05
1.646e-01 1.418e+05
1.431e-01 1.475e+05
6.609e-06 8.969e+03
1.256e-01 1.472e+05
2.367e-01 1.236e+05
2.406e-01 8.480e+04
1.344e-01 1.444e+05
1.327e-01 1.428e+05
1.354e-01 1.438e+05
1.919e-01 1.367e+05
2.014e-01 1.290e+05
1.256e-01 1.498e+05
1.460e-01 1.414e+05
2.438e-01 1.183e+05
1.737e-05 9.613e+03
1.355e-01 1.421e+05
1.322e-01 1.502e+05
1.764e-01 1.362e+05
1.381e-01 1.449e+05
1.290e-01 1.508e+05
1.376e-01 1.382e+05
2.130e-01 1.190e+05
1.634e-01 1.345e+05
2.412e-06 1.613e+04
2.134e-01 1.072e+05
1.351e-01 1.462e+05
1.330e-01 1.442e+05
1.621e-01 1.348e+05
1.728e-01 1.392e+05
2.575e-01 7.672e+04
2.107e-01 1.292e+05
2.057e-01 1.264e+05
2.027e-01 1.230e+05
1.656e-01 1.420e+05
1.849e-01 1.339e+05
2.342e-01 1.191e+05
1.753e-01 1.370e+05
1.491e-01 1.474e+05
2.319e-01 1.005e+05
1.443e-01 1.450e+05
9.178e-07 1.629e+02
1.540e-01 1.411e+05
1.798e-01 1.315e+05
1.344e-01 1.441e+05
1.488e-01 1.478e+05
1.496e-01 1.366e+05
2.075e-01 1.321e+05
2.754e-01 1.240e+05
1.970e-01 1.365e+05
1.396e-01 1.449e+05
1.331e-01 1.430e+05
1.377e-01 1.411e+05
1.462e-01 1.457e+05
1.577e-01 1.401e+05
3.466e-01 1.188e+05
1.513e-01 1.433e+05
3.067e-01 8.971e+04
4.052e-01 1.108e+05
1.423e-01 1.378e+05
1.255e-01 1.512e+05
1.864e-01 1.299e+05
1.361e-01 1.439e+05
1.257e-01 1.514e+05
1.560e-01 1.451e+05
1.338e-01 1.504e+05
1.477e-01 1.358e+05
1.615e-01 1.417e+05
1.286e-01 1.489e+05
1.850e-01 1.221e+05
1.341e-01 1.463e+05
2.091e-01 1.290e+05
1.947e-01 1.286e+05
1.444e-01 1.444e+05
4.941e-01 9.611e+04
1.624e-01 1.340e+05
1.462e-01 1.431e+05
1.578e-01 1.350e+05
1.385e-01 1.436e+05
1.434e-01 1.450e+05
1.524e-01 1.409e+05
2.504e-01 9.313e+04
1.569e-01 1.405e+05
1.253e-01 1.465e+05
2.238e-01 1.206e+05
1.415e-01 1.432e+05
1.431e-01 1.449e+05
1.261e-01 1.493e+05
1.400e-01 1.478e+05
3.049e-01 8.615e+04
1.322e-01 1.461e+05
1.525e-01 1.351e+05
1.598e-01 1.367e+05
1.440e-01 1.430e+05
1.564e-01 1.427e+05
1.518e-01 1.407e+05
1.484e-01 1.459e+05
3.743e-01 1.130e+05
1.351e-01 1.467e+05
3.001e-01 7.717e+04
1.468e-01 1.393e+05
1.441e-01 1.446e+05
3.503e-01 1.150e+05
4.975e-01 1.036e+05
1.397e-01 1.474e+05
2.564e-01 9.461e+04
1.370e-01 1.453e+05
2.256e-01 1.178e+05
1.475e-01 1.389e+05
1.364e-01 1.477e+05
1.452e-01 1.430e+05
1.498e-01 1.397e+05
1.506e-01 1.382e+05
1.461e-01 1.438e+05
1.579e-01 1.401e+05
2.196e-01 1.213e+05
1.421e-01 1.456e+05
1.461e-01 1.439e+05
1.526e-01 1.448e+05
1.858e-01 1.291e+05
1.334e-01 1.508e+05
1.530e-01 1.445e+05
1.792e-01 1.274e+05
2.174e-01 1.254e+05
1.215e-01 1.535e+05
1.417e-01 1.416e+05
2.345e-01 1.249e+05
1.713e-01 1.270e+05
1.377e-01 1.503e+05
1.666e-01 1.420e+05
1.420e-01 1.457e+05
1.427e-01 1.466e+05
1.233e-01 1.456e+05
1.438e-01 1.418e+05
1.471e-01 1.414e+05
1.269e-01 1.470e+05
2.074e-01 1.266e+05
1.778e-01 1.369e+05
3.122e-01 1.166e+05
2.008e-01 1.237e+05
1.661e-01 1.437e+05
1.552e-01 1.354e+05
4.501e-01 1.070e+05
1.568e-01 1.409e+05
1.536e-01 1.436e+05
1.478e-01 1.387e+05
4.931e-01 1.073e+05
3.802e-06 1.935e+04
1.369e-01 1.358e+05
1.369e-01 1.454e+05
2.953e-01 1.198e+05
2.240e-01 1.230e+05
1.741e-01 1.331e+05
1.508e-01 1.475e+05
1.366e-01 1.414e+05
1.617e-01 1.444e+05
1.198e-01 1.529e+05
3.383e-01 1.172e+05
2.198e-01 1.299e+05
1.468e-01 1.407e+05
1.481e-01 1.476e+05
1.415e-01 1.489e+05
1.382e-01 1.461e+05
1.502e-01 1.432e+05
1.389e-01 1.495e+05
2.987e-01 8.424e+04
1.336e-01 1.514e+05
1.464e-01 1.401e+05
1.354e-01 1.443e+05
1.414e-01 1.423e+05
1.414e-01 1.430e+05
1.419e-01 1.446e+05
1.461e-01 1.314e+05
1.469e-01 1.421e+05
2.101e-01 1.212e+05
2.163e-01 1.307e+05
3.485e-01 7.745e+04
2.847e-01 1.223e+05
1.432e-01 1.427e+05
1.686e-01 1.344e+05
1.453e-01 1.442e+05
1.606e-01 1.351e+05
1.258e-01 1.434e+05
1.502e-01 1.418e+05
1.695e-01 1.331e+05
1.575e-01 1.396e+05
1.447e-01 1.466e+05
1.465e-01 1.436e+05
1.348e-01 1.422e+05
1.432e-01 1.416e+05
3.117e-01 7.594e+04
1.567e-01 1.400e+05
1.380e-01 1.455e+05
1.576e-01 1.360e+05
1.582e-01 1.442e+05
1.393e-01 1.444e+05
1.465e-01 1.445e+05
1.240e-01 1.500e+05
1.367e-01 1.409e+05
1.561e-01 1.388e+05
2.089e-01 1.264e+05
3.450e-01 8.672e+04
1.405e-01 1.473e+05
1.520e-01 1.374e+05
2.566e-01 7.169e+04
1.342e-01 1.371e+05
1.745e-06 3.119e+03
1.483e-01 1.445e+05
1.608e-01 1.347e+05
1.323e-01 1.463e+05
1.328e-01 1.475e+05
3.035e-01 8.449e+04
1.412e-01 1.441e+05
1.532e-01 1.374e+05
1.691e-01 1.386e+05
1.696e-01 1.354e+05
1.371e-01 1.454e+05
1.504e-01 1.443e+05
2.300e-01 9.917e+04
1.437e-01 1.440e+05
1.530e-01 1.394e+05
2.682e-01 1.228e+05
1.376e-01 1.494e+05
1.449e-01 1.434e+05
1.384e-01 1.413e+05
1.383e-01 1.441e+05
1.531e-01 1.397e+05
1.491e-01 1.456e+05
1.245e-01 1.489e+05
2.441e-01 9.363e+04
1.534e-01 1.426e+05
1.268e-01 1.456e+05
1.278e-01 1.504e+05
1.492e-01 1.395e+05
1.524e-01 1.313e+05
1.357e-01 1.448e+05
2.161e-01 7.542e+04
4.756e-06 1.409e+04
1.525e-01 1.428e+05
1.433e-01 1.392e+05
3.195e-01 7.663e+04
1.339e-01 1.461e+05
1.392e-01 1.460e+05
2.188e-01 1.218e+05
1.638e-01 1.371e+05
1.704e-01 1.375e+05
1.659e-01 1.396e+05
2.401e-01 1.197e+05
1.444e-01 1.448e+05
3.352e-01 7.401e+04
3.806e-01 1.042e+05
2.804e-01 7.530e+04
1.272e-01 1.463e+05
2.062e-01 1.065e+05
1.672e-01 1.363e+05
1.622e-01 1.398e+05
1.814e-01 1.289e+05
1.529e-01 1.431e+05
1.352e-01 1.495e+05
4.604e-01 1.018e+05
2.975e-01 1.162e+05
5.587e-06 2.335e+03
2.758e-01 7.363e+04
2.197e-01 1.227e+05
1.670e-01 1.359e+05
1.439e-01 1.449e+05
1.491e-01 1.415e+05
1.554e-01 1.392e+05
1.443e-01 1.393e+05
1.415e-01 1.423e+05
1.303e-01 1.507e+05
1.305e-01 1.429e+05
1.208e-01 1.499e+05
1.435e-01 1.382e+05
1.227e-01 1.516e+05
1.319e-01 1.492e+05
1.368e-01 1.438e+05
4.273e-01 8.679e+04
2.940e-01 1.205e+05
1.749e-01 1.365e+05
1.495e-01 1.389e+05
3.293e-01 1.140e+05
1.365e-01 1.426e+05
1.313e-01 1.450e+05
1.617e-01 1.403e+05
1.629e-01 1.355e+05
3.523e-01 1.042e+05
2.827e-01 1.217e+05
1.875e-01 1.353e+05
1.472e-01 1.414e+05
2.114e-01 1.212e+05
1.507e-01 1.431e+05
1.562e-01 1.369e+05
1.830e-01 1.333e+05
2.836e-01 1.058e+05
3.741e-01 9.981e+04
1.299e-01 1.507e+05
1.732e-01 1.323e+05
2.325e-01 1.199e+05
3.602e-01 7.409e+04
1.348e-01 1.422e+05
1.384e-01 1.406e+05
1.550e-01 1.424e+05
1.448e-01 1.422e+05
1.941e-01 1.042e+05
1.446e-01 1.418e+05
1.485e-01 1.420e+05
2.113e-01 7.692e+04
1.541e-01 1.455e+05
1.273e-01 1.498e+05
1.500e-01 1.407e+05
1.429e-01 1.469e+05
2.311e-01 7.529e+04
2.173e-01 1.061e+05
5.471e-07 1.181e+04
1.453e-01 1.434e+05
1.784e-01 1.204e+05
1.345e-01 1.427e+05
1.520e-01 1.432e+05
1.222e-01 1.481e+05
1.547e-01 1.428e+05
1.412e-01 1.491e+05
1.413e-01 1.441e+05
2.508e-01 1.133e+05
1.307e-01 1.446e+05
2.475e-01 1.163e+05
1.368e-01 1.421e+05
1.417e-01 1.482e+05
2.316e-01 1.277e+05
1.328e-01 1.435e+05
1.617e-01 1.406e+05
1.715e-01 1.373e+05
1.413e-01 1.416e+05
2.275e-01 1.220e+05
2.395e-01 1.241e+05
1.495e-01 1.413e+05
1.553e-01 1.356e+05
1.546e-01 1.453e+05
1.441e-01 1.438e+05
1.412e-01 1.483e+05
1.316e-01 1.474e+05
2.677e-01 1.237e+05
1.394e-01 1.466e+05
2.767e-01 7.675e+04
1.400e-01 1.408e+05
1.507e-01 1.349e+05
1.672e-01 1.366e+05
1.996e-01 1.336e+05
1.621e-01 1.357e+05
1.344e-01 1.457e+05
1.344e-01 1.509e+05
2.955e-01 1.126e+05
1.700e-01 1.367e+05
2.261e-01 1.266e+05
1.279e-01 1.520e+05
1.252e-01 1.450e+05
2.054e-01 1.266e+05
2.914e-01 1.184e+05
1.610e-01 1.402e+05
1.453e-05 8.323e+03
2.119e-01 1.245e+05
1.624e-01 1.342e+05
1.877e-01 1.326e+05
1.248e-01 1.530e+05
1.334e-01 1.481e+05
5.511e-06 1.070e+04
1.391e-01 1.399e+05
1.415e-01 1.403e+05
2.544e-01 7.633e+04
2.383e-01 1.185e+05
1.329e-01 1.450e+05
2.021e-01 1.285e+05
1.490e-01 1.412e+05
1.436e-01 1.480e+05
1.466e-01 1.438e+05
3.694e-01 1.108e+05
1.345e-01 1.469e+05
2.009e-01 1.255e+05
1.370e-01 1.425e+05
2.805e-01 7.758e+04
1.278e-01 1.500e+05
1.402e-01 1.432e+05
1.687e-01 1.292e+05
1.423e-01 1.386e+05
3.142e-01 7.784e+04
2.443e-01 1.231e+05
1.933e-01 1.326e+05
1.504e-01 1.406e+05
3.033e-06 1.672e+04
1.284e-01 1.462e+05
1.532e-01 1.455e+05
1.513e-01 1.420e+05
1.349e-01 1.473e+05
1.830e-01 1.330e+05
1.327e-01 1.479e+05
1.761e-01 1.362e+05
1.429e-01 1.390e+05
1.369e-01 1.467e+05
2.904e-01 8.160e+04
3.519e-01 7.474e+04
1.695e-01 1.416e+05
1.478e-01 1.419e+05
1.370e-01 1.448e+05
2.986e-01 8.002e+04
4.379e-06 1.892e+04
1.594e-01 1.441e+05
1.387e-01 1.461e+05
1.531e-01 1.395e+05
1.789e-01 1.365e+05
2.335e-01 8.680e+04
3.601e-01 1.095e+05
1.413e-01 1.466e+05
1.864e-01 1.263e+05
1.711e-01 1.325e+05
1.433e-01 1.417e+05
2.470e-01 1.211e+05
2.023e-01 1.358e+05
1.996e-01 1.294e+05
1.559e-01 1.454e+05
1.344e-01 1.458e+05
2.157e-01 1.138e+05
1.270e-01 1.489e+05
1.532e-01 1.434e+05
1.288e-06 1.813e+04
1.645e-01 1.336e+05
1.209e-01 1.511e+05
1.268e-01 1.489e+05
2.237e-01 1.248e+05
2.397e-01 1.237e+05
1.599e-01 1.358e+05
7.820e-06 1.279e+04
1.260e-01 1.449e+05
1.509e-01 1.396e+05
2.963e-01 7.302e+04
1.584e-01 1.376e+05
1.302e-01 1.455e+05
1.957e-01 1.371e+05
1.382e-01 1.477e+05
1.290e-01 1.507e+05
1.472e-01 1.322e+05
1.443e-01 1.445e+05
1.434e-01 1.457e+05
3.103e-01 7.790e+04
1.579e-01 1.395e+05
1.496e-01 1.439e+05
1.472e-01 1.469e+05
1.627e-01 1.401e+05
1.861e-01 1.320e+05
1.256e-01 1.478e+05
1.314e-01 1.435e+05
1.993e-01 1.335e+05
1.601e-01 1.438e+05
1.872e-01 1.303e+05
1.453e-01 1.475e+05
1.347e-01 1.467e+05
1.503e-01 1.461e+05
1.373e-01 1.472e+05
1.355e-01 1.492e+05
1.332e-01 1.455e+05
1.373e-01 1.453e+05
1.480e-01 1.388e+05
1.657e-01 1.288e+05
4.018e-01 9.057e+04
2.653e-01 1.164e+05
3.643e-01 7.489e+04
1.271e-01 1.461e+05
2.257e-01 1.284e+05
1.423e-01 1.393e+05
1.373e-01 1.445e+05
1.473e-01 1.413e+05
1.881e-01 1.240e+05
1.400e-01 1.459e+05
2.069e-01 1.224e+05
1.517e-01 1.416e+05
1.279e-01 1.491e+05
1.475e-01 1.436e+05
1.414e-01 1.391e+05
3.601e-01 7.256e+04
1.458e-01 1.446e+05
1.556e-01 1.408e+05
1.399e-01 1.456e+05
1.316e-01 1.493e+05
1.728e-01 1.415e+05
1.518e-01 1.428e+05
1.399e-01 1.467e+05
2.157e-01 1.296e+05
1.459e-01 1.372e+05
1.618e-01 1.396e+05
1.668e-01 1.373e+05
3.734e-01 7.415e+04
1.403e-01 1.428e+05
1.437e-01 1.447e+05
1.566e-01 1.404e+05
1.653e-01 1.394e+05
1.349e-01 1.479e+05
2.493e-01 7.303e+04
1.242e-01 1.481e+05
1.458e-01 1.456e+05
1.458e-01 1.424e+05
2.153e-01 1.259e+05
1.516e-01 1.412e+05
1.678e-01 1.317e+05
1.357e-01 1.473e+05
4.997e-01 1.029e+05
1.531e-01 1.426e+05
1.268e-01 1.508e+05
1.536e-01 1.389e+05
1.420e-01 1.480e+05
1.671e-01 1.392e+05
1.551e-01 1.424e+05
2.373e-01 1.285e+05
1.692e-01 1.378e+05
1.610e-01 1.413e+05
1.953e-01 1.317e+05
1.069e-05 5.575e+03
1.861e-01 1.238e+05
1.347e-01 1.426e+05
1.467e-01 1.475e+05
2.921e-01 7.378e+04
1.473e-01 1.417e+05
1.499e-01 1.370e+05
1.458e-01 1.434e+05
1.256e-01 1.494e+05
2.313e-01 1.206e+05
2.166e-01 1.127e+05
1.510e-01 1.408e+05
1.525e-01 1.397e+05
1.333e-01 1.417e+05
1.925e-01 1.293e+05
1.596e-01 1.388e+05
1.472e-01 1.466e+05
1.440e-01 1.390e+05
1.421e-01 1.440e+05
1.439e-01 1.412e+05
1.358e-01 1.453e+05
1.316e-01 1.451e+05
1.705e-01 1.334e+05
1.415e-01 1.451e+05
1.428e-01 1.418e+05
1.366e-01 1.472e+05
1.780e-01 1.296e+05
2.454e-01 1.189e+05
1.454e-01 1.478e+05
1.325e-01 1.446e+05
1.476e-01 1.416e+05
1.298e-01 1.487e+05
1.276e-01 1.495e+05
1.348e-01 1.470e+05
1.366e-01 1.418e+05
1.643e-01 1.381e+05
1.383e-01 1.481e+05
1.289e-01 1.442e+05
1.454e-01 1.468e+05
3.586e-01 8.867e+04
1.459e-01 1.399e+05
1.272e-01 1.482e+05
1.499e-01 1.412e+05
2.543e-01 1.211e+05
1.459e-01 1.415e+05
1.585e-01 1.433e+05
4.578e-06 2.193e+04
2.209e-01 1.285e+05
1.904e-01 1.303e+05
1.555e-01 1.403e+05
1.539e-01 1.381e+05
1.346e-01 1.468e+05
3.231e-01 7.712e+04
1.321e-01 1.511e+05
2.164e-01 1.328e+05
1.689e-01 1.347e+05
1.394e-01 1.459e+05
2.257e-01 1.198e+05
1.600e-01 1.399e+05
1.612e-01 1.433e+05
1.422e-01 1.453e+05
1.368e-01 1.470e+05
2.036e-01 1.189e+05
1.493e-01 1.402e+05
1.217e-01 1.481e+05
2.727e-01 1.164e+05
1.238e-01 1.533e+05
1.516e-01 1.434e+05
1.619e-01 1.318e+05
1.615e-01 1.431e+05
2.406e-01 1.265e+05
1.415e-01 1.440e+05
1.398e-01 1.493e+05
1.283e-01 1.525e+05
1.270e-01 1.486e+05
1.261e-01 1.459e+05
1.535e-01 1.395e+05
1.348e-01 1.463e+05
1.717e-01 1.339e+05
2.227e-01 1.193e+05
2.124e-01 1.335e+05
2.873e-01 8.664e+04
2.348e-01 1.214e+05
1.376e-01 1.449e+05
1.389e-01 1.464e+05
1.305e-01 1.464e+05
1.429e-01 1.410e+05
1.399e-01 1.417e+05
3.368e-06 2.145e+04
1.698e-01 1.167e+05
1.736e-01 1.351e+05
1.601e-01 1.386e+05
2.115e-01 1.271e+05
1.645e-01 1.411e+05
1.707e-01 1.347e+05
1.581e-01 1.317e+05
2.045e-01 1.316e+05
1.383e-01 1.477e+05
1.281e-01 1.497e+05
2.529e-01 7.593e+04
2.655e-01 7.664e+04
1.430e-01 1.441e+05
1.537e-01 1.413e+05
1.324e-01 1.477e+05
1.319e-01 1.479e+05
1.524e-01 1.443e+05
1.413e-01 1.424e+05
1.497e-01 1.425e+05
1.229e-01 1.506e+05
1.499e-01 1.432e+05
1.485e-01 1.428e+05
1.522e-01 1.398e+05
1.500e-01 1.449e+05
1.450e-01 1.443e+05
1.503e-01 1.423e+05
1.785e-01 1.376e+05
1.516e-01 1.423e+05
1.563e-01 1.378e+05
1.487e-01 1.442e+05
1.354e-01 1.449e+05
1.350e-01 1.392e+05
2.458e-01 9.430e+04
2.103e-01 1.290e+05
1.615e-01 1.253e+05
1.352e-01 1.500e+05
1.573e-01 1.409e+05
2.184e-01 7.706e+04
1.864e-01 1.377e+05
1.403e-01 1.452e+05
1.402e-01 1.434e+05
1.390e-01 1.427e+05
1.465e-01 1.378e+05
1.295e-01 1.442e+05
1.305e-01 1.456e+05
1.625e-01 1.333e+05
2.840e-01 7.616e+04
1.512e-01 1.458e+05
1.370e-01 1.450e+05
1.487e-01 1.434e+05
3.395e-01 7.951e+04
1.946e-01 1.322e+05
1.403e-01 1.464e+05
1.588e-01 1.313e+05
1.385e-01 1.444e+05
1.884e-06 1.752e+04
1.788e-01 1.285e+05
3.202e-01 7.511e+04
1.419e-01 1.426e+05
1.311e-01 1.491e+05
1.664e-01 1.423e+05
2.535e-01 1.247e+05
1.260e-01 1.515e+05
1.261e-01 1.513e+05
1.423e-01 1.364e+05
3.288e-01 1.142e+05
1.601e-01 1.418e+05
1.369e-01 1.471e+05
2.002e-06 1.069e+04
1.405e-01 1.446e+05
1.433e-01 1.412e+05
1.391e-01 1.460e+05
2.370e-01 1.240e+05
1.530e-01 1.423e+05
1.289e-01 1.458e+05
1.560e-01 1.421e+05
1.300e-01 1.474e+05
1.394e-01 1.443e+05
1.373e-01 1.452e+05
1.573e-01 1.362e+05
1.272e-01 1.439e+05
1.546e-01 1.375e+05
1.513e-01 1.397e+05
1.517e-01 1.426e+05
1.429e-01 1.471e+05
1.497e-01 1.412e+05
1.701e-01 1.360e+05
1.444e-01 1.432e+05
2.456e-01 1.048e+05
2.166e-01 1.249e+05
1.566e-01 1.414e+05
1.342e-01 1.458e+05
1.205e-01 1.506e+05
1.401e-01 1.404e+05
2.877e-01 7.921e+04
1.829e-01 9.832e+04
1.434e-01 1.371e+05
1.428e-01 1.464e+05
1.350e-01 1.480e+05
1.534e-01 1.389e+05
1.863e-01 1.322e+05
1.262e-01 1.471e+05
1.427e-01 1.449e+05
1.322e-01 1.464e+05
1.345e-01 1.407e+05
3.295e-01 1.144e+05
1.902e-01 1.313e+05
2.071e-01 1.334e+05
1.542e-01 1.383e+05
1.764e-01 1.273e+05
1.234e-01 1.477e+05
1.728e-01 1.316e+05
1.308e-01 1.477e+05
1.263e-01 1.510e+05
1.442e-01 1.450e+05
1.734e-01 1.270e+05
1.394e-01 1.445e+05
5.185e-06 1.515e+04
1.343e-01 1.485e+05
1.419e-01 1.434e+05
2.749e-01 1.143e+05
1.312e-01 1.501e+05
1.393e-01 1.448e+05
1.922e-01 1.260e+05
1.367e-01 1.458e+05
2.354e-01 1.276e+05
1.366e-01 1.450e+05
1.439e-01 1.429e+05
1.667e-01 1.402e+05
1.426e-01 1.433e+05
1.346e-01 1.477e+05
1.423e-01 1.435e+05
1.259e-01 1.438e+05
2.544e-01 1.218e+05
1.388e-01 1.385e+05
1.279e-01 1.480e+05
1.478e-01 1.464e+05
1.356e-01 1.392e+05
1.447e-01 1.428e+05
1.407e-01 1.426e+05
2.544e-01 1.226e+05
2.928e-01 7.171e+04
1.981e-01 1.214e+05
2.483e-01 1.203e+05
1.347e-01 1.462e+05
1.511e-01 1.433e+05
2.157e-01 7.949e+04
1.226e-01 1.493e+05
1.377e-01 1.452e+05
1.549e-01 1.405e+05
1.557e-01 1.408e+05
1.347e-01 1.480e+05
1.237e-01 1.501e+05
1.426e-01 1.451e+05
1.385e-01 1.458e+05
1.824e-01 1.351e+05
1.315e-01 1.507e+05
1.688e-01 1.402e+05
1.518e-01 1.425e+05
1.458e-01 1.472e+05
2.752e-01 1.177e+05
1.811e-01 1.313e+05
1.432e-01 1.445e+05
1.756e-01 1.332e+05
3.183e-01 9.198e+04
1.530e-01 1.451e+05
1.489e-01 1.389e+05
1.516e-01 1.445e+05
1.278e-01 1.509e+05
1.552e-01 1.419e+05
1.257e-01 1.507e+05
1.412e-01 1.486e+05
1.585e-01 1.366e+05
2.536e-01 1.259e+05
2.870e-01 7.477e+04
1.635e-01 1.428e+05
1.366e-01 1.453e+05
1.271e-01 1.494e+05
1.378e-01 1.431e+05
1.405e-01 1.456e+05
1.687e-01 1.366e+05
2.118e-01 1.227e+05
2.651e-01 1.228e+05
1.430e-01 1.433e+05
1.297e-01 1.480e+05
1.659e-01 1.417e+05
1.896e-01 1.335e+05
1.623e-01 1.394e+05
1.260e-01 1.409e+05
1.494e-01 1.468e+05
1.350e-01 1.461e+05
1.300e-01 1.426e+05
4.065e-06 1.158e+04
1.514e-01 1.456e+05
1.708e-01 1.265e+05
1.533e-06 1.093e+04
2.176e-01 9.840e+04
1.239e-01 1.533e+05
1.578e-01 1.362e+05
1.414e-01 1.469e+05
1.245e-01 1.474e+05
1.694e-01 1.355e+05
1.343e-01 1.506e+05
2.903e-06 5.773e+03
1.311e-01 1.475e+05
1.444e-01 1.466e+05
1.512e-01 1.416e+05
2.662e-01 1.219e+05
1.315e-01 1.520e+05
1.556e-01 1.387e+05
1.334e-01 1.447e+05
1.591e-01 1.404e+05
1.385e-01 1.452e+05
1.611e-01 1.331e+05
1.301e-01 1.458e+05
3.549e-01 1.171e+05
2.270e-01 1.180e+05
3.390e-01 9.090e+04
1.388e-01 1.493e+05
1.354e-01 1.464e+05
1.558e-01 1.395e+05
2.909e-01 8.581e+04
1.381e-01 1.440e+05
1.373e-01 1.438e+05
2.808e-01 7.634e+04
1.356e-01 1.457e+05
1.310e-01 1.466e+05
1.550e-01 1.411e+05
2.759e-01 7.531e+04
1.344e-01 1.425e+05
3.786e-01 7.428e+04
1.313e-01 1.512e+05
1.534e-01 1.390e+05
2.996e-01 1.183e+05
1.562e-01 1.448e+05
2.040e-01 1.304e+05
1.394e-01 1.404e+05
2.660e-01 1.222e+05
1.374e-01 1.472e+05
1.901e-01 1.337e+05
1.428e-01 1.421e+05
1.306e-01 1.480e+05
1.373e-01 1.470e+05
1.526e-01 1.443e+05
1.407e-01 1.460e+05
2.301e-01 1.235e+05
2.900e-01 7.754e+04
1.402e-01 1.440e+05
1.355e-01 1.456e+05
1.375e-01 1.458e+05
2.453e-01 1.239e+05
1.386e-01 1.400e+05
1.223e-01 1.489e+05
1.833e-01 1.304e+05
1.685e-01 1.383e+05
3.148e-01 1.179e+05
1.252e-01 1.493e+05
1.297e-01 1.492e+05
3.018e-01 8.719e+04
1.754e-01 1.405e+05
1.450e-01 1.428e+05
1.311e-01 1.459e+05
2.270e-01 1.221e+05
2.823e-01 1.186e+05
1.504e-01 1.355e+05
1.586e-01 1.422e+05
1.365e-01 1.487e+05
1.225e-01 1.512e+05
1.452e-01 1.422e+05
1.386e-01 1.443e+05
1.515e-01 1.418e+05
1.572e-01 1.410e+05
1.307e-01 1.474e+05
2.770e-01 1.159e+05
3.090e-01 7.712e+04
1.347e-01 1.470e+05
1.807e-01 1.367e+05
2.945e-01 7.902e+04
1.278e-01 1.443e+05
2.333e-01 1.041e+05
1.451e-01 1.412e+05
1.348e-01 1.468e+05
1.356e-01 1.488e+05
2.021e-01 1.226e+05
1.376e-01 1.454e+05
2.469e-01 1.276e+05
2.004e-01 1.323e+05
2.485e-01 1.119e+05
1.458e-01 1.440e+05
1.942e-01 1.300e+05
3.260e-01 7.929e+04
4.387e-01 9.364e+04
1.246e-01 1.471e+05
1.394e-01 1.491e+05
1.383e-01 1.443e+05
1.353e-01 1.476e+05
2.636e-01 1.151e+05
1.480e-01 1.474e+05
1.410e-01 1.352e+05
1.742e-01 1.377e+05
1.315e-01 1.393e+05
1.394e-01 1.391e+05
1.441e-01 1.468e+05
2.183e-01 1.273e+05
2.649e-01 7.604e+04
1.789e-01 1.395e+05
1.488e-01 1.393e+05
1.787e-01 1.280e+05
3.716e-01 1.094e+05
3.392e-01 7.853e+04
1.325e-01 1.421e+05
1.633e-01 1.410e+05
1.619e-01 1.436e+05
1.443e-01 1.457e+05
5.378e-01 1.027e+05
1.490e-01 1.385e+05
3.652e-01 1.142e+05
1.258e-01 1.484e+05
3.454e-01 1.176e+05
1.219e-01 1.533e+05
1.263e-01 1.522e+05
1.391e-01 1.434e+05
2.618e-01 7.719e+04
1.380e-01 1.472e+05
1.394e-01 1.454e+05
1.561e-01 1.401e+05
1.712e-01 1.393e+05
1.439e-01 1.436e+05
1.402e-01 1.441e+05
1.635e-01 1.329e+05
1.534e-01 1.352e+05
1.300e-01 1.431e+05
1.506e-01 1.418e+05
1.288e-01 1.477e+05
5.557e-01 1.085e+05
2.740e-01 1.203e+05
1.315e-01 1.469e+05
1.379e-01 1.454e+05
1.725e-01 1.347e+05
1.394e-01 1.449e+05
1.476e-01 1.418e+05
3.331e-01 8.388e+04
1.456e-01 1.429e+05
1.441e-01 1.463e+05
1.434e-01 1.385e+05
1.946e-01 1.362e+05
1.354e-01 1.476e+05
1.532e-01 1.389e+05
1.547e-01 1.447e+05
1.318e-01 1.471e+05
1.657e-01 1.326e+05
1.904e-01 7.276e+04
1.346e-01 1.492e+05
9.840e-06 9.994e+03
1.480e-01 1.448e+05
1.368e-01 1.479e+05
1.444e-01 1.468e+05
1.419e-01 1.489e+05
1.458e-01 1.422e+05
3.544e-01 1.113e+05
1.326e-01 1.471e+05
2.377e-01 1.231e+05
2.046e-01 1.268e+05
1.444e-01 1.425e+05
1.481e-01 1.474e+05
1.325e-01 1.490e+05
1.287e-01 1.439e+05
1.516e-01 1.295e+05
