1.432e-01 1.468e+05
1.827e-06 2.889e+04
1.190e-01 1.475e+05
3.019e-01 9.104e+04
1.599e-01 1.423e+05
2.152e-01 1.370e+05
2.411e-06 7.535e+03
1.651e-01 1.378e+05
1.745e-01 1.403e+05
1.979e-01 1.326e+05
1.305e-01 1.520e+05
1.652e-01 1.411e+05
1.357e-01 1.446e+05
1.354e-01 1.457e+05
2.167e-01 1.317e+05
1.425e-01 1.442e+05
3.277e-01 8.268e+04
1.895e-01 1.341e+05
1.389e-01 1.481e+05
1.672e-01 1.415e+05
1.421e-01 1.467e+05
1.340e-01 1.506e+05
1.676e-01 1.458e+05
1.664e-01 1.170e+05
1.302e-01 1.416e+05
1.510e-01 1.425e+05
1.880e-01 1.355e+05
1.543e-01 1.468e+05
1.862e-01 1.334e+05
1.355e-01 1.448e+05
1.317e-01 1.452e+05
1.596e-01 1.431e+05
1.629e-01 1.452e+05
1.279e-01 1.508e+05
2.126e-06 3.169e+04
1.706e-01 1.069e+05
1.227e-01 1.510e+05
3.501e-06 1.699e+04
2.469e-01 1.276e+05
1.785e-01 1.384e+05
1.590e-01 1.419e+05
1.206e-01 1.476e+05
2.050e-01 1.266e+05
1.487e-01 1.443e+05
1.647e-01 1.430e+05
1.532e-06 8.564e+02
1.433e-01 1.458e+05
1.766e-01 1.407e+05
1.671e-01 1.176e+05
1.696e-01 1.426e+05
1.327e-01 1.446e+05
3.363e-01 1.261e+05
1.690e-01 1.393e+05
1.666e-01 1.229e+05
1.505e-01 1.407e+05
3.046e-01 1.307e+05
3.450e-01 7.906e+04
2.171e-01 1.343e+05
1.319e-01 1.400e+05
3.101e-01 1.258e+05
1.744e-01 1.357e+05
1.714e-01 1.062e+05
2.573e-06 8.325e+03
1.447e-01 1.469e+05
1.759e-01 1.293e+05
1.488e-01 1.447e+05
1.562e-01 1.420e+05
1.608e-01 1.438e+05
1.380e-01 1.427e+05
1.533e-01 1.420e+05
1.620e-01 1.408e+05
2.614e-01 1.286e+05
2.764e-01 1.248e+05
2.180e-01 8.979e+04
1.806e-01 1.197e+05
1.545e-01 1.435e+05
1.285e-01 1.510e+05
2.811e-01 1.260e+05
1.413e-01 1.364e+05
1.424e-01 1.459e+05
1.407e-01 1.459e+05
1.438e-01 1.448e+05
1.221e-01 1.512e+05
1.411e-01 1.463e+05
1.699e-01 1.396e+05
1.382e-01 1.474e+05
1.677e-01 1.428e+05
1.418e-01 1.422e+05
5.105e-06 4.903e+03
1.455e-01 1.418e+05
1.393e-01 1.484e+05
4.639e-01 1.067e+05
2.470e-01 1.299e+05
1.483e-01 1.444e+05
4.260e-01 1.241e+05
1.575e-01 1.413e+05
2.032e-01 1.322e+05
1.925e-01 1.362e+05
3.900e-01 1.251e+05
2.949e-01 8.354e+04
1.856e-01 1.336e+05
1.421e-01 1.478e+05
1.860e-01 1.391e+05
1.425e-01 1.460e+05
2.587e-01 1.299e+05
1.464e-01 1.456e+05
1.748e-01 1.397e+05
1.402e-01 1.480e+05
1.444e-01 1.479e+05
1.517e-01 1.388e+05
1.699e-01 1.424e+05
1.391e-01 1.492e+05
1.361e-01 1.485e+05
1.438e-01 1.407e+05
1.454e-01 1.441e+05
1.265e-01 1.506e+05
2.398e-01 1.278e+05
1.490e-01 1.422e+05
1.441e-01 1.463e+05
1.408e-01 1.471e+05
1.854e-01 1.401e+05
1.553e-01 1.441e+05
1.233e-01 1.478e+05
1.413e-01 1.458e+05
1.471e-01 1.447e+05
1.422e-01 1.385e+05
1.671e-01 1.419e+05
2.196e-01 8.335e+04
1.290e-01 1.497e+05
1.343e-01 1.444e+05
3.407e-01 1.162e+05
3.033e-01 8.748e+04
1.511e-01 1.427e+05
1.818e-01 1.335e+05
1.471e-01 1.465e+05
1.350e-01 1.471e+05
1.760e-01 1.378e+05
1.548e-01 1.445e+05
1.443e-01 1.414e+05
1.371e-01 1.472e+05
1.757e-01 1.435e+05
1.589e-01 1.408e+05
1.422e-01 1.435e+05
1.450e-01 1.406e+05
1.397e-01 1.458e+05
1.789e-01 1.271e+05
1.634e-01 1.418e+05
3.179e-06 1.041e+04
1.316e-01 1.468e+05
1.327e-01 1.493e+05
1.510e-01 1.370e+05
9.306e-06 2.726e+04
1.508e-01 1.441e+05
1.334e-01 1.448e+05
1.388e-01 1.468e+05
1.424e-01 1.449e+05
1.541e-01 1.451e+05
1.934e-01 1.395e+05
1.422e-01 1.434e+05
1.544e-01 1.438e+05
1.539e-01 1.465e+05
1.414e-01 1.450e+05
1.195e-01 1.487e+05
3.441e-01 1.253e+05
3.325e-01 8.167e+04
4.019e-01 1.272e+05
3.181e-01 7.811e+04
1.442e-01 1.469e+05
2.864e-01 1.258e+05
1.915e-01 1.344e+05
2.810e-01 1.278e+05
1.443e-01 1.443e+05
1.250e-01 1.505e+05
1.870e-01 1.407e+05
1.199e-01 1.523e+05
1.533e-01 1.445e+05
2.493e-01 1.327e+05
1.582e-01 1.424e+05
1.201e-01 1.489e+05
2.151e-01 1.360e+05
2.725e-01 1.291e+05
2.068e-01 1.369e+05
1.223e-01 1.492e+05
2.063e-01 1.353e+05
2.681e-01 1.280e+05
1.442e-01 1.444e+05
1.461e-01 1.464e+05
1.035e-06 9.497e+03
1.261e-01 1.473e+05
1.567e-01 1.439e+05
1.394e-01 1.423e+05
1.320e-01 1.494e+05
2.092e-01 1.352e+05
2.849e-01 9.281e+04
2.173e-01 1.088e+05
1.680e-01 1.315e+05
1.797e-01 8.146e+04
1.646e-01 1.412e+05
1.544e-01 1.432e+05
1.446e-01 1.451e+05
1.462e-01 1.329e+05
1.486e-01 1.480e+05
1.803e-01 8.278e+04
1.520e-01 1.412e+05
2.477e-01 1.330e+05
6.831e-06 2.950e+04
1.605e-01 1.445e+05
1.977e-01 1.295e+05
1.207e-01 1.534e+05
1.405e-01 1.445e+05
1.480e-01 1.459e+05
3.116e-01 1.295e+05
5.755e-01 1.219e+05
1.349e-01 1.454e+05
1.739e-01 1.338e+05
1.195e-01 1.484e+05
1.505e-01 1.445e+05
4.266e-01 1.231e+05
1.340e-01 1.469e+05
1.230e-01 1.474e+05
2.308e-01 1.018e+05
1.676e-01 1.387e+05
1.923e-01 1.317e+05
1.439e-01 1.450e+05
1.582e-01 1.413e+05
1.291e-01 1.511e+05
1.275e-01 1.463e+05
3.356e-01 1.258e+05
5.443e-01 1.008e+05
1.045e-05 1.015e+04
1.493e-01 1.455e+05
1.326e-01 1.501e+05
1.316e-01 1.457e+05
2.016e-01 1.368e+05
1.700e-01 1.367e+05
1.732e-01 1.399e+05
3.523e-01 9.686e+04
2.733e-01 1.315e+05
1.499e-01 1.443e+05
1.565e-01 1.430e+05
1.742e-01 1.396e+05
1.621e-01 1.354e+05
1.684e-01 1.408e+05
1.879e-01 1.380e+05
1.772e-01 1.430e+05
1.465e-01 1.437e+05
1.292e-01 1.428e+05
3.962e-01 1.194e+05
2.055e-01 1.350e+05
2.512e-01 1.281e+05
1.716e-01 1.428e+05
1.694e-01 1.455e+05
6.214e-06 4.807e+03
1.723e-01 1.429e+05
1.472e-01 1.452e+05
2.345e-01 7.657e+04
1.552e-01 1.417e+05
1.638e-01 1.359e+05
1.750e-01 1.423e+05
1.562e-01 1.430e+05
8.917e-07 2.168e+04
1.484e-01 1.407e+05
1.394e-01 1.452e+05
1.311e-01 1.425e+05
1.401e-01 1.467e+05
1.791e-01 1.395e+05
1.876e-01 1.373e+05
2.610e-01 1.324e+05
1.521e-01 1.427e+05
1.347e-01 1.444e+05
1.536e-01 1.442e+05
1.203e-01 1.482e+05
1.449e-01 1.467e+05
2.133e-01 1.287e+05
1.349e-01 1.460e+05
2.987e-01 1.270e+05
1.505e-01 1.476e+05
1.368e-01 1.478e+05
1.416e-01 1.445e+05
1.236e-01 1.468e+05
1.455e-01 1.446e+05
1.439e-01 1.483e+05
1.403e-01 1.466e+05
1.523e-01 1.432e+05
3.127e-01 1.281e+05
1.313e-01 1.515e+05
3.191e-01 1.240e+05
1.822e-01 1.380e+05
1.552e-06 1.113e+04
2.423e-01 1.290e+05
1.440e-01 1.394e+05
1.917e-06 6.187e+03
2.071e-01 1.354e+05
1.442e-01 1.463e+05
2.509e-01 1.310e+05
1.530e-01 1.391e+05
1.394e-01 1.466e+05
1.546e-01 1.426e+05
3.503e-07 1.543e+04
1.988e-01 1.313e+05
1.314e-01 1.468e+05
3.551e-01 1.228e+05
6.877e-06 3.975e+04
2.418e-01 1.320e+05
1.315e-01 1.453e+05
2.457e-01 1.353e+05
1.761e-01 1.375e+05
2.828e-06 1.885e+04
1.269e-01 1.475e+05
1.618e-01 1.368e+05
2.916e-01 1.220e+05
1.187e-01 1.508e+05
2.486e-01 1.303e+05
1.300e-01 1.431e+05
1.652e-01 1.375e+05
1.323e-01 1.440e+05
1.583e-01 1.434e+05
1.741e-01 1.427e+05
1.447e-01 1.468e+05
1.601e-01 1.425e+05
1.647e-01 1.394e+05
2.008e-01 1.374e+05
2.527e-01 7.771e+04
1.251e-01 1.506e+05
1.457e-01 1.432e+05
1.482e-01 1.355e+05
1.299e-01 1.458e+05
3.653e-06 1.349e+04
8.485e-06 2.956e+04
1.265e-01 1.475e+05
1.648e-01 1.403e+05
1.466e-01 1.459e+05
1.495e-01 1.491e+05
1.656e-01 1.421e+05
1.360e-01 1.511e+05
3.142e-01 1.253e+05
2.866e-01 1.273e+05
2.732e-01 9.002e+04
1.192e-01 1.488e+05
1.320e-01 1.488e+05
1.263e-01 1.518e+05
1.373e-01 1.467e+05
1.229e-01 1.474e+05
1.617e-01 1.414e+05
2.233e-01 1.371e+05
1.921e-01 1.353e+05
1.530e-01 1.451e+05
1.536e-01 1.433e+05
2.341e-01 1.362e+05
4.126e-01 1.252e+05
1.372e-01 1.489e+05
1.169e-01 1.514e+05
1.436e-01 1.470e+05
3.162e-01 1.291e+05
1.450e-01 1.452e+05
1.384e-01 1.471e+05
2.774e-01 1.304e+05
1.463e-01 1.437e+05
2.073e-01 1.373e+05
2.299e-01 1.324e+05
2.148e-01 1.319e+05
5.257e-01 1.007e+05
3.344e-01 7.882e+04
1.283e-01 1.467e+05
1.411e-01 1.462e+05
2.156e-01 1.360e+05
3.194e-01 8.013e+04
1.361e-01 1.439e+05
1.713e-01 1.386e+05
1.934e-01 1.327e+05
1.362e-01 1.476e+05
1.853e-01 1.391e+05
2.368e-08 1.968e+04
1.638e-01 1.339e+05
1.659e-01 1.423e+05
2.150e-01 1.277e+05
1.309e-01 1.487e+05
1.918e-01 1.423e+05
2.146e-01 1.373e+05
1.472e-01 1.446e+05
1.599e-01 1.415e+05
1.694e-01 1.417e+05
2.605e-01 8.436e+04
1.493e-01 1.469e+05
5.083e-06 2.013e+04
1.452e-01 1.461e+05
1.926e-01 1.352e+05
2.437e-01 7.894e+04
1.481e-01 1.446e+05
1.404e-01 1.451e+05
6.328e-07 1.096e+04
3.090e-01 1.260e+05
2.842e-01 1.301e+05
1.237e-01 1.522e+05
1.533e-01 1.415e+05
2.072e-01 1.357e+05
3.009e-01 1.284e+05
4.839e-06 1.190e+04
1.461e-01 1.390e+05
2.018e-01 1.120e+05
1.416e-01 1.496e+05
1.605e-01 1.369e+05
1.312e-01 1.472e+05
1.301e-01 1.454e+05
1.469e-01 1.457e+05
1.935e-01 1.160e+05
1.188e-01 1.513e+05
2.125e-01 1.371e+05
1.266e-01 1.467e+05
1.794e-01 1.370e+05
1.358e-01 1.466e+05
2.318e-01 1.370e+05
1.465e-01 1.440e+05
2.241e-01 1.383e+05
1.987e-01 1.321e+05
2.517e-01 1.337e+05
1.580e-01 1.426e+05
1.647e-01 1.376e+05
1.668e-01 1.421e+05
1.306e-01 1.481e+05
7.273e-06 4.934e+02
1.209e-01 1.498e+05
1.319e-01 1.484e+05
1.059e-05 1.482e+04
1.371e-01 1.446e+05
4.611e-01 1.131e+05
1.259e-01 1.456e+05
2.416e-01 1.295e+05
1.845e-01 1.232e+05
1.557e-01 1.386e+05
2.266e-01 1.247e+05
1.382e-01 1.429e+05
1.883e-01 1.336e+05
1.509e-01 1.460e+05
1.403e-01 1.468e+05
1.236e-01 1.522e+05
2.531e-01 1.277e+05
1.452e-01 1.441e+05
1.402e-01 1.465e+05
1.627e-01 1.416e+05
1.626e-01 1.462e+05
2.652e-01 1.347e+05
1.406e-01 1.440e+05
2.864e-01 1.262e+05
1.389e-01 1.498e+05
1.872e-01 1.415e+05
3.306e-01 1.277e+05
1.470e-01 1.443e+05
1.662e-01 1.363e+05
1.526e-01 1.431e+05
2.702e-01 8.640e+04
1.508e-01 1.457e+05
1.898e-01 1.424e+05
1.251e-01 1.529e+05
1.361e-01 1.497e+05
1.261e-01 1.519e+05
1.595e-01 7.639e+04
1.783e-01 1.328e+05
4.273e-06 1.382e+04
1.299e-01 1.447e+05
1.449e-01 1.461e+05
1.319e-01 1.381e+05
3.072e-01 1.276e+05
1.698e-01 1.395e+05
1.357e-01 1.484e+05
2.412e-06 3.708e+04
1.396e-01 1.446e+05
2.277e-01 1.302e+05
1.376e-01 1.435e+05
1.367e-01 1.490e+05
1.369e-01 1.474e+05
3.257e-06 1.214e+04
1.475e-01 1.480e+05
1.195e-01 1.510e+05
2.072e-01 1.388e+05
2.087e-01 1.323e+05
3.034e-01 1.287e+05
1.946e-01 1.321e+05
1.952e-01 1.423e+05
1.912e-01 1.356e+05
1.831e-01 1.168e+05
1.970e-01 1.308e+05
1.387e-01 1.446e+05
1.408e-01 1.441e+05
4.449e-06 2.912e+04
1.266e-01 1.487e+05
1.680e-06 1.760e+04
1.502e-01 1.459e+05
1.753e-01 1.284e+05
1.898e-01 1.328e+05
1.355e-01 1.449e+05
2.074e-01 1.307e+05
2.380e-01 1.316e+05
1.331e-01 1.388e+05
2.635e-01 1.300e+05
1.341e-01 1.445e+05
1.511e-01 1.475e+05
1.340e-01 1.507e+05
1.577e-01 1.474e+05
1.814e-01 1.402e+05
1.657e-01 1.431e+05
1.507e-01 1.420e+05
1.952e-01 1.337e+05
1.587e-01 1.437e+05
1.527e-01 1.371e+05
1.336e-01 1.494e+05
5.492e-08 1.106e+04
1.536e-01 1.437e+05
1.488e-01 1.414e+05
1.635e-01 1.423e+05
1.870e-01 1.338e+05
1.359e-01 1.467e+05
3.276e-01 1.257e+05
1.621e-01 1.452e+05
1.461e-01 1.447e+05
1.567e-01 1.428e+05
1.314e-01 1.464e+05
2.364e-01 7.897e+04
1.699e-01 1.404e+05
2.053e-01 1.291e+05
2.535e-01 1.299e+05
1.252e-01 1.518e+05
1.619e-01 1.419e+05
1.708e-01 1.310e+05
1.291e-01 1.514e+05
4.154e-06 5.444e+02
1.445e-01 1.444e+05
1.513e-01 1.462e+05
1.451e-01 1.440e+05
1.659e-01 1.431e+05
1.525e-01 1.446e+05
1.212e-01 1.521e+05
1.488e-01 1.335e+05
1.525e-01 1.456e+05
1.628e-01 1.441e+05
7.275e-06 2.353e+04
1.397e-01 1.449e+05
1.225e-01 1.502e+05
1.397e-01 1.446e+05
1.516e-01 1.449e+05
1.812e-01 1.352e+05
1.845e-01 1.419e+05
1.552e-01 1.455e+05
2.849e-01 8.025e+04
1.546e-01 1.440e+05
4.464e-01 1.268e+05
1.413e-01 1.445e+05
1.478e-01 1.451e+05
1.243e-01 1.477e+05
1.532e-01 1.425e+05
1.846e-01 1.416e+05
3.523e-01 1.033e+05
2.511e-01 8.117e+04
1.716e-01 1.411e+05
4.456e-06 2.906e+04
1.205e-01 1.500e+05
1.247e-01 1.494e+05
1.830e-01 1.352e+05
1.186e-05 1.053e+04
1.699e-01 1.417e+05
2.473e-01 1.307e+05
1.537e-01 1.407e+05
2.372e-01 1.288e+05
2.051e-01 1.360e+05
2.858e-01 1.279e+05
1.264e-01 1.505e+05
1.404e-01 1.476e+05
2.157e-01 1.363e+05
1.570e-01 1.412e+05
1.346e-01 1.445e+05
1.527e-01 1.428e+05
1.313e-01 1.461e+05
1.245e-01 1.527e+05
1.271e-01 1.462e+05
1.254e-01 1.496e+05
4.609e-01 1.224e+05
3.153e-01 1.305e+05
1.272e-01 1.463e+05
1.635e-01 1.422e+05
1.696e-01 1.439e+05
1.555e-01 1.424e+05
1.509e-01 1.443e+05
3.020e-01 1.247e+05
1.667e-01 1.410e+05
1.374e-01 1.420e+05
2.143e-01 1.074e+05
1.334e-01 1.481e+05
3.514e-01 1.275e+05
2.732e-01 7.613e+04
1.326e-01 1.439e+05
1.336e-01 1.491e+05
1.371e-01 1.484e+05
2.766e-01 1.249e+05
2.536e-01 8.951e+04
2.030e-05 5.783e+03
1.433e-01 1.430e+05
1.497e-01 1.450e+05
2.160e-01 1.345e+05
1.468e-01 1.404e+05
1.460e-01 1.433e+05
1.545e-01 1.435e+05
2.017e-01 1.352e+05
1.435e-01 1.426e+05
1.535e-01 1.442e+05
2.517e-01 1.273e+05
2.487e-01 1.295e+05
2.582e-01 1.264e+05
1.232e-01 1.505e+05
1.245e-01 1.464e+05
1.504e-01 1.461e+05
1.909e-01 1.374e+05
3.145e-06 3.468e+04
1.282e-01 1.475e+05
1.501e-01 1.413e+05
1.481e-01 1.472e+05
1.484e-01 1.410e+05
2.143e-01 1.377e+05
1.478e-01 1.438e+05
1.661e-01 1.419e+05
1.505e-01 1.389e+05
1.327e-01 1.398e+05
1.288e-01 1.475e+05
1.382e-01 1.475e+05
1.307e-01 1.459e+05
1.512e-01 1.441e+05
1.333e-01 1.507e+05
1.633e-01 1.424e+05
2.574e-01 1.306e+05
2.925e-01 1.146e+05
2.131e-01 8.029e+04
1.413e-01 1.447e+05
1.506e-01 1.455e+05
1.454e-01 1.465e+05
1.908e-01 1.365e+05
1.573e-01 1.424e+05
3.795e-01 7.737e+04
1.668e-01 1.429e+05
1.386e-01 1.367e+05
2.813e-01 1.289e+05
1.995e-01 1.161e+05
1.329e-01 1.483e+05
4.650e-01 8.722e+04
1.506e-01 1.434e+05
1.818e-01 1.406e+05
1.633e-01 1.365e+05
1.564e-01 1.455e+05
1.514e-01 1.447e+05
1.492e-01 1.442e+05
1.201e-01 1.491e+05
1.940e-01 1.375e+05
2.291e-01 1.291e+05
5.314e-01 1.161e+05
1.403e-01 1.457e+05
1.881e-01 1.314e+05
5.660e-07 6.461e+03
1.284e-01 1.468e+05
1.316e-01 1.465e+05
1.430e-01 1.477e+05
6.579e-06 2.062e+04
4.071e-01 1.063e+05
1.494e-01 1.432e+05
1.633e-06 6.870e+03
1.518e-01 1.419e+05
1.223e-01 1.464e+05
1.967e-01 1.317e+05
1.361e-01 1.447e+05
1.449e-01 1.456e+05
1.609e-01 1.403e+05
2.610e-01 1.259e+05
1.929e-06 3.219e+04
1.512e-01 1.391e+05
1.417e-07 2.348e+04
2.440e-01 1.328e+05
1.727e-01 1.400e+05
1.486e-01 1.419e+05
3.737e-01 1.248e+05
1.819e-01 1.418e+05
1.252e-01 1.474e+05
1.303e-01 1.486e+05
1.295e-01 1.517e+05
2.101e-01 1.317e+05
2.962e-01 1.275e+05
1.962e-01 1.359e+05
1.703e-01 1.386e+05
1.254e-01 1.491e+05
2.811e-01 1.050e+05
2.825e-01 1.257e+05
1.613e-01 1.433e+05
3.547e-01 9.390e+04
1.935e-01 7.719e+04
1.414e-01 1.483e+05
1.583e-01 1.448e+05
1.640e-01 1.384e+05
2.303e-06 1.449e+04
1.406e-01 1.444e+05
4.302e-06 9.423e+03
1.200e-01 1.488e+05
1.506e-01 1.431e+05
1.380e-06 1.273e+04
1.500e-01 1.437e+05
1.684e-01 1.380e+05
1.819e-01 1.363e+05
2.142e-01 1.314e+05
1.503e-01 1.447e+05
3.051e-06 4.128e+03
1.472e-01 1.457e+05
1.764e-01 1.422e+05
1.736e-01 1.385e+05
1.395e-01 1.421e+05
1.255e-01 1.489e+05
1.592e-01 1.421e+05
1.285e-01 1.491e+05
2.228e-01 1.313e+05
1.359e-01 1.464e+05
1.523e-01 1.477e+05
1.220e-05 3.122e+04
3.103e-01 1.264e+05
1.248e-01 1.517e+05
1.621e-01 1.413e+05
2.715e-01 8.361e+04
2.730e-01 1.316e+05
1.937e-01 1.406e+05
1.198e-01 1.494e+05
1.487e-01 1.445e+05
3.416e-01 8.830e+04
1.540e-01 1.448e+05
2.181e-01 1.299e+05
1.490e-01 1.392e+05
2.282e-01 1.325e+05
1.393e-01 1.415e+05
1.395e-01 1.494e+05
1.333e-01 1.427e+05
1.884e-01 1.326e+05
1.329e-01 1.484e+05
2.105e-01 1.375e+05
2.771e-01 1.277e+05
1.854e-01 1.368e+05
1.462e-01 1.446e+05
1.535e-01 1.437e+05
1.469e-01 1.453e+05
1.495e-01 1.438e+05
1.490e-01 1.465e+05
1.478e-01 1.429e+05
1.320e-01 1.497e+05
2.500e-01 1.271e+05
1.810e-01 8.454e+04
2.212e-01 1.358e+05
1.413e-01 1.471e+05
1.517e-01 1.441e+05
1.224e-01 1.492e+05
1.620e-01 1.407e+05
1.592e-01 1.399e+05
2.609e-01 1.270e+05
1.443e-01 1.445e+05
1.463e-01 1.428e+05
2.892e-01 1.234e+05
7.290e-07 2.965e+04
1.133e-05 6.823e+03
1.704e-01 1.342e+05
1.494e-01 1.424e+05
1.536e-01 1.417e+05
3.125e-01 1.248e+05
1.441e-01 1.466e+05
1.780e-01 1.406e+05
1.256e-01 1.507e+05
1.458e-01 1.425e+05
1.423e-01 1.422e+05
1.234e-01 1.467e+05
1.612e-01 1.407e+05
2.568e-06 2.600e+04
1.295e-01 1.511e+05
1.601e-01 1.392e+05
2.546e-06 2.016e+04
1.725e-01 1.379e+05
1.593e-01 1.474e+05
1.403e-01 1.477e+05
2.432e-01 8.271e+04
2.775e-01 1.285e+05
1.374e-01 1.425e+05
2.746e-06 9.507e+03
1.593e-01 1.385e+05
1.465e-01 1.440e+05
2.580e-06 5.822e+03
1.837e-01 1.374e+05
1.588e-01 1.419e+05
1.618e-01 1.419e+05
1.403e-01 1.456e+05
3.488e-01 8.686e+04
2.975e-01 1.276e+05
1.549e-01 1.426e+05
1.425e-01 1.443e+05
1.644e-01 1.426e+05
1.716e-01 1.358e+05
1.366e-01 1.473e+05
1.529e-01 1.437e+05
1.967e-01 7.876e+04
2.526e-01 1.286e+05
2.094e-01 1.306e+05
1.368e-01 1.391e+05
5.180e-01 8.632e+04
1.292e-01 1.440e+05
1.295e-01 1.439e+05
1.359e-01 1.419e+05
3.801e-01 9.949e+04
2.488e-01 1.271e+05
1.597e-01 1.397e+05
1.384e-01 1.431e+05
4.443e-01 1.073e+05
1.383e-01 1.458e+05
2.216e-01 1.273e+05
1.337e-01 1.459e+05
1.684e-01 1.441e+05
2.108e-01 7.795e+04
1.469e-01 1.470e+05
1.369e-01 1.459e+05
1.495e-01 1.421e+05
1.452e-01 1.462e+05
1.549e-01 1.474e+05
1.244e-01 1.513e+05
7.275e-07 1.539e+04
1.542e-01 1.441e+05
1.303e-01 1.458e+05
1.685e-01 1.429e+05
2.685e-01 1.245e+05
2.051e-01 1.334e+05
1.758e-01 1.364e+05
1.549e-01 1.422e+05
3.589e-01 1.223e+05
2.608e-01 1.308e+05
1.284e-01 1.483e+05
1.315e-01 1.452e+05
1.831e-01 1.353e+05
2.762e-01 8.483e+04
1.805e-06 7.709e+03
1.597e-01 1.351e+05
1.533e-01 1.443e+05
1.295e-01 1.449e+05
1.357e-01 1.474e+05
1.251e-01 1.519e+05
1.326e-01 1.473e+05
1.520e-01 1.449e+05
1.313e-01 1.410e+05
1.852e-01 1.368e+05
2.729e-01 7.970e+04
1.322e-01 1.474e+05
2.502e-01 1.289e+05
4.007e-01 1.065e+05
1.186e-01 1.515e+05
1.302e-01 1.438e+05
1.530e-01 1.451e+05
1.446e-01 1.441e+05
1.423e-01 1.468e+05
3.108e-01 1.105e+05
1.272e-01 1.482e+05
3.327e-01 8.079e+04
1.410e-01 1.477e+05
3.870e-01 1.156e+05
1.481e-01 1.437e+05
1.464e-01 1.448e+05
2.276e-01 1.318e+05
1.404e-01 1.464e+05
3.937e-01 8.722e+04
2.435e-01 1.314e+05
1.336e-01 1.479e+05
2.216e-01 1.292e+05
1.276e-01 1.504e+05
1.558e-01 1.413e+05
1.437e-01 1.415e+05
1.356e-01 1.473e+05
1.482e-01 1.458e+05
1.642e-01 1.371e+05
2.265e-06 3.759e+04
1.776e-01 1.349e+05
1.429e-01 1.428e+05
1.373e-01 1.436e+05
1.322e-01 1.515e+05
9.987e-06 1.804e+04
1.323e-01 1.466e+05
1.803e-01 1.312e+05
1.353e-01 1.482e+05
1.507e-01 1.423e+05
4.524e-06 5.997e+03
1.424e-01 1.444e+05
1.557e-01 1.443e+05
1.389e-01 1.444e+05
2.027e-01 1.351e+05
1.530e-01 1.468e+05
1.473e-01 1.480e+05
1.524e-01 1.454e+05
1.569e-01 1.438e+05
1.514e-01 1.436e+05
1.552e-01 1.447e+05
1.432e-01 1.471e+05
1.493e-01 1.427e+05
1.380e-01 1.443e+05
1.543e-01 1.416e+05
1.460e-01 1.449e+05
1.450e-01 1.453e+05
1.549e-01 1.436e+05
1.352e-01 1.476e+05
1.898e-05 6.245e+03
2.617e-01 1.304e+05
2.421e-01 1.326e+05
1.449e-01 1.427e+05
1.540e-01 1.464e+05
6.822e-06 3.593e+04
1.838e-01 1.404e+05
1.615e-01 1.368e+05
3.404e-01 1.261e+05
3.569e-01 1.254e+05
2.107e-01 1.392e+05
1.737e-01 1.373e+05
3.102e-01 9.077e+04
1.596e-01 1.432e+05
1.842e-01 1.411e+05
1.261e-01 1.457e+05
1.542e-01 1.462e+05
1.440e-01 1.416e+05
2.582e-01 1.294e+05
1.265e-01 1.458e+05
1.562e-01 1.437e+05
1.760e-01 1.430e+05
1.572e-01 1.448e+05
1.459e-01 1.441e+05
2.065e-01 7.721e+04
1.720e-01 1.434e+05
3.316e-01 1.254e+05
1.536e-01 1.434e+05
1.463e-01 1.460e+05
1.954e-01 1.372e+05
2.454e-01 1.317e+05
1.241e-01 1.492e+05
1.530e-01 1.459e+05
1.414e-01 1.464e+05
1.732e-01 1.369e+05
1.665e-01 1.405e+05
2.445e-01 1.279e+05
3.097e-01 8.724e+04
1.293e-01 1.456e+05
1.409e-01 1.407e+05
1.389e-01 1.454e+05
1.697e-01 1.404e+05
1.356e-01 1.463e+05
3.257e-01 1.291e+05
1.724e-01 1.411e+05
1.493e-01 1.330e+05
1.358e-01 1.477e+05
1.633e-01 1.396e+05
1.842e-01 1.362e+05
1.550e-01 1.402e+05
1.400e-01 1.489e+05
1.335e-01 1.399e+05
1.362e-07 2.543e+04
1.492e-01 1.472e+05
1.214e-01 1.530e+05
1.240e-01 1.516e+05
1.324e-01 1.425e+05
1.714e-01 1.395e+05
1.426e-01 1.437e+05
1.520e-01 1.449e+05
1.309e-01 1.474e+05
1.328e-01 1.391e+05
2.376e-01 7.571e+04
1.528e-01 1.407e+05
1.906e-01 1.294e+05
1.408e-01 1.460e+05
1.940e-01 1.344e+05
1.287e-01 1.485e+05
1.620e-01 1.419e+05
1.749e-01 1.394e+05
2.526e-01 1.303e+05
1.483e-01 1.469e+05
1.409e-01 1.437e+05
2.101e-01 1.314e+05
1.598e-01 1.426e+05
1.841e-01 1.387e+05
1.510e-01 1.432e+05
1.274e-01 1.464e+05
1.653e-01 1.422e+05
1.445e-01 1.461e+05
1.476e-01 1.422e+05
1.385e-01 1.441e+05
1.297e-01 1.491e+05
1.382e-01 1.457e+05
1.491e-01 1.492e+05
2.925e-01 8.486e+04
1.516e-01 1.421e+05
2.279e-01 1.311e+05
1.428e-01 1.411e+05
1.453e-01 1.435e+05
1.573e-01 1.342e+05
1.494e-01 1.434e+05
1.218e-01 1.464e+05
2.393e-01 1.282e+05
1.454e-01 1.472e+05
3.375e-06 9.524e+03
1.576e-01 1.404e+05
3.525e-01 1.151e+05
1.541e-01 1.443e+05
2.861e-01 7.898e+04
1.623e-01 1.428e+05
1.456e-01 1.444e+05
1.256e-01 1.509e+05
1.420e-01 1.491e+05
1.366e-01 1.307e+05
3.587e-01 1.284e+05
8.938e-06 3.028e+04
1.427e-01 1.443e+05
1.499e-01 1.388e+05
1.730e-01 1.437e+05
1.766e-01 1.413e+05
1.452e-01 1.475e+05
1.418e-01 1.450e+05
1.592e-01 1.386e+05
1.455e-01 1.404e+05
1.412e-01 1.460e+05
2.856e-01 7.784e+04
1.554e-01 1.345e+05
1.641e-01 1.414e+05
1.447e-01 1.444e+05
4.479e-06 1.753e+03
1.335e-01 1.491e+05
1.232e-01 1.501e+05
1.645e-01 1.420e+05
1.440e-01 1.463e+05
1.737e-01 1.443e+05
1.923e-01 1.304e+05
1.428e-01 1.473e+05
1.546e-01 1.417e+05
1.258e-01 1.492e+05
1.438e-01 1.433e+05
2.806e-01 1.341e+05
1.204e-01 1.514e+05
1.506e-01 1.431e+05
3.052e-01 8.015e+04
6.223e-06 1.013e+04
1.403e-01 1.453e+05
3.361e-01 1.173e+05
1.576e-01 1.408e+05
3.539e-06 7.058e+03
1.454e-01 1.416e+05
1.433e-01 1.480e+05
1.482e-01 1.309e+05
1.672e-01 1.430e+05
1.772e-01 1.433e+05
1.610e-01 1.398e+05
1.457e-01 1.487e+05
1.463e-01 1.429e+05
1.380e-01 1.425e+05
1.387e-01 1.460e+05
1.286e-01 1.491e+05
1.300e-01 1.462e+05
2.419e-01 1.223e+05
1.415e-01 1.456e+05
2.638e-01 1.319e+05
2.052e-01 1.332e+05
1.284e-01 1.493e+05
3.029e-01 1.257e+05
2.419e-01 1.275e+05
4.645e-06 1.982e+04
2.013e-01 1.347e+05
1.478e-01 1.476e+05
2.199e-01 1.379e+05
1.544e-01 1.461e+05
4.144e-01 1.073e+05
2.069e-01 1.300e+05
2.145e-01 7.434e+04
1.764e-01 1.413e+05
1.456e-01 1.437e+05
5.597e-01 1.023e+05
1.417e-01 1.475e+05
1.236e-01 1.480e+05
1.440e-01 1.455e+05
2.166e-01 1.398e+05
1.755e-01 9.635e+04
1.497e-01 1.436e+05
1.808e-01 1.360e+05
2.354e-01 1.109e+05
1.969e-01 1.339e+05
1.670e-01 1.068e+05
1.436e-01 1.461e+05
2.860e-06 3.417e+04
4.759e-06 1.084e+04
1.522e-01 1.466e+05
1.427e-01 1.463e+05
1.307e-01 1.455e+05
1.437e-01 1.450e+05
1.413e-01 1.454e+05
2.407e-01 1.355e+05
3.228e-01 1.172e+05
2.840e-01 1.282e+05
1.700e-01 1.403e+05
1.818e-01 1.394e+05
2.047e-01 1.380e+05
6.444e-06 2.618e+04
2.183e-01 7.518e+04
1.365e-01 1.448e+05
1.809e-01 1.310e+05
2.038e-01 1.181e+05
2.541e-01 1.349e+05
1.474e-01 1.456e+05
1.464e-01 1.451e+05
5.211e-01 1.234e+05
1.515e-01 1.431e+05
1.364e-01 1.420e+05
5.244e-01 9.449e+04
1.591e-01 1.425e+05
1.429e-01 1.454e+05
1.405e-01 1.452e+05
2.286e-01 1.345e+05
1.531e-01 1.416e+05
1.597e-01 1.425e+05
1.309e-01 1.456e+05
1.741e-01 1.422e+05
1.701e-01 1.352e+05
1.611e-01 1.431e+05
1.471e-01 1.414e+05
1.188e-01 1.494e+05
1.469e-01 1.452e+05
3.316e-06 2.991e+04
1.535e-01 1.430e+05
1.460e-01 1.437e+05
1.642e-01 1.026e+05
1.280e-01 1.467e+05
1.406e-01 1.466e+05
2.305e-01 1.227e+05
1.528e-01 1.434e+05
1.503e-01 1.443e+05
1.447e-01 1.469e+05
2.762e-01 1.287e+05
1.453e-01 1.454e+05
1.815e-01 1.409e+05
1.269e-01 1.454e+05
1.441e-01 1.441e+05
1.773e-01 1.418e+05
2.100e-01 1.383e+05
1.493e-01 1.459e+05
3.587e-06 1.353e+04
3.952e-06 2.373e+04
4.019e-01 1.239e+05
1.217e-01 1.492e+05
1.498e-01 1.456e+05
2.071e-05 1.241e+04
1.482e-01 1.446e+05
1.546e-01 1.456e+05
1.471e-01 1.473e+05
1.592e-01 1.427e+05
1.430e-01 1.451e+05
2.279e-01 7.435e+04
3.591e-01 1.148e+05
1.704e-01 1.351e+05
1.568e-01 1.432e+05
2.241e-01 9.173e+04
1.827e-01 1.326e+05
1.507e-01 1.461e+05
1.771e-01 1.368e+05
1.583e-01 1.445e+05
1.793e-01 1.400e+05
1.878e-01 1.425e+05
1.617e-01 1.435e+05
1.496e-01 1.429e+05
1.684e-01 1.413e+05
1.405e-01 1.455e+05
2.065e-01 1.347e+05
1.382e-01 1.382e+05
1.367e-01 1.492e+05
2.086e-01 1.340e+05
2.909e-01 9.015e+04
1.231e-01 1.468e+05
1.605e-01 1.392e+05
2.135e-06 2.389e+03
1.216e-01 1.523e+05
1.349e-01 1.463e+05
1.353e-01 1.424e+05
1.327e-01 1.512e+05
1.586e-01 1.459e+05
1.586e-01 1.446e+05
1.732e-01 1.364e+05
1.893e-01 1.365e+05
1.381e-01 1.446e+05
1.994e-01 1.305e+05
1.476e-01 1.408e+05
1.252e-01 1.492e+05
1.461e-01 1.437e+05
2.370e-06 1.958e+04
1.814e-01 1.431e+05
1.506e-01 1.466e+05
1.581e-01 1.437e+05
1.428e-01 1.478e+05
3.160e-01 1.266e+05
4.861e-06 3.182e+04
1.264e-01 1.469e+05
1.650e-01 1.421e+05
3.747e-01 8.392e+04
1.258e-01 1.518e+05
1.258e-01 1.515e+05
1.541e-01 1.414e+05
1.706e-01 1.411e+05
2.104e-01 1.336e+05
1.407e-01 1.457e+05
2.170e-01 1.307e+05
1.451e-01 1.469e+05
1.565e-01 1.445e+05
1.589e-01 1.434e+05
1.316e-01 1.447e+05
1.445e-01 1.416e+05
1.390e-01 1.478e+05
1.628e-01 1.448e+05
1.239e-01 1.496e+05
1.248e-01 1.479e+05
1.571e-01 1.435e+05
2.762e-01 1.335e+05
1.488e-01 1.442e+05
1.629e-01 1.347e+05
1.656e-01 1.392e+05
1.495e-01 1.439e+05
2.359e-01 1.343e+05
1.829e-01 1.341e+05
1.749e-01 1.441e+05
1.487e-01 1.448e+05
1.193e-01 1.516e+05
1.453e-01 1.436e+05
3.446e-01 1.298e+05
1.286e-01 1.493e+05
1.562e-01 1.473e+05
1.584e-01 1.432e+05
1.355e-01 1.501e+05
1.384e-01 1.390e+05
1.716e-01 1.362e+05
2.168e-01 1.321e+05
1.788e-01 1.350e+05
1.608e-01 1.418e+05
1.662e-01 1.454e+05
1.418e-01 1.446e+05
2.544e-01 1.302e+05
1.753e-01 1.365e+05
1.189e-01 1.509e+05
4.370e-06 2.305e+04
3.602e-01 1.274e+05
1.231e-01 1.464e+05
1.168e-01 1.523e+05
1.680e-01 1.392e+05
1.663e-01 1.352e+05
1.366e-01 1.402e+05
1.412e-01 1.449e+05
1.498e-01 1.475e+05
1.501e-01 1.431e+05
1.671e-01 1.406e+05
2.529e-01 1.311e+05
1.582e-01 1.427e+05
1.500e-01 1.463e+05
1.973e-01 1.288e+05
1.676e-01 1.421e+05
1.205e-01 1.519e+05
4.052e-06 1.353e+04
1.782e-01 1.431e+05
1.995e-06 1.047e+04
2.242e-01 1.302e+05
1.450e-01 1.443e+05
2.319e-01 1.317e+05
1.477e-01 1.437e+05
2.772e-06 4.269e+03
1.561e-01 1.416e+05
1.703e-01 1.413e+05
1.203e-01 1.493e+05
1.366e-01 1.490e+05
1.560e-01 1.387e+05
1.326e-01 1.461e+05
1.384e-01 1.466e+05
1.240e-01 1.508e+05
1.428e-01 1.453e+05
1.404e-01 1.475e+05
1.419e-01 1.465e+05
2.633e-01 1.262e+05
2.044e-01 1.383e+05
1.597e-01 1.342e+05
1.252e-01 1.461e+05
1.454e-01 1.458e+05
1.306e-01 1.464e+05
2.446e-01 8.524e+04
1.493e-01 1.348e+05
1.339e-01 1.498e+05
1.842e-01 1.324e+05
1.886e-06 4.346e+03
1.402e-01 1.455e+05
2.323e-01 1.283e+05
1.418e-01 7.738e+04
1.668e-01 1.443e+05
1.533e-01 1.463e+05
2.094e-01 1.335e+05
1.523e-01 1.460e+05
1.441e-01 1.441e+05
1.770e-01 1.378e+05
1.318e-05 9.640e+03
1.364e-01 1.450e+05
2.605e-01 7.760e+04
1.253e-01 1.507e+05
2.142e-01 1.317e+05
1.802e-01 1.420e+05
1.539e-01 1.431e+05
1.617e-01 1.349e+05
1.297e-01 1.395e+05
2.334e-01 8.823e+04
1.621e-01 1.443e+05
1.398e-01 1.427e+05
3.195e-01 1.234e+05
1.347e-01 1.492e+05
1.333e-01 1.472e+05
1.509e-01 1.444e+05
1.539e-01 1.465e+05
1.266e-01 1.476e+05
1.493e-01 1.449e+05
1.491e-01 1.435e+05
1.221e-01 1.505e+05
1.795e-01 1.405e+05
1.386e-01 1.472e+05
1.773e-01 1.392e+05
1.757e-01 1.350e+05
1.577e-01 1.402e+05
1.562e-01 1.412e+05
1.628e-01 1.426e+05
1.475e-01 1.488e+05
1.633e-01 1.452e+05
1.746e-01 1.415e+05
1.715e-01 1.365e+05
1.247e-01 1.490e+05
1.512e-01 1.447e+05
1.638e-01 1.446e+05
1.770e-01 1.397e+05
1.399e-01 1.456e+05
1.251e-01 1.513e+05
1.280e-01 1.515e+05
1.832e-01 1.309e+05
1.973e-01 1.367e+05
2.680e-01 8.911e+04
1.346e-01 1.513e+05
1.519e-01 1.422e+05
1.956e-01 1.414e+05
1.790e-01 1.370e+05
1.927e-01 1.354e+05
2.023e-01 1.378e+05
1.459e-01 1.454e+05
1.354e-01 1.450e+05
1.293e-06 1.257e+04
2.233e-01 1.357e+05
2.240e-01 7.910e+04
1.548e-01 1.433e+05
1.529e-01 1.432e+05
1.477e-01 1.456e+05
1.433e-01 1.479e+05
1.571e-01 1.176e+05
1.801e-01 1.416e+05
1.401e-01 1.456e+05
1.420e-01 1.501e+05
4.487e-01 1.231e+05
1.934e-01 1.345e+05
1.330e-01 1.491e+05
2.362e-01 1.302e+05
1.975e-01 9.701e+04
1.415e-01 1.387e+05
1.472e-01 1.432e+05
1.554e-01 1.423e+05
4.777e-01 1.072e+05
2.266e-01 1.320e+05
1.487e-01 1.476e+05
1.620e-01 8.313e+04
1.378e-01 1.461e+05
1.313e-01 1.521e+05
1.698e-01 1.381e+05
1.556e-01 1.407e+05
9.632e-06 2.588e+04
1.624e-01 1.429e+05
1.552e-01 1.420e+05
1.586e-01 1.346e+05
1.741e-01 1.451e+05
1.541e-01 1.402e+05
3.458e-06 1.034e+04
1.602e-01 1.436e+05
1.725e-01 1.437e+05
2.367e-01 1.297e+05
1.691e-01 1.402e+05
1.498e-01 1.436e+05
1.378e-01 1.452e+05
1.715e-01 1.363e+05
1.559e-01 1.400e+05
1.422e-01 1.434e+05
2.560e-06 1.636e+04
2.028e-01 1.309e+05
1.859e-01 1.412e+05
1.467e-01 1.436e+05
1.902e-01 1.402e+05
1.348e-01 1.452e+05
2.032e-01 8.880e+04
2.139e-01 1.347e+05
1.615e-01 1.435e+05
1.927e-01 1.358e+05
1.496e-01 1.470e+05
1.708e-01 1.367e+05
1.829e-01 1.355e+05
1.585e-01 1.405e+05
1.437e-01 1.427e+05
1.392e-01 1.431e+05
2.121e-01 1.258e+05
3.707e-01 1.237e+05
1.308e-01 1.467e+05
1.311e-01 1.435e+05
1.415e-01 1.464e+05
1.413e-01 1.396e+05
1.381e-01 1.486e+05
1.861e-01 1.361e+05
2.273e-01 1.052e+05
1.332e-01 1.472e+05
1.375e-01 1.464e+05
1.277e-01 1.490e+05
1.455e-01 1.463e+05
1.379e-01 1.465e+05
3.000e-01 9.960e+04
1.514e-01 1.431e+05
1.444e-01 1.441e+05
1.570e-01 1.463e+05
2.463e-06 1.244e+04
1.349e-01 1.511e+05
1.541e-01 1.450e+05
1.402e-01 1.433e+05
1.381e-01 1.483e+05
1.456e-01 1.492e+05
1.336e-01 1.454e+05
1.632e-01 1.380e+05
1.407e-01 1.469e+05
1.247e-01 1.509e+05
1.415e-01 1.433e+05
1.598e-01 1.373e+05
1.520e-01 1.442e+05
1.275e-01 1.425e+05
1.546e-01 1.429e+05
1.253e-01 1.512e+05
1.605e-01 1.459e+05
1.375e-01 1.461e+05
1.652e-01 1.456e+05
1.059e-05 1.894e+04
1.483e-01 1.456e+05
1.940e-01 1.312e+05
1.435e-01 1.439e+05
1.486e-01 1.441e+05
1.480e-01 1.445e+05
1.454e-01 1.455e+05
1.518e-01 1.431e+05
1.440e-01 1.444e+05
1.264e-01 1.460e+05
1.812e-01 1.442e+05
2.426e-01 1.298e+05
1.542e-01 1.412e+05
7.708e-06 7.330e+03
1.854e-01 1.359e+05
2.866e-01 7.665e+04
6.509e-06 1.747e+04
1.270e-01 1.459e+05
2.424e-01 1.351e+05
1.346e-01 1.428e+05
1.968e-01 1.360e+05
1.514e-01 1.439e+05
1.489e-01 1.422e+05
2.880e-01 1.296e+05
3.047e-01 1.293e+05
4.411e-01 9.740e+04
1.518e-01 1.410e+05
1.447e-01 1.443e+05
1.404e-01 1.474e+05
1.625e-01 1.399e+05
1.372e-01 1.471e+05
1.645e-01 1.312e+05
1.720e-01 1.395e+05
7.167e-06 2.034e+04
3.526e-01 1.300e+05
1.631e-01 1.465e+05
1.350e-01 1.470e+05
1.376e-01 1.425e+05
2.422e-01 1.301e+05
1.501e-01 1.453e+05
1.642e-01 1.397e+05
2.504e-01 7.866e+04
2.754e-01 1.028e+05
1.427e-01 1.440e+05
1.509e-01 1.483e+05
2.587e-01 1.325e+05
1.339e-01 1.468e+05
1.679e-01 1.407e+05
1.528e-01 1.423e+05
1.961e-01 1.327e+05
2.122e-01 1.319e+05
1.539e-01 1.415e+05
1.228e-01 1.485e+05
1.377e-01 1.471e+05
2.899e-01 7.553e+04
1.615e-01 1.439e+05
3.359e-01 1.222e+05
1.842e-01 1.396e+05
1.661e-06 2.067e+03
5.056e-06 1.339e+04
1.234e-01 1.528e+05
1.376e-01 1.460e+05
1.730e-01 1.402e+05
1.723e-01 1.305e+05
1.934e-01 1.338e+05
1.348e-01 1.485e+05
1.450e-01 1.457e+05
1.923e-01 7.770e+04
1.429e-01 1.453e+05
5.765e-01 1.047e+05
2.442e-01 1.355e+05
1.580e-01 1.417e+05
1.642e-01 1.412e+05
1.752e-01 1.358e+05
1.296e-01 1.421e+05
4.676e-07 1.383e+04
3.678e-07 4.139e+03
4.243e-01 9.193e+04
1.496e-01 1.477e+05
1.580e-01 1.435e+05
1.516e-01 1.413e+05
3.803e-01 8.474e+04
1.506e-01 1.487e+05
1.569e-05 3.301e+04
2.046e-01 8.455e+04
1.278e-01 1.441e+05
1.574e-01 1.447e+05
2.224e-01 1.327e+05
1.554e-01 1.388e+05
1.468e-01 1.458e+05
1.255e-01 1.499e+05
1.446e-01 1.482e+05
1.559e-01 1.455e+05
4.593e-01 1.107e+05
8.479e-07 9.745e+03
1.661e-01 1.391e+05
2.222e-01 1.379e+05
2.574e-01 1.312e+05
1.773e-01 1.399e+05
1.613e-01 1.412e+05
1.222e-01 1.486e+05
2.724e-01 1.317e+05
2.520e-01 1.288e+05
2.784e-01 7.730e+04
1.779e-07 2.133e+04
2.500e-01 1.309e+05
2.369e-01 1.328e+05
1.509e-01 1.377e+05
1.578e-01 1.458e+05
1.592e-01 1.457e+05
1.536e-01 1.468e+05
1.794e-01 1.389e+05
1.476e-01 1.430e+05
1.663e-01 1.388e+05
1.473e-01 1.474e+05
1.871e-01 1.310e+05
1.601e-01 1.420e+05
3.125e-01 1.308e+05
1.866e-01 1.385e+05
1.715e-01 1.407e+05
3.970e-01 9.104e+04
1.562e-01 1.445e+05
3.994e-06 1.460e+04
2.546e-01 1.234e+05
1.389e-05 8.586e+03
1.583e-01 1.406e+05
2.385e-01 1.282e+05
1.700e-01 1.424e+05
5.681e-06 1.256e+04
1.351e-01 1.391e+05
2.095e-01 1.385e+05
2.179e-01 1.057e+05
1.643e-01 1.455e+05
1.726e-01 1.352e+05
1.388e-01 1.491e+05
3.100e-01 1.246e+05
1.404e-01 1.396e+05
1.403e-01 1.479e+05
1.504e-01 1.468e+05
1.553e-01 1.454e+05
2.298e-01 1.297e+05
1.383e-01 1.437e+05
2.468e-01 1.300e+05
6.480e-06 1.713e+04
1.637e-01 1.416e+05
3.993e-01 1.258e+05
1.357e-01 1.440e+05
1.367e-01 1.407e+05
1.470e-01 1.450e+05
1.225e-01 1.493e+05
1.515e-01 1.387e+05
1.472e-01 1.443e+05
3.977e-06 6.153e+03
1.534e-01 1.430e+05
1.654e-01 1.448e+05
4.292e-06 1.919e+04
1.670e-01 1.439e+05
1.503e-01 1.450e+05
1.415e-01 1.458e+05
1.703e-01 1.369e+05
1.430e-06 2.766e+04
2.768e-01 1.273e+05
3.287e-01 1.257e+05
4.143e-01 1.225e+05
1.349e-01 1.450e+05
1.362e-01 1.441e+05
2.889e-01 1.121e+05
2.836e-01 1.284e+05
1.457e-01 1.439e+05
1.206e-01 1.500e+05
1.621e-01 1.457e+05
1.496e-01 1.470e+05
1.137e-06 3.061e+04
1.319e-01 1.448e+05
1.466e-01 1.487e+05
1.665e-01 1.400e+05
1.382e-01 1.491e+05
1.374e-01 1.462e+05
1.717e-01 1.388e+05
1.574e-01 1.464e+05
1.678e-01 1.444e+05
1.398e-01 1.462e+05
1.316e-01 1.482e+05
1.930e-01 1.397e+05
1.306e-01 1.455e+05
1.359e-01 1.494e+05
3.264e-01 8.861e+04
1.568e-01 1.397e+05
1.266e-01 1.519e+05
1.375e-01 1.442e+05
6.210e-06 2.634e+03
1.541e-01 1.463e+05
1.025e-05 2.363e+04
2.203e-01 8.779e+04
1.371e-01 1.450e+05
3.556e-01 1.240e+05
1.428e-01 1.488e+05
6.070e-06 3.474e+04
1.965e-01 1.265e+05
3.969e-01 1.238e+05
1.552e-01 1.391e+05
4.122e-01 8.966e+04
1.380e-01 1.441e+05
2.163e-01 1.392e+05
1.375e-01 1.466e+05
1.986e-01 1.365e+05
1.887e-01 1.395e+05
1.391e-01 1.465e+05
1.825e-01 1.372e+05
1.719e-01 1.370e+05
1.498e-01 1.432e+05
2.697e-01 9.224e+04
1.876e-01 8.159e+04
1.447e-01 1.446e+05
1.515e-01 1.465e+05
1.617e-01 1.358e+05
1.294e-01 1.467e+05
1.530e-01 1.315e+05
1.202e-01 1.500e+05
1.749e-01 1.398e+05
1.227e-01 1.483e+05
7.701e-06 1.101e+04
1.507e-01 1.443e+05
2.033e-01 1.281e+05
1.223e-01 1.501e+05
3.037e-01 1.139e+05
1.213e-01 1.476e+05
1.715e-01 1.406e+05
1.280e-01 1.501e+05
1.323e-01 1.472e+05
1.248e-01 1.524e+05
1.573e-01 1.436e+05
1.249e-01 1.491e+05
1.868e-01 1.315e+05
1.509e-06 2.406e+04
1.292e-01 1.498e+05
1.364e-01 1.447e+05
1.332e-01 1.457e+05
1.433e-01 1.461e+05
1.444e-01 1.406e+05
1.375e-01 1.378e+05
1.258e-01 1.496e+05
1.282e-01 1.478e+05
1.443e-01 1.478e+05
1.753e-01 1.385e+05
1.298e-01 1.478e+05
1.586e-01 1.426e+05
1.445e-01 1.459e+05
3.270e-01 1.264e+05
3.429e-01 1.251e+05
1.243e-01 1.455e+05
1.511e-01 1.449e+05
1.385e-01 1.472e+05
1.970e-01 1.407e+05
1.673e-01 1.409e+05
1.431e-01 1.397e+05
2.123e-01 1.357e+05
1.537e-01 1.441e+05
5.747e-07 2.562e+04
1.337e-01 1.475e+05
1.500e-01 1.472e+05
1.555e-01 1.425e+05
1.629e-01 1.364e+05
1.763e-01 1.399e+05
1.636e-01 1.374e+05
1.526e-01 1.465e+05
1.285e-01 1.500e+05
1.326e-01 1.515e+05
1.806e-01 1.422e+05
2.034e-01 1.371e+05
1.249e-01 1.523e+05
1.678e-01 1.428e+05
2.455e-01 1.322e+05
1.815e-01 1.397e+05
1.513e-01 1.377e+05
1.348e-01 1.464e+05
1.544e-01 1.416e+05
1.582e-01 1.451e+05
1.545e-01 1.440e+05
1.809e-01 1.437e+05
1.500e-01 1.440e+05
1.904e-01 1.362e+05
1.571e-01 1.443e+05
1.796e-01 1.361e+05
1.948e-01 1.317e+05
1.927e-01 1.287e+05
1.553e-05 3.732e+03
1.885e-01 1.406e+05
1.504e-01 1.455e+05
9.935e-07 1.962e+04
1.466e-01 1.451e+05
2.295e-01 1.327e+05
1.451e-01 1.434e+05
2.814e-01 1.239e+05
3.457e-01 1.136e+05
1.469e-01 1.470e+05
6.429e-07 1.656e+04
1.106e-06 3.829e+04
1.454e-01 1.454e+05
1.274e-01 1.460e+05
1.401e-01 1.465e+05
1.428e-01 1.464e+05
1.973e-01 1.320e+05
1.466e-01 1.421e+05
1.422e-01 1.448e+05
1.450e-01 1.456e+05
1.240e-01 1.478e+05
1.608e-01 1.432e+05
1.739e-01 1.395e+05
6.869e-06 1.985e+04
5.921e-01 1.035e+05
1.537e-01 1.475e+05
1.365e-01 1.467e+05
1.437e-01 1.474e+05
2.205e-01 1.304e+05
2.072e-01 1.369e+05
2.325e-01 1.284e+05
3.430e-07 2.527e+03
2.836e-01 1.282e+05
1.638e-01 1.425e+05
1.665e-01 1.446e+05
1.449e-01 1.448e+05
1.470e-01 1.451e+05
6.164e-06 1.818e+04
1.605e-01 1.404e+05
1.457e-01 1.436e+05
1.757e-01 1.416e+05
2.616e-01 1.266e+05
1.376e-01 1.457e+05
1.252e-01 1.513e+05
2.968e-01 1.301e+05
4.088e-01 1.255e+05
1.498e-01 1.433e+05
1.254e-01 1.493e+05
2.884e-01 1.235e+05
1.624e-01 1.424e+05
1.362e-01 1.468e+05
1.495e-01 1.470e+05
1.268e-01 1.491e+05
1.708e-01 1.448e+05
1.521e-01 1.437e+05
1.405e-01 1.468e+05
1.549e-01 1.453e+05
2.393e-01 1.272e+05
1.443e-01 1.337e+05
1.744e-01 1.384e+05
1.615e-01 1.415e+05
1.314e-01 1.448e+05
2.786e-01 1.327e+05
1.268e-01 1.496e+05
1.352e-01 1.436e+05
2.795e-01 1.267e+05
2.201e-01 1.321e+05
1.327e-01 1.383e+05
5.994e-01 1.092e+05
1.131e-05 3.047e+04
1.067e-05 9.465e+03
5.864e-06 2.137e+04
2.785e-01 1.317e+05
2.230e-01 1.356e+05
4.329e-01 1.041e+05
2.884e-01 1.234e+05
1.878e-01 1.301e+05
1.460e-01 1.419e+05
1.579e-01 1.437e+05
4.430e-01 1.143e+05
1.328e-01 1.468e+05
1.376e-01 1.418e+05
1.735e-01 1.408e+05
1.756e-01 1.342e+05
1.375e-01 1.481e+05
1.310e-01 1.430e+05
3.160e-01 1.271e+05
1.336e-01 1.442e+05
2.041e-01 7.451e+04
1.511e-01 1.436e+05
1.415e-01 1.465e+05
3.971e-01 8.898e+04
1.483e-01 1.430e+05
1.370e-01 1.470e+05
1.549e-01 1.431e+05
1.878e-01 1.360e+05
1.409e-01 1.496e+05
1.501e-01 1.403e+05
1.463e-01 1.442e+05
1.567e-01 1.444e+05
1.648e-01 1.364e+05
1.560e-01 1.438e+05
5.412e-06 5.762e+03
1.565e-01 1.409e+05
1.361e-01 1.444e+05
1.449e-01 1.467e+05
1.320e-01 1.480e+05
1.543e-01 1.445e+05
1.470e-01 1.414e+05
2.773e-01 1.294e+05
1.514e-01 1.444e+05
1.861e-01 1.352e+05
1.473e-01 1.392e+05
2.468e-01 1.282e+05
1.344e-01 1.470e+05
3.211e-01 1.282e+05
1.898e-01 1.358e+05
1.493e-01 1.443e+05
2.970e-01 1.256e+05
1.912e-06 1.414e+04
3.033e-01 8.374e+04
1.482e-01 1.437e+05
1.549e-01 1.445e+05
1.608e-01 1.430e+05
1.610e-01 1.417e+05
1.848e-01 1.370e+05
2.205e-01 1.313e+05
1.493e-01 1.439e+05
1.306e-01 1.477e+05
1.276e-01 1.456e+05
1.640e-01 1.433e+05
2.818e-06 1.339e+04
1.631e-01 1.420e+05
1.907e-01 1.313e+05
1.442e-01 1.458e+05
2.418e-01 1.315e+05
1.736e-01 1.415e+05
1.576e-01 1.442e+05
1.916e-01 1.409e+05
1.206e-01 1.503e+05
1.451e-01 1.486e+05
1.489e-01 1.454e+05
1.352e-01 1.453e+05
1.407e-01 1.346e+05
1.644e-01 1.416e+05
4.181e-05 2.310e+04
2.386e-01 1.350e+05
1.536e-01 1.420e+05
1.669e-01 1.428e+05
1.296e-01 1.424e+05
2.502e-01 1.274e+05
2.779e-01 1.260e+05
3.324e-01 1.284e+05
1.970e-01 9.808e+04
7.381e-06 4.830e+03
1.521e-01 1.434e+05
1.788e-01 1.367e+05
1.575e-01 1.424e+05
1.591e-01 1.209e+05
1.562e-01 1.444e+05
2.185e-01 1.356e+05
1.555e-01 1.427e+05
1.688e-01 1.421e+05
1.325e-01 1.507e+05
1.462e-01 1.407e+05
1.284e-01 1.467e+05
1.395e-01 1.428e+05
1.315e-01 1.470e+05
1.547e-01 1.395e+05
2.201e-01 1.368e+05
1.451e-01 1.462e+05
3.584e-01 1.260e+05
1.359e-01 1.433e+05
1.432e-01 1.447e+05
1.395e-01 1.491e+05
1.595e-01 1.419e+05
1.443e-01 1.440e+05
1.836e-01 1.345e+05
1.501e-01 1.419e+05
2.668e-01 1.266e+05
1.341e-01 1.479e+05
1.907e-01 1.310e+05
3.612e-01 1.114e+05
1.737e-01 1.397e+05
1.484e-01 1.420e+05
1.404e-01 1.386e+05
5.481e-07 3.699e+04
1.465e-01 1.464e+05
1.286e-01 1.495e+05
6.485e-06 1.443e+03
2.293e-01 7.728e+04
1.874e-01 1.363e+05
2.354e-01 1.264e+05
3.155e-01 1.240e+05
1.926e-01 1.331e+05
1.371e-01 1.455e+05
1.409e-01 1.464e+05
1.486e-01 1.476e+05
1.517e-01 1.443e+05
1.572e-01 1.414e+05
1.353e-01 1.441e+05
2.221e-01 8.112e+04
1.793e-01 1.367e+05
1.251e-01 1.482e+05
1.833e-01 1.397e+05
3.054e-01 1.264e+05
1.374e-01 1.465e+05
6.904e-06 2.128e+04
3.577e-01 1.259e+05
1.517e-01 1.441e+05
1.382e-01 1.434e+05
1.665e-01 1.431e+05
1.647e-01 1.427e+05
1.288e-01 1.503e+05
1.396e-01 1.482e+05
1.351e-01 1.471e+05
1.939e-01 1.372e+05
1.452e-01 1.449e+05
2.116e-01 1.324e+05
1.651e-01 1.244e+05
2.145e-01 1.291e+05
1.399e-01 1.461e+05
1.483e-01 1.419e+05
1.513e-01 1.455e+05
1.498e-01 1.452e+05
2.279e-01 9.543e+04
1.543e-01 1.382e+05
1.671e-01 1.409e+05
1.637e-01 1.457e+05
1.947e-01 1.336e+05
2.741e-01 1.286e+05
3.241e-01 1.267e+05
2.965e-01 1.297e+05
1.184e-01 1.520e+05
1.461e-01 1.448e+05
2.302e-01 1.334e+05
2.022e-01 8.240e+04
1.329e-01 1.489e+05
1.893e-01 1.347e+05
1.981e-01 1.371e+05
6.993e-07 1.194e+04
2.124e-01 1.334e+05
2.589e-01 1.282e+05
1.983e-01 1.343e+05
1.213e-01 1.510e+05
2.075e-07 3.663e+04
1.045e-05 1.405e+04
1.440e-01 1.468e+05
1.644e-01 1.401e+05
1.589e-01 1.404e+05
1.375e-01 1.448e+05
1.357e-01 1.478e+05
3.757e-01 1.247e+05
2.023e-01 1.341e+05
1.188e-01 1.524e+05
1.244e-01 1.454e+05
1.681e-01 1.393e+05
1.401e-01 1.498e+05
1.462e-01 1.340e+05
1.681e-01 1.354e+05
1.692e-01 1.416e+05
9.675e-07 1.605e+03
1.444e-01 1.426e+05
1.540e-01 1.419e+05
1.798e-01 1.378e+05
1.410e-01 1.454e+05
1.347e-01 1.450e+05
1.406e-01 1.466e+05
1.449e-01 1.430e+05
2.854e-01 1.272e+05
1.796e-01 1.417e+05
1.477e-01 1.464e+05
2.302e-01 1.323e+05
2.950e-01 7.659e+04
4.982e-01 9.146e+04
1.433e-01 1.447e+05
3.629e-01 8.629e+04
1.289e-01 1.501e+05
2.448e-01 1.307e+05
1.450e-01 1.434e+05
1.440e-07 1.173e+04
1.869e-01 1.407e+05
1.333e-01 1.488e+05
1.253e-01 1.500e+05
1.392e-01 1.470e+05
1.306e-01 1.503e+05
1.350e-01 1.384e+05
1.257e-01 1.478e+05
2.208e-01 1.320e+05
2.907e-01 1.313e+05
1.362e-01 1.455e+05
1.322e-01 1.418e+05
1.243e-01 1.467e+05
2.441e-01 1.298e+05
1.354e-01 1.491e+05
1.557e-01 1.415e+05
1.869e-01 1.332e+05
1.588e-01 1.389e+05
1.231e-01 1.477e+05
1.400e-01 1.393e+05
1.179e-01 1.524e+05
1.706e-01 1.431e+05
1.679e-01 1.402e+05
1.441e-01 1.450e+05
1.317e-01 1.458e+05
1.613e-01 1.418e+05
1.317e-01 1.465e+05
1.616e-01 1.406e+05
2.080e-06 2.001e+04
1.520e-01 1.422e+05
2.044e-01 7.504e+04
1.243e-01 1.530e+05
2.118e-07 6.037e+03
1.439e-01 1.432e+05
1.444e-01 1.447e+05
1.296e-01 1.447e+05
1.247e-01 1.484e+05
1.250e-01 1.476e+05
1.832e-01 1.419e+05
1.744e-01 1.377e+05
1.443e-01 1.473e+05
4.356e-01 9.797e+04
1.829e-01 1.363e+05
1.990e-01 1.331e+05
2.173e-01 1.315e+05
1.306e-01 1.482e+05
1.317e-01 1.459e+05
1.505e-01 1.434e+05
1.190e-01 1.509e+05
2.051e-01 1.376e+05
1.946e-01 1.379e+05
3.358e-06 1.386e+04
1.515e-01 1.430e+05
1.564e-01 1.419e+05
1.266e-01 1.488e+05
2.335e-01 8.812e+04
8.051e-06 2.236e+04
1.555e-01 1.466e+05
1.265e-01 1.460e+05
1.449e-01 1.461e+05
4.422e-01 1.248e+05
1.230e-01 1.476e+05
1.475e-01 1.448e+05
1.515e-01 1.450e+05
4.122e-01 1.265e+05
1.383e-01 1.483e+05
1.808e-01 1.340e+05
1.830e-01 1.435e+05
2.261e-01 1.288e+05
3.720e-01 1.237e+05
2.232e-01 1.357e+05
1.592e-01 1.436e+05
1.359e-01 1.461e+05
1.630e-01 1.404e+05
1.328e-01 1.499e+05
1.455e-01 1.420e+05
1.287e-01 1.477e+05
1.468e-01 1.477e+05
1.444e-01 1.449e+05
1.533e-01 1.455e+05
2.309e-01 1.308e+05
2.166e-01 1.336e+05
1.555e-01 1.441e+05
1.855e-01 1.347e+05
1.720e-01 1.377e+05
1.390e-01 1.475e+05
1.258e-01 1.512e+05
1.462e-01 1.444e+05
1.332e-01 1.460e+05
1.582e-01 1.277e+05
1.611e-01 1.421e+05
1.590e-01 1.419e+05
2.449e-01 1.312e+05
1.879e-01 1.369e+05
1.579e-01 1.440e+05
1.773e-01 1.390e+05
4.037e-06 3.267e+04
1.189e-01 1.483e+05
1.637e-01 1.116e+05
3.696e-01 1.235e+05
1.289e-01 1.476e+05
2.831e-01 1.311e+05
1.608e-01 1.409e+05
1.710e-01 1.430e+05
1.210e-01 1.495e+05
1.735e-01 1.279e+05
1.496e-01 1.379e+05
1.411e-01 1.449e+05
1.659e-01 1.376e+05
1.512e-01 1.450e+05
1.322e-01 1.461e+05
2.623e-01 7.977e+04
1.694e-01 1.381e+05
5.891e-06 6.358e+03
3.037e-01 1.304e+05
1.474e-01 1.450e+05
5.445e-06 2.466e+04
1.337e-01 1.474e+05
1.843e-01 1.397e+05
1.810e-01 1.417e+05
9.453e-06 7.011e+03
1.392e-01 1.448e+05
1.464e-01 1.450e+05
1.513e-01 1.434e+05
1.600e-01 1.396e+05
1.730e-01 1.382e+05
1.405e-01 1.503e+05
1.202e-01 1.510e+05
1.339e-01 1.459e+05
1.384e-01 1.476e+05
1.296e-01 1.437e+05
1.287e-01 1.462e+05
2.144e-01 1.385e+05
2.848e-01 1.236e+05
1.623e-01 1.445e+05
1.384e-01 1.465e+05
1.437e-01 1.442e+05
1.603e-01 1.402e+05
1.540e-01 1.436e+05
1.344e-01 1.413e+05
1.802e-01 1.368e+05
4.009e-01 1.235e+05
1.787e-01 1.363e+05
1.719e-01 1.417e+05
1.323e-01 1.500e+05
1.385e-01 1.462e+05
1.316e-01 1.506e+05
1.950e-01 1.323e+05
1.492e-01 1.411e+05
2.077e-01 1.356e+05
2.042e-01 1.313e+05
1.534e-01 1.441e+05
2.203e-01 1.367e+05
2.501e-01 1.268e+05
2.566e-01 1.296e+05
9.349e-07 2.792e+04
1.751e-01 1.378e+05
1.168e-01 1.514e+05
1.229e-01 1.458e+05
4.493e-01 9.449e+04
3.144e-01 8.394e+04
1.346e-01 1.468e+05
1.477e-01 1.478e+05
2.307e-01 1.345e+05
1.535e-01 1.429e+05
2.261e-01 1.304e+05
1.392e-01 1.415e+05
1.457e-01 1.440e+05
1.568e-01 1.451e+05
2.214e-01 1.294e+05
2.652e-01 1.304e+05
3.499e-01 1.283e+05
1.674e-01 1.394e+05
2.583e-01 7.656e+04
1.252e-01 1.490e+05
1.229e-01 1.519e+05
1.524e-01 1.468e+05
1.487e-01 1.477e+05
2.096e-01 1.381e+05
1.424e-01 1.487e+05
1.675e-01 1.398e+05
1.457e-01 1.451e+05
1.375e-01 7.334e+04
2.948e-01 1.268e+05
1.755e-01 1.397e+05
3.555e-01 8.715e+04
1.668e-01 1.377e+05
1.333e-01 1.445e+05
1.720e-01 1.402e+05
1.625e-01 1.439e+05
1.560e-01 1.430e+05
1.869e-01 1.340e+05
1.381e-01 1.461e+05
1.353e-01 1.458e+05
4.413e-01 1.262e+05
1.254e-01 1.522e+05
1.248e-01 1.467e+05
1.882e-01 1.364e+05
1.504e-01 1.437e+05
3.005e-01 1.256e+05
1.470e-01 1.444e+05
1.438e-01 1.459e+05
1.696e-01 1.419e+05
5.030e-01 1.026e+05
1.183e-01 1.502e+05
1.655e-01 1.413e+05
1.399e-01 1.502e+05
6.268e-07 6.545e+03
1.401e-01 1.457e+05
2.123e-01 1.329e+05
1.577e-01 1.005e+05
1.774e-01 1.426e+05
1.255e-01 1.478e+05
2.832e-01 1.299e+05
1.361e-01 1.451e+05
1.514e-01 1.461e+05
2.192e-01 1.292e+05
1.220e-01 1.518e+05
2.689e-01 1.246e+05
1.074e-05 4.488e+03
1.626e-01 1.417e+05
3.062e-01 1.043e+05
2.419e-01 1.356e+05
1.422e-01 1.495e+05
1.570e-01 1.438e+05
2.431e-01 1.323e+05
1.434e-01 1.474e+05
1.525e-01 1.451e+05
1.583e-01 1.466e+05
1.233e-01 1.485e+05
1.891e-01 1.398e+05
1.231e-01 1.470e+05
1.310e-01 1.499e+05
2.110e-01 1.295e+05
1.427e-01 1.419e+05
1.493e-01 1.438e+05
1.400e-01 1.459e+05
1.687e-01 1.438e+05
3.743e-06 2.128e+04
2.439e-01 1.349e+05
2.207e-01 1.263e+05
1.187e-01 1.524e+05
1.515e-01 1.460e+05
1.522e-01 1.429e+05
1.814e-01 1.415e+05
1.593e-01 1.428e+05
1.326e-01 1.458e+05
1.376e-01 1.421e+05
1.369e-01 1.475e+05
3.033e-07 3.837e+04
1.366e-01 1.481e+05
4.499e-01 1.255e+05
1.434e-01 1.419e+05
1.490e-01 1.477e+05
1.157e-05 1.175e+04
1.459e-01 1.458e+05
1.403e-01 1.405e+05
1.739e-01 1.428e+05
1.577e-01 1.419e+05
1.550e-01 1.473e+05
1.386e-01 1.458e+05
1.573e-01 1.385e+05
1.454e-01 1.472e+05
2.977e-01 1.244e+05
1.317e-01 1.499e+05
1.537e-01 1.452e+05
2.751e-01 7.853e+04
2.422e-01 7.615e+04
1.370e-01 1.453e+05
1.607e-01 1.429e+05
2.225e-05 2.558e+04
1.236e-01 1.530e+05
1.227e-01 1.501e+05
6.811e-06 3.118e+04
1.237e-01 1.519e+05
2.017e-01 1.346e+05
1.330e-01 1.511e+05
2.286e-01 1.353e+05
1.211e-01 1.484e+05
2.842e-01 1.299e+05
1.330e-01 1.475e+05
3.410e-01 1.246e+05
1.546e-01 1.437e+05
1.268e-01 1.468e+05
2.827e-01 1.267e+05
2.135e-01 1.333e+05
1.810e-01 9.882e+04
4.590e-06 1.098e+04
1.381e-01 1.467e+05
2.597e-01 8.173e+04
1.177e-01 1.523e+05
1.487e-01 1.457e+05
1.470e-01 1.398e+05
1.428e-01 1.456e+05
1.635e-01 1.399e+05
4.786e-01 1.131e+05
1.407e-01 1.465e+05
2.080e-01 1.324e+05
1.504e-01 1.457e+05
1.559e-01 1.407e+05
1.394e-01 1.500e+05
3.897e-01 1.258e+05
4.842e-06 6.270e+03
1.319e-01 1.461e+05
2.109e-01 1.346e+05
1.314e-01 1.473e+05
1.454e-01 1.420e+05
1.555e-01 1.437e+05
1.459e-01 1.484e+05
1.311e-01 1.507e+05
3.340e-01 8.336e+04
3.681e-01 9.871e+04
1.502e-01 1.439e+05
2.287e-01 1.333e+05
1.385e-01 1.439e+05
1.263e-01 1.503e+05
1.423e-01 1.424e+05
1.574e-01 1.449e+05
1.366e-01 1.460e+05
3.222e-01 1.278e+05
1.286e-01 1.496e+05
1.509e-01 1.404e+05
1.378e-01 1.459e+05
1.439e-01 1.440e+05
1.281e-01 1.464e+05
2.724e-01 1.263e+05
1.230e-01 1.474e+05
1.733e-01 1.391e+05
1.193e-01 1.484e+05
2.332e-01 1.335e+05
1.439e-06 2.821e+04
3.305e-01 1.245e+05
1.397e-01 1.446e+05
1.376e-01 1.452e+05
1.522e-01 1.399e+05
1.399e-01 1.455e+05
1.443e-01 1.257e+05
1.512e-01 1.416e+05
1.423e-01 1.455e+05
2.039e-01 1.345e+05
1.908e-01 1.422e+05
3.393e-01 1.279e+05
2.351e-01 1.279e+05
1.403e-01 1.450e+05
2.697e-01 1.222e+05
1.438e-01 1.427e+05
1.580e-01 1.423e+05
1.622e-01 1.377e+05
1.492e-01 1.433e+05
1.326e-01 1.404e+05
1.596e-01 1.436e+05
2.611e-01 1.111e+05
3.367e-01 1.245e+05
1.394e-01 1.441e+05
2.107e-01 1.261e+05
1.283e-01 1.483e+05
1.532e-01 1.438e+05
1.600e-01 1.357e+05
1.613e-01 1.422e+05
1.458e-01 1.451e+05
1.444e-01 1.441e+05
1.462e-01 1.434e+05
1.449e-01 1.462e+05
1.424e-01 1.463e+05
2.843e-06 1.804e+04
3.061e-05 1.133e+04
1.299e-01 1.512e+05
1.419e-01 1.465e+05
1.416e-01 1.468e+05
1.527e-01 1.435e+05
6.821e-06 1.993e+04
1.410e-01 1.429e+05
1.374e-01 1.437e+05
1.819e-01 1.417e+05
2.187e-01 1.388e+05
1.446e-01 1.448e+05
1.316e-01 1.470e+05
1.591e-01 1.344e+05
1.940e-01 1.291e+05
1.454e-01 1.443e+05
1.436e-01 1.470e+05
2.487e-01 7.625e+04
1.337e-01 1.457e+05
7.967e-06 6.345e+03
1.833e-01 1.288e+05
1.526e-01 1.402e+05
1.629e-01 1.462e+05
1.458e-01 1.457e+05
1.397e-01 1.459e+05
1.194e-01 1.488e+05
1.792e-01 1.394e+05
2.747e-01 1.300e+05
1.452e-01 1.460e+05
1.448e-01 1.418e+05
1.235e-01 1.464e+05
1.395e-01 1.493e+05
1.392e-01 1.453e+05
1.536e-01 1.426e+05
1.666e-01 1.415e+05
1.741e-01 1.386e+05
1.140e-06 1.074e+04
2.071e-01 1.346e+05
1.453e-01 1.376e+05
1.676e-01 1.402e+05
5.018e-01 1.239e+05
3.517e-01 1.250e+05
1.512e-01 1.388e+05
5.627e-07 1.883e+04
1.459e-01 1.424e+05
1.445e-01 1.491e+05
1.471e-01 1.450e+05
1.386e-01 1.450e+05
1.430e-01 1.450e+05
2.257e-01 1.371e+05
2.008e-01 1.329e+05
1.399e-01 1.451e+05
1.537e-01 1.425e+05
3.260e-01 1.222e+05
1.244e-01 1.503e+05
1.700e-01 7.188e+04
1.316e-01 1.458e+05
1.598e-01 1.449e+05
1.549e-01 1.442e+05
1.457e-01 1.441e+05
1.668e-01 1.434e+05
1.469e-01 1.462e+05
1.446e-01 1.418e+05
1.364e-01 1.442e+05
5.932e-07 6.851e+03
2.547e-01 1.286e+05
2.466e-01 7.743e+04
1.523e-01 1.421e+05
5.391e-01 9.838e+04
1.642e-01 1.405e+05
3.614e-01 1.269e+05
2.101e-01 8.031e+04
1.774e-01 1.413e+05
2.047e-01 1.350e+05
2.673e-01 1.343e+05
1.727e-01 1.372e+05
1.397e-01 1.452e+05
1.387e-01 1.461e+05
1.344e-01 1.458e+05
1.466e-01 1.468e+05
1.371e-01 1.488e+05
1.413e-01 1.460e+05
1.874e-01 1.357e+05
1.418e-01 1.439e+05
1.418e-01 1.454e+05
1.268e-01 1.519e+05
1.370e-01 1.445e+05
1.629e-01 1.389e+05
1.519e-01 1.432e+05
1.257e-01 1.493e+05
1.340e-01 1.449e+05
1.576e-01 1.424e+05
1.563e-01 1.450e+05
1.197e-01 1.481e+05
1.418e-01 1.445e+05
1.420e-01 1.411e+05
1.627e-01 1.439e+05
1.742e-01 1.406e+05
1.337e-01 1.456e+05
1.700e-01 1.398e+05
6.028e-06 1.132e+04
1.523e-01 1.433e+05
5.946e-07 1.711e+04
3.637e-06 1.071e+04
1.753e-01 1.389e+05
1.492e-01 1.434e+05
1.551e-01 1.067e+05
1.775e-01 1.346e+05
1.567e-01 1.424e+05
1.403e-01 1.486e+05
1.318e-01 1.454e+05
1.180e-05 1.090e+04
1.322e-01 1.461e+05
1.403e-01 1.454e+05
1.276e-01 1.494e+05
1.424e-01 1.466e+05
1.490e-01 1.439e+05
1.283e-01 1.464e+05
2.195e-01 1.274e+05
2.552e-01 1.324e+05
1.273e-01 1.518e+05
1.823e-01 1.423e+05
2.121e-01 1.359e+05
1.264e-01 1.452e+05
1.487e-01 1.332e+05
1.629e-01 1.409e+05
1.504e-01 1.449e+05
2.665e-01 1.336e+05
1.313e-01 1.468e+05
1.436e-01 1.438e+05
1.468e-01 1.433e+05
1.569e-01 1.439e+05
1.554e-01 1.463e+05
1.539e-01 1.476e+05
1.219e-01 1.487e+05
1.217e-01 1.483e+05
1.417e-01 1.488e+05
1.443e-01 1.469e+05
1.488e-01 1.440e+05
1.223e-01 1.468e+05
3.023e-01 1.270e+05
1.908e-01 7.761e+04
1.186e-01 1.501e+05
1.256e-01 1.467e+05
1.528e-01 1.446e+05
1.572e-01 1.458e+05
1.392e-01 1.459e+05
1.537e-01 1.429e+05
1.290e-01 1.505e+05
2.498e-01 1.301e+05
1.366e-01 1.465e+05
2.388e-01 7.606e+04
1.307e-05 2.715e+04
1.384e-01 1.448e+05
2.824e-01 1.251e+05
1.455e-01 1.414e+05
3.011e-06 1.410e+04
2.675e-01 1.346e+05
1.278e-01 1.450e+05
1.312e-01 1.424e+05
1.289e-01 1.477e+05
1.396e-01 1.433e+05
1.394e-01 1.454e+05
1.541e-01 1.459e+05
2.422e-01 1.252e+05
4.503e-01 1.032e+05
5.494e-01 1.172e+05
1.244e-01 1.471e+05
1.625e-01 1.412e+05
1.259e-01 1.489e+05
3.643e-01 1.231e+05
2.244e-01 1.394e+05
1.542e-01 1.444e+05
3.039e-01 1.288e+05
2.073e-01 1.343e+05
1.276e-01 1.454e+05
1.967e-01 1.250e+05
2.143e-01 1.292e+05
2.277e-01 1.328e+05
2.006e-01 1.355e+05
1.274e-01 1.447e+05
2.543e-01 1.314e+05
1.439e-01 1.430e+05
1.466e-01 1.433e+05
1.790e-01 1.435e+05
1.550e-01 1.438e+05
1.522e-01 1.437e+05
1.644e-01 1.397e+05
1.345e-01 1.465e+05
3.822e-01 8.986e+04
1.652e-01 1.434e+05
2.541e-01 8.037e+04
1.970e-01 1.396e+05
6.333e-06 2.566e+04
2.372e-01 1.093e+05
1.907e-01 1.378e+05
1.571e-01 1.344e+05
1.863e-01 1.387e+05
1.393e-01 1.471e+05
1.414e-01 1.454e+05
1.242e-01 1.475e+05
1.404e-01 1.465e+05
1.503e-01 1.449e+05
1.312e-01 1.461e+05
1.492e-01 1.444e+05
1.911e-06 1.007e+04
1.579e-01 1.412e+05
1.270e-01 1.528e+05
1.308e-01 1.467e+05
1.383e-01 1.461e+05
1.890e-01 1.334e+05
1.417e-01 1.408e+05
1.515e-01 1.385e+05
1.662e-01 1.436e+05
1.721e-01 1.436e+05
1.394e-01 1.495e+05
2.268e-01 1.334e+05
1.779e-01 1.404e+05
1.529e-01 1.469e+05
1.548e-01 1.463e+05
1.656e-01 1.422e+05
5.145e-01 1.103e+05
1.191e-01 1.517e+05
1.397e-01 1.427e+05
1.368e-01 1.503e+05
1.815e-06 7.579e+03
1.888e-01 1.317e+05
1.415e-01 1.461e+05
1.416e-01 1.410e+05
1.521e-01 1.406e+05
4.106e-01 1.215e+05
1.399e-01 1.454e+05
1.560e-01 1.456e+05
1.472e-01 1.441e+05
1.518e-01 1.415e+05
1.452e-01 1.451e+05
1.541e-01 1.411e+05
2.046e-01 1.335e+05
2.326e-01 1.293e+05
2.674e-01 1.280e+05
4.221e-01 8.640e+04
1.329e-01 1.482e+05
1.614e-01 1.423e+05
3.627e-01 1.280e+05
1.977e-01 1.345e+05
1.706e-01 1.367e+05
1.265e-01 1.515e+05
1.782e-01 1.402e+05
1.510e-01 1.434e+05
1.272e-01 1.511e+05
1.485e-01 1.444e+05
1.814e-01 1.232e+05
1.591e-01 1.413e+05
2.601e-01 1.147e+05
1.924e-01 1.344e+05
2.072e-01 1.313e+05
1.359e-01 1.466e+05
1.993e-01 1.385e+05
1.574e-01 1.438e+05
2.242e-06 1.474e+04
1.852e-01 1.362e+05
2.364e-01 1.310e+05
1.552e-01 1.443e+05
3.030e-01 7.512e+04
1.538e-01 1.418e+05
1.939e-01 1.362e+05
4.860e-01 9.261e+04
2.260e-01 7.647e+04
1.232e-05 1.629e+04
1.321e-01 1.500e+05
1.439e-01 1.444e+05
1.316e-01 1.439e+05
1.790e-01 1.402e+05
3.123e-01 1.297e+05
1.247e-01 1.493e+05
3.722e-01 1.238e+05
1.647e-01 1.430e+05
1.935e-01 1.345e+05
2.098e-01 7.848e+04
1.295e-01 1.448e+05
1.203e-01 1.488e+05
1.508e-01 1.436e+05
1.395e-01 1.463e+05
1.403e-01 1.435e+05
1.296e-01 1.491e+05
1.722e-01 1.299e+05
1.418e-01 1.454e+05
1.253e-01 1.508e+05
1.325e-01 1.498e+05
2.165e-01 1.353e+05
1.463e-01 1.430e+05
1.645e-01 1.444e+05
2.785e-01 8.219e+04
1.474e-01 1.420e+05
2.443e-06 6.555e+03
1.816e-01 1.402e+05
4.894e-07 1.140e+04
2.142e-01 9.163e+04
1.614e-01 1.405e+05
1.709e-01 1.373e+05
1.595e-01 1.453e+05
2.515e-01 7.639e+04
1.430e-01 1.459e+05
1.433e-01 1.460e+05
1.466e-01 1.449e+05
1.325e-01 1.463e+05
1.198e-01 1.493e+05
2.217e-01 1.357e+05
1.625e-01 1.396e+05
2.238e-01 1.311e+05
1.770e-01 1.394e+05
1.358e-01 1.504e+05
1.409e-01 1.475e+05
2.084e-01 1.353e+05
2.684e-01 1.252e+05
2.288e-01 1.338e+05
1.398e-01 1.431e+05
1.459e-01 1.428e+05
1.580e-01 1.439e+05
1.459e-01 1.484e+05
1.651e-01 1.350e+05
2.487e-01 7.953e+04
5.401e-06 1.909e+04
1.645e-01 1.454e+05
1.470e-01 1.405e+05
1.358e-01 1.467e+05
1.737e-01 1.432e+05
1.636e-01 1.461e+05
1.239e-01 1.465e+05
1.331e-01 1.462e+05
1.590e-01 1.383e+05
2.214e-01 1.336e+05
1.509e-01 1.400e+05
1.744e-01 1.414e+05
1.430e-01 1.437e+05
1.364e-01 1.446e+05
1.163e-01 1.527e+05
1.389e-01 1.468e+05
1.385e-01 1.460e+05
1.333e-01 1.426e+05
1.294e-01 1.479e+05
1.248e-05 9.305e+03
2.459e-01 8.180e+04
1.449e-01 1.411e+05
1.375e-01 1.467e+05
3.976e-01 7.473e+04
2.241e-01 1.281e+05
1.899e-01 1.357e+05
1.332e-01 1.510e+05
2.742e-01 1.266e+05
1.485e-01 1.420e+05
1.495e-01 1.450e+05
1.356e-01 1.393e+05
2.151e-01 1.336e+05
1.348e-01 1.483e+05
1.346e-01 1.469e+05
3.112e-06 1.820e+04
1.745e-01 1.307e+05
1.218e-01 1.462e+05
2.497e-07 1.439e+04
2.205e-01 1.377e+05
2.391e-01 1.185e+05
2.184e-01 1.302e+05
1.511e-01 1.405e+05
2.955e-01 1.327e+05
2.522e-01 1.331e+05
3.967e-01 8.534e+04
1.430e-01 1.409e+05
1.475e-01 1.449e+05
1.556e-01 1.436e+05
1.256e-01 1.485e+05
5.843e-06 1.533e+04
3.611e-01 9.124e+04
1.720e-01 1.345e+05
1.729e-01 1.433e+05
3.494e-01 1.271e+05
1.445e-01 1.455e+05
1.609e-01 1.447e+05
1.362e-01 1.465e+05
2.880e-01 1.267e+05
2.447e-01 1.296e+05
2.272e-01 1.332e+05
1.624e-01 1.398e+05
1.821e-01 1.291e+05
1.598e-01 1.420e+05
1.326e-01 1.466e+05
1.512e-01 1.427e+05
1.512e-05 1.393e+04
1.343e-01 1.500e+05
2.644e-01 1.281e+05
1.282e-01 1.490e+05
1.697e-01 1.409e+05
1.312e-01 1.418e+05
1.384e-01 1.448e+05
1.553e-01 1.438e+05
1.392e-01 1.425e+05
1.509e-01 1.443e+05
2.667e-01 7.656e+04
1.790e-01 1.377e+05
1.329e-01 1.433e+05
1.611e-01 1.436e+05
2.221e-01 1.353e+05
1.934e-01 1.310e+05
1.683e-01 1.410e+05
1.801e-01 1.370e+05
1.772e-01 1.332e+05
1.912e-01 1.366e+05
1.622e-01 1.396e+05
1.544e-01 1.407e+05
1.383e-01 1.450e+05
4.142e-07 2.929e+04
1.486e-01 1.449e+05
1.861e-01 1.420e+05
3.395e-01 1.086e+05
1.720e-01 1.426e+05
1.450e-01 1.469e+05
1.639e-01 1.398e+05
1.788e-01 1.431e+05
1.490e-01 1.437e+05
1.473e-01 1.446e+05
1.570e-01 1.419e+05
1.530e-01 1.422e+05
2.650e-01 7.929e+04
1.485e-01 1.411e+05
2.263e-01 7.742e+04
2.920e-01 1.275e+05
1.467e-01 1.414e+05
1.460e-01 1.491e+05
1.756e-01 1.388e+05
1.643e-01 1.409e+05
1.616e-01 1.470e+05
7.040e-06 1.132e+04
1.311e-01 1.463e+05
1.460e-01 1.458e+05
1.585e-01 1.404e+05
1.629e-01 1.415e+05
1.636e-01 1.389e+05
2.732e-01 1.302e+05
1.231e-01 1.514e+05
1.319e-01 1.492e+05
1.725e-01 1.296e+05
1.463e-01 1.425e+05
2.727e-01 1.321e+05
1.973e-01 1.349e+05
1.555e-01 1.417e+05
1.548e-01 1.412e+05
2.037e-01 1.360e+05
2.016e-01 1.304e+05
1.437e-01 1.473e+05
2.109e-01 1.402e+05
2.121e-01 1.320e+05
1.608e-01 1.397e+05
1.458e-01 1.417e+05
1.760e-01 1.419e+05
3.448e-01 1.283e+05
2.113e-01 1.307e+05
2.227e-01 1.297e+05
1.738e-01 1.394e+05
1.327e-01 1.471e+05
1.321e-01 1.444e+05
1.358e-01 1.498e+05
1.593e-01 1.381e+05
3.798e-01 1.249e+05
1.664e-01 1.414e+05
1.423e-01 1.432e+05
1.320e-01 1.503e+05
1.496e-01 1.420e+05
1.354e-01 1.462e+05
1.574e-01 1.412e+05
1.484e-01 1.434e+05
2.056e-01 1.312e+05
1.188e-01 1.519e+05
2.276e-01 1.303e+05
1.342e-01 1.447e+05
3.200e-06 4.517e+03
1.515e-01 1.421e+05
1.471e-01 1.489e+05
1.462e-01 1.454e+05
1.462e-01 1.434e+05
1.573e-01 1.427e+05
1.713e-01 1.368e+05
1.224e-01 1.513e+05
1.352e-01 1.444e+05
1.386e-01 1.477e+05
1.217e-01 1.494e+05
1.443e-01 1.461e+05
1.279e-01 1.484e+05
2.040e-01 1.311e+05
4.730e-01 1.047e+05
1.178e-01 1.495e+05
1.170e-01 1.516e+05
2.689e-01 8.168e+04
1.545e-01 1.403e+05
1.456e-01 1.443e+05
1.265e-01 1.477e+05
1.164e-07 2.435e+04
1.468e-01 1.448e+05
1.359e-01 1.457e+05
1.260e-01 1.460e+05
1.754e-01 1.317e+05
1.303e-01 1.467e+05
1.474e-01 1.432e+05
1.531e-01 1.407e+05
2.349e-01 1.324e+05
2.401e-01 8.860e+04
2.015e-01 1.329e+05
1.564e-01 1.369e+05
2.129e-06 4.262e+03
2.009e-01 1.355e+05
1.393e-01 1.424e+05
1.334e-01 1.493e+05
1.497e-01 1.442e+05
1.255e-01 1.478e+05
1.530e-01 1.466e+05
1.205e-01 1.483e+05
5.242e-01 1.229e+05
1.347e-01 1.479e+05
3.104e-01 1.238e+05
1.471e-01 1.436e+05
2.678e-01 1.288e+05
1.448e-01 1.358e+05
1.382e-01 1.460e+05
1.460e-01 1.469e+05
1.519e-01 1.440e+05
4.095e-01 8.126e+04
1.393e-01 1.457e+05
1.251e-01 1.524e+05
4.988e-01 8.725e+04
1.938e-01 1.326e+05
1.704e-01 1.406e+05
1.448e-01 1.415e+05
1.351e-01 1.431e+05
6.156e-07 1.541e+04
1.815e-05 1.588e+04
2.551e-01 1.292e+05
1.511e-01 1.430e+05
1.281e-01 1.451e+05
2.331e-01 1.351e+05
1.875e-01 1.364e+05
1.542e-01 1.379e+05
1.531e-01 1.395e+05
1.425e-01 1.435e+05
1.383e-01 1.484e+05
1.773e-01 1.320e+05
1.392e-01 1.449e+05
1.336e-01 1.468e+05
1.769e-01 1.391e+05
9.975e-08 9.415e+03
1.234e-01 1.514e+05
1.305e-01 1.430e+05
2.200e-01 1.347e+05
1.768e-01 1.337e+05
1.639e-01 1.422e+05
1.427e-01 1.461e+05
1.460e-01 1.386e+05
1.184e-01 1.494e+05
4.191e-01 1.268e+05
2.715e-01 1.288e+05
1.499e-01 1.425e+05
2.144e-01 1.354e+05
1.449e-01 1.455e+05
2.264e-01 1.318e+05
1.469e-01 1.441e+05
1.858e-01 7.386e+04
2.115e-01 1.351e+05
1.375e-01 1.477e+05
1.358e-01 1.485e+05
1.417e-01 1.464e+05
1.675e-01 1.403e+05
2.160e-01 1.368e+05
2.546e-01 1.294e+05
1.285e-01 1.485e+05
1.503e-01 1.452e+05
2.308e-01 1.373e+05
3.664e-01 1.221e+05
1.444e-01 1.498e+05
1.506e-01 1.462e+05
1.457e-01 1.471e+05
2.708e-01 1.274e+05
1.176e-01 1.507e+05
2.228e-01 1.284e+05
1.691e-01 1.046e+05
1.352e-01 1.491e+05
1.391e-01 1.454e+05
2.151e-01 1.339e+05
2.063e-01 1.312e+05
1.547e-01 1.392e+05
3.442e-01 1.290e+05
1.516e-01 1.422e+05
1.572e-01 1.429e+05
2.784e-01 1.286e+05
1.383e-01 1.466e+05
2.368e-01 1.305e+05
1.775e-01 1.402e+05
5.576e-01 1.095e+05
1.467e-01 1.484e+05
1.442e-01 1.434e+05
1.758e-01 1.331e+05
1.753e-01 1.318e+05
1.926e-01 1.320e+05
1.367e-01 1.440e+05
1.424e-01 1.489e+05
1.361e-01 1.467e+05
4.256e-01 9.834e+04
1.626e-01 1.426e+05
2.443e-01 7.797e+04
1.317e-01 1.443e+05
1.366e-01 1.468e+05
1.432e-01 1.450e+05
1.465e-01 1.393e+05
1.628e-01 1.400e+05
1.620e-01 1.429e+05
1.385e-01 1.463e+05
2.460e-01 8.321e+04
1.416e-01 1.446e+05
1.636e-01 1.399e+05
2.459e-06 2.366e+04
1.295e-01 1.453e+05
1.600e-01 1.446e+05
1.444e-01 1.450e+05
1.541e-01 1.455e+05
2.588e-01 1.348e+05
1.877e-01 1.428e+05
1.426e-01 1.438e+05
1.471e-01 1.414e+05
2.564e-01 1.201e+05
1.582e-01 1.380e+05
1.570e-01 1.461e+05
1.459e-01 1.468e+05
3.340e-01 1.244e+05
1.790e-01 1.396e+05
