1.867e-01 1.449e+05
1.724e-01 1.414e+05
1.320e-01 1.449e+05
1.141e-01 1.512e+05
1.560e-01 1.467e+05
1.924e-01 1.400e+05
1.661e-01 1.400e+05
1.292e-01 1.505e+05
1.596e-01 1.447e+05
1.777e-01 1.403e+05
1.390e-01 1.460e+05
1.618e-01 1.485e+05
1.681e-01 1.432e+05
1.601e-01 1.459e+05
1.216e-01 1.500e+05
2.324e-01 1.388e+05
1.207e-01 1.511e+05
1.265e-01 1.487e+05
1.991e-01 1.066e+05
2.599e-01 1.359e+05
3.486e-01 1.348e+05
2.066e-01 1.402e+05
1.194e-01 1.476e+05
2.829e-01 1.351e+05
1.604e-01 1.423e+05
1.458e-01 1.446e+05
1.220e-01 1.507e+05
1.277e-01 1.523e+05
1.202e-01 1.492e+05
1.241e-01 1.520e+05
1.702e-01 1.375e+05
1.408e-01 1.468e+05
1.841e-01 1.421e+05
2.489e-01 1.390e+05
2.059e-01 1.420e+05
2.389e-01 1.353e+05
2.268e-06 2.003e+04
1.775e-01 1.416e+05
1.447e-01 1.452e+05
2.727e-01 1.397e+05
1.387e-01 1.490e+05
3.007e-01 1.389e+05
1.308e-01 1.477e+05
1.692e-01 1.443e+05
3.808e-01 1.322e+05
1.478e-01 1.453e+05
1.543e-01 1.461e+05
1.490e-01 1.441e+05
1.148e-01 1.533e+05
1.627e-01 1.435e+05
1.464e-01 1.451e+05
1.644e-01 1.467e+05
1.512e-01 1.475e+05
1.169e-01 1.521e+05
3.422e-01 1.368e+05
3.413e-01 1.376e+05
2.189e-01 1.371e+05
1.704e-01 1.430e+05
1.384e-01 1.465e+05
4.205e-01 9.414e+04
1.254e-01 1.480e+05
1.507e-01 1.469e+05
2.416e-01 1.365e+05
1.206e-01 1.478e+05
1.224e-01 1.481e+05
2.926e-01 1.378e+05
1.459e-01 1.503e+05
1.793e-01 1.432e+05
2.707e-01 1.363e+05
1.662e-01 1.443e+05
1.549e-01 1.447e+05
1.409e-01 1.407e+05
2.513e-01 1.401e+05
1.486e-01 1.475e+05
9.308e-06 4.547e+04
1.873e-01 1.427e+05
5.171e-01 9.293e+04
1.403e-01 1.461e+05
1.110e-06 3.187e+04
1.839e-01 1.430e+05
1.348e-01 1.491e+05
2.507e-01 1.336e+05
3.824e-07 2.639e+04
1.607e-01 1.460e+05
2.190e-01 1.421e+05
2.199e-01 1.413e+05
1.572e-01 1.456e+05
1.551e-01 1.443e+05
1.556e-01 1.444e+05
1.414e-01 1.456e+05
1.422e-01 1.471e+05
2.451e-01 1.400e+05
1.356e-01 1.506e+05
1.514e-01 1.453e+05
1.577e-01 1.476e+05
1.604e-01 1.436e+05
1.808e-01 1.429e+05
1.273e-01 1.458e+05
2.973e-01 1.378e+05
1.401e-01 1.489e+05
2.984e-01 1.386e+05
9.594e-06 3.143e+04
1.606e-01 1.441e+05
5.830e-01 1.036e+05
1.646e-01 1.429e+05
1.486e-01 1.451e+05
1.382e-01 1.470e+05
2.006e-01 1.431e+05
2.514e-01 1.375e+05
1.575e-01 1.457e+05
3.636e-06 3.492e+04
1.558e-01 1.447e+05
1.363e-01 1.493e+05
1.901e-01 1.460e+05
1.520e-01 1.427e+05
1.627e-01 1.481e+05
2.575e-01 1.379e+05
1.433e-01 1.463e+05
2.081e-06 5.238e+03
2.150e-01 1.393e+05
3.656e-06 2.389e+04
1.235e-01 1.520e+05
1.949e-01 1.397e+05
1.341e-01 1.503e+05
1.747e-01 1.374e+05
1.539e-01 1.432e+05
1.214e-01 1.491e+05
2.936e-01 1.372e+05
1.301e-01 1.472e+05
1.723e-01 1.436e+05
1.578e-01 1.472e+05
1.398e-01 1.425e+05
2.445e-01 1.350e+05
1.341e-01 1.465e+05
1.210e-01 1.530e+05
1.597e-01 1.229e+05
1.472e-01 1.466e+05
3.667e-01 1.329e+05
2.912e-06 2.315e+04
1.168e-01 1.496e+05
1.854e-01 1.379e+05
2.114e-05 2.728e+04
1.359e-01 1.460e+05
1.644e-01 1.428e+05
1.368e-01 1.477e+05
1.597e-01 1.374e+05
2.846e-01 1.373e+05
4.209e-01 8.717e+04
1.852e-09 1.654e+04
1.508e-01 1.484e+05
1.933e-01 1.399e+05
2.700e-01 1.360e+05
1.119e-01 1.526e+05
2.615e-01 1.361e+05
1.441e-01 1.438e+05
2.648e-01 1.392e+05
1.775e-01 1.436e+05
1.719e-01 1.438e+05
1.220e-01 1.506e+05
8.960e-06 1.569e+04
1.317e-01 1.477e+05
1.409e-01 1.431e+05
2.207e-01 1.406e+05
1.340e-01 1.118e+05
1.160e-01 1.527e+05
5.911e-01 1.206e+05
1.627e-01 1.439e+05
1.468e-01 1.437e+05
4.144e-01 9.909e+04
1.752e-01 1.417e+05
1.549e-01 1.465e+05
2.304e-01 1.386e+05
2.493e-01 1.189e+05
1.668e-01 1.473e+05
1.534e-01 1.407e+05
2.573e-01 1.362e+05
1.432e-01 1.471e+05
1.451e-01 1.478e+05
1.433e-01 1.469e+05
1.993e-01 1.396e+05
1.930e-01 1.356e+05
1.432e-01 1.445e+05
1.337e-01 1.503e+05
1.628e-01 1.390e+05
2.104e-01 1.427e+05
2.087e-01 1.383e+05
1.405e-01 1.496e+05
1.711e-01 1.426e+05
1.760e-01 1.443e+05
1.515e-01 1.444e+05
1.372e-01 1.468e+05
1.547e-01 1.469e+05
1.206e-01 1.479e+05
1.510e-01 1.455e+05
1.998e-01 1.407e+05
2.888e-01 9.287e+04
1.514e-01 1.458e+05
1.528e-01 1.467e+05
6.909e-06 1.429e+04
2.662e-01 1.363e+05
1.437e-01 1.460e+05
1.499e-01 1.460e+05
3.870e-01 1.373e+05
1.504e-01 1.439e+05
1.239e-01 1.486e+05
1.209e-01 1.490e+05
2.050e-01 1.402e+05
1.451e-01 1.475e+05
1.404e-01 1.451e+05
1.194e-01 1.462e+05
1.782e-01 1.421e+05
1.678e-01 1.446e+05
1.682e-01 1.406e+05
2.140e-01 1.369e+05
2.231e-01 1.406e+05
1.980e-01 1.356e+05
2.453e-01 1.334e+05
1.376e-01 1.472e+05
1.608e-01 1.464e+05
2.395e-01 1.352e+05
1.459e-01 1.475e+05
1.636e-01 1.460e+05
1.607e-01 1.428e+05
1.484e-01 1.458e+05
4.844e-01 1.194e+05
1.676e-01 1.441e+05
1.373e-01 1.471e+05
5.754e-06 1.735e+04
2.541e-01 1.409e+05
1.777e-01 1.401e+05
2.217e-01 1.435e+05
1.298e-01 1.500e+05
2.411e-01 1.375e+05
1.213e-01 1.522e+05
1.207e-01 1.466e+05
2.201e-01 1.370e+05
2.250e-01 1.212e+05
1.519e-01 1.445e+05
1.476e-01 1.454e+05
1.321e-01 1.516e+05
3.343e-01 1.336e+05
1.669e-01 1.220e+05
1.454e-01 1.468e+05
1.184e-01 1.476e+05
1.894e-01 1.399e+05
1.621e-01 1.471e+05
1.713e-01 1.424e+05
1.703e-01 1.412e+05
2.004e-01 1.414e+05
1.511e-01 1.475e+05
3.105e-01 1.377e+05
1.108e-05 6.383e+03
2.194e-06 5.411e+03
9.559e-06 3.426e+04
1.606e-01 1.410e+05
1.276e-01 1.451e+05
2.158e-01 1.375e+05
1.407e-01 1.476e+05
1.561e-01 1.437e+05
2.043e-01 1.384e+05
1.962e-01 1.454e+05
1.322e-01 1.476e+05
1.304e-01 1.489e+05
1.506e-01 1.461e+05
8.444e-06 1.927e+04
1.581e-01 1.457e+05
1.750e-01 1.417e+05
1.862e-01 1.359e+05
1.698e-01 1.415e+05
1.287e-01 1.491e+05
1.714e-01 1.448e+05
2.438e-01 1.370e+05
1.675e-01 1.425e+05
1.431e-01 1.445e+05
1.261e-01 1.518e+05
1.539e-01 1.466e+05
1.393e-01 1.495e+05
1.491e-01 1.468e+05
9.933e-07 1.568e+04
1.621e-01 1.440e+05
1.548e-01 1.462e+05
1.248e-01 1.495e+05
1.742e-01 1.421e+05
2.668e-01 1.397e+05
1.376e-01 1.459e+05
1.589e-01 1.446e+05
1.955e-01 1.411e+05
1.383e-01 1.476e+05
2.389e-01 1.144e+05
1.667e-01 1.435e+05
1.407e-01 1.466e+05
1.312e-01 1.463e+05
3.801e-01 1.321e+05
1.723e-01 1.414e+05
1.542e-01 1.227e+05
3.528e-01 1.375e+05
1.470e-01 1.483e+05
1.530e-01 1.458e+05
8.869e-07 3.570e+04
1.317e-01 1.507e+05
1.350e-01 1.470e+05
1.455e-01 1.453e+05
1.318e-01 1.493e+05
1.281e-01 1.511e+05
2.100e-01 1.147e+05
3.575e-01 1.072e+05
1.674e-01 1.441e+05
3.433e-01 1.365e+05
1.325e-01 1.399e+05
1.616e-01 1.324e+05
1.499e-01 1.465e+05
3.522e-01 1.175e+05
1.320e-01 1.470e+05
1.709e-01 1.430e+05
3.775e-01 1.362e+05
2.152e-01 1.399e+05
1.602e-01 1.466e+05
1.138e-01 1.522e+05
1.575e-01 1.433e+05
1.747e-01 1.371e+05
3.621e-01 9.327e+04
5.006e-06 1.841e+04
2.151e-01 1.393e+05
1.570e-01 1.442e+05
2.023e-01 1.440e+05
2.911e-06 6.251e+04
1.430e-01 1.462e+05
1.482e-01 1.442e+05
1.422e-01 1.464e+05
1.365e-01 1.475e+05
1.669e-01 1.394e+05
1.445e-01 1.477e+05
1.409e-01 1.415e+05
1.924e-01 1.405e+05
1.343e-01 1.471e+05
1.516e-01 1.494e+05
1.393e-01 1.475e+05
1.378e-01 1.449e+05
1.892e-06 1.620e+04
2.116e-01 1.410e+05
3.644e-01 1.323e+05
1.435e-01 1.399e+05
1.399e-01 1.436e+05
1.529e-01 1.448e+05
1.769e-01 1.431e+05
3.548e-01 1.346e+05
6.180e-06 1.716e+04
1.547e-01 1.443e+05
1.341e-01 1.465e+05
1.265e-01 1.478e+05
1.473e-01 1.417e+05
2.011e-01 1.269e+05
1.500e-01 1.114e+05
1.440e-01 1.485e+05
1.458e-01 1.493e+05
1.275e-01 1.501e+05
1.639e-01 1.478e+05
1.622e-01 1.359e+05
1.398e-01 1.466e+05
2.546e-01 1.358e+05
1.293e-01 1.457e+05
1.409e-01 1.477e+05
1.305e-01 1.515e+05
1.418e-01 1.504e+05
2.674e-01 1.375e+05
2.339e-01 1.422e+05
1.711e-01 1.438e+05
1.347e-01 1.506e+05
2.835e-01 1.396e+05
3.955e-01 1.317e+05
1.451e-01 1.421e+05
1.235e-01 1.516e+05
1.214e-01 1.509e+05
1.232e-01 1.519e+05
1.553e-01 1.459e+05
1.381e-01 1.439e+05
1.623e-01 1.419e+05
1.834e-01 1.401e+05
1.434e-01 1.462e+05
2.095e-06 6.301e+03
1.380e-01 1.491e+05
1.972e-01 1.428e+05
1.199e-01 1.497e+05
1.592e-01 1.412e+05
1.687e-01 1.434e+05
1.366e-01 1.471e+05
9.022e-06 5.635e+03
1.404e-01 1.396e+05
1.175e-01 1.504e+05
3.345e-01 1.355e+05
1.506e-01 1.487e+05
1.393e-01 1.468e+05
1.180e-01 1.529e+05
2.856e-04 6.183e+04
4.509e-01 1.350e+05
1.400e-01 1.478e+05
1.996e-01 1.424e+05
7.462e-06 1.198e+04
2.196e-01 1.383e+05
1.432e-01 1.454e+05
1.328e-01 1.475e+05
1.451e-01 1.470e+05
2.528e-01 1.422e+05
2.063e-01 1.361e+05
1.921e-01 1.370e+05
3.754e-01 1.332e+05
1.293e-01 1.468e+05
3.611e-01 1.157e+05
1.284e-01 1.482e+05
1.516e-01 1.445e+05
2.184e-01 1.386e+05
1.720e-01 1.452e+05
1.710e-01 1.398e+05
1.493e-01 1.462e+05
1.468e-01 1.439e+05
1.655e-01 1.436e+05
1.525e-01 1.445e+05
1.445e-01 1.442e+05
1.520e-01 1.487e+05
1.610e-01 1.431e+05
1.770e-01 1.438e+05
1.123e-01 1.524e+05
2.936e-06 1.554e+04
1.604e-01 1.409e+05
1.179e-01 1.489e+05
1.726e-01 1.400e+05
1.255e-01 1.486e+05
1.869e-01 1.384e+05
1.302e-01 1.484e+05
1.600e-01 1.461e+05
1.546e-01 1.461e+05
1.185e-01 1.527e+05
1.393e-01 1.457e+05
1.385e-01 1.431e+05
2.362e-01 1.405e+05
1.752e-06 5.819e+03
2.143e-01 1.399e+05
1.125e-01 1.505e+05
1.692e-06 1.249e+04
2.097e-01 1.394e+05
3.488e-01 1.367e+05
2.203e-01 1.442e+05
1.508e-01 1.480e+05
2.482e-01 1.384e+05
1.243e-01 1.457e+05
1.441e-01 1.486e+05
1.752e-01 1.384e+05
1.443e-01 1.465e+05
1.445e-01 1.484e+05
1.202e-01 1.471e+05
1.644e-01 1.462e+05
2.755e-01 1.404e+05
3.041e-01 1.376e+05
1.196e-01 1.485e+05
1.607e-01 1.455e+05
1.273e-01 1.103e+05
1.380e-01 1.438e+05
1.567e-01 1.449e+05
1.663e-01 1.441e+05
3.089e-01 1.379e+05
2.062e-06 1.742e+04
2.066e-01 1.386e+05
1.247e-01 1.500e+05
1.889e-01 1.439e+05
1.619e-01 1.470e+05
1.263e-01 1.471e+05
1.604e-01 1.461e+05
1.679e-01 1.419e+05
2.145e-01 1.348e+05
1.418e-01 1.482e+05
2.267e-01 1.375e+05
8.824e-02 1.045e+05
1.364e-01 1.442e+05
1.843e-01 1.412e+05
2.771e-01 1.390e+05
1.820e-01 1.455e+05
2.587e-01 1.247e+05
1.586e-01 1.430e+05
1.816e-01 1.430e+05
1.952e-01 1.414e+05
5.013e-01 1.188e+05
1.570e-01 1.435e+05
2.111e-01 1.434e+05
2.222e-01 1.334e+05
1.630e-01 1.458e+05
1.366e-01 1.483e+05
1.394e-01 1.489e+05
2.806e-01 1.340e+05
2.703e-01 1.114e+05
1.431e-01 1.474e+05
1.751e-05 6.893e+03
1.258e-01 1.509e+05
1.696e-01 1.396e+05
3.141e-01 8.836e+04
2.136e-01 1.418e+05
1.542e-01 1.461e+05
1.462e-01 1.398e+05
3.749e-01 9.212e+04
4.244e-01 1.133e+05
1.586e-01 1.455e+05
1.908e-01 1.377e+05
4.097e-01 1.104e+05
2.130e-01 1.392e+05
2.424e-05 5.094e+04
1.733e-01 1.419e+05
1.494e-01 1.461e+05
1.735e-01 1.407e+05
1.364e-01 1.442e+05
1.571e-01 1.452e+05
1.518e-01 1.462e+05
1.302e-01 1.456e+05
1.593e-01 1.437e+05
2.926e-01 1.351e+05
1.429e-01 1.421e+05
2.321e-01 9.780e+04
2.476e-01 1.344e+05
1.697e-01 1.447e+05
2.422e-01 1.269e+05
2.387e-06 1.287e+04
1.612e-06 9.426e+03
3.073e-01 1.347e+05
1.865e-01 1.401e+05
1.541e-01 1.447e+05
2.904e-01 1.364e+05
2.614e-01 1.374e+05
1.343e-01 1.485e+05
2.752e-01 1.389e+05
1.482e-01 1.492e+05
5.006e-01 1.203e+05
2.023e-01 1.379e+05
1.174e-01 1.468e+05
1.204e-01 1.483e+05
1.265e-01 1.474e+05
7.841e-06 3.104e+04
5.136e-01 9.269e+04
1.604e-01 1.448e+05
5.371e-06 1.345e+04
1.738e-01 1.423e+05
1.173e-01 1.475e+05
3.724e-06 5.726e+04
1.985e-01 9.817e+04
2.322e-01 1.410e+05
1.613e-01 1.464e+05
1.811e-01 1.449e+05
1.520e-01 1.348e+05
1.866e-01 1.396e+05
1.402e-01 1.404e+05
1.322e-01 1.427e+05
1.496e-01 1.460e+05
1.585e-01 1.442e+05
1.432e-01 1.475e+05
1.628e-01 1.437e+05
1.658e-01 1.452e+05
1.535e-01 1.447e+05
1.324e-01 1.511e+05
3.884e-01 1.123e+05
2.878e-01 1.374e+05
1.143e-01 1.503e+05
1.330e-01 1.460e+05
5.206e-01 1.046e+05
1.571e-01 1.431e+05
1.413e-01 1.477e+05
1.368e-01 1.465e+05
1.197e-01 1.529e+05
1.203e-01 1.483e+05
5.206e-01 1.256e+05
1.474e-01 1.441e+05
1.445e-01 1.444e+05
1.762e-01 1.452e+05
1.917e-01 1.405e+05
1.155e-06 1.712e+04
1.200e-01 1.492e+05
1.490e-01 1.467e+05
1.852e-01 1.414e+05
1.524e-01 1.480e+05
1.758e-01 1.429e+05
1.532e-01 1.459e+05
2.254e-01 1.426e+05
6.644e-06 6.155e+03
1.715e-01 1.425e+05
1.214e-01 1.477e+05
2.096e-01 1.395e+05
1.336e-01 1.479e+05
1.233e-05 2.364e+04
2.734e-01 1.366e+05
1.899e-01 1.445e+05
1.754e-01 1.462e+05
1.654e-01 1.443e+05
2.016e-01 1.386e+05
1.510e-01 1.433e+05
1.645e-01 1.452e+05
1.419e-01 1.479e+05
2.934e-01 1.391e+05
1.756e-01 1.418e+05
1.142e-01 1.522e+05
1.587e-01 1.419e+05
1.258e-01 1.414e+05
1.500e-01 1.410e+05
1.536e-01 1.485e+05
1.603e-01 1.445e+05
1.617e-01 1.438e+05
1.893e-01 1.381e+05
1.990e-01 1.440e+05
1.491e-01 1.451e+05
3.616e-01 1.322e+05
2.544e-06 1.248e+04
1.176e-01 1.503e+05
1.902e-01 1.416e+05
2.632e-01 1.338e+05
2.336e-01 1.428e+05
1.450e-01 1.455e+05
1.458e-01 1.470e+05
1.576e-01 1.445e+05
1.406e-01 1.468e+05
2.096e-01 1.377e+05
2.298e-06 2.826e+04
1.649e-01 1.455e+05
2.004e-01 1.399e+05
1.404e-01 1.473e+05
5.155e-01 9.809e+04
1.521e-01 1.459e+05
1.443e-01 1.451e+05
1.307e-01 1.484e+05
1.458e-01 1.453e+05
4.650e-01 1.350e+05
5.459e-06 2.174e+03
1.328e-01 1.459e+05
1.315e-01 1.449e+05
1.628e-01 1.414e+05
1.406e-01 1.461e+05
4.360e-06 7.642e+03
4.883e-01 1.324e+05
1.437e-01 1.461e+05
1.715e-01 1.415e+05
1.340e-01 1.445e+05
2.249e-01 1.381e+05
1.579e-01 1.454e+05
1.962e-05 2.079e+04
1.733e-01 1.343e+05
1.609e-01 1.450e+05
1.530e-01 1.453e+05
1.155e-01 1.490e+05
3.286e-01 1.338e+05
1.849e-01 1.426e+05
1.341e-01 1.444e+05
2.218e-01 1.363e+05
1.289e-01 1.466e+05
1.481e-01 1.462e+05
5.420e-01 9.385e+04
2.130e-01 1.043e+05
2.380e-06 1.299e+04
2.276e-06 5.863e+03
2.409e-01 1.345e+05
1.422e-01 1.483e+05
1.224e-01 1.491e+05
1.856e-01 1.430e+05
1.186e-01 1.530e+05
3.406e-06 1.179e+04
1.321e-01 1.451e+05
1.482e-01 1.475e+05
1.543e-01 1.463e+05
1.315e-01 1.458e+05
1.907e-01 1.409e+05
1.350e-01 1.473e+05
1.689e-01 1.408e+05
3.080e-01 1.341e+05
1.938e-01 1.356e+05
1.696e-01 1.434e+05
1.812e-01 1.378e+05
1.213e-01 1.472e+05
2.790e-01 1.415e+05
1.792e-06 1.914e+04
9.248e-06 4.880e+04
9.286e-06 4.883e+04
1.578e-01 1.475e+05
5.675e-01 9.612e+04
1.464e-05 2.011e+03
3.726e-01 1.113e+05
1.533e-01 1.458e+05
9.530e-06 1.933e+04
1.414e-01 1.455e+05
1.320e-01 1.447e+05
2.221e-01 1.354e+05
1.584e-01 1.386e+05
1.623e-01 1.442e+05
1.221e-01 1.473e+05
1.987e-01 1.411e+05
1.425e-01 1.457e+05
1.520e-01 1.458e+05
2.125e-01 1.385e+05
1.233e-01 1.481e+05
2.222e-01 1.379e+05
5.325e-01 1.071e+05
1.470e-01 1.468e+05
1.420e-01 1.455e+05
1.436e-01 1.496e+05
1.530e-01 1.461e+05
1.382e-01 1.437e+05
1.411e-01 1.449e+05
1.666e-01 1.451e+05
1.252e-01 1.485e+05
1.329e-01 1.503e+05
1.187e-06 4.627e+04
7.022e-06 3.106e+04
3.496e-01 1.375e+05
2.389e-01 1.385e+05
1.290e-01 1.497e+05
1.321e-01 1.473e+05
1.304e-01 1.470e+05
4.775e-06 3.913e+04
1.314e-01 1.506e+05
1.768e-01 1.419e+05
1.802e-01 1.415e+05
1.330e-01 1.476e+05
2.102e-01 1.381e+05
1.256e-01 1.474e+05
1.710e-01 1.440e+05
1.305e-01 1.513e+05
1.265e-01 1.476e+05
1.499e-01 1.441e+05
1.431e-01 1.437e+05
2.193e-01 1.364e+05
1.580e-01 1.481e+05
1.217e-01 1.487e+05
1.318e-01 1.481e+05
1.205e-01 1.476e+05
1.238e-01 1.421e+05
4.572e-01 1.371e+05
2.060e-01 1.417e+05
1.585e-01 1.416e+05
1.782e-01 1.400e+05
1.605e-01 1.464e+05
1.393e-01 1.472e+05
1.503e-01 1.470e+05
1.714e-01 1.435e+05
1.615e-01 1.447e+05
1.103e-05 5.321e+04
1.139e-01 1.518e+05
8.475e-07 1.670e+04
1.604e-01 1.425e+05
1.563e-01 1.479e+05
4.303e-01 1.332e+05
3.267e-01 1.373e+05
4.444e-07 6.926e+03
4.654e-01 1.287e+05
1.191e-01 1.492e+05
1.441e-01 1.463e+05
5.306e-06 5.198e+03
1.559e-01 1.461e+05
1.799e-01 1.376e+05
1.672e-01 1.447e+05
1.380e-01 1.494e+05
1.508e-01 1.458e+05
1.223e-01 1.462e+05
1.845e-01 1.440e+05
1.179e-01 1.513e+05
1.527e-01 1.423e+05
1.938e-01 1.432e+05
4.976e-06 1.159e+03
1.461e-01 1.468e+05
1.236e-01 1.526e+05
7.350e-07 5.718e+03
1.495e-01 1.439e+05
1.001e-05 3.381e+04
1.361e-01 1.449e+05
1.457e-01 1.459e+05
1.509e-01 1.441e+05
1.623e-01 1.392e+05
1.600e-01 1.418e+05
1.314e-01 1.478e+05
1.583e-01 1.440e+05
4.157e-07 1.808e+03
1.158e-01 1.503e+05
1.944e-01 1.410e+05
1.157e-01 1.518e+05
1.246e-01 1.517e+05
1.864e-01 1.420e+05
2.595e-01 1.356e+05
1.106e-01 1.510e+05
1.587e-01 1.440e+05
1.273e-01 1.483e+05
1.847e-01 1.432e+05
1.632e-01 1.420e+05
1.702e-01 1.421e+05
2.187e-01 1.405e+05
1.204e-05 6.297e+04
5.286e-01 1.354e+05
1.563e-01 1.464e+05
1.420e-01 1.440e+05
1.180e-01 1.454e+05
1.567e-01 1.476e+05
1.783e-01 1.404e+05
4.632e-06 6.583e+02
5.216e-06 5.627e+04
1.502e-01 1.490e+05
1.541e-01 1.403e+05
1.611e-01 1.450e+05
1.733e-01 1.427e+05
4.797e-01 1.082e+05
1.297e-01 1.480e+05
1.155e-01 1.519e+05
1.094e-01 1.509e+05
1.544e-01 1.444e+05
1.227e-01 1.492e+05
2.126e-01 1.378e+05
4.486e-06 5.741e+04
1.204e-01 1.500e+05
1.212e-01 1.465e+05
2.890e-01 1.386e+05
1.709e-01 1.425e+05
1.635e-01 1.438e+05
1.412e-01 1.506e+05
1.024e-05 3.022e+04
4.826e-01 1.325e+05
1.656e-01 1.219e+05
1.204e-01 1.493e+05
1.562e-01 1.449e+05
1.551e-01 1.455e+05
1.681e-01 1.440e+05
1.932e-06 1.815e+04
4.104e-01 1.314e+05
1.970e-01 1.388e+05
1.548e-01 1.393e+05
1.260e-01 1.483e+05
1.289e-01 1.480e+05
1.411e-01 1.462e+05
4.150e-01 1.359e+05
2.303e-01 1.430e+05
1.633e-01 1.436e+05
2.760e-01 1.373e+05
2.541e-01 1.413e+05
1.948e-01 1.407e+05
3.669e-01 1.354e+05
4.572e-01 1.304e+05
1.547e-01 1.410e+05
1.694e-01 1.426e+05
1.805e-01 1.471e+05
1.279e-01 1.503e+05
3.570e-06 3.825e+02
1.235e-01 1.472e+05
1.727e-01 1.407e+05
1.779e-01 1.377e+05
3.419e-01 1.384e+05
4.073e-01 1.373e+05
3.502e-01 1.319e+05
4.391e-01 1.329e+05
2.820e-01 1.383e+05
1.894e-01 1.436e+05
1.494e-01 1.454e+05
1.321e-01 1.489e+05
1.160e-01 1.474e+05
1.268e-01 1.487e+05
2.115e-01 1.385e+05
1.281e-07 1.355e+04
1.532e-01 1.448e+05
2.659e-01 1.349e+05
1.645e-01 1.440e+05
1.244e-01 1.457e+05
1.156e-01 1.458e+05
1.427e-01 1.460e+05
1.619e-01 1.463e+05
1.443e-06 8.246e+03
1.514e-01 1.473e+05
7.972e-06 2.414e+04
1.686e-01 1.426e+05
1.190e-01 1.473e+05
6.967e-07 3.826e+04
1.686e-01 1.415e+05
2.811e-01 1.389e+05
1.465e-01 1.464e+05
4.975e-06 1.635e+04
1.925e-01 1.394e+05
1.553e-01 1.422e+05
3.936e-07 3.630e+03
1.635e-01 1.475e+05
1.649e-01 1.433e+05
1.579e-01 1.443e+05
2.895e-01 1.321e+05
1.705e-01 1.439e+05
1.264e-01 1.464e+05
3.845e-01 9.778e+04
1.542e-01 1.493e+05
8.353e-06 1.135e+04
1.837e-01 1.288e+05
1.761e-01 1.433e+05
5.140e-01 1.316e+05
2.806e-06 2.790e+04
2.619e-01 1.359e+05
1.394e-01 1.455e+05
1.150e-01 1.489e+05
1.174e-01 1.477e+05
1.230e-01 1.492e+05
5.664e-01 1.224e+05
3.407e-01 1.335e+05
1.840e-01 1.148e+05
2.158e-01 1.441e+05
1.328e-01 1.487e+05
2.033e-01 1.410e+05
1.391e-01 1.480e+05
3.395e-01 1.390e+05
1.318e-01 1.494e+05
2.347e-01 1.386e+05
1.444e-06 1.313e+04
1.677e-01 1.477e+05
1.348e-01 1.479e+05
1.652e-01 1.452e+05
1.597e-01 1.455e+05
1.524e-01 1.466e+05
5.913e-01 1.340e+05
8.591e-08 5.998e+03
1.867e-01 1.407e+05
1.499e-01 1.357e+05
3.316e-01 1.353e+05
2.826e-01 1.361e+05
1.695e-01 1.441e+05
1.427e-01 1.465e+05
1.207e-01 1.486e+05
2.237e-01 1.375e+05
1.908e-01 1.408e+05
1.529e-01 1.457e+05
1.133e-01 1.501e+05
1.614e-01 1.445e+05
1.500e-01 1.458e+05
1.409e-01 1.399e+05
1.743e-01 1.396e+05
6.627e-06 1.363e+04
1.537e-01 1.440e+05
1.217e-01 1.497e+05
1.684e-01 1.449e+05
1.211e-01 1.486e+05
1.113e-01 1.522e+05
1.862e-01 1.367e+05
1.227e-01 1.483e+05
1.245e-01 1.462e+05
2.793e-01 1.381e+05
9.810e-06 1.853e+04
1.184e-01 1.495e+05
1.667e-06 1.542e+04
1.475e-01 1.443e+05
1.769e-01 1.446e+05
1.384e-01 1.460e+05
1.583e-01 1.449e+05
1.962e-01 1.360e+05
1.445e-01 1.475e+05
1.645e-01 1.460e+05
1.510e-01 1.347e+05
1.419e-01 1.416e+05
2.684e-06 6.860e+03
1.811e-01 1.453e+05
1.246e-01 1.492e+05
2.463e-01 1.393e+05
2.009e-01 1.409e+05
1.631e-01 1.431e+05
2.102e-01 1.396e+05
1.657e-01 1.432e+05
1.823e-01 1.377e+05
2.017e-01 1.369e+05
1.427e-01 1.338e+05
1.557e-01 1.446e+05
7.883e-06 4.385e+04
1.716e-01 1.459e+05
2.630e-01 1.406e+05
5.731e-01 1.010e+05
3.598e-06 3.205e+04
1.764e-01 1.437e+05
1.171e-01 1.491e+05
2.062e-01 1.443e+05
1.459e-01 1.465e+05
7.905e-02 1.061e+05
1.604e-01 1.440e+05
1.958e-01 1.395e+05
1.152e-01 1.475e+05
1.690e-01 1.441e+05
2.045e-01 1.433e+05
1.664e-01 1.422e+05
1.894e-01 1.419e+05
2.202e-01 1.379e+05
1.517e-01 1.466e+05
1.665e-01 1.441e+05
3.426e-01 1.330e+05
1.508e-01 1.436e+05
1.579e-01 1.475e+05
1.633e-01 1.468e+05
2.826e-01 1.375e+05
1.360e-01 1.498e+05
1.461e-01 1.492e+05
7.431e-07 5.304e+04
4.670e-06 9.704e+03
3.926e-01 1.344e+05
3.428e-01 1.367e+05
1.474e-01 1.459e+05
1.690e-01 1.444e+05
1.320e-01 1.477e+05
3.818e-01 1.065e+05
1.396e-01 1.437e+05
1.411e-01 1.489e+05
3.565e-01 1.361e+05
4.927e-01 1.054e+05
1.690e-01 1.397e+05
1.626e-01 1.427e+05
1.248e-01 1.500e+05
1.518e-01 1.476e+05
1.621e-01 1.450e+05
1.378e-01 1.476e+05
1.708e-01 1.429e+05
1.527e-01 1.463e+05
2.209e-01 1.421e+05
2.271e-01 1.423e+05
1.538e-01 1.478e+05
1.942e-01 1.399e+05
1.206e-01 1.504e+05
1.384e-01 1.502e+05
1.789e-05 2.412e+04
1.433e-01 1.455e+05
2.180e-01 1.386e+05
1.148e-01 1.482e+05
2.982e-06 2.821e+03
1.360e-01 1.371e+05
1.602e-01 1.425e+05
1.215e-01 1.440e+05
1.387e-01 1.486e+05
1.694e-01 1.474e+05
1.123e-01 1.518e+05
1.313e-01 1.468e+05
1.245e-01 1.483e+05
1.972e-01 1.431e+05
1.602e-01 1.432e+05
1.192e-06 4.626e+03
1.934e-01 1.408e+05
5.303e-01 1.261e+05
1.612e-01 1.442e+05
2.676e-01 1.396e+05
5.925e-01 1.034e+05
2.049e-01 1.412e+05
3.633e-01 1.366e+05
1.641e-01 1.481e+05
1.413e-01 1.438e+05
1.255e-01 1.482e+05
2.044e-01 1.409e+05
1.533e-01 1.477e+05
2.182e-01 1.442e+05
2.439e-01 1.405e+05
2.261e-01 1.398e+05
1.510e-01 1.442e+05
1.501e-01 1.454e+05
1.411e-01 1.486e+05
1.271e-01 1.480e+05
4.178e-01 1.333e+05
3.468e-01 1.035e+05
1.386e-01 1.454e+05
1.454e-01 1.443e+05
1.497e-01 1.425e+05
1.269e-01 1.509e+05
1.216e-01 1.438e+05
3.324e-06 1.595e+04
1.330e-01 1.473e+05
1.340e-01 1.455e+05
1.393e-01 1.489e+05
1.257e-01 1.507e+05
1.930e-01 1.410e+05
3.154e-01 1.351e+05
1.398e-01 1.463e+05
1.204e-01 1.476e+05
2.634e-01 1.348e+05
1.739e-01 1.398e+05
3.542e-01 1.088e+05
1.740e-01 1.407e+05
5.008e-01 1.235e+05
1.999e-01 1.449e+05
1.538e-01 1.485e+05
2.478e-01 1.405e+05
1.337e-01 1.508e+05
1.477e-01 1.356e+05
2.481e-01 1.298e+05
1.127e-05 1.110e+04
1.057e-05 1.393e+04
1.242e-01 1.488e+05
1.594e-01 1.429e+05
1.189e-01 1.458e+05
1.613e-01 1.467e+05
1.271e-01 1.404e+05
5.266e-01 1.324e+05
1.415e-01 1.463e+05
1.656e-01 1.433e+05
2.510e-01 1.391e+05
1.463e-01 1.450e+05
3.131e-01 1.345e+05
1.760e-01 1.435e+05
1.456e-01 1.443e+05
1.217e-01 1.484e+05
2.337e-01 1.382e+05
5.924e-01 1.309e+05
2.532e-01 1.391e+05
1.951e-01 1.393e+05
1.545e-01 1.470e+05
1.577e-01 1.445e+05
1.464e-01 1.442e+05
1.302e-01 1.455e+05
1.428e-01 1.478e+05
1.689e-01 1.416e+05
1.788e-01 1.431e+05
1.485e-01 1.496e+05
1.565e-01 1.461e+05
3.411e-01 1.103e+05
3.828e-01 1.364e+05
1.561e-01 1.437e+05
5.474e-06 2.090e+04
1.595e-01 1.435e+05
1.415e-01 1.481e+05
3.154e-01 1.340e+05
1.493e-01 1.360e+05
2.858e-01 1.337e+05
7.226e-06 1.963e+04
1.165e-01 1.500e+05
2.114e-01 1.366e+05
3.404e-05 1.036e+04
1.552e-01 1.458e+05
1.456e-01 1.447e+05
1.782e-01 1.415e+05
1.127e-01 1.494e+05
1.865e-01 1.440e+05
1.530e-01 1.489e+05
1.412e-01 1.451e+05
1.414e-01 1.464e+05
2.702e-01 1.347e+05
3.605e-01 1.370e+05
1.891e-01 1.413e+05
1.806e-01 1.430e+05
2.092e-01 1.438e+05
1.313e-01 1.482e+05
1.622e-01 1.445e+05
7.451e-06 5.776e+03
2.307e-01 1.345e+05
1.477e-01 1.462e+05
1.408e-01 1.438e+05
1.729e-01 1.437e+05
1.206e-01 1.478e+05
1.644e-01 1.430e+05
1.333e-01 1.478e+05
1.609e-01 1.456e+05
1.965e-07 2.502e+04
2.516e-01 1.380e+05
1.631e-01 1.466e+05
1.331e-01 1.456e+05
4.271e-01 1.324e+05
1.497e-01 1.451e+05
1.321e-01 1.462e+05
1.154e-01 1.501e+05
1.193e-01 1.491e+05
1.676e-01 1.437e+05
1.341e-01 1.477e+05
1.733e-01 1.444e+05
4.867e-01 1.330e+05
1.406e-01 1.458e+05
2.473e-01 1.365e+05
1.337e-01 1.489e+05
1.305e-01 1.471e+05
1.253e-01 1.475e+05
1.715e-01 1.012e+05
5.226e-01 1.329e+05
1.624e-01 1.467e+05
1.653e-01 1.441e+05
1.211e-01 1.522e+05
2.826e-01 1.381e+05
2.131e-01 1.385e+05
1.318e-01 1.483e+05
3.048e-01 1.349e+05
1.565e-01 1.440e+05
1.257e-01 1.471e+05
1.572e-01 1.442e+05
5.225e-06 2.107e+04
1.290e-01 1.462e+05
1.531e-01 1.460e+05
1.670e-01 1.438e+05
1.316e-01 1.459e+05
2.880e-01 1.299e+05
1.914e-01 1.370e+05
1.803e-01 1.380e+05
1.305e-01 1.429e+05
2.255e-01 1.310e+05
2.551e-01 1.361e+05
1.783e-01 1.417e+05
1.456e-01 1.410e+05
2.133e-01 1.357e+05
1.631e-01 1.466e+05
1.658e-01 1.376e+05
5.173e-01 1.325e+05
1.185e-01 1.501e+05
1.275e-05 2.186e+04
1.668e-01 1.469e+05
2.078e-01 1.394e+05
2.242e-01 1.410e+05
1.411e-01 1.477e+05
1.573e-01 1.451e+05
1.390e-01 1.468e+05
3.799e-01 1.330e+05
1.331e-01 1.460e+05
1.458e-01 1.463e+05
1.263e-01 1.482e+05
2.093e-01 1.402e+05
1.779e-01 1.424e+05
1.661e-01 1.399e+05
2.455e-01 1.413e+05
2.209e-01 1.408e+05
1.995e-01 1.404e+05
1.239e-01 1.059e+05
1.954e-06 1.289e+04
1.445e-01 1.442e+05
2.010e-01 1.405e+05
3.153e-01 1.398e+05
1.293e-01 1.505e+05
1.502e-01 1.480e+05
3.108e-01 1.382e+05
6.703e-07 2.649e+02
1.743e-01 1.440e+05
1.352e-01 1.484e+05
3.805e-01 1.335e+05
1.748e-01 1.434e+05
8.936e-06 1.030e+04
2.497e-01 1.364e+05
4.827e-01 1.089e+05
2.145e-01 1.363e+05
1.510e-01 1.468e+05
5.447e-06 5.879e+03
1.590e-01 1.461e+05
1.351e-01 1.490e+05
1.174e-01 1.515e+05
1.885e-01 1.409e+05
5.583e-01 1.016e+05
1.533e-01 1.455e+05
1.219e-01 1.476e+05
1.222e-01 1.515e+05
1.316e-01 1.472e+05
2.263e-01 1.374e+05
1.370e-01 1.493e+05
2.377e-01 1.383e+05
2.961e-01 1.336e+05
3.498e-01 1.329e+05
1.629e-01 1.453e+05
1.458e-01 1.455e+05
1.414e-01 1.477e+05
1.461e-01 1.464e+05
3.223e-07 3.664e+04
1.460e-01 1.462e+05
1.404e-01 1.456e+05
1.516e-01 1.463e+05
5.351e-01 1.339e+05
1.275e-01 1.471e+05
3.478e-01 1.325e+05
2.642e-01 1.362e+05
1.454e-01 1.445e+05
1.262e-01 1.487e+05
4.961e-01 8.715e+04
1.635e-06 2.361e+03
1.989e-01 1.434e+05
2.700e-01 1.293e+05
1.290e-01 1.505e+05
1.324e-01 1.479e+05
2.988e-01 1.363e+05
2.216e-01 1.373e+05
2.137e-01 1.435e+05
3.288e-01 1.342e+05
3.759e-01 1.365e+05
1.432e-01 1.498e+05
1.441e-01 1.460e+05
1.263e-01 1.487e+05
1.556e-01 1.492e+05
7.880e-07 1.301e+04
1.313e-01 1.491e+05
1.510e-01 1.472e+05
1.206e-01 1.488e+05
1.414e-01 1.467e+05
1.310e-01 1.503e+05
2.782e-01 1.362e+05
2.566e-01 1.399e+05
1.247e-01 1.505e+05
1.281e-01 1.437e+05
1.394e-01 1.456e+05
1.419e-01 1.469e+05
1.760e-01 1.434e+05
1.777e-01 1.335e+05
1.281e-01 1.459e+05
1.661e-01 1.443e+05
1.840e-01 1.381e+05
1.599e-01 1.428e+05
1.855e-01 1.443e+05
2.056e-01 1.381e+05
1.302e-01 1.483e+05
4.879e-01 1.045e+05
1.423e-01 1.497e+05
1.720e-01 1.423e+05
1.349e-01 1.470e+05
1.481e-01 1.480e+05
1.334e-01 1.457e+05
1.820e-01 1.431e+05
2.412e-01 1.372e+05
1.823e-01 1.422e+05
1.155e-01 1.496e+05
1.258e-01 1.491e+05
1.542e-01 1.455e+05
4.396e-01 1.309e+05
3.075e-01 1.389e+05
4.631e-01 1.116e+05
1.178e-01 1.494e+05
1.724e-01 1.405e+05
1.416e-01 1.502e+05
4.295e-01 1.026e+05
1.368e-01 1.456e+05
4.392e-01 1.346e+05
1.625e-01 1.441e+05
1.745e-01 1.442e+05
1.737e-01 1.452e+05
1.299e-01 1.456e+05
1.531e-01 1.437e+05
1.692e-01 1.410e+05
1.397e-01 1.469e+05
2.691e-01 1.362e+05
1.303e-01 1.475e+05
1.493e-01 1.476e+05
1.522e-01 1.476e+05
1.485e-01 1.454e+05
1.348e-01 1.451e+05
1.859e-01 1.344e+05
1.832e-01 1.451e+05
1.410e-01 1.440e+05
1.686e-01 1.426e+05
1.406e-01 1.445e+05
1.951e-01 1.084e+05
1.695e-01 1.449e+05
1.732e-01 1.463e+05
1.562e-01 1.470e+05
1.227e-01 1.512e+05
1.337e-01 1.177e+05
1.463e-01 1.417e+05
2.040e-01 1.417e+05
2.969e-07 2.486e+04
1.651e-01 1.410e+05
1.358e-01 1.503e+05
2.831e-01 1.360e+05
1.248e-01 1.494e+05
3.079e-01 1.344e+05
1.793e-01 1.416e+05
1.516e-01 1.456e+05
1.153e-01 1.529e+05
1.531e-01 1.400e+05
1.565e-01 1.425e+05
1.489e-01 1.462e+05
2.541e-01 1.333e+05
4.617e-06 3.242e+04
5.806e-01 9.704e+04
2.043e-01 1.387e+05
1.340e-01 1.501e+05
1.527e-01 1.469e+05
1.526e-01 1.460e+05
1.426e-01 1.465e+05
1.622e-01 1.440e+05
1.120e-01 1.528e+05
1.903e-01 1.436e+05
2.130e-01 1.364e+05
8.355e-07 3.588e+03
1.231e-01 1.528e+05
1.443e-01 1.502e+05
1.240e-01 1.489e+05
1.575e-01 1.395e+05
1.414e-01 1.464e+05
3.167e-01 1.340e+05
1.333e-01 1.494e+05
1.403e-01 1.427e+05
4.819e-01 1.180e+05
1.423e-01 1.461e+05
2.832e-01 1.357e+05
5.386e-06 2.882e+04
1.864e-01 1.440e+05
1.604e-01 1.430e+05
3.032e-01 1.375e+05
1.955e-01 1.423e+05
2.891e-01 1.386e+05
3.889e-01 1.330e+05
1.236e-01 1.439e+05
2.165e-01 1.386e+05
1.337e-01 1.506e+05
1.119e-01 1.499e+05
1.571e-06 4.526e+03
1.303e-01 1.488e+05
5.418e-06 1.272e+04
1.705e-01 1.164e+05
1.664e-01 1.427e+05
1.517e-01 1.448e+05
1.669e-01 1.462e+05
1.816e-01 1.457e+05
2.151e-01 1.400e+05
1.385e-01 1.464e+05
1.386e-01 1.459e+05
3.281e-01 1.344e+05
1.723e-01 1.458e+05
2.613e-06 3.346e+04
1.683e-01 1.464e+05
1.545e-01 1.486e+05
2.135e-01 1.376e+05
6.885e-06 1.057e+04
2.543e-07 2.293e+04
1.646e-01 1.420e+05
1.917e-01 1.420e+05
2.669e-01 1.171e+05
1.040e-05 2.163e+04
1.755e-01 1.425e+05
1.426e-01 1.450e+05
1.688e-01 1.460e+05
7.047e-06 1.294e+04
1.498e-01 1.445e+05
1.578e-01 1.430e+05
1.477e-01 1.472e+05
1.730e-01 1.464e+05
3.127e-01 1.364e+05
2.557e-01 1.402e+05
1.488e-01 1.464e+05
2.190e-01 1.394e+05
1.445e-01 1.444e+05
1.934e-01 1.390e+05
1.298e-01 1.434e+05
2.324e-01 1.386e+05
1.945e-01 1.387e+05
1.341e-01 1.482e+05
2.240e-01 1.368e+05
2.126e-01 1.352e+05
1.479e-01 1.394e+05
4.287e-01 1.127e+05
3.043e-06 6.297e+03
1.448e-01 1.473e+05
1.264e-01 1.498e+05
1.631e-01 1.426e+05
1.273e-01 1.440e+05
1.899e-01 1.402e+05
1.647e-01 1.452e+05
1.396e-01 1.508e+05
1.762e-01 1.460e+05
3.001e-01 9.882e+04
1.418e-01 1.447e+05
5.281e-01 9.858e+04
1.290e-01 1.464e+05
2.050e-06 2.930e+03
1.248e-01 1.135e+05
1.275e-01 1.482e+05
1.851e-01 1.421e+05
2.661e-01 1.395e+05
5.617e-06 2.795e+03
1.902e-01 1.399e+05
1.945e-01 1.348e+05
1.171e-01 1.508e+05
1.803e-01 1.458e+05
1.493e-01 1.440e+05
1.194e-01 1.482e+05
1.463e-01 1.435e+05
2.132e-01 1.329e+05
5.091e-07 2.897e+04
5.394e-01 1.006e+05
2.760e-06 4.202e+04
1.767e-01 1.462e+05
1.646e-01 1.397e+05
1.963e-01 1.381e+05
2.111e-01 1.415e+05
1.456e-01 1.500e+05
2.293e-01 1.415e+05
1.275e-01 1.476e+05
3.784e-06 1.579e+04
1.633e-01 1.467e+05
1.243e-01 1.482e+05
1.217e-01 1.483e+05
2.347e-01 1.410e+05
1.994e-01 1.348e+05
1.983e-01 1.403e+05
1.162e-01 1.471e+05
3.660e-07 2.593e+03
1.800e-01 1.438e+05
1.214e-01 1.497e+05
4.529e-01 1.235e+05
4.744e-06 1.115e+04
2.558e-01 1.354e+05
1.697e-01 1.316e+05
1.317e-01 1.497e+05
1.802e-06 3.344e+04
1.342e-01 1.505e+05
2.109e-01 1.383e+05
1.276e-01 1.472e+05
1.436e-01 1.468e+05
1.518e-01 1.443e+05
1.517e-01 1.475e+05
2.398e-01 1.377e+05
2.523e-01 1.360e+05
1.649e-01 1.452e+05
1.205e-01 1.501e+05
2.025e-01 1.402e+05
2.106e-01 1.431e+05
1.225e-01 1.475e+05
1.520e-01 1.451e+05
1.611e-01 1.433e+05
1.891e-01 1.421e+05
2.230e-01 1.415e+05
1.438e-01 1.445e+05
2.180e-01 1.382e+05
4.683e-01 1.085e+05
1.884e-01 1.414e+05
2.126e-01 1.345e+05
1.306e-01 1.476e+05
2.436e-01 1.413e+05
1.175e-01 1.516e+05
1.355e-01 1.470e+05
2.985e-01 1.373e+05
1.672e-01 1.464e+05
4.362e-01 1.318e+05
1.994e-01 1.376e+05
2.508e-01 1.407e+05
3.846e-01 1.343e+05
1.335e-01 1.505e+05
1.013e-05 2.754e+04
1.332e-01 1.484e+05
1.570e-01 1.447e+05
2.140e-01 1.366e+05
1.258e-01 1.489e+05
9.123e-07 3.122e+04
1.365e-01 1.415e+05
2.535e-01 1.342e+05
1.710e-01 1.412e+05
1.568e-01 1.444e+05
1.300e-01 1.492e+05
1.815e-01 1.399e+05
1.435e-01 1.442e+05
1.665e-01 1.441e+05
1.729e-01 1.449e+05
1.160e-01 1.493e+05
5.823e-01 1.324e+05
2.978e-01 1.313e+05
1.721e-01 1.417e+05
1.352e-01 1.473e+05
2.202e-01 1.395e+05
1.655e-01 1.420e+05
1.386e-01 1.475e+05
1.863e-01 1.409e+05
1.574e-01 1.457e+05
1.185e-01 1.509e+05
1.384e-01 1.480e+05
3.228e-01 1.331e+05
1.525e-01 1.453e+05
1.219e-01 1.479e+05
1.742e-01 1.476e+05
1.373e-01 1.429e+05
3.006e-01 1.384e+05
2.531e-06 2.489e+04
2.727e-01 1.374e+05
2.004e-01 1.387e+05
1.552e-01 1.445e+05
1.526e-01 1.467e+05
1.519e-01 1.445e+05
1.216e-01 1.496e+05
1.262e-01 1.484e+05
1.722e-01 1.357e+05
1.823e-01 1.442e+05
1.521e-01 1.413e+05
1.346e-01 1.496e+05
2.392e-06 8.844e+03
1.554e-01 1.456e+05
2.481e-01 1.377e+05
2.042e-01 1.410e+05
1.639e-01 1.423e+05
1.327e-05 2.717e+04
1.482e-01 1.460e+05
3.561e-01 9.794e+04
1.578e-01 1.442e+05
1.539e-01 1.453e+05
1.722e-01 1.420e+05
2.278e-01 1.359e+05
1.508e-01 1.455e+05
1.426e-01 1.467e+05
8.610e-07 1.160e+04
2.260e-01 1.391e+05
1.149e-01 1.506e+05
1.732e-01 1.444e+05
1.886e-01 1.441e+05
1.403e-01 1.459e+05
1.614e-01 1.444e+05
1.453e-01 1.472e+05
1.409e-01 1.466e+05
1.385e-01 1.484e+05
1.176e-01 1.502e+05
2.015e-01 1.398e+05
8.009e-06 5.073e+04
1.612e-01 1.457e+05
1.622e-01 1.411e+05
1.418e-01 1.495e+05
1.170e-01 1.509e+05
2.824e-01 1.342e+05
1.361e-01 1.465e+05
3.403e-01 1.316e+05
1.467e-01 1.438e+05
1.887e-01 1.394e+05
1.741e-01 1.416e+05
2.148e-01 1.365e+05
1.707e-01 1.447e+05
4.948e-07 8.884e+03
1.559e-01 1.458e+05
5.341e-07 5.136e+04
1.283e-01 1.486e+05
1.445e-01 1.491e+05
3.727e-01 1.374e+05
2.205e-01 1.343e+05
4.658e-01 1.330e+05
1.673e-01 1.422e+05
2.294e-01 1.347e+05
1.225e-05 6.592e+04
8.332e-09 4.506e+03
1.593e-01 1.428e+05
1.437e-01 1.483e+05
1.751e-01 1.424e+05
1.410e-01 1.474e+05
3.705e-01 1.345e+05
9.631e-07 2.684e+04
1.614e-01 1.447e+05
3.624e-01 1.322e+05
1.521e-01 1.485e+05
2.199e-01 1.413e+05
2.702e-01 1.373e+05
1.255e-01 1.483e+05
1.941e-01 1.368e+05
1.401e-01 1.464e+05
2.498e-01 1.395e+05
5.087e-06 2.340e+04
2.725e-01 1.360e+05
1.702e-01 1.431e+05
1.504e-01 1.469e+05
1.686e-01 1.458e+05
2.842e-01 1.351e+05
4.330e-01 8.330e+04
1.515e-01 1.456e+05
1.929e-01 9.929e+04
1.802e-01 1.426e+05
1.146e-01 1.507e+05
1.875e-01 1.452e+05
1.799e-01 1.429e+05
1.652e-01 1.444e+05
2.435e-01 1.416e+05
1.225e-01 1.486e+05
1.789e-01 1.370e+05
1.580e-01 1.391e+05
1.486e-01 1.471e+05
2.395e-01 1.389e+05
1.643e-01 1.436e+05
3.304e-01 1.336e+05
4.772e-01 9.926e+04
1.531e-06 3.357e+04
1.241e-01 1.495e+05
2.091e-01 1.402e+05
1.311e-01 1.458e+05
2.610e-01 1.296e+05
2.099e-01 1.402e+05
1.492e-01 1.452e+05
1.520e-01 1.440e+05
5.024e-06 1.137e+04
1.315e-06 1.094e+04
1.270e-01 1.472e+05
2.125e-01 1.381e+05
1.292e-01 1.490e+05
4.092e-01 1.345e+05
1.419e-01 1.449e+05
2.044e-01 1.391e+05
2.456e-01 1.379e+05
2.395e-01 1.366e+05
1.238e-01 1.474e+05
1.259e-01 1.506e+05
1.320e-01 1.501e+05
2.582e-06 1.438e+04
1.298e-01 1.452e+05
1.286e-01 1.474e+05
4.088e-01 1.340e+05
1.701e-01 1.423e+05
1.777e-01 1.371e+05
1.450e-01 1.469e+05
1.382e-01 1.460e+05
3.151e-01 1.319e+05
1.440e-01 1.451e+05
1.376e-01 1.468e+05
1.606e-01 1.428e+05
2.175e-01 1.408e+05
1.496e-01 1.462e+05
1.141e-01 1.486e+05
2.596e-01 1.379e+05
2.075e-01 1.449e+05
1.645e-01 1.473e+05
1.797e-01 1.368e+05
3.839e-01 1.327e+05
1.683e-01 1.363e+05
3.128e-01 1.236e+05
1.532e-01 1.456e+05
1.644e-01 1.467e+05
1.285e-01 1.505e+05
1.480e-01 1.443e+05
1.507e-01 1.441e+05
1.147e-01 1.496e+05
1.430e-01 1.443e+05
1.682e-01 1.472e+05
1.154e-01 1.504e+05
2.058e-01 1.387e+05
1.905e-01 1.413e+05
1.383e-01 1.482e+05
4.011e-01 8.704e+04
2.811e-06 9.112e+03
1.529e-01 1.444e+05
1.584e-01 1.444e+05
1.614e-01 1.426e+05
1.328e-01 1.478e+05
2.423e-01 1.380e+05
1.456e-01 1.445e+05
1.732e-01 1.419e+05
2.152e-01 1.432e+05
1.878e-01 1.410e+05
2.130e-01 1.442e+05
1.554e-01 1.459e+05
1.194e-01 1.483e+05
1.216e-01 1.520e+05
1.376e-01 1.091e+05
2.160e-01 1.105e+05
1.332e-01 1.469e+05
1.646e-01 1.463e+05
1.588e-01 1.438e+05
1.678e-01 1.418e+05
2.649e-01 1.336e+05
1.349e-01 1.499e+05
2.254e-01 1.033e+05
1.245e-01 1.519e+05
3.206e-01 1.356e+05
2.312e-01 1.381e+05
1.138e-01 1.497e+05
1.667e-01 1.441e+05
2.611e-01 1.395e+05
1.469e-01 1.435e+05
1.578e-01 1.479e+05
1.614e-01 1.441e+05
2.903e-01 1.354e+05
3.905e-01 1.308e+05
3.121e-01 1.349e+05
1.467e-01 1.473e+05
1.246e-05 2.355e+04
4.351e-06 6.171e+03
5.371e-06 3.932e+04
1.265e-01 1.515e+05
1.708e-01 1.453e+05
1.547e-01 1.475e+05
3.914e-01 1.132e+05
1.597e-01 1.434e+05
1.395e-01 1.437e+05
1.632e-01 1.421e+05
1.279e-01 1.513e+05
1.199e-01 1.480e+05
1.500e-01 1.463e+05
4.633e-06 1.196e+04
6.157e-06 3.611e+04
1.862e-01 1.412e+05
8.164e-06 2.832e+04
2.681e-01 1.405e+05
1.345e-01 1.514e+05
1.602e-01 1.456e+05
3.363e-06 1.179e+04
1.238e-01 1.189e+05
1.551e-01 1.488e+05
1.428e-01 1.418e+05
1.600e-01 1.461e+05
1.277e-01 1.463e+05
1.183e-01 1.510e+05
2.221e-06 1.205e+04
1.577e-01 1.451e+05
1.639e-01 1.451e+05
1.785e-01 1.464e+05
1.137e-01 1.536e+05
2.044e-01 1.376e+05
1.317e-01 1.502e+05
5.569e-06 5.119e+04
1.527e-01 1.457e+05
1.399e-01 1.470e+05
1.149e-01 1.511e+05
1.514e-01 1.441e+05
1.628e-01 1.450e+05
4.775e-01 1.343e+05
1.338e-01 1.466e+05
1.435e-01 1.458e+05
4.408e-01 1.094e+05
1.512e-01 1.459e+05
3.009e-01 1.385e+05
1.503e-01 1.442e+05
1.739e-01 1.457e+05
1.426e-01 1.477e+05
1.571e-01 1.470e+05
1.183e-01 1.522e+05
1.446e-01 1.404e+05
1.501e-01 1.461e+05
1.491e-01 1.460e+05
1.575e-01 1.462e+05
1.156e-01 1.532e+05
1.834e-01 1.446e+05
1.576e-01 1.458e+05
1.757e-01 1.467e+05
1.323e-01 1.492e+05
1.337e-01 1.489e+05
4.106e-06 3.799e+04
1.653e-01 1.449e+05
1.442e-01 1.485e+05
1.540e-01 1.462e+05
1.127e-01 1.511e+05
1.386e-01 1.460e+05
1.878e-01 1.434e+05
3.168e-01 1.108e+05
1.464e-01 1.459e+05
1.606e-01 1.453e+05
1.235e-01 1.474e+05
1.253e-01 1.488e+05
1.475e-01 1.465e+05
1.645e-01 1.391e+05
1.280e-01 1.476e+05
1.520e-01 1.453e+05
3.456e-01 1.336e+05
3.193e-01 1.372e+05
2.877e-01 1.414e+05
1.464e-01 1.446e+05
1.574e-01 1.431e+05
1.340e-01 1.476e+05
4.299e-01 1.113e+05
4.167e-01 1.259e+05
1.560e-01 1.450e+05
1.623e-01 1.389e+05
2.323e-06 1.791e+04
3.013e-05 5.802e+04
2.047e-01 1.430e+05
1.632e-05 6.277e+03
1.550e-01 1.429e+05
3.351e-01 8.396e+04
2.447e-01 1.414e+05
2.013e-01 1.265e+05
1.561e-01 1.458e+05
1.439e-01 1.474e+05
1.550e-01 1.464e+05
1.354e-01 1.513e+05
9.974e-06 2.166e+04
1.379e-01 1.503e+05
1.141e-01 1.484e+05
1.588e-01 1.438e+05
3.292e-01 1.379e+05
1.865e-01 1.414e+05
1.655e-01 1.439e+05
1.601e-01 1.421e+05
1.508e-08 1.834e+04
1.552e-01 1.451e+05
1.834e-01 1.068e+05
5.640e-06 9.270e+03
1.445e-01 1.467e+05
4.915e-01 1.310e+05
5.082e-01 1.344e+05
2.413e-01 1.359e+05
1.577e-01 1.449e+05
1.430e-01 1.468e+05
1.447e-01 1.464e+05
1.529e-01 1.464e+05
1.508e-01 1.453e+05
1.693e-01 1.469e+05
2.398e-01 1.431e+05
1.661e-01 1.455e+05
4.243e-01 1.322e+05
1.458e-06 3.240e+04
1.773e-01 1.455e+05
1.208e-01 1.488e+05
1.577e-01 1.487e+05
2.565e-01 1.086e+05
1.728e-01 1.425e+05
2.132e-01 1.390e+05
2.084e-01 1.415e+05
1.423e-01 1.401e+05
9.452e-06 2.943e+04
3.433e-06 5.554e+04
8.883e-06 2.800e+03
2.030e-01 1.421e+05
2.255e-05 3.223e+04
1.592e-01 1.376e+05
1.607e-01 1.433e+05
1.790e-01 1.441e+05
1.646e-01 1.421e+05
1.447e-01 1.463e+05
1.773e-01 1.457e+05
1.163e-01 1.492e+05
2.499e-01 1.406e+05
1.550e-01 1.459e+05
1.235e-01 1.496e+05
1.613e-01 1.444e+05
2.339e-05 8.606e+03
1.864e-01 1.388e+05
1.480e-01 1.457e+05
2.134e-01 1.409e+05
1.581e-01 1.443e+05
1.426e-01 1.483e+05
1.262e-01 1.470e+05
1.882e-01 1.412e+05
2.797e-01 1.402e+05
1.236e-01 1.467e+05
1.371e-01 1.497e+05
1.164e-01 1.488e+05
1.416e-01 1.426e+05
1.642e-01 1.448e+05
1.178e-01 1.533e+05
1.535e-01 1.472e+05
3.011e-01 1.363e+05
2.100e-01 1.438e+05
3.158e-01 1.331e+05
1.288e-05 1.335e+03
1.670e-01 1.447e+05
3.708e-01 1.086e+05
1.385e-01 1.480e+05
1.557e-05 1.023e+04
2.188e-01 1.444e+05
1.159e-01 1.509e+05
1.343e-01 1.413e+05
1.283e-01 1.498e+05
1.473e-01 1.429e+05
1.249e-01 1.464e+05
4.340e-06 1.630e+04
1.359e-01 1.471e+05
1.479e-01 1.486e+05
1.545e-06 1.615e+04
2.523e-06 1.083e+04
1.546e-01 1.430e+05
2.455e-01 1.416e+05
1.479e-01 1.414e+05
1.709e-01 1.435e+05
1.878e-01 1.416e+05
1.555e-01 1.469e+05
1.549e-01 1.457e+05
1.478e-01 1.455e+05
3.381e-01 1.373e+05
1.194e-01 1.520e+05
1.506e-01 1.462e+05
1.540e-01 1.393e+05
1.587e-01 1.429e+05
1.793e-01 1.381e+05
1.197e-01 1.524e+05
1.510e-01 1.475e+05
1.562e-01 1.437e+05
1.154e-01 1.498e+05
1.261e-01 1.485e+05
1.895e-01 1.413e+05
2.695e-01 1.256e+05
7.833e-06 3.043e+04
1.359e-01 1.403e+05
1.459e-01 1.459e+05
1.139e-01 1.520e+05
3.330e-01 1.354e+05
1.443e-01 1.418e+05
1.306e-01 1.440e+05
1.300e-01 1.463e+05
4.267e-01 1.340e+05
1.732e-01 1.412e+05
1.728e-01 1.416e+05
1.168e-01 1.490e+05
1.387e-01 1.458e+05
1.644e-01 1.456e+05
1.266e-01 1.471e+05
1.475e-01 1.474e+05
1.527e-01 1.386e+05
1.326e-01 1.457e+05
1.751e-01 1.434e+05
1.252e-01 1.470e+05
1.213e-01 1.523e+05
1.451e-01 1.440e+05
1.672e-01 1.421e+05
3.042e-06 4.937e+03
1.483e-01 1.461e+05
1.409e-01 1.467e+05
1.776e-01 1.415e+05
1.397e-01 1.467e+05
1.703e-01 1.458e+05
1.306e-01 1.482e+05
1.979e-06 2.709e+04
1.521e-01 1.420e+05
1.674e-01 1.413e+05
1.571e-01 1.424e+05
1.259e-01 1.475e+05
2.795e-01 9.266e+04
1.833e-01 1.349e+05
1.714e-01 1.463e+05
3.111e-01 1.341e+05
2.090e-01 1.434e+05
1.605e-01 1.434e+05
2.548e-01 1.379e+05
1.471e-01 1.459e+05
2.376e-01 1.365e+05
1.924e-01 1.381e+05
1.672e-01 1.476e+05
1.268e-01 1.485e+05
1.222e-01 1.489e+05
4.834e-01 1.325e+05
1.172e-01 1.485e+05
1.566e-01 1.459e+05
1.315e-01 1.445e+05
2.152e-01 1.443e+05
1.594e-01 1.403e+05
1.421e-01 1.456e+05
1.492e-01 1.472e+05
5.377e-06 2.500e+03
1.282e-01 1.465e+05
1.792e-01 1.416e+05
2.741e-01 1.377e+05
1.462e-01 1.496e+05
1.676e-01 1.445e+05
1.379e-01 1.451e+05
1.290e-01 1.460e+05
1.739e-01 1.426e+05
3.152e-07 2.074e+04
1.455e-01 1.453e+05
3.128e-01 1.375e+05
1.160e-01 1.501e+05
1.626e-01 1.422e+05
1.519e-01 1.438e+05
1.374e-01 1.435e+05
1.655e-01 1.444e+05
1.237e-01 1.470e+05
1.598e-01 1.466e+05
1.683e-01 1.434e+05
1.114e-01 1.539e+05
7.567e-07 1.155e+04
2.358e-01 1.372e+05
2.381e-06 2.013e+04
1.224e-01 1.445e+05
1.302e-01 1.464e+05
3.369e-07 2.061e+04
1.927e-01 1.408e+05
1.909e-01 1.438e+05
1.532e-01 1.459e+05
1.149e-01 1.513e+05
3.043e-01 1.341e+05
2.471e-01 1.353e+05
1.851e-06 1.425e+04
1.484e-01 1.460e+05
1.418e-01 1.492e+05
2.229e-01 1.335e+05
1.491e-01 1.450e+05
1.543e-01 1.487e+05
4.608e-06 1.104e+04
1.715e-01 1.420e+05
1.396e-01 1.434e+05
1.577e-01 1.446e+05
4.277e-01 1.344e+05
1.843e-01 1.451e+05
2.039e-01 1.385e+05
2.249e-01 1.420e+05
1.457e-01 1.455e+05
3.482e-01 1.364e+05
1.459e-01 1.396e+05
2.218e-01 1.107e+05
1.354e-01 1.446e+05
2.310e-01 1.433e+05
1.190e-01 1.488e+05
1.855e-01 1.429e+05
1.262e-01 1.509e+05
1.988e-01 1.437e+05
1.247e-01 1.466e+05
3.949e-06 3.990e+04
1.259e-01 1.115e+05
1.159e-06 2.377e+04
5.967e-07 6.828e+03
1.758e-01 1.440e+05
1.238e-01 1.514e+05
1.633e-01 1.462e+05
2.648e-01 1.340e+05
2.557e-01 1.380e+05
4.220e-01 1.374e+05
1.728e-01 1.433e+05
8.008e-06 7.147e+03
1.345e-01 1.471e+05
1.512e-01 1.465e+05
1.192e-01 1.492e+05
1.579e-01 1.446e+05
1.331e-01 1.499e+05
1.745e-01 1.437e+05
1.164e-01 1.492e+05
1.329e-01 1.512e+05
2.839e-01 1.342e+05
1.885e-01 1.163e+05
1.385e-01 1.500e+05
1.559e-01 1.451e+05
1.535e-01 1.411e+05
1.535e-01 1.465e+05
1.769e-01 1.341e+05
1.459e-01 1.448e+05
1.953e-01 1.347e+05
1.551e-01 1.452e+05
3.349e-01 8.775e+04
1.284e-01 1.518e+05
1.214e-01 1.484e+05
1.174e-01 1.527e+05
1.808e-01 1.453e+05
2.127e-01 1.429e+05
1.769e-01 1.453e+05
1.372e-01 1.504e+05
2.907e-01 1.367e+05
1.572e-01 1.489e+05
1.326e-01 1.472e+05
1.446e-01 1.492e+05
1.298e-01 1.513e+05
1.617e-01 1.463e+05
1.544e-01 1.483e+05
1.784e-01 1.432e+05
1.308e-01 1.486e+05
1.663e-01 1.425e+05
1.369e-01 1.470e+05
1.121e-01 1.518e+05
2.999e-01 1.346e+05
7.583e-06 5.786e+04
1.436e-01 1.447e+05
1.485e-01 1.478e+05
1.718e-01 1.460e+05
1.554e-01 1.399e+05
1.698e-01 1.446e+05
1.597e-01 1.444e+05
1.166e-01 1.511e+05
4.866e-06 2.874e+04
3.820e-01 1.374e+05
1.762e-01 1.429e+05
1.555e-01 1.468e+05
1.904e-01 1.367e+05
4.053e-01 9.412e+04
1.266e-01 1.473e+05
2.211e-01 1.375e+05
2.173e-01 1.379e+05
4.527e-01 1.109e+05
1.492e-01 1.437e+05
1.664e-01 1.452e+05
1.341e-01 1.502e+05
1.722e-01 1.406e+05
1.924e-01 1.410e+05
1.381e-01 1.503e+05
8.886e-06 2.310e+04
1.480e-01 1.456e+05
3.930e-01 1.246e+05
1.131e-06 2.905e+04
1.486e-01 1.455e+05
1.721e-01 1.442e+05
1.313e-01 1.497e+05
1.387e-01 1.471e+05
1.344e-01 1.385e+05
1.251e-01 1.474e+05
1.385e-01 1.497e+05
2.090e-01 1.297e+05
1.522e-01 1.452e+05
1.276e-01 1.468e+05
1.773e-01 1.363e+05
1.782e-01 1.430e+05
1.383e-01 1.490e+05
1.229e-01 1.503e+05
1.874e-01 1.419e+05
1.332e-01 1.475e+05
1.593e-01 1.483e+05
1.394e-01 1.465e+05
1.753e-01 1.472e+05
7.259e-06 1.260e+04
1.449e-01 1.412e+05
2.249e-01 1.393e+05
1.413e-01 1.443e+05
1.224e-01 1.463e+05
2.089e-01 1.383e+05
1.590e-01 1.461e+05
1.436e-01 1.475e+05
4.554e-01 1.305e+05
2.078e-01 1.423e+05
2.180e-01 1.390e+05
1.380e-01 1.507e+05
1.287e-01 1.458e+05
1.197e-01 1.523e+05
1.405e-01 1.498e+05
1.151e-01 1.499e+05
1.451e-01 1.472e+05
1.380e-01 1.452e+05
2.547e-06 2.626e+04
1.154e-01 1.505e+05
3.737e-06 1.546e+04
4.162e-01 1.335e+05
2.861e-06 5.621e+03
1.651e-01 1.453e+05
1.432e-01 1.440e+05
1.348e-01 1.297e+05
1.234e-01 1.457e+05
2.318e-01 1.417e+05
1.850e-01 1.454e+05
1.438e-01 1.454e+05
1.252e-01 1.508e+05
1.742e-01 1.424e+05
1.461e-01 1.463e+05
1.401e-01 1.466e+05
2.878e-01 1.361e+05
1.727e-01 1.433e+05
3.876e-01 1.087e+05
1.253e-01 1.493e+05
1.208e-01 1.445e+05
1.786e-01 1.417e+05
1.269e-01 1.489e+05
1.511e-01 1.443e+05
1.888e-01 1.377e+05
2.126e-01 1.384e+05
2.081e-05 3.512e+04
4.221e-01 1.377e+05
1.336e-01 1.471e+05
3.001e-01 1.336e+05
2.006e-01 1.400e+05
1.654e-06 1.617e+04
8.308e-06 1.304e+04
3.765e-05 9.424e+03
1.267e-06 1.266e+04
1.418e-01 1.473e+05
1.672e-01 1.423e+05
1.425e-01 1.456e+05
3.813e-01 1.371e+05
1.705e-01 1.429e+05
1.391e-01 1.458e+05
1.479e-01 1.452e+05
2.010e-07 1.002e+04
1.699e-01 1.465e+05
1.250e-01 1.460e+05
1.650e-06 3.147e+03
1.663e-01 1.444e+05
1.370e-01 1.481e+05
1.446e-01 1.468e+05
2.214e-01 1.373e+05
2.234e-01 1.404e+05
3.932e-01 1.381e+05
2.004e-01 1.409e+05
1.376e-01 1.466e+05
2.432e-01 1.381e+05
1.497e-01 1.461e+05
1.636e-01 1.447e+05
4.153e-01 8.185e+04
1.683e-01 1.433e+05
3.533e-01 8.294e+04
1.538e-01 1.457e+05
1.442e-01 1.460e+05
5.750e-01 1.304e+05
1.349e-01 1.499e+05
1.279e-01 1.453e+05
1.591e-01 1.454e+05
2.166e-01 1.423e+05
1.636e-01 1.444e+05
1.479e-01 1.443e+05
1.617e-01 1.422e+05
2.421e-01 1.364e+05
1.443e-01 1.461e+05
4.794e-01 1.327e+05
3.045e-01 1.334e+05
2.417e-01 1.403e+05
2.355e-01 9.880e+04
1.175e-01 1.532e+05
1.557e-01 1.434e+05
1.376e-01 1.476e+05
1.728e-01 1.442e+05
1.610e-01 1.451e+05
3.505e-01 1.357e+05
1.801e-01 1.416e+05
1.603e-01 1.409e+05
2.045e-01 1.382e+05
3.046e-01 9.329e+04
1.555e-01 1.439e+05
2.008e-01 1.402e+05
2.036e-01 1.414e+05
1.448e-01 1.466e+05
1.289e-01 1.501e+05
3.233e-01 1.342e+05
2.166e-01 1.436e+05
1.504e-01 1.491e+05
1.384e-01 1.437e+05
1.474e-01 1.444e+05
1.836e-01 1.444e+05
1.506e-01 1.456e+05
2.027e-01 1.338e+05
1.778e-01 1.404e+05
1.646e-01 1.461e+05
1.539e-01 1.471e+05
2.989e-01 1.356e+05
1.500e-01 1.426e+05
1.995e-01 1.391e+05
2.306e-01 1.398e+05
1.891e-01 1.354e+05
1.490e-01 1.453e+05
1.371e-01 1.420e+05
1.478e-01 1.466e+05
1.687e-01 1.430e+05
1.364e-01 1.505e+05
1.493e-01 1.424e+05
1.464e-01 1.447e+05
1.445e-01 1.472e+05
1.481e-01 1.461e+05
1.300e-01 1.497e+05
1.574e-01 1.450e+05
1.489e-01 1.442e+05
1.481e-01 1.450e+05
1.196e-01 1.518e+05
1.600e-01 1.458e+05
8.495e-07 5.818e+02
1.700e-01 1.440e+05
1.148e-01 1.497e+05
1.547e-01 1.457e+05
1.425e-01 1.464e+05
1.296e-01 1.433e+05
1.344e-01 1.463e+05
1.318e-01 1.515e+05
2.374e-01 1.405e+05
2.310e-01 1.226e+05
2.626e-01 1.358e+05
1.274e-01 1.489e+05
1.327e-01 1.465e+05
5.393e-01 1.336e+05
1.631e-01 1.472e+05
1.377e-01 1.426e+05
2.090e-01 1.411e+05
1.017e-05 2.426e+04
1.366e-01 1.448e+05
1.308e-01 1.464e+05
3.614e-01 1.329e+05
1.898e-01 1.426e+05
1.900e-01 1.401e+05
1.411e-01 1.479e+05
3.618e-01 1.364e+05
2.553e-01 1.417e+05
1.306e-01 1.490e+05
1.307e-01 1.515e+05
1.402e-01 1.416e+05
1.543e-01 1.463e+05
2.059e-01 1.390e+05
4.496e-01 1.347e+05
1.493e-01 1.425e+05
1.417e-01 1.468e+05
7.817e-06 6.216e+04
3.451e-01 1.282e+05
1.810e-01 1.393e+05
1.656e-01 1.454e+05
1.235e-01 1.529e+05
1.209e-01 1.528e+05
1.734e-01 1.379e+05
2.111e-01 1.415e+05
1.628e-01 1.441e+05
2.387e-01 1.384e+05
1.373e-01 1.450e+05
1.251e-01 1.468e+05
2.656e-01 1.356e+05
1.812e-01 1.430e+05
3.235e-01 1.341e+05
1.997e-01 1.447e+05
2.484e-01 1.020e+05
1.620e-01 1.408e+05
1.512e-01 1.463e+05
2.095e-01 1.404e+05
1.360e-01 1.503e+05
1.168e-01 1.487e+05
1.395e-01 1.507e+05
1.653e-01 1.440e+05
1.537e-01 1.493e+05
2.016e-01 1.404e+05
1.343e-01 1.503e+05
1.208e-01 1.499e+05
1.479e-01 1.436e+05
1.169e-01 1.495e+05
2.612e-01 1.337e+05
1.229e-01 1.463e+05
1.707e-01 1.358e+05
1.560e-01 1.482e+05
1.941e-01 1.370e+05
1.390e-01 1.452e+05
1.318e-01 1.514e+05
1.798e-01 1.456e+05
2.004e-01 1.328e+05
1.635e-01 1.451e+05
1.746e-01 1.464e+05
1.364e-01 1.506e+05
2.655e-01 1.386e+05
4.295e-06 2.037e+03
5.556e-01 1.021e+05
1.811e-01 1.404e+05
8.586e-06 5.910e+03
1.396e-01 1.443e+05
5.370e-06 2.143e+04
1.774e-01 1.428e+05
3.503e-01 1.352e+05
1.516e-01 1.420e+05
1.809e-01 1.411e+05
1.400e-01 1.431e+05
3.213e-06 2.202e+04
2.529e-01 1.351e+05
2.444e-01 1.391e+05
1.510e-01 1.483e+05
1.472e-01 1.382e+05
1.670e-01 1.427e+05
3.664e-01 1.357e+05
1.585e-01 1.436e+05
1.389e-01 1.458e+05
2.665e-01 1.405e+05
6.655e-06 1.002e+04
1.897e-01 1.369e+05
1.617e-01 1.435e+05
1.411e-01 1.429e+05
1.485e-01 1.465e+05
1.393e-01 1.433e+05
2.051e-01 1.377e+05
1.613e-01 1.450e+05
2.243e-01 1.409e+05
1.422e-01 1.465e+05
1.489e-01 1.449e+05
2.826e-01 9.986e+04
1.633e-01 1.409e+05
1.918e-01 1.407e+05
2.070e-08 1.092e+04
1.577e-01 1.406e+05
1.606e-01 1.460e+05
1.580e-01 1.457e+05
1.618e-01 1.477e+05
1.106e-05 5.597e+04
1.646e-01 1.467e+05
1.331e-01 1.418e+05
1.798e-01 1.438e+05
2.863e-01 1.349e+05
1.639e-01 1.430e+05
1.719e-01 1.425e+05
1.382e-01 1.456e+05
1.536e-01 1.460e+05
1.352e-01 1.468e+05
1.862e-01 1.452e+05
2.088e-01 1.383e+05
1.417e-01 1.467e+05
2.052e-06 2.653e+04
1.667e-01 1.451e+05
1.729e-01 1.425e+05
2.057e-01 1.326e+05
1.342e-01 1.499e+05
1.650e-01 1.417e+05
2.549e-06 2.134e+04
1.519e-01 1.445e+05
2.734e-01 1.338e+05
1.744e-01 1.427e+05
1.637e-01 1.441e+05
1.053e-05 1.118e+04
3.037e-01 1.304e+05
2.369e-01 1.367e+05
1.627e-01 1.431e+05
1.304e-01 1.483e+05
1.625e-01 1.453e+05
2.110e-01 1.395e+05
1.447e-01 1.483e+05
1.584e-01 1.416e+05
1.407e-01 1.426e+05
1.301e-01 1.461e+05
1.570e-01 1.402e+05
1.405e-01 1.502e+05
5.256e-01 1.087e+05
2.092e-01 1.388e+05
1.343e-01 1.460e+05
1.730e-01 1.409e+05
1.395e-01 1.449e+05
1.244e-01 1.500e+05
3.624e-01 1.329e+05
2.822e-01 1.367e+05
1.387e-01 1.481e+05
2.027e-01 1.382e+05
2.092e-01 1.389e+05
1.733e-01 1.428e+05
1.634e-01 1.441e+05
1.622e-01 1.435e+05
1.265e-01 1.487e+05
2.128e-01 1.343e+05
1.667e-01 1.436e+05
6.347e-06 1.486e+04
2.021e-01 1.385e+05
1.495e-01 1.400e+05
1.757e-01 1.408e+05
1.544e-01 1.438e+05
1.760e-01 1.450e+05
1.468e-01 1.462e+05
1.552e-01 1.485e+05
1.800e-06 9.404e+03
1.673e-01 1.434e+05
1.327e-01 1.438e+05
1.779e-01 1.455e+05
1.730e-06 4.734e+04
1.512e-01 1.488e+05
1.328e-05 3.319e+04
4.544e-01 1.363e+05
1.540e-01 1.447e+05
1.318e-05 2.014e+04
2.115e-01 1.396e+05
3.810e-06 2.985e+04
1.966e-01 1.320e+05
1.551e-01 1.470e+05
4.101e-01 1.323e+05
1.918e-01 1.382e+05
1.473e-01 1.471e+05
1.584e-01 1.464e+05
1.377e-01 1.468e+05
1.515e-01 1.483e+05
1.336e-01 1.476e+05
1.540e-01 1.448e+05
3.300e-01 1.326e+05
1.297e-01 1.486e+05
1.695e-01 1.447e+05
3.246e-01 1.319e+05
1.277e-01 1.482e+05
1.707e-01 1.447e+05
1.634e-01 1.420e+05
2.478e-01 1.373e+05
1.512e-01 1.452e+05
1.525e-01 1.420e+05
1.381e-01 1.468e+05
1.821e-01 1.421e+05
1.549e-01 1.448e+05
1.526e-01 1.464e+05
1.463e-01 1.467e+05
1.853e-01 1.406e+05
1.484e-01 1.423e+05
1.701e-01 1.391e+05
1.823e-01 1.423e+05
2.860e-01 1.353e+05
3.002e-06 4.711e+04
1.590e-01 1.450e+05
1.668e-01 1.429e+05
4.585e-01 1.042e+05
1.552e-01 1.468e+05
2.134e-01 1.402e+05
9.938e-06 1.067e+04
1.752e-01 1.430e+05
1.402e-01 1.458e+05
1.455e-01 1.384e+05
1.336e-01 1.446e+05
2.387e-01 1.396e+05
1.456e-01 1.453e+05
3.439e-01 1.369e+05
1.459e-01 1.468e+05
1.582e-01 1.472e+05
1.432e-01 1.391e+05
2.230e-05 1.546e+04
1.536e-01 1.470e+05
1.329e-01 1.480e+05
2.030e-06 3.126e+04
1.513e-01 1.461e+05
1.580e-01 1.459e+05
1.481e-01 1.402e+05
3.317e-01 1.392e+05
1.444e-01 1.450e+05
1.391e-01 1.490e+05
1.588e-01 1.436e+05
1.613e-01 1.440e+05
5.007e-06 2.597e+04
1.555e-01 1.451e+05
2.031e-01 1.368e+05
2.265e-01 1.349e+05
1.273e-05 2.517e+04
1.171e-01 1.500e+05
2.114e-01 1.342e+05
2.051e-01 1.437e+05
1.590e-01 1.454e+05
1.407e-01 1.442e+05
4.154e-01 1.304e+05
3.007e-01 1.317e+05
1.545e-01 1.429e+05
1.671e-01 1.440e+05
1.344e-01 1.492e+05
1.141e-01 1.507e+05
1.732e-01 1.275e+05
1.559e-01 1.454e+05
2.606e-01 1.408e+05
1.363e-01 1.466e+05
3.411e-01 1.350e+05
1.515e-01 1.468e+05
1.210e-01 1.489e+05
1.214e-01 1.490e+05
1.405e-01 1.413e+05
1.345e-01 1.484e+05
1.653e-01 1.451e+05
1.836e-01 1.419e+05
3.089e-06 3.562e+04
1.655e-01 1.438e+05
1.323e-01 1.518e+05
2.192e-01 1.006e+05
1.542e-01 1.462e+05
1.626e-01 1.460e+05
1.532e-01 1.470e+05
1.577e-01 1.436e+05
2.109e-01 1.439e+05
1.848e-01 1.408e+05
2.721e-01 1.396e+05
1.493e-01 1.476e+05
1.689e-01 1.421e+05
1.549e-01 1.446e+05
1.842e-01 1.411e+05
1.301e-01 1.477e+05
1.368e-01 1.439e+05
1.126e-01 1.510e+05
1.764e-01 1.394e+05
2.539e-01 1.331e+05
1.466e-01 1.455e+05
4.781e-01 8.873e+04
1.564e-01 1.446e+05
1.296e-01 1.456e+05
1.665e-01 1.451e+05
5.347e-06 2.487e+04
1.460e-01 1.475e+05
8.109e-06 4.041e+04
1.822e-01 1.456e+05
8.096e-06 2.142e+04
2.413e-01 1.361e+05
1.566e-01 1.458e+05
2.413e-01 1.417e+05
1.152e-01 1.498e+05
1.228e-01 1.522e+05
1.489e-01 1.459e+05
1.570e-01 1.467e+05
1.464e-01 1.409e+05
1.382e-01 1.471e+05
1.736e-01 1.430e+05
1.623e-01 1.419e+05
1.943e-01 1.394e+05
4.792e-01 1.225e+05
1.385e-01 1.457e+05
1.491e-01 1.450e+05
1.222e-01 1.480e+05
1.485e-01 1.450e+05
1.197e-01 1.465e+05
1.458e-01 1.446e+05
1.659e-01 1.452e+05
1.641e-01 1.439e+05
1.414e-01 1.463e+05
3.164e-06 2.471e+04
1.411e-01 1.501e+05
1.981e-01 1.347e+05
3.891e-01 1.342e+05
1.999e-01 1.427e+05
1.717e-01 1.359e+05
1.544e-01 1.470e+05
1.658e-01 1.441e+05
1.816e-01 1.423e+05
1.602e-01 1.433e+05
1.821e-01 1.432e+05
2.669e-01 1.401e+05
1.630e-01 1.446e+05
2.888e-01 1.345e+05
1.566e-01 1.464e+05
1.799e-01 1.416e+05
1.274e-01 1.440e+05
1.725e-01 1.437e+05
1.471e-01 1.479e+05
1.937e-01 1.387e+05
2.445e-01 1.367e+05
3.722e-01 1.383e+05
1.348e-01 1.505e+05
2.232e-01 1.348e+05
7.454e-07 1.399e+04
1.485e-01 1.449e+05
4.844e-01 9.641e+04
1.760e-01 1.399e+05
1.399e-01 1.467e+05
1.649e-01 1.457e+05
1.857e-01 1.430e+05
1.709e-01 1.469e+05
1.808e-01 1.452e+05
2.002e-01 1.363e+05
1.222e-01 1.511e+05
1.257e-01 1.493e+05
1.223e-01 1.492e+05
1.304e-01 1.094e+05
3.413e-01 1.333e+05
1.825e-01 1.427e+05
1.448e-01 1.432e+05
1.211e-06 1.908e+04
1.589e-01 1.485e+05
1.346e-01 1.485e+05
1.445e-01 1.489e+05
1.361e-01 1.471e+05
2.410e-01 1.387e+05
1.743e-01 1.443e+05
3.547e-01 1.123e+05
1.477e-01 1.452e+05
1.292e-01 1.455e+05
3.438e-01 1.352e+05
1.647e-01 1.407e+05
1.584e-01 1.444e+05
1.717e-01 1.474e+05
1.259e-01 1.510e+05
1.615e-01 1.439e+05
1.503e-01 1.447e+05
1.369e-01 1.467e+05
4.859e-06 1.258e+03
2.370e-01 1.367e+05
2.931e-01 1.351e+05
9.148e-06 3.025e+04
3.475e-01 8.598e+04
2.128e-01 1.306e+05
3.846e-01 1.368e+05
4.650e-01 1.309e+05
1.721e-01 1.466e+05
1.629e-01 1.465e+05
5.092e-01 1.314e+05
3.079e-01 1.370e+05
1.845e-01 1.407e+05
1.466e-01 1.474e+05
1.137e-01 1.485e+05
1.252e-01 1.482e+05
4.875e-06 5.286e+03
1.591e-01 1.447e+05
1.523e-01 1.448e+05
2.054e-01 1.399e+05
2.065e-01 1.377e+05
2.999e-01 1.166e+05
1.206e-01 1.505e+05
1.545e-01 1.447e+05
1.513e-01 1.450e+05
2.016e-01 1.046e+05
1.182e-01 1.380e+05
3.152e-01 1.278e+05
1.484e-01 1.466e+05
1.180e-01 1.476e+05
2.946e-01 1.354e+05
1.359e-01 1.474e+05
1.461e-01 1.480e+05
1.617e-01 1.452e+05
1.688e-01 1.444e+05
1.211e-01 1.518e+05
1.625e-01 1.460e+05
1.241e-01 1.507e+05
1.697e-01 1.441e+05
3.220e-01 1.337e+05
1.391e-01 1.435e+05
1.571e-01 1.459e+05
1.264e-01 1.463e+05
1.371e-01 1.492e+05
1.744e-01 1.416e+05
1.608e-01 1.448e+05
1.448e-01 1.490e+05
3.285e-01 1.361e+05
1.585e-01 1.455e+05
1.450e-01 1.456e+05
4.825e-01 1.365e+05
1.269e-01 1.460e+05
1.333e-01 1.501e+05
1.454e-01 1.492e+05
1.680e-01 1.440e+05
1.243e-01 1.491e+05
1.420e-01 1.214e+05
1.799e-01 1.454e+05
2.629e-01 1.366e+05
2.078e-01 1.358e+05
1.528e-01 1.233e+05
1.487e-01 1.409e+05
1.378e-01 1.513e+05
3.882e-01 9.235e+04
1.573e-01 1.447e+05
1.437e-01 1.461e+05
1.859e-01 1.389e+05
1.347e-01 1.475e+05
1.544e-01 1.451e+05
1.769e-01 1.465e+05
3.149e-01 1.342e+05
5.406e-06 4.815e+03
1.318e-01 1.474e+05
1.462e-01 1.475e+05
1.529e-01 1.467e+05
4.751e-01 1.319e+05
1.546e-01 1.454e+05
9.646e-07 7.169e+03
3.759e-01 1.338e+05
1.557e-01 1.425e+05
1.754e-01 1.438e+05
7.651e-06 2.217e+04
1.233e-01 1.495e+05
4.125e-01 1.351e+05
2.279e-01 1.395e+05
3.173e-01 1.347e+05
1.405e-01 1.506e+05
1.505e-01 1.491e+05
1.274e-01 1.466e+05
1.389e-01 1.468e+05
7.913e-06 5.621e+03
2.684e-01 1.414e+05
1.389e-01 1.496e+05
2.252e-01 1.338e+05
1.783e-01 1.424e+05
1.637e-01 1.462e+05
1.293e-01 1.498e+05
1.714e-01 1.427e+05
1.240e-01 1.513e+05
1.263e-01 1.514e+05
1.246e-01 1.473e+05
1.697e-01 1.476e+05
3.934e-01 1.308e+05
3.437e-01 1.353e+05
1.183e-01 1.524e+05
1.371e-01 1.434e+05
1.974e-01 1.380e+05
1.725e-06 8.799e+03
1.841e-01 1.383e+05
1.571e-01 1.109e+05
1.624e-01 1.458e+05
1.807e-01 1.382e+05
1.553e-01 1.453e+05
1.319e-01 1.468e+05
2.460e-01 1.403e+05
4.004e-01 1.328e+05
1.526e-01 1.436e+05
1.537e-01 1.460e+05
1.200e-01 1.468e+05
1.638e-01 1.414e+05
1.613e-01 1.482e+05
1.255e-01 1.475e+05
1.628e-01 1.469e+05
1.588e-01 1.433e+05
1.465e-01 1.473e+05
1.222e-01 1.493e+05
1.784e-01 1.418e+05
1.690e-01 1.376e+05
3.145e-08 1.760e+04
1.314e-01 1.447e+05
7.568e-06 4.711e+04
3.200e-01 1.360e+05
2.273e-06 2.888e+03
3.008e-05 9.895e+03
4.769e-01 1.321e+05
3.123e-01 1.380e+05
2.673e-01 1.399e+05
1.487e-01 1.450e+05
2.073e-01 1.393e+05
1.185e-01 1.534e+05
1.693e-01 1.388e+05
1.969e-01 1.388e+05
1.740e-01 1.436e+05
1.698e-01 1.438e+05
1.605e-01 1.457e+05
1.211e-01 1.483e+05
2.034e-01 1.058e+05
4.159e-01 1.334e+05
1.428e-01 1.479e+05
4.732e-06 4.656e+04
1.449e-01 1.477e+05
1.368e-01 1.462e+05
1.433e-01 1.469e+05
4.055e-01 1.221e+05
2.547e-01 1.395e+05
1.427e-01 1.454e+05
3.051e-01 1.354e+05
5.322e-06 1.315e+04
1.509e-01 1.465e+05
2.679e-01 1.364e+05
1.821e-01 1.368e+05
1.847e-01 1.394e+05
2.019e-01 1.396e+05
1.635e-01 1.445e+05
1.671e-01 1.451e+05
2.327e-01 1.385e+05
1.553e-01 1.388e+05
1.487e-01 1.460e+05
1.468e-01 1.465e+05
1.784e-01 1.457e+05
4.104e-07 3.315e+04
1.213e-01 1.477e+05
2.027e-01 1.398e+05
3.785e-01 1.334e+05
1.446e-01 1.496e+05
2.750e-01 1.391e+05
5.706e-06 4.334e+04
1.202e-01 1.526e+05
1.489e-01 1.477e+05
1.755e-01 1.458e+05
3.227e-01 1.366e+05
1.936e-01 1.419e+05
1.214e-01 1.470e+05
1.840e-06 1.509e+04
1.535e-01 1.457e+05
1.652e-01 1.411e+05
1.455e-01 1.450e+05
1.289e-01 1.479e+05
2.399e-01 1.422e+05
1.538e-01 1.436e+05
1.167e-01 1.529e+05
1.546e-01 1.420e+05
1.603e-01 1.436e+05
1.498e-01 1.469e+05
1.466e-01 1.459e+05
1.663e-01 1.399e+05
1.248e-01 1.519e+05
1.305e-01 1.453e+05
1.490e-01 1.445e+05
1.974e-01 1.355e+05
1.454e-01 1.478e+05
1.265e-01 1.482e+05
2.061e-01 1.379e+05
2.476e-01 1.341e+05
3.912e-01 1.360e+05
2.649e-06 3.546e+04
1.720e-01 1.348e+05
1.401e-01 1.458e+05
2.480e-01 1.322e+05
3.248e-01 1.348e+05
1.344e-01 1.444e+05
1.480e-01 1.429e+05
1.254e-01 1.513e+05
1.441e-01 1.430e+05
1.485e-01 1.498e+05
1.513e-01 1.462e+05
1.236e-01 1.491e+05
2.115e-01 1.412e+05
1.382e-01 1.387e+05
2.929e-01 1.355e+05
1.727e-01 1.411e+05
1.266e-01 1.484e+05
1.521e-01 1.470e+05
1.717e-05 2.933e+04
1.417e-01 1.460e+05
1.218e-01 1.511e+05
1.353e-01 1.429e+05
1.598e-01 1.439e+05
1.702e-01 1.472e+05
1.141e-01 1.481e+05
1.436e-01 1.439e+05
1.617e-01 1.462e+05
2.523e-07 1.021e+04
1.159e-01 1.512e+05
1.491e-01 1.479e+05
1.377e-01 1.239e+05
1.449e-01 1.460e+05
3.066e-01 1.373e+05
4.052e-06 4.085e+03
3.742e-06 8.351e+02
2.481e-01 1.377e+05
2.349e-01 1.416e+05
6.239e-07 3.683e+04
2.040e-01 1.438e+05
1.824e-01 1.407e+05
3.595e-01 1.256e+05
1.138e-01 1.496e+05
1.424e-06 5.574e+03
1.380e-01 1.460e+05
3.473e-01 1.111e+05
1.433e-01 1.421e+05
1.348e-01 1.461e+05
2.908e-06 2.521e+04
1.924e-01 1.384e+05
1.462e-01 1.451e+05
1.396e-01 1.464e+05
1.388e-01 1.462e+05
1.359e-01 1.464e+05
1.955e-01 1.382e+05
1.406e-01 1.409e+05
1.520e-01 1.440e+05
1.513e-01 1.487e+05
1.410e-01 1.502e+05
1.421e-01 1.466e+05
2.251e-01 1.388e+05
1.786e-01 1.435e+05
1.839e-01 1.432e+05
1.969e-01 1.407e+05
1.287e-01 1.006e+05
4.795e-01 1.088e+05
1.715e-01 1.415e+05
1.394e-01 1.479e+05
2.122e-01 1.405e+05
1.429e-01 1.457e+05
1.809e-01 1.093e+05
1.421e-01 1.497e+05
1.289e-01 1.465e+05
3.346e-01 1.383e+05
2.236e-01 1.395e+05
2.787e-01 1.400e+05
1.225e-01 1.489e+05
1.234e-01 1.426e+05
2.548e-01 1.398e+05
1.577e-01 1.413e+05
1.533e-01 1.428e+05
2.753e-01 1.327e+05
1.148e-01 1.496e+05
1.604e-01 1.474e+05
2.149e-01 1.411e+05
1.682e-01 1.427e+05
1.577e-01 1.438e+05
9.974e-07 1.139e+04
2.053e-01 1.391e+05
1.428e-01 1.481e+05
1.705e-01 1.428e+05
1.272e-01 1.491e+05
3.159e-01 1.346e+05
1.440e-01 1.456e+05
1.129e-01 1.490e+05
1.416e-01 1.456e+05
3.321e-01 1.388e+05
1.152e-01 1.533e+05
2.540e-01 1.364e+05
1.212e-01 1.504e+05
7.535e-06 4.166e+04
3.969e-01 1.332e+05
3.823e-01 1.163e+05
1.230e-01 1.084e+05
1.435e-01 1.464e+05
1.421e-01 1.473e+05
4.886e-01 1.048e+05
1.682e-01 1.441e+05
1.146e-01 1.520e+05
1.568e-01 1.455e+05
