1.713e-01 1.477e+05
1.433e-01 1.484e+05
1.349e-01 1.509e+05
9.174e-02 1.524e+05
9.165e-02 1.525e+05
1.375e-01 1.425e+05
1.525e-01 1.482e+05
1.150e-06 5.585e+03
1.633e-01 1.481e+05
1.734e-01 1.464e+05
1.348e-01 1.508e+05
8.377e-02 1.532e+05
9.612e-02 1.516e+05
7.142e-06 1.449e+04
8.319e-02 1.538e+05
2.809e-01 1.432e+05
1.115e-01 1.496e+05
1.897e-06 4.449e+04
1.346e-01 1.495e+05
1.692e-01 1.416e+05
7.374e-02 1.517e+05
1.788e-01 1.457e+05
1.179e-01 1.498e+05
1.028e-05 1.616e+04
1.327e-01 1.518e+05
1.463e-01 1.453e+05
8.639e-02 1.539e+05
1.559e-01 1.482e+05
8.391e-02 1.541e+05
3.178e-01 1.455e+05
1.572e-01 1.481e+05
1.027e-01 1.494e+05
1.249e-01 1.496e+05
8.769e-02 1.441e+05
1.524e-01 1.484e+05
6.379e-07 2.543e+04
1.023e-01 1.517e+05
1.202e-01 1.505e+05
1.071e-01 1.513e+05
1.133e-01 1.521e+05
1.099e-01 1.524e+05
1.448e-01 1.502e+05
1.750e-01 1.472e+05
1.682e-01 1.480e+05
3.568e-01 1.456e+05
1.618e-01 1.479e+05
1.136e-01 1.496e+05
2.110e-07 8.020e+03
1.757e-01 1.482e+05
1.412e-01 1.487e+05
9.444e-02 1.519e+05
1.976e-01 1.449e+05
3.035e-01 1.441e+05
1.240e-01 1.507e+05
1.257e-01 1.504e+05
2.397e-01 1.437e+05
1.236e-01 1.513e+05
1.455e-01 1.440e+05
3.510e-06 6.159e+04
1.924e-01 1.463e+05
1.315e-01 1.500e+05
4.799e-01 1.387e+05
1.240e-01 1.441e+05
9.245e-06 1.198e+04
1.268e-01 1.505e+05
1.371e-01 1.483e+05
8.126e-02 1.524e+05
2.395e-01 1.427e+05
1.374e-01 1.497e+05
4.116e-07 2.282e+04
1.605e-01 1.489e+05
2.192e-01 1.449e+05
5.364e-06 6.391e+04
7.478e-07 9.930e+03
1.318e-01 1.502e+05
1.968e-01 1.451e+05
1.150e-01 1.507e+05
4.703e-01 1.390e+05
1.344e-01 1.499e+05
6.816e-06 7.369e+03
5.599e-07 5.743e+03
1.320e-01 1.487e+05
2.654e-01 1.406e+05
2.061e-01 1.415e+05
3.371e-02 1.445e+05
6.389e-06 2.897e+04
1.360e-01 1.442e+05
9.665e-02 1.495e+05
5.832e-07 4.231e+04
1.232e-01 1.493e+05
1.121e-01 1.501e+05
1.302e-01 1.510e+05
1.132e-01 1.518e+05
6.220e-06 5.815e+04
2.677e-01 1.405e+05
1.246e-01 1.493e+05
1.997e-01 1.286e+05
3.824e-07 1.854e+04
1.008e-01 1.519e+05
1.457e-01 1.481e+05
9.461e-02 1.468e+05
2.731e-01 1.442e+05
5.768e-01 1.415e+05
8.652e-02 1.545e+05
1.254e-01 1.500e+05
4.768e-06 7.402e+03
9.178e-08 2.263e+04
3.637e-06 1.196e+04
1.682e-07 4.434e+03
1.392e-01 1.490e+05
7.927e-02 1.431e+05
2.020e-01 1.476e+05
9.504e-02 1.521e+05
4.085e-05 3.719e+04
1.423e-01 1.482e+05
2.522e-01 1.416e+05
8.132e-02 1.549e+05
3.543e-01 1.430e+05
1.704e-05 1.612e+04
2.881e-01 1.441e+05
2.460e-01 1.437e+05
4.119e-01 1.423e+05
9.446e-02 1.515e+05
7.825e-02 1.523e+05
2.476e-01 1.419e+05
1.520e-01 1.462e+05
1.789e-01 1.472e+05
3.172e-01 1.465e+05
1.753e-01 1.480e+05
1.480e-01 1.487e+05
8.163e-02 1.483e+05
1.011e-01 1.522e+05
4.921e-01 1.426e+05
4.860e-02 1.434e+05
1.182e-01 1.513e+05
3.049e-01 1.152e+05
2.955e-01 1.450e+05
2.260e-01 1.439e+05
1.759e-01 1.478e+05
1.074e-01 1.508e+05
8.500e-02 1.517e+05
2.904e-01 1.423e+05
9.805e-02 1.514e+05
1.549e-01 1.471e+05
1.849e-06 1.253e+04
1.323e-01 1.449e+05
1.234e-01 1.519e+05
1.131e-05 5.353e+04
6.743e-02 1.469e+05
1.554e-01 1.478e+05
2.024e-06 5.224e+04
9.523e-06 3.234e+04
2.312e-01 1.454e+05
2.090e-05 9.164e+03
1.042e-01 1.525e+05
1.195e-01 1.502e+05
1.658e-01 1.456e+05
1.795e-01 1.463e+05
1.572e-01 1.449e+05
2.118e-01 1.463e+05
1.897e-06 4.980e+04
1.562e-01 1.496e+05
1.296e-01 1.496e+05
3.360e-01 1.439e+05
1.466e-01 1.486e+05
1.926e-01 1.468e+05
3.281e-01 1.461e+05
2.886e-01 1.418e+05
4.407e-06 1.304e+04
1.526e-01 1.453e+05
1.389e-01 1.491e+05
3.890e-01 1.454e+05
1.290e-01 1.468e+05
1.763e-06 1.160e+04
1.261e-01 1.510e+05
1.320e-01 1.481e+05
1.474e-01 1.490e+05
1.316e-01 1.507e+05
1.764e-01 1.484e+05
5.176e-01 1.466e+05
1.436e-06 2.506e+04
1.289e-01 1.482e+05
8.974e-02 1.535e+05
5.530e-01 1.438e+05
4.963e-01 1.413e+05
1.244e-01 1.499e+05
3.233e-01 1.436e+05
1.199e-01 1.510e+05
6.205e-06 1.451e+04
1.980e-01 1.474e+05
1.681e-01 1.475e+05
1.369e-01 1.496e+05
1.309e-01 1.505e+05
1.643e-05 1.901e+04
1.394e-01 1.487e+05
8.535e-02 1.481e+05
1.748e-01 1.471e+05
9.272e-02 1.536e+05
1.325e-01 1.510e+05
1.205e-01 1.501e+05
2.669e-01 1.458e+05
1.304e-01 1.510e+05
1.450e-01 1.476e+05
9.185e-02 1.535e+05
2.525e-01 1.417e+05
8.655e-02 1.530e+05
1.865e-01 1.432e+05
1.511e-01 1.492e+05
1.568e-01 1.476e+05
6.044e-06 1.089e+04
1.127e-01 1.518e+05
1.146e-01 1.502e+05
3.241e-01 1.184e+05
3.082e-01 1.428e+05
2.104e-01 1.461e+05
1.466e-01 1.484e+05
1.259e-01 1.494e+05
1.671e-01 1.480e+05
8.472e-02 1.541e+05
1.660e-01 1.486e+05
8.074e-02 1.551e+05
2.224e-01 1.447e+05
2.989e-01 1.457e+05
1.733e-01 1.457e+05
9.140e-02 1.516e+05
2.242e-01 1.452e+05
1.157e-06 2.452e+04
1.712e-01 1.506e+05
1.375e-01 1.505e+05
3.116e-06 5.741e+04
1.643e-01 1.478e+05
1.669e-01 1.486e+05
1.191e-01 1.511e+05
1.890e-01 1.464e+05
1.574e-05 1.378e+04
7.471e-02 1.538e+05
3.652e-01 1.412e+05
1.315e-01 1.494e+05
3.603e-01 1.462e+05
8.912e-06 8.713e+03
4.020e-01 1.447e+05
1.150e-07 5.053e+03
1.231e-01 1.498e+05
1.194e-01 1.495e+05
2.401e-01 1.450e+05
1.415e-01 1.502e+05
1.903e-01 1.470e+05
1.054e-01 1.498e+05
1.392e-01 1.498e+05
1.182e-01 1.429e+05
6.141e-07 1.459e+04
1.861e-01 1.460e+05
1.343e-01 1.484e+05
1.066e-01 1.519e+05
1.857e-01 1.459e+05
1.655e-01 1.477e+05
1.276e-01 1.499e+05
7.226e-06 1.773e+04
1.592e-01 1.479e+05
1.164e-01 1.512e+05
2.543e-06 4.696e+04
2.155e-01 1.434e+05
1.108e-01 1.497e+05
2.952e-06 1.473e+04
9.101e-06 2.897e+03
4.090e-06 1.674e+04
1.050e-01 1.522e+05
1.095e-01 1.509e+05
4.179e-01 1.407e+05
1.939e-01 1.447e+05
9.853e-02 1.517e+05
1.321e-01 1.491e+05
2.028e-01 1.449e+05
5.257e-06 1.090e+04
1.077e-01 1.508e+05
2.819e-01 1.399e+05
9.711e-02 1.519e+05
3.955e-01 1.406e+05
1.211e-01 1.503e+05
1.742e-01 1.480e+05
1.278e-05 2.166e+04
9.908e-02 1.521e+05
1.158e-01 1.497e+05
3.555e-01 1.410e+05
9.350e-02 1.534e+05
6.954e-06 1.385e+04
1.013e-01 1.529e+05
2.272e-01 1.426e+05
1.235e-01 1.494e+05
9.880e-02 1.532e+05
5.144e-01 1.191e+05
7.853e-02 1.539e+05
1.155e-01 1.505e+05
5.903e-06 5.708e+04
1.602e-01 1.471e+05
6.066e-06 3.804e+04
3.402e-06 3.035e+04
1.005e-06 2.959e+04
2.752e-06 1.945e+04
1.002e-01 1.524e+05
8.473e-06 1.969e+04
1.554e-01 1.490e+05
1.430e-01 1.493e+05
1.869e-01 1.474e+05
1.508e-01 1.480e+05
9.977e-02 1.523e+05
1.130e-01 1.496e+05
1.043e-01 1.520e+05
9.627e-02 1.516e+05
1.101e-01 1.525e+05
1.083e-01 1.492e+05
8.461e-06 1.194e+04
1.385e-01 1.497e+05
1.465e-05 4.482e+04
1.495e-01 1.488e+05
2.661e-01 1.472e+05
2.564e-01 1.418e+05
2.259e-01 1.446e+05
7.370e-02 1.469e+05
3.779e-06 3.023e+03
1.327e-01 1.488e+05
1.203e-01 1.477e+05
8.640e-07 2.466e+04
1.406e-01 1.493e+05
1.726e-01 1.447e+05
1.564e-06 9.712e+03
1.617e-01 1.485e+05
9.363e-02 1.519e+05
4.163e-01 1.467e+05
2.939e-01 1.466e+05
2.007e-01 1.478e+05
2.791e-06 2.881e+04
1.606e-01 1.451e+05
1.437e-01 1.486e+05
1.085e-01 1.500e+05
4.540e-01 1.467e+05
1.588e-01 1.477e+05
5.611e-06 3.741e+03
1.615e-01 1.496e+05
1.121e-01 1.465e+05
1.183e-01 1.508e+05
1.643e-06 7.088e+03
1.103e-01 1.519e+05
9.496e-02 1.530e+05
4.944e-06 3.531e+04
1.175e-01 1.488e+05
1.670e-01 1.483e+05
2.284e-01 1.452e+05
7.944e-02 1.537e+05
1.290e-01 1.499e+05
8.977e-02 1.546e+05
7.571e-02 1.539e+05
2.141e-01 1.410e+05
1.919e-01 1.441e+05
1.305e-01 1.500e+05
1.501e-01 1.452e+05
1.122e-01 1.516e+05
2.481e-01 1.408e+05
3.282e-01 1.421e+05
1.074e-01 1.519e+05
2.070e-01 1.468e+05
1.180e-01 1.442e+05
3.299e-01 1.423e+05
1.428e-01 1.487e+05
1.587e-01 1.332e+05
1.640e-01 1.483e+05
1.103e-01 1.504e+05
1.921e-01 1.466e+05
1.430e-01 1.488e+05
2.019e-01 1.431e+05
1.092e-01 1.529e+05
9.570e-02 1.521e+05
4.128e-06 5.714e+04
5.262e-06 2.926e+04
1.730e-01 1.460e+05
1.197e-01 1.472e+05
2.122e-01 1.450e+05
1.130e-01 1.499e+05
2.093e-01 1.419e+05
2.280e-01 1.473e+05
1.480e-06 2.312e+04
1.451e-01 1.486e+05
1.650e-01 1.468e+05
1.155e-01 1.507e+05
2.250e-01 1.443e+05
3.250e-01 1.211e+05
1.642e-01 1.493e+05
1.723e-01 1.443e+05
1.339e-01 1.503e+05
1.536e-01 1.483e+05
1.318e-01 1.488e+05
1.146e-01 1.514e+05
2.058e-01 1.426e+05
7.896e-02 1.461e+05
4.622e-06 7.077e+03
1.707e-01 1.451e+05
1.234e-01 1.491e+05
1.269e-01 1.491e+05
9.492e-02 1.473e+05
2.140e-01 1.464e+05
3.414e-01 1.431e+05
1.027e-01 1.425e+05
1.074e-01 1.503e+05
1.254e-01 1.481e+05
1.563e-01 1.484e+05
1.459e-01 1.426e+05
1.937e-01 1.475e+05
1.039e-06 3.577e+04
1.081e-01 1.517e+05
7.351e-02 1.508e+05
6.898e-02 1.503e+05
1.598e-05 1.483e+04
8.161e-02 1.511e+05
2.146e-01 1.442e+05
9.411e-02 1.514e+05
1.888e-01 1.419e+05
3.572e-06 4.121e+03
2.110e-01 1.460e+05
1.207e-01 1.494e+05
1.860e-01 1.474e+05
1.076e-01 1.510e+05
1.276e-01 1.500e+05
2.102e-01 1.466e+05
1.041e-01 1.506e+05
9.266e-02 1.532e+05
2.041e-06 3.446e+04
1.539e-06 1.595e+03
7.753e-02 1.544e+05
9.269e-07 1.750e+04
5.771e-06 3.945e+03
3.612e-01 1.397e+05
1.062e-01 1.528e+05
1.761e-01 1.449e+05
1.807e-01 1.480e+05
2.330e-01 1.432e+05
1.469e-01 1.486e+05
1.426e-01 1.499e+05
2.523e-01 1.422e+05
2.872e-01 1.425e+05
1.535e-01 1.476e+05
1.260e-01 1.486e+05
1.381e-01 1.456e+05
1.352e-01 1.476e+05
3.117e-01 1.440e+05
5.407e-01 1.417e+05
9.544e-02 1.515e+05
8.469e-02 1.532e+05
1.702e-01 1.476e+05
1.205e-01 1.493e+05
9.742e-02 1.526e+05
9.494e-02 1.514e+05
3.688e-06 1.296e+04
2.691e-01 1.423e+05
1.815e-01 1.493e+05
3.900e-01 1.399e+05
2.341e-01 1.412e+05
1.449e-01 1.489e+05
7.988e-06 2.382e+04
9.027e-02 1.534e+05
1.720e-01 1.411e+05
2.031e-01 1.426e+05
4.299e-01 1.437e+05
5.821e-06 2.251e+04
1.689e-01 1.439e+05
1.701e-01 1.461e+05
1.984e-01 1.433e+05
1.020e-01 1.526e+05
1.343e-06 1.179e+04
1.220e-01 1.494e+05
1.055e-01 1.511e+05
8.890e-02 1.527e+05
2.457e-01 1.463e+05
1.008e-01 1.448e+05
1.100e-01 1.444e+05
6.382e-02 1.471e+05
9.190e-02 1.526e+05
2.167e-06 4.973e+04
2.733e-01 1.442e+05
1.235e-01 1.498e+05
2.632e-01 1.427e+05
1.622e-01 1.479e+05
1.159e-01 1.497e+05
1.934e-01 1.474e+05
1.355e-01 1.498e+05
1.686e-01 1.486e+05
1.437e-01 1.485e+05
1.399e-01 1.484e+05
3.236e-01 1.449e+05
1.318e-01 1.500e+05
1.308e-01 1.470e+05
1.946e-01 1.469e+05
1.438e-01 1.450e+05
1.753e-01 1.473e+05
2.508e-01 1.436e+05
1.840e-01 1.405e+05
1.296e-01 1.494e+05
2.674e-01 1.475e+05
1.207e-01 1.499e+05
2.702e-01 1.431e+05
1.766e-01 1.475e+05
1.849e-01 1.445e+05
1.555e-01 1.457e+05
1.451e-01 1.488e+05
1.767e-01 1.486e+05
1.062e-01 1.524e+05
2.234e-01 1.472e+05
1.248e-01 1.486e+05
1.580e-01 1.479e+05
1.571e-01 1.474e+05
1.887e-01 1.474e+05
8.719e-02 1.525e+05
3.403e-01 1.403e+05
1.091e-01 1.511e+05
1.765e-01 1.480e+05
1.414e-01 1.490e+05
1.546e-01 1.479e+05
1.043e-01 1.511e+05
1.771e-01 1.487e+05
9.178e-06 1.918e+04
2.490e-06 1.231e+03
1.838e-01 1.471e+05
1.195e-01 1.495e+05
1.009e-01 1.531e+05
2.662e-01 1.422e+05
3.379e-01 1.379e+05
1.433e-01 1.501e+05
1.019e-01 1.503e+05
1.497e-01 1.477e+05
1.109e-01 1.509e+05
1.245e-01 1.516e+05
3.436e-01 1.348e+05
1.085e-01 1.505e+05
2.343e-01 1.455e+05
1.415e-01 1.410e+05
8.813e-02 1.537e+05
1.697e-01 1.469e+05
4.721e-01 1.238e+05
3.068e-01 1.446e+05
9.606e-02 1.510e+05
1.797e-01 1.467e+05
1.951e-01 1.470e+05
1.665e-01 1.419e+05
1.325e-01 1.476e+05
7.629e-07 5.305e+04
1.259e-01 1.486e+05
1.585e-01 1.423e+05
1.100e-01 1.445e+05
1.486e-01 1.484e+05
9.040e-02 1.530e+05
2.671e-01 1.445e+05
1.578e-01 1.486e+05
2.996e-06 2.526e+04
2.750e-06 2.971e+04
1.513e-01 1.484e+05
9.246e-02 1.536e+05
2.487e-01 1.449e+05
9.234e-02 1.541e+05
4.733e-01 1.468e+05
1.964e-01 1.441e+05
2.443e-01 1.429e+05
4.254e-01 1.437e+05
1.819e-01 1.457e+05
2.653e-01 1.410e+05
1.216e-01 1.473e+05
2.152e-01 1.455e+05
1.956e-01 1.476e+05
1.118e-01 1.521e+05
9.207e-02 1.535e+05
2.040e-01 1.496e+05
8.345e-02 1.536e+05
1.273e-01 1.486e+05
2.857e-01 1.414e+05
1.307e-01 1.491e+05
3.150e-01 1.406e+05
7.934e-06 1.400e+04
1.539e-01 1.487e+05
7.441e-02 1.556e+05
2.605e-01 1.426e+05
2.453e-01 1.441e+05
9.637e-02 1.521e+05
1.482e-01 1.481e+05
2.932e-01 1.422e+05
1.474e-06 2.401e+04
3.160e-01 1.466e+05
2.583e-06 5.112e+04
1.365e-01 1.489e+05
1.784e-01 1.482e+05
1.925e-01 1.451e+05
1.834e-01 1.462e+05
1.231e-01 1.486e+05
2.185e-01 1.445e+05
1.071e-01 1.509e+05
8.420e-02 1.506e+05
1.331e-01 1.507e+05
2.875e-01 1.173e+05
1.577e-01 1.455e+05
1.149e-05 4.091e+04
3.893e-01 1.212e+05
1.560e-01 1.486e+05
7.646e-02 1.544e+05
2.470e-01 1.427e+05
1.203e-01 1.518e+05
1.800e-01 1.460e+05
1.173e-01 1.504e+05
2.712e-01 1.440e+05
3.591e-01 1.446e+05
1.457e-01 1.495e+05
1.842e-01 1.450e+05
1.851e-01 1.468e+05
3.925e-01 1.249e+05
1.439e-01 1.485e+05
1.596e-01 1.478e+05
1.466e-01 1.482e+05
4.503e-01 1.434e+05
1.642e-01 1.452e+05
1.160e-01 1.503e+05
1.874e-01 1.483e+05
1.786e-01 1.476e+05
1.086e-01 1.508e+05
2.237e-01 1.454e+05
5.390e-01 1.387e+05
9.359e-02 1.512e+05
1.905e-01 1.488e+05
2.370e-01 1.473e+05
3.471e-06 1.079e+04
1.359e-01 1.461e+05
4.488e-06 4.022e+04
5.076e-06 3.330e+04
5.813e-02 1.475e+05
2.549e-01 1.462e+05
1.184e-01 1.510e+05
1.504e-01 1.471e+05
1.173e-01 1.498e+05
1.596e-06 2.656e+04
4.620e-01 1.443e+05
1.316e-01 1.480e+05
1.522e-01 1.452e+05
2.493e-06 5.516e+04
1.651e-01 1.478e+05
8.667e-02 1.525e+05
1.790e-01 1.458e+05
1.486e-01 1.485e+05
1.479e-07 5.789e+04
3.751e-01 1.401e+05
4.194e-01 1.433e+05
7.902e-02 1.522e+05
3.141e-01 1.468e+05
2.883e-05 6.472e+03
1.981e-06 5.446e+03
8.138e-02 1.536e+05
1.473e-01 1.484e+05
2.384e-01 1.463e+05
1.212e-01 1.518e+05
2.804e-06 2.701e+04
2.087e-01 1.477e+05
6.003e-06 1.835e+04
8.457e-02 1.533e+05
2.958e-01 1.412e+05
1.230e-01 1.501e+05
4.281e-05 6.146e+04
4.225e-01 1.073e+05
1.135e-01 1.476e+05
1.550e-01 1.468e+05
9.030e-02 1.524e+05
7.883e-02 1.539e+05
1.916e-01 1.427e+05
1.120e-01 1.475e+05
1.368e-01 1.503e+05
1.942e-01 1.459e+05
1.970e-01 1.471e+05
3.006e-01 1.420e+05
6.390e-06 5.248e+04
3.638e-01 1.142e+05
1.309e-05 6.239e+03
9.571e-02 1.513e+05
1.453e-01 1.490e+05
1.417e-01 1.493e+05
1.648e-01 1.462e+05
2.272e-01 1.478e+05
1.260e-01 1.505e+05
1.522e-01 1.479e+05
5.924e-01 1.304e+05
4.371e-06 2.148e+04
9.744e-02 1.515e+05
1.955e-01 1.470e+05
1.369e-01 1.493e+05
1.739e-01 1.478e+05
1.877e-01 1.495e+05
2.606e-01 1.412e+05
3.435e-01 1.444e+05
1.338e-06 9.037e+03
3.991e-01 1.086e+05
1.392e-01 1.493e+05
1.564e-01 1.482e+05
9.454e-02 1.509e+05
2.277e-01 1.409e+05
7.844e-02 1.536e+05
1.193e-06 2.509e+03
3.666e-01 1.466e+05
2.983e-01 1.440e+05
1.607e-01 1.477e+05
1.074e-01 1.526e+05
1.190e-01 1.515e+05
1.324e-06 3.643e+04
5.063e-01 1.462e+05
1.801e-01 1.475e+05
2.095e-05 1.777e+04
9.593e-02 1.512e+05
9.347e-02 1.505e+05
1.386e-01 1.512e+05
1.088e-01 1.512e+05
2.900e-01 1.415e+05
1.719e-01 1.479e+05
1.318e-01 1.488e+05
5.940e-01 1.436e+05
3.542e-01 1.398e+05
2.648e-06 3.316e+04
1.426e-01 1.505e+05
4.520e-06 4.297e+04
2.835e-01 1.462e+05
2.003e-07 1.739e+04
8.273e-02 1.547e+05
1.523e-01 1.482e+05
1.919e-01 1.453e+05
2.314e-01 1.432e+05
4.762e-06 8.947e+03
1.465e-01 1.488e+05
8.292e-02 1.538e+05
9.262e-02 1.524e+05
1.628e-01 1.480e+05
5.075e-01 9.970e+04
1.744e-01 1.475e+05
1.485e-01 1.487e+05
1.119e-01 1.520e+05
4.103e-01 1.455e+05
2.601e-06 1.208e+04
1.147e-01 1.500e+05
1.467e-01 1.488e+05
9.473e-02 1.430e+05
7.642e-02 1.461e+05
1.059e-01 1.511e+05
1.701e-01 1.454e+05
3.474e-01 1.416e+05
1.899e-01 1.454e+05
3.625e-01 1.461e+05
1.721e-01 1.456e+05
1.978e-01 1.472e+05
1.232e-01 1.476e+05
1.516e-01 1.361e+05
1.222e-01 1.502e+05
1.152e-01 1.445e+05
3.001e-01 1.431e+05
1.192e-01 1.464e+05
2.603e-01 1.424e+05
9.348e-02 1.527e+05
8.003e-02 1.494e+05
1.582e-01 1.449e+05
1.320e-01 1.496e+05
1.662e-01 1.482e+05
2.587e-01 1.428e+05
1.695e-01 1.483e+05
2.887e-01 1.427e+05
1.382e-01 1.484e+05
4.106e-01 1.388e+05
2.749e-01 1.420e+05
1.737e-05 3.522e+04
2.687e-01 1.484e+05
1.588e-01 1.433e+05
3.403e-01 1.437e+05
1.346e-01 1.460e+05
8.086e-02 1.547e+05
1.229e-01 1.486e+05
1.685e-01 1.477e+05
3.296e-01 1.429e+05
1.930e-01 1.415e+05
1.320e-01 1.496e+05
2.134e-01 1.473e+05
1.129e-06 1.082e+04
1.050e-01 1.520e+05
1.681e-01 1.480e+05
1.077e-01 1.513e+05
3.137e-01 1.459e+05
2.086e-01 1.471e+05
1.432e-01 1.490e+05
2.643e-01 1.458e+05
5.247e-06 1.663e+04
2.061e-01 1.446e+05
3.581e-01 1.448e+05
1.757e-01 1.481e+05
1.144e-01 1.472e+05
1.739e-06 4.520e+03
4.369e-06 3.072e+04
8.743e-02 1.530e+05
1.961e-01 1.480e+05
1.270e-01 1.499e+05
1.024e-01 1.511e+05
9.333e-02 1.528e+05
1.793e-06 7.187e+04
9.711e-02 1.524e+05
1.013e-01 1.534e+05
1.102e-01 1.507e+05
3.795e-06 9.705e+03
1.427e-01 1.489e+05
1.747e-01 1.487e+05
8.658e-02 1.531e+05
2.528e-01 1.444e+05
1.040e-01 1.520e+05
2.235e-01 1.413e+05
1.413e-01 1.492e+05
1.161e-06 1.388e+04
1.141e-01 1.496e+05
1.443e-01 1.462e+05
1.798e-05 9.169e+03
1.379e-01 1.494e+05
1.197e-01 1.503e+05
1.911e-01 1.485e+05
1.485e-01 1.481e+05
2.042e-01 1.442e+05
6.927e-02 1.514e+05
2.370e-06 2.471e+03
9.627e-06 5.251e+04
4.400e-06 2.050e+04
1.118e-01 1.497e+05
1.153e-01 1.505e+05
4.171e-01 1.439e+05
2.111e-01 1.441e+05
1.307e-01 1.497e+05
2.764e-01 1.446e+05
1.584e-01 1.482e+05
1.244e-01 1.496e+05
1.535e-01 1.448e+05
1.131e-01 1.510e+05
1.380e-01 1.494e+05
1.020e-01 1.517e+05
1.007e-01 1.528e+05
2.310e-01 1.458e+05
8.824e-02 1.456e+05
2.122e-01 1.465e+05
2.695e-01 1.442e+05
2.209e-01 1.424e+05
1.302e-01 1.489e+05
1.887e-07 2.950e+04
1.282e-01 1.508e+05
1.789e-01 1.470e+05
1.160e-01 1.502e+05
1.144e-01 1.509e+05
1.597e-01 1.480e+05
7.991e-02 1.518e+05
1.028e-01 1.531e+05
1.862e-01 1.417e+05
1.929e-01 1.454e+05
1.784e-01 1.474e+05
5.069e-01 1.231e+05
1.579e-01 1.479e+05
2.035e-01 1.412e+05
9.998e-02 1.512e+05
9.789e-07 7.449e+04
1.393e-01 1.472e+05
1.832e-01 1.458e+05
9.059e-02 1.515e+05
1.535e-01 1.482e+05
7.852e-02 1.550e+05
1.730e-01 1.471e+05
1.413e-01 1.473e+05
8.325e-02 1.544e+05
2.432e-01 1.448e+05
1.036e-01 1.527e+05
1.417e-06 1.866e+04
7.531e-07 6.554e+04
1.454e-01 1.482e+05
1.410e-01 1.482e+05
1.812e-01 1.477e+05
3.171e-01 1.415e+05
1.409e-01 1.491e+05
8.625e-02 1.498e+05
1.795e-01 1.482e+05
1.191e-01 1.519e+05
1.193e-01 1.503e+05
9.326e-02 1.521e+05
1.873e-01 1.464e+05
1.607e-01 1.478e+05
1.785e-01 1.466e+05
1.571e-01 1.485e+05
9.003e-02 1.519e+05
1.500e-01 1.478e+05
1.630e-01 1.475e+05
2.257e-01 1.419e+05
1.321e-01 1.494e+05
1.300e-01 1.482e+05
1.657e-01 1.481e+05
9.461e-02 1.509e+05
1.930e-01 1.472e+05
1.318e-01 1.497e+05
2.074e-01 1.394e+05
2.443e-01 1.450e+05
2.033e-01 1.445e+05
1.395e-01 1.507e+05
1.359e-01 1.489e+05
1.367e-01 1.488e+05
1.805e-01 1.480e+05
3.927e-01 1.431e+05
7.488e-02 1.550e+05
7.026e-06 3.646e+04
1.352e-01 1.431e+05
2.813e-01 1.424e+05
1.639e-01 1.492e+05
1.172e-05 8.736e+02
1.540e-01 1.490e+05
2.452e-01 1.434e+05
9.699e-02 1.526e+05
1.042e-01 1.497e+05
1.618e-01 1.476e+05
3.625e-01 1.421e+05
1.066e-01 1.494e+05
1.742e-01 1.474e+05
4.576e-01 1.393e+05
1.409e-01 1.439e+05
4.387e-01 1.188e+05
1.153e-01 1.489e+05
1.180e-01 1.504e+05
1.149e-01 1.502e+05
3.065e-01 1.315e+05
2.281e-01 1.440e+05
1.201e-01 1.495e+05
1.421e-01 1.430e+05
2.282e-01 1.454e+05
2.004e-01 1.442e+05
1.196e-01 1.505e+05
1.672e-01 1.451e+05
4.069e-06 4.845e+04
1.739e-01 1.446e+05
1.757e-01 1.478e+05
8.329e-02 1.536e+05
1.067e-01 1.521e+05
1.235e-01 1.501e+05
1.477e-01 1.481e+05
1.567e-01 1.428e+05
1.018e-01 1.511e+05
4.422e-01 1.401e+05
2.078e-01 1.432e+05
1.548e-01 1.452e+05
1.249e-01 1.451e+05
1.423e-01 1.490e+05
4.978e-06 2.098e+04
2.217e-01 1.470e+05
7.564e-06 3.993e+04
1.774e-01 1.478e+05
2.701e-01 1.418e+05
1.396e-01 1.465e+05
5.384e-01 1.298e+05
1.338e-01 1.490e+05
1.393e-01 1.504e+05
1.910e-01 1.432e+05
6.153e-07 3.372e+04
1.088e-01 1.506e+05
3.753e-06 1.079e+04
2.231e-01 1.473e+05
2.128e-01 1.466e+05
1.232e-01 1.495e+05
1.285e-01 1.495e+05
2.195e-01 1.489e+05
1.528e-01 1.469e+05
4.795e-06 4.430e+04
1.266e-01 1.503e+05
5.357e-01 1.119e+05
2.116e-01 1.439e+05
1.595e-01 1.436e+05
1.616e-01 1.450e+05
1.273e-01 1.493e+05
1.720e-01 1.476e+05
1.519e-01 1.481e+05
1.654e-01 1.491e+05
1.407e-01 1.486e+05
1.259e-01 1.503e+05
2.698e-01 1.432e+05
3.281e-01 1.423e+05
5.488e-01 1.410e+05
5.812e-02 1.448e+05
1.201e-01 1.495e+05
3.254e-01 1.467e+05
1.780e-01 1.471e+05
9.648e-02 1.485e+05
9.450e-02 1.543e+05
4.008e-01 1.306e+05
6.293e-07 4.270e+03
9.600e-02 1.518e+05
2.761e-01 1.448e+05
4.312e-01 1.442e+05
1.512e-01 1.451e+05
1.999e-01 1.441e+05
2.227e-01 1.453e+05
2.866e-01 1.463e+05
7.490e-02 1.454e+05
9.752e-02 1.519e+05
1.209e-01 1.497e+05
3.639e-01 1.476e+05
1.418e-01 1.461e+05
1.382e-01 1.457e+05
8.705e-02 1.528e+05
1.331e-01 1.508e+05
9.614e-02 1.444e+05
1.299e-01 1.429e+05
8.898e-02 1.524e+05
2.114e-01 1.405e+05
2.566e-01 1.451e+05
9.633e-02 1.447e+05
1.859e-01 1.461e+05
5.655e-06 5.521e+04
1.102e-01 1.499e+05
1.641e-06 1.863e+04
9.850e-02 1.534e+05
1.898e-01 1.423e+05
2.967e-01 1.379e+05
1.870e-01 1.474e+05
9.096e-06 1.400e+04
2.603e-01 1.433e+05
2.273e-01 1.414e+05
3.209e-01 1.433e+05
2.745e-01 1.402e+05
1.369e-01 1.492e+05
1.831e-01 1.412e+05
1.862e-01 1.431e+05
1.106e-01 1.482e+05
9.499e-02 1.523e+05
9.701e-02 1.513e+05
3.676e-01 1.408e+05
1.256e-01 1.506e+05
1.161e-01 1.502e+05
3.193e-01 1.420e+05
1.290e-01 1.496e+05
1.414e-01 1.487e+05
1.719e-01 1.479e+05
1.074e-01 1.524e+05
2.026e-01 1.473e+05
1.157e-01 1.510e+05
5.498e-06 6.327e+03
1.280e-01 1.490e+05
1.824e-01 1.489e+05
2.822e-07 2.395e+04
1.502e-01 1.481e+05
9.632e-02 1.450e+05
8.828e-02 1.523e+05
2.905e-01 1.439e+05
1.942e-06 4.747e+04
1.649e-01 1.433e+05
2.040e-01 1.491e+05
9.443e-02 1.535e+05
5.176e-06 2.953e+04
2.064e-01 1.453e+05
9.728e-02 1.512e+05
1.463e-01 1.493e+05
1.931e-01 1.475e+05
1.774e-06 3.198e+04
9.438e-02 1.531e+05
8.402e-02 1.535e+05
1.304e-01 1.497e+05
1.296e-01 1.443e+05
1.554e-01 1.481e+05
2.133e-01 1.471e+05
2.219e-06 1.574e+04
1.917e-01 1.444e+05
1.209e-01 1.512e+05
1.556e-01 1.498e+05
1.528e-01 1.432e+05
1.269e-01 1.451e+05
1.226e-01 1.416e+05
1.125e-01 1.448e+05
1.549e-01 1.487e+05
9.014e-02 1.508e+05
8.454e-02 1.531e+05
2.198e-01 1.428e+05
1.481e-01 1.482e+05
1.085e-01 1.525e+05
3.333e-06 1.148e+03
1.808e-01 1.427e+05
1.526e-01 1.485e+05
2.112e-01 1.454e+05
8.406e-02 1.537e+05
2.691e-01 1.482e+05
7.893e-02 1.549e+05
3.689e-01 1.355e+05
2.531e-01 1.425e+05
1.813e-01 1.424e+05
1.943e-01 1.460e+05
1.975e-01 1.454e+05
1.132e-01 1.504e+05
1.129e-01 1.500e+05
1.072e-01 1.525e+05
1.581e-01 1.477e+05
1.128e-01 1.506e+05
1.907e-05 1.954e+04
8.653e-02 1.489e+05
1.654e-01 1.477e+05
8.972e-02 1.538e+05
2.206e-01 1.429e+05
1.013e-05 3.703e+04
3.141e-06 3.762e+04
1.041e-01 1.496e+05
1.994e-01 1.473e+05
1.244e-01 1.496e+05
9.824e-02 1.538e+05
1.513e-01 1.480e+05
1.097e-01 1.504e+05
7.378e-06 1.255e+04
9.090e-02 1.506e+05
8.208e-02 1.532e+05
9.487e-02 1.515e+05
1.145e-01 1.507e+05
9.210e-02 1.537e+05
1.550e-01 1.482e+05
4.230e-01 1.129e+05
4.908e-02 1.464e+05
1.179e-01 1.497e+05
1.310e-01 1.470e+05
2.803e-01 1.457e+05
1.141e-01 1.503e+05
3.153e-01 1.428e+05
1.608e-01 1.491e+05
1.833e-01 1.490e+05
2.343e-01 1.418e+05
1.263e-06 1.819e+04
1.347e-07 5.681e+04
1.088e-01 1.507e+05
1.466e-01 1.482e+05
3.974e-06 8.882e+04
7.722e-02 1.542e+05
1.242e-01 1.504e+05
1.511e-01 1.477e+05
1.450e-01 1.484e+05
1.342e-01 1.495e+05
8.615e-06 6.980e+03
2.148e-06 2.797e+03
2.473e-01 1.438e+05
4.035e-01 1.402e+05
1.478e-01 1.464e+05
1.207e-06 1.086e+04
2.511e-01 1.426e+05
1.358e-01 1.487e+05
1.194e-01 1.496e+05
1.836e-01 1.478e+05
1.160e-07 1.943e+04
3.026e-01 1.407e+05
1.350e-01 1.496e+05
5.103e-07 1.298e+04
3.605e-06 1.331e+04
2.021e-01 1.471e+05
1.729e-01 1.484e+05
1.376e-01 1.434e+05
1.937e-01 1.474e+05
7.881e-02 1.500e+05
8.524e-02 1.529e+05
1.133e-01 1.522e+05
1.131e-01 1.514e+05
2.312e-01 1.458e+05
1.679e-01 1.470e+05
1.152e-01 1.508e+05
2.283e-01 1.439e+05
1.600e-01 1.449e+05
1.172e-01 1.503e+05
1.155e-01 1.503e+05
2.143e-01 1.449e+05
1.342e-01 1.498e+05
2.376e-01 1.474e+05
1.546e-01 1.484e+05
9.074e-02 1.528e+05
1.445e-01 1.483e+05
9.261e-02 1.516e+05
1.767e-01 1.471e+05
9.568e-02 1.462e+05
1.014e-01 1.519e+05
2.460e-01 1.424e+05
1.671e-01 1.481e+05
8.890e-06 8.698e+03
9.817e-07 4.332e+03
4.398e-01 1.297e+05
7.706e-02 1.500e+05
1.505e-01 1.482e+05
1.701e-01 1.485e+05
1.455e-01 1.486e+05
3.302e-01 1.423e+05
8.838e-02 1.488e+05
1.778e-01 1.472e+05
1.498e-01 1.486e+05
7.977e-02 1.554e+05
8.182e-02 1.541e+05
9.016e-02 1.436e+05
1.158e-01 1.507e+05
1.509e-01 1.430e+05
1.624e-01 1.481e+05
2.071e-01 1.434e+05
1.768e-01 1.483e+05
1.100e-01 1.504e+05
8.549e-02 1.543e+05
1.628e-01 1.489e+05
1.139e-01 1.397e+05
1.983e-01 1.480e+05
7.300e-02 1.522e+05
1.614e-01 1.481e+05
1.282e-01 1.495e+05
1.465e-01 1.496e+05
2.453e-01 1.465e+05
2.051e-01 1.449e+05
1.855e-01 1.455e+05
1.742e-01 1.438e+05
1.425e-01 1.482e+05
2.736e-01 1.420e+05
1.576e-01 1.493e+05
1.837e-01 1.446e+05
1.532e-05 6.245e+04
1.807e-01 1.434e+05
5.531e-06 2.027e+04
3.696e-01 1.410e+05
1.370e-01 1.491e+05
1.505e-01 1.494e+05
1.565e-01 1.415e+05
1.394e-05 3.413e+03
2.886e-01 1.468e+05
1.151e-01 1.521e+05
9.739e-02 1.445e+05
1.167e-01 1.508e+05
8.617e-06 3.950e+04
9.778e-02 1.510e+05
2.764e-01 1.250e+05
1.303e-01 1.500e+05
1.635e-01 1.477e+05
1.884e-01 1.433e+05
1.228e-01 1.500e+05
1.335e-05 1.594e+04
3.195e-01 1.398e+05
2.342e-01 1.468e+05
1.181e-01 1.500e+05
1.726e-01 1.484e+05
9.601e-02 1.517e+05
8.988e-02 1.541e+05
1.365e-01 1.499e+05
2.116e-01 1.467e+05
8.788e-02 1.543e+05
3.700e-01 1.431e+05
1.263e-01 1.498e+05
1.853e-01 1.491e+05
8.600e-02 1.533e+05
2.487e-01 1.445e+05
1.044e-06 1.104e+04
9.041e-02 1.493e+05
8.081e-02 1.541e+05
1.441e-01 1.489e+05
1.292e-01 1.493e+05
8.008e-02 1.544e+05
1.402e-01 1.493e+05
1.440e-01 1.491e+05
1.321e-05 7.515e+03
1.241e-01 1.505e+05
6.489e-07 1.291e+04
7.105e-07 2.911e+03
1.173e-01 1.511e+05
1.391e-06 3.064e+04
3.350e-01 1.453e+05
1.297e-01 1.489e+05
1.075e-06 1.371e+04
2.229e-01 1.442e+05
5.472e-01 1.199e+05
9.227e-02 1.463e+05
1.762e-01 1.448e+05
4.094e-01 1.462e+05
4.837e-06 2.808e+03
1.606e-01 1.484e+05
1.074e-01 1.518e+05
1.389e-01 1.484e+05
1.087e-01 1.516e+05
1.819e-01 1.478e+05
3.124e-01 1.444e+05
9.788e-02 1.490e+05
3.160e-01 1.393e+05
1.434e-01 1.460e+05
1.411e-01 1.492e+05
9.055e-02 1.519e+05
2.340e-01 1.436e+05
1.204e-01 1.497e+05
5.024e-01 1.203e+05
1.302e-01 1.487e+05
1.215e-01 1.491e+05
3.253e-01 1.391e+05
1.593e-01 1.492e+05
1.130e-01 1.500e+05
1.252e-01 1.492e+05
1.264e-06 4.556e+04
1.262e-01 1.508e+05
7.170e-07 2.231e+04
9.340e-02 1.517e+05
2.754e-01 1.413e+05
1.264e-05 4.212e+04
1.207e-06 1.258e+04
3.516e-01 1.194e+05
1.927e-01 1.492e+05
1.088e-01 1.503e+05
1.524e-01 1.487e+05
9.909e-02 1.510e+05
9.698e-02 1.452e+05
1.480e-01 1.493e+05
2.834e-01 1.446e+05
8.626e-06 9.187e+03
1.417e-01 1.487e+05
4.543e-01 9.583e+04
2.188e-01 1.408e+05
1.910e-01 1.499e+05
4.273e-06 1.552e+04
1.487e-01 1.474e+05
1.208e-06 4.361e+04
1.583e-01 1.435e+05
9.443e-02 1.487e+05
1.617e-01 1.482e+05
1.655e-01 1.424e+05
1.275e-01 1.491e+05
8.943e-02 1.481e+05
1.260e-01 1.509e+05
8.727e-02 1.526e+05
1.743e-05 7.346e+03
1.195e-01 1.496e+05
7.392e-02 1.556e+05
1.025e-01 1.516e+05
1.140e-01 1.511e+05
8.692e-02 1.434e+05
1.095e-01 1.491e+05
1.327e-01 1.495e+05
4.053e-01 1.295e+05
8.573e-02 1.542e+05
1.819e-01 1.488e+05
1.049e-01 1.516e+05
3.024e-01 1.440e+05
9.116e-02 1.516e+05
1.475e-01 1.485e+05
4.638e-01 1.300e+05
1.561e-01 1.429e+05
1.558e-01 1.477e+05
1.105e-01 1.526e+05
9.337e-02 1.510e+05
1.189e-01 1.502e+05
1.401e-06 1.341e+04
1.681e-01 1.409e+05
1.187e-01 1.521e+05
4.173e-06 2.496e+04
1.900e-01 1.434e+05
2.908e-01 1.430e+05
2.291e-01 1.456e+05
6.693e-02 1.504e+05
1.013e-01 1.525e+05
2.735e-01 1.420e+05
7.847e-02 1.537e+05
1.482e-01 1.487e+05
1.283e-01 1.489e+05
1.643e-01 1.497e+05
6.591e-02 1.489e+05
1.811e-01 1.484e+05
9.699e-02 1.530e+05
3.384e-01 1.283e+05
2.134e-01 1.463e+05
1.891e-01 1.474e+05
9.502e-02 1.531e+05
9.730e-02 1.520e+05
1.298e-01 1.499e+05
1.565e-01 1.485e+05
1.968e-01 1.464e+05
1.198e-01 1.490e+05
6.931e-06 1.121e+04
3.299e-06 1.311e+04
1.356e-01 1.504e+05
1.147e-01 1.518e+05
1.098e-01 1.490e+05
1.377e-01 1.498e+05
1.966e-05 3.418e+03
2.209e-01 1.446e+05
1.872e-01 1.443e+05
8.598e-06 5.385e+04
2.319e-06 4.391e+04
1.446e-01 1.494e+05
3.072e-01 1.397e+05
1.357e-01 1.464e+05
4.610e-06 1.248e+04
3.668e-01 1.448e+05
1.441e-01 1.480e+05
1.251e-01 1.500e+05
1.186e-01 1.467e+05
7.931e-02 1.543e+05
1.385e-01 1.486e+05
1.010e-01 1.534e+05
1.371e-01 1.500e+05
1.302e-01 1.508e+05
1.279e-01 1.485e+05
2.079e-01 1.491e+05
2.065e-01 1.451e+05
1.633e-05 2.016e+04
3.148e-01 1.409e+05
9.048e-07 9.192e+03
1.204e-06 5.071e+04
2.263e-01 1.408e+05
1.743e-01 1.474e+05
1.867e-01 1.488e+05
1.405e-06 1.270e+04
1.725e-01 1.482e+05
1.290e-01 1.492e+05
7.895e-06 5.134e+04
9.385e-02 1.523e+05
1.875e-01 1.447e+05
1.378e-01 1.489e+05
8.772e-02 1.541e+05
1.302e-01 1.493e+05
7.399e-02 1.505e+05
1.457e-01 1.483e+05
1.396e-01 1.460e+05
1.018e-01 1.524e+05
1.821e-01 1.481e+05
2.020e-05 4.534e+04
1.155e-01 1.509e+05
1.509e-01 1.496e+05
1.422e-01 1.486e+05
1.467e-01 1.486e+05
4.635e-01 1.284e+05
1.386e-01 1.489e+05
2.310e-01 1.421e+05
2.365e-01 1.460e+05
1.203e-01 1.497e+05
9.617e-02 1.531e+05
8.732e-02 1.499e+05
1.427e-01 1.477e+05
1.190e-01 1.482e+05
9.938e-02 1.531e+05
1.330e-01 1.480e+05
6.106e-06 4.104e+04
8.488e-02 1.528e+05
1.711e-01 1.453e+05
1.453e-01 1.488e+05
1.594e-01 1.483e+05
1.084e-01 1.505e+05
1.227e-01 1.494e+05
1.831e-01 1.483e+05
1.747e-01 1.413e+05
1.336e-01 1.486e+05
2.161e-01 1.460e+05
1.426e-01 1.491e+05
3.034e-01 1.477e+05
1.382e-01 1.494e+05
1.439e-01 1.495e+05
8.344e-02 1.540e+05
1.114e-01 1.513e+05
1.546e-01 1.478e+05
1.059e-05 1.920e+04
1.380e-06 1.864e+04
1.406e-01 1.487e+05
1.467e-01 1.438e+05
1.015e-01 1.506e+05
4.897e-02 1.402e+05
1.195e-01 1.500e+05
3.203e-06 1.973e+04
1.732e-01 1.478e+05
1.486e-01 1.481e+05
1.801e-01 1.480e+05
1.394e-01 1.496e+05
1.158e-01 1.462e+05
2.872e-01 1.425e+05
2.486e-01 1.405e+05
1.719e-01 1.491e+05
2.121e-01 1.413e+05
1.873e-01 1.430e+05
1.284e-01 1.500e+05
7.815e-02 1.546e+05
1.981e-01 1.469e+05
3.444e-01 1.449e+05
2.247e-01 1.425e+05
1.514e-01 1.490e+05
1.944e-01 1.390e+05
1.600e-01 1.481e+05
9.383e-02 1.524e+05
2.727e-01 1.451e+05
9.937e-02 1.493e+05
1.520e-01 1.491e+05
8.552e-02 1.531e+05
1.641e-01 1.479e+05
1.789e-01 1.472e+05
3.708e-01 1.279e+05
1.309e-01 1.488e+05
1.868e-01 1.497e+05
1.328e-01 1.490e+05
1.173e-01 1.510e+05
3.264e-05 2.399e+04
1.972e-01 1.455e+05
9.433e-02 1.525e+05
1.286e-01 1.494e+05
1.418e-01 1.492e+05
2.611e-06 4.837e+03
1.165e-01 1.482e+05
8.818e-02 1.540e+05
9.964e-02 1.469e+05
1.035e-01 1.501e+05
1.416e-01 1.491e+05
1.455e-01 1.483e+05
1.557e-01 1.438e+05
3.091e-01 1.414e+05
1.335e-01 1.431e+05
1.465e-01 1.472e+05
1.135e-01 1.490e+05
9.127e-02 1.536e+05
1.282e-01 1.499e+05
1.115e-01 1.513e+05
1.805e-01 1.476e+05
2.552e-01 1.416e+05
1.154e-01 1.519e+05
1.063e-01 1.491e+05
1.702e-01 1.414e+05
7.077e-02 1.550e+05
1.474e-01 1.485e+05
1.803e-01 1.448e+05
9.396e-02 1.528e+05
8.333e-02 1.546e+05
1.056e-01 1.516e+05
8.650e-02 1.538e+05
1.506e-01 1.485e+05
1.525e-01 1.436e+05
4.725e-01 1.456e+05
2.179e-01 1.464e+05
8.321e-02 1.536e+05
1.745e-01 1.454e+05
1.773e-01 1.427e+05
1.588e-01 1.488e+05
1.552e-01 1.448e+05
1.591e-01 1.439e+05
1.108e-01 1.505e+05
1.834e-01 1.476e+05
8.254e-02 1.533e+05
9.105e-02 1.530e+05
1.269e-01 1.495e+05
1.313e-01 1.490e+05
1.645e-01 1.484e+05
1.364e-01 1.482e+05
1.387e-01 1.435e+05
7.093e-02 1.502e+05
1.785e-01 1.430e+05
1.260e-01 1.491e+05
1.234e-01 1.501e+05
1.304e-01 1.503e+05
7.968e-07 2.289e+04
2.355e-01 1.460e+05
1.757e-01 1.470e+05
1.747e-05 3.299e+04
1.072e-01 1.505e+05
2.918e-01 1.437e+05
8.815e-02 1.492e+05
1.192e-01 1.507e+05
9.727e-02 1.525e+05
1.770e-01 1.488e+05
2.281e-01 1.432e+05
1.414e-01 1.483e+05
1.048e-01 1.510e+05
2.993e-01 1.472e+05
3.002e-01 1.416e+05
2.370e-06 3.535e+04
9.107e-02 1.533e+05
3.547e-01 1.472e+05
2.108e-01 1.445e+05
1.946e-01 1.468e+05
1.230e-01 1.502e+05
1.401e-01 1.498e+05
1.617e-01 1.470e+05
9.749e-02 1.524e+05
1.640e-01 1.477e+05
1.295e-01 1.485e+05
1.170e-01 1.501e+05
1.514e-01 1.486e+05
2.462e-06 7.151e+03
1.611e-01 1.471e+05
5.886e-06 2.616e+04
1.226e-01 1.507e+05
4.440e-01 1.388e+05
2.465e-01 1.443e+05
4.945e-06 1.324e+04
8.442e-02 1.523e+05
4.606e-06 3.914e+04
3.461e-06 4.591e+04
1.237e-01 1.492e+05
8.798e-02 1.539e+05
8.293e-02 1.552e+05
1.559e-01 1.483e+05
1.386e-01 1.485e+05
3.200e-01 1.431e+05
2.533e-01 1.425e+05
1.783e-01 1.476e+05
3.198e-01 1.444e+05
7.245e-02 1.489e+05
2.047e-01 1.447e+05
5.534e-06 1.246e+04
1.241e-01 1.460e+05
1.126e-01 1.480e+05
1.750e-01 1.473e+05
2.528e-01 1.418e+05
1.986e-01 1.476e+05
2.417e-01 1.435e+05
8.254e-02 1.541e+05
2.822e-01 1.478e+05
1.758e-01 1.507e+05
5.937e-01 1.426e+05
2.897e-05 1.721e+04
1.261e-01 1.493e+05
1.511e-01 1.493e+05
2.782e-01 1.371e+05
3.750e-01 1.402e+05
6.302e-07 2.355e+04
1.303e-01 1.493e+05
1.067e-01 1.504e+05
5.181e-01 1.420e+05
1.163e-01 1.515e+05
1.678e-01 1.486e+05
4.005e-06 4.664e+04
1.643e-01 1.480e+05
2.261e-01 1.438e+05
3.007e-01 1.450e+05
5.580e-06 1.140e+04
1.663e-01 1.429e+05
1.180e-01 1.470e+05
1.117e-01 1.472e+05
9.491e-02 1.514e+05
2.120e-01 1.436e+05
1.544e-01 1.485e+05
8.638e-02 1.534e+05
1.024e-01 1.512e+05
2.544e-01 1.431e+05
2.575e-01 1.443e+05
1.673e-01 1.477e+05
1.034e-05 1.218e+04
1.802e-06 3.541e+04
1.102e-01 1.495e+05
1.716e-01 1.482e+05
1.206e-01 1.499e+05
1.281e-01 1.435e+05
2.998e-06 1.872e+04
1.843e-01 1.477e+05
4.934e-01 1.387e+05
1.458e-01 1.484e+05
2.548e-01 1.441e+05
1.255e-01 1.504e+05
1.333e-01 1.507e+05
1.238e-01 1.505e+05
2.235e-01 1.440e+05
3.142e-01 1.373e+05
1.125e-01 1.496e+05
1.337e-01 1.503e+05
1.157e-01 1.500e+05
1.823e-01 1.470e+05
8.366e-07 3.347e+04
1.378e-01 1.490e+05
7.734e-02 1.538e+05
8.391e-02 1.537e+05
8.866e-02 1.529e+05
1.425e-01 1.486e+05
8.110e-02 1.508e+05
9.086e-06 5.867e+03
8.091e-06 3.568e+04
8.917e-06 5.420e+03
1.822e-01 1.459e+05
1.128e-01 1.500e+05
1.325e-01 1.489e+05
7.217e-05 4.353e+04
9.607e-02 1.517e+05
1.294e-01 1.501e+05
1.043e-01 1.510e+05
1.480e-01 1.509e+05
1.269e-01 1.492e+05
9.913e-02 1.511e+05
1.913e-01 1.431e+05
2.525e-01 1.450e+05
1.567e-06 2.678e+04
1.826e-01 1.450e+05
9.543e-06 8.089e+04
1.353e-01 1.500e+05
1.264e-01 1.480e+05
9.865e-02 1.472e+05
1.378e-01 1.482e+05
2.746e-06 1.872e+04
2.873e-06 7.652e+03
2.170e-01 1.461e+05
2.674e-01 1.433e+05
1.658e-01 1.479e+05
1.262e-01 1.496e+05
1.335e-01 1.493e+05
1.321e-01 1.411e+05
1.895e-01 1.477e+05
1.287e-01 1.494e+05
8.964e-02 1.523e+05
8.327e-02 1.523e+05
1.135e-01 1.511e+05
1.290e-01 1.447e+05
1.061e-01 1.512e+05
2.291e-01 1.446e+05
1.476e-01 1.451e+05
1.241e-01 1.498e+05
3.241e-06 4.186e+04
9.166e-02 1.542e+05
1.792e-01 1.433e+05
1.626e-01 1.454e+05
1.377e-01 1.489e+05
2.617e-06 4.366e+04
1.617e-01 1.470e+05
1.118e-01 1.499e+05
4.274e-06 6.776e+03
1.190e-01 1.490e+05
1.106e-06 4.545e+04
1.340e-01 1.505e+05
3.145e-01 1.457e+05
1.897e-01 1.465e+05
4.466e-01 1.155e+05
2.033e-06 3.191e+04
1.100e-01 1.499e+05
1.142e-01 1.520e+05
3.164e-01 1.417e+05
4.515e-01 1.409e+05
1.131e-01 1.487e+05
1.340e-06 4.272e+04
9.857e-02 1.529e+05
1.954e-06 1.232e+03
2.753e-01 1.412e+05
1.153e-01 1.465e+05
3.185e-01 1.426e+05
2.817e-01 1.400e+05
1.663e-01 1.491e+05
2.871e-01 1.417e+05
1.627e-01 1.457e+05
1.172e-01 1.516e+05
1.728e-01 1.479e+05
2.390e-01 1.440e+05
1.487e-01 1.495e+05
1.016e-01 1.507e+05
1.548e-01 1.488e+05
1.700e-01 1.423e+05
1.569e-01 1.481e+05
1.095e-01 1.447e+05
1.724e-06 3.557e+04
1.235e-01 1.491e+05
8.483e-02 1.539e+05
1.205e-01 1.518e+05
5.034e-01 1.433e+05
2.213e-01 1.445e+05
3.503e-01 1.408e+05
1.097e-01 1.504e+05
1.168e-01 1.509e+05
3.226e-01 1.475e+05
5.457e-06 7.938e+03
1.317e-01 1.491e+05
1.971e-01 1.451e+05
1.187e-01 1.500e+05
1.923e-01 1.458e+05
1.518e-01 1.482e+05
1.435e-01 1.453e+05
2.849e-01 1.229e+05
5.843e-01 1.274e+05
1.644e-01 1.469e+05
1.525e-01 1.479e+05
4.080e-06 1.369e+04
1.103e-01 1.504e+05
1.485e-01 1.485e+05
1.530e-01 1.465e+05
1.156e-01 1.500e+05
1.502e-01 1.445e+05
3.316e-01 1.396e+05
2.777e-01 1.401e+05
1.471e-01 1.449e+05
1.627e-01 1.468e+05
1.146e-01 1.506e+05
1.766e-01 1.479e+05
1.607e-06 2.525e+04
8.185e-02 1.541e+05
1.764e-01 1.477e+05
1.356e-01 1.512e+05
1.628e-01 1.476e+05
1.853e-01 1.441e+05
1.484e-01 1.484e+05
8.687e-02 1.512e+05
2.630e-01 1.475e+05
1.056e-01 1.503e+05
4.193e-01 1.421e+05
2.004e-01 1.489e+05
1.236e-01 1.494e+05
1.331e-01 1.486e+05
1.678e-01 1.447e+05
1.808e-01 1.465e+05
1.439e-01 1.504e+05
2.257e-01 1.481e+05
9.550e-02 1.522e+05
1.720e-01 1.463e+05
8.786e-02 1.537e+05
1.307e-01 1.507e+05
1.157e-01 1.503e+05
1.472e-05 1.563e+04
9.122e-02 1.540e+05
7.715e-02 1.485e+05
1.346e-01 1.482e+05
2.764e-01 1.411e+05
5.239e-01 1.115e+05
1.256e-01 1.445e+05
2.654e-01 1.431e+05
1.174e-01 1.475e+05
1.602e-01 1.475e+05
1.301e-01 1.504e+05
8.339e-02 1.547e+05
3.219e-01 1.421e+05
7.816e-06 2.524e+04
9.516e-02 1.515e+05
3.092e-01 1.457e+05
1.941e-01 1.417e+05
1.302e-01 1.487e+05
1.725e-01 1.450e+05
1.946e-01 1.479e+05
3.930e-01 1.404e+05
2.351e-01 1.446e+05
1.320e-01 1.492e+05
9.771e-02 1.524e+05
1.369e-01 1.438e+05
1.081e-01 1.513e+05
8.256e-02 1.528e+05
1.530e-01 1.482e+05
1.433e-01 1.490e+05
1.209e-01 1.494e+05
1.691e-01 1.471e+05
8.109e-02 1.533e+05
1.429e-01 1.487e+05
3.548e-06 3.133e+04
9.701e-02 1.529e+05
2.519e-01 1.434e+05
1.069e-01 1.515e+05
1.363e-01 1.432e+05
1.084e-05 1.478e+04
4.165e-01 1.459e+05
1.063e-01 1.512e+05
1.754e-01 1.453e+05
5.284e-01 1.436e+05
1.540e-01 1.457e+05
1.492e-01 1.436e+05
1.196e-07 2.168e+04
1.336e-01 1.487e+05
7.354e-06 3.070e+04
4.347e-01 1.454e+05
1.458e-01 1.483e+05
2.166e-01 1.410e+05
1.657e-01 1.478e+05
1.171e-01 1.516e+05
5.729e-06 2.928e+04
9.665e-02 1.530e+05
2.103e-01 1.416e+05
4.277e-01 1.425e+05
1.228e-01 1.495e+05
9.027e-02 1.524e+05
4.920e-06 4.401e+04
1.237e-07 1.533e+04
1.378e-01 1.495e+05
3.433e-01 1.472e+05
1.989e-01 1.421e+05
1.577e-01 1.476e+05
1.435e-01 1.466e+05
1.400e-01 1.489e+05
3.713e-01 1.425e+05
1.265e-01 1.499e+05
1.812e-01 1.475e+05
1.878e-01 1.470e+05
2.301e-01 1.420e+05
3.356e-06 1.130e+04
1.229e-01 1.492e+05
8.442e-02 1.531e+05
1.304e-01 1.421e+05
1.190e-01 1.491e+05
1.298e-01 1.487e+05
5.497e-01 1.469e+05
1.094e-01 1.510e+05
2.812e-01 1.464e+05
1.026e-01 1.505e+05
1.224e-01 1.511e+05
1.048e-01 1.523e+05
1.063e-01 1.508e+05
1.522e-01 1.440e+05
1.028e-01 1.524e+05
1.470e-01 1.488e+05
2.245e-01 1.451e+05
3.856e-01 1.426e+05
2.019e-01 1.425e+05
2.095e-01 1.481e+05
7.980e-02 1.547e+05
2.861e-01 1.474e+05
1.782e-01 1.471e+05
8.254e-02 1.510e+05
3.853e-01 1.431e+05
1.368e-01 1.502e+05
4.404e-01 1.431e+05
5.990e-01 1.016e+05
1.229e-01 1.516e+05
1.251e-01 1.499e+05
1.635e-01 1.464e+05
2.013e-06 1.893e+04
1.412e-01 1.452e+05
1.767e-01 1.426e+05
7.562e-02 1.547e+05
1.903e-01 1.491e+05
1.059e-01 1.473e+05
4.118e-01 1.460e+05
1.826e-01 1.473e+05
1.309e-01 1.514e+05
1.996e-01 1.444e+05
1.607e-01 1.488e+05
7.668e-02 1.550e+05
7.078e-02 1.482e+05
1.041e-01 1.510e+05
1.398e-01 1.496e+05
1.371e-01 1.507e+05
4.207e-06 4.669e+04
1.220e-01 1.486e+05
1.693e-01 1.482e+05
2.790e-01 1.431e+05
3.905e-01 1.345e+05
1.859e-01 1.477e+05
2.113e-01 1.489e+05
1.147e-01 1.515e+05
1.713e-01 1.464e+05
1.109e-07 1.819e+04
1.309e-01 1.497e+05
1.307e-01 1.495e+05
1.348e-01 1.502e+05
6.393e-06 2.676e+04
2.313e-01 1.466e+05
2.411e-01 1.430e+05
7.391e-02 1.546e+05
1.186e-01 1.439e+05
1.784e-01 1.435e+05
1.432e-01 1.468e+05
2.249e-01 1.469e+05
1.973e-06 3.576e+04
2.871e-01 1.419e+05
9.328e-02 1.521e+05
1.542e-01 1.476e+05
1.654e-01 1.476e+05
1.358e-01 1.487e+05
5.608e-01 1.057e+05
1.460e-01 1.493e+05
6.028e-06 1.552e+04
1.738e-01 1.474e+05
2.102e-01 1.433e+05
3.613e-01 1.423e+05
1.555e-01 1.488e+05
2.920e-08 2.584e+03
1.412e-01 1.490e+05
1.338e-01 1.466e+05
1.005e-01 1.475e+05
1.123e-01 1.510e+05
1.262e-01 1.501e+05
1.862e-01 1.476e+05
8.807e-02 1.539e+05
1.460e-01 1.486e+05
1.529e-01 1.489e+05
1.580e-01 1.475e+05
4.330e-01 1.455e+05
7.852e-02 1.500e+05
1.508e-01 1.485e+05
9.634e-02 1.524e+05
9.974e-08 2.736e+04
2.178e-01 1.416e+05
2.074e-05 1.356e+04
1.582e-01 1.469e+05
6.054e-06 3.956e+04
9.083e-02 1.537e+05
2.358e-01 1.435e+05
4.273e-01 1.408e+05
1.363e-01 1.484e+05
9.362e-02 1.524e+05
1.215e-01 1.500e+05
2.370e-01 1.440e+05
1.079e-01 1.507e+05
2.055e-01 1.460e+05
1.775e-01 1.474e+05
3.303e-01 1.459e+05
1.645e-01 1.483e+05
1.992e-01 1.489e+05
1.380e-01 1.483e+05
1.688e-01 1.455e+05
1.517e-01 1.485e+05
1.883e-06 5.206e+04
2.536e-01 1.434e+05
1.243e-01 1.495e+05
3.438e-06 9.060e+03
1.681e-01 1.480e+05
9.947e-02 1.509e+05
2.292e-01 1.453e+05
3.659e-01 1.234e+05
1.032e-01 1.531e+05
2.869e-06 3.335e+04
1.052e-05 6.010e+04
1.110e-01 1.506e+05
2.101e-01 1.452e+05
1.157e-01 1.491e+05
2.145e-01 1.451e+05
2.976e-01 1.427e+05
3.180e-01 1.431e+05
1.524e-01 1.493e+05
1.387e-01 1.487e+05
1.726e-01 1.499e+05
1.629e-01 1.460e+05
1.957e-01 1.476e+05
8.762e-02 1.539e+05
8.300e-02 1.526e+05
4.718e-01 1.443e+05
1.106e-01 1.487e+05
3.306e-07 1.714e+04
1.982e-05 1.973e+04
1.450e-01 1.479e+05
7.374e-08 7.258e+03
2.882e-01 1.480e+05
1.724e-01 1.477e+05
1.873e-01 1.443e+05
1.318e-01 1.496e+05
2.061e-01 1.474e+05
1.349e-05 8.044e+04
1.314e-01 1.496e+05
1.399e-01 1.487e+05
3.449e-01 1.151e+05
1.146e-01 1.432e+05
1.197e-01 1.511e+05
1.118e-01 1.507e+05
1.434e-01 1.452e+05
1.866e-01 1.449e+05
1.990e-01 1.441e+05
1.189e-01 1.492e+05
1.178e-01 1.519e+05
1.526e-01 1.454e+05
1.163e-01 1.453e+05
1.376e-01 1.501e+05
1.333e-01 1.489e+05
1.139e-01 1.501e+05
1.714e-01 1.494e+05
1.229e-01 1.492e+05
1.528e-01 1.483e+05
1.002e-01 1.511e+05
8.825e-02 1.534e+05
1.376e-01 1.490e+05
7.727e-02 1.554e+05
1.369e-01 1.441e+05
2.286e-01 1.455e+05
1.437e-01 1.464e+05
8.333e-02 1.528e+05
7.922e-02 1.538e+05
2.011e-01 1.441e+05
2.411e-01 1.422e+05
1.207e-01 1.475e+05
1.544e-01 1.493e+05
1.059e-01 1.448e+05
6.781e-06 8.502e+03
1.366e-01 1.505e+05
5.066e-07 3.003e+04
1.180e-01 1.504e+05
1.123e-01 1.512e+05
3.410e-01 1.469e+05
6.799e-06 4.658e+04
5.355e-01 1.041e+05
3.925e-06 1.512e+04
2.486e-01 1.436e+05
1.052e-05 3.008e+04
2.821e-06 1.972e+04
1.431e-01 1.482e+05
2.231e-01 1.436e+05
1.169e-01 1.509e+05
1.679e-01 1.468e+05
1.593e-01 1.476e+05
1.284e-05 4.570e+03
4.010e-06 3.384e+04
1.525e-01 1.473e+05
1.626e-01 1.476e+05
1.189e-01 1.496e+05
1.039e-01 1.528e+05
3.342e-01 1.423e+05
3.982e-01 1.410e+05
1.518e-01 1.454e+05
2.628e-01 1.287e+05
1.277e-01 1.488e+05
4.517e-01 1.423e+05
4.334e-06 7.487e+03
1.817e-01 1.452e+05
1.022e-01 1.518e+05
1.367e-01 1.406e+05
4.245e-01 1.418e+05
1.283e-01 1.502e+05
2.773e-01 1.421e+05
1.399e-01 1.487e+05
2.977e-06 1.604e+04
1.018e-01 1.474e+05
1.530e-01 1.503e+05
4.054e-06 3.193e+04
1.051e-01 1.513e+05
9.602e-02 1.540e+05
1.230e-05 4.431e+03
1.365e-01 1.489e+05
9.574e-02 1.512e+05
1.714e-01 1.479e+05
2.671e-01 1.416e+05
1.989e-01 1.437e+05
1.963e-01 1.470e+05
1.191e-01 1.503e+05
1.512e-01 1.469e+05
1.482e-01 1.487e+05
5.496e-07 1.086e+04
1.986e-05 3.654e+04
1.151e-01 1.443e+05
2.390e-06 6.102e+04
1.305e-01 1.446e+05
1.319e-01 1.489e+05
2.590e-01 1.396e+05
2.621e-01 1.439e+05
1.728e-01 1.441e+05
1.677e-01 1.481e+05
5.844e-01 1.236e+05
1.565e-01 1.481e+05
1.246e-01 1.446e+05
1.321e-01 1.499e+05
1.278e-05 1.120e+04
7.341e-06 2.002e+04
7.846e-02 1.539e+05
1.701e-01 1.475e+05
1.839e-01 1.449e+05
4.276e-06 8.662e+03
3.629e-06 2.463e+04
5.642e-01 1.286e+05
1.671e-01 1.478e+05
2.561e-07 1.011e+04
8.887e-02 1.538e+05
2.425e-01 1.430e+05
1.043e-01 1.513e+05
2.944e-01 1.448e+05
1.472e-01 1.508e+05
1.115e-01 1.507e+05
2.371e-01 1.464e+05
8.603e-02 1.539e+05
7.870e-02 1.506e+05
1.528e-01 1.487e+05
1.762e-01 1.433e+05
1.324e-01 1.476e+05
1.367e-01 1.495e+05
1.087e-01 1.477e+05
2.499e-01 1.453e+05
1.066e-01 1.512e+05
2.636e-01 1.401e+05
1.090e-01 1.527e+05
4.578e-06 1.795e+04
1.068e-01 1.510e+05
2.923e-01 1.422e+05
8.970e-02 1.518e+05
1.081e-01 1.465e+05
1.243e-05 2.152e+04
9.473e-02 1.481e+05
2.489e-01 1.399e+05
8.097e-02 1.536e+05
5.412e-01 1.385e+05
1.972e-01 1.446e+05
1.053e-01 1.516e+05
3.860e-06 8.587e+03
1.243e-01 1.493e+05
1.421e-05 6.072e+03
1.028e-01 1.522e+05
1.068e-01 1.528e+05
1.052e-01 1.524e+05
8.304e-02 1.538e+05
1.157e-01 1.502e+05
3.122e-01 1.424e+05
1.846e-01 1.431e+05
1.208e-01 1.506e+05
1.319e-01 1.486e+05
9.602e-06 9.059e+03
1.370e-05 1.726e+04
1.291e-01 1.492e+05
9.021e-07 6.333e+04
1.476e-01 1.481e+05
2.319e-01 1.450e+05
2.251e-01 1.415e+05
7.293e-07 1.021e+04
7.800e-07 5.012e+04
4.992e-01 1.361e+05
1.178e-06 1.354e+04
8.914e-02 1.543e+05
1.840e-01 1.471e+05
1.236e-01 1.502e+05
3.188e-01 1.407e+05
8.439e-02 1.459e+05
1.259e-01 1.500e+05
1.622e-01 1.476e+05
3.411e-01 1.437e+05
2.399e-01 1.425e+05
1.028e-01 1.532e+05
2.493e-06 2.146e+04
1.342e-01 1.451e+05
1.418e-06 1.542e+04
1.474e-01 1.460e+05
1.249e-01 1.509e+05
4.854e-01 1.408e+05
1.071e-01 1.528e+05
1.306e-01 1.437e+05
1.504e-01 1.484e+05
2.509e-01 1.422e+05
2.358e-01 1.447e+05
6.069e-06 6.744e+04
1.955e-01 1.466e+05
1.555e-01 1.483e+05
2.668e-01 1.480e+05
1.305e-01 1.490e+05
2.193e-01 1.485e+05
1.258e-01 1.506e+05
1.131e-01 1.498e+05
2.250e-01 1.441e+05
1.405e-01 1.487e+05
1.742e-01 1.481e+05
1.152e-01 1.503e+05
1.717e-01 1.477e+05
1.175e-01 1.489e+05
1.467e-01 1.476e+05
1.062e-01 1.450e+05
1.354e-01 1.494e+05
1.290e-01 1.493e+05
9.851e-02 1.512e+05
9.695e-02 1.528e+05
9.734e-07 2.018e+04
1.492e-06 3.909e+04
3.483e-06 2.405e+04
8.452e-02 1.502e+05
1.015e-01 1.507e+05
1.044e-05 2.365e+04
9.621e-02 1.524e+05
2.602e-01 1.430e+05
3.468e-01 1.435e+05
8.677e-02 1.538e+05
1.621e-01 1.425e+05
2.206e-01 1.454e+05
3.310e-06 1.460e+04
1.582e-01 1.448e+05
3.522e-01 1.418e+05
2.281e-01 1.458e+05
2.440e-01 1.436e+05
1.237e-06 5.425e+04
1.735e-05 3.033e+04
1.111e-01 1.498e+05
2.324e-01 1.402e+05
2.244e-01 1.470e+05
1.336e-01 1.493e+05
1.605e-01 1.480e+05
2.111e-01 1.440e+05
1.594e-01 1.484e+05
3.656e-01 1.471e+05
3.543e-06 2.995e+04
1.384e-01 1.462e+05
4.032e-01 1.462e+05
1.798e-01 1.444e+05
1.802e-01 1.462e+05
1.625e-01 1.502e+05
1.163e-01 1.501e+05
1.348e-01 1.446e+05
1.384e-01 1.509e+05
7.719e-02 1.501e+05
1.216e-01 1.496e+05
5.013e-06 2.046e+04
1.756e-01 1.454e+05
1.056e-05 5.745e+03
1.774e-01 1.482e+05
6.043e-06 2.987e+03
3.180e-01 1.407e+05
9.009e-02 1.504e+05
2.655e-01 1.467e+05
2.139e-01 1.481e+05
9.792e-02 1.525e+05
1.788e-01 1.472e+05
4.304e-01 9.744e+04
9.943e-02 1.515e+05
1.049e-05 3.054e+04
1.231e-01 1.499e+05
1.325e-01 1.485e+05
2.403e-01 1.464e+05
1.802e-01 1.485e+05
9.691e-02 1.523e+05
9.847e-02 1.525e+05
9.658e-02 1.515e+05
3.574e-01 1.244e+05
1.466e-01 1.495e+05
1.256e-01 1.456e+05
9.416e-02 1.528e+05
1.184e-01 1.503e+05
1.040e-01 1.518e+05
2.062e-01 1.416e+05
1.126e-01 1.502e+05
2.345e-01 1.427e+05
8.007e-02 1.551e+05
2.802e-06 3.306e+04
1.382e-01 1.491e+05
1.463e-06 3.635e+04
1.424e-01 1.485e+05
9.443e-02 1.527e+05
1.609e-01 1.474e+05
8.427e-02 1.528e+05
1.318e-01 1.493e+05
1.429e-01 1.488e+05
9.074e-02 1.522e+05
1.017e-01 1.477e+05
3.444e-01 1.421e+05
2.769e-06 2.611e+04
2.157e-01 1.475e+05
1.649e-01 1.444e+05
1.795e-06 2.608e+04
3.428e-01 1.371e+05
9.918e-02 1.513e+05
1.795e-01 1.432e+05
3.425e-01 1.450e+05
1.946e-01 1.403e+05
1.382e-01 1.489e+05
5.467e-07 5.671e+04
1.397e-01 1.480e+05
1.461e-01 1.491e+05
1.262e-01 1.498e+05
1.687e-01 1.481e+05
8.334e-06 1.401e+04
5.014e-01 1.320e+05
1.723e-01 1.489e+05
5.489e-02 1.495e+05
3.449e-01 1.468e+05
3.195e-01 1.448e+05
4.496e-02 1.376e+05
1.665e-01 1.458e+05
1.388e-01 1.494e+05
1.258e-01 1.491e+05
1.543e-01 1.475e+05
3.206e-01 1.479e+05
8.609e-02 1.540e+05
2.088e-01 1.416e+05
2.192e-01 1.445e+05
2.318e-01 1.482e+05
1.833e-01 1.469e+05
2.442e-01 1.469e+05
1.639e-01 1.497e+05
1.119e-01 1.438e+05
1.221e-01 1.499e+05
1.112e-01 1.519e+05
9.451e-02 1.527e+05
1.120e-01 1.509e+05
1.749e-01 1.429e+05
1.361e-01 1.497e+05
1.292e-01 1.512e+05
5.102e-07 1.037e+04
3.161e-01 1.422e+05
9.528e-02 1.530e+05
2.850e-01 1.444e+05
1.674e-01 1.486e+05
1.491e-06 4.076e+04
5.428e-01 1.411e+05
1.202e-01 1.495e+05
1.069e-01 1.502e+05
4.175e-01 1.390e+05
2.119e-01 1.465e+05
1.841e-01 1.473e+05
1.668e-01 1.480e+05
3.554e-01 1.429e+05
1.012e-01 1.515e+05
8.873e-02 1.528e+05
1.087e-01 1.495e+05
9.911e-02 1.518e+05
1.034e-05 1.286e+04
1.084e-01 1.511e+05
1.647e-01 1.474e+05
1.456e-01 1.493e+05
1.791e-01 1.476e+05
2.585e-06 1.778e+04
1.318e-01 1.454e+05
1.330e-01 1.489e+05
1.309e-01 1.494e+05
5.153e-01 1.461e+05
1.476e-01 1.493e+05
1.066e-01 1.510e+05
8.756e-02 1.530e+05
1.248e-01 1.514e+05
1.980e-01 1.471e+05
1.620e-01 1.466e+05
1.645e-01 1.476e+05
2.498e-05 5.897e+03
5.382e-02 1.466e+05
1.250e-01 1.495e+05
4.981e-06 2.349e+04
8.397e-07 3.222e+04
8.083e-02 1.537e+05
2.646e-01 1.401e+05
9.504e-02 1.514e+05
1.501e-01 1.487e+05
1.067e-01 1.522e+05
8.467e-02 1.513e+05
1.223e-01 1.494e+05
9.865e-02 1.518e+05
5.594e-06 2.074e+04
7.446e-02 1.497e+05
1.299e-01 1.494e+05
1.391e-01 1.485e+05
1.438e-01 1.498e+05
1.181e-06 4.787e+04
1.436e-01 1.460e+05
1.434e-01 1.491e+05
1.560e-01 1.480e+05
8.135e-02 1.548e+05
1.067e-01 1.516e+05
1.390e-01 1.487e+05
1.100e-01 1.485e+05
4.187e-06 3.598e+01
8.741e-02 1.542e+05
3.515e-01 1.458e+05
1.859e-01 1.448e+05
3.365e-06 1.325e+04
1.183e-01 1.503e+05
2.536e-01 1.450e+05
1.551e-01 1.495e+05
1.426e-01 1.438e+05
1.091e-01 1.513e+05
1.401e-01 1.499e+05
6.268e-02 1.508e+05
2.675e-01 1.419e+05
1.534e-01 1.481e+05
7.852e-02 1.362e+05
1.598e-06 5.534e+03
1.008e-01 1.517e+05
9.825e-02 1.518e+05
1.582e-01 1.477e+05
1.414e-01 1.469e+05
1.464e-01 1.480e+05
1.593e-01 1.479e+05
8.884e-02 1.519e+05
1.148e-01 1.498e+05
2.532e-01 1.430e+05
2.048e-06 1.682e+04
1.327e-01 1.488e+05
2.255e-01 1.473e+05
1.353e-01 1.484e+05
1.398e-01 1.488e+05
1.062e-01 1.511e+05
1.199e-01 1.486e+05
7.927e-02 1.547e+05
1.149e-01 1.500e+05
1.214e-01 1.493e+05
1.118e-01 1.512e+05
1.243e-06 1.232e+04
3.703e-07 1.279e+04
1.038e-01 1.538e+05
1.306e-01 1.491e+05
9.116e-02 1.516e+05
1.474e-01 1.447e+05
1.649e-01 1.472e+05
1.049e-01 1.515e+05
1.222e-01 1.513e+05
1.613e-01 1.489e+05
1.329e-01 1.497e+05
2.173e-01 1.431e+05
1.597e-01 1.448e+05
1.383e-01 1.496e+05
1.607e-01 1.479e+05
1.236e-01 1.438e+05
1.040e-05 7.985e+03
1.254e-01 1.494e+05
1.346e-01 1.496e+05
2.106e-01 1.421e+05
1.304e-01 1.499e+05
1.471e-01 1.436e+05
1.227e-01 1.499e+05
1.537e-01 1.480e+05
2.137e-01 1.415e+05
1.759e-01 1.476e+05
1.105e-01 1.524e+05
1.333e-01 1.499e+05
1.582e-01 1.483e+05
4.181e-01 1.420e+05
1.408e-01 1.488e+05
1.442e-01 1.496e+05
7.599e-06 4.298e+04
5.148e-06 5.261e+04
2.484e-07 4.437e+04
8.026e-02 1.543e+05
1.380e-01 1.480e+05
1.330e-01 1.484e+05
1.251e-01 1.442e+05
2.640e-01 1.453e+05
4.668e-01 1.409e+05
1.470e-01 1.482e+05
1.460e-01 1.464e+05
1.509e-01 1.486e+05
3.891e-01 1.441e+05
4.966e-01 1.430e+05
4.775e-01 1.262e+05
2.479e-01 1.439e+05
9.001e-02 1.519e+05
1.610e-01 1.473e+05
1.027e-01 1.513e+05
1.485e-01 1.485e+05
8.800e-02 1.487e+05
9.563e-07 5.114e+04
1.029e-01 1.513e+05
2.012e-06 1.855e+04
2.026e-01 1.427e+05
2.690e-01 1.446e+05
1.022e-01 1.527e+05
1.168e-01 1.506e+05
2.891e-01 1.406e+05
1.446e-01 1.484e+05
1.460e-01 1.493e+05
9.548e-02 1.535e+05
1.709e-01 1.465e+05
8.165e-02 1.540e+05
8.583e-02 1.517e+05
1.395e-01 1.494e+05
8.598e-02 1.541e+05
5.473e-01 1.417e+05
1.712e-01 1.481e+05
1.225e-01 1.498e+05
5.023e-01 1.149e+05
1.014e-05 4.179e+04
1.606e-01 1.481e+05
3.658e-01 1.416e+05
8.779e-02 1.388e+05
1.375e-01 1.485e+05
7.214e-02 1.517e+05
2.232e-01 1.436e+05
1.374e-01 1.475e+05
7.622e-02 1.389e+05
1.292e-01 1.487e+05
1.225e-01 1.492e+05
7.026e-02 1.557e+05
2.497e-01 1.433e+05
2.327e-06 6.580e+04
1.115e-01 1.503e+05
1.423e-01 1.483e+05
1.150e-01 1.502e+05
7.574e-06 1.468e+04
1.327e-01 1.504e+05
1.478e-01 1.485e+05
6.591e-06 4.359e+04
1.509e-01 1.490e+05
1.484e-01 1.449e+05
2.302e-01 1.422e+05
9.863e-02 1.538e+05
1.750e-01 1.477e+05
9.941e-02 1.529e+05
1.333e-01 1.489e+05
1.283e-01 1.428e+05
1.334e-01 1.500e+05
8.827e-02 1.528e+05
1.079e-01 1.503e+05
6.319e-02 1.476e+05
1.146e-01 1.509e+05
1.182e-01 1.453e+05
1.010e-01 1.508e+05
1.444e-01 1.450e+05
1.717e-01 1.465e+05
1.565e-01 1.449e+05
1.220e-01 1.495e+05
3.378e-01 1.416e+05
2.561e-01 1.464e+05
1.134e-01 1.503e+05
3.051e-01 1.449e+05
1.439e-01 1.425e+05
1.706e-01 1.479e+05
5.395e-01 1.233e+05
8.098e-02 1.540e+05
9.317e-02 1.530e+05
1.666e-01 1.483e+05
1.731e-01 1.476e+05
1.009e-01 1.529e+05
1.166e-06 1.221e+04
1.013e-01 1.507e+05
1.354e-01 1.494e+05
4.142e-01 1.413e+05
3.547e-01 1.439e+05
1.758e-01 1.435e+05
5.741e-01 1.332e+05
2.501e-01 1.437e+05
8.459e-02 1.441e+05
3.908e-01 1.450e+05
1.887e-01 1.478e+05
1.878e-05 3.388e+04
1.028e-01 1.519e+05
1.227e-01 1.489e+05
1.027e-01 1.490e+05
1.652e-01 1.427e+05
9.565e-02 1.534e+05
1.589e-01 1.483e+05
1.534e-01 1.486e+05
1.356e-01 1.465e+05
1.523e-01 1.467e+05
1.037e-01 1.438e+05
2.238e-01 1.407e+05
1.433e-01 1.490e+05
1.424e-01 1.466e+05
1.571e-01 1.485e+05
1.071e-01 1.511e+05
1.378e-01 1.496e+05
1.162e-01 1.498e+05
9.624e-02 1.519e+05
1.005e-01 1.532e+05
1.115e-01 1.529e+05
1.578e-01 1.483e+05
1.482e-01 1.469e+05
1.254e-01 1.492e+05
9.351e-02 1.529e+05
4.342e-06 4.400e+01
1.319e-01 1.491e+05
1.616e-01 1.497e+05
1.717e-01 1.449e+05
6.988e-02 1.494e+05
1.544e-01 1.511e+05
1.604e-01 1.486e+05
9.809e-02 1.494e+05
1.391e-01 1.501e+05
1.396e-01 1.486e+05
1.270e-01 1.464e+05
1.535e-01 1.497e+05
1.143e-01 1.505e+05
2.484e-01 1.437e+05
3.795e-06 2.277e+04
1.538e-01 1.480e+05
1.592e-01 1.480e+05
3.625e-01 1.434e+05
1.253e-01 1.489e+05
1.511e-01 1.501e+05
1.027e-01 1.525e+05
9.147e-02 1.524e+05
3.072e-01 1.348e+05
9.563e-07 4.398e+04
1.516e-05 2.111e+04
1.542e-01 1.484e+05
1.344e-01 1.492e+05
1.066e-01 1.516e+05
1.813e-01 1.487e+05
2.659e-01 1.411e+05
1.526e-06 1.077e+04
8.599e-06 1.066e+04
7.316e-02 1.487e+05
1.216e-01 1.496e+05
2.102e-01 1.387e+05
2.382e-01 1.420e+05
1.543e-01 1.475e+05
1.506e-01 1.459e+05
1.189e-01 1.510e+05
3.275e-01 1.471e+05
2.924e-01 1.429e+05
1.482e-01 1.473e+05
1.468e-01 1.479e+05
1.807e-01 1.442e+05
9.691e-02 1.525e+05
8.458e-07 7.859e+03
1.691e-01 1.482e+05
6.504e-02 1.442e+05
1.308e-01 1.492e+05
5.043e-01 1.404e+05
1.879e-01 1.495e+05
9.458e-02 1.524e+05
2.965e-01 1.418e+05
2.535e-01 1.448e+05
5.107e-06 2.120e+04
2.164e-01 1.482e+05
1.609e-01 1.481e+05
1.393e-01 1.481e+05
3.372e-01 1.419e+05
1.068e-01 1.528e+05
1.108e-01 1.497e+05
8.944e-02 1.533e+05
5.163e-06 4.808e+04
4.492e-01 1.401e+05
1.014e-01 1.531e+05
1.423e-01 1.461e+05
9.781e-02 1.514e+05
1.538e-01 1.491e+05
1.604e-01 1.480e+05
1.834e-01 1.471e+05
2.041e-06 1.786e+04
1.098e-05 3.206e+04
2.509e-01 1.448e+05
1.308e-01 1.498e+05
1.658e-01 1.476e+05
1.223e-01 1.497e+05
1.524e-01 1.475e+05
3.266e-01 1.463e+05
2.616e-01 1.469e+05
2.140e-01 1.445e+05
1.524e-01 1.475e+05
1.512e-01 1.484e+05
1.145e-01 1.508e+05
1.508e-01 1.478e+05
1.028e-01 1.427e+05
2.025e-01 1.298e+05
2.228e-05 1.108e+04
1.437e-01 1.414e+05
1.296e-01 1.417e+05
9.874e-07 6.825e+03
1.384e-01 1.441e+05
1.011e-01 1.500e+05
2.189e-01 1.431e+05
1.375e-01 1.502e+05
1.581e-01 1.494e+05
1.330e-01 1.429e+05
8.563e-02 1.506e+05
1.753e-01 1.473e+05
1.210e-01 1.508e+05
9.056e-02 1.536e+05
4.266e-06 2.781e+04
2.123e-01 1.475e+05
1.043e-05 4.806e+04
1.279e-01 1.489e+05
3.126e-01 1.454e+05
1.708e-01 1.479e+05
9.523e-02 1.448e+05
1.069e-01 1.506e+05
1.165e-01 1.502e+05
2.411e-06 1.110e+04
1.051e-01 1.510e+05
1.006e-01 1.514e+05
7.913e-02 1.539e+05
1.404e-01 1.461e+05
1.690e-01 1.466e+05
1.217e-01 1.516e+05
2.630e-01 1.427e+05
1.391e-01 1.504e+05
9.022e-02 1.542e+05
1.104e-01 1.495e+05
1.151e-01 1.503e+05
1.470e-01 1.496e+05
1.269e-01 1.484e+05
1.463e-01 1.477e+05
1.639e-01 1.487e+05
1.602e-01 1.477e+05
3.263e-01 1.421e+05
1.330e-01 1.494e+05
4.098e-01 1.435e+05
3.122e-01 1.452e+05
1.208e-01 1.498e+05
1.376e-01 1.491e+05
8.493e-02 1.518e+05
1.228e-01 1.446e+05
1.360e-01 1.486e+05
1.197e-01 1.492e+05
1.279e-01 1.497e+05
3.296e-01 1.470e+05
1.592e-01 1.474e+05
1.247e-01 1.466e+05
1.787e-06 2.087e+04
2.045e-01 1.489e+05
1.458e-01 1.489e+05
2.739e-01 1.415e+05
2.291e-01 1.464e+05
1.215e-01 1.494e+05
1.362e-01 1.441e+05
1.506e-01 1.440e+05
1.109e-01 1.502e+05
2.943e-01 1.441e+05
2.230e-01 1.439e+05
1.103e-01 1.513e+05
1.136e-01 1.476e+05
2.325e-01 1.431e+05
1.739e-01 1.471e+05
1.740e-01 1.474e+05
2.855e-01 1.411e+05
1.277e-01 1.494e+05
3.959e-01 1.420e+05
1.342e-01 1.490e+05
9.977e-02 1.468e+05
1.626e-01 1.494e+05
1.508e-01 1.481e+05
1.500e-01 1.481e+05
1.314e-01 1.508e+05
9.707e-02 1.519e+05
1.587e-01 1.482e+05
4.866e-06 7.614e+03
2.294e-01 1.467e+05
1.125e-01 1.443e+05
1.021e-01 1.517e+05
1.282e-01 1.493e+05
5.897e-01 9.623e+04
1.309e-01 1.499e+05
1.698e-01 1.412e+05
2.151e-01 1.467e+05
2.121e-01 1.420e+05
1.032e-01 1.521e+05
1.473e-01 1.491e+05
4.226e-01 1.417e+05
1.146e-01 1.486e+05
1.247e-01 1.490e+05
3.788e-07 8.984e+03
3.870e-01 1.390e+05
4.147e-01 1.404e+05
9.278e-06 3.920e+03
3.105e-01 1.454e+05
1.961e-01 1.473e+05
1.755e-01 1.477e+05
1.168e-01 1.504e+05
1.478e-01 1.443e+05
1.639e-01 1.480e+05
3.148e-01 1.468e+05
8.889e-02 1.531e+05
1.940e-01 1.475e+05
1.535e-01 1.475e+05
2.431e-06 4.153e+04
2.059e-01 1.440e+05
1.232e-01 1.495e+05
1.422e-01 1.492e+05
1.307e-01 1.505e+05
1.052e-01 1.474e+05
1.004e-01 1.512e+05
1.348e-01 1.497e+05
5.682e-06 2.697e+04
1.152e-01 1.499e+05
1.407e-06 2.445e+04
8.488e-02 1.527e+05
7.565e-06 9.774e+03
1.155e-01 1.514e+05
2.189e-05 4.243e+04
6.877e-02 1.474e+05
2.338e-07 4.340e+04
1.562e-01 1.486e+05
1.911e-01 1.417e+05
1.613e-01 1.478e+05
1.521e-01 1.489e+05
1.232e-01 1.478e+05
1.913e-01 1.469e+05
1.526e-01 1.486e+05
2.995e-06 1.445e+04
2.756e-01 1.414e+05
1.398e-01 1.502e+05
1.216e-01 1.504e+05
1.123e-01 1.503e+05
1.658e-01 1.479e+05
1.263e-01 1.496e+05
1.500e-01 1.483e+05
9.647e-02 1.526e+05
1.166e-01 1.504e+05
6.121e-07 4.874e+04
1.854e-01 1.438e+05
1.141e-01 1.503e+05
1.769e-01 1.476e+05
1.387e-01 1.447e+05
4.418e-06 6.472e+04
8.083e-02 1.541e+05
1.202e-05 3.868e+04
1.195e-01 1.507e+05
1.253e-01 1.464e+05
1.162e-01 1.502e+05
8.078e-02 1.543e+05
1.136e-01 1.504e+05
9.429e-02 1.526e+05
1.070e-01 1.506e+05
1.128e-01 1.471e+05
1.475e-01 1.490e+05
2.229e-01 1.464e+05
2.469e-01 1.476e+05
1.332e-01 1.491e+05
8.081e-02 1.543e+05
3.267e-01 1.426e+05
9.660e-02 1.495e+05
1.200e-01 1.502e+05
1.525e-01 1.488e+05
3.713e-01 1.403e+05
1.903e-01 1.484e+05
3.283e-01 1.428e+05
3.019e-01 1.426e+05
1.060e-06 2.395e+04
1.409e-01 1.454e+05
1.323e-01 1.490e+05
1.080e-01 1.506e+05
1.618e-01 1.479e+05
3.150e-01 1.429e+05
1.881e-01 1.429e+05
1.910e-06 2.503e+04
1.353e-01 1.504e+05
1.783e-01 1.479e+05
1.399e-01 1.434e+05
1.383e-01 1.493e+05
2.934e-01 1.236e+05
1.007e-01 1.518e+05
4.939e-01 1.451e+05
2.982e-01 1.446e+05
1.273e-01 1.492e+05
1.771e-01 1.474e+05
2.396e-01 1.456e+05
1.246e-01 1.513e+05
9.870e-02 1.524e+05
9.503e-02 1.452e+05
9.212e-02 1.540e+05
1.552e-01 1.494e+05
1.304e-01 1.442e+05
2.808e-01 1.439e+05
7.135e-06 4.487e+04
1.352e-01 1.493e+05
1.452e-01 1.500e+05
2.103e-07 2.013e+04
1.520e-01 1.480e+05
1.384e-01 1.485e+05
1.471e-01 1.487e+05
3.051e-06 3.253e+04
5.304e-06 1.782e+04
1.542e-01 1.484e+05
1.166e-01 1.498e+05
1.182e-01 1.521e+05
1.057e-01 1.516e+05
6.445e-07 4.689e+03
1.995e-01 1.420e+05
8.497e-02 1.543e+05
1.703e-01 1.479e+05
3.980e-01 1.426e+05
1.029e-01 1.505e+05
1.128e-01 1.514e+05
1.400e-01 1.478e+05
6.598e-02 1.498e+05
1.083e-01 1.496e+05
8.902e-02 1.526e+05
1.197e-01 1.505e+05
1.857e-01 1.471e+05
1.762e-01 1.476e+05
1.367e-01 1.450e+05
1.617e-01 1.480e+05
1.695e-01 1.430e+05
2.355e-01 1.459e+05
1.626e-01 1.473e+05
3.543e-07 7.726e+02
1.240e-01 1.504e+05
3.977e-01 1.437e+05
1.362e-01 1.481e+05
3.045e-06 5.589e+04
1.081e-01 1.505e+05
3.970e-01 1.111e+05
3.037e-01 1.430e+05
9.141e-02 1.534e+05
1.020e-01 1.532e+05
8.283e-02 1.543e+05
1.385e-01 1.488e+05
1.650e-01 1.486e+05
3.527e-01 1.472e+05
2.984e-01 1.385e+05
1.942e-01 1.431e+05
1.511e-01 1.481e+05
5.586e-06 1.591e+04
5.522e-06 3.520e+04
3.307e-01 1.438e+05
1.424e-01 1.487e+05
2.047e-01 1.463e+05
7.757e-02 1.536e+05
1.944e-01 1.471e+05
5.503e-01 1.018e+05
2.416e-01 1.443e+05
1.092e-01 1.517e+05
5.019e-07 1.851e+04
7.918e-02 1.505e+05
2.498e-01 1.450e+05
1.701e-01 1.470e+05
1.085e-01 1.513e+05
1.407e-01 1.500e+05
4.036e-01 1.446e+05
1.930e-01 1.448e+05
1.816e-01 1.440e+05
1.201e-01 1.509e+05
1.057e-01 1.516e+05
8.360e-02 1.432e+05
3.606e-01 1.472e+05
1.407e-01 1.478e+05
1.217e-01 1.482e+05
8.797e-02 1.541e+05
1.351e-01 1.495e+05
7.901e-02 1.546e+05
1.535e-01 1.485e+05
1.715e-01 1.465e+05
2.626e-01 1.421e+05
1.265e-01 1.460e+05
9.564e-02 1.539e+05
1.256e-01 1.504e+05
1.761e-01 1.457e+05
9.503e-02 1.528e+05
1.403e-01 1.494e+05
8.765e-06 3.334e+04
1.950e-01 1.469e+05
1.435e-05 4.782e+04
1.040e-01 1.426e+05
5.310e-01 1.431e+05
2.041e-05 5.584e+04
1.759e-01 1.426e+05
8.814e-02 1.510e+05
7.705e-02 1.542e+05
1.062e-01 1.507e+05
1.987e-01 1.475e+05
1.330e-07 9.682e+03
8.788e-06 3.195e+04
2.206e-06 1.271e+04
8.297e-02 1.453e+05
5.935e-06 2.649e+04
2.158e-01 1.452e+05
4.297e-01 1.454e+05
1.246e-01 1.491e+05
1.589e-01 1.487e+05
3.210e-01 1.417e+05
1.231e-01 1.514e+05
9.738e-02 1.523e+05
2.555e-01 1.406e+05
1.207e-01 1.493e+05
1.148e-01 1.502e+05
1.417e-01 1.489e+05
1.915e-01 1.413e+05
1.227e-05 1.432e+04
1.058e-01 1.484e+05
