1.061e-01 1.505e+05
1.233e-01 1.445e+05
7.055e-02 1.545e+05
1.185e-01 1.507e+05
1.069e-01 1.519e+05
1.514e-01 1.480e+05
1.028e-01 1.523e+05
1.384e-01 1.457e+05
2.883e-01 1.418e+05
7.349e-02 1.552e+05
3.352e-06 2.379e+04
1.054e-01 1.516e+05
2.271e-01 1.449e+05
1.732e-01 1.442e+05
4.735e-06 2.851e+04
2.011e-01 1.438e+05
2.723e-01 1.432e+05
1.795e-01 1.478e+05
1.098e-01 1.505e+05
2.099e-01 1.478e+05
1.126e-01 1.500e+05
1.192e-01 1.501e+05
7.010e-02 1.554e+05
9.091e-02 1.521e+05
1.331e-01 1.504e+05
2.796e-01 1.417e+05
3.583e-01 1.448e+05
1.340e-01 1.485e+05
9.602e-02 1.529e+05
1.248e-05 1.289e+03
1.362e-01 1.490e+05
1.243e-01 1.507e+05
1.402e-01 1.468e+05
1.134e-07 2.064e+03
2.058e-01 1.415e+05
1.678e-01 1.405e+05
1.001e-01 1.505e+05
4.615e-08 3.492e+04
1.265e-01 1.462e+05
2.671e-01 1.408e+05
8.069e-02 1.533e+05
9.379e-02 1.518e+05
1.083e-01 1.521e+05
4.761e-06 6.459e+03
1.245e-01 1.498e+05
1.284e-01 1.497e+05
1.279e-01 1.495e+05
1.268e-01 1.495e+05
1.189e-01 1.502e+05
6.214e-02 1.503e+05
1.291e-01 1.501e+05
5.323e-06 2.503e+04
1.845e-01 1.454e+05
1.307e-01 1.502e+05
5.802e-01 9.610e+04
1.601e-01 1.443e+05
1.220e-01 1.497e+05
1.118e-01 1.515e+05
7.382e-02 1.545e+05
2.852e-01 1.420e+05
9.141e-02 1.445e+05
2.704e-01 1.472e+05
8.024e-02 1.537e+05
1.189e-01 1.520e+05
1.343e-01 1.497e+05
7.212e-02 1.554e+05
1.393e-01 1.493e+05
3.077e-01 1.437e+05
1.305e-01 1.499e+05
1.303e-01 1.494e+05
1.367e-01 1.491e+05
1.455e-01 1.490e+05
2.393e-01 1.473e+05
9.650e-02 1.525e+05
1.064e-01 1.506e+05
1.859e-01 1.470e+05
1.239e-01 1.495e+05
1.060e-01 1.510e+05
1.684e-01 1.468e+05
8.579e-02 1.527e+05
1.790e-01 1.491e+05
7.576e-02 1.543e+05
3.950e-02 1.510e+05
5.530e-06 5.985e+04
8.581e-06 8.348e+04
2.206e-07 6.192e+03
1.870e-06 1.800e+04
1.398e-01 1.490e+05
1.072e-01 1.508e+05
1.130e-01 1.503e+05
1.193e-01 1.501e+05
1.391e-01 1.504e+05
1.270e-01 1.442e+05
1.174e-01 1.499e+05
8.230e-02 1.537e+05
1.006e-01 1.515e+05
7.655e-02 1.532e+05
9.438e-02 1.486e+05
1.674e-01 1.482e+05
1.018e-01 1.502e+05
1.552e-01 1.430e+05
7.652e-02 1.542e+05
1.412e-06 6.803e+04
7.752e-02 1.537e+05
1.177e-01 1.421e+05
1.391e-01 1.504e+05
1.598e-01 1.461e+05
5.241e-06 3.117e+03
4.121e-06 1.590e+04
2.373e-01 1.494e+05
8.194e-02 1.529e+05
1.579e-01 1.491e+05
3.035e-01 1.436e+05
8.365e-02 1.527e+05
9.139e-02 1.535e+05
4.453e-01 1.410e+05
1.371e-01 1.452e+05
3.715e-01 1.471e+05
2.004e-01 1.487e+05
4.064e-01 1.464e+05
3.957e-01 1.474e+05
3.181e-01 1.412e+05
2.482e-01 1.428e+05
1.459e-01 1.484e+05
2.881e-06 3.753e+04
1.380e-01 1.498e+05
1.168e-01 1.495e+05
1.030e-01 1.522e+05
1.008e-01 1.529e+05
1.642e-01 1.482e+05
1.341e-01 1.496e+05
1.495e-01 1.480e+05
1.169e-01 1.507e+05
1.273e-01 1.491e+05
2.354e-06 4.712e+03
8.916e-02 1.532e+05
8.193e-02 1.530e+05
1.547e-01 1.492e+05
7.887e-02 1.555e+05
2.447e-01 1.470e+05
4.538e-06 8.278e+04
1.421e-01 1.489e+05
1.876e-01 1.488e+05
1.597e-01 1.466e+05
7.989e-02 1.533e+05
1.705e-05 4.622e+04
3.508e-01 1.415e+05
1.787e-01 1.441e+05
1.708e-05 2.348e+03
1.145e-01 1.511e+05
1.245e-01 1.500e+05
2.425e-01 1.441e+05
2.994e-01 1.424e+05
1.184e-01 1.508e+05
3.887e-06 2.065e+04
3.033e-01 1.413e+05
3.462e-06 1.849e+04
8.977e-02 1.525e+05
2.375e-01 1.443e+05
1.240e-01 1.480e+05
1.682e-01 1.488e+05
7.015e-02 1.499e+05
1.093e-01 1.509e+05
5.483e-07 4.478e+03
5.506e-01 1.389e+05
1.155e-01 1.512e+05
1.223e-01 1.494e+05
1.439e-01 1.502e+05
1.887e-01 1.483e+05
9.260e-02 1.525e+05
3.224e-01 1.448e+05
8.075e-02 1.535e+05
6.805e-02 1.460e+05
9.222e-02 1.517e+05
5.334e-06 1.547e+04
3.843e-01 1.416e+05
1.072e-01 1.504e+05
5.869e-01 1.324e+05
7.566e-02 1.482e+05
1.120e-01 1.512e+05
9.952e-02 1.499e+05
1.080e-01 1.505e+05
1.054e-01 1.509e+05
1.309e-01 1.438e+05
1.252e-01 1.498e+05
7.554e-02 1.544e+05
2.099e-01 1.463e+05
1.833e-01 1.410e+05
8.977e-02 1.533e+05
7.832e-02 1.537e+05
1.046e-01 1.509e+05
2.203e-01 1.466e+05
1.810e-01 1.461e+05
2.622e-01 1.445e+05
1.203e-05 4.782e+04
8.162e-02 1.482e+05
1.582e-01 1.486e+05
1.986e-01 1.456e+05
8.233e-02 1.480e+05
2.240e-01 1.437e+05
2.524e-01 1.445e+05
1.241e-01 1.497e+05
2.032e-01 1.447e+05
2.448e-01 1.456e+05
4.159e-06 1.118e+04
1.139e-01 1.504e+05
1.916e-01 1.458e+05
1.079e-01 1.504e+05
1.054e-01 1.518e+05
3.077e-01 1.457e+05
7.705e-02 1.548e+05
8.740e-02 1.526e+05
1.237e-01 1.498e+05
1.057e-01 1.516e+05
7.324e-02 1.534e+05
2.503e-06 6.227e+03
2.506e-01 1.420e+05
2.853e-01 1.442e+05
1.250e-01 1.478e+05
1.207e-01 1.487e+05
1.020e-01 1.469e+05
1.764e-01 1.469e+05
1.123e-01 1.479e+05
9.612e-02 1.528e+05
9.378e-02 1.526e+05
1.728e-01 1.488e+05
7.330e-02 1.544e+05
2.133e-01 1.432e+05
6.549e-06 4.767e+03
1.451e-01 1.502e+05
1.384e-01 1.489e+05
1.498e-01 1.490e+05
4.773e-01 1.417e+05
9.709e-02 1.520e+05
2.328e-01 1.446e+05
9.863e-02 1.532e+05
1.857e-05 1.703e+04
1.061e-01 1.516e+05
1.379e-01 1.479e+05
1.080e-01 1.489e+05
1.053e-01 1.453e+05
1.105e-01 1.512e+05
1.358e-01 1.492e+05
1.017e-01 1.456e+05
4.032e-07 6.334e+03
1.285e-01 1.472e+05
2.805e-01 1.429e+05
1.141e-01 1.491e+05
8.168e-02 1.519e+05
1.225e-01 1.447e+05
1.227e-01 1.495e+05
3.325e-01 1.407e+05
1.019e-01 1.451e+05
9.675e-06 2.070e+04
8.875e-02 1.536e+05
1.297e-01 1.427e+05
5.773e-06 1.461e+04
7.977e-02 1.510e+05
1.039e-01 1.518e+05
8.609e-02 1.537e+05
1.303e-01 1.482e+05
8.015e-06 8.716e+04
1.899e-01 1.491e+05
4.945e-01 1.404e+05
1.625e-06 1.709e+04
7.878e-07 2.704e+04
2.865e-01 1.487e+05
1.844e-01 1.490e+05
1.064e-01 1.528e+05
1.278e-01 1.505e+05
1.510e-01 1.498e+05
1.490e-01 1.500e+05
4.203e-01 1.439e+05
2.908e-01 1.414e+05
1.211e-01 1.482e+05
3.631e-06 2.856e+04
1.345e-01 1.472e+05
8.046e-02 1.549e+05
3.547e-06 4.151e+03
5.223e-01 1.202e+05
1.499e-01 1.492e+05
9.161e-02 1.534e+05
7.194e-02 1.532e+05
1.956e-01 1.435e+05
4.866e-01 1.276e+05
1.907e-01 1.467e+05
4.693e-01 1.422e+05
1.291e-01 1.446e+05
2.547e-01 1.428e+05
7.188e-08 3.177e+04
1.596e-01 1.468e+05
9.848e-02 1.515e+05
1.432e-01 1.471e+05
9.091e-02 1.517e+05
1.617e-01 1.472e+05
1.101e-01 1.499e+05
4.271e-01 1.308e+05
2.164e-01 1.460e+05
7.189e-06 2.322e+04
3.469e-01 1.440e+05
7.660e-02 1.525e+05
2.068e-01 1.453e+05
5.826e-01 1.032e+05
1.609e-01 1.484e+05
4.093e-01 1.427e+05
1.598e-01 1.479e+05
4.682e-02 1.504e+05
1.317e-01 1.481e+05
4.478e-06 1.559e+04
1.301e-01 1.501e+05
2.458e-01 1.407e+05
2.584e-06 6.472e+04
1.303e-01 1.503e+05
3.390e-06 1.754e+03
2.786e-06 6.100e+03
1.010e-01 1.519e+05
1.183e-01 1.503e+05
1.030e-01 1.528e+05
2.956e-01 1.462e+05
1.261e-01 1.511e+05
1.496e-01 1.489e+05
8.721e-02 1.530e+05
2.081e-01 1.469e+05
1.222e-01 1.490e+05
4.779e-06 2.449e+04
9.427e-02 1.518e+05
1.755e-01 1.485e+05
9.409e-02 1.537e+05
1.093e-01 1.518e+05
1.488e-06 2.669e+03
3.761e-06 3.621e+04
3.057e-01 1.459e+05
2.448e-06 1.376e+04
1.990e-01 1.466e+05
1.583e-07 4.800e+04
1.656e-01 1.484e+05
5.037e-06 2.088e+04
1.979e-01 1.426e+05
7.849e-02 1.474e+05
2.044e-01 1.409e+05
8.220e-02 1.544e+05
1.740e-06 4.190e+04
1.250e-01 1.440e+05
2.254e-01 1.430e+05
1.864e-01 1.418e+05
2.050e-01 1.484e+05
1.940e-07 4.602e+04
2.066e-01 1.452e+05
1.004e-01 1.519e+05
2.516e-01 1.435e+05
1.333e-01 1.493e+05
1.914e-01 1.480e+05
9.347e-02 1.537e+05
4.288e-01 1.430e+05
3.140e-01 1.433e+05
2.365e-01 1.482e+05
1.396e-01 1.490e+05
8.298e-02 1.525e+05
1.788e-01 1.434e+05
1.558e-01 1.491e+05
5.948e-02 1.499e+05
9.094e-07 5.236e+04
1.515e-01 1.499e+05
7.081e-02 1.553e+05
4.522e-01 1.439e+05
9.918e-02 1.510e+05
5.391e-06 2.294e+04
1.339e-01 1.439e+05
1.500e-01 1.487e+05
1.053e-01 1.526e+05
5.981e-01 1.280e+05
5.593e-06 7.836e+04
1.342e-01 1.472e+05
4.914e-07 1.335e+03
4.338e-01 1.430e+05
2.181e-01 1.400e+05
1.490e-01 1.496e+05
4.423e-01 1.385e+05
2.105e-01 1.440e+05
2.118e-01 1.399e+05
7.717e-02 1.543e+05
2.101e-01 1.471e+05
8.831e-02 1.531e+05
2.661e-07 1.038e+04
7.476e-06 2.939e+03
2.546e-01 1.404e+05
1.370e-01 1.494e+05
5.913e-07 3.991e+04
1.430e-01 1.493e+05
1.123e-01 1.504e+05
1.268e-01 1.492e+05
1.166e-01 1.503e+05
1.136e-01 1.499e+05
3.300e-06 3.868e+04
1.177e-01 1.513e+05
1.081e-01 1.506e+05
2.170e-05 4.656e+04
7.899e-02 1.543e+05
1.518e-01 1.440e+05
1.082e-05 2.725e+04
1.580e-01 1.508e+05
1.194e-01 1.514e+05
6.532e-02 1.554e+05
1.594e-01 1.451e+05
2.783e-06 3.274e+03
7.931e-02 1.490e+05
9.400e-02 1.523e+05
3.183e-01 1.433e+05
7.947e-02 1.498e+05
7.805e-02 1.456e+05
2.129e-01 1.431e+05
1.513e-01 1.486e+05
1.335e-01 1.490e+05
1.153e-05 1.361e+04
2.845e-06 2.213e+04
1.275e-01 1.496e+05
1.039e-01 1.470e+05
1.612e-01 1.484e+05
2.851e-01 1.434e+05
1.218e-01 1.510e+05
1.330e-01 1.474e+05
1.900e-01 1.478e+05
1.976e-01 1.479e+05
7.141e-02 1.551e+05
1.451e-01 1.491e+05
1.188e-01 1.425e+05
1.409e-01 1.489e+05
1.314e-01 1.496e+05
1.674e-01 1.411e+05
1.059e-07 1.145e+04
8.727e-02 1.526e+05
3.481e-06 9.534e+02
7.300e-02 1.484e+05
1.191e-01 1.502e+05
7.308e-02 1.546e+05
1.801e-01 1.442e+05
5.648e-02 1.520e+05
1.358e-01 1.491e+05
1.010e-01 1.529e+05
1.946e-05 8.998e+03
1.689e-01 1.442e+05
1.836e-01 1.467e+05
1.530e-01 1.495e+05
4.279e-01 1.334e+05
4.061e-01 1.425e+05
1.347e-01 1.504e+05
1.300e-01 1.504e+05
3.674e-01 1.425e+05
1.432e-01 1.486e+05
4.592e-01 1.186e+05
1.314e-01 1.497e+05
1.023e-01 1.509e+05
1.225e-01 1.504e+05
1.882e-01 1.470e+05
9.676e-02 1.523e+05
1.923e-01 1.475e+05
1.503e-01 1.487e+05
8.229e-02 1.541e+05
2.741e-06 2.026e+04
1.393e-01 1.494e+05
1.664e-01 1.491e+05
1.802e-01 1.449e+05
5.238e-01 1.449e+05
4.124e-01 1.426e+05
7.474e-02 1.538e+05
8.775e-02 1.532e+05
1.160e-01 1.501e+05
8.979e-02 1.522e+05
1.322e-01 1.490e+05
3.705e-01 1.434e+05
7.394e-02 1.451e+05
1.623e-01 1.492e+05
1.700e-01 1.443e+05
4.510e-07 7.170e+03
1.846e-01 1.433e+05
9.638e-02 1.514e+05
1.010e-01 1.524e+05
3.028e-01 1.397e+05
3.026e-01 1.391e+05
3.189e-01 1.441e+05
1.561e-01 1.488e+05
1.455e-01 1.479e+05
1.524e-01 1.488e+05
9.632e-02 1.502e+05
6.591e-02 1.516e+05
1.832e-05 3.190e+04
1.309e-01 1.498e+05
1.554e-05 1.216e+04
1.844e-01 1.474e+05
8.913e-02 1.523e+05
2.427e-06 1.957e+04
1.232e-01 1.497e+05
1.404e-01 1.490e+05
3.048e-01 1.475e+05
1.389e-01 1.500e+05
2.379e-01 1.422e+05
1.718e-01 1.446e+05
2.239e-01 1.425e+05
1.023e-06 6.234e+04
9.405e-02 1.517e+05
1.199e-01 1.483e+05
6.502e-02 1.539e+05
1.525e-01 1.486e+05
5.348e-01 1.005e+05
7.167e-02 1.529e+05
6.849e-02 1.493e+05
8.285e-06 4.312e+03
1.686e-01 1.486e+05
4.878e-01 1.438e+05
1.066e-01 1.511e+05
1.336e-01 1.435e+05
1.107e-01 1.498e+05
7.784e-02 1.548e+05
6.918e-06 4.105e+04
1.827e-01 1.479e+05
3.983e-01 1.424e+05
1.035e-01 1.516e+05
2.268e-01 1.431e+05
1.708e-01 1.483e+05
1.335e-01 1.449e+05
9.453e-02 1.529e+05
2.916e-01 1.481e+05
3.589e-01 1.431e+05
1.588e-01 1.426e+05
1.575e-01 1.490e+05
7.091e-06 4.372e+04
5.477e-02 1.490e+05
8.334e-02 1.535e+05
8.601e-02 1.532e+05
3.319e-01 1.447e+05
7.841e-02 1.535e+05
2.264e-01 1.397e+05
1.337e-01 1.501e+05
4.910e-06 6.446e+03
1.003e-01 1.506e+05
1.136e-01 1.484e+05
3.655e-01 1.438e+05
4.634e-06 1.138e+04
1.205e-01 1.495e+05
1.681e-01 1.488e+05
1.474e-01 1.478e+05
4.835e-01 1.407e+05
1.839e-01 1.467e+05
3.030e-01 1.472e+05
7.992e-02 1.534e+05
1.454e-01 1.506e+05
1.979e-01 1.443e+05
1.943e-01 1.497e+05
9.617e-02 1.521e+05
3.755e-06 1.105e+04
1.874e-01 1.419e+05
4.732e-06 4.497e+04
8.687e-02 1.529e+05
1.160e-01 1.503e+05
1.498e-01 1.489e+05
2.902e-07 2.425e+04
1.402e-01 1.485e+05
7.256e-02 1.551e+05
7.995e-02 1.507e+05
8.361e-02 1.538e+05
1.692e-01 1.487e+05
3.585e-06 3.377e+04
1.578e-01 1.470e+05
1.742e-01 1.486e+05
7.489e-02 1.554e+05
2.637e-01 1.432e+05
1.313e-05 2.811e+04
1.456e-01 1.489e+05
1.577e-06 8.201e+04
8.805e-02 1.488e+05
4.423e-01 1.358e+05
1.711e-05 5.103e+03
1.374e-01 1.513e+05
2.868e-01 1.439e+05
1.677e-01 1.472e+05
1.196e-01 1.509e+05
2.071e-01 1.474e+05
7.657e-02 1.542e+05
2.975e-01 1.444e+05
4.770e-02 1.482e+05
5.007e-07 2.873e+04
1.563e-01 1.483e+05
1.457e-01 1.491e+05
5.137e-02 1.414e+05
1.165e-01 1.509e+05
1.717e-06 4.066e+04
2.664e-01 1.443e+05
7.921e-02 1.540e+05
1.542e-01 1.493e+05
7.993e-02 1.539e+05
1.825e-01 1.484e+05
1.650e-01 1.487e+05
1.437e-01 1.488e+05
5.684e-01 1.221e+05
4.204e-01 1.447e+05
1.019e-01 1.509e+05
1.554e-01 1.492e+05
1.112e-01 1.504e+05
2.823e-01 1.447e+05
4.157e-01 1.412e+05
4.994e-01 1.404e+05
1.312e-01 1.496e+05
4.559e-02 1.470e+05
1.043e-01 1.514e+05
1.004e-01 1.516e+05
8.038e-02 1.537e+05
9.622e-02 1.524e+05
1.402e-01 1.458e+05
4.038e-01 1.466e+05
1.676e-01 1.442e+05
6.136e-06 3.369e+04
1.208e-01 1.506e+05
3.531e-01 1.432e+05
1.232e-01 1.495e+05
1.267e-01 1.504e+05
3.117e-01 1.450e+05
4.218e-06 5.198e+04
1.020e-01 1.517e+05
2.341e-01 1.410e+05
1.372e-01 1.503e+05
3.048e-01 1.419e+05
2.666e-01 1.409e+05
1.565e-01 1.483e+05
1.674e-01 1.441e+05
3.569e-01 1.453e+05
2.486e-01 1.410e+05
1.361e-01 1.442e+05
1.276e-01 1.501e+05
9.702e-02 1.493e+05
3.038e-01 1.432e+05
1.248e-01 1.498e+05
4.426e-06 3.274e+04
2.856e-01 1.412e+05
3.854e-01 1.429e+05
1.645e-01 1.452e+05
4.269e-01 1.440e+05
3.197e-01 1.441e+05
2.212e-01 1.458e+05
9.948e-02 1.517e+05
2.384e-06 3.322e+04
1.569e-01 1.486e+05
5.810e-07 2.286e+04
1.207e-01 1.499e+05
1.822e-01 1.485e+05
9.483e-06 1.794e+04
1.387e-01 1.488e+05
1.051e-01 1.523e+05
3.350e-01 1.408e+05
8.643e-02 1.528e+05
6.820e-02 1.559e+05
8.503e-02 1.525e+05
2.914e-06 6.937e+04
2.436e-01 1.418e+05
1.447e-01 1.499e+05
1.091e-01 1.521e+05
2.951e-01 1.444e+05
1.289e-01 1.498e+05
1.263e-01 1.507e+05
5.588e-02 1.515e+05
1.468e-01 1.495e+05
1.227e-01 1.487e+05
1.821e-01 1.478e+05
9.256e-02 1.519e+05
1.984e-01 1.485e+05
8.517e-06 2.077e+03
5.636e-06 1.487e+04
1.517e-01 1.506e+05
2.729e-06 5.064e+04
2.510e-01 1.448e+05
1.622e-01 1.429e+05
1.194e-01 1.500e+05
5.205e-01 1.454e+05
6.412e-06 1.638e+04
3.142e-01 1.424e+05
1.448e-01 1.432e+05
2.426e-01 1.413e+05
1.250e-01 1.464e+05
1.426e-01 1.497e+05
5.331e-01 1.325e+05
1.274e-01 1.460e+05
1.275e-01 1.495e+05
1.838e-01 1.454e+05
1.538e-01 1.496e+05
1.607e-01 1.452e+05
9.991e-02 1.525e+05
1.562e-01 1.487e+05
2.690e-01 1.341e+05
1.207e-01 1.498e+05
1.333e-01 1.493e+05
1.333e-01 1.509e+05
8.120e-02 1.545e+05
1.208e-01 1.496e+05
1.057e-01 1.512e+05
2.596e-01 1.466e+05
2.289e-01 1.441e+05
9.658e-06 1.247e+04
1.328e-01 1.445e+05
6.966e-06 1.214e+04
5.305e-01 1.351e+05
1.576e-01 1.455e+05
1.109e-01 1.503e+05
1.307e-05 6.323e+04
2.687e-01 1.495e+05
1.055e-01 1.492e+05
1.103e-01 1.512e+05
2.194e-01 1.438e+05
2.467e-01 1.433e+05
2.736e-01 1.411e+05
2.330e-01 1.480e+05
3.327e-01 1.455e+05
1.315e-01 1.494e+05
1.257e-01 1.497e+05
8.388e-02 1.529e+05
8.970e-02 1.495e+05
2.586e-01 1.474e+05
1.559e-01 1.501e+05
1.602e-05 3.964e+03
2.367e-01 1.423e+05
1.202e-01 1.511e+05
1.216e-01 1.498e+05
1.500e-01 1.492e+05
6.502e-02 1.546e+05
1.186e-01 1.508e+05
1.511e-01 1.489e+05
1.220e-01 1.502e+05
1.026e-01 1.535e+05
2.107e-01 1.428e+05
1.375e-01 1.488e+05
1.601e-01 1.505e+05
1.855e-01 1.482e+05
1.499e-06 3.622e+04
1.000e-05 1.297e+04
1.137e-01 1.482e+05
1.676e-01 1.432e+05
1.524e-01 1.460e+05
2.880e-01 1.418e+05
1.216e-01 1.498e+05
1.002e-01 1.469e+05
1.071e-01 1.521e+05
1.372e-01 1.502e+05
4.016e-01 1.420e+05
4.724e-01 1.398e+05
3.445e-01 1.422e+05
1.994e-01 1.454e+05
9.035e-02 1.527e+05
1.772e-01 1.467e+05
1.297e-01 1.493e+05
1.052e-01 1.514e+05
1.210e-01 1.483e+05
1.312e-01 1.466e+05
1.599e-01 1.486e+05
1.326e-01 1.507e+05
1.240e-01 1.477e+05
6.622e-06 2.449e+04
1.841e-01 1.425e+05
1.207e-01 1.500e+05
1.302e-01 1.495e+05
6.053e-07 1.100e+04
1.398e-06 8.344e+03
2.080e-01 1.448e+05
7.405e-02 1.539e+05
3.354e-01 1.304e+05
1.088e-01 1.504e+05
1.531e-01 1.511e+05
6.915e-02 1.540e+05
1.523e-01 1.493e+05
1.408e-01 1.451e+05
1.591e-01 1.482e+05
3.101e-01 1.438e+05
2.234e-01 1.423e+05
1.165e-01 1.449e+05
4.352e-01 1.348e+05
1.276e-01 1.433e+05
9.410e-02 1.517e+05
1.470e-01 1.471e+05
8.546e-07 8.009e+03
1.559e-01 1.495e+05
1.532e-01 1.483e+05
8.350e-02 1.528e+05
1.562e-01 1.484e+05
1.031e-01 1.426e+05
8.782e-02 1.534e+05
8.846e-02 1.537e+05
2.318e-01 1.428e+05
1.705e-01 1.481e+05
2.422e-01 1.481e+05
1.571e-01 1.503e+05
4.175e-07 2.916e+04
5.209e-01 1.007e+05
1.595e-01 1.457e+05
2.736e-01 1.447e+05
3.681e-06 3.068e+04
1.228e-01 1.478e+05
3.575e-01 1.414e+05
5.270e-06 3.780e+04
1.152e-01 1.505e+05
1.097e-01 1.462e+05
2.920e-06 2.885e+03
9.407e-02 1.493e+05
1.443e-01 1.489e+05
1.008e-05 1.164e+04
2.567e-01 1.436e+05
1.223e-01 1.500e+05
1.262e-01 1.504e+05
8.462e-06 8.554e+03
1.587e-01 1.501e+05
6.021e-06 1.157e+04
2.118e-01 1.458e+05
1.124e-01 1.473e+05
9.010e-06 3.241e+03
1.614e-01 1.479e+05
1.921e-06 1.037e+04
7.849e-02 1.510e+05
8.675e-02 1.524e+05
1.074e-01 1.487e+05
1.108e-05 3.539e+04
1.509e-01 1.491e+05
1.395e-01 1.497e+05
1.029e-01 1.522e+05
1.727e-01 1.490e+05
2.002e-01 1.442e+05
1.743e-01 1.493e+05
4.153e-01 1.422e+05
3.939e-01 1.420e+05
2.706e-01 1.472e+05
1.297e-01 1.514e+05
1.065e-01 1.505e+05
1.468e-01 1.486e+05
2.679e-01 1.452e+05
2.681e-06 6.360e+04
2.583e-01 1.417e+05
9.011e-02 1.508e+05
9.064e-02 1.533e+05
1.218e-01 1.506e+05
1.152e-01 1.483e+05
2.010e-01 1.482e+05
1.116e-01 1.510e+05
3.208e-01 1.485e+05
1.048e-01 1.525e+05
1.766e-01 1.465e+05
3.705e-06 7.170e+04
1.806e-01 1.450e+05
1.950e-01 1.445e+05
7.930e-02 1.539e+05
8.410e-02 1.537e+05
1.396e-01 1.465e+05
1.731e-01 1.471e+05
1.288e-01 1.496e+05
3.157e-01 1.431e+05
1.246e-06 1.440e+03
2.709e-01 1.443e+05
9.507e-02 1.517e+05
1.387e-05 5.935e+03
1.547e-01 1.484e+05
1.495e-01 1.486e+05
1.148e-01 1.509e+05
9.950e-02 1.509e+05
9.674e-02 1.521e+05
1.481e-01 1.492e+05
2.287e-01 1.431e+05
2.496e-01 1.415e+05
1.168e-05 1.251e+04
1.127e-01 1.458e+05
1.637e-01 1.452e+05
1.096e-01 1.512e+05
8.007e-06 4.999e+04
4.877e-01 1.418e+05
1.045e-01 1.512e+05
1.993e-01 1.426e+05
5.985e-02 1.454e+05
1.100e-01 1.506e+05
4.099e-01 1.445e+05
9.040e-02 1.462e+05
1.104e-01 1.502e+05
8.584e-02 1.533e+05
1.546e-01 1.465e+05
1.662e-01 1.484e+05
1.363e-01 1.502e+05
1.985e-01 1.431e+05
2.022e-01 1.481e+05
2.932e-01 1.449e+05
1.600e-01 1.490e+05
9.539e-02 1.470e+05
1.108e-01 1.503e+05
4.855e-01 1.465e+05
2.179e-06 2.797e+04
8.688e-02 1.534e+05
1.905e-01 1.478e+05
1.226e-01 1.494e+05
1.192e-01 1.514e+05
9.797e-02 1.484e+05
2.118e-01 1.478e+05
7.860e-02 1.548e+05
6.054e-06 1.580e+04
6.859e-02 1.531e+05
1.179e-01 1.496e+05
1.302e-01 1.493e+05
1.436e-01 1.503e+05
8.758e-02 1.539e+05
3.157e-06 8.262e+03
8.827e-02 1.538e+05
1.483e-01 1.490e+05
1.372e-01 1.417e+05
2.065e-01 1.475e+05
4.339e-07 2.710e+04
1.491e-01 1.487e+05
1.834e-01 1.443e+05
1.026e-01 1.513e+05
7.265e-06 2.910e+04
1.178e-01 1.501e+05
9.625e-02 1.520e+05
1.656e-01 1.483e+05
1.009e-01 1.513e+05
1.807e-01 1.447e+05
7.628e-07 3.540e+04
1.738e-01 1.486e+05
1.655e-01 1.487e+05
2.454e-01 1.432e+05
1.413e-01 1.495e+05
1.167e-01 1.500e+05
1.900e-01 1.427e+05
1.135e-01 1.504e+05
2.456e-01 1.481e+05
2.274e-01 1.414e+05
1.272e-01 1.495e+05
2.195e-01 1.432e+05
1.350e-01 1.475e+05
2.271e-05 7.998e+03
3.695e-01 1.425e+05
1.003e-01 1.515e+05
1.091e-01 1.461e+05
8.811e-02 1.529e+05
5.418e-01 1.146e+05
1.313e-01 1.499e+05
2.364e-01 1.457e+05
1.588e-01 1.482e+05
2.543e-01 1.397e+05
8.553e-02 1.499e+05
3.353e-01 1.197e+05
7.821e-02 1.532e+05
9.209e-02 1.521e+05
9.372e-02 1.528e+05
1.004e-01 1.483e+05
1.398e-06 1.383e+04
2.106e-01 1.433e+05
9.308e-02 1.515e+05
4.706e-01 1.106e+05
1.517e-01 1.498e+05
1.261e-01 1.502e+05
2.191e-01 1.496e+05
1.542e-01 1.486e+05
7.971e-06 1.119e+04
8.303e-02 1.530e+05
1.570e-01 1.484e+05
9.245e-02 1.468e+05
1.121e-01 1.505e+05
1.123e-06 3.374e+04
1.422e-01 1.499e+05
1.929e-05 5.157e+04
7.614e-02 1.539e+05
1.478e-01 1.493e+05
5.959e-06 6.091e+04
1.747e-06 1.281e+04
1.204e-01 1.512e+05
5.703e-01 1.427e+05
5.103e-01 1.411e+05
3.495e-06 1.087e+04
6.804e-02 1.544e+05
2.230e-01 1.411e+05
8.192e-02 1.491e+05
1.069e-01 1.519e+05
1.735e-01 1.483e+05
1.224e-01 1.504e+05
9.242e-02 1.519e+05
1.216e-01 1.508e+05
1.656e-01 1.484e+05
1.043e-01 1.509e+05
6.540e-02 1.513e+05
1.787e-01 1.484e+05
1.307e-01 1.487e+05
1.640e-01 1.461e+05
8.704e-02 1.526e+05
9.571e-02 1.534e+05
3.575e-06 4.057e+04
1.722e-01 1.457e+05
1.164e-01 1.511e+05
1.549e-06 6.104e+03
7.918e-02 1.474e+05
3.110e-01 1.477e+05
4.878e-06 2.722e+04
1.014e-01 1.519e+05
2.574e-01 1.449e+05
7.062e-06 1.055e+04
1.434e-01 1.500e+05
9.071e-02 1.474e+05
9.940e-02 1.510e+05
2.808e-01 1.412e+05
2.324e-01 1.462e+05
1.162e-01 1.506e+05
1.421e-01 1.501e+05
1.267e-01 1.516e+05
4.023e-01 1.325e+05
4.866e-07 2.144e+04
1.515e-01 1.465e+05
1.183e-01 1.525e+05
1.660e-01 1.489e+05
3.958e-01 1.314e+05
1.694e-01 1.484e+05
1.929e-01 1.485e+05
2.486e-01 1.477e+05
2.604e-01 1.415e+05
1.264e-01 1.491e+05
2.399e-06 2.041e+04
1.921e-01 1.443e+05
2.488e-01 1.419e+05
1.242e-01 1.494e+05
3.020e-01 1.417e+05
1.058e-01 1.505e+05
1.244e-01 1.455e+05
1.527e-01 1.490e+05
1.434e-01 1.496e+05
1.367e-01 1.511e+05
2.309e-01 1.491e+05
4.576e-01 1.188e+05
1.337e-01 1.491e+05
1.159e-06 2.556e+04
3.857e-01 1.473e+05
1.568e-01 1.491e+05
1.146e-01 1.502e+05
2.990e-06 1.528e+04
4.976e-06 4.606e+03
3.796e-06 1.356e+03
1.070e-01 1.518e+05
1.082e-01 1.509e+05
1.585e-01 1.413e+05
9.370e-02 1.514e+05
3.480e-01 1.437e+05
2.132e-01 1.457e+05
1.979e-01 1.422e+05
1.134e-01 1.511e+05
1.508e-01 1.490e+05
7.815e-08 3.696e+04
1.132e-01 1.500e+05
6.972e-02 1.546e+05
5.383e-06 1.747e+04
1.829e-01 1.446e+05
1.529e-01 1.496e+05
9.089e-02 1.483e+05
7.568e-07 6.450e+04
2.160e-01 1.450e+05
1.650e-01 1.491e+05
1.508e-01 1.433e+05
2.635e-01 1.482e+05
2.193e-01 1.436e+05
2.173e-01 1.485e+05
1.043e-01 1.516e+05
1.690e-01 1.463e+05
3.745e-06 3.083e+04
8.114e-02 1.542e+05
6.802e-06 2.686e+04
1.507e-01 1.482e+05
1.020e-01 1.511e+05
1.222e-01 1.484e+05
1.384e-01 1.467e+05
1.553e-01 1.417e+05
5.952e-02 1.500e+05
6.543e-02 1.474e+05
6.823e-02 1.467e+05
1.645e-01 1.485e+05
1.174e-01 1.499e+05
1.690e-01 1.481e+05
3.486e-01 1.424e+05
9.451e-02 1.528e+05
1.413e-01 1.456e+05
3.352e-01 1.394e+05
1.322e-01 1.492e+05
4.658e-01 1.441e+05
2.309e-01 1.496e+05
1.396e-01 1.498e+05
1.233e-01 1.498e+05
2.175e-01 1.494e+05
1.863e-01 1.431e+05
1.133e-01 1.519e+05
4.932e-01 1.406e+05
1.549e-01 1.477e+05
9.057e-02 1.524e+05
1.895e-06 2.010e+04
1.729e-01 1.450e+05
1.366e-01 1.496e+05
7.811e-02 1.537e+05
7.598e-02 1.537e+05
9.072e-06 3.461e+04
3.309e-01 1.405e+05
1.629e-06 4.697e+04
9.688e-02 1.524e+05
1.055e-01 1.511e+05
1.032e-01 1.525e+05
1.627e-01 1.465e+05
1.539e-01 1.476e+05
2.512e-01 1.311e+05
1.144e-01 1.503e+05
1.298e-01 1.461e+05
2.720e-07 1.361e+04
9.324e-02 1.518e+05
5.807e-01 1.361e+05
1.367e-06 4.677e+04
1.423e-01 1.489e+05
1.914e-01 1.479e+05
1.794e-01 1.479e+05
7.852e-02 1.549e+05
9.748e-02 1.526e+05
2.037e-01 1.461e+05
2.365e-06 2.821e+04
1.578e-01 1.486e+05
1.304e-01 1.500e+05
1.158e-01 1.450e+05
1.753e-01 1.491e+05
1.414e-06 9.274e+03
1.251e-01 1.445e+05
2.186e-01 1.437e+05
5.968e-07 1.279e+04
1.740e-01 1.411e+05
1.842e-01 1.453e+05
3.036e-01 1.452e+05
1.246e-01 1.488e+05
3.513e-01 1.431e+05
1.486e-01 1.487e+05
1.500e-01 1.463e+05
9.360e-07 9.713e+03
3.022e-01 1.425e+05
1.570e-01 1.504e+05
2.902e-01 1.408e+05
5.139e-01 1.403e+05
1.134e-01 1.453e+05
1.378e-06 1.505e+04
3.200e-01 1.488e+05
1.324e-01 1.499e+05
1.469e-01 1.465e+05
1.052e-01 1.510e+05
1.345e-01 1.447e+05
3.041e-01 1.425e+05
2.353e-01 1.432e+05
2.651e-01 1.433e+05
1.513e-01 1.496e+05
1.510e-01 1.492e+05
4.315e-01 1.436e+05
8.667e-02 1.527e+05
1.946e-01 1.442e+05
8.681e-02 1.523e+05
5.610e-02 1.479e+05
1.461e-01 1.495e+05
5.810e-01 1.277e+05
8.033e-02 1.531e+05
1.096e-01 1.487e+05
1.231e-01 1.499e+05
1.089e-01 1.505e+05
2.854e-01 1.430e+05
3.267e-01 1.418e+05
7.774e-06 1.100e+04
1.518e-01 1.446e+05
1.181e-01 1.457e+05
3.116e-01 1.453e+05
9.514e-02 1.530e+05
9.200e-02 1.439e+05
1.451e-01 1.459e+05
1.827e-01 1.464e+05
1.070e-01 1.514e+05
6.790e-02 1.504e+05
1.266e-01 1.490e+05
1.019e-01 1.514e+05
6.595e-02 1.520e+05
8.369e-02 1.526e+05
1.748e-01 1.482e+05
1.890e-01 1.479e+05
3.538e-06 7.402e+03
1.597e-01 1.453e+05
2.805e-01 1.421e+05
2.474e-01 1.454e+05
1.257e-01 1.499e+05
2.578e-01 1.426e+05
2.110e-01 1.451e+05
7.131e-02 1.546e+05
1.039e-01 1.506e+05
1.700e-01 1.485e+05
2.018e-01 1.450e+05
1.444e-01 1.514e+05
5.956e-06 1.632e+04
1.490e-01 1.484e+05
1.019e-01 1.504e+05
1.577e-01 1.483e+05
1.588e-01 1.483e+05
4.578e-08 4.908e+04
1.228e-01 1.455e+05
2.400e-01 1.434e+05
1.142e-05 2.701e+04
1.845e-01 1.448e+05
1.271e-06 3.034e+03
9.942e-02 1.514e+05
4.489e-01 1.099e+05
3.535e-01 1.470e+05
1.606e-01 1.463e+05
1.314e-01 1.475e+05
6.243e-06 4.305e+04
1.333e-01 1.493e+05
9.686e-02 1.526e+05
7.992e-02 1.518e+05
1.393e-01 1.485e+05
9.430e-07 2.315e+04
1.529e-01 1.504e+05
2.401e-01 1.428e+05
1.036e-01 1.498e+05
1.232e-01 1.497e+05
1.046e-01 1.520e+05
1.001e-05 3.084e+04
2.073e-01 1.424e+05
1.377e-01 1.491e+05
1.396e-01 1.510e+05
1.249e-01 1.473e+05
1.217e-01 1.503e+05
1.343e-01 1.445e+05
1.766e-01 1.465e+05
1.005e-01 1.536e+05
1.335e-01 1.468e+05
1.056e-01 1.516e+05
1.876e-01 1.478e+05
1.685e-01 1.485e+05
1.467e-01 1.499e+05
1.251e-01 1.471e+05
8.335e-02 1.541e+05
4.659e-06 6.915e+03
1.736e-06 2.076e+04
1.039e-01 1.510e+05
1.259e-01 1.497e+05
7.627e-02 1.513e+05
9.507e-02 1.526e+05
1.271e-01 1.494e+05
1.075e-01 1.523e+05
1.636e-01 1.482e+05
8.526e-02 1.526e+05
1.054e-01 1.508e+05
1.594e-01 1.457e+05
3.999e-01 1.423e+05
1.259e-01 1.499e+05
1.326e-01 1.494e+05
9.987e-02 1.515e+05
3.802e-01 1.480e+05
2.234e-01 1.444e+05
8.556e-02 1.533e+05
5.015e-01 1.327e+05
2.704e-06 5.045e+03
1.962e-01 1.464e+05
4.054e-01 1.404e+05
2.905e-01 1.408e+05
9.923e-02 1.510e+05
9.974e-02 1.519e+05
8.336e-07 3.096e+04
3.187e-01 1.429e+05
5.745e-07 2.146e+04
1.874e-06 4.745e+04
1.037e-01 1.514e+05
6.656e-02 1.528e+05
3.348e-01 1.436e+05
1.003e-01 1.519e+05
1.184e-01 1.500e+05
1.525e-01 1.482e+05
4.479e-01 1.414e+05
1.403e-01 1.494e+05
1.396e-01 1.501e+05
1.631e-01 1.484e+05
1.463e-01 1.466e+05
1.120e-01 1.479e+05
9.718e-02 1.531e+05
1.003e-01 1.509e+05
1.675e-01 1.477e+05
1.520e-01 1.454e+05
1.160e-01 1.493e+05
1.663e-01 1.481e+05
1.527e-01 1.486e+05
1.384e-01 1.481e+05
9.652e-02 1.518e+05
9.930e-02 1.515e+05
1.006e-01 1.511e+05
1.345e-01 1.476e+05
1.297e-01 1.504e+05
1.403e-01 1.499e+05
7.913e-02 1.537e+05
1.055e-01 1.507e+05
2.006e-01 1.458e+05
9.381e-02 1.535e+05
8.350e-02 1.546e+05
1.497e-01 1.496e+05
1.014e-01 1.527e+05
5.595e-07 8.395e+03
1.301e-01 1.491e+05
1.591e-01 1.486e+05
1.390e-01 1.491e+05
2.959e-01 1.445e+05
6.294e-07 6.761e+04
4.251e-06 6.330e+04
2.161e-01 1.500e+05
1.520e-01 1.487e+05
1.349e-01 1.453e+05
9.179e-02 1.497e+05
8.509e-02 1.541e+05
8.010e-02 1.547e+05
1.183e-01 1.496e+05
1.879e-01 1.450e+05
7.798e-02 1.534e+05
1.051e-01 1.513e+05
2.831e-02 1.463e+05
1.202e-01 1.505e+05
5.185e-06 1.227e+04
1.041e-01 1.518e+05
1.115e-01 1.502e+05
1.794e-01 1.476e+05
1.035e-01 1.523e+05
1.342e-01 1.464e+05
1.205e-01 1.503e+05
1.322e-07 7.822e+04
4.629e-01 1.413e+05
8.576e-02 1.525e+05
1.245e-07 2.914e+04
1.320e-01 1.488e+05
1.103e-01 1.526e+05
1.038e-01 1.511e+05
1.502e-01 1.496e+05
8.194e-02 1.528e+05
1.749e-01 1.479e+05
1.468e-01 1.486e+05
1.045e-01 1.513e+05
1.039e-01 1.512e+05
1.023e-05 4.633e+04
1.111e-01 1.500e+05
1.183e-01 1.506e+05
9.702e-02 1.489e+05
3.912e-06 1.450e+04
1.708e-01 1.409e+05
8.903e-02 1.529e+05
1.531e-01 1.471e+05
1.389e-01 1.499e+05
1.077e-01 1.514e+05
1.531e-01 1.488e+05
1.338e-01 1.500e+05
8.985e-02 1.524e+05
1.143e-05 5.263e+03
9.185e-02 1.517e+05
1.120e-01 1.503e+05
8.819e-02 1.453e+05
8.990e-02 1.529e+05
1.088e-01 1.510e+05
4.112e-01 1.476e+05
7.634e-02 1.543e+05
1.881e-07 1.972e+04
2.156e-01 1.498e+05
1.508e-01 1.481e+05
1.100e-01 1.508e+05
1.920e-01 1.474e+05
1.284e-01 1.497e+05
2.194e-01 1.462e+05
1.009e-05 3.020e+04
1.580e-01 1.498e+05
4.473e-01 1.437e+05
9.836e-02 1.515e+05
1.236e-01 1.476e+05
7.502e-02 1.540e+05
8.355e-06 1.645e+04
1.166e-01 1.505e+05
8.729e-02 1.538e+05
1.115e-01 1.511e+05
2.402e-01 1.443e+05
2.457e-06 8.834e+02
1.355e-01 1.494e+05
1.107e-01 1.510e+05
5.315e-01 1.426e+05
2.010e-05 1.379e+04
7.833e-02 1.462e+05
1.532e-01 1.489e+05
1.572e-01 1.483e+05
2.856e-06 1.668e+03
1.478e-01 1.486e+05
1.463e-01 1.445e+05
7.845e-02 1.467e+05
3.113e-01 1.426e+05
1.255e-01 1.442e+05
1.417e-01 1.498e+05
3.863e-01 1.437e+05
1.650e-01 1.464e+05
6.477e-02 1.497e+05
9.939e-02 1.510e+05
3.638e-01 1.431e+05
2.765e-01 1.448e+05
2.571e-01 1.486e+05
1.503e-01 1.493e+05
2.087e-01 1.436e+05
7.292e-06 6.996e+03
1.932e-01 1.482e+05
1.377e-01 1.474e+05
1.743e-01 1.499e+05
4.558e-01 1.437e+05
1.111e-01 1.515e+05
1.979e-01 1.467e+05
2.971e-06 4.070e+04
2.863e-01 1.439e+05
1.096e-01 1.517e+05
1.474e-01 1.466e+05
3.834e-01 1.441e+05
1.399e-01 1.490e+05
2.690e-01 1.423e+05
8.603e-02 1.522e+05
1.693e-01 1.500e+05
1.154e-01 1.518e+05
5.555e-06 3.771e+04
3.766e-01 1.464e+05
1.073e-01 1.523e+05
1.198e-01 1.498e+05
1.564e-06 2.756e+04
3.166e-01 1.470e+05
1.072e-01 1.523e+05
5.380e-06 1.890e+04
2.458e-01 1.432e+05
2.565e-01 1.421e+05
1.290e-01 1.505e+05
9.746e-02 1.515e+05
1.250e-01 1.507e+05
1.781e-07 4.511e+04
1.560e-01 1.483e+05
3.923e-06 1.204e+04
1.660e-01 1.505e+05
1.349e-01 1.498e+05
8.486e-02 1.525e+05
1.279e-01 1.501e+05
3.428e-06 5.936e+03
7.670e-02 1.551e+05
7.126e-02 1.548e+05
5.690e-01 1.043e+05
1.394e-01 1.504e+05
2.441e-06 9.435e+03
3.357e-01 1.471e+05
1.003e-01 1.526e+05
1.284e-01 1.485e+05
1.045e-01 1.500e+05
1.274e-01 1.471e+05
1.594e-01 1.471e+05
1.635e-01 1.470e+05
3.175e-01 1.390e+05
1.553e-06 5.300e+04
1.205e-01 1.509e+05
9.766e-07 1.220e+04
1.574e-01 1.420e+05
1.057e-01 1.513e+05
1.641e-01 1.449e+05
2.726e-01 1.469e+05
1.962e-01 1.465e+05
9.890e-02 1.515e+05
1.468e-01 1.488e+05
3.125e-01 1.440e+05
2.940e-01 1.487e+05
7.350e-02 1.547e+05
1.767e-01 1.492e+05
1.302e-01 1.506e+05
1.602e-01 1.487e+05
1.327e-01 1.494e+05
1.377e-01 1.495e+05
1.766e-01 1.445e+05
3.192e-01 1.450e+05
1.443e-01 1.487e+05
1.041e-01 1.514e+05
1.667e-01 1.444e+05
9.771e-02 1.518e+05
2.969e-01 1.437e+05
1.458e-01 1.490e+05
1.063e-01 1.500e+05
9.841e-02 1.532e+05
2.591e-01 1.449e+05
7.400e-02 1.540e+05
1.475e-01 1.485e+05
8.202e-02 1.547e+05
1.320e-01 1.503e+05
1.452e-01 1.499e+05
9.676e-02 1.532e+05
5.098e-01 1.304e+05
1.261e-01 1.484e+05
1.486e-01 1.460e+05
1.671e-01 1.483e+05
4.326e-06 7.405e+03
6.573e-02 1.557e+05
1.203e-06 3.090e+04
1.191e-01 1.512e+05
1.832e-01 1.468e+05
1.655e-01 1.423e+05
2.670e-01 1.412e+05
1.516e-01 1.445e+05
3.157e-01 1.429e+05
1.464e-01 1.513e+05
1.167e-01 1.473e+05
1.365e-01 1.492e+05
4.022e-01 1.475e+05
1.432e-01 1.500e+05
5.365e-02 1.431e+05
1.288e-05 2.076e+04
9.408e-02 1.527e+05
4.044e-07 9.067e+03
2.756e-01 1.423e+05
2.349e-01 1.420e+05
3.346e-06 1.116e+04
2.770e-06 7.055e+04
1.074e-01 1.518e+05
2.644e-01 1.464e+05
1.305e-01 1.494e+05
6.771e-06 1.372e+04
5.198e-06 1.104e+04
8.951e-02 1.476e+05
1.536e-01 1.484e+05
2.118e-01 1.401e+05
8.022e-02 1.539e+05
1.636e-01 1.485e+05
1.405e-01 1.436e+05
3.053e-01 1.441e+05
1.090e-01 1.496e+05
1.106e-01 1.517e+05
6.826e-06 2.507e+04
8.303e-02 1.532e+05
4.333e-07 2.570e+03
7.156e-07 1.117e+03
2.721e-01 1.407e+05
6.869e-02 1.547e+05
1.357e-01 1.505e+05
1.441e-01 1.492e+05
1.876e-01 1.486e+05
1.301e-01 1.506e+05
1.294e-01 1.498e+05
9.980e-02 1.521e+05
1.462e-01 1.492e+05
1.035e-01 1.521e+05
1.262e-01 1.506e+05
1.475e-01 1.470e+05
1.146e-01 1.473e+05
1.089e-01 1.509e+05
2.510e-01 1.386e+05
1.492e-01 1.462e+05
1.517e-01 1.453e+05
7.286e-02 1.503e+05
1.840e-01 1.463e+05
1.819e-01 1.437e+05
2.454e-01 1.446e+05
9.587e-02 1.526e+05
1.173e-01 1.498e+05
1.390e-01 1.500e+05
6.487e-07 2.749e+04
1.011e-01 1.512e+05
3.793e-01 1.462e+05
9.482e-02 1.520e+05
1.369e-01 1.491e+05
1.605e-06 1.999e+04
1.259e-01 1.469e+05
7.977e-02 1.541e+05
1.354e-06 5.361e+04
1.759e-01 1.486e+05
9.719e-02 1.516e+05
5.110e-06 6.253e+04
7.430e-07 1.520e+03
8.647e-02 1.503e+05
2.472e-01 1.455e+05
1.801e-01 1.486e+05
9.675e-02 1.517e+05
2.352e-01 1.431e+05
1.064e-01 1.508e+05
1.426e-01 1.493e+05
8.762e-02 1.545e+05
1.675e-01 1.467e+05
1.030e-01 1.515e+05
9.036e-02 1.522e+05
3.250e-01 1.432e+05
6.476e-02 1.555e+05
5.761e-02 1.515e+05
1.317e-01 1.490e+05
1.119e-01 1.519e+05
1.599e-01 1.445e+05
2.438e-01 1.472e+05
1.329e-01 1.495e+05
7.427e-02 1.554e+05
2.173e-01 1.459e+05
3.736e-01 1.468e+05
8.552e-02 1.537e+05
5.205e-02 1.503e+05
1.465e-01 1.499e+05
3.802e-01 1.439e+05
1.249e-01 1.495e+05
1.170e-01 1.496e+05
1.464e-01 1.491e+05
1.954e-01 1.482e+05
1.154e-01 1.501e+05
8.558e-02 1.526e+05
2.797e-06 2.763e+04
1.476e-01 1.457e+05
4.141e-06 2.020e+04
3.750e-01 1.444e+05
1.371e-01 1.497e+05
1.589e-01 1.491e+05
1.944e-01 1.459e+05
1.561e-01 1.469e+05
1.620e-01 1.484e+05
1.919e-01 1.451e+05
2.149e-01 1.451e+05
1.650e-01 1.492e+05
9.658e-02 1.512e+05
1.417e-01 1.482e+05
1.903e-06 2.238e+04
8.191e-02 1.540e+05
2.657e-07 3.111e+04
3.310e-01 1.429e+05
1.010e-01 1.516e+05
1.171e-01 1.505e+05
2.439e-01 1.457e+05
3.919e-07 6.194e+04
4.577e-01 1.064e+05
1.899e-01 1.451e+05
5.960e-02 1.516e+05
1.595e-01 1.489e+05
3.122e-01 1.438e+05
1.452e-01 1.495e+05
4.057e-01 1.447e+05
2.831e-06 1.328e+04
1.738e-01 1.480e+05
2.541e-01 1.450e+05
1.416e-01 1.483e+05
1.043e-01 1.524e+05
1.510e-05 7.913e+03
9.483e-02 1.530e+05
2.768e-01 1.466e+05
1.633e-01 1.483e+05
3.248e-01 1.426e+05
6.902e-06 3.865e+04
3.295e-06 5.187e+03
1.808e-01 1.459e+05
7.225e-02 1.551e+05
8.705e-02 1.524e+05
1.169e-01 1.498e+05
2.560e-01 1.451e+05
8.562e-02 1.545e+05
1.194e-01 1.479e+05
1.109e-01 1.490e+05
1.156e-01 1.493e+05
7.458e-02 1.544e+05
2.042e-01 1.496e+05
1.235e-01 1.499e+05
3.042e-01 1.408e+05
1.151e-01 1.508e+05
1.586e-06 2.984e+04
1.826e-01 1.470e+05
1.480e-01 1.435e+05
2.034e-01 1.440e+05
8.853e-02 1.463e+05
1.274e-01 1.492e+05
2.070e-01 1.448e+05
1.309e-01 1.494e+05
1.500e-01 1.494e+05
1.521e-01 1.494e+05
1.609e-01 1.448e+05
2.903e-01 1.474e+05
1.150e-01 1.500e+05
1.576e-01 1.473e+05
8.491e-02 1.525e+05
1.110e-01 1.436e+05
3.673e-01 1.447e+05
7.824e-02 1.515e+05
1.679e-01 1.481e+05
3.203e-01 1.488e+05
7.849e-02 1.534e+05
1.285e-01 1.485e+05
4.514e-06 2.461e+04
1.364e-01 1.496e+05
7.222e-02 1.517e+05
7.728e-02 1.552e+05
5.475e-06 8.670e+03
8.464e-02 1.473e+05
1.495e-01 1.455e+05
1.766e-01 1.476e+05
1.152e-01 1.512e+05
1.556e-01 1.473e+05
1.439e-01 1.492e+05
2.315e-01 1.462e+05
1.169e-01 1.499e+05
1.614e-01 1.455e+05
1.391e-01 1.495e+05
1.719e-01 1.481e+05
1.885e-01 1.462e+05
1.241e-01 1.500e+05
1.116e-01 1.507e+05
6.974e-02 1.530e+05
8.879e-02 1.537e+05
1.633e-01 1.397e+05
1.169e-01 1.499e+05
1.323e-01 1.479e+05
2.745e-01 1.440e+05
7.754e-02 1.535e+05
1.259e-01 1.494e+05
1.303e-01 1.503e+05
2.370e-06 3.464e+04
1.147e-01 1.443e+05
1.190e-01 1.513e+05
1.440e-01 1.496e+05
5.797e-02 1.432e+05
3.339e-01 1.409e+05
9.687e-02 1.500e+05
1.293e-01 1.494e+05
2.103e-01 1.396e+05
1.345e-01 1.496e+05
8.104e-02 1.530e+05
1.479e-01 1.487e+05
8.734e-02 1.526e+05
1.597e-01 1.484e+05
3.549e-01 1.441e+05
7.966e-02 1.538e+05
1.731e-01 1.480e+05
9.220e-02 1.527e+05
1.238e-07 6.190e+03
1.980e-01 1.447e+05
1.853e-01 1.490e+05
1.712e-01 1.446e+05
1.374e-06 4.014e+04
8.924e-02 1.542e+05
1.241e-01 1.501e+05
1.250e-05 2.421e+04
1.137e-01 1.500e+05
7.200e-02 1.499e+05
8.851e-02 1.516e+05
1.160e-01 1.511e+05
1.211e-01 1.495e+05
9.138e-02 1.518e+05
5.054e-01 1.399e+05
8.175e-02 1.528e+05
9.572e-02 1.529e+05
4.316e-01 1.470e+05
1.132e-01 1.488e+05
1.825e-01 1.473e+05
1.831e-01 1.460e+05
8.990e-02 1.539e+05
1.711e-01 1.485e+05
4.975e-01 1.091e+05
2.625e-01 1.429e+05
1.074e-01 1.510e+05
1.463e-01 1.488e+05
1.578e-01 1.486e+05
2.665e-01 1.431e+05
1.075e-01 1.518e+05
9.308e-02 1.472e+05
1.041e-01 1.512e+05
1.395e-01 1.491e+05
1.146e-01 1.496e+05
8.134e-02 1.536e+05
1.487e-01 1.488e+05
1.176e-01 1.500e+05
4.205e-06 4.439e+04
1.307e-01 1.483e+05
7.534e-02 1.553e+05
7.787e-02 1.536e+05
1.030e-01 1.512e+05
1.293e-01 1.501e+05
3.180e-01 1.478e+05
1.910e-01 1.451e+05
8.552e-02 1.527e+05
3.772e-01 1.432e+05
4.640e-06 9.468e+03
1.039e-01 1.509e+05
4.780e-01 1.306e+05
4.192e-01 1.480e+05
1.713e-01 1.483e+05
5.133e-01 1.058e+05
1.935e-01 1.449e+05
4.302e-07 4.233e+04
1.380e-01 1.452e+05
2.794e-01 1.473e+05
5.865e-02 1.523e+05
7.288e-02 1.529e+05
2.170e-01 1.463e+05
1.167e-05 2.321e+03
1.547e-01 1.497e+05
1.130e-01 1.500e+05
1.637e-01 1.484e+05
1.046e-06 3.105e+04
1.404e-01 1.497e+05
1.719e-01 1.457e+05
3.147e-01 1.453e+05
1.275e-01 1.432e+05
1.609e-01 1.484e+05
1.010e-01 1.513e+05
7.415e-02 1.540e+05
1.408e-01 1.490e+05
3.292e-01 1.469e+05
1.008e-01 1.518e+05
9.811e-02 1.510e+05
1.037e-01 1.511e+05
9.775e-06 2.120e+04
1.063e-01 1.474e+05
1.141e-01 1.511e+05
1.224e-01 1.497e+05
8.627e-02 1.521e+05
1.433e-01 1.471e+05
4.431e-01 1.406e+05
7.179e-02 1.549e+05
1.760e-01 1.457e+05
4.812e-01 1.209e+05
1.831e-06 1.917e+04
3.409e-01 1.443e+05
8.782e-07 1.944e+04
1.285e-05 1.373e+04
1.268e-01 1.506e+05
2.112e-01 1.466e+05
7.556e-06 6.097e+03
9.816e-06 6.066e+04
1.814e-01 1.430e+05
1.616e-01 1.481e+05
1.363e-01 1.490e+05
2.031e-06 9.123e+03
1.170e-01 1.509e+05
2.040e-01 1.453e+05
8.028e-02 1.546e+05
1.270e-01 1.494e+05
1.211e-01 1.494e+05
9.328e-02 1.530e+05
4.506e-06 1.258e+04
7.852e-02 1.547e+05
3.179e-01 1.438e+05
8.069e-02 1.461e+05
1.453e-01 1.490e+05
1.465e-01 1.490e+05
1.598e-01 1.432e+05
4.107e-08 5.169e+03
7.905e-02 1.539e+05
9.019e-02 1.518e+05
1.727e-01 1.486e+05
5.295e-01 1.435e+05
2.189e-01 1.465e+05
1.938e-01 1.428e+05
5.512e-06 4.972e+03
8.771e-02 1.543e+05
1.176e-01 1.505e+05
7.960e-02 1.522e+05
1.379e-01 1.494e+05
1.707e-01 1.435e+05
3.060e-01 1.420e+05
8.736e-02 1.543e+05
7.989e-02 1.533e+05
7.394e-02 1.526e+05
1.115e-01 1.515e+05
1.706e-01 1.403e+05
7.536e-02 1.526e+05
2.767e-01 1.424e+05
9.604e-02 1.481e+05
7.589e-02 1.544e+05
3.530e-01 1.432e+05
1.469e-01 1.493e+05
7.786e-06 1.865e+04
2.198e-01 1.442e+05
2.162e-06 6.328e+03
9.341e-02 1.520e+05
1.214e-01 1.495e+05
1.628e-01 1.509e+05
1.495e-06 2.208e+04
2.316e-01 1.431e+05
1.287e-01 1.478e+05
2.835e-01 1.419e+05
1.477e-01 1.488e+05
1.300e-01 1.509e+05
1.226e-01 1.497e+05
9.674e-02 1.522e+05
9.271e-02 1.534e+05
7.589e-02 1.534e+05
1.727e-01 1.486e+05
1.817e-06 1.259e+04
1.622e-01 1.489e+05
1.019e-01 1.511e+05
6.665e-02 1.541e+05
2.378e-01 1.476e+05
2.020e-01 1.485e+05
2.644e-01 1.419e+05
2.060e-01 1.472e+05
2.376e-01 1.466e+05
9.622e-02 1.519e+05
3.941e-01 1.448e+05
1.028e-01 1.522e+05
6.697e-02 1.554e+05
6.672e-07 4.565e+04
1.621e-01 1.485e+05
2.218e-01 1.466e+05
8.430e-02 1.493e+05
3.955e-06 1.012e+04
3.215e-01 1.423e+05
1.555e-01 1.459e+05
5.362e-01 1.276e+05
1.354e-01 1.495e+05
1.352e-05 3.349e+03
1.167e-01 1.510e+05
1.079e-01 1.485e+05
5.448e-06 2.293e+04
1.875e-06 6.993e+04
1.771e-01 1.441e+05
1.078e-01 1.514e+05
1.283e-01 1.507e+05
1.269e-01 1.497e+05
9.933e-02 1.509e+05
1.258e-01 1.502e+05
1.488e-06 3.586e+04
2.594e-05 3.295e+04
1.921e-01 1.455e+05
1.504e-01 1.490e+05
2.072e-01 1.462e+05
5.852e-02 1.534e+05
7.776e-02 1.543e+05
2.320e-06 5.729e+04
8.654e-02 1.529e+05
1.483e-01 1.490e+05
1.139e-01 1.484e+05
1.513e-01 1.490e+05
1.683e-01 1.478e+05
1.616e-01 1.480e+05
1.524e-01 1.485e+05
1.683e-01 1.449e+05
8.809e-02 1.536e+05
4.885e-01 1.141e+05
4.705e-06 1.242e+04
1.388e-01 1.494e+05
2.043e-01 1.478e+05
2.003e-06 9.196e+03
8.162e-02 1.531e+05
1.022e-01 1.526e+05
1.131e-01 1.490e+05
2.677e-01 1.441e+05
1.233e-06 2.457e+04
1.745e-01 1.478e+05
1.341e-01 1.491e+05
8.520e-02 1.541e+05
1.571e-01 1.484e+05
1.061e-01 1.506e+05
9.029e-02 1.519e+05
1.227e-01 1.505e+05
1.200e-01 1.499e+05
1.196e-06 5.005e+04
1.621e-01 1.485e+05
1.318e-01 1.494e+05
1.359e-01 1.481e+05
1.361e-01 1.490e+05
2.052e-05 1.594e+04
1.406e-01 1.470e+05
9.903e-02 1.528e+05
1.636e-01 1.491e+05
1.861e-06 1.325e+04
1.639e-01 1.480e+05
8.794e-02 1.519e+05
1.367e-01 1.495e+05
8.172e-02 1.526e+05
6.585e-06 1.169e+04
8.951e-02 1.510e+05
1.361e-01 1.492e+05
2.299e-01 1.407e+05
1.977e-01 1.445e+05
8.369e-02 1.446e+05
1.759e-01 1.471e+05
9.463e-02 1.522e+05
1.655e-06 1.401e+04
5.634e-07 3.997e+03
1.746e-01 1.485e+05
1.046e-01 1.510e+05
4.968e-07 1.409e+04
3.265e-01 1.470e+05
1.029e-01 1.490e+05
1.229e-06 3.664e+04
1.060e-01 1.522e+05
1.719e-01 1.483e+05
3.979e-01 1.215e+05
1.746e-01 1.456e+05
2.053e-01 1.417e+05
8.909e-02 1.458e+05
7.836e-02 1.513e+05
1.609e-01 1.487e+05
1.983e-01 1.462e+05
2.244e-01 1.444e+05
1.365e-01 1.458e+05
4.658e-06 1.198e+04
1.748e-01 1.446e+05
1.560e-01 1.478e+05
1.127e-01 1.516e+05
1.480e-01 1.493e+05
1.359e-01 1.494e+05
8.332e-02 1.527e+05
7.306e-02 1.547e+05
1.034e-01 1.528e+05
9.279e-02 1.439e+05
1.330e-01 1.494e+05
1.163e-01 1.499e+05
8.671e-06 1.156e+04
1.201e-01 1.507e+05
2.060e-06 2.521e+04
8.892e-07 1.058e+04
9.769e-02 1.519e+05
3.309e-01 1.437e+05
9.145e-02 1.536e+05
1.106e-01 1.504e+05
6.460e-06 3.125e+04
8.780e-02 1.500e+05
1.502e-01 1.496e+05
1.037e-01 1.520e+05
1.626e-01 1.481e+05
2.079e-01 1.443e+05
1.557e-01 1.485e+05
8.502e-02 1.537e+05
1.152e-01 1.493e+05
1.614e-01 1.479e+05
1.359e-01 1.496e+05
1.588e-01 1.466e+05
8.946e-02 1.520e+05
1.917e-01 1.491e+05
6.277e-06 2.521e+04
1.699e-01 1.482e+05
9.378e-08 2.398e+04
2.700e-01 1.489e+05
7.807e-02 1.543e+05
1.238e-01 1.466e+05
4.722e-07 1.118e+04
1.038e-01 1.515e+05
5.353e-01 1.428e+05
9.426e-02 1.530e+05
3.232e-01 1.431e+05
7.212e-02 1.543e+05
1.562e-01 1.489e+05
4.114e-06 5.302e+04
6.707e-06 4.737e+04
1.017e-01 1.490e+05
9.206e-02 1.518e+05
1.294e-01 1.490e+05
4.533e-01 1.462e+05
1.515e-01 1.492e+05
1.042e-05 1.413e+04
7.504e-06 8.519e+03
5.122e-06 2.233e+04
4.289e-06 5.326e+03
1.307e-01 1.465e+05
1.549e-01 1.490e+05
6.906e-02 1.492e+05
1.223e-01 1.486e+05
1.279e-01 1.419e+05
1.764e-01 1.421e+05
2.362e-01 1.438e+05
1.727e-01 1.485e+05
1.453e-01 1.492e+05
2.742e-01 1.481e+05
1.732e-01 1.470e+05
1.340e-01 1.445e+05
2.394e-06 3.159e+03
1.397e-01 1.498e+05
1.530e-01 1.485e+05
2.321e-01 1.444e+05
1.129e-01 1.503e+05
1.770e-01 1.423e+05
1.889e-01 1.473e+05
1.498e-01 1.472e+05
1.414e-01 1.485e+05
1.174e-01 1.511e+05
1.319e-01 1.493e+05
2.532e-01 1.440e+05
3.466e-01 1.477e+05
1.562e-01 1.459e+05
1.589e-01 1.465e+05
1.361e-01 1.502e+05
1.320e-01 1.459e+05
1.138e-01 1.505e+05
1.047e-01 1.495e+05
1.543e-06 5.955e+04
3.702e-01 1.435e+05
8.090e-07 2.057e+04
4.776e-01 1.431e+05
2.384e-06 3.981e+04
1.980e-05 2.793e+04
1.206e-01 1.496e+05
4.599e-06 4.290e+03
8.305e-02 1.523e+05
8.522e-02 1.544e+05
1.397e-01 1.490e+05
1.055e-01 1.509e+05
1.408e-01 1.497e+05
1.791e-01 1.469e+05
7.005e-06 6.526e+03
8.883e-02 1.520e+05
1.067e-01 1.510e+05
1.136e-01 1.518e+05
8.598e-06 1.640e+04
1.510e-01 1.456e+05
1.487e-01 1.492e+05
1.959e-01 1.428e+05
4.746e-06 1.719e+04
2.258e-01 1.487e+05
1.286e-01 1.503e+05
1.842e-01 1.470e+05
8.046e-02 1.542e+05
1.004e-01 1.524e+05
1.399e-06 3.676e+04
1.445e-01 1.488e+05
1.059e-01 1.523e+05
4.302e-01 1.412e+05
2.569e-01 1.439e+05
1.954e-01 1.449e+05
1.885e-01 1.500e+05
8.755e-02 1.539e+05
2.813e-01 1.426e+05
1.867e-01 1.477e+05
1.168e-01 1.490e+05
4.111e-06 2.657e+04
9.879e-02 1.517e+05
1.326e-01 1.492e+05
1.933e-01 1.459e+05
1.323e-01 1.489e+05
1.075e-01 1.523e+05
2.085e-01 1.392e+05
1.617e-01 1.489e+05
8.702e-02 1.520e+05
3.322e-01 1.435e+05
7.416e-02 1.545e+05
2.541e-01 1.433e+05
1.089e-01 1.444e+05
1.339e-01 1.483e+05
1.976e-01 1.411e+05
9.602e-02 1.514e+05
5.033e-07 4.553e+04
6.096e-06 1.693e+04
1.015e-01 1.523e+05
8.931e-02 1.519e+05
5.070e-06 2.562e+04
7.764e-02 1.545e+05
1.041e-01 1.506e+05
7.304e-02 1.540e+05
1.368e-01 1.504e+05
4.724e-01 1.306e+05
1.332e-01 1.507e+05
1.060e-01 1.505e+05
8.258e-02 1.487e+05
1.788e-01 1.482e+05
1.692e-01 1.458e+05
4.716e-06 1.365e+04
9.554e-06 3.463e+04
8.148e-02 1.533e+05
9.405e-06 4.682e+04
1.687e-01 1.484e+05
1.097e-01 1.513e+05
3.394e-01 1.476e+05
1.456e-01 1.423e+05
3.982e-07 8.394e+03
1.264e-01 1.467e+05
8.647e-02 1.530e+05
1.191e-01 1.506e+05
1.005e-01 1.529e+05
1.229e-01 1.513e+05
1.462e-01 1.496e+05
6.482e-02 1.498e+05
2.192e-01 1.443e+05
1.336e-01 1.484e+05
3.618e-01 1.419e+05
3.731e-01 1.439e+05
2.070e-01 1.447e+05
2.239e-01 1.455e+05
1.425e-01 1.504e+05
1.111e-06 2.581e+04
1.069e-01 1.482e+05
1.257e-01 1.498e+05
1.605e-01 1.492e+05
1.242e-01 1.499e+05
1.531e-01 1.487e+05
1.208e-01 1.512e+05
4.378e-06 1.299e+04
1.808e-01 1.453e+05
8.715e-02 1.528e+05
2.724e-01 1.428e+05
3.763e-01 1.467e+05
1.199e-01 1.502e+05
4.977e-07 8.664e+04
2.078e-01 1.464e+05
1.869e-01 1.479e+05
7.177e-02 1.542e+05
2.224e-01 1.451e+05
1.559e-01 1.497e+05
2.808e-01 1.441e+05
1.569e-05 7.289e+04
6.431e-06 3.145e+04
1.062e-01 1.510e+05
1.343e-01 1.498e+05
2.313e-01 1.456e+05
1.308e-01 1.504e+05
1.671e-01 1.479e+05
2.321e-01 1.488e+05
1.324e-01 1.500e+05
1.589e-01 1.486e+05
1.990e-01 1.443e+05
1.294e-01 1.495e+05
1.730e-01 1.483e+05
3.063e-06 5.920e+03
2.287e-01 1.484e+05
1.696e-01 1.470e+05
9.056e-02 1.525e+05
1.532e-01 1.490e+05
5.473e-02 1.428e+05
5.115e-02 1.530e+05
7.500e-02 1.537e+05
1.396e-01 1.489e+05
1.396e-01 1.489e+05
1.439e-01 1.487e+05
8.429e-02 1.538e+05
1.600e-01 1.491e+05
8.783e-02 1.537e+05
1.413e-01 1.464e+05
9.347e-02 1.530e+05
6.939e-02 1.544e+05
1.387e-01 1.502e+05
3.774e-01 1.429e+05
3.966e-06 7.422e+03
8.637e-06 1.180e+04
2.428e-05 1.927e+04
1.320e-01 1.489e+05
1.579e-01 1.482e+05
1.514e-01 1.485e+05
1.661e-01 1.477e+05
1.477e-01 1.471e+05
4.459e-01 1.440e+05
1.073e-01 1.513e+05
1.014e-01 1.509e+05
1.208e-01 1.499e+05
2.170e-01 1.482e+05
1.367e-01 1.494e+05
1.397e-01 1.488e+05
8.524e-06 1.486e+04
3.737e-01 1.445e+05
1.041e-01 1.530e+05
1.340e-01 1.491e+05
1.941e-01 1.474e+05
6.739e-06 8.984e+03
1.762e-01 1.487e+05
1.175e-01 1.512e+05
1.492e-01 1.458e+05
1.281e-01 1.483e+05
2.064e-01 1.453e+05
8.202e-06 2.187e+04
2.084e-01 1.452e+05
2.270e-01 1.484e+05
2.713e-01 1.440e+05
2.012e-01 1.463e+05
2.010e-01 1.428e+05
1.581e-01 1.484e+05
8.026e-07 2.249e+04
8.619e-02 1.540e+05
1.393e-01 1.469e+05
1.573e-01 1.484e+05
1.372e-01 1.498e+05
1.124e-01 1.516e+05
1.525e-01 1.488e+05
2.725e-01 1.422e+05
3.079e-01 1.428e+05
1.390e-01 1.493e+05
1.967e-01 1.423e+05
8.729e-02 1.481e+05
3.821e-06 2.142e+03
2.866e-01 1.436e+05
1.243e-01 1.506e+05
1.263e-01 1.506e+05
8.988e-02 1.536e+05
1.240e-01 1.499e+05
6.570e-02 1.503e+05
9.786e-02 1.520e+05
1.821e-01 1.481e+05
1.055e-01 1.521e+05
1.362e-01 1.494e+05
9.427e-02 1.521e+05
1.540e-01 1.420e+05
1.149e-01 1.505e+05
7.715e-02 1.546e+05
2.272e-01 1.449e+05
2.422e-01 1.454e+05
8.933e-02 1.526e+05
1.699e-01 1.473e+05
2.482e-01 1.447e+05
8.489e-02 1.532e+05
8.281e-02 1.548e+05
3.133e-01 1.437e+05
1.352e-01 1.488e+05
1.393e-01 1.488e+05
1.265e-01 1.456e+05
2.477e-01 1.441e+05
7.685e-02 1.549e+05
5.433e-06 3.771e+04
1.070e-01 1.523e+05
9.758e-02 1.474e+05
8.166e-07 3.848e+04
3.808e-06 1.993e+04
1.360e-01 1.434e+05
8.047e-02 1.532e+05
1.161e-01 1.499e+05
1.065e-01 1.516e+05
9.253e-02 1.463e+05
2.589e-06 1.809e+04
1.122e-01 1.513e+05
1.237e-01 1.509e+05
1.687e-01 1.483e+05
8.442e-02 1.546e+05
1.288e-01 1.500e+05
2.838e-01 1.456e+05
5.064e-01 1.328e+05
1.668e-01 1.483e+05
1.237e-01 1.504e+05
2.290e-01 1.355e+05
8.795e-02 1.538e+05
5.464e-06 4.146e+03
1.449e-01 1.491e+05
1.739e-01 1.459e+05
1.307e-01 1.464e+05
5.473e-01 1.456e+05
2.262e-01 1.483e+05
4.361e-06 8.947e+03
1.480e-01 1.487e+05
9.141e-02 1.526e+05
1.115e-01 1.514e+05
1.536e-01 1.464e+05
1.467e-01 1.491e+05
2.064e-01 1.449e+05
1.053e-01 1.505e+05
2.124e-01 1.467e+05
3.010e-01 1.459e+05
1.112e-01 1.492e+05
1.845e-01 1.483e+05
5.487e-07 5.665e+04
2.559e-01 1.477e+05
2.294e-01 1.445e+05
2.571e-01 1.425e+05
6.802e-02 1.554e+05
2.299e-01 1.452e+05
1.650e-01 1.475e+05
2.793e-06 3.005e+04
1.914e-01 1.436e+05
3.263e-01 1.146e+05
1.705e-01 1.478e+05
9.370e-02 1.527e+05
8.071e-02 1.503e+05
3.353e-01 1.453e+05
2.774e-06 1.752e+04
1.164e-01 1.506e+05
1.118e-01 1.505e+05
1.911e-01 1.479e+05
1.196e-01 1.499e+05
2.631e-01 1.448e+05
2.229e-01 1.488e+05
1.149e-01 1.500e+05
1.130e-01 1.504e+05
1.040e-01 1.514e+05
8.598e-02 1.479e+05
1.563e-06 2.336e+03
1.259e-01 1.509e+05
1.915e-05 3.026e+04
8.822e-02 1.533e+05
1.234e-01 1.502e+05
2.182e-01 1.410e+05
1.913e-06 1.183e+04
1.988e-01 1.421e+05
8.744e-02 1.529e+05
4.939e-01 1.429e+05
2.551e-01 1.484e+05
7.476e-02 1.512e+05
1.022e-01 1.511e+05
7.877e-02 1.552e+05
1.665e-01 1.476e+05
9.086e-02 1.536e+05
1.710e-01 1.485e+05
1.711e-01 1.480e+05
1.058e-01 1.494e+05
1.267e-01 1.498e+05
1.146e-01 1.512e+05
4.534e-07 4.258e+03
2.907e-01 1.435e+05
7.250e-06 1.226e+04
1.797e-06 5.528e+04
7.709e-02 1.533e+05
4.136e-06 1.087e+04
1.031e-01 1.499e+05
1.566e-01 1.412e+05
1.061e-01 1.508e+05
1.626e-01 1.462e+05
1.424e-01 1.490e+05
8.389e-02 1.480e+05
3.796e-07 3.462e+04
1.436e-01 1.486e+05
1.138e-01 1.502e+05
2.781e-01 1.476e+05
1.298e-01 1.481e+05
1.699e-01 1.504e+05
1.313e-01 1.492e+05
9.614e-02 1.519e+05
7.885e-02 1.546e+05
2.255e-01 1.435e+05
2.604e-01 1.445e+05
5.098e-02 1.509e+05
1.932e-01 1.478e+05
1.111e-01 1.500e+05
1.156e-01 1.512e+05
4.647e-06 4.125e+04
1.106e-01 1.514e+05
1.908e-01 1.409e+05
3.122e-01 1.443e+05
1.386e-01 1.499e+05
4.510e-07 2.470e+04
2.092e-01 1.476e+05
3.561e-05 4.667e+04
1.193e-01 1.506e+05
2.018e-06 9.730e+03
1.049e-01 1.515e+05
9.232e-02 1.529e+05
7.488e-02 1.546e+05
6.904e-02 1.473e+05
7.844e-07 3.550e+04
1.713e-01 1.480e+05
1.361e-01 1.490e+05
1.247e-01 1.498e+05
1.989e-01 1.470e+05
7.194e-02 1.552e+05
5.837e-06 1.968e+04
3.509e-01 1.447e+05
1.713e-01 1.452e+05
8.784e-02 1.534e+05
2.528e-01 1.426e+05
1.417e-01 1.481e+05
7.345e-02 1.552e+05
2.632e-06 3.468e+04
1.291e-01 1.499e+05
2.867e-01 1.479e+05
1.189e-01 1.477e+05
6.923e-06 2.663e+04
2.062e-05 3.456e+04
1.905e-01 1.484e+05
1.083e-01 1.511e+05
2.384e-01 1.417e+05
1.417e-01 1.488e+05
6.243e-02 1.530e+05
2.404e-01 1.462e+05
1.680e-01 1.482e+05
4.183e-06 9.848e+04
5.317e-01 1.380e+05
3.475e-06 1.623e+04
9.811e-02 1.462e+05
1.699e-07 1.539e+04
1.355e-01 1.478e+05
1.077e-01 1.493e+05
2.064e-01 1.442e+05
2.773e-01 1.435e+05
1.407e-01 1.484e+05
1.465e-01 1.495e+05
1.923e-01 1.466e+05
1.197e-01 1.512e+05
1.461e-01 1.502e+05
1.559e-01 1.489e+05
2.129e-05 6.080e+04
5.794e-06 2.354e+04
1.014e-01 1.510e+05
1.061e-01 1.510e+05
1.841e-06 1.572e+04
1.700e-01 1.437e+05
9.297e-02 1.505e+05
8.054e-02 1.519e+05
1.637e-01 1.468e+05
9.496e-02 1.523e+05
1.369e-01 1.493e+05
1.194e-01 1.505e+05
2.939e-01 1.440e+05
1.092e-01 1.514e+05
4.650e-06 3.701e+04
3.079e-01 1.484e+05
1.111e-01 1.505e+05
8.765e-02 1.534e+05
1.726e-01 1.490e+05
1.101e-01 1.505e+05
9.412e-02 1.517e+05
1.401e-01 1.465e+05
1.171e-01 1.502e+05
5.252e-01 1.434e+05
4.286e-01 1.412e+05
1.147e-01 1.460e+05
7.401e-06 5.626e+04
1.204e-01 1.496e+05
1.391e-01 1.484e+05
1.088e-01 1.433e+05
1.176e-01 1.511e+05
1.515e-01 1.489e+05
9.679e-02 1.528e+05
6.909e-02 1.552e+05
1.423e-01 1.458e+05
7.510e-02 1.541e+05
2.256e-06 1.392e+04
7.458e-06 4.081e+04
3.047e-01 1.365e+05
1.206e-01 1.509e+05
3.769e-06 3.669e+04
1.756e-01 1.465e+05
1.950e-01 1.482e+05
1.332e-01 1.504e+05
2.229e-01 1.433e+05
1.103e-01 1.507e+05
1.058e-01 1.514e+05
9.815e-02 1.527e+05
1.860e-01 1.476e+05
2.739e-01 1.409e+05
6.702e-07 1.784e+04
7.634e-02 1.548e+05
9.221e-02 1.526e+05
1.399e-01 1.493e+05
8.163e-06 3.348e+04
1.291e-01 1.448e+05
1.235e-01 1.502e+05
8.942e-02 1.527e+05
1.085e-01 1.502e+05
1.120e-01 1.512e+05
1.042e-01 1.521e+05
6.093e-02 1.522e+05
9.941e-02 1.519e+05
1.295e-01 1.495e+05
5.155e-02 1.519e+05
8.562e-02 1.539e+05
1.147e-01 1.494e+05
1.452e-01 1.494e+05
9.195e-02 1.520e+05
1.454e-01 1.488e+05
1.234e-01 1.465e+05
2.718e-01 1.413e+05
2.162e-01 1.438e+05
1.078e-01 1.512e+05
1.283e-01 1.505e+05
1.490e-01 1.469e+05
1.636e-01 1.490e+05
9.836e-02 1.514e+05
9.397e-02 1.483e+05
1.168e-01 1.478e+05
1.308e-01 1.493e+05
8.546e-02 1.456e+05
1.155e-01 1.508e+05
4.079e-06 3.260e+04
1.139e-01 1.443e+05
1.728e-01 1.483e+05
1.044e-01 1.512e+05
1.078e-01 1.525e+05
7.633e-02 1.547e+05
1.206e-01 1.493e+05
4.354e-01 1.440e+05
1.512e-01 1.489e+05
1.092e-01 1.510e+05
8.727e-02 1.529e+05
1.127e-01 1.506e+05
1.394e-01 1.497e+05
7.846e-02 1.463e+05
4.959e-02 1.488e+05
1.730e-01 1.487e+05
1.560e-01 1.483e+05
7.816e-02 1.533e+05
9.744e-06 1.465e+04
1.563e-01 1.485e+05
1.368e-01 1.485e+05
1.799e-01 1.488e+05
1.300e-01 1.456e+05
1.319e-01 1.465e+05
7.828e-02 1.548e+05
1.558e-01 1.455e+05
2.140e-01 1.440e+05
1.646e-01 1.402e+05
1.280e-01 1.493e+05
1.526e-01 1.484e+05
1.168e-01 1.471e+05
1.348e-01 1.493e+05
1.322e-01 1.490e+05
8.429e-02 1.535e+05
2.061e-01 1.463e+05
1.261e-01 1.496e+05
9.056e-02 1.522e+05
3.351e-01 1.402e+05
3.003e-01 1.450e+05
1.382e-01 1.474e+05
1.057e-01 1.520e+05
1.536e-01 1.488e+05
4.395e-01 1.405e+05
1.632e-01 1.459e+05
1.499e-01 1.435e+05
1.433e-05 2.903e+04
1.179e-01 1.499e+05
2.584e-01 1.412e+05
2.712e-05 2.069e+04
1.025e-01 1.488e+05
2.452e-01 1.449e+05
9.956e-02 1.458e+05
1.478e-07 4.266e+03
1.410e-01 1.453e+05
7.110e-02 1.547e+05
9.536e-02 1.513e+05
1.295e-01 1.444e+05
8.264e-02 1.546e+05
8.422e-02 1.531e+05
1.606e-01 1.489e+05
1.250e-01 1.439e+05
9.770e-02 1.469e+05
1.315e-01 1.496e+05
8.738e-02 1.494e+05
1.131e-01 1.506e+05
8.386e-02 1.491e+05
7.362e-02 1.540e+05
1.781e-01 1.420e+05
3.117e-01 1.422e+05
2.566e-01 1.432e+05
5.935e-01 1.208e+05
1.430e-01 1.496e+05
1.625e-01 1.434e+05
1.906e-01 1.423e+05
1.943e-01 1.439e+05
9.354e-02 1.536e+05
3.116e-01 1.412e+05
1.234e-01 1.509e+05
1.463e-01 1.447e+05
9.447e-02 1.516e+05
7.034e-02 1.551e+05
7.012e-02 1.511e+05
1.564e-01 1.483e+05
1.597e-01 1.482e+05
1.397e-01 1.421e+05
1.413e-01 1.482e+05
2.685e-01 1.441e+05
1.281e-01 1.499e+05
1.547e-01 1.494e+05
1.083e-01 1.503e+05
1.810e-01 1.475e+05
1.457e-01 1.490e+05
8.974e-02 1.527e+05
1.708e-01 1.450e+05
1.559e-01 1.492e+05
2.121e-01 1.443e+05
4.496e-07 1.352e+04
1.036e-01 1.505e+05
4.534e-01 1.429e+05
1.028e-05 3.349e+04
1.739e-01 1.468e+05
1.284e-01 1.461e+05
2.500e-01 1.494e+05
1.105e-01 1.511e+05
3.777e-01 1.419e+05
2.129e-01 1.459e+05
7.919e-02 1.532e+05
2.833e-06 7.492e+04
7.330e-02 1.484e+05
8.198e-02 1.539e+05
1.135e-01 1.515e+05
8.439e-02 1.538e+05
1.009e-01 1.512e+05
8.438e-02 1.536e+05
1.155e-01 1.450e+05
1.699e-01 1.482e+05
3.760e-01 1.441e+05
1.373e-05 2.961e+04
1.551e-01 1.487e+05
2.077e-06 4.064e+03
1.550e-01 1.473e+05
1.411e-01 1.453e+05
1.810e-01 1.455e+05
3.287e-06 2.690e+04
8.136e-06 2.426e+04
3.339e-01 1.438e+05
1.535e-01 1.486e+05
9.155e-09 5.106e+03
3.567e-07 2.925e+04
8.595e-02 1.487e+05
1.487e-01 1.471e+05
8.009e-02 1.538e+05
3.132e-06 1.634e+04
1.197e-01 1.500e+05
1.315e-01 1.497e+05
4.034e-01 1.470e+05
1.438e-01 1.488e+05
8.048e-02 1.538e+05
2.473e-01 1.454e+05
1.194e-01 1.500e+05
1.439e-01 1.489e+05
1.666e-01 1.480e+05
8.560e-02 1.507e+05
3.466e-01 1.468e+05
8.943e-06 6.358e+04
1.261e-01 1.494e+05
5.183e-07 2.126e+04
1.086e-01 1.502e+05
1.311e-01 1.499e+05
1.081e-01 1.514e+05
1.499e-01 1.487e+05
1.476e-01 1.490e+05
2.144e-01 1.445e+05
4.005e-01 1.404e+05
1.271e-01 1.509e+05
1.241e-01 1.491e+05
1.522e-05 1.869e+04
2.538e-01 1.454e+05
1.002e-01 1.510e+05
3.438e-01 1.403e+05
1.895e-01 1.456e+05
2.009e-01 1.421e+05
7.253e-06 3.002e+04
6.929e-02 1.560e+05
7.693e-02 1.500e+05
4.872e-06 3.421e+04
1.173e-01 1.506e+05
1.052e-01 1.500e+05
9.011e-02 1.529e+05
1.255e-01 1.509e+05
3.971e-01 1.450e+05
1.399e-01 1.482e+05
8.216e-02 1.504e+05
1.338e-01 1.447e+05
3.270e-01 1.391e+05
5.220e-07 2.230e+04
4.816e-07 3.407e+04
1.540e-05 1.487e+04
1.740e-01 1.480e+05
7.692e-02 1.534e+05
1.666e-01 1.464e+05
4.308e-06 6.856e+03
1.246e-01 1.501e+05
5.948e-01 1.346e+05
4.397e-01 1.462e+05
3.219e-01 1.423e+05
1.665e-01 1.488e+05
7.299e-02 1.526e+05
3.846e-01 1.407e+05
2.291e-01 1.441e+05
1.709e-01 1.464e+05
2.574e-05 5.507e+04
1.033e-01 1.506e+05
1.355e-01 1.487e+05
1.291e-01 1.501e+05
1.078e-01 1.460e+05
2.907e-01 1.423e+05
9.733e-02 1.526e+05
9.815e-02 1.464e+05
5.144e-01 1.411e+05
1.017e-01 1.520e+05
5.019e-02 1.483e+05
2.512e-01 1.404e+05
2.416e-01 1.418e+05
2.499e-01 1.453e+05
1.044e-05 1.150e+04
1.647e-01 1.484e+05
1.328e-01 1.494e+05
2.169e-01 1.439e+05
1.495e-01 1.485e+05
1.514e-01 1.484e+05
4.151e-01 1.267e+05
7.079e-06 5.382e+03
7.573e-02 1.499e+05
1.479e-01 1.491e+05
1.021e-01 1.514e+05
1.090e-01 1.512e+05
8.338e-02 1.541e+05
2.576e-06 5.859e+03
7.893e-02 1.532e+05
1.581e-01 1.485e+05
9.602e-02 1.456e+05
2.019e-01 1.477e+05
9.618e-02 1.509e+05
7.833e-06 7.719e+03
1.180e-01 1.510e+05
7.672e-02 1.533e+05
1.576e-01 1.492e+05
3.632e-01 1.432e+05
2.890e-07 3.768e+04
2.237e-01 1.438e+05
8.515e-02 1.473e+05
1.447e-01 1.499e+05
7.073e-02 1.544e+05
1.330e-01 1.508e+05
1.955e-01 1.479e+05
1.175e-01 1.498e+05
1.993e-01 1.472e+05
2.599e-01 1.418e+05
4.435e-01 1.481e+05
1.112e-06 1.401e+02
1.472e-01 1.411e+05
1.066e-05 5.393e+03
8.868e-02 1.527e+05
9.335e-06 2.284e+04
1.226e-01 1.520e+05
2.155e-01 1.447e+05
2.811e-01 1.429e+05
2.113e-01 1.429e+05
2.346e-06 5.026e+03
7.200e-02 1.539e+05
2.695e-01 1.471e+05
6.838e-02 1.555e+05
1.267e-01 1.517e+05
1.898e-01 1.475e+05
3.223e-05 2.797e+04
2.467e-01 1.492e+05
1.191e-01 1.513e+05
3.707e-06 1.366e+04
1.060e-01 1.511e+05
1.115e-01 1.505e+05
2.816e-01 1.428e+05
1.362e-01 1.494e+05
1.641e-01 1.485e+05
3.835e-01 1.427e+05
9.110e-02 1.518e+05
2.545e-01 1.465e+05
1.443e-01 1.436e+05
1.342e-06 5.299e+04
6.498e-06 2.274e+04
1.159e-01 1.488e+05
8.164e-02 1.534e+05
1.380e-01 1.465e+05
1.540e-01 1.483e+05
3.635e-01 1.398e+05
1.282e-01 1.503e+05
7.640e-07 8.666e+03
1.036e-01 1.523e+05
2.331e-01 1.418e+05
1.146e-01 1.496e+05
1.193e-01 1.433e+05
8.157e-02 1.526e+05
1.140e-01 1.421e+05
5.139e-01 1.403e+05
1.912e-01 1.477e+05
8.456e-02 1.529e+05
1.175e-01 1.516e+05
3.825e-01 1.397e+05
1.282e-01 1.496e+05
1.176e-01 1.509e+05
1.475e-01 1.492e+05
1.035e-05 1.513e+04
9.352e-02 1.511e+05
1.095e-01 1.496e+05
5.988e-01 1.160e+05
1.761e-01 1.485e+05
1.237e-01 1.500e+05
1.230e-01 1.439e+05
1.460e-01 1.457e+05
1.151e-01 1.509e+05
1.468e-01 1.486e+05
2.796e-01 1.480e+05
1.786e-01 1.472e+05
1.254e-01 1.517e+05
7.506e-02 1.548e+05
9.412e-02 1.500e+05
1.175e-01 1.498e+05
1.495e-01 1.469e+05
1.243e-01 1.493e+05
1.432e-01 1.500e+05
1.081e-01 1.460e+05
2.565e-01 1.423e+05
1.688e-01 1.481e+05
1.595e-01 1.485e+05
1.122e-01 1.502e+05
1.771e-01 1.479e+05
2.524e-01 1.414e+05
1.197e-01 1.500e+05
1.656e-01 1.489e+05
1.275e-01 1.467e+05
2.443e-01 1.439e+05
8.946e-06 3.377e+04
4.348e-01 1.233e+05
9.729e-02 1.514e+05
2.462e-01 1.421e+05
1.221e-01 1.451e+05
1.250e-01 1.504e+05
9.556e-02 1.528e+05
2.751e-01 1.461e+05
2.889e-01 1.475e+05
9.477e-02 1.520e+05
5.593e-02 1.514e+05
3.232e-01 1.477e+05
5.313e-06 3.454e+04
1.419e-01 1.506e+05
9.804e-02 1.513e+05
1.013e-01 1.513e+05
8.603e-02 1.530e+05
1.140e-01 1.500e+05
1.005e-01 1.512e+05
6.914e-06 2.314e+04
2.723e-01 1.429e+05
1.898e-01 1.475e+05
5.440e-02 1.511e+05
6.558e-02 1.555e+05
4.228e-01 1.324e+05
1.392e-01 1.503e+05
1.723e-01 1.455e+05
1.317e-01 1.501e+05
3.136e-01 1.442e+05
1.019e-01 1.482e+05
2.180e-01 1.449e+05
1.684e-01 1.488e+05
1.542e-01 1.494e+05
1.333e-01 1.504e+05
1.453e-01 1.499e+05
7.992e-02 1.540e+05
1.094e-01 1.507e+05
2.698e-01 1.487e+05
1.072e-01 1.511e+05
1.167e-01 1.501e+05
1.631e-01 1.471e+05
1.381e-01 1.496e+05
1.442e-01 1.499e+05
2.392e-06 2.601e+04
3.659e-06 1.387e+04
2.056e-01 1.440e+05
1.071e-01 1.504e+05
1.804e-01 1.460e+05
1.332e-01 1.515e+05
1.954e-01 1.452e+05
9.830e-02 1.529e+05
9.330e-02 1.529e+05
1.617e-01 1.427e+05
9.001e-02 1.538e+05
5.339e-01 1.431e+05
1.570e-01 1.488e+05
1.437e-01 1.442e+05
1.178e-01 1.502e+05
9.040e-02 1.531e+05
5.846e-06 2.518e+03
2.117e-01 1.421e+05
4.120e-01 1.401e+05
1.158e-01 1.492e+05
1.192e-01 1.500e+05
8.253e-02 1.542e+05
9.734e-02 1.519e+05
1.189e-01 1.509e+05
1.240e-01 1.446e+05
9.217e-02 1.521e+05
1.628e-01 1.491e+05
2.501e-01 1.436e+05
1.046e-01 1.472e+05
2.260e-01 1.423e+05
1.223e-01 1.504e+05
1.910e-06 2.304e+04
3.569e-01 1.409e+05
1.506e-01 1.479e+05
1.072e-01 1.523e+05
1.138e-01 1.490e+05
1.335e-01 1.472e+05
1.547e-01 1.476e+05
1.407e-01 1.480e+05
2.242e-06 7.437e+03
2.036e-01 1.457e+05
2.432e-01 1.404e+05
1.454e-01 1.501e+05
3.126e-01 1.433e+05
9.380e-02 1.520e+05
1.072e-01 1.519e+05
1.597e-01 1.460e+05
7.961e-02 1.533e+05
4.226e-01 1.464e+05
1.451e-01 1.489e+05
5.351e-01 1.467e+05
7.761e-02 1.541e+05
8.605e-02 1.542e+05
9.867e-02 1.523e+05
7.626e-02 1.546e+05
3.032e-01 1.437e+05
1.264e-01 1.497e+05
1.174e-01 1.510e+05
1.209e-01 1.459e+05
1.948e-01 1.482e+05
5.032e-01 1.442e+05
1.353e-01 1.495e+05
1.799e-01 1.480e+05
8.208e-02 1.540e+05
8.122e-02 1.533e+05
5.829e-06 1.910e+04
1.178e-01 1.440e+05
1.364e-01 1.492e+05
1.845e-01 1.474e+05
1.360e-01 1.491e+05
9.767e-02 1.513e+05
6.341e-02 1.544e+05
4.880e-01 1.413e+05
2.641e-06 4.930e+04
1.282e-01 1.504e+05
1.859e-01 1.438e+05
8.216e-06 1.119e+03
2.189e-01 1.466e+05
7.834e-06 5.396e+04
1.082e-05 3.307e+04
2.057e-01 1.446e+05
6.908e-07 1.366e+04
1.670e-01 1.481e+05
2.031e-01 1.480e+05
1.461e-01 1.494e+05
8.794e-02 1.496e+05
1.057e-01 1.485e+05
1.341e-01 1.477e+05
4.247e-06 3.154e+03
4.469e-01 1.435e+05
1.416e-01 1.461e+05
1.332e-01 1.438e+05
1.290e-01 1.463e+05
8.189e-02 1.528e+05
2.468e-01 1.488e+05
3.448e-01 1.401e+05
5.438e-06 1.221e+04
1.073e-01 1.517e+05
1.952e-01 1.422e+05
