3 6520
4 7378
5 8263
6 9167
7 10079
8 10994
9 11902
10 12797
11 13673
12 14526
13 15350
14 16143
15 16902
16 17625
17 18311
18 18959
19 19570
20 20144
21 20681
22 21183
23 21651
24 22086
25 22489
26 22863
27 23208
28 23527
29 23822
30 24093
31 24342
32 24571
33 24781
34 24974
35 25151
36 25313
37 25461
38 25596
39 25720
40 25834
41 25937
42 26032
43 26118
44 26196
45 26268
46 26334
47 26393
48 26448
49 26497
50 26542
51 26584
52 26621
53 26655
54 26686
55 26714
56 26740
57 26764
58 26785
59 26804
60 26822
61 26838
62 26853
63 26866
