3 6520
4 7181
5 7905
6 8697
7 9557
8 10487
9 11483
10 12535
11 13626
12 14732
13 15816
14 16839
15 17761
16 18553
17 19201
18 19708
19 20089
20 20367
21 20565
22 20703
23 20799
24 20864
25 20908
26 20938
27 20959
28 20972
29 20981
30 20987
31 20992
32 20994
33 20996
34 20997
35 20998
36 20999
37 20999
38 20999
39 21000
40 21000
41 21000
42 21000
43 21000
44 21000
45 21000
46 21000
47 21000
48 21000
49 21000
50 21000
51 21000
52 21000
53 21000
54 21000
55 21000
56 21000
57 21000
58 21000
59 21000
60 21000
61 21000
62 21000
63 21000
