2.377e-01 1.901e+04
2.381e-01 1.890e+04
2.388e-01 1.893e+04
2.380e-01 1.891e+04
2.384e-01 1.887e+04
2.372e-01 1.900e+04
2.379e-01 1.895e+04
2.380e-01 1.890e+04
2.383e-01 1.893e+04
2.383e-01 1.888e+04
2.375e-01 1.900e+04
2.380e-01 1.899e+04
2.382e-01 1.881e+04
2.386e-01 1.890e+04
2.382e-01 1.889e+04
2.379e-01 1.885e+04
2.376e-01 1.901e+04
2.388e-01 1.890e+04
2.385e-01 1.890e+04
2.383e-01 1.888e+04
2.380e-01 1.898e+04
2.384e-01 1.895e+04
2.383e-01 1.895e+04
2.383e-01 1.898e+04
2.380e-01 1.891e+04
2.380e-01 1.892e+04
2.379e-01 1.906e+04
2.385e-01 1.890e+04
2.383e-01 1.902e+04
2.383e-01 1.889e+04
2.387e-01 1.885e+04
2.382e-01 1.894e+04
2.380e-01 1.902e+04
2.380e-01 1.897e+04
2.383e-01 1.894e+04
2.381e-01 1.889e+04
2.377e-01 1.893e+04
2.381e-01 1.895e+04
2.383e-01 1.892e+04
2.379e-01 1.896e+04
2.383e-01 1.888e+04
2.382e-01 1.895e+04
2.374e-01 1.899e+04
2.382e-01 1.886e+04
2.382e-01 1.888e+04
2.386e-01 1.891e+04
2.381e-01 1.890e+04
2.386e-01 1.888e+04
2.378e-01 1.893e+04
2.377e-01 1.896e+04
2.385e-01 1.895e+04
2.375e-01 1.900e+04
2.383e-01 1.897e+04
2.381e-01 1.893e+04
2.383e-01 1.895e+04
2.381e-01 1.889e+04
2.378e-01 1.904e+04
2.377e-01 1.901e+04
2.383e-01 1.894e+04
2.377e-01 1.904e+04
2.387e-01 1.888e+04
2.382e-01 1.889e+04
2.379e-01 1.889e+04
2.375e-01 1.905e+04
2.379e-01 1.894e+04
2.382e-01 1.897e+04
2.384e-01 1.891e+04
2.383e-01 1.887e+04
2.380e-01 1.893e+04
2.386e-01 1.885e+04
2.378e-01 1.902e+04
2.382e-01 1.885e+04
2.379e-01 1.893e+04
2.384e-01 1.895e+04
2.382e-01 1.893e+04
2.378e-01 1.896e+04
2.380e-01 1.900e+04
2.374e-01 1.894e+04
2.388e-01 1.874e+04
2.377e-01 1.898e+04
2.383e-01 1.899e+04
2.381e-01 1.898e+04
2.388e-01 1.886e+04
2.380e-01 1.888e+04
2.379e-01 1.895e+04
2.381e-01 1.896e+04
2.385e-01 1.888e+04
2.380e-01 1.894e+04
2.381e-01 1.897e+04
2.374e-01 1.902e+04
2.373e-01 1.898e+04
2.386e-01 1.892e+04
2.386e-01 1.899e+04
2.378e-01 1.903e+04
2.380e-01 1.900e+04
2.384e-01 1.892e+04
2.380e-01 1.899e+04
2.382e-01 1.897e+04
2.376e-01 1.896e+04
2.379e-01 1.896e+04
2.380e-01 1.892e+04
2.378e-01 1.893e+04
2.384e-01 1.888e+04
2.384e-01 1.894e+04
2.378e-01 1.892e+04
2.382e-01 1.893e+04
2.379e-01 1.896e+04
2.379e-01 1.896e+04
2.382e-01 1.898e+04
2.386e-01 1.889e+04
2.383e-01 1.893e+04
2.378e-01 1.899e+04
2.383e-01 1.891e+04
2.386e-01 1.894e+04
2.384e-01 1.894e+04
2.386e-01 1.890e+04
2.381e-01 1.893e+04
2.375e-01 1.900e+04
2.384e-01 1.890e+04
2.382e-01 1.893e+04
2.383e-01 1.887e+04
2.381e-01 1.895e+04
2.385e-01 1.892e+04
2.377e-01 1.894e+04
2.374e-01 1.900e+04
2.381e-01 1.888e+04
2.381e-01 1.889e+04
2.375e-01 1.901e+04
2.379e-01 1.890e+04
2.381e-01 1.891e+04
2.380e-01 1.889e+04
2.381e-01 1.899e+04
2.387e-01 1.893e+04
2.374e-01 1.900e+04
2.377e-01 1.897e+04
2.381e-01 1.890e+04
2.384e-01 1.888e+04
2.383e-01 1.892e+04
2.383e-01 1.895e+04
2.376e-01 1.900e+04
2.384e-01 1.891e+04
2.382e-01 1.893e+04
2.380e-01 1.889e+04
2.377e-01 1.900e+04
2.377e-01 1.904e+04
2.379e-01 1.891e+04
2.384e-01 1.898e+04
2.378e-01 1.900e+04
2.384e-01 1.890e+04
2.379e-01 1.892e+04
2.383e-01 1.894e+04
2.378e-01 1.901e+04
2.377e-01 1.893e+04
2.385e-01 1.888e+04
2.379e-01 1.896e+04
2.389e-01 1.890e+04
2.385e-01 1.894e+04
2.383e-01 1.894e+04
2.384e-01 1.895e+04
2.382e-01 1.888e+04
2.383e-01 1.887e+04
2.377e-01 1.894e+04
2.385e-01 1.889e+04
2.382e-01 1.892e+04
2.377e-01 1.902e+04
2.382e-01 1.896e+04
2.375e-01 1.895e+04
2.387e-01 1.888e+04
2.380e-01 1.891e+04
2.385e-01 1.885e+04
2.379e-01 1.887e+04
2.382e-01 1.893e+04
2.382e-01 1.887e+04
2.381e-01 1.892e+04
2.382e-01 1.889e+04
2.380e-01 1.891e+04
2.377e-01 1.895e+04
2.386e-01 1.890e+04
2.387e-01 1.889e+04
2.386e-01 1.892e+04
2.377e-01 1.899e+04
2.380e-01 1.892e+04
2.380e-01 1.902e+04
2.380e-01 1.894e+04
2.385e-01 1.893e+04
2.385e-01 1.888e+04
2.381e-01 1.893e+04
2.377e-01 1.898e+04
2.380e-01 1.887e+04
2.377e-01 1.896e+04
2.382e-01 1.895e+04
2.378e-01 1.892e+04
2.383e-01 1.896e+04
2.381e-01 1.898e+04
2.379e-01 1.900e+04
2.378e-01 1.895e+04
2.380e-01 1.896e+04
2.380e-01 1.894e+04
2.380e-01 1.896e+04
2.377e-01 1.901e+04
2.386e-01 1.884e+04
2.384e-01 1.890e+04
2.377e-01 1.899e+04
2.384e-01 1.888e+04
2.384e-01 1.888e+04
2.382e-01 1.891e+04
2.371e-01 1.905e+04
2.382e-01 1.890e+04
2.382e-01 1.888e+04
2.383e-01 1.892e+04
2.382e-01 1.892e+04
2.383e-01 1.893e+04
2.381e-01 1.894e+04
2.382e-01 1.899e+04
2.387e-01 1.885e+04
2.380e-01 1.893e+04
2.383e-01 1.895e+04
2.379e-01 1.896e+04
2.379e-01 1.895e+04
2.386e-01 1.890e+04
2.385e-01 1.887e+04
2.387e-01 1.887e+04
2.385e-01 1.891e+04
2.381e-01 1.893e+04
2.382e-01 1.895e+04
2.387e-01 1.889e+04
2.378e-01 1.891e+04
2.380e-01 1.894e+04
2.386e-01 1.880e+04
2.380e-01 1.897e+04
2.383e-01 1.891e+04
2.384e-01 1.885e+04
2.379e-01 1.889e+04
2.382e-01 1.885e+04
2.382e-01 1.894e+04
2.381e-01 1.896e+04
2.378e-01 1.892e+04
2.376e-01 1.892e+04
2.380e-01 1.897e+04
2.386e-01 1.887e+04
2.383e-01 1.889e+04
2.382e-01 1.886e+04
2.383e-01 1.898e+04
2.382e-01 1.896e+04
2.384e-01 1.881e+04
2.379e-01 1.895e+04
2.381e-01 1.901e+04
2.380e-01 1.892e+04
2.383e-01 1.897e+04
2.379e-01 1.898e+04
2.387e-01 1.888e+04
2.376e-01 1.893e+04
2.389e-01 1.883e+04
2.380e-01 1.892e+04
2.380e-01 1.897e+04
2.375e-01 1.905e+04
2.381e-01 1.894e+04
2.388e-01 1.883e+04
2.379e-01 1.897e+04
2.378e-01 1.898e+04
2.388e-01 1.884e+04
2.383e-01 1.892e+04
2.383e-01 1.894e+04
2.380e-01 1.896e+04
2.381e-01 1.892e+04
2.383e-01 1.892e+04
2.383e-01 1.892e+04
2.379e-01 1.900e+04
2.384e-01 1.886e+04
2.373e-01 1.906e+04
2.383e-01 1.898e+04
2.380e-01 1.891e+04
2.385e-01 1.885e+04
2.379e-01 1.894e+04
2.382e-01 1.894e+04
2.382e-01 1.889e+04
2.377e-01 1.894e+04
2.385e-01 1.893e+04
2.385e-01 1.893e+04
2.386e-01 1.891e+04
2.382e-01 1.896e+04
2.380e-01 1.895e+04
2.381e-01 1.896e+04
2.382e-01 1.882e+04
2.378e-01 1.894e+04
2.388e-01 1.885e+04
2.387e-01 1.889e+04
2.382e-01 1.900e+04
2.387e-01 1.889e+04
2.382e-01 1.887e+04
2.382e-01 1.903e+04
2.383e-01 1.888e+04
2.379e-01 1.897e+04
2.381e-01 1.895e+04
2.385e-01 1.892e+04
2.387e-01 1.891e+04
2.379e-01 1.896e+04
2.373e-01 1.901e+04
2.376e-01 1.902e+04
2.375e-01 1.899e+04
2.387e-01 1.886e+04
2.381e-01 1.894e+04
2.378e-01 1.895e+04
2.381e-01 1.886e+04
2.387e-01 1.889e+04
2.384e-01 1.884e+04
2.386e-01 1.883e+04
2.385e-01 1.890e+04
2.383e-01 1.887e+04
2.383e-01 1.892e+04
2.388e-01 1.879e+04
2.383e-01 1.887e+04
2.382e-01 1.888e+04
2.385e-01 1.896e+04
2.387e-01 1.887e+04
2.384e-01 1.892e+04
2.383e-01 1.895e+04
2.382e-01 1.894e+04
2.382e-01 1.894e+04
2.384e-01 1.891e+04
2.378e-01 1.899e+04
2.380e-01 1.886e+04
2.383e-01 1.885e+04
2.384e-01 1.889e+04
2.386e-01 1.884e+04
2.381e-01 1.893e+04
2.385e-01 1.896e+04
2.380e-01 1.899e+04
2.379e-01 1.893e+04
2.382e-01 1.890e+04
2.380e-01 1.891e+04
2.380e-01 1.892e+04
2.384e-01 1.893e+04
2.384e-01 1.886e+04
2.379e-01 1.894e+04
2.379e-01 1.892e+04
2.383e-01 1.897e+04
2.387e-01 1.891e+04
2.374e-01 1.897e+04
2.382e-01 1.891e+04
2.382e-01 1.898e+04
2.376e-01 1.890e+04
2.386e-01 1.881e+04
2.386e-01 1.885e+04
2.386e-01 1.889e+04
2.378e-01 1.897e+04
2.381e-01 1.901e+04
2.378e-01 1.893e+04
2.384e-01 1.889e+04
2.385e-01 1.891e+04
2.379e-01 1.898e+04
2.380e-01 1.891e+04
2.377e-01 1.897e+04
2.374e-01 1.905e+04
2.382e-01 1.893e+04
2.377e-01 1.892e+04
2.379e-01 1.893e+04
2.377e-01 1.896e+04
2.382e-01 1.895e+04
2.381e-01 1.891e+04
2.380e-01 1.894e+04
2.384e-01 1.887e+04
2.385e-01 1.896e+04
2.381e-01 1.893e+04
2.386e-01 1.883e+04
2.386e-01 1.898e+04
2.387e-01 1.880e+04
2.384e-01 1.893e+04
2.378e-01 1.897e+04
2.381e-01 1.893e+04
2.386e-01 1.886e+04
2.380e-01 1.894e+04
2.380e-01 1.899e+04
2.380e-01 1.895e+04
2.379e-01 1.892e+04
2.379e-01 1.899e+04
2.383e-01 1.893e+04
2.382e-01 1.890e+04
2.381e-01 1.898e+04
2.380e-01 1.888e+04
2.379e-01 1.890e+04
2.381e-01 1.892e+04
2.388e-01 1.885e+04
2.383e-01 1.894e+04
2.384e-01 1.891e+04
2.385e-01 1.889e+04
2.381e-01 1.890e+04
2.378e-01 1.902e+04
2.377e-01 1.894e+04
2.388e-01 1.888e+04
2.379e-01 1.882e+04
2.382e-01 1.884e+04
2.377e-01 1.896e+04
2.380e-01 1.896e+04
2.380e-01 1.894e+04
2.379e-01 1.891e+04
2.384e-01 1.893e+04
2.381e-01 1.886e+04
2.376e-01 1.899e+04
2.378e-01 1.899e+04
2.380e-01 1.894e+04
2.383e-01 1.889e+04
2.380e-01 1.892e+04
2.385e-01 1.898e+04
2.384e-01 1.889e+04
2.379e-01 1.892e+04
2.378e-01 1.897e+04
2.380e-01 1.891e+04
2.381e-01 1.892e+04
2.381e-01 1.896e+04
2.377e-01 1.894e+04
2.383e-01 1.894e+04
2.387e-01 1.893e+04
2.381e-01 1.897e+04
2.377e-01 1.900e+04
2.385e-01 1.890e+04
2.382e-01 1.893e+04
2.384e-01 1.889e+04
2.375e-01 1.907e+04
2.382e-01 1.890e+04
2.374e-01 1.901e+04
2.376e-01 1.899e+04
2.381e-01 1.892e+04
2.381e-01 1.888e+04
2.379e-01 1.899e+04
2.383e-01 1.888e+04
2.381e-01 1.887e+04
2.384e-01 1.890e+04
2.384e-01 1.887e+04
2.379e-01 1.900e+04
2.386e-01 1.882e+04
2.374e-01 1.908e+04
2.380e-01 1.898e+04
2.377e-01 1.892e+04
2.381e-01 1.890e+04
2.379e-01 1.900e+04
2.386e-01 1.887e+04
2.380e-01 1.894e+04
2.378e-01 1.893e+04
2.386e-01 1.887e+04
2.383e-01 1.890e+04
2.384e-01 1.892e+04
2.377e-01 1.898e+04
2.383e-01 1.893e+04
2.387e-01 1.886e+04
2.382e-01 1.892e+04
2.383e-01 1.894e+04
2.382e-01 1.896e+04
2.382e-01 1.892e+04
2.380e-01 1.892e+04
2.389e-01 1.886e+04
2.378e-01 1.895e+04
2.381e-01 1.901e+04
2.378e-01 1.899e+04
2.382e-01 1.895e+04
2.382e-01 1.899e+04
2.382e-01 1.894e+04
2.381e-01 1.896e+04
2.389e-01 1.883e+04
2.380e-01 1.888e+04
2.380e-01 1.903e+04
2.385e-01 1.890e+04
2.388e-01 1.886e+04
2.384e-01 1.893e+04
2.383e-01 1.892e+04
2.381e-01 1.890e+04
2.382e-01 1.893e+04
2.385e-01 1.888e+04
2.388e-01 1.884e+04
2.380e-01 1.893e+04
2.380e-01 1.897e+04
2.381e-01 1.899e+04
2.380e-01 1.894e+04
2.381e-01 1.893e+04
2.384e-01 1.887e+04
2.385e-01 1.894e+04
2.380e-01 1.896e+04
2.382e-01 1.892e+04
2.380e-01 1.897e+04
2.378e-01 1.886e+04
2.380e-01 1.891e+04
2.384e-01 1.891e+04
2.383e-01 1.891e+04
2.378e-01 1.901e+04
2.380e-01 1.895e+04
2.378e-01 1.896e+04
2.379e-01 1.895e+04
2.387e-01 1.886e+04
2.382e-01 1.897e+04
2.384e-01 1.893e+04
2.382e-01 1.887e+04
2.378e-01 1.894e+04
2.384e-01 1.893e+04
2.386e-01 1.887e+04
2.386e-01 1.892e+04
2.382e-01 1.889e+04
2.379e-01 1.896e+04
2.387e-01 1.883e+04
2.379e-01 1.896e+04
2.382e-01 1.892e+04
2.382e-01 1.894e+04
2.374e-01 1.901e+04
2.384e-01 1.892e+04
2.380e-01 1.897e+04
2.382e-01 1.896e+04
2.380e-01 1.898e+04
2.384e-01 1.889e+04
2.378e-01 1.898e+04
2.384e-01 1.898e+04
2.379e-01 1.893e+04
2.386e-01 1.884e+04
2.386e-01 1.888e+04
2.381e-01 1.896e+04
2.387e-01 1.890e+04
2.382e-01 1.896e+04
2.379e-01 1.892e+04
2.384e-01 1.891e+04
2.386e-01 1.885e+04
2.385e-01 1.894e+04
2.382e-01 1.890e+04
2.380e-01 1.894e+04
2.375e-01 1.905e+04
2.383e-01 1.890e+04
2.384e-01 1.886e+04
2.378e-01 1.901e+04
2.382e-01 1.895e+04
2.376e-01 1.900e+04
2.383e-01 1.893e+04
2.385e-01 1.891e+04
2.385e-01 1.890e+04
2.378e-01 1.897e+04
2.384e-01 1.889e+04
2.381e-01 1.894e+04
2.384e-01 1.893e+04
2.376e-01 1.902e+04
2.380e-01 1.894e+04
2.380e-01 1.891e+04
2.384e-01 1.886e+04
2.384e-01 1.892e+04
2.382e-01 1.893e+04
2.383e-01 1.894e+04
2.381e-01 1.894e+04
2.383e-01 1.888e+04
2.385e-01 1.884e+04
2.384e-01 1.894e+04
2.380e-01 1.896e+04
2.379e-01 1.898e+04
2.375e-01 1.893e+04
2.387e-01 1.891e+04
2.388e-01 1.884e+04
2.386e-01 1.889e+04
2.389e-01 1.886e+04
2.379e-01 1.897e+04
2.385e-01 1.884e+04
2.385e-01 1.892e+04
2.377e-01 1.893e+04
2.382e-01 1.893e+04
2.383e-01 1.895e+04
2.378e-01 1.897e+04
2.382e-01 1.890e+04
2.376e-01 1.895e+04
2.380e-01 1.890e+04
2.381e-01 1.898e+04
2.384e-01 1.894e+04
2.377e-01 1.904e+04
2.379e-01 1.893e+04
2.383e-01 1.887e+04
2.387e-01 1.887e+04
2.383e-01 1.885e+04
2.380e-01 1.889e+04
2.384e-01 1.893e+04
2.382e-01 1.899e+04
2.381e-01 1.893e+04
2.383e-01 1.890e+04
2.378e-01 1.892e+04
2.382e-01 1.895e+04
2.382e-01 1.889e+04
2.381e-01 1.897e+04
2.380e-01 1.898e+04
2.380e-01 1.898e+04
2.383e-01 1.892e+04
2.384e-01 1.891e+04
2.379e-01 1.893e+04
2.385e-01 1.894e+04
2.377e-01 1.900e+04
2.386e-01 1.879e+04
2.379e-01 1.896e+04
2.380e-01 1.897e+04
2.378e-01 1.894e+04
2.376e-01 1.900e+04
2.386e-01 1.893e+04
2.381e-01 1.895e+04
2.383e-01 1.896e+04
2.386e-01 1.894e+04
2.380e-01 1.897e+04
2.381e-01 1.893e+04
2.381e-01 1.894e+04
2.378e-01 1.899e+04
2.383e-01 1.889e+04
2.385e-01 1.889e+04
2.380e-01 1.895e+04
2.379e-01 1.898e+04
2.385e-01 1.889e+04
2.376e-01 1.899e+04
2.375e-01 1.905e+04
2.381e-01 1.891e+04
2.383e-01 1.896e+04
2.380e-01 1.893e+04
2.380e-01 1.895e+04
2.383e-01 1.895e+04
2.375e-01 1.896e+04
2.385e-01 1.887e+04
2.378e-01 1.898e+04
2.380e-01 1.884e+04
2.375e-01 1.909e+04
2.380e-01 1.897e+04
2.383e-01 1.889e+04
2.385e-01 1.889e+04
2.374e-01 1.901e+04
2.386e-01 1.889e+04
2.382e-01 1.889e+04
2.382e-01 1.889e+04
2.381e-01 1.887e+04
2.380e-01 1.894e+04
2.376e-01 1.896e+04
2.379e-01 1.903e+04
2.378e-01 1.895e+04
2.375e-01 1.902e+04
2.385e-01 1.896e+04
2.382e-01 1.897e+04
2.382e-01 1.899e+04
2.382e-01 1.890e+04
2.382e-01 1.900e+04
2.378e-01 1.901e+04
2.385e-01 1.891e+04
2.384e-01 1.899e+04
2.381e-01 1.888e+04
2.380e-01 1.891e+04
2.380e-01 1.896e+04
2.379e-01 1.893e+04
2.380e-01 1.898e+04
2.382e-01 1.898e+04
2.380e-01 1.901e+04
2.381e-01 1.892e+04
2.380e-01 1.894e+04
2.385e-01 1.894e+04
2.382e-01 1.884e+04
2.374e-01 1.900e+04
2.389e-01 1.886e+04
2.382e-01 1.891e+04
2.388e-01 1.892e+04
2.383e-01 1.890e+04
2.378e-01 1.901e+04
2.379e-01 1.899e+04
2.372e-01 1.899e+04
2.381e-01 1.892e+04
2.383e-01 1.898e+04
2.375e-01 1.901e+04
2.383e-01 1.891e+04
2.381e-01 1.888e+04
2.382e-01 1.895e+04
2.381e-01 1.892e+04
2.385e-01 1.893e+04
2.377e-01 1.901e+04
2.377e-01 1.901e+04
2.382e-01 1.897e+04
2.380e-01 1.897e+04
2.387e-01 1.888e+04
2.385e-01 1.892e+04
2.384e-01 1.889e+04
2.384e-01 1.890e+04
2.387e-01 1.892e+04
2.381e-01 1.886e+04
2.385e-01 1.895e+04
2.382e-01 1.899e+04
2.383e-01 1.894e+04
2.384e-01 1.888e+04
2.380e-01 1.895e+04
2.377e-01 1.900e+04
2.381e-01 1.903e+04
2.385e-01 1.892e+04
2.382e-01 1.895e+04
2.380e-01 1.898e+04
2.386e-01 1.890e+04
2.380e-01 1.891e+04
2.380e-01 1.898e+04
2.379e-01 1.896e+04
2.385e-01 1.889e+04
2.382e-01 1.889e+04
2.379e-01 1.892e+04
2.376e-01 1.903e+04
2.380e-01 1.901e+04
2.387e-01 1.882e+04
2.380e-01 1.886e+04
2.386e-01 1.887e+04
2.383e-01 1.888e+04
2.378e-01 1.902e+04
2.375e-01 1.899e+04
2.381e-01 1.895e+04
2.384e-01 1.887e+04
2.378e-01 1.898e+04
2.378e-01 1.896e+04
2.385e-01 1.892e+04
2.381e-01 1.897e+04
2.384e-01 1.886e+04
2.385e-01 1.888e+04
2.380e-01 1.893e+04
2.384e-01 1.896e+04
2.384e-01 1.891e+04
2.383e-01 1.894e+04
2.381e-01 1.897e+04
2.378e-01 1.891e+04
2.379e-01 1.899e+04
2.381e-01 1.895e+04
2.380e-01 1.899e+04
2.381e-01 1.898e+04
2.384e-01 1.890e+04
2.384e-01 1.883e+04
2.382e-01 1.887e+04
2.377e-01 1.902e+04
2.380e-01 1.896e+04
2.379e-01 1.891e+04
2.380e-01 1.889e+04
2.382e-01 1.892e+04
2.379e-01 1.899e+04
2.384e-01 1.881e+04
2.383e-01 1.892e+04
2.376e-01 1.898e+04
2.381e-01 1.897e+04
2.378e-01 1.898e+04
2.385e-01 1.883e+04
2.382e-01 1.896e+04
2.379e-01 1.890e+04
2.378e-01 1.900e+04
2.379e-01 1.895e+04
2.386e-01 1.890e+04
2.378e-01 1.893e+04
2.381e-01 1.885e+04
2.386e-01 1.892e+04
2.376e-01 1.898e+04
2.380e-01 1.886e+04
2.379e-01 1.900e+04
2.379e-01 1.898e+04
2.384e-01 1.893e+04
2.377e-01 1.892e+04
2.384e-01 1.890e+04
2.381e-01 1.892e+04
2.383e-01 1.895e+04
2.376e-01 1.899e+04
2.377e-01 1.899e+04
2.384e-01 1.891e+04
2.380e-01 1.886e+04
2.383e-01 1.885e+04
2.380e-01 1.894e+04
2.378e-01 1.895e+04
2.375e-01 1.897e+04
2.381e-01 1.889e+04
2.385e-01 1.895e+04
2.381e-01 1.894e+04
2.376e-01 1.899e+04
2.380e-01 1.897e+04
2.384e-01 1.895e+04
2.382e-01 1.891e+04
2.382e-01 1.890e+04
2.378e-01 1.893e+04
2.382e-01 1.889e+04
2.381e-01 1.897e+04
2.386e-01 1.886e+04
2.380e-01 1.902e+04
2.378e-01 1.900e+04
2.382e-01 1.894e+04
2.381e-01 1.891e+04
2.383e-01 1.891e+04
2.379e-01 1.890e+04
2.377e-01 1.902e+04
2.384e-01 1.894e+04
2.389e-01 1.891e+04
2.381e-01 1.898e+04
2.380e-01 1.893e+04
2.382e-01 1.894e+04
2.382e-01 1.895e+04
2.383e-01 1.892e+04
2.379e-01 1.897e+04
2.378e-01 1.896e+04
2.376e-01 1.900e+04
2.376e-01 1.896e+04
2.376e-01 1.900e+04
2.379e-01 1.895e+04
2.380e-01 1.898e+04
2.381e-01 1.889e+04
2.383e-01 1.893e+04
2.383e-01 1.890e+04
2.377e-01 1.898e+04
2.378e-01 1.896e+04
2.380e-01 1.901e+04
2.387e-01 1.887e+04
2.379e-01 1.897e+04
2.384e-01 1.885e+04
2.378e-01 1.896e+04
2.383e-01 1.884e+04
2.384e-01 1.895e+04
2.375e-01 1.899e+04
2.381e-01 1.896e+04
2.381e-01 1.897e+04
2.379e-01 1.900e+04
2.379e-01 1.886e+04
2.382e-01 1.895e+04
2.375e-01 1.902e+04
2.385e-01 1.885e+04
2.380e-01 1.891e+04
2.385e-01 1.891e+04
2.379e-01 1.895e+04
2.379e-01 1.904e+04
2.382e-01 1.895e+04
2.384e-01 1.894e+04
2.377e-01 1.895e+04
2.378e-01 1.890e+04
2.380e-01 1.898e+04
2.379e-01 1.891e+04
2.382e-01 1.888e+04
2.383e-01 1.889e+04
2.379e-01 1.897e+04
2.386e-01 1.890e+04
2.384e-01 1.890e+04
2.378e-01 1.904e+04
2.388e-01 1.883e+04
2.378e-01 1.894e+04
2.377e-01 1.895e+04
2.388e-01 1.887e+04
2.379e-01 1.894e+04
2.382e-01 1.887e+04
2.379e-01 1.893e+04
2.383e-01 1.892e+04
2.382e-01 1.895e+04
2.382e-01 1.890e+04
2.383e-01 1.889e+04
2.377e-01 1.897e+04
2.381e-01 1.892e+04
2.381e-01 1.890e+04
2.382e-01 1.890e+04
2.380e-01 1.894e+04
2.380e-01 1.895e+04
2.385e-01 1.887e+04
2.384e-01 1.897e+04
2.377e-01 1.898e+04
2.373e-01 1.903e+04
2.386e-01 1.888e+04
2.375e-01 1.892e+04
2.384e-01 1.894e+04
2.384e-01 1.895e+04
2.383e-01 1.895e+04
2.381e-01 1.888e+04
2.382e-01 1.894e+04
2.382e-01 1.895e+04
2.386e-01 1.887e+04
2.383e-01 1.894e+04
2.389e-01 1.881e+04
2.386e-01 1.887e+04
2.384e-01 1.890e+04
2.383e-01 1.893e+04
2.386e-01 1.896e+04
2.381e-01 1.894e+04
2.384e-01 1.896e+04
2.380e-01 1.898e+04
2.382e-01 1.892e+04
2.379e-01 1.898e+04
2.380e-01 1.891e+04
2.380e-01 1.896e+04
2.387e-01 1.888e+04
2.381e-01 1.897e+04
2.382e-01 1.892e+04
2.384e-01 1.896e+04
2.386e-01 1.882e+04
2.382e-01 1.892e+04
2.380e-01 1.890e+04
2.380e-01 1.892e+04
2.377e-01 1.900e+04
2.380e-01 1.894e+04
2.381e-01 1.886e+04
2.388e-01 1.883e+04
2.383e-01 1.892e+04
2.387e-01 1.890e+04
2.378e-01 1.900e+04
2.387e-01 1.883e+04
2.383e-01 1.890e+04
2.380e-01 1.889e+04
2.376e-01 1.891e+04
2.380e-01 1.895e+04
2.382e-01 1.885e+04
2.382e-01 1.898e+04
2.379e-01 1.895e+04
2.379e-01 1.895e+04
2.388e-01 1.880e+04
2.387e-01 1.894e+04
2.377e-01 1.910e+04
2.379e-01 1.889e+04
2.379e-01 1.892e+04
2.380e-01 1.900e+04
2.389e-01 1.890e+04
2.382e-01 1.890e+04
2.382e-01 1.893e+04
2.380e-01 1.886e+04
2.384e-01 1.898e+04
2.382e-01 1.893e+04
2.384e-01 1.892e+04
2.377e-01 1.900e+04
2.380e-01 1.899e+04
2.379e-01 1.891e+04
2.384e-01 1.890e+04
2.389e-01 1.885e+04
2.384e-01 1.891e+04
2.378e-01 1.894e+04
2.375e-01 1.904e+04
2.388e-01 1.880e+04
2.380e-01 1.892e+04
2.382e-01 1.896e+04
2.382e-01 1.891e+04
2.381e-01 1.891e+04
2.384e-01 1.888e+04
2.385e-01 1.888e+04
2.380e-01 1.897e+04
2.379e-01 1.897e+04
2.380e-01 1.890e+04
2.384e-01 1.887e+04
2.380e-01 1.891e+04
2.382e-01 1.883e+04
2.390e-01 1.888e+04
2.380e-01 1.895e+04
2.380e-01 1.899e+04
2.384e-01 1.891e+04
2.383e-01 1.886e+04
2.378e-01 1.897e+04
2.383e-01 1.894e+04
2.380e-01 1.892e+04
2.385e-01 1.893e+04
2.379e-01 1.897e+04
2.382e-01 1.902e+04
2.384e-01 1.889e+04
2.378e-01 1.896e+04
2.384e-01 1.890e+04
2.380e-01 1.892e+04
2.381e-01 1.893e+04
2.377e-01 1.895e+04
2.384e-01 1.897e+04
2.380e-01 1.898e+04
2.385e-01 1.883e+04
2.380e-01 1.890e+04
2.383e-01 1.886e+04
2.377e-01 1.894e+04
2.381e-01 1.903e+04
2.382e-01 1.893e+04
2.380e-01 1.896e+04
2.380e-01 1.893e+04
2.382e-01 1.890e+04
2.380e-01 1.888e+04
2.380e-01 1.891e+04
2.375e-01 1.895e+04
2.384e-01 1.891e+04
2.376e-01 1.895e+04
2.379e-01 1.891e+04
2.374e-01 1.899e+04
2.381e-01 1.892e+04
2.377e-01 1.902e+04
2.375e-01 1.897e+04
2.381e-01 1.892e+04
2.378e-01 1.888e+04
2.384e-01 1.891e+04
2.382e-01 1.893e+04
2.378e-01 1.897e+04
2.381e-01 1.890e+04
2.386e-01 1.885e+04
2.378e-01 1.895e+04
2.385e-01 1.892e+04
2.374e-01 1.902e+04
2.384e-01 1.895e+04
2.382e-01 1.893e+04
2.382e-01 1.887e+04
2.381e-01 1.883e+04
2.376e-01 1.902e+04
2.383e-01 1.883e+04
2.381e-01 1.896e+04
2.386e-01 1.887e+04
2.382e-01 1.891e+04
2.376e-01 1.897e+04
2.377e-01 1.896e+04
2.377e-01 1.892e+04
2.390e-01 1.885e+04
2.383e-01 1.888e+04
2.379e-01 1.902e+04
2.373e-01 1.896e+04
2.386e-01 1.889e+04
2.384e-01 1.890e+04
2.382e-01 1.895e+04
2.384e-01 1.894e+04
2.374e-01 1.898e+04
2.379e-01 1.896e+04
2.383e-01 1.892e+04
2.383e-01 1.886e+04
2.381e-01 1.893e+04
2.385e-01 1.889e+04
2.384e-01 1.887e+04
2.380e-01 1.898e+04
2.383e-01 1.889e+04
2.381e-01 1.888e+04
2.381e-01 1.900e+04
2.377e-01 1.898e+04
2.380e-01 1.896e+04
2.374e-01 1.902e+04
2.371e-01 1.906e+04
2.382e-01 1.897e+04
2.383e-01 1.892e+04
2.382e-01 1.896e+04
2.380e-01 1.893e+04
2.385e-01 1.883e+04
2.381e-01 1.891e+04
2.388e-01 1.883e+04
2.384e-01 1.889e+04
2.380e-01 1.890e+04
2.380e-01 1.898e+04
2.382e-01 1.886e+04
2.382e-01 1.897e+04
2.379e-01 1.902e+04
2.375e-01 1.902e+04
2.385e-01 1.887e+04
2.386e-01 1.889e+04
2.387e-01 1.884e+04
2.376e-01 1.905e+04
2.379e-01 1.900e+04
2.384e-01 1.893e+04
2.384e-01 1.900e+04
2.379e-01 1.896e+04
2.376e-01 1.903e+04
2.379e-01 1.892e+04
2.384e-01 1.889e+04
2.377e-01 1.901e+04
2.389e-01 1.884e+04
2.378e-01 1.897e+04
2.377e-01 1.903e+04
2.388e-01 1.893e+04
2.374e-01 1.895e+04
2.381e-01 1.893e+04
2.383e-01 1.890e+04
2.383e-01 1.893e+04
2.386e-01 1.886e+04
2.386e-01 1.896e+04
2.383e-01 1.888e+04
2.378e-01 1.896e+04
2.379e-01 1.898e+04
2.386e-01 1.900e+04
2.371e-01 1.900e+04
2.383e-01 1.884e+04
2.383e-01 1.891e+04
2.380e-01 1.894e+04
2.380e-01 1.894e+04
2.373e-01 1.908e+04
2.382e-01 1.903e+04
2.379e-01 1.895e+04
2.383e-01 1.890e+04
2.383e-01 1.893e+04
2.383e-01 1.887e+04
2.386e-01 1.890e+04
2.383e-01 1.892e+04
2.384e-01 1.890e+04
2.377e-01 1.893e+04
2.381e-01 1.888e+04
2.379e-01 1.899e+04
2.389e-01 1.886e+04
2.387e-01 1.889e+04
2.383e-01 1.892e+04
2.382e-01 1.896e+04
2.384e-01 1.893e+04
2.384e-01 1.896e+04
2.379e-01 1.897e+04
2.385e-01 1.894e+04
2.378e-01 1.899e+04
2.382e-01 1.896e+04
2.380e-01 1.890e+04
2.381e-01 1.883e+04
2.380e-01 1.899e+04
2.380e-01 1.895e+04
2.377e-01 1.898e+04
2.381e-01 1.892e+04
2.380e-01 1.899e+04
2.380e-01 1.900e+04
2.383e-01 1.886e+04
2.387e-01 1.888e+04
2.379e-01 1.891e+04
2.383e-01 1.888e+04
2.384e-01 1.883e+04
2.390e-01 1.887e+04
2.380e-01 1.892e+04
2.380e-01 1.890e+04
2.381e-01 1.893e+04
2.386e-01 1.884e+04
2.378e-01 1.891e+04
2.380e-01 1.895e+04
2.376e-01 1.902e+04
2.383e-01 1.896e+04
2.382e-01 1.895e+04
2.380e-01 1.899e+04
2.382e-01 1.893e+04
2.377e-01 1.900e+04
2.380e-01 1.900e+04
2.384e-01 1.894e+04
2.382e-01 1.893e+04
2.384e-01 1.890e+04
2.379e-01 1.899e+04
2.385e-01 1.886e+04
2.378e-01 1.896e+04
2.378e-01 1.896e+04
2.386e-01 1.892e+04
2.373e-01 1.909e+04
2.377e-01 1.898e+04
2.386e-01 1.891e+04
2.377e-01 1.894e+04
2.382e-01 1.895e+04
2.381e-01 1.900e+04
2.382e-01 1.892e+04
2.375e-01 1.899e+04
2.379e-01 1.893e+04
2.385e-01 1.892e+04
2.377e-01 1.896e+04
2.380e-01 1.890e+04
2.380e-01 1.897e+04
2.376e-01 1.900e+04
2.377e-01 1.896e+04
2.377e-01 1.894e+04
2.379e-01 1.897e+04
2.383e-01 1.896e+04
2.383e-01 1.890e+04
2.387e-01 1.882e+04
2.388e-01 1.886e+04
2.382e-01 1.895e+04
2.378e-01 1.895e+04
2.371e-01 1.904e+04
2.383e-01 1.899e+04
2.379e-01 1.890e+04
2.383e-01 1.893e+04
2.381e-01 1.891e+04
2.376e-01 1.898e+04
2.380e-01 1.895e+04
2.390e-01 1.893e+04
2.382e-01 1.894e+04
2.381e-01 1.888e+04
2.382e-01 1.888e+04
2.379e-01 1.898e+04
2.387e-01 1.885e+04
2.385e-01 1.889e+04
2.388e-01 1.879e+04
2.378e-01 1.889e+04
2.379e-01 1.900e+04
2.381e-01 1.891e+04
2.385e-01 1.885e+04
2.377e-01 1.896e+04
2.384e-01 1.889e+04
2.380e-01 1.906e+04
2.384e-01 1.893e+04
2.381e-01 1.893e+04
2.385e-01 1.893e+04
2.376e-01 1.900e+04
2.381e-01 1.898e+04
2.386e-01 1.889e+04
2.378e-01 1.898e+04
2.385e-01 1.883e+04
2.383e-01 1.898e+04
2.382e-01 1.891e+04
2.380e-01 1.896e+04
2.381e-01 1.894e+04
2.376e-01 1.895e+04
2.379e-01 1.898e+04
2.388e-01 1.888e+04
2.375e-01 1.901e+04
2.384e-01 1.895e+04
2.376e-01 1.901e+04
2.383e-01 1.891e+04
2.390e-01 1.887e+04
2.376e-01 1.896e+04
2.382e-01 1.890e+04
2.379e-01 1.895e+04
2.378e-01 1.906e+04
2.381e-01 1.894e+04
2.385e-01 1.893e+04
2.382e-01 1.891e+04
2.384e-01 1.885e+04
2.379e-01 1.899e+04
2.380e-01 1.893e+04
2.387e-01 1.892e+04
2.378e-01 1.897e+04
2.380e-01 1.894e+04
2.383e-01 1.897e+04
2.381e-01 1.885e+04
2.381e-01 1.893e+04
2.381e-01 1.894e+04
2.376e-01 1.901e+04
2.385e-01 1.894e+04
2.377e-01 1.898e+04
2.381e-01 1.888e+04
2.377e-01 1.898e+04
2.386e-01 1.891e+04
2.384e-01 1.890e+04
2.381e-01 1.901e+04
2.377e-01 1.891e+04
2.380e-01 1.892e+04
2.386e-01 1.888e+04
2.387e-01 1.887e+04
2.381e-01 1.893e+04
2.377e-01 1.902e+04
2.378e-01 1.898e+04
2.376e-01 1.900e+04
2.382e-01 1.894e+04
2.383e-01 1.898e+04
2.376e-01 1.897e+04
2.376e-01 1.902e+04
2.384e-01 1.886e+04
2.389e-01 1.880e+04
2.379e-01 1.900e+04
2.386e-01 1.887e+04
2.379e-01 1.898e+04
2.376e-01 1.890e+04
2.381e-01 1.898e+04
2.383e-01 1.897e+04
2.379e-01 1.894e+04
2.377e-01 1.894e+04
2.381e-01 1.892e+04
2.386e-01 1.892e+04
2.379e-01 1.901e+04
2.380e-01 1.895e+04
2.383e-01 1.885e+04
2.386e-01 1.893e+04
2.388e-01 1.891e+04
2.380e-01 1.893e+04
2.379e-01 1.894e+04
2.381e-01 1.896e+04
2.378e-01 1.901e+04
2.384e-01 1.897e+04
2.379e-01 1.892e+04
2.388e-01 1.886e+04
2.386e-01 1.887e+04
2.385e-01 1.892e+04
2.381e-01 1.899e+04
2.385e-01 1.888e+04
2.382e-01 1.889e+04
2.382e-01 1.890e+04
2.380e-01 1.889e+04
2.381e-01 1.889e+04
2.379e-01 1.899e+04
2.377e-01 1.901e+04
2.380e-01 1.899e+04
2.380e-01 1.898e+04
2.383e-01 1.892e+04
2.384e-01 1.889e+04
2.376e-01 1.900e+04
2.381e-01 1.892e+04
2.383e-01 1.892e+04
2.376e-01 1.897e+04
2.378e-01 1.897e+04
2.384e-01 1.892e+04
2.384e-01 1.892e+04
2.386e-01 1.891e+04
2.379e-01 1.897e+04
2.379e-01 1.898e+04
2.383e-01 1.894e+04
2.381e-01 1.899e+04
2.385e-01 1.893e+04
2.380e-01 1.899e+04
2.384e-01 1.893e+04
2.385e-01 1.890e+04
2.386e-01 1.888e+04
2.383e-01 1.888e+04
2.381e-01 1.892e+04
2.377e-01 1.898e+04
2.379e-01 1.890e+04
2.385e-01 1.888e+04
2.378e-01 1.900e+04
2.384e-01 1.892e+04
2.380e-01 1.900e+04
2.377e-01 1.896e+04
2.384e-01 1.888e+04
2.384e-01 1.890e+04
2.374e-01 1.901e+04
2.384e-01 1.880e+04
2.375e-01 1.903e+04
2.377e-01 1.895e+04
2.380e-01 1.903e+04
2.387e-01 1.881e+04
2.377e-01 1.892e+04
2.386e-01 1.893e+04
2.379e-01 1.893e+04
2.386e-01 1.887e+04
2.376e-01 1.899e+04
2.386e-01 1.892e+04
2.386e-01 1.887e+04
2.379e-01 1.894e+04
2.379e-01 1.891e+04
2.383e-01 1.888e+04
2.387e-01 1.884e+04
2.376e-01 1.891e+04
2.374e-01 1.903e+04
2.386e-01 1.882e+04
2.379e-01 1.891e+04
2.380e-01 1.895e+04
2.385e-01 1.892e+04
2.378e-01 1.899e+04
2.387e-01 1.889e+04
2.383e-01 1.880e+04
2.390e-01 1.887e+04
2.385e-01 1.893e+04
2.384e-01 1.898e+04
2.381e-01 1.901e+04
2.382e-01 1.897e+04
2.372e-01 1.907e+04
2.386e-01 1.891e+04
2.377e-01 1.901e+04
2.381e-01 1.891e+04
2.383e-01 1.886e+04
2.382e-01 1.894e+04
2.385e-01 1.884e+04
2.382e-01 1.894e+04
2.385e-01 1.894e+04
2.391e-01 1.888e+04
2.383e-01 1.895e+04
2.378e-01 1.894e+04
2.384e-01 1.889e+04
2.383e-01 1.892e+04
2.383e-01 1.889e+04
2.380e-01 1.898e+04
2.375e-01 1.904e+04
2.386e-01 1.890e+04
2.381e-01 1.888e+04
2.373e-01 1.905e+04
2.385e-01 1.892e+04
2.377e-01 1.896e+04
2.379e-01 1.898e+04
2.384e-01 1.884e+04
2.384e-01 1.892e+04
2.381e-01 1.898e+04
2.378e-01 1.897e+04
2.378e-01 1.893e+04
2.382e-01 1.892e+04
2.382e-01 1.887e+04
2.384e-01 1.891e+04
2.386e-01 1.890e+04
2.379e-01 1.895e+04
2.384e-01 1.890e+04
2.381e-01 1.891e+04
2.384e-01 1.890e+04
2.380e-01 1.897e+04
2.375e-01 1.895e+04
2.384e-01 1.885e+04
2.380e-01 1.889e+04
2.381e-01 1.897e+04
2.384e-01 1.886e+04
2.381e-01 1.897e+04
2.378e-01 1.893e+04
2.377e-01 1.895e+04
2.379e-01 1.895e+04
2.381e-01 1.886e+04
2.383e-01 1.894e+04
2.381e-01 1.892e+04
2.379e-01 1.902e+04
2.383e-01 1.895e+04
2.382e-01 1.892e+04
2.383e-01 1.899e+04
2.376e-01 1.894e+04
2.383e-01 1.891e+04
2.377e-01 1.896e+04
2.378e-01 1.899e+04
2.382e-01 1.887e+04
2.386e-01 1.888e+04
2.378e-01 1.895e+04
2.376e-01 1.891e+04
2.383e-01 1.895e+04
2.381e-01 1.887e+04
2.385e-01 1.890e+04
2.375e-01 1.896e+04
2.383e-01 1.900e+04
2.381e-01 1.907e+04
2.379e-01 1.895e+04
2.381e-01 1.894e+04
2.381e-01 1.898e+04
2.385e-01 1.896e+04
2.380e-01 1.892e+04
2.377e-01 1.899e+04
2.382e-01 1.890e+04
2.380e-01 1.896e+04
2.383e-01 1.887e+04
2.386e-01 1.890e+04
2.375e-01 1.904e+04
2.380e-01 1.905e+04
2.383e-01 1.891e+04
2.388e-01 1.887e+04
2.385e-01 1.893e+04
2.388e-01 1.886e+04
2.382e-01 1.899e+04
2.380e-01 1.899e+04
2.382e-01 1.905e+04
2.379e-01 1.897e+04
2.383e-01 1.891e+04
2.380e-01 1.899e+04
2.380e-01 1.896e+04
2.385e-01 1.895e+04
2.380e-01 1.896e+04
2.378e-01 1.898e+04
2.381e-01 1.884e+04
2.381e-01 1.899e+04
2.376e-01 1.893e+04
2.379e-01 1.897e+04
2.382e-01 1.893e+04
2.381e-01 1.898e+04
2.390e-01 1.881e+04
2.379e-01 1.891e+04
2.384e-01 1.893e+04
2.386e-01 1.886e+04
2.383e-01 1.888e+04
2.386e-01 1.879e+04
2.385e-01 1.899e+04
2.377e-01 1.895e+04
2.385e-01 1.894e+04
2.379e-01 1.900e+04
2.385e-01 1.891e+04
2.376e-01 1.898e+04
2.378e-01 1.893e+04
2.374e-01 1.904e+04
2.386e-01 1.889e+04
2.384e-01 1.885e+04
2.381e-01 1.895e+04
2.383e-01 1.887e+04
2.378e-01 1.893e+04
2.387e-01 1.887e+04
2.380e-01 1.894e+04
2.380e-01 1.897e+04
2.382e-01 1.897e+04
2.377e-01 1.898e+04
2.380e-01 1.888e+04
2.379e-01 1.900e+04
2.379e-01 1.889e+04
2.375e-01 1.899e+04
2.385e-01 1.891e+04
2.384e-01 1.887e+04
2.384e-01 1.887e+04
2.384e-01 1.892e+04
2.380e-01 1.903e+04
2.385e-01 1.889e+04
2.382e-01 1.894e+04
2.375e-01 1.894e+04
2.378e-01 1.898e+04
2.384e-01 1.898e+04
2.381e-01 1.900e+04
2.384e-01 1.893e+04
2.383e-01 1.886e+04
2.385e-01 1.888e+04
2.384e-01 1.892e+04
2.383e-01 1.894e+04
2.377e-01 1.901e+04
2.381e-01 1.888e+04
2.383e-01 1.891e+04
2.377e-01 1.900e+04
2.384e-01 1.884e+04
2.381e-01 1.889e+04
2.380e-01 1.903e+04
2.381e-01 1.891e+04
2.378e-01 1.892e+04
2.383e-01 1.896e+04
2.381e-01 1.895e+04
2.383e-01 1.894e+04
2.383e-01 1.888e+04
2.380e-01 1.892e+04
2.377e-01 1.898e+04
2.379e-01 1.895e+04
2.374e-01 1.897e+04
2.376e-01 1.897e+04
2.382e-01 1.887e+04
2.386e-01 1.886e+04
2.379e-01 1.892e+04
2.384e-01 1.895e+04
2.382e-01 1.890e+04
2.379e-01 1.892e+04
2.378e-01 1.894e+04
2.382e-01 1.895e+04
2.384e-01 1.890e+04
2.380e-01 1.901e+04
2.386e-01 1.894e+04
2.385e-01 1.886e+04
2.379e-01 1.897e+04
2.381e-01 1.896e+04
2.384e-01 1.890e+04
2.385e-01 1.900e+04
2.382e-01 1.900e+04
2.384e-01 1.889e+04
2.385e-01 1.897e+04
2.385e-01 1.887e+04
2.378e-01 1.894e+04
2.383e-01 1.887e+04
2.379e-01 1.893e+04
2.384e-01 1.893e+04
2.387e-01 1.886e+04
2.382e-01 1.887e+04
2.379e-01 1.895e+04
2.379e-01 1.894e+04
2.383e-01 1.897e+04
2.381e-01 1.894e+04
2.385e-01 1.890e+04
2.377e-01 1.897e+04
2.381e-01 1.891e+04
2.378e-01 1.898e+04
2.378e-01 1.896e+04
2.385e-01 1.885e+04
2.387e-01 1.889e+04
2.382e-01 1.890e+04
2.380e-01 1.900e+04
2.385e-01 1.890e+04
2.377e-01 1.895e+04
2.381e-01 1.893e+04
2.379e-01 1.894e+04
2.375e-01 1.900e+04
2.379e-01 1.895e+04
2.380e-01 1.895e+04
2.387e-01 1.886e+04
2.383e-01 1.886e+04
2.375e-01 1.903e+04
2.391e-01 1.883e+04
2.381e-01 1.890e+04
2.380e-01 1.897e+04
2.380e-01 1.900e+04
2.385e-01 1.887e+04
2.387e-01 1.882e+04
2.388e-01 1.887e+04
2.383e-01 1.893e+04
2.383e-01 1.892e+04
2.379e-01 1.897e+04
2.381e-01 1.895e+04
2.382e-01 1.897e+04
2.384e-01 1.892e+04
2.381e-01 1.899e+04
2.382e-01 1.896e+04
2.382e-01 1.892e+04
2.388e-01 1.884e+04
2.378e-01 1.903e+04
2.379e-01 1.891e+04
2.379e-01 1.899e+04
2.375e-01 1.896e+04
2.377e-01 1.890e+04
2.389e-01 1.892e+04
2.382e-01 1.888e+04
2.381e-01 1.893e+04
2.382e-01 1.890e+04
2.385e-01 1.882e+04
2.383e-01 1.893e+04
2.379e-01 1.895e+04
2.382e-01 1.895e+04
2.380e-01 1.897e+04
2.386e-01 1.889e+04
2.376e-01 1.901e+04
2.382e-01 1.896e+04
2.376e-01 1.902e+04
2.380e-01 1.900e+04
2.381e-01 1.890e+04
2.382e-01 1.886e+04
2.378e-01 1.895e+04
2.379e-01 1.893e+04
2.385e-01 1.891e+04
2.385e-01 1.886e+04
2.380e-01 1.894e+04
2.379e-01 1.895e+04
2.382e-01 1.892e+04
2.382e-01 1.896e+04
2.376e-01 1.903e+04
2.380e-01 1.903e+04
2.386e-01 1.885e+04
2.380e-01 1.893e+04
2.379e-01 1.897e+04
2.382e-01 1.887e+04
2.380e-01 1.888e+04
2.383e-01 1.890e+04
2.380e-01 1.892e+04
2.378e-01 1.896e+04
2.380e-01 1.892e+04
2.384e-01 1.885e+04
2.376e-01 1.896e+04
2.379e-01 1.895e+04
2.379e-01 1.893e+04
2.384e-01 1.886e+04
2.379e-01 1.894e+04
2.378e-01 1.895e+04
2.382e-01 1.892e+04
2.386e-01 1.887e+04
2.377e-01 1.896e+04
2.386e-01 1.887e+04
2.385e-01 1.892e+04
2.383e-01 1.896e+04
2.383e-01 1.896e+04
2.385e-01 1.895e+04
2.381e-01 1.894e+04
2.383e-01 1.896e+04
2.379e-01 1.900e+04
2.386e-01 1.887e+04
2.387e-01 1.887e+04
2.378e-01 1.897e+04
2.379e-01 1.893e+04
2.379e-01 1.897e+04
2.385e-01 1.889e+04
2.383e-01 1.895e+04
2.383e-01 1.895e+04
2.378e-01 1.898e+04
2.377e-01 1.892e+04
2.378e-01 1.899e+04
2.386e-01 1.897e+04
2.379e-01 1.890e+04
2.383e-01 1.891e+04
2.378e-01 1.893e+04
2.380e-01 1.898e+04
2.381e-01 1.897e+04
2.380e-01 1.895e+04
2.383e-01 1.896e+04
2.379e-01 1.888e+04
2.379e-01 1.888e+04
2.381e-01 1.891e+04
2.381e-01 1.894e+04
2.385e-01 1.882e+04
2.384e-01 1.893e+04
2.387e-01 1.881e+04
2.382e-01 1.894e+04
2.377e-01 1.894e+04
2.380e-01 1.894e+04
2.385e-01 1.890e+04
2.384e-01 1.890e+04
2.376e-01 1.897e+04
2.383e-01 1.897e+04
2.381e-01 1.898e+04
2.386e-01 1.891e+04
2.379e-01 1.894e+04
2.381e-01 1.895e+04
2.380e-01 1.892e+04
2.379e-01 1.897e+04
2.379e-01 1.895e+04
2.379e-01 1.893e+04
2.381e-01 1.891e+04
2.384e-01 1.894e+04
2.378e-01 1.898e+04
2.380e-01 1.895e+04
2.381e-01 1.897e+04
2.383e-01 1.890e+04
2.379e-01 1.896e+04
2.380e-01 1.896e+04
2.381e-01 1.887e+04
2.385e-01 1.894e+04
2.385e-01 1.891e+04
2.382e-01 1.885e+04
2.379e-01 1.894e+04
2.381e-01 1.894e+04
2.383e-01 1.893e+04
2.390e-01 1.883e+04
2.377e-01 1.900e+04
2.381e-01 1.895e+04
2.381e-01 1.890e+04
2.383e-01 1.896e+04
2.379e-01 1.895e+04
2.387e-01 1.889e+04
2.386e-01 1.888e+04
2.387e-01 1.885e+04
2.385e-01 1.890e+04
2.387e-01 1.886e+04
2.385e-01 1.893e+04
2.384e-01 1.895e+04
2.380e-01 1.899e+04
2.377e-01 1.904e+04
2.384e-01 1.894e+04
2.381e-01 1.900e+04
2.386e-01 1.887e+04
2.382e-01 1.893e+04
2.382e-01 1.890e+04
2.381e-01 1.897e+04
2.378e-01 1.896e+04
2.379e-01 1.895e+04
2.382e-01 1.896e+04
2.388e-01 1.891e+04
2.380e-01 1.900e+04
2.378e-01 1.886e+04
2.381e-01 1.892e+04
2.381e-01 1.890e+04
2.384e-01 1.893e+04
2.378e-01 1.894e+04
2.381e-01 1.889e+04
2.382e-01 1.895e+04
2.383e-01 1.891e+04
2.381e-01 1.896e+04
2.386e-01 1.889e+04
2.386e-01 1.887e+04
2.380e-01 1.895e+04
2.376e-01 1.899e+04
2.385e-01 1.885e+04
2.381e-01 1.893e+04
2.384e-01 1.891e+04
2.381e-01 1.889e+04
2.383e-01 1.891e+04
2.379e-01 1.898e+04
2.381e-01 1.892e+04
2.381e-01 1.894e+04
2.385e-01 1.892e+04
2.378e-01 1.889e+04
2.381e-01 1.894e+04
2.377e-01 1.901e+04
2.385e-01 1.894e+04
2.377e-01 1.899e+04
2.380e-01 1.893e+04
2.386e-01 1.884e+04
2.383e-01 1.885e+04
2.387e-01 1.890e+04
2.383e-01 1.893e+04
2.382e-01 1.891e+04
2.385e-01 1.890e+04
2.380e-01 1.895e+04
2.383e-01 1.895e+04
2.379e-01 1.892e+04
2.380e-01 1.894e+04
2.384e-01 1.882e+04
2.383e-01 1.891e+04
2.380e-01 1.901e+04
2.386e-01 1.886e+04
2.385e-01 1.882e+04
2.382e-01 1.893e+04
2.373e-01 1.895e+04
2.379e-01 1.888e+04
2.390e-01 1.877e+04
2.380e-01 1.891e+04
2.376e-01 1.897e+04
2.385e-01 1.887e+04
2.386e-01 1.888e+04
2.378e-01 1.900e+04
2.383e-01 1.896e+04
2.381e-01 1.885e+04
2.380e-01 1.890e+04
2.381e-01 1.896e+04
2.384e-01 1.892e+04
2.381e-01 1.900e+04
2.380e-01 1.891e+04
2.379e-01 1.896e+04
2.385e-01 1.886e+04
2.382e-01 1.899e+04
2.381e-01 1.897e+04
2.383e-01 1.888e+04
2.381e-01 1.898e+04
2.381e-01 1.890e+04
2.381e-01 1.894e+04
2.384e-01 1.889e+04
2.384e-01 1.891e+04
2.380e-01 1.895e+04
2.384e-01 1.887e+04
2.376e-01 1.901e+04
2.386e-01 1.894e+04
2.381e-01 1.885e+04
2.383e-01 1.892e+04
2.377e-01 1.892e+04
2.378e-01 1.898e+04
2.376e-01 1.905e+04
2.381e-01 1.888e+04
2.383e-01 1.896e+04
2.387e-01 1.891e+04
2.387e-01 1.886e+04
2.382e-01 1.889e+04
2.375e-01 1.893e+04
2.379e-01 1.902e+04
2.383e-01 1.893e+04
2.381e-01 1.897e+04
2.379e-01 1.895e+04
2.382e-01 1.886e+04
2.377e-01 1.891e+04
2.377e-01 1.894e+04
2.377e-01 1.898e+04
2.379e-01 1.903e+04
2.383e-01 1.897e+04
2.378e-01 1.897e+04
2.385e-01 1.885e+04
2.379e-01 1.902e+04
2.383e-01 1.890e+04
2.384e-01 1.888e+04
2.379e-01 1.895e+04
2.379e-01 1.897e+04
2.383e-01 1.892e+04
2.378e-01 1.893e+04
2.381e-01 1.893e+04
2.379e-01 1.898e+04
2.386e-01 1.892e+04
2.381e-01 1.892e+04
2.376e-01 1.898e+04
2.382e-01 1.889e+04
2.379e-01 1.901e+04
2.385e-01 1.892e+04
2.376e-01 1.900e+04
2.381e-01 1.894e+04
2.380e-01 1.893e+04
2.377e-01 1.900e+04
2.387e-01 1.885e+04
2.376e-01 1.908e+04
2.387e-01 1.884e+04
2.382e-01 1.895e+04
2.382e-01 1.893e+04
2.378e-01 1.900e+04
2.377e-01 1.899e+04
2.384e-01 1.891e+04
2.377e-01 1.895e+04
2.380e-01 1.891e+04
2.380e-01 1.890e+04
2.376e-01 1.901e+04
2.378e-01 1.894e+04
2.386e-01 1.881e+04
2.386e-01 1.890e+04
2.378e-01 1.902e+04
2.380e-01 1.890e+04
2.384e-01 1.892e+04
2.382e-01 1.891e+04
2.382e-01 1.894e+04
2.377e-01 1.901e+04
2.377e-01 1.896e+04
2.378e-01 1.895e+04
2.372e-01 1.903e+04
2.376e-01 1.903e+04
2.380e-01 1.893e+04
2.386e-01 1.891e+04
2.384e-01 1.890e+04
2.382e-01 1.892e+04
2.376e-01 1.899e+04
2.387e-01 1.889e+04
2.382e-01 1.894e+04
2.385e-01 1.892e+04
2.384e-01 1.894e+04
2.384e-01 1.890e+04
2.383e-01 1.887e+04
2.384e-01 1.892e+04
2.383e-01 1.893e+04
2.382e-01 1.894e+04
2.377e-01 1.898e+04
2.385e-01 1.894e+04
2.380e-01 1.900e+04
2.384e-01 1.888e+04
2.380e-01 1.888e+04
2.377e-01 1.891e+04
2.375e-01 1.899e+04
2.386e-01 1.887e+04
2.387e-01 1.887e+04
2.386e-01 1.884e+04
2.376e-01 1.899e+04
2.385e-01 1.893e+04
2.387e-01 1.883e+04
2.378e-01 1.896e+04
2.381e-01 1.892e+04
2.380e-01 1.891e+04
2.382e-01 1.895e+04
2.386e-01 1.884e+04
2.384e-01 1.891e+04
2.378e-01 1.902e+04
2.379e-01 1.894e+04
2.382e-01 1.890e+04
2.375e-01 1.903e+04
2.378e-01 1.891e+04
2.375e-01 1.891e+04
2.377e-01 1.904e+04
2.383e-01 1.887e+04
2.382e-01 1.895e+04
2.381e-01 1.898e+04
2.385e-01 1.898e+04
2.382e-01 1.892e+04
2.379e-01 1.894e+04
2.380e-01 1.895e+04
2.379e-01 1.903e+04
2.381e-01 1.899e+04
2.378e-01 1.898e+04
2.380e-01 1.896e+04
2.384e-01 1.891e+04
2.385e-01 1.885e+04
2.382e-01 1.890e+04
2.386e-01 1.890e+04
2.387e-01 1.887e+04
2.380e-01 1.892e+04
2.380e-01 1.896e+04
2.383e-01 1.889e+04
2.379e-01 1.896e+04
2.380e-01 1.894e+04
2.382e-01 1.893e+04
2.387e-01 1.883e+04
2.382e-01 1.899e+04
2.379e-01 1.891e+04
2.384e-01 1.898e+04
2.380e-01 1.891e+04
2.382e-01 1.890e+04
2.381e-01 1.896e+04
2.374e-01 1.899e+04
2.379e-01 1.897e+04
2.380e-01 1.901e+04
2.379e-01 1.897e+04
2.379e-01 1.897e+04
2.382e-01 1.890e+04
2.378e-01 1.891e+04
2.378e-01 1.897e+04
2.380e-01 1.897e+04
2.375e-01 1.901e+04
2.383e-01 1.896e+04
2.381e-01 1.893e+04
2.378e-01 1.895e+04
2.383e-01 1.892e+04
2.386e-01 1.891e+04
2.378e-01 1.898e+04
2.384e-01 1.893e+04
2.380e-01 1.896e+04
2.381e-01 1.890e+04
2.382e-01 1.888e+04
2.384e-01 1.896e+04
2.381e-01 1.892e+04
2.383e-01 1.884e+04
2.387e-01 1.889e+04
2.381e-01 1.890e+04
2.384e-01 1.888e+04
2.379e-01 1.894e+04
2.385e-01 1.886e+04
2.389e-01 1.882e+04
2.383e-01 1.895e+04
2.382e-01 1.888e+04
2.387e-01 1.887e+04
2.383e-01 1.887e+04
2.386e-01 1.889e+04
2.380e-01 1.890e+04
2.381e-01 1.895e+04
2.379e-01 1.899e+04
2.379e-01 1.897e+04
2.383e-01 1.890e+04
2.383e-01 1.888e+04
2.387e-01 1.890e+04
2.376e-01 1.896e+04
2.378e-01 1.898e+04
2.385e-01 1.886e+04
2.376e-01 1.898e+04
2.381e-01 1.895e+04
2.384e-01 1.896e+04
2.385e-01 1.888e+04
2.381e-01 1.898e+04
2.382e-01 1.895e+04
2.379e-01 1.894e+04
2.379e-01 1.894e+04
2.382e-01 1.891e+04
2.380e-01 1.894e+04
2.379e-01 1.895e+04
2.377e-01 1.897e+04
2.380e-01 1.893e+04
2.383e-01 1.889e+04
2.387e-01 1.890e+04
2.385e-01 1.891e+04
2.382e-01 1.895e+04
2.383e-01 1.891e+04
2.376e-01 1.903e+04
2.383e-01 1.891e+04
2.377e-01 1.894e+04
2.382e-01 1.891e+04
2.379e-01 1.897e+04
2.382e-01 1.893e+04
2.386e-01 1.889e+04
2.378e-01 1.899e+04
2.379e-01 1.894e+04
2.384e-01 1.888e+04
2.380e-01 1.903e+04
2.378e-01 1.894e+04
2.380e-01 1.888e+04
2.377e-01 1.899e+04
2.382e-01 1.893e+04
2.383e-01 1.890e+04
2.374e-01 1.903e+04
2.379e-01 1.893e+04
2.384e-01 1.894e+04
2.385e-01 1.889e+04
2.389e-01 1.885e+04
2.383e-01 1.895e+04
2.380e-01 1.892e+04
2.380e-01 1.896e+04
2.377e-01 1.904e+04
2.386e-01 1.892e+04
2.376e-01 1.901e+04
2.382e-01 1.889e+04
2.387e-01 1.892e+04
2.380e-01 1.892e+04
2.377e-01 1.894e+04
2.379e-01 1.903e+04
2.380e-01 1.894e+04
2.381e-01 1.892e+04
2.376e-01 1.898e+04
2.385e-01 1.887e+04
2.377e-01 1.897e+04
2.381e-01 1.887e+04
2.380e-01 1.892e+04
2.383e-01 1.894e+04
2.377e-01 1.899e+04
2.386e-01 1.889e+04
2.375e-01 1.892e+04
2.382e-01 1.893e+04
2.377e-01 1.891e+04
2.381e-01 1.903e+04
2.380e-01 1.900e+04
2.374e-01 1.899e+04
2.377e-01 1.897e+04
2.376e-01 1.898e+04
2.383e-01 1.891e+04
2.382e-01 1.892e+04
2.382e-01 1.892e+04
2.385e-01 1.885e+04
2.382e-01 1.892e+04
2.381e-01 1.894e+04
2.383e-01 1.886e+04
2.382e-01 1.894e+04
2.378e-01 1.904e+04
2.378e-01 1.887e+04
2.388e-01 1.888e+04
2.381e-01 1.892e+04
2.376e-01 1.905e+04
2.383e-01 1.892e+04
2.378e-01 1.901e+04
2.383e-01 1.887e+04
2.382e-01 1.888e+04
2.390e-01 1.884e+04
2.373e-01 1.893e+04
2.385e-01 1.894e+04
2.378e-01 1.893e+04
2.374e-01 1.906e+04
2.379e-01 1.890e+04
2.380e-01 1.888e+04
2.381e-01 1.893e+04
2.384e-01 1.892e+04
2.381e-01 1.883e+04
2.384e-01 1.893e+04
2.385e-01 1.887e+04
2.385e-01 1.884e+04
2.381e-01 1.895e+04
2.382e-01 1.889e+04
2.382e-01 1.885e+04
2.381e-01 1.890e+04
2.377e-01 1.893e+04
2.378e-01 1.894e+04
2.385e-01 1.891e+04
2.383e-01 1.894e+04
2.382e-01 1.896e+04
2.377e-01 1.891e+04
2.379e-01 1.899e+04
2.379e-01 1.894e+04
2.380e-01 1.891e+04
2.378e-01 1.891e+04
2.376e-01 1.901e+04
2.380e-01 1.899e+04
2.376e-01 1.908e+04
2.382e-01 1.891e+04
2.380e-01 1.891e+04
2.382e-01 1.891e+04
2.379e-01 1.898e+04
2.380e-01 1.893e+04
2.375e-01 1.904e+04
2.382e-01 1.896e+04
2.383e-01 1.896e+04
2.382e-01 1.891e+04
2.376e-01 1.904e+04
2.378e-01 1.898e+04
2.384e-01 1.890e+04
2.379e-01 1.898e+04
2.383e-01 1.888e+04
2.384e-01 1.890e+04
2.376e-01 1.902e+04
2.383e-01 1.889e+04
2.376e-01 1.898e+04
2.390e-01 1.883e+04
2.379e-01 1.899e+04
2.380e-01 1.893e+04
2.385e-01 1.890e+04
2.374e-01 1.897e+04
2.374e-01 1.899e+04
2.378e-01 1.905e+04
2.377e-01 1.895e+04
2.377e-01 1.903e+04
2.379e-01 1.894e+04
2.375e-01 1.898e+04
2.376e-01 1.896e+04
2.378e-01 1.898e+04
2.387e-01 1.890e+04
2.385e-01 1.900e+04
2.381e-01 1.894e+04
2.384e-01 1.893e+04
2.381e-01 1.895e+04
2.382e-01 1.896e+04
2.384e-01 1.888e+04
2.379e-01 1.899e+04
2.375e-01 1.897e+04
2.386e-01 1.887e+04
2.379e-01 1.892e+04
2.380e-01 1.902e+04
2.383e-01 1.891e+04
2.378e-01 1.897e+04
2.378e-01 1.889e+04
2.381e-01 1.888e+04
2.378e-01 1.902e+04
2.381e-01 1.900e+04
2.378e-01 1.891e+04
2.382e-01 1.897e+04
2.385e-01 1.891e+04
2.382e-01 1.895e+04
2.379e-01 1.888e+04
2.375e-01 1.897e+04
2.381e-01 1.899e+04
2.382e-01 1.888e+04
2.381e-01 1.894e+04
2.376e-01 1.899e+04
2.384e-01 1.892e+04
2.382e-01 1.898e+04
2.379e-01 1.895e+04
2.383e-01 1.891e+04
2.381e-01 1.891e+04
2.381e-01 1.891e+04
2.378e-01 1.898e+04
2.381e-01 1.894e+04
2.381e-01 1.891e+04
2.381e-01 1.892e+04
2.379e-01 1.893e+04
2.375e-01 1.905e+04
2.382e-01 1.891e+04
2.379e-01 1.901e+04
2.380e-01 1.900e+04
2.387e-01 1.890e+04
2.376e-01 1.899e+04
2.382e-01 1.890e+04
2.379e-01 1.889e+04
2.378e-01 1.898e+04
2.388e-01 1.884e+04
2.385e-01 1.888e+04
2.377e-01 1.891e+04
2.380e-01 1.897e+04
2.387e-01 1.890e+04
2.383e-01 1.889e+04
2.388e-01 1.889e+04
2.385e-01 1.893e+04
2.381e-01 1.892e+04
2.379e-01 1.899e+04
2.384e-01 1.895e+04
2.378e-01 1.896e+04
2.387e-01 1.891e+04
2.375e-01 1.907e+04
2.388e-01 1.894e+04
2.385e-01 1.897e+04
2.384e-01 1.896e+04
2.378e-01 1.892e+04
2.385e-01 1.884e+04
2.381e-01 1.899e+04
2.382e-01 1.895e+04
2.378e-01 1.897e+04
2.384e-01 1.895e+04
2.383e-01 1.902e+04
2.383e-01 1.891e+04
2.384e-01 1.895e+04
2.380e-01 1.896e+04
2.384e-01 1.890e+04
2.379e-01 1.893e+04
2.378e-01 1.899e+04
2.384e-01 1.893e+04
2.379e-01 1.893e+04
2.380e-01 1.897e+04
2.375e-01 1.899e+04
2.383e-01 1.885e+04
2.380e-01 1.895e+04
2.380e-01 1.889e+04
2.382e-01 1.888e+04
2.378e-01 1.901e+04
2.378e-01 1.903e+04
2.380e-01 1.892e+04
2.379e-01 1.901e+04
2.384e-01 1.887e+04
2.379e-01 1.894e+04
2.388e-01 1.895e+04
2.381e-01 1.894e+04
2.385e-01 1.891e+04
2.383e-01 1.886e+04
2.379e-01 1.898e+04
2.382e-01 1.894e+04
2.383e-01 1.890e+04
2.376e-01 1.897e+04
2.376e-01 1.896e+04
2.382e-01 1.894e+04
2.383e-01 1.894e+04
2.376e-01 1.899e+04
2.385e-01 1.893e+04
2.379e-01 1.897e+04
2.378e-01 1.892e+04
2.377e-01 1.895e+04
2.384e-01 1.892e+04
2.382e-01 1.894e+04
2.379e-01 1.891e+04
2.387e-01 1.881e+04
2.384e-01 1.886e+04
2.385e-01 1.890e+04
2.381e-01 1.891e+04
2.381e-01 1.894e+04
2.387e-01 1.888e+04
2.377e-01 1.894e+04
2.385e-01 1.886e+04
2.383e-01 1.887e+04
2.382e-01 1.896e+04
2.383e-01 1.886e+04
2.382e-01 1.884e+04
2.386e-01 1.891e+04
2.375e-01 1.905e+04
2.380e-01 1.897e+04
2.377e-01 1.899e+04
2.384e-01 1.888e+04
2.385e-01 1.888e+04
2.380e-01 1.896e+04
2.384e-01 1.892e+04
2.379e-01 1.896e+04
2.373e-01 1.905e+04
2.387e-01 1.885e+04
2.387e-01 1.883e+04
2.382e-01 1.894e+04
2.383e-01 1.896e+04
2.378e-01 1.898e+04
2.380e-01 1.894e+04
2.383e-01 1.892e+04
2.385e-01 1.886e+04
2.378e-01 1.893e+04
2.379e-01 1.893e+04
2.385e-01 1.887e+04
2.382e-01 1.895e+04
2.376e-01 1.895e+04
2.379e-01 1.897e+04
2.381e-01 1.898e+04
2.384e-01 1.890e+04
2.381e-01 1.895e+04
2.379e-01 1.889e+04
2.377e-01 1.892e+04
2.381e-01 1.892e+04
2.383e-01 1.897e+04
2.385e-01 1.894e+04
2.383e-01 1.889e+04
2.385e-01 1.890e+04
2.379e-01 1.902e+04
2.384e-01 1.893e+04
2.379e-01 1.894e+04
2.384e-01 1.894e+04
2.382e-01 1.891e+04
2.381e-01 1.894e+04
2.382e-01 1.892e+04
2.382e-01 1.902e+04
2.379e-01 1.897e+04
2.375e-01 1.903e+04
2.387e-01 1.894e+04
2.379e-01 1.895e+04
2.380e-01 1.901e+04
2.381e-01 1.898e+04
2.377e-01 1.907e+04
2.376e-01 1.903e+04
2.377e-01 1.901e+04
2.385e-01 1.880e+04
2.379e-01 1.895e+04
2.378e-01 1.897e+04
2.378e-01 1.895e+04
2.382e-01 1.891e+04
2.381e-01 1.894e+04
2.380e-01 1.893e+04
2.378e-01 1.900e+04
2.386e-01 1.890e+04
2.377e-01 1.895e+04
2.381e-01 1.896e+04
2.381e-01 1.898e+04
2.380e-01 1.895e+04
2.383e-01 1.894e+04
2.379e-01 1.901e+04
2.383e-01 1.893e+04
2.381e-01 1.893e+04
2.379e-01 1.905e+04
2.387e-01 1.891e+04
2.382e-01 1.893e+04
2.382e-01 1.890e+04
2.381e-01 1.893e+04
2.376e-01 1.899e+04
2.377e-01 1.900e+04
2.386e-01 1.893e+04
2.382e-01 1.889e+04
2.387e-01 1.888e+04
2.380e-01 1.902e+04
2.383e-01 1.893e+04
2.387e-01 1.887e+04
2.379e-01 1.905e+04
2.380e-01 1.897e+04
2.378e-01 1.900e+04
2.373e-01 1.902e+04
2.380e-01 1.897e+04
2.382e-01 1.894e+04
2.380e-01 1.898e+04
2.378e-01 1.898e+04
2.380e-01 1.893e+04
2.387e-01 1.885e+04
2.381e-01 1.899e+04
2.384e-01 1.889e+04
2.383e-01 1.898e+04
2.386e-01 1.890e+04
2.383e-01 1.891e+04
2.380e-01 1.899e+04
2.377e-01 1.896e+04
2.383e-01 1.892e+04
2.382e-01 1.888e+04
2.381e-01 1.894e+04
2.382e-01 1.891e+04
2.383e-01 1.895e+04
2.383e-01 1.891e+04
2.387e-01 1.884e+04
2.381e-01 1.899e+04
2.374e-01 1.898e+04
2.387e-01 1.891e+04
2.379e-01 1.892e+04
2.376e-01 1.902e+04
2.384e-01 1.892e+04
2.379e-01 1.896e+04
2.383e-01 1.894e+04
2.384e-01 1.893e+04
2.381e-01 1.891e+04
2.386e-01 1.893e+04
2.379e-01 1.901e+04
2.378e-01 1.897e+04
2.381e-01 1.888e+04
2.388e-01 1.886e+04
2.381e-01 1.895e+04
2.377e-01 1.899e+04
2.381e-01 1.893e+04
2.384e-01 1.887e+04
2.382e-01 1.897e+04
2.386e-01 1.887e+04
2.384e-01 1.888e+04
2.380e-01 1.902e+04
2.380e-01 1.893e+04
2.381e-01 1.898e+04
2.389e-01 1.881e+04
2.380e-01 1.896e+04
2.379e-01 1.890e+04
2.376e-01 1.897e+04
2.378e-01 1.900e+04
2.378e-01 1.899e+04
2.382e-01 1.886e+04
2.379e-01 1.890e+04
2.378e-01 1.890e+04
2.384e-01 1.890e+04
2.387e-01 1.891e+04
2.381e-01 1.892e+04
2.385e-01 1.898e+04
2.376e-01 1.900e+04
2.385e-01 1.888e+04
2.384e-01 1.892e+04
2.383e-01 1.889e+04
2.384e-01 1.895e+04
2.380e-01 1.893e+04
2.385e-01 1.886e+04
2.383e-01 1.894e+04
2.382e-01 1.894e+04
2.383e-01 1.892e+04
2.385e-01 1.893e+04
2.379e-01 1.895e+04
2.385e-01 1.894e+04
2.382e-01 1.892e+04
2.382e-01 1.887e+04
2.386e-01 1.892e+04
2.382e-01 1.888e+04
2.382e-01 1.882e+04
2.378e-01 1.896e+04
2.388e-01 1.882e+04
2.378e-01 1.892e+04
2.380e-01 1.897e+04
2.381e-01 1.889e+04
2.381e-01 1.894e+04
2.385e-01 1.891e+04
2.380e-01 1.889e+04
2.375e-01 1.904e+04
2.381e-01 1.895e+04
2.381e-01 1.895e+04
2.381e-01 1.896e+04
2.384e-01 1.894e+04
2.384e-01 1.894e+04
2.379e-01 1.891e+04
2.381e-01 1.900e+04
2.381e-01 1.896e+04
2.385e-01 1.888e+04
2.380e-01 1.890e+04
2.379e-01 1.899e+04
2.376e-01 1.901e+04
2.377e-01 1.908e+04
2.376e-01 1.904e+04
2.384e-01 1.890e+04
2.383e-01 1.887e+04
2.376e-01 1.898e+04
2.382e-01 1.890e+04
2.378e-01 1.896e+04
2.379e-01 1.895e+04
2.382e-01 1.902e+04
2.387e-01 1.887e+04
2.381e-01 1.897e+04
2.383e-01 1.892e+04
2.379e-01 1.892e+04
2.380e-01 1.897e+04
2.383e-01 1.888e+04
2.382e-01 1.887e+04
2.384e-01 1.888e+04
2.381e-01 1.896e+04
2.382e-01 1.900e+04
2.377e-01 1.901e+04
2.383e-01 1.891e+04
2.379e-01 1.890e+04
2.383e-01 1.891e+04
2.380e-01 1.896e+04
2.374e-01 1.905e+04
2.385e-01 1.890e+04
2.373e-01 1.902e+04
2.374e-01 1.904e+04
2.382e-01 1.892e+04
2.385e-01 1.885e+04
2.383e-01 1.894e+04
2.388e-01 1.889e+04
2.375e-01 1.904e+04
2.385e-01 1.888e+04
2.381e-01 1.891e+04
2.383e-01 1.889e+04
2.386e-01 1.891e+04
2.379e-01 1.896e+04
2.385e-01 1.894e+04
2.382e-01 1.889e+04
2.379e-01 1.885e+04
2.386e-01 1.890e+04
2.384e-01 1.893e+04
2.381e-01 1.886e+04
2.381e-01 1.893e+04
2.383e-01 1.891e+04
2.387e-01 1.891e+04
2.384e-01 1.890e+04
2.379e-01 1.900e+04
2.380e-01 1.897e+04
2.378e-01 1.904e+04
2.374e-01 1.904e+04
2.382e-01 1.891e+04
2.380e-01 1.890e+04
2.381e-01 1.891e+04
2.373e-01 1.899e+04
2.379e-01 1.899e+04
2.385e-01 1.893e+04
2.386e-01 1.887e+04
2.387e-01 1.885e+04
2.387e-01 1.885e+04
2.383e-01 1.897e+04
2.378e-01 1.895e+04
2.383e-01 1.896e+04
2.383e-01 1.887e+04
2.381e-01 1.894e+04
2.379e-01 1.892e+04
2.386e-01 1.889e+04
2.386e-01 1.889e+04
2.378e-01 1.902e+04
2.383e-01 1.889e+04
2.383e-01 1.897e+04
2.384e-01 1.891e+04
2.381e-01 1.891e+04
2.381e-01 1.894e+04
2.379e-01 1.899e+04
2.381e-01 1.892e+04
2.382e-01 1.890e+04
2.378e-01 1.891e+04
2.388e-01 1.886e+04
2.382e-01 1.891e+04
2.385e-01 1.896e+04
2.385e-01 1.891e+04
2.385e-01 1.890e+04
2.388e-01 1.888e+04
2.378e-01 1.893e+04
2.378e-01 1.898e+04
2.388e-01 1.888e+04
2.375e-01 1.895e+04
2.383e-01 1.895e+04
2.378e-01 1.893e+04
2.380e-01 1.895e+04
2.383e-01 1.892e+04
2.386e-01 1.890e+04
2.381e-01 1.885e+04
2.381e-01 1.897e+04
2.386e-01 1.883e+04
2.383e-01 1.896e+04
2.378e-01 1.895e+04
2.377e-01 1.892e+04
2.380e-01 1.892e+04
2.382e-01 1.892e+04
2.385e-01 1.889e+04
2.380e-01 1.896e+04
2.383e-01 1.885e+04
2.383e-01 1.896e+04
2.382e-01 1.887e+04
2.379e-01 1.896e+04
2.380e-01 1.890e+04
2.382e-01 1.896e+04
2.379e-01 1.895e+04
2.381e-01 1.895e+04
2.374e-01 1.898e+04
2.381e-01 1.889e+04
2.382e-01 1.898e+04
2.381e-01 1.897e+04
2.385e-01 1.890e+04
2.379e-01 1.900e+04
2.380e-01 1.895e+04
2.382e-01 1.886e+04
2.379e-01 1.891e+04
2.382e-01 1.897e+04
2.382e-01 1.897e+04
2.379e-01 1.898e+04
2.386e-01 1.885e+04
2.375e-01 1.901e+04
2.385e-01 1.896e+04
2.381e-01 1.895e+04
2.382e-01 1.890e+04
2.382e-01 1.891e+04
2.383e-01 1.892e+04
2.380e-01 1.897e+04
2.381e-01 1.899e+04
2.381e-01 1.898e+04
2.378e-01 1.894e+04
2.379e-01 1.895e+04
2.380e-01 1.895e+04
2.388e-01 1.889e+04
2.380e-01 1.897e+04
2.376e-01 1.903e+04
2.385e-01 1.900e+04
2.386e-01 1.882e+04
2.377e-01 1.897e+04
2.379e-01 1.895e+04
2.388e-01 1.885e+04
2.381e-01 1.900e+04
2.383e-01 1.892e+04
2.386e-01 1.892e+04
2.381e-01 1.894e+04
2.381e-01 1.888e+04
2.381e-01 1.902e+04
2.385e-01 1.884e+04
2.388e-01 1.885e+04
2.378e-01 1.892e+04
2.389e-01 1.882e+04
2.383e-01 1.885e+04
2.378e-01 1.899e+04
2.383e-01 1.886e+04
2.378e-01 1.900e+04
2.373e-01 1.894e+04
2.380e-01 1.890e+04
2.381e-01 1.893e+04
2.374e-01 1.893e+04
2.378e-01 1.894e+04
2.385e-01 1.890e+04
2.384e-01 1.897e+04
2.384e-01 1.887e+04
2.382e-01 1.893e+04
2.382e-01 1.898e+04
2.375e-01 1.905e+04
2.383e-01 1.896e+04
2.379e-01 1.891e+04
2.383e-01 1.894e+04
2.385e-01 1.890e+04
2.378e-01 1.892e+04
2.382e-01 1.891e+04
2.384e-01 1.895e+04
2.381e-01 1.904e+04
2.381e-01 1.895e+04
2.385e-01 1.891e+04
2.385e-01 1.893e+04
2.378e-01 1.894e+04
2.383e-01 1.893e+04
2.383e-01 1.890e+04
2.385e-01 1.888e+04
2.387e-01 1.894e+04
2.382e-01 1.892e+04
2.381e-01 1.892e+04
2.383e-01 1.888e+04
2.378e-01 1.894e+04
2.377e-01 1.899e+04
2.380e-01 1.888e+04
2.384e-01 1.884e+04
2.375e-01 1.901e+04
2.382e-01 1.894e+04
2.375e-01 1.899e+04
2.380e-01 1.892e+04
2.385e-01 1.896e+04
2.385e-01 1.894e+04
2.375e-01 1.904e+04
2.382e-01 1.891e+04
2.377e-01 1.902e+04
2.380e-01 1.893e+04
2.383e-01 1.891e+04
2.389e-01 1.889e+04
2.380e-01 1.896e+04
2.380e-01 1.898e+04
2.380e-01 1.893e+04
2.379e-01 1.904e+04
2.383e-01 1.890e+04
2.381e-01 1.893e+04
2.380e-01 1.897e+04
2.381e-01 1.889e+04
2.382e-01 1.889e+04
2.382e-01 1.884e+04
2.376e-01 1.897e+04
2.383e-01 1.892e+04
2.381e-01 1.893e+04
2.378e-01 1.901e+04
2.386e-01 1.884e+04
2.380e-01 1.892e+04
2.381e-01 1.890e+04
2.377e-01 1.898e+04
2.376e-01 1.893e+04
2.372e-01 1.904e+04
2.378e-01 1.898e+04
2.386e-01 1.888e+04
2.383e-01 1.888e+04
2.381e-01 1.893e+04
2.380e-01 1.894e+04
2.381e-01 1.888e+04
2.382e-01 1.897e+04
2.378e-01 1.896e+04
2.381e-01 1.891e+04
2.384e-01 1.892e+04
2.378e-01 1.893e+04
2.385e-01 1.890e+04
2.383e-01 1.897e+04
2.386e-01 1.894e+04
2.387e-01 1.892e+04
2.378e-01 1.901e+04
2.377e-01 1.896e+04
2.382e-01 1.893e+04
2.382e-01 1.890e+04
2.381e-01 1.894e+04
2.385e-01 1.893e+04
2.380e-01 1.893e+04
2.381e-01 1.892e+04
2.377e-01 1.901e+04
2.380e-01 1.897e+04
2.381e-01 1.892e+04
2.384e-01 1.890e+04
2.384e-01 1.893e+04
2.381e-01 1.888e+04
2.380e-01 1.899e+04
2.384e-01 1.895e+04
2.380e-01 1.893e+04
2.382e-01 1.898e+04
2.374e-01 1.896e+04
2.381e-01 1.897e+04
2.376e-01 1.896e+04
2.380e-01 1.890e+04
2.383e-01 1.882e+04
2.387e-01 1.888e+04
2.383e-01 1.892e+04
2.371e-01 1.902e+04
2.382e-01 1.888e+04
2.381e-01 1.892e+04
2.380e-01 1.888e+04
2.381e-01 1.889e+04
2.380e-01 1.897e+04
2.374e-01 1.903e+04
2.378e-01 1.901e+04
2.381e-01 1.893e+04
2.384e-01 1.888e+04
2.383e-01 1.895e+04
2.382e-01 1.892e+04
2.382e-01 1.888e+04
2.382e-01 1.897e+04
2.381e-01 1.899e+04
2.380e-01 1.894e+04
2.381e-01 1.895e+04
2.378e-01 1.892e+04
2.384e-01 1.893e+04
2.386e-01 1.889e+04
2.381e-01 1.894e+04
2.383e-01 1.895e+04
2.384e-01 1.892e+04
2.376e-01 1.895e+04
2.379e-01 1.897e+04
2.381e-01 1.894e+04
2.386e-01 1.891e+04
2.380e-01 1.895e+04
2.385e-01 1.891e+04
2.386e-01 1.889e+04
2.382e-01 1.896e+04
2.381e-01 1.897e+04
2.378e-01 1.896e+04
2.376e-01 1.893e+04
2.377e-01 1.900e+04
2.387e-01 1.879e+04
2.387e-01 1.885e+04
2.379e-01 1.897e+04
2.382e-01 1.887e+04
2.380e-01 1.894e+04
2.379e-01 1.896e+04
2.380e-01 1.892e+04
2.379e-01 1.891e+04
2.381e-01 1.889e+04
2.375e-01 1.902e+04
2.382e-01 1.896e+04
2.384e-01 1.891e+04
2.383e-01 1.889e+04
2.379e-01 1.899e+04
2.381e-01 1.896e+04
2.384e-01 1.889e+04
2.378e-01 1.902e+04
2.382e-01 1.895e+04
2.378e-01 1.896e+04
2.384e-01 1.895e+04
2.381e-01 1.889e+04
2.384e-01 1.886e+04
2.378e-01 1.894e+04
2.378e-01 1.901e+04
2.384e-01 1.896e+04
2.381e-01 1.897e+04
2.384e-01 1.891e+04
2.384e-01 1.889e+04
2.383e-01 1.896e+04
2.383e-01 1.895e+04
2.381e-01 1.897e+04
2.381e-01 1.894e+04
2.373e-01 1.892e+04
2.386e-01 1.887e+04
2.376e-01 1.904e+04
2.375e-01 1.903e+04
2.384e-01 1.894e+04
2.385e-01 1.893e+04
2.380e-01 1.887e+04
2.376e-01 1.901e+04
2.380e-01 1.892e+04
2.384e-01 1.892e+04
2.381e-01 1.898e+04
2.376e-01 1.894e+04
2.385e-01 1.889e+04
2.377e-01 1.899e+04
2.381e-01 1.898e+04
2.380e-01 1.890e+04
2.375e-01 1.904e+04
2.382e-01 1.890e+04
2.380e-01 1.894e+04
2.380e-01 1.896e+04
2.379e-01 1.905e+04
2.385e-01 1.893e+04
2.382e-01 1.889e+04
2.388e-01 1.887e+04
2.381e-01 1.894e+04
2.380e-01 1.896e+04
2.383e-01 1.893e+04
2.374e-01 1.897e+04
2.384e-01 1.895e+04
2.385e-01 1.888e+04
2.381e-01 1.894e+04
2.380e-01 1.898e+04
2.382e-01 1.886e+04
2.383e-01 1.888e+04
2.385e-01 1.887e+04
2.380e-01 1.895e+04
2.377e-01 1.898e+04
2.381e-01 1.891e+04
2.382e-01 1.886e+04
2.381e-01 1.889e+04
2.384e-01 1.890e+04
2.382e-01 1.898e+04
2.378e-01 1.900e+04
2.383e-01 1.894e+04
2.383e-01 1.887e+04
2.382e-01 1.899e+04
2.384e-01 1.894e+04
2.381e-01 1.890e+04
2.389e-01 1.890e+04
2.376e-01 1.894e+04
2.377e-01 1.898e+04
2.379e-01 1.897e+04
2.381e-01 1.904e+04
2.383e-01 1.888e+04
2.380e-01 1.901e+04
2.383e-01 1.892e+04
2.379e-01 1.895e+04
2.378e-01 1.896e+04
2.381e-01 1.895e+04
2.384e-01 1.895e+04
2.379e-01 1.897e+04
2.381e-01 1.894e+04
2.378e-01 1.899e+04
2.383e-01 1.889e+04
2.384e-01 1.892e+04
2.380e-01 1.897e+04
2.383e-01 1.892e+04
2.377e-01 1.898e+04
2.386e-01 1.897e+04
2.378e-01 1.896e+04
2.383e-01 1.895e+04
2.383e-01 1.890e+04
2.379e-01 1.893e+04
2.385e-01 1.893e+04
2.382e-01 1.899e+04
2.377e-01 1.899e+04
2.383e-01 1.893e+04
2.382e-01 1.896e+04
2.378e-01 1.890e+04
2.380e-01 1.898e+04
2.379e-01 1.888e+04
2.376e-01 1.905e+04
2.383e-01 1.886e+04
2.372e-01 1.906e+04
2.377e-01 1.894e+04
2.382e-01 1.889e+04
2.379e-01 1.897e+04
2.378e-01 1.892e+04
2.381e-01 1.900e+04
2.381e-01 1.890e+04
2.379e-01 1.896e+04
2.385e-01 1.892e+04
2.380e-01 1.899e+04
2.378e-01 1.899e+04
2.382e-01 1.894e+04
2.383e-01 1.889e+04
2.385e-01 1.886e+04
2.386e-01 1.891e+04
2.378e-01 1.896e+04
2.379e-01 1.902e+04
2.382e-01 1.895e+04
2.380e-01 1.899e+04
2.386e-01 1.891e+04
2.383e-01 1.890e+04
2.378e-01 1.894e+04
2.376e-01 1.903e+04
2.387e-01 1.886e+04
2.378e-01 1.904e+04
2.383e-01 1.896e+04
2.382e-01 1.889e+04
2.382e-01 1.896e+04
2.383e-01 1.893e+04
2.383e-01 1.886e+04
2.383e-01 1.894e+04
2.382e-01 1.887e+04
2.381e-01 1.895e+04
2.384e-01 1.893e+04
2.382e-01 1.890e+04
2.384e-01 1.885e+04
2.377e-01 1.893e+04
2.380e-01 1.890e+04
2.379e-01 1.891e+04
2.382e-01 1.892e+04
2.380e-01 1.894e+04
2.385e-01 1.890e+04
2.383e-01 1.889e+04
2.382e-01 1.893e+04
2.387e-01 1.892e+04
2.380e-01 1.894e+04
2.385e-01 1.898e+04
2.378e-01 1.889e+04
2.379e-01 1.893e+04
2.380e-01 1.902e+04
2.375e-01 1.897e+04
2.381e-01 1.896e+04
2.376e-01 1.895e+04
2.377e-01 1.901e+04
2.384e-01 1.895e+04
2.383e-01 1.894e+04
2.376e-01 1.899e+04
2.381e-01 1.898e+04
2.377e-01 1.898e+04
2.379e-01 1.892e+04
2.383e-01 1.894e+04
2.379e-01 1.895e+04
2.382e-01 1.895e+04
2.382e-01 1.890e+04
2.383e-01 1.897e+04
2.388e-01 1.889e+04
2.381e-01 1.895e+04
2.386e-01 1.886e+04
2.385e-01 1.887e+04
2.385e-01 1.893e+04
2.375e-01 1.902e+04
2.382e-01 1.887e+04
2.377e-01 1.901e+04
2.380e-01 1.897e+04
2.377e-01 1.895e+04
2.375e-01 1.887e+04
2.382e-01 1.892e+04
2.383e-01 1.883e+04
2.385e-01 1.890e+04
2.387e-01 1.891e+04
2.390e-01 1.887e+04
2.378e-01 1.893e+04
2.382e-01 1.894e+04
2.385e-01 1.893e+04
2.380e-01 1.886e+04
2.388e-01 1.890e+04
2.381e-01 1.893e+04
2.384e-01 1.880e+04
2.381e-01 1.883e+04
2.378e-01 1.896e+04
2.383e-01 1.895e+04
2.384e-01 1.893e+04
2.385e-01 1.890e+04
2.382e-01 1.889e+04
2.379e-01 1.892e+04
2.384e-01 1.889e+04
2.380e-01 1.891e+04
2.387e-01 1.887e+04
2.381e-01 1.889e+04
2.379e-01 1.898e+04
2.382e-01 1.898e+04
2.383e-01 1.893e+04
2.377e-01 1.901e+04
2.386e-01 1.891e+04
2.384e-01 1.892e+04
2.379e-01 1.898e+04
2.384e-01 1.892e+04
2.385e-01 1.889e+04
2.389e-01 1.889e+04
2.386e-01 1.890e+04
2.384e-01 1.887e+04
2.387e-01 1.887e+04
2.387e-01 1.888e+04
2.388e-01 1.882e+04
2.382e-01 1.901e+04
2.386e-01 1.889e+04
2.378e-01 1.895e+04
2.376e-01 1.898e+04
2.383e-01 1.888e+04
2.380e-01 1.893e+04
2.379e-01 1.900e+04
2.383e-01 1.891e+04
2.384e-01 1.896e+04
2.381e-01 1.892e+04
2.384e-01 1.897e+04
2.376e-01 1.894e+04
2.384e-01 1.881e+04
2.381e-01 1.897e+04
2.380e-01 1.888e+04
2.375e-01 1.899e+04
2.379e-01 1.893e+04
2.384e-01 1.890e+04
2.382e-01 1.892e+04
2.385e-01 1.888e+04
2.381e-01 1.888e+04
2.385e-01 1.890e+04
2.383e-01 1.890e+04
2.381e-01 1.887e+04
2.383e-01 1.887e+04
2.373e-01 1.910e+04
2.380e-01 1.896e+04
2.384e-01 1.893e+04
2.378e-01 1.900e+04
2.382e-01 1.894e+04
2.381e-01 1.897e+04
2.381e-01 1.894e+04
2.377e-01 1.898e+04
2.384e-01 1.890e+04
2.382e-01 1.899e+04
2.376e-01 1.900e+04
2.381e-01 1.892e+04
2.386e-01 1.891e+04
2.382e-01 1.893e+04
2.377e-01 1.903e+04
2.384e-01 1.891e+04
2.382e-01 1.899e+04
2.380e-01 1.889e+04
2.387e-01 1.895e+04
2.380e-01 1.892e+04
2.380e-01 1.898e+04
2.382e-01 1.891e+04
2.386e-01 1.887e+04
2.380e-01 1.890e+04
2.384e-01 1.892e+04
2.381e-01 1.897e+04
2.380e-01 1.899e+04
2.387e-01 1.886e+04
2.383e-01 1.892e+04
2.382e-01 1.894e+04
2.381e-01 1.895e+04
2.378e-01 1.892e+04
2.386e-01 1.886e+04
2.383e-01 1.897e+04
2.382e-01 1.886e+04
2.386e-01 1.889e+04
2.384e-01 1.892e+04
2.377e-01 1.901e+04
2.382e-01 1.895e+04
2.385e-01 1.891e+04
2.386e-01 1.893e+04
2.389e-01 1.883e+04
2.377e-01 1.888e+04
2.385e-01 1.895e+04
2.379e-01 1.891e+04
2.383e-01 1.890e+04
2.376e-01 1.899e+04
2.390e-01 1.885e+04
2.383e-01 1.893e+04
2.381e-01 1.896e+04
2.383e-01 1.891e+04
2.381e-01 1.896e+04
2.378e-01 1.902e+04
2.382e-01 1.896e+04
2.381e-01 1.899e+04
2.385e-01 1.887e+04
2.383e-01 1.887e+04
2.384e-01 1.893e+04
2.383e-01 1.887e+04
2.380e-01 1.893e+04
2.382e-01 1.892e+04
2.379e-01 1.896e+04
2.380e-01 1.898e+04
2.379e-01 1.893e+04
2.382e-01 1.897e+04
2.383e-01 1.888e+04
2.377e-01 1.897e+04
2.381e-01 1.892e+04
2.378e-01 1.902e+04
2.380e-01 1.891e+04
2.378e-01 1.902e+04
2.383e-01 1.896e+04
2.378e-01 1.895e+04
2.387e-01 1.892e+04
2.380e-01 1.895e+04
2.381e-01 1.895e+04
2.380e-01 1.895e+04
2.376e-01 1.895e+04
2.382e-01 1.898e+04
2.377e-01 1.900e+04
2.383e-01 1.890e+04
2.378e-01 1.892e+04
2.379e-01 1.890e+04
2.381e-01 1.892e+04
2.385e-01 1.891e+04
2.376e-01 1.902e+04
2.379e-01 1.889e+04
2.383e-01 1.883e+04
2.380e-01 1.892e+04
2.380e-01 1.894e+04
2.384e-01 1.892e+04
2.378e-01 1.893e+04
2.383e-01 1.894e+04
2.380e-01 1.892e+04
2.386e-01 1.889e+04
2.380e-01 1.895e+04
2.372e-01 1.896e+04
2.383e-01 1.888e+04
2.378e-01 1.898e+04
2.379e-01 1.899e+04
2.384e-01 1.891e+04
2.381e-01 1.889e+04
2.373e-01 1.897e+04
2.383e-01 1.886e+04
2.387e-01 1.883e+04
2.377e-01 1.905e+04
2.377e-01 1.906e+04
2.380e-01 1.897e+04
2.383e-01 1.886e+04
2.382e-01 1.892e+04
2.384e-01 1.897e+04
2.377e-01 1.905e+04
2.385e-01 1.891e+04
2.381e-01 1.892e+04
2.380e-01 1.896e+04
2.383e-01 1.897e+04
2.377e-01 1.893e+04
2.383e-01 1.888e+04
2.385e-01 1.897e+04
2.385e-01 1.893e+04
2.382e-01 1.896e+04
2.386e-01 1.893e+04
2.384e-01 1.890e+04
2.382e-01 1.902e+04
2.382e-01 1.892e+04
2.378e-01 1.897e+04
2.386e-01 1.886e+04
2.383e-01 1.894e+04
2.377e-01 1.899e+04
2.384e-01 1.891e+04
2.380e-01 1.895e+04
2.379e-01 1.897e+04
2.381e-01 1.892e+04
2.375e-01 1.898e+04
2.379e-01 1.897e+04
2.382e-01 1.891e+04
2.380e-01 1.896e+04
2.379e-01 1.894e+04
2.378e-01 1.896e+04
2.380e-01 1.894e+04
2.379e-01 1.899e+04
2.376e-01 1.898e+04
2.384e-01 1.897e+04
2.378e-01 1.900e+04
2.384e-01 1.890e+04
2.375e-01 1.906e+04
2.380e-01 1.894e+04
2.386e-01 1.887e+04
2.383e-01 1.890e+04
2.384e-01 1.892e+04
2.382e-01 1.891e+04
2.383e-01 1.885e+04
2.386e-01 1.890e+04
2.386e-01 1.890e+04
2.383e-01 1.893e+04
2.379e-01 1.895e+04
2.387e-01 1.885e+04
2.385e-01 1.893e+04
2.380e-01 1.896e+04
2.388e-01 1.880e+04
2.379e-01 1.894e+04
2.381e-01 1.888e+04
2.381e-01 1.896e+04
2.382e-01 1.888e+04
2.386e-01 1.889e+04
2.388e-01 1.882e+04
2.386e-01 1.886e+04
2.381e-01 1.891e+04
2.387e-01 1.882e+04
2.385e-01 1.888e+04
2.379e-01 1.895e+04
2.383e-01 1.889e+04
2.375e-01 1.899e+04
2.390e-01 1.881e+04
2.381e-01 1.893e+04
2.383e-01 1.890e+04
2.379e-01 1.900e+04
2.386e-01 1.887e+04
2.378e-01 1.894e+04
2.378e-01 1.904e+04
2.383e-01 1.891e+04
2.383e-01 1.889e+04
2.381e-01 1.888e+04
2.372e-01 1.893e+04
2.385e-01 1.885e+04
2.383e-01 1.894e+04
2.383e-01 1.887e+04
2.379e-01 1.897e+04
2.380e-01 1.896e+04
2.380e-01 1.898e+04
2.384e-01 1.894e+04
2.379e-01 1.891e+04
2.375e-01 1.903e+04
2.385e-01 1.886e+04
2.381e-01 1.886e+04
2.380e-01 1.895e+04
2.383e-01 1.896e+04
2.379e-01 1.895e+04
2.380e-01 1.897e+04
2.382e-01 1.885e+04
2.380e-01 1.900e+04
2.381e-01 1.893e+04
2.383e-01 1.887e+04
2.374e-01 1.900e+04
2.384e-01 1.895e+04
2.383e-01 1.886e+04
2.384e-01 1.895e+04
2.383e-01 1.894e+04
2.378e-01 1.893e+04
2.377e-01 1.895e+04
2.384e-01 1.891e+04
2.377e-01 1.893e+04
2.388e-01 1.882e+04
2.381e-01 1.893e+04
2.377e-01 1.899e+04
2.390e-01 1.884e+04
2.378e-01 1.900e+04
2.376e-01 1.891e+04
2.383e-01 1.890e+04
2.382e-01 1.891e+04
2.380e-01 1.890e+04
2.380e-01 1.899e+04
2.374e-01 1.897e+04
2.380e-01 1.899e+04
2.377e-01 1.892e+04
2.385e-01 1.892e+04
2.384e-01 1.893e+04
2.383e-01 1.886e+04
2.384e-01 1.889e+04
2.378e-01 1.895e+04
2.388e-01 1.891e+04
2.378e-01 1.899e+04
2.379e-01 1.905e+04
2.382e-01 1.893e+04
2.384e-01 1.896e+04
2.384e-01 1.893e+04
2.379e-01 1.892e+04
2.379e-01 1.894e+04
2.377e-01 1.902e+04
2.381e-01 1.896e+04
2.378e-01 1.895e+04
2.380e-01 1.889e+04
2.381e-01 1.897e+04
2.388e-01 1.886e+04
2.379e-01 1.894e+04
2.383e-01 1.892e+04
2.388e-01 1.885e+04
2.380e-01 1.897e+04
2.383e-01 1.888e+04
2.377e-01 1.898e+04
2.377e-01 1.896e+04
2.376e-01 1.902e+04
2.386e-01 1.885e+04
2.382e-01 1.890e+04
2.379e-01 1.897e+04
2.382e-01 1.895e+04
2.380e-01 1.896e+04
2.383e-01 1.891e+04
2.383e-01 1.893e+04
2.386e-01 1.894e+04
2.382e-01 1.892e+04
2.393e-01 1.876e+04
2.375e-01 1.898e+04
2.385e-01 1.890e+04
2.381e-01 1.898e+04
2.384e-01 1.890e+04
2.382e-01 1.895e+04
2.379e-01 1.898e+04
2.386e-01 1.883e+04
2.386e-01 1.891e+04
2.384e-01 1.889e+04
2.378e-01 1.894e+04
2.383e-01 1.890e+04
2.376e-01 1.895e+04
2.387e-01 1.886e+04
2.387e-01 1.893e+04
2.386e-01 1.899e+04
2.383e-01 1.886e+04
2.383e-01 1.886e+04
2.374e-01 1.896e+04
2.383e-01 1.887e+04
2.385e-01 1.887e+04
2.381e-01 1.894e+04
2.381e-01 1.893e+04
2.377e-01 1.897e+04
2.385e-01 1.885e+04
2.381e-01 1.892e+04
2.382e-01 1.889e+04
2.377e-01 1.904e+04
2.380e-01 1.896e+04
2.387e-01 1.884e+04
2.377e-01 1.894e+04
2.380e-01 1.889e+04
2.385e-01 1.887e+04
2.386e-01 1.887e+04
2.386e-01 1.889e+04
2.382e-01 1.896e+04
2.379e-01 1.894e+04
2.383e-01 1.895e+04
2.387e-01 1.894e+04
2.379e-01 1.904e+04
2.377e-01 1.898e+04
2.380e-01 1.897e+04
2.384e-01 1.895e+04
2.378e-01 1.896e+04
2.381e-01 1.893e+04
2.381e-01 1.893e+04
2.379e-01 1.889e+04
2.381e-01 1.894e+04
2.387e-01 1.887e+04
2.381e-01 1.892e+04
2.383e-01 1.884e+04
2.380e-01 1.898e+04
2.379e-01 1.890e+04
2.384e-01 1.886e+04
2.379e-01 1.898e+04
2.383e-01 1.889e+04
2.377e-01 1.901e+04
2.384e-01 1.885e+04
2.384e-01 1.891e+04
2.374e-01 1.904e+04
2.383e-01 1.898e+04
2.382e-01 1.892e+04
2.384e-01 1.896e+04
2.386e-01 1.887e+04
2.385e-01 1.886e+04
2.383e-01 1.898e+04
2.383e-01 1.893e+04
2.379e-01 1.894e+04
2.374e-01 1.894e+04
2.385e-01 1.886e+04
2.377e-01 1.890e+04
2.385e-01 1.891e+04
2.379e-01 1.894e+04
2.382e-01 1.887e+04
2.380e-01 1.899e+04
2.381e-01 1.894e+04
2.381e-01 1.893e+04
2.379e-01 1.904e+04
2.377e-01 1.898e+04
2.381e-01 1.893e+04
2.386e-01 1.896e+04
2.382e-01 1.894e+04
2.387e-01 1.885e+04
2.384e-01 1.892e+04
2.380e-01 1.894e+04
2.377e-01 1.902e+04
2.382e-01 1.892e+04
2.381e-01 1.883e+04
2.383e-01 1.892e+04
2.377e-01 1.902e+04
2.387e-01 1.887e+04
2.382e-01 1.896e+04
2.385e-01 1.891e+04
2.380e-01 1.894e+04
2.385e-01 1.889e+04
2.383e-01 1.890e+04
2.380e-01 1.899e+04
2.384e-01 1.896e+04
2.381e-01 1.897e+04
2.381e-01 1.892e+04
2.381e-01 1.891e+04
2.379e-01 1.898e+04
2.375e-01 1.894e+04
2.379e-01 1.902e+04
2.386e-01 1.890e+04
2.379e-01 1.900e+04
2.382e-01 1.895e+04
2.376e-01 1.893e+04
2.381e-01 1.898e+04
2.385e-01 1.895e+04
2.376e-01 1.897e+04
2.380e-01 1.895e+04
2.385e-01 1.886e+04
2.384e-01 1.897e+04
2.376e-01 1.902e+04
2.383e-01 1.893e+04
2.384e-01 1.888e+04
2.379e-01 1.899e+04
2.373e-01 1.898e+04
2.382e-01 1.895e+04
2.374e-01 1.897e+04
2.382e-01 1.899e+04
2.380e-01 1.894e+04
2.386e-01 1.890e+04
2.383e-01 1.894e+04
2.379e-01 1.892e+04
2.384e-01 1.887e+04
2.380e-01 1.899e+04
2.379e-01 1.894e+04
2.379e-01 1.893e+04
2.387e-01 1.888e+04
2.374e-01 1.902e+04
2.381e-01 1.897e+04
2.383e-01 1.891e+04
2.377e-01 1.898e+04
2.379e-01 1.897e+04
2.387e-01 1.890e+04
2.383e-01 1.900e+04
2.379e-01 1.904e+04
2.375e-01 1.898e+04
2.377e-01 1.899e+04
2.380e-01 1.899e+04
2.383e-01 1.886e+04
2.378e-01 1.898e+04
2.382e-01 1.891e+04
2.384e-01 1.890e+04
2.380e-01 1.903e+04
2.383e-01 1.890e+04
2.380e-01 1.893e+04
2.378e-01 1.902e+04
2.383e-01 1.887e+04
2.382e-01 1.890e+04
2.379e-01 1.893e+04
2.380e-01 1.893e+04
2.386e-01 1.893e+04
2.379e-01 1.894e+04
2.374e-01 1.901e+04
2.382e-01 1.892e+04
2.381e-01 1.888e+04
2.380e-01 1.888e+04
2.383e-01 1.889e+04
2.380e-01 1.896e+04
2.374e-01 1.896e+04
2.386e-01 1.884e+04
2.379e-01 1.893e+04
2.375e-01 1.896e+04
2.379e-01 1.898e+04
2.376e-01 1.899e+04
2.384e-01 1.887e+04
2.377e-01 1.897e+04
2.384e-01 1.894e+04
2.381e-01 1.891e+04
2.386e-01 1.887e+04
2.385e-01 1.881e+04
2.379e-01 1.897e+04
2.384e-01 1.891e+04
2.382e-01 1.895e+04
2.384e-01 1.892e+04
2.380e-01 1.901e+04
2.383e-01 1.891e+04
2.386e-01 1.891e+04
2.384e-01 1.896e+04
2.381e-01 1.898e+04
2.378e-01 1.898e+04
2.382e-01 1.889e+04
2.383e-01 1.884e+04
2.381e-01 1.896e+04
2.380e-01 1.891e+04
2.378e-01 1.902e+04
2.386e-01 1.889e+04
2.388e-01 1.891e+04
2.377e-01 1.903e+04
2.383e-01 1.891e+04
2.381e-01 1.901e+04
2.385e-01 1.887e+04
2.376e-01 1.904e+04
2.383e-01 1.896e+04
2.382e-01 1.890e+04
2.378e-01 1.891e+04
2.381e-01 1.893e+04
2.380e-01 1.895e+04
2.383e-01 1.892e+04
2.380e-01 1.900e+04
2.384e-01 1.892e+04
2.380e-01 1.892e+04
2.384e-01 1.887e+04
2.380e-01 1.892e+04
2.382e-01 1.890e+04
2.380e-01 1.900e+04
2.385e-01 1.890e+04
2.380e-01 1.897e+04
2.378e-01 1.900e+04
2.382e-01 1.891e+04
2.381e-01 1.892e+04
2.379e-01 1.894e+04
2.377e-01 1.900e+04
2.383e-01 1.888e+04
2.379e-01 1.898e+04
2.381e-01 1.889e+04
2.382e-01 1.898e+04
2.373e-01 1.907e+04
2.378e-01 1.903e+04
2.381e-01 1.890e+04
2.382e-01 1.898e+04
2.380e-01 1.901e+04
2.378e-01 1.894e+04
2.377e-01 1.899e+04
2.387e-01 1.894e+04
2.383e-01 1.891e+04
2.376e-01 1.899e+04
2.381e-01 1.892e+04
2.378e-01 1.897e+04
2.379e-01 1.900e+04
2.380e-01 1.890e+04
2.378e-01 1.898e+04
2.380e-01 1.899e+04
2.380e-01 1.892e+04
2.382e-01 1.894e+04
2.382e-01 1.893e+04
2.384e-01 1.889e+04
2.379e-01 1.894e+04
2.381e-01 1.896e+04
2.391e-01 1.881e+04
2.381e-01 1.892e+04
2.385e-01 1.894e+04
2.379e-01 1.892e+04
2.376e-01 1.893e+04
2.380e-01 1.893e+04
2.380e-01 1.891e+04
2.383e-01 1.888e+04
2.382e-01 1.890e+04
2.381e-01 1.891e+04
2.376e-01 1.901e+04
2.382e-01 1.895e+04
2.379e-01 1.891e+04
2.381e-01 1.897e+04
2.380e-01 1.893e+04
2.380e-01 1.893e+04
2.378e-01 1.899e+04
2.378e-01 1.893e+04
2.384e-01 1.893e+04
2.378e-01 1.897e+04
2.385e-01 1.888e+04
2.380e-01 1.891e+04
2.382e-01 1.895e+04
2.378e-01 1.890e+04
2.386e-01 1.890e+04
2.381e-01 1.889e+04
2.378e-01 1.890e+04
2.385e-01 1.887e+04
2.383e-01 1.881e+04
2.380e-01 1.901e+04
2.383e-01 1.890e+04
2.377e-01 1.897e+04
2.377e-01 1.892e+04
2.380e-01 1.896e+04
2.380e-01 1.896e+04
2.380e-01 1.897e+04
2.385e-01 1.888e+04
2.386e-01 1.889e+04
2.381e-01 1.891e+04
2.383e-01 1.894e+04
2.378e-01 1.894e+04
2.382e-01 1.894e+04
2.382e-01 1.893e+04
2.383e-01 1.894e+04
2.377e-01 1.895e+04
2.379e-01 1.899e+04
2.378e-01 1.902e+04
2.385e-01 1.892e+04
2.377e-01 1.899e+04
2.377e-01 1.893e+04
2.380e-01 1.899e+04
2.384e-01 1.883e+04
2.383e-01 1.892e+04
2.384e-01 1.895e+04
2.381e-01 1.903e+04
2.381e-01 1.895e+04
2.382e-01 1.896e+04
2.385e-01 1.883e+04
2.381e-01 1.899e+04
2.383e-01 1.900e+04
2.385e-01 1.889e+04
2.380e-01 1.890e+04
2.379e-01 1.892e+04
2.376e-01 1.901e+04
2.386e-01 1.889e+04
2.382e-01 1.896e+04
2.381e-01 1.891e+04
2.378e-01 1.897e+04
2.382e-01 1.891e+04
2.382e-01 1.890e+04
2.392e-01 1.885e+04
2.390e-01 1.888e+04
2.384e-01 1.887e+04
2.380e-01 1.892e+04
2.380e-01 1.896e+04
2.377e-01 1.900e+04
2.386e-01 1.888e+04
2.388e-01 1.889e+04
2.385e-01 1.893e+04
2.381e-01 1.897e+04
2.379e-01 1.891e+04
2.387e-01 1.891e+04
2.381e-01 1.893e+04
2.379e-01 1.901e+04
2.382e-01 1.899e+04
2.383e-01 1.891e+04
2.380e-01 1.903e+04
2.372e-01 1.899e+04
2.381e-01 1.888e+04
2.387e-01 1.889e+04
2.375e-01 1.895e+04
2.384e-01 1.886e+04
2.378e-01 1.895e+04
2.379e-01 1.898e+04
2.381e-01 1.894e+04
2.385e-01 1.884e+04
2.387e-01 1.884e+04
2.381e-01 1.892e+04
2.379e-01 1.897e+04
2.383e-01 1.896e+04
2.376e-01 1.900e+04
2.384e-01 1.891e+04
2.377e-01 1.903e+04
2.380e-01 1.898e+04
2.377e-01 1.895e+04
2.381e-01 1.893e+04
2.382e-01 1.892e+04
2.384e-01 1.888e+04
2.381e-01 1.897e+04
2.382e-01 1.900e+04
2.381e-01 1.895e+04
2.383e-01 1.893e+04
2.387e-01 1.885e+04
2.375e-01 1.901e+04
2.384e-01 1.893e+04
2.376e-01 1.893e+04
2.383e-01 1.887e+04
2.378e-01 1.899e+04
2.380e-01 1.891e+04
2.379e-01 1.899e+04
2.388e-01 1.885e+04
2.383e-01 1.888e+04
2.374e-01 1.901e+04
2.390e-01 1.886e+04
2.386e-01 1.886e+04
2.385e-01 1.889e+04
2.379e-01 1.894e+04
2.380e-01 1.893e+04
2.380e-01 1.891e+04
2.380e-01 1.893e+04
2.386e-01 1.892e+04
2.381e-01 1.897e+04
2.377e-01 1.893e+04
2.387e-01 1.877e+04
2.385e-01 1.893e+04
2.388e-01 1.888e+04
2.378e-01 1.896e+04
2.375e-01 1.893e+04
2.388e-01 1.886e+04
2.383e-01 1.896e+04
2.378e-01 1.894e+04
2.379e-01 1.895e+04
2.378e-01 1.890e+04
2.378e-01 1.894e+04
2.386e-01 1.886e+04
2.377e-01 1.895e+04
2.379e-01 1.896e+04
2.382e-01 1.891e+04
2.381e-01 1.893e+04
2.375e-01 1.900e+04
2.382e-01 1.897e+04
2.382e-01 1.898e+04
2.380e-01 1.891e+04
2.382e-01 1.898e+04
2.382e-01 1.891e+04
2.381e-01 1.900e+04
2.376e-01 1.910e+04
2.373e-01 1.905e+04
2.388e-01 1.889e+04
2.379e-01 1.903e+04
2.382e-01 1.892e+04
2.387e-01 1.889e+04
2.382e-01 1.899e+04
2.382e-01 1.894e+04
2.377e-01 1.903e+04
2.379e-01 1.895e+04
2.385e-01 1.892e+04
2.382e-01 1.896e+04
2.379e-01 1.897e+04
2.380e-01 1.896e+04
2.380e-01 1.890e+04
2.383e-01 1.892e+04
2.386e-01 1.887e+04
2.382e-01 1.894e+04
2.387e-01 1.885e+04
2.386e-01 1.892e+04
2.380e-01 1.903e+04
2.382e-01 1.890e+04
2.380e-01 1.894e+04
2.382e-01 1.889e+04
2.383e-01 1.893e+04
2.384e-01 1.889e+04
2.383e-01 1.890e+04
2.381e-01 1.890e+04
2.384e-01 1.888e+04
2.383e-01 1.889e+04
2.385e-01 1.889e+04
2.378e-01 1.901e+04
2.382e-01 1.894e+04
2.379e-01 1.899e+04
2.377e-01 1.906e+04
2.376e-01 1.900e+04
2.382e-01 1.889e+04
2.375e-01 1.904e+04
2.380e-01 1.886e+04
2.381e-01 1.892e+04
2.376e-01 1.900e+04
2.385e-01 1.885e+04
2.385e-01 1.895e+04
2.384e-01 1.888e+04
2.383e-01 1.889e+04
2.380e-01 1.892e+04
2.382e-01 1.885e+04
2.380e-01 1.898e+04
2.383e-01 1.897e+04
2.384e-01 1.889e+04
2.380e-01 1.892e+04
2.381e-01 1.891e+04
2.383e-01 1.887e+04
2.375e-01 1.903e+04
2.383e-01 1.891e+04
2.382e-01 1.894e+04
2.379e-01 1.901e+04
2.385e-01 1.885e+04
2.382e-01 1.896e+04
2.382e-01 1.889e+04
2.379e-01 1.904e+04
2.381e-01 1.888e+04
2.383e-01 1.888e+04
2.381e-01 1.889e+04
2.383e-01 1.887e+04
2.380e-01 1.901e+04
2.383e-01 1.896e+04
2.383e-01 1.890e+04
2.392e-01 1.883e+04
2.386e-01 1.890e+04
2.375e-01 1.898e+04
2.383e-01 1.894e+04
2.376e-01 1.896e+04
2.383e-01 1.894e+04
2.379e-01 1.892e+04
2.380e-01 1.900e+04
2.384e-01 1.891e+04
2.373e-01 1.905e+04
2.385e-01 1.886e+04
2.386e-01 1.891e+04
2.377e-01 1.889e+04
2.383e-01 1.891e+04
2.382e-01 1.890e+04
2.387e-01 1.888e+04
2.378e-01 1.899e+04
2.381e-01 1.891e+04
2.379e-01 1.895e+04
2.376e-01 1.903e+04
2.385e-01 1.892e+04
2.378e-01 1.891e+04
2.383e-01 1.895e+04
2.382e-01 1.895e+04
2.376e-01 1.899e+04
2.384e-01 1.883e+04
2.384e-01 1.890e+04
2.376e-01 1.896e+04
2.386e-01 1.895e+04
2.385e-01 1.884e+04
2.378e-01 1.890e+04
2.384e-01 1.890e+04
2.381e-01 1.890e+04
2.378e-01 1.893e+04
2.384e-01 1.892e+04
2.380e-01 1.905e+04
2.379e-01 1.898e+04
2.379e-01 1.897e+04
2.384e-01 1.892e+04
2.382e-01 1.892e+04
2.385e-01 1.883e+04
2.381e-01 1.894e+04
2.379e-01 1.898e+04
2.384e-01 1.892e+04
2.378e-01 1.898e+04
2.386e-01 1.893e+04
2.380e-01 1.899e+04
2.385e-01 1.895e+04
2.379e-01 1.892e+04
2.376e-01 1.894e+04
2.384e-01 1.895e+04
2.382e-01 1.892e+04
2.380e-01 1.891e+04
2.382e-01 1.894e+04
2.381e-01 1.891e+04
2.382e-01 1.893e+04
2.386e-01 1.896e+04
2.391e-01 1.882e+04
2.380e-01 1.889e+04
2.385e-01 1.892e+04
2.377e-01 1.899e+04
2.385e-01 1.888e+04
2.377e-01 1.890e+04
2.380e-01 1.890e+04
2.374e-01 1.901e+04
2.381e-01 1.889e+04
2.382e-01 1.891e+04
2.386e-01 1.888e+04
2.374e-01 1.900e+04
2.382e-01 1.889e+04
2.382e-01 1.895e+04
2.381e-01 1.900e+04
2.383e-01 1.890e+04
2.384e-01 1.892e+04
2.381e-01 1.895e+04
2.384e-01 1.886e+04
2.386e-01 1.889e+04
2.383e-01 1.897e+04
2.384e-01 1.887e+04
2.385e-01 1.890e+04
2.381e-01 1.893e+04
2.384e-01 1.894e+04
2.379e-01 1.900e+04
2.386e-01 1.896e+04
2.381e-01 1.890e+04
2.377e-01 1.903e+04
2.388e-01 1.890e+04
2.377e-01 1.896e+04
2.376e-01 1.900e+04
2.382e-01 1.899e+04
2.383e-01 1.897e+04
2.376e-01 1.899e+04
2.380e-01 1.893e+04
2.375e-01 1.898e+04
2.381e-01 1.891e+04
2.384e-01 1.885e+04
2.383e-01 1.890e+04
2.387e-01 1.890e+04
2.384e-01 1.886e+04
2.377e-01 1.897e+04
2.384e-01 1.894e+04
2.379e-01 1.895e+04
2.381e-01 1.899e+04
2.378e-01 1.901e+04
2.384e-01 1.883e+04
2.383e-01 1.890e+04
2.381e-01 1.892e+04
2.378e-01 1.896e+04
2.381e-01 1.899e+04
2.382e-01 1.892e+04
2.379e-01 1.894e+04
2.385e-01 1.889e+04
2.378e-01 1.901e+04
2.382e-01 1.888e+04
2.377e-01 1.897e+04
2.378e-01 1.899e+04
2.385e-01 1.887e+04
2.376e-01 1.899e+04
2.382e-01 1.895e+04
2.379e-01 1.896e+04
2.381e-01 1.893e+04
2.382e-01 1.889e+04
2.387e-01 1.885e+04
2.373e-01 1.906e+04
2.378e-01 1.901e+04
2.385e-01 1.886e+04
2.377e-01 1.904e+04
2.381e-01 1.897e+04
2.388e-01 1.888e+04
2.382e-01 1.892e+04
2.380e-01 1.898e+04
2.386e-01 1.889e+04
2.375e-01 1.897e+04
2.380e-01 1.900e+04
2.385e-01 1.891e+04
2.384e-01 1.893e+04
2.382e-01 1.894e+04
2.383e-01 1.896e+04
2.377e-01 1.898e+04
2.381e-01 1.892e+04
2.385e-01 1.897e+04
2.381e-01 1.897e+04
2.384e-01 1.885e+04
2.383e-01 1.892e+04
2.381e-01 1.895e+04
2.382e-01 1.893e+04
2.383e-01 1.891e+04
2.381e-01 1.898e+04
2.386e-01 1.891e+04
2.386e-01 1.895e+04
2.380e-01 1.891e+04
2.383e-01 1.889e+04
2.381e-01 1.898e+04
2.378e-01 1.900e+04
2.378e-01 1.894e+04
2.379e-01 1.895e+04
2.381e-01 1.897e+04
2.378e-01 1.898e+04
2.385e-01 1.885e+04
2.381e-01 1.901e+04
2.383e-01 1.895e+04
2.381e-01 1.892e+04
2.383e-01 1.888e+04
2.382e-01 1.893e+04
2.373e-01 1.894e+04
2.385e-01 1.886e+04
2.379e-01 1.904e+04
2.379e-01 1.891e+04
2.381e-01 1.895e+04
2.385e-01 1.885e+04
2.384e-01 1.887e+04
2.378e-01 1.891e+04
2.389e-01 1.882e+04
2.382e-01 1.896e+04
2.385e-01 1.891e+04
2.383e-01 1.894e+04
2.383e-01 1.890e+04
2.381e-01 1.892e+04
2.383e-01 1.889e+04
2.385e-01 1.887e+04
2.384e-01 1.896e+04
2.380e-01 1.890e+04
2.381e-01 1.888e+04
2.376e-01 1.895e+04
2.380e-01 1.904e+04
2.379e-01 1.893e+04
2.382e-01 1.885e+04
2.382e-01 1.893e+04
2.381e-01 1.893e+04
2.382e-01 1.892e+04
2.380e-01 1.897e+04
2.380e-01 1.896e+04
2.385e-01 1.886e+04
2.384e-01 1.884e+04
2.382e-01 1.895e+04
2.380e-01 1.889e+04
2.387e-01 1.891e+04
2.380e-01 1.885e+04
2.379e-01 1.897e+04
2.380e-01 1.905e+04
2.382e-01 1.894e+04
2.387e-01 1.892e+04
2.383e-01 1.892e+04
2.377e-01 1.902e+04
2.382e-01 1.894e+04
2.385e-01 1.891e+04
2.384e-01 1.894e+04
2.386e-01 1.886e+04
2.380e-01 1.905e+04
2.384e-01 1.891e+04
2.378e-01 1.898e+04
2.381e-01 1.894e+04
2.378e-01 1.899e+04
2.380e-01 1.894e+04
2.383e-01 1.895e+04
2.384e-01 1.890e+04
2.384e-01 1.883e+04
2.383e-01 1.889e+04
2.379e-01 1.893e+04
2.379e-01 1.894e+04
2.386e-01 1.889e+04
2.381e-01 1.898e+04
2.381e-01 1.890e+04
2.381e-01 1.901e+04
2.375e-01 1.899e+04
2.380e-01 1.899e+04
2.382e-01 1.889e+04
2.378e-01 1.900e+04
2.382e-01 1.894e+04
2.380e-01 1.898e+04
2.381e-01 1.898e+04
2.381e-01 1.903e+04
2.384e-01 1.889e+04
2.390e-01 1.882e+04
2.378e-01 1.892e+04
2.380e-01 1.903e+04
2.378e-01 1.903e+04
2.389e-01 1.883e+04
2.380e-01 1.893e+04
2.385e-01 1.892e+04
2.385e-01 1.881e+04
2.380e-01 1.895e+04
2.380e-01 1.896e+04
2.380e-01 1.898e+04
2.377e-01 1.892e+04
2.379e-01 1.901e+04
2.381e-01 1.895e+04
2.386e-01 1.887e+04
2.380e-01 1.898e+04
2.380e-01 1.897e+04
2.380e-01 1.890e+04
2.383e-01 1.887e+04
2.388e-01 1.889e+04
2.387e-01 1.876e+04
2.385e-01 1.887e+04
2.382e-01 1.889e+04
2.381e-01 1.892e+04
2.384e-01 1.887e+04
2.376e-01 1.899e+04
2.382e-01 1.888e+04
2.379e-01 1.898e+04
2.384e-01 1.890e+04
2.381e-01 1.881e+04
2.379e-01 1.887e+04
2.383e-01 1.893e+04
2.380e-01 1.897e+04
2.379e-01 1.901e+04
2.384e-01 1.892e+04
2.379e-01 1.892e+04
2.381e-01 1.902e+04
2.377e-01 1.895e+04
2.385e-01 1.889e+04
2.380e-01 1.901e+04
2.386e-01 1.884e+04
2.379e-01 1.903e+04
2.383e-01 1.893e+04
2.382e-01 1.888e+04
2.377e-01 1.898e+04
2.382e-01 1.891e+04
2.384e-01 1.889e+04
2.378e-01 1.905e+04
2.390e-01 1.885e+04
2.385e-01 1.886e+04
2.378e-01 1.895e+04
2.382e-01 1.894e+04
2.385e-01 1.890e+04
2.384e-01 1.891e+04
2.387e-01 1.890e+04
2.384e-01 1.890e+04
2.387e-01 1.895e+04
2.379e-01 1.899e+04
2.383e-01 1.889e+04
2.379e-01 1.894e+04
2.382e-01 1.891e+04
2.376e-01 1.889e+04
2.374e-01 1.901e+04
2.381e-01 1.897e+04
2.379e-01 1.899e+04
2.388e-01 1.889e+04
2.378e-01 1.894e+04
2.386e-01 1.890e+04
2.390e-01 1.886e+04
2.386e-01 1.883e+04
2.384e-01 1.893e+04
2.381e-01 1.898e+04
2.388e-01 1.886e+04
2.383e-01 1.892e+04
2.379e-01 1.899e+04
2.382e-01 1.895e+04
2.381e-01 1.894e+04
2.388e-01 1.893e+04
2.381e-01 1.897e+04
2.376e-01 1.897e+04
2.382e-01 1.898e+04
2.382e-01 1.892e+04
2.382e-01 1.896e+04
2.379e-01 1.894e+04
2.382e-01 1.895e+04
2.385e-01 1.890e+04
2.382e-01 1.890e+04
2.383e-01 1.885e+04
2.382e-01 1.891e+04
2.380e-01 1.894e+04
2.378e-01 1.902e+04
2.373e-01 1.909e+04
2.386e-01 1.895e+04
2.380e-01 1.897e+04
2.379e-01 1.893e+04
2.387e-01 1.883e+04
2.381e-01 1.892e+04
2.385e-01 1.893e+04
2.380e-01 1.892e+04
2.386e-01 1.889e+04
2.382e-01 1.898e+04
2.378e-01 1.895e+04
2.379e-01 1.903e+04
2.381e-01 1.890e+04
2.386e-01 1.891e+04
