1.593e-01 2.266e+04
1.607e-01 2.241e+04
1.593e-01 2.248e+04
1.595e-01 2.256e+04
1.611e-01 2.237e+04
1.596e-01 2.250e+04
1.595e-01 2.256e+04
1.606e-01 2.239e+04
1.603e-01 2.260e+04
1.605e-01 2.250e+04
1.599e-01 2.254e+04
1.594e-01 2.263e+04
1.613e-01 2.236e+04
1.605e-01 2.249e+04
1.589e-01 2.269e+04
1.602e-01 2.254e+04
1.602e-01 2.242e+04
1.592e-01 2.266e+04
1.599e-01 2.262e+04
1.590e-01 2.268e+04
1.599e-01 2.251e+04
1.583e-01 2.271e+04
1.606e-01 2.245e+04
1.591e-01 2.268e+04
1.600e-01 2.253e+04
1.593e-01 2.265e+04
1.607e-01 2.252e+04
1.606e-01 2.256e+04
1.602e-01 2.256e+04
1.601e-01 2.258e+04
1.595e-01 2.276e+04
1.609e-01 2.237e+04
1.592e-01 2.264e+04
1.584e-01 2.278e+04
1.604e-01 2.257e+04
1.597e-01 2.252e+04
1.608e-01 2.241e+04
1.600e-01 2.254e+04
1.608e-01 2.245e+04
1.592e-01 2.259e+04
1.602e-01 2.254e+04
1.604e-01 2.245e+04
1.609e-01 2.233e+04
1.601e-01 2.246e+04
1.595e-01 2.254e+04
1.595e-01 2.260e+04
1.618e-01 2.231e+04
1.594e-01 2.260e+04
1.607e-01 2.252e+04
1.595e-01 2.265e+04
1.592e-01 2.266e+04
1.585e-01 2.271e+04
1.605e-01 2.251e+04
1.593e-01 2.263e+04
1.604e-01 2.251e+04
1.603e-01 2.246e+04
1.605e-01 2.257e+04
1.586e-01 2.269e+04
1.597e-01 2.262e+04
1.597e-01 2.252e+04
1.605e-01 2.241e+04
1.586e-01 2.266e+04
1.603e-01 2.243e+04
1.609e-01 2.245e+04
1.608e-01 2.243e+04
1.604e-01 2.249e+04
1.588e-01 2.263e+04
1.586e-01 2.266e+04
1.610e-01 2.245e+04
1.604e-01 2.253e+04
1.590e-01 2.267e+04
1.603e-01 2.244e+04
1.592e-01 2.266e+04
1.602e-01 2.261e+04
1.595e-01 2.262e+04
1.599e-01 2.260e+04
1.603e-01 2.247e+04
1.601e-01 2.251e+04
1.607e-01 2.254e+04
1.611e-01 2.242e+04
1.599e-01 2.254e+04
1.601e-01 2.254e+04
1.596e-01 2.249e+04
1.597e-01 2.259e+04
1.600e-01 2.258e+04
1.610e-01 2.247e+04
1.617e-01 2.245e+04
1.599e-01 2.251e+04
1.596e-01 2.265e+04
1.599e-01 2.252e+04
1.600e-01 2.254e+04
1.607e-01 2.252e+04
1.601e-01 2.250e+04
1.592e-01 2.255e+04
1.606e-01 2.248e+04
1.603e-01 2.254e+04
1.608e-01 2.240e+04
1.595e-01 2.261e+04
1.596e-01 2.250e+04
1.597e-01 2.254e+04
1.601e-01 2.252e+04
1.594e-01 2.254e+04
1.604e-01 2.256e+04
1.607e-01 2.247e+04
1.601e-01 2.247e+04
1.603e-01 2.257e+04
1.603e-01 2.254e+04
1.598e-01 2.257e+04
1.591e-01 2.263e+04
1.607e-01 2.250e+04
1.603e-01 2.239e+04
1.596e-01 2.246e+04
1.609e-01 2.257e+04
1.596e-01 2.263e+04
1.600e-01 2.248e+04
1.601e-01 2.253e+04
1.600e-01 2.251e+04
1.609e-01 2.244e+04
1.596e-01 2.252e+04
1.609e-01 2.244e+04
1.610e-01 2.241e+04
1.604e-01 2.255e+04
1.603e-01 2.251e+04
1.600e-01 2.247e+04
1.601e-01 2.258e+04
1.602e-01 2.252e+04
1.603e-01 2.250e+04
1.598e-01 2.249e+04
1.597e-01 2.260e+04
1.596e-01 2.258e+04
1.601e-01 2.243e+04
1.599e-01 2.251e+04
1.603e-01 2.250e+04
1.602e-01 2.254e+04
1.613e-01 2.240e+04
1.607e-01 2.250e+04
1.594e-01 2.264e+04
1.595e-01 2.261e+04
1.590e-01 2.263e+04
1.605e-01 2.247e+04
1.603e-01 2.244e+04
1.597e-01 2.264e+04
1.600e-01 2.246e+04
1.608e-01 2.246e+04
1.593e-01 2.254e+04
1.585e-01 2.272e+04
1.600e-01 2.246e+04
1.594e-01 2.256e+04
1.594e-01 2.258e+04
1.608e-01 2.237e+04
1.596e-01 2.244e+04
1.616e-01 2.234e+04
1.579e-01 2.279e+04
1.624e-01 2.223e+04
1.604e-01 2.242e+04
1.613e-01 2.231e+04
1.600e-01 2.248e+04
1.600e-01 2.246e+04
1.598e-01 2.265e+04
1.602e-01 2.257e+04
1.595e-01 2.261e+04
1.615e-01 2.235e+04
1.607e-01 2.246e+04
1.604e-01 2.254e+04
1.587e-01 2.269e+04
1.588e-01 2.256e+04
1.609e-01 2.235e+04
1.597e-01 2.255e+04
1.599e-01 2.258e+04
1.595e-01 2.253e+04
1.604e-01 2.252e+04
1.584e-01 2.277e+04
1.606e-01 2.242e+04
1.596e-01 2.268e+04
1.594e-01 2.266e+04
1.594e-01 2.251e+04
1.600e-01 2.247e+04
1.600e-01 2.257e+04
1.607e-01 2.244e+04
1.595e-01 2.261e+04
1.591e-01 2.263e+04
1.616e-01 2.241e+04
1.612e-01 2.233e+04
1.595e-01 2.258e+04
1.603e-01 2.258e+04
1.596e-01 2.257e+04
1.608e-01 2.239e+04
1.604e-01 2.245e+04
1.599e-01 2.245e+04
1.602e-01 2.249e+04
1.599e-01 2.255e+04
1.605e-01 2.249e+04
1.592e-01 2.264e+04
1.607e-01 2.249e+04
1.601e-01 2.257e+04
1.595e-01 2.262e+04
1.607e-01 2.250e+04
1.594e-01 2.264e+04
1.616e-01 2.233e+04
1.600e-01 2.249e+04
1.594e-01 2.257e+04
1.597e-01 2.252e+04
1.595e-01 2.262e+04
1.600e-01 2.255e+04
1.609e-01 2.242e+04
1.588e-01 2.269e+04
1.596e-01 2.252e+04
1.597e-01 2.255e+04
1.592e-01 2.263e+04
1.603e-01 2.256e+04
1.609e-01 2.242e+04
1.598e-01 2.269e+04
1.592e-01 2.270e+04
1.601e-01 2.248e+04
1.607e-01 2.241e+04
1.608e-01 2.243e+04
1.586e-01 2.272e+04
1.595e-01 2.254e+04
1.606e-01 2.237e+04
1.609e-01 2.238e+04
1.605e-01 2.246e+04
1.603e-01 2.251e+04
1.590e-01 2.262e+04
1.609e-01 2.239e+04
1.593e-01 2.252e+04
1.602e-01 2.249e+04
1.594e-01 2.266e+04
1.611e-01 2.246e+04
1.605e-01 2.248e+04
1.595e-01 2.264e+04
1.596e-01 2.260e+04
1.593e-01 2.251e+04
1.605e-01 2.248e+04
1.592e-01 2.261e+04
1.599e-01 2.262e+04
1.592e-01 2.255e+04
1.596e-01 2.262e+04
1.603e-01 2.238e+04
1.608e-01 2.245e+04
1.582e-01 2.280e+04
1.604e-01 2.247e+04
1.602e-01 2.257e+04
1.600e-01 2.256e+04
1.601e-01 2.250e+04
1.606e-01 2.259e+04
1.607e-01 2.247e+04
1.600e-01 2.255e+04
1.598e-01 2.247e+04
1.601e-01 2.249e+04
1.587e-01 2.264e+04
1.602e-01 2.248e+04
1.607e-01 2.248e+04
1.596e-01 2.250e+04
1.609e-01 2.251e+04
1.598e-01 2.252e+04
1.588e-01 2.265e+04
1.597e-01 2.256e+04
1.595e-01 2.261e+04
1.602e-01 2.254e+04
1.592e-01 2.271e+04
1.590e-01 2.267e+04
1.600e-01 2.258e+04
1.611e-01 2.243e+04
1.599e-01 2.264e+04
1.601e-01 2.247e+04
1.603e-01 2.248e+04
1.594e-01 2.265e+04
1.592e-01 2.273e+04
1.606e-01 2.246e+04
1.598e-01 2.254e+04
1.614e-01 2.237e+04
1.595e-01 2.273e+04
1.595e-01 2.258e+04
1.602e-01 2.244e+04
1.610e-01 2.237e+04
1.590e-01 2.252e+04
1.607e-01 2.238e+04
1.605e-01 2.246e+04
1.602e-01 2.253e+04
1.600e-01 2.257e+04
1.599e-01 2.253e+04
1.607e-01 2.240e+04
1.609e-01 2.249e+04
1.598e-01 2.254e+04
1.599e-01 2.253e+04
1.609e-01 2.244e+04
1.600e-01 2.250e+04
1.603e-01 2.244e+04
1.600e-01 2.249e+04
1.605e-01 2.251e+04
1.600e-01 2.260e+04
1.611e-01 2.240e+04
1.607e-01 2.247e+04
1.598e-01 2.252e+04
1.596e-01 2.265e+04
1.604e-01 2.252e+04
1.594e-01 2.267e+04
1.592e-01 2.274e+04
1.592e-01 2.263e+04
1.611e-01 2.240e+04
1.600e-01 2.261e+04
1.602e-01 2.246e+04
1.597e-01 2.265e+04
1.597e-01 2.248e+04
1.602e-01 2.259e+04
1.601e-01 2.257e+04
1.596e-01 2.262e+04
1.605e-01 2.250e+04
1.603e-01 2.247e+04
1.606e-01 2.253e+04
1.612e-01 2.246e+04
1.596e-01 2.268e+04
1.603e-01 2.253e+04
1.609e-01 2.242e+04
1.596e-01 2.260e+04
1.587e-01 2.266e+04
1.601e-01 2.251e+04
1.601e-01 2.254e+04
1.604e-01 2.244e+04
1.598e-01 2.262e+04
1.592e-01 2.263e+04
1.607e-01 2.255e+04
1.600e-01 2.246e+04
1.590e-01 2.273e+04
1.593e-01 2.261e+04
1.607e-01 2.246e+04
1.597e-01 2.266e+04
1.605e-01 2.250e+04
1.588e-01 2.272e+04
1.590e-01 2.257e+04
1.600e-01 2.251e+04
1.605e-01 2.243e+04
1.598e-01 2.258e+04
1.595e-01 2.257e+04
1.609e-01 2.237e+04
1.595e-01 2.261e+04
1.590e-01 2.267e+04
1.602e-01 2.257e+04
1.594e-01 2.258e+04
1.582e-01 2.283e+04
1.589e-01 2.264e+04
1.614e-01 2.229e+04
1.606e-01 2.254e+04
1.594e-01 2.256e+04
1.595e-01 2.257e+04
1.601e-01 2.250e+04
1.585e-01 2.264e+04
1.614e-01 2.238e+04
1.603e-01 2.255e+04
1.592e-01 2.263e+04
1.602e-01 2.244e+04
1.613e-01 2.242e+04
1.614e-01 2.247e+04
1.598e-01 2.248e+04
1.586e-01 2.271e+04
1.597e-01 2.257e+04
1.597e-01 2.255e+04
1.595e-01 2.260e+04
1.594e-01 2.261e+04
1.599e-01 2.257e+04
1.595e-01 2.253e+04
1.602e-01 2.256e+04
1.604e-01 2.242e+04
1.584e-01 2.265e+04
1.591e-01 2.268e+04
1.612e-01 2.243e+04
1.607e-01 2.242e+04
1.606e-01 2.246e+04
1.606e-01 2.235e+04
1.604e-01 2.252e+04
1.609e-01 2.231e+04
1.584e-01 2.275e+04
1.604e-01 2.242e+04
1.604e-01 2.242e+04
1.601e-01 2.246e+04
1.604e-01 2.261e+04
1.601e-01 2.250e+04
1.609e-01 2.238e+04
1.592e-01 2.264e+04
1.597e-01 2.262e+04
1.601e-01 2.253e+04
1.606e-01 2.244e+04
1.595e-01 2.253e+04
1.597e-01 2.260e+04
1.592e-01 2.268e+04
1.594e-01 2.260e+04
1.604e-01 2.246e+04
1.592e-01 2.259e+04
1.599e-01 2.241e+04
1.608e-01 2.241e+04
1.605e-01 2.246e+04
1.598e-01 2.246e+04
1.606e-01 2.247e+04
1.591e-01 2.268e+04
1.601e-01 2.250e+04
1.591e-01 2.271e+04
1.587e-01 2.264e+04
1.603e-01 2.243e+04
1.607e-01 2.241e+04
1.596e-01 2.253e+04
1.593e-01 2.263e+04
1.614e-01 2.232e+04
1.599e-01 2.248e+04
1.591e-01 2.274e+04
1.607e-01 2.248e+04
1.596e-01 2.258e+04
1.597e-01 2.252e+04
1.593e-01 2.261e+04
1.602e-01 2.252e+04
1.596e-01 2.256e+04
1.599e-01 2.248e+04
1.607e-01 2.243e+04
1.603e-01 2.251e+04
1.604e-01 2.251e+04
1.601e-01 2.250e+04
1.596e-01 2.260e+04
1.595e-01 2.249e+04
1.602e-01 2.256e+04
1.606e-01 2.247e+04
1.605e-01 2.245e+04
1.609e-01 2.242e+04
1.592e-01 2.254e+04
1.614e-01 2.232e+04
1.610e-01 2.248e+04
1.607e-01 2.234e+04
1.600e-01 2.250e+04
1.598e-01 2.266e+04
1.599e-01 2.247e+04
1.599e-01 2.242e+04
1.610e-01 2.240e+04
1.602e-01 2.257e+04
1.601e-01 2.250e+04
1.597e-01 2.259e+04
1.601e-01 2.254e+04
1.601e-01 2.263e+04
1.613e-01 2.235e+04
1.597e-01 2.253e+04
1.597e-01 2.259e+04
1.601e-01 2.251e+04
1.616e-01 2.235e+04
1.593e-01 2.250e+04
1.602e-01 2.254e+04
1.598e-01 2.259e+04
1.602e-01 2.256e+04
1.615e-01 2.240e+04
1.611e-01 2.237e+04
1.605e-01 2.250e+04
1.584e-01 2.266e+04
1.587e-01 2.267e+04
1.601e-01 2.257e+04
1.609e-01 2.242e+04
1.598e-01 2.261e+04
1.605e-01 2.251e+04
1.601e-01 2.254e+04
1.599e-01 2.249e+04
1.603e-01 2.259e+04
1.602e-01 2.243e+04
1.605e-01 2.253e+04
1.615e-01 2.232e+04
1.592e-01 2.266e+04
1.612e-01 2.237e+04
1.595e-01 2.258e+04
1.599e-01 2.255e+04
1.607e-01 2.256e+04
1.596e-01 2.261e+04
1.596e-01 2.255e+04
1.607e-01 2.252e+04
1.607e-01 2.250e+04
1.582e-01 2.279e+04
1.603e-01 2.250e+04
1.593e-01 2.259e+04
1.592e-01 2.267e+04
1.591e-01 2.257e+04
1.606e-01 2.238e+04
1.595e-01 2.261e+04
1.603e-01 2.249e+04
1.601e-01 2.252e+04
1.593e-01 2.269e+04
1.599e-01 2.263e+04
1.595e-01 2.267e+04
1.591e-01 2.270e+04
1.604e-01 2.245e+04
1.597e-01 2.256e+04
1.591e-01 2.261e+04
1.591e-01 2.269e+04
1.598e-01 2.261e+04
1.590e-01 2.274e+04
1.595e-01 2.267e+04
1.604e-01 2.247e+04
1.606e-01 2.245e+04
1.614e-01 2.240e+04
1.610e-01 2.248e+04
1.595e-01 2.263e+04
1.599e-01 2.251e+04
1.603e-01 2.251e+04
1.606e-01 2.241e+04
1.593e-01 2.261e+04
1.611e-01 2.238e+04
1.596e-01 2.251e+04
1.617e-01 2.222e+04
1.592e-01 2.263e+04
1.597e-01 2.259e+04
1.595e-01 2.258e+04
1.594e-01 2.264e+04
1.603e-01 2.242e+04
1.606e-01 2.243e+04
1.606e-01 2.244e+04
1.601e-01 2.260e+04
1.594e-01 2.257e+04
1.594e-01 2.260e+04
1.610e-01 2.242e+04
1.608e-01 2.235e+04
1.594e-01 2.258e+04
1.595e-01 2.251e+04
1.602e-01 2.255e+04
1.613e-01 2.241e+04
1.600e-01 2.249e+04
1.610e-01 2.238e+04
1.604e-01 2.250e+04
1.605e-01 2.246e+04
1.592e-01 2.264e+04
1.593e-01 2.269e+04
1.594e-01 2.259e+04
1.595e-01 2.263e+04
1.600e-01 2.258e+04
1.598e-01 2.253e+04
1.603e-01 2.245e+04
1.604e-01 2.236e+04
1.593e-01 2.256e+04
1.594e-01 2.248e+04
1.597e-01 2.259e+04
1.606e-01 2.255e+04
1.592e-01 2.270e+04
1.584e-01 2.266e+04
1.594e-01 2.265e+04
1.594e-01 2.261e+04
1.597e-01 2.255e+04
1.594e-01 2.261e+04
1.602e-01 2.258e+04
1.592e-01 2.259e+04
1.604e-01 2.248e+04
1.587e-01 2.267e+04
1.608e-01 2.241e+04
1.590e-01 2.262e+04
1.594e-01 2.262e+04
1.597e-01 2.267e+04
1.599e-01 2.253e+04
1.595e-01 2.253e+04
1.601e-01 2.246e+04
1.593e-01 2.253e+04
1.596e-01 2.250e+04
1.591e-01 2.260e+04
1.608e-01 2.251e+04
1.602e-01 2.248e+04
1.594e-01 2.256e+04
1.592e-01 2.258e+04
1.604e-01 2.249e+04
1.596e-01 2.268e+04
1.605e-01 2.249e+04
1.596e-01 2.258e+04
1.584e-01 2.273e+04
1.611e-01 2.241e+04
1.613e-01 2.237e+04
1.595e-01 2.251e+04
1.598e-01 2.260e+04
1.590e-01 2.259e+04
1.589e-01 2.274e+04
1.598e-01 2.255e+04
1.598e-01 2.248e+04
1.605e-01 2.254e+04
1.610e-01 2.246e+04
1.600e-01 2.245e+04
1.601e-01 2.253e+04
1.585e-01 2.274e+04
1.596e-01 2.263e+04
1.607e-01 2.237e+04
1.600e-01 2.245e+04
1.596e-01 2.266e+04
1.594e-01 2.264e+04
1.604e-01 2.251e+04
1.596e-01 2.259e+04
1.589e-01 2.270e+04
1.599e-01 2.254e+04
1.596e-01 2.261e+04
1.599e-01 2.259e+04
1.595e-01 2.262e+04
1.593e-01 2.269e+04
1.593e-01 2.268e+04
1.592e-01 2.259e+04
1.602e-01 2.244e+04
1.569e-01 2.302e+04
1.606e-01 2.245e+04
1.603e-01 2.250e+04
1.612e-01 2.234e+04
1.591e-01 2.251e+04
1.600e-01 2.251e+04
1.612e-01 2.247e+04
1.593e-01 2.254e+04
1.600e-01 2.254e+04
1.602e-01 2.245e+04
1.600e-01 2.245e+04
1.585e-01 2.280e+04
1.591e-01 2.267e+04
1.608e-01 2.248e+04
1.590e-01 2.260e+04
1.610e-01 2.240e+04
1.596e-01 2.265e+04
1.602e-01 2.260e+04
1.598e-01 2.255e+04
1.592e-01 2.261e+04
1.590e-01 2.259e+04
1.609e-01 2.248e+04
1.604e-01 2.252e+04
1.604e-01 2.242e+04
1.606e-01 2.250e+04
1.580e-01 2.281e+04
1.591e-01 2.272e+04
1.606e-01 2.239e+04
1.589e-01 2.271e+04
1.595e-01 2.265e+04
1.602e-01 2.248e+04
1.598e-01 2.250e+04
1.614e-01 2.225e+04
1.594e-01 2.247e+04
1.596e-01 2.261e+04
1.595e-01 2.266e+04
1.603e-01 2.248e+04
1.588e-01 2.276e+04
1.612e-01 2.239e+04
1.592e-01 2.263e+04
1.595e-01 2.263e+04
1.604e-01 2.247e+04
1.598e-01 2.253e+04
1.600e-01 2.258e+04
1.598e-01 2.255e+04
1.596e-01 2.265e+04
1.593e-01 2.265e+04
1.589e-01 2.275e+04
1.593e-01 2.263e+04
1.596e-01 2.260e+04
1.600e-01 2.249e+04
1.609e-01 2.243e+04
1.604e-01 2.255e+04
1.599e-01 2.242e+04
1.593e-01 2.264e+04
1.591e-01 2.276e+04
1.604e-01 2.248e+04
1.594e-01 2.255e+04
1.608e-01 2.242e+04
1.588e-01 2.267e+04
1.597e-01 2.256e+04
1.599e-01 2.255e+04
1.604e-01 2.257e+04
1.605e-01 2.252e+04
1.601e-01 2.252e+04
1.598e-01 2.245e+04
1.617e-01 2.236e+04
1.606e-01 2.246e+04
1.601e-01 2.246e+04
1.597e-01 2.256e+04
1.591e-01 2.264e+04
1.594e-01 2.252e+04
1.591e-01 2.269e+04
1.601e-01 2.261e+04
1.599e-01 2.252e+04
1.599e-01 2.254e+04
1.610e-01 2.244e+04
1.597e-01 2.260e+04
1.616e-01 2.241e+04
1.591e-01 2.263e+04
1.594e-01 2.263e+04
1.591e-01 2.261e+04
1.595e-01 2.261e+04
1.601e-01 2.259e+04
1.612e-01 2.237e+04
1.607e-01 2.245e+04
1.600e-01 2.251e+04
1.603e-01 2.241e+04
1.600e-01 2.244e+04
1.618e-01 2.223e+04
1.599e-01 2.246e+04
1.595e-01 2.264e+04
1.607e-01 2.243e+04
1.609e-01 2.240e+04
1.597e-01 2.261e+04
1.603e-01 2.256e+04
1.601e-01 2.249e+04
1.601e-01 2.256e+04
1.610e-01 2.250e+04
1.593e-01 2.259e+04
1.584e-01 2.279e+04
1.605e-01 2.246e+04
1.606e-01 2.258e+04
1.594e-01 2.267e+04
1.607e-01 2.244e+04
1.597e-01 2.263e+04
1.604e-01 2.256e+04
1.608e-01 2.239e+04
1.604e-01 2.251e+04
1.585e-01 2.268e+04
1.595e-01 2.262e+04
1.600e-01 2.254e+04
1.600e-01 2.260e+04
1.599e-01 2.253e+04
1.599e-01 2.264e+04
1.598e-01 2.254e+04
1.598e-01 2.256e+04
1.598e-01 2.261e+04
1.603e-01 2.252e+04
1.592e-01 2.254e+04
1.601e-01 2.257e+04
1.605e-01 2.250e+04
1.597e-01 2.261e+04
1.605e-01 2.235e+04
1.611e-01 2.243e+04
1.614e-01 2.243e+04
1.601e-01 2.250e+04
1.603e-01 2.252e+04
1.605e-01 2.241e+04
1.595e-01 2.266e+04
1.586e-01 2.268e+04
1.595e-01 2.250e+04
1.606e-01 2.245e+04
1.605e-01 2.245e+04
1.606e-01 2.249e+04
1.595e-01 2.261e+04
1.620e-01 2.232e+04
1.596e-01 2.261e+04
1.593e-01 2.272e+04
1.596e-01 2.265e+04
1.605e-01 2.242e+04
1.607e-01 2.251e+04
1.604e-01 2.249e+04
1.600e-01 2.266e+04
1.593e-01 2.273e+04
1.602e-01 2.248e+04
1.611e-01 2.244e+04
1.596e-01 2.250e+04
1.597e-01 2.250e+04
1.599e-01 2.257e+04
1.608e-01 2.245e+04
1.593e-01 2.265e+04
1.593e-01 2.255e+04
1.594e-01 2.271e+04
1.597e-01 2.249e+04
1.601e-01 2.247e+04
1.602e-01 2.255e+04
1.583e-01 2.270e+04
1.599e-01 2.256e+04
1.611e-01 2.243e+04
1.599e-01 2.250e+04
1.589e-01 2.266e+04
1.598e-01 2.265e+04
1.591e-01 2.258e+04
1.604e-01 2.249e+04
1.592e-01 2.270e+04
1.604e-01 2.249e+04
1.597e-01 2.258e+04
1.602e-01 2.257e+04
1.603e-01 2.243e+04
1.599e-01 2.261e+04
1.602e-01 2.251e+04
1.599e-01 2.260e+04
1.601e-01 2.251e+04
1.576e-01 2.284e+04
1.599e-01 2.249e+04
1.606e-01 2.243e+04
1.607e-01 2.242e+04
1.606e-01 2.254e+04
1.595e-01 2.259e+04
1.598e-01 2.254e+04
1.597e-01 2.258e+04
1.596e-01 2.267e+04
1.602e-01 2.258e+04
1.601e-01 2.258e+04
1.604e-01 2.241e+04
1.599e-01 2.255e+04
1.598e-01 2.257e+04
1.605e-01 2.254e+04
1.593e-01 2.261e+04
1.600e-01 2.259e+04
1.599e-01 2.250e+04
1.598e-01 2.261e+04
1.614e-01 2.235e+04
1.606e-01 2.246e+04
1.596e-01 2.256e+04
1.602e-01 2.244e+04
1.600e-01 2.246e+04
1.589e-01 2.259e+04
1.598e-01 2.260e+04
1.598e-01 2.253e+04
1.601e-01 2.247e+04
1.611e-01 2.241e+04
1.596e-01 2.257e+04
1.592e-01 2.260e+04
1.595e-01 2.256e+04
1.601e-01 2.258e+04
1.603e-01 2.247e+04
1.593e-01 2.263e+04
1.612e-01 2.244e+04
1.596e-01 2.260e+04
1.587e-01 2.268e+04
1.597e-01 2.266e+04
1.583e-01 2.285e+04
1.614e-01 2.229e+04
1.593e-01 2.258e+04
1.597e-01 2.245e+04
1.612e-01 2.247e+04
1.606e-01 2.242e+04
1.592e-01 2.277e+04
1.586e-01 2.270e+04
1.594e-01 2.269e+04
1.593e-01 2.262e+04
1.599e-01 2.252e+04
1.591e-01 2.263e+04
1.603e-01 2.257e+04
1.588e-01 2.259e+04
1.607e-01 2.241e+04
1.595e-01 2.261e+04
1.586e-01 2.263e+04
1.583e-01 2.269e+04
1.601e-01 2.255e+04
1.590e-01 2.266e+04
1.588e-01 2.266e+04
1.601e-01 2.251e+04
1.600e-01 2.252e+04
1.612e-01 2.236e+04
1.612e-01 2.247e+04
1.607e-01 2.254e+04
1.592e-01 2.267e+04
1.603e-01 2.244e+04
1.605e-01 2.258e+04
1.614e-01 2.229e+04
1.600e-01 2.255e+04
1.593e-01 2.255e+04
1.604e-01 2.254e+04
1.611e-01 2.234e+04
1.594e-01 2.260e+04
1.597e-01 2.253e+04
1.605e-01 2.246e+04
1.596e-01 2.260e+04
1.604e-01 2.248e+04
1.602e-01 2.261e+04
1.601e-01 2.256e+04
1.605e-01 2.242e+04
1.598e-01 2.259e+04
1.592e-01 2.262e+04
1.612e-01 2.238e+04
1.602e-01 2.258e+04
1.606e-01 2.246e+04
1.615e-01 2.242e+04
1.608e-01 2.236e+04
1.608e-01 2.242e+04
1.603e-01 2.255e+04
1.593e-01 2.264e+04
1.617e-01 2.232e+04
1.590e-01 2.259e+04
1.597e-01 2.256e+04
1.603e-01 2.247e+04
1.607e-01 2.239e+04
1.587e-01 2.270e+04
1.603e-01 2.247e+04
1.609e-01 2.242e+04
1.594e-01 2.262e+04
1.597e-01 2.247e+04
1.605e-01 2.250e+04
1.597e-01 2.263e+04
1.591e-01 2.266e+04
1.590e-01 2.264e+04
1.599e-01 2.258e+04
1.608e-01 2.243e+04
1.607e-01 2.248e+04
1.588e-01 2.272e+04
1.606e-01 2.232e+04
1.594e-01 2.263e+04
1.594e-01 2.264e+04
1.584e-01 2.273e+04
1.597e-01 2.259e+04
1.614e-01 2.231e+04
1.608e-01 2.250e+04
1.600e-01 2.257e+04
1.602e-01 2.245e+04
1.592e-01 2.262e+04
1.591e-01 2.260e+04
1.598e-01 2.248e+04
1.593e-01 2.265e+04
1.600e-01 2.255e+04
1.600e-01 2.252e+04
1.598e-01 2.253e+04
1.596e-01 2.271e+04
1.608e-01 2.250e+04
1.587e-01 2.269e+04
1.614e-01 2.232e+04
1.602e-01 2.256e+04
1.602e-01 2.248e+04
1.590e-01 2.271e+04
1.602e-01 2.247e+04
1.611e-01 2.235e+04
1.595e-01 2.255e+04
1.597e-01 2.245e+04
1.601e-01 2.252e+04
1.597e-01 2.258e+04
1.590e-01 2.262e+04
1.602e-01 2.246e+04
1.597e-01 2.256e+04
1.590e-01 2.262e+04
1.598e-01 2.243e+04
1.595e-01 2.254e+04
1.606e-01 2.252e+04
1.589e-01 2.263e+04
1.595e-01 2.261e+04
1.597e-01 2.265e+04
1.590e-01 2.262e+04
1.594e-01 2.265e+04
1.603e-01 2.255e+04
1.606e-01 2.241e+04
1.608e-01 2.241e+04
1.607e-01 2.257e+04
1.595e-01 2.257e+04
1.605e-01 2.247e+04
1.582e-01 2.278e+04
1.593e-01 2.265e+04
1.597e-01 2.251e+04
1.595e-01 2.259e+04
1.590e-01 2.267e+04
1.609e-01 2.244e+04
1.609e-01 2.243e+04
1.597e-01 2.257e+04
1.589e-01 2.266e+04
1.601e-01 2.249e+04
1.598e-01 2.259e+04
1.594e-01 2.270e+04
1.591e-01 2.263e+04
1.594e-01 2.261e+04
1.608e-01 2.232e+04
1.588e-01 2.270e+04
1.603e-01 2.253e+04
1.587e-01 2.268e+04
1.608e-01 2.240e+04
1.591e-01 2.266e+04
1.600e-01 2.251e+04
1.593e-01 2.267e+04
1.613e-01 2.235e+04
1.604e-01 2.248e+04
1.595e-01 2.264e+04
1.598e-01 2.247e+04
1.605e-01 2.247e+04
1.596e-01 2.253e+04
1.609e-01 2.253e+04
1.596e-01 2.252e+04
1.601e-01 2.245e+04
1.586e-01 2.267e+04
1.600e-01 2.260e+04
1.594e-01 2.260e+04
1.588e-01 2.280e+04
1.605e-01 2.245e+04
1.598e-01 2.258e+04
1.591e-01 2.269e+04
1.604e-01 2.250e+04
1.593e-01 2.270e+04
1.590e-01 2.254e+04
1.594e-01 2.256e+04
1.586e-01 2.262e+04
1.597e-01 2.262e+04
1.608e-01 2.249e+04
1.601e-01 2.250e+04
1.610e-01 2.238e+04
1.597e-01 2.255e+04
1.596e-01 2.263e+04
1.594e-01 2.280e+04
1.606e-01 2.243e+04
1.598e-01 2.260e+04
1.595e-01 2.257e+04
1.602e-01 2.254e+04
1.591e-01 2.263e+04
1.602e-01 2.240e+04
1.599e-01 2.258e+04
1.614e-01 2.237e+04
1.598e-01 2.253e+04
1.604e-01 2.230e+04
1.605e-01 2.262e+04
1.591e-01 2.268e+04
1.605e-01 2.254e+04
1.603e-01 2.251e+04
1.607e-01 2.244e+04
1.600e-01 2.250e+04
1.597e-01 2.256e+04
1.609e-01 2.240e+04
1.601e-01 2.254e+04
1.589e-01 2.279e+04
1.607e-01 2.250e+04
1.603e-01 2.255e+04
1.597e-01 2.255e+04
1.590e-01 2.249e+04
1.609e-01 2.231e+04
1.592e-01 2.266e+04
1.601e-01 2.249e+04
1.602e-01 2.254e+04
1.600e-01 2.257e+04
1.606e-01 2.237e+04
1.597e-01 2.256e+04
1.599e-01 2.256e+04
1.593e-01 2.268e+04
1.600e-01 2.254e+04
1.599e-01 2.262e+04
1.597e-01 2.248e+04
1.596e-01 2.257e+04
1.604e-01 2.246e+04
1.609e-01 2.247e+04
1.608e-01 2.244e+04
1.586e-01 2.263e+04
1.603e-01 2.253e+04
1.583e-01 2.267e+04
1.597e-01 2.261e+04
1.608e-01 2.244e+04
1.605e-01 2.242e+04
1.599e-01 2.253e+04
1.598e-01 2.250e+04
1.601e-01 2.244e+04
1.603e-01 2.253e+04
1.594e-01 2.262e+04
1.607e-01 2.248e+04
1.607e-01 2.236e+04
1.590e-01 2.269e+04
1.600e-01 2.256e+04
1.598e-01 2.254e+04
1.608e-01 2.243e+04
1.604e-01 2.243e+04
1.604e-01 2.242e+04
1.612e-01 2.255e+04
1.588e-01 2.267e+04
1.608e-01 2.239e+04
1.601e-01 2.256e+04
1.595e-01 2.270e+04
1.600e-01 2.252e+04
1.596e-01 2.259e+04
1.595e-01 2.264e+04
1.594e-01 2.252e+04
1.598e-01 2.256e+04
1.593e-01 2.262e+04
1.599e-01 2.259e+04
1.604e-01 2.251e+04
1.596e-01 2.254e+04
1.590e-01 2.266e+04
1.591e-01 2.259e+04
1.608e-01 2.244e+04
1.592e-01 2.271e+04
1.598e-01 2.257e+04
1.601e-01 2.237e+04
1.601e-01 2.250e+04
1.605e-01 2.248e+04
1.593e-01 2.257e+04
1.597e-01 2.256e+04
1.587e-01 2.270e+04
1.597e-01 2.259e+04
1.603e-01 2.252e+04
1.607e-01 2.253e+04
1.583e-01 2.258e+04
1.597e-01 2.258e+04
1.595e-01 2.252e+04
1.594e-01 2.270e+04
1.600e-01 2.252e+04
1.604e-01 2.250e+04
1.610e-01 2.250e+04
1.596e-01 2.258e+04
1.605e-01 2.251e+04
1.602e-01 2.249e+04
1.606e-01 2.239e+04
1.600e-01 2.249e+04
1.607e-01 2.245e+04
1.596e-01 2.272e+04
1.592e-01 2.252e+04
1.598e-01 2.266e+04
1.598e-01 2.266e+04
1.603e-01 2.255e+04
1.599e-01 2.248e+04
1.608e-01 2.246e+04
1.589e-01 2.267e+04
1.615e-01 2.230e+04
1.600e-01 2.252e+04
1.598e-01 2.257e+04
1.602e-01 2.256e+04
1.604e-01 2.251e+04
1.594e-01 2.259e+04
1.607e-01 2.254e+04
1.602e-01 2.240e+04
1.601e-01 2.246e+04
1.600e-01 2.253e+04
1.603e-01 2.245e+04
1.600e-01 2.250e+04
1.601e-01 2.262e+04
1.604e-01 2.257e+04
1.612e-01 2.231e+04
1.602e-01 2.250e+04
1.602e-01 2.243e+04
1.589e-01 2.261e+04
1.605e-01 2.256e+04
1.605e-01 2.254e+04
1.591e-01 2.280e+04
1.594e-01 2.256e+04
1.602e-01 2.248e+04
1.594e-01 2.255e+04
1.606e-01 2.246e+04
1.596e-01 2.259e+04
1.587e-01 2.270e+04
1.603e-01 2.239e+04
1.600e-01 2.251e+04
1.606e-01 2.251e+04
1.591e-01 2.264e+04
1.593e-01 2.254e+04
1.606e-01 2.248e+04
1.615e-01 2.229e+04
1.587e-01 2.272e+04
1.601e-01 2.254e+04
1.604e-01 2.247e+04
1.596e-01 2.260e+04
1.602e-01 2.245e+04
1.601e-01 2.247e+04
1.601e-01 2.247e+04
1.598e-01 2.266e+04
1.599e-01 2.262e+04
1.598e-01 2.252e+04
1.592e-01 2.272e+04
1.611e-01 2.244e+04
1.606e-01 2.250e+04
1.595e-01 2.251e+04
1.598e-01 2.254e+04
1.597e-01 2.264e+04
1.594e-01 2.264e+04
1.604e-01 2.246e+04
1.596e-01 2.269e+04
1.596e-01 2.244e+04
1.588e-01 2.278e+04
1.591e-01 2.260e+04
1.592e-01 2.273e+04
1.600e-01 2.262e+04
1.609e-01 2.239e+04
1.598e-01 2.256e+04
1.600e-01 2.255e+04
1.607e-01 2.250e+04
1.590e-01 2.259e+04
1.606e-01 2.245e+04
1.603e-01 2.250e+04
1.607e-01 2.250e+04
1.593e-01 2.266e+04
1.601e-01 2.259e+04
1.596e-01 2.254e+04
1.597e-01 2.260e+04
1.600e-01 2.249e+04
1.590e-01 2.272e+04
1.603e-01 2.245e+04
1.596e-01 2.258e+04
1.589e-01 2.251e+04
1.590e-01 2.257e+04
1.608e-01 2.248e+04
1.594e-01 2.263e+04
1.600e-01 2.258e+04
1.596e-01 2.263e+04
1.589e-01 2.266e+04
1.602e-01 2.246e+04
1.591e-01 2.264e+04
1.602e-01 2.242e+04
1.598e-01 2.264e+04
1.607e-01 2.249e+04
1.602e-01 2.258e+04
1.610e-01 2.251e+04
1.613e-01 2.240e+04
1.621e-01 2.228e+04
1.601e-01 2.250e+04
1.605e-01 2.242e+04
1.602e-01 2.236e+04
1.597e-01 2.262e+04
1.601e-01 2.251e+04
1.615e-01 2.234e+04
1.589e-01 2.263e+04
1.606e-01 2.247e+04
1.596e-01 2.256e+04
1.600e-01 2.262e+04
1.611e-01 2.233e+04
1.607e-01 2.238e+04
1.598e-01 2.250e+04
1.603e-01 2.253e+04
1.611e-01 2.248e+04
1.612e-01 2.233e+04
1.609e-01 2.238e+04
1.596e-01 2.258e+04
1.595e-01 2.258e+04
1.605e-01 2.253e+04
1.592e-01 2.269e+04
1.595e-01 2.265e+04
1.605e-01 2.250e+04
1.604e-01 2.245e+04
1.607e-01 2.248e+04
1.594e-01 2.261e+04
1.595e-01 2.263e+04
1.615e-01 2.240e+04
1.603e-01 2.259e+04
1.589e-01 2.262e+04
1.608e-01 2.239e+04
1.599e-01 2.257e+04
1.605e-01 2.254e+04
1.591e-01 2.267e+04
1.590e-01 2.271e+04
1.612e-01 2.250e+04
1.594e-01 2.261e+04
1.604e-01 2.250e+04
1.595e-01 2.253e+04
1.598e-01 2.249e+04
1.596e-01 2.263e+04
1.591e-01 2.266e+04
1.602e-01 2.256e+04
1.605e-01 2.242e+04
1.611e-01 2.229e+04
1.595e-01 2.255e+04
1.604e-01 2.250e+04
1.603e-01 2.257e+04
1.618e-01 2.225e+04
1.593e-01 2.263e+04
1.602e-01 2.247e+04
1.593e-01 2.260e+04
1.600e-01 2.261e+04
1.605e-01 2.246e+04
1.595e-01 2.257e+04
1.603e-01 2.263e+04
1.597e-01 2.259e+04
1.596e-01 2.257e+04
1.597e-01 2.250e+04
1.596e-01 2.266e+04
1.588e-01 2.267e+04
1.602e-01 2.245e+04
1.596e-01 2.261e+04
1.591e-01 2.281e+04
1.603e-01 2.244e+04
1.605e-01 2.235e+04
1.597e-01 2.249e+04
1.604e-01 2.245e+04
1.608e-01 2.246e+04
1.611e-01 2.245e+04
1.589e-01 2.265e+04
1.595e-01 2.245e+04
1.607e-01 2.237e+04
1.594e-01 2.260e+04
1.601e-01 2.250e+04
1.603e-01 2.254e+04
1.608e-01 2.241e+04
1.604e-01 2.245e+04
1.581e-01 2.284e+04
1.598e-01 2.256e+04
1.586e-01 2.266e+04
1.601e-01 2.253e+04
1.598e-01 2.252e+04
1.595e-01 2.265e+04
1.604e-01 2.256e+04
1.596e-01 2.260e+04
1.591e-01 2.262e+04
1.594e-01 2.260e+04
1.599e-01 2.251e+04
1.602e-01 2.239e+04
1.590e-01 2.267e+04
1.600e-01 2.246e+04
1.595e-01 2.258e+04
1.608e-01 2.244e+04
1.601e-01 2.248e+04
1.595e-01 2.271e+04
1.593e-01 2.261e+04
1.588e-01 2.272e+04
1.601e-01 2.252e+04
1.608e-01 2.243e+04
1.588e-01 2.264e+04
1.603e-01 2.255e+04
1.601e-01 2.251e+04
1.591e-01 2.261e+04
1.605e-01 2.249e+04
1.602e-01 2.256e+04
1.602e-01 2.260e+04
1.597e-01 2.269e+04
1.594e-01 2.259e+04
1.609e-01 2.249e+04
1.613e-01 2.236e+04
1.605e-01 2.251e+04
1.603e-01 2.262e+04
1.611e-01 2.246e+04
1.595e-01 2.263e+04
1.607e-01 2.254e+04
1.601e-01 2.259e+04
1.604e-01 2.249e+04
1.606e-01 2.245e+04
1.600e-01 2.257e+04
1.590e-01 2.258e+04
1.608e-01 2.241e+04
1.603e-01 2.253e+04
1.597e-01 2.261e+04
1.597e-01 2.268e+04
1.593e-01 2.261e+04
1.596e-01 2.257e+04
1.607e-01 2.246e+04
1.601e-01 2.249e+04
1.602e-01 2.255e+04
1.600e-01 2.249e+04
1.606e-01 2.254e+04
1.596e-01 2.256e+04
1.595e-01 2.257e+04
1.601e-01 2.259e+04
1.601e-01 2.252e+04
1.605e-01 2.251e+04
1.599e-01 2.255e+04
1.603e-01 2.248e+04
1.590e-01 2.262e+04
1.599e-01 2.257e+04
1.591e-01 2.265e+04
1.599e-01 2.257e+04
1.609e-01 2.243e+04
1.594e-01 2.255e+04
1.597e-01 2.272e+04
1.610e-01 2.242e+04
1.586e-01 2.267e+04
1.591e-01 2.259e+04
1.602e-01 2.248e+04
1.599e-01 2.248e+04
1.605e-01 2.256e+04
1.602e-01 2.241e+04
1.605e-01 2.243e+04
1.606e-01 2.241e+04
1.596e-01 2.261e+04
1.600e-01 2.256e+04
1.592e-01 2.262e+04
1.594e-01 2.260e+04
1.591e-01 2.265e+04
1.588e-01 2.266e+04
1.614e-01 2.243e+04
1.605e-01 2.251e+04
1.607e-01 2.234e+04
1.602e-01 2.247e+04
1.595e-01 2.255e+04
1.588e-01 2.267e+04
1.601e-01 2.251e+04
1.613e-01 2.236e+04
1.602e-01 2.242e+04
1.599e-01 2.251e+04
1.596e-01 2.258e+04
1.601e-01 2.253e+04
1.598e-01 2.253e+04
1.599e-01 2.259e+04
1.602e-01 2.256e+04
1.611e-01 2.243e+04
1.610e-01 2.245e+04
1.594e-01 2.255e+04
1.605e-01 2.245e+04
1.612e-01 2.244e+04
1.588e-01 2.267e+04
1.598e-01 2.258e+04
1.595e-01 2.260e+04
1.593e-01 2.269e+04
1.596e-01 2.255e+04
1.610e-01 2.242e+04
1.591e-01 2.259e+04
1.606e-01 2.249e+04
1.593e-01 2.264e+04
1.602e-01 2.250e+04
1.600e-01 2.265e+04
1.608e-01 2.244e+04
1.590e-01 2.266e+04
1.605e-01 2.253e+04
1.585e-01 2.274e+04
1.601e-01 2.251e+04
1.604e-01 2.255e+04
1.602e-01 2.247e+04
1.599e-01 2.255e+04
1.596e-01 2.252e+04
1.585e-01 2.272e+04
1.603e-01 2.257e+04
1.600e-01 2.251e+04
1.591e-01 2.269e+04
1.607e-01 2.240e+04
1.603e-01 2.254e+04
1.596e-01 2.254e+04
1.593e-01 2.268e+04
1.589e-01 2.266e+04
1.605e-01 2.256e+04
1.602e-01 2.246e+04
1.598e-01 2.245e+04
1.606e-01 2.242e+04
1.607e-01 2.245e+04
1.597e-01 2.254e+04
1.619e-01 2.236e+04
1.595e-01 2.262e+04
1.611e-01 2.247e+04
1.604e-01 2.242e+04
1.599e-01 2.248e+04
1.594e-01 2.257e+04
1.598e-01 2.253e+04
1.596e-01 2.264e+04
1.594e-01 2.268e+04
1.589e-01 2.272e+04
1.606e-01 2.245e+04
1.593e-01 2.267e+04
1.585e-01 2.275e+04
1.585e-01 2.264e+04
1.589e-01 2.264e+04
1.604e-01 2.245e+04
1.597e-01 2.262e+04
1.602e-01 2.258e+04
1.586e-01 2.274e+04
1.603e-01 2.254e+04
1.601e-01 2.255e+04
1.596e-01 2.255e+04
1.603e-01 2.244e+04
1.598e-01 2.256e+04
1.600e-01 2.248e+04
1.598e-01 2.258e+04
1.603e-01 2.240e+04
1.595e-01 2.263e+04
1.612e-01 2.236e+04
1.599e-01 2.249e+04
1.606e-01 2.254e+04
1.607e-01 2.242e+04
1.618e-01 2.231e+04
1.593e-01 2.266e+04
1.609e-01 2.249e+04
1.612e-01 2.240e+04
1.599e-01 2.264e+04
1.596e-01 2.265e+04
1.605e-01 2.254e+04
1.605e-01 2.247e+04
1.592e-01 2.271e+04
1.610e-01 2.242e+04
1.599e-01 2.261e+04
1.604e-01 2.260e+04
1.585e-01 2.271e+04
1.601e-01 2.255e+04
1.606e-01 2.250e+04
1.598e-01 2.243e+04
1.604e-01 2.252e+04
1.602e-01 2.249e+04
1.605e-01 2.254e+04
1.606e-01 2.252e+04
1.603e-01 2.258e+04
1.610e-01 2.240e+04
1.591e-01 2.268e+04
1.600e-01 2.250e+04
1.604e-01 2.250e+04
1.611e-01 2.244e+04
1.599e-01 2.256e+04
1.603e-01 2.245e+04
1.594e-01 2.266e+04
1.610e-01 2.244e+04
1.600e-01 2.257e+04
1.591e-01 2.267e+04
1.606e-01 2.248e+04
1.591e-01 2.268e+04
1.586e-01 2.260e+04
1.595e-01 2.262e+04
1.593e-01 2.261e+04
1.610e-01 2.250e+04
1.608e-01 2.245e+04
1.601e-01 2.249e+04
1.596e-01 2.255e+04
1.609e-01 2.240e+04
1.599e-01 2.247e+04
1.599e-01 2.255e+04
1.600e-01 2.244e+04
1.603e-01 2.263e+04
1.587e-01 2.267e+04
1.608e-01 2.241e+04
1.602e-01 2.259e+04
1.590e-01 2.259e+04
1.608e-01 2.250e+04
1.601e-01 2.265e+04
1.600e-01 2.252e+04
1.596e-01 2.255e+04
1.616e-01 2.233e+04
1.597e-01 2.256e+04
1.603e-01 2.245e+04
1.597e-01 2.261e+04
1.592e-01 2.256e+04
1.589e-01 2.269e+04
1.606e-01 2.244e+04
1.594e-01 2.260e+04
1.604e-01 2.248e+04
1.605e-01 2.249e+04
1.592e-01 2.264e+04
1.603e-01 2.252e+04
1.598e-01 2.250e+04
1.596e-01 2.256e+04
1.605e-01 2.248e+04
1.590e-01 2.262e+04
1.616e-01 2.237e+04
1.601e-01 2.253e+04
1.595e-01 2.264e+04
1.601e-01 2.250e+04
1.610e-01 2.246e+04
1.594e-01 2.260e+04
1.594e-01 2.250e+04
1.606e-01 2.248e+04
1.592e-01 2.268e+04
1.605e-01 2.243e+04
1.604e-01 2.254e+04
1.617e-01 2.240e+04
1.596e-01 2.253e+04
1.599e-01 2.251e+04
1.594e-01 2.260e+04
1.612e-01 2.243e+04
1.596e-01 2.260e+04
1.602e-01 2.257e+04
1.590e-01 2.270e+04
1.606e-01 2.251e+04
1.595e-01 2.271e+04
1.605e-01 2.254e+04
1.585e-01 2.271e+04
1.603e-01 2.255e+04
1.603e-01 2.259e+04
1.597e-01 2.262e+04
1.601e-01 2.254e+04
1.598e-01 2.255e+04
1.600e-01 2.252e+04
1.596e-01 2.267e+04
1.614e-01 2.245e+04
1.581e-01 2.279e+04
1.603e-01 2.246e+04
1.589e-01 2.270e+04
1.611e-01 2.246e+04
1.589e-01 2.266e+04
1.587e-01 2.264e+04
1.603e-01 2.250e+04
1.585e-01 2.271e+04
1.607e-01 2.239e+04
1.593e-01 2.268e+04
1.592e-01 2.254e+04
1.600e-01 2.251e+04
1.596e-01 2.253e+04
1.607e-01 2.247e+04
1.592e-01 2.260e+04
1.602e-01 2.254e+04
1.598e-01 2.267e+04
1.601e-01 2.251e+04
1.596e-01 2.265e+04
1.601e-01 2.245e+04
1.603e-01 2.245e+04
1.618e-01 2.241e+04
1.607e-01 2.242e+04
1.589e-01 2.267e+04
1.599e-01 2.256e+04
1.593e-01 2.258e+04
1.599e-01 2.257e+04
1.601e-01 2.255e+04
1.602e-01 2.245e+04
1.592e-01 2.254e+04
1.602e-01 2.239e+04
1.595e-01 2.258e+04
1.595e-01 2.262e+04
1.604e-01 2.247e+04
1.597e-01 2.260e+04
1.601e-01 2.245e+04
1.599e-01 2.250e+04
1.608e-01 2.250e+04
1.592e-01 2.277e+04
1.614e-01 2.240e+04
1.606e-01 2.248e+04
1.616e-01 2.236e+04
1.601e-01 2.247e+04
1.607e-01 2.246e+04
1.597e-01 2.264e+04
1.581e-01 2.264e+04
1.595e-01 2.258e+04
1.607e-01 2.238e+04
1.600e-01 2.258e+04
1.603e-01 2.244e+04
1.598e-01 2.254e+04
1.595e-01 2.262e+04
1.598e-01 2.257e+04
1.597e-01 2.249e+04
1.607e-01 2.232e+04
1.598e-01 2.249e+04
1.588e-01 2.263e+04
1.593e-01 2.265e+04
1.598e-01 2.253e+04
1.601e-01 2.246e+04
1.603e-01 2.245e+04
1.604e-01 2.250e+04
1.595e-01 2.266e+04
1.593e-01 2.264e+04
1.598e-01 2.255e+04
1.590e-01 2.265e+04
1.606e-01 2.249e+04
1.612e-01 2.239e+04
1.600e-01 2.243e+04
1.601e-01 2.252e+04
1.606e-01 2.248e+04
1.608e-01 2.240e+04
1.606e-01 2.246e+04
1.598e-01 2.258e+04
1.592e-01 2.258e+04
1.607e-01 2.237e+04
1.611e-01 2.241e+04
1.598e-01 2.260e+04
1.602e-01 2.254e+04
1.595e-01 2.269e+04
1.604e-01 2.251e+04
1.587e-01 2.276e+04
1.611e-01 2.233e+04
1.590e-01 2.264e+04
1.604e-01 2.251e+04
1.613e-01 2.242e+04
1.596e-01 2.259e+04
1.597e-01 2.246e+04
1.598e-01 2.252e+04
1.604e-01 2.251e+04
1.602e-01 2.253e+04
1.619e-01 2.228e+04
1.594e-01 2.262e+04
1.594e-01 2.260e+04
1.595e-01 2.259e+04
1.590e-01 2.257e+04
1.599e-01 2.255e+04
1.598e-01 2.253e+04
1.596e-01 2.265e+04
1.594e-01 2.256e+04
1.594e-01 2.260e+04
1.602e-01 2.254e+04
1.600e-01 2.259e+04
1.601e-01 2.261e+04
1.602e-01 2.255e+04
1.591e-01 2.266e+04
1.595e-01 2.263e+04
1.600e-01 2.255e+04
1.600e-01 2.255e+04
1.603e-01 2.248e+04
1.596e-01 2.251e+04
1.601e-01 2.249e+04
1.612e-01 2.237e+04
1.595e-01 2.254e+04
1.613e-01 2.234e+04
1.596e-01 2.259e+04
1.599e-01 2.258e+04
1.603e-01 2.246e+04
1.605e-01 2.245e+04
1.598e-01 2.249e+04
1.602e-01 2.248e+04
1.617e-01 2.242e+04
1.607e-01 2.239e+04
1.617e-01 2.234e+04
1.608e-01 2.244e+04
1.598e-01 2.268e+04
1.600e-01 2.265e+04
1.604e-01 2.250e+04
1.601e-01 2.256e+04
1.613e-01 2.238e+04
1.602e-01 2.250e+04
1.595e-01 2.258e+04
1.601e-01 2.248e+04
1.604e-01 2.249e+04
1.596e-01 2.260e+04
1.605e-01 2.245e+04
1.601e-01 2.249e+04
1.600e-01 2.248e+04
1.595e-01 2.260e+04
1.607e-01 2.252e+04
1.596e-01 2.252e+04
1.603e-01 2.251e+04
1.611e-01 2.243e+04
1.580e-01 2.272e+04
1.593e-01 2.260e+04
1.593e-01 2.263e+04
1.606e-01 2.246e+04
1.603e-01 2.252e+04
1.580e-01 2.279e+04
1.597e-01 2.253e+04
1.605e-01 2.238e+04
1.595e-01 2.256e+04
1.603e-01 2.256e+04
1.590e-01 2.265e+04
1.594e-01 2.259e+04
1.612e-01 2.239e+04
1.599e-01 2.246e+04
1.604e-01 2.258e+04
1.596e-01 2.273e+04
1.584e-01 2.267e+04
1.599e-01 2.259e+04
1.603e-01 2.242e+04
1.584e-01 2.277e+04
1.600e-01 2.253e+04
1.602e-01 2.254e+04
1.595e-01 2.268e+04
1.600e-01 2.262e+04
1.594e-01 2.250e+04
1.591e-01 2.264e+04
1.602e-01 2.258e+04
1.591e-01 2.274e+04
1.611e-01 2.230e+04
1.606e-01 2.256e+04
1.602e-01 2.249e+04
1.591e-01 2.268e+04
1.606e-01 2.231e+04
1.606e-01 2.252e+04
1.597e-01 2.256e+04
1.607e-01 2.241e+04
1.596e-01 2.254e+04
1.598e-01 2.254e+04
1.589e-01 2.268e+04
1.602e-01 2.248e+04
1.595e-01 2.268e+04
1.589e-01 2.270e+04
1.599e-01 2.256e+04
1.600e-01 2.250e+04
1.593e-01 2.267e+04
1.599e-01 2.248e+04
1.609e-01 2.235e+04
1.600e-01 2.262e+04
1.601e-01 2.258e+04
1.594e-01 2.257e+04
1.602e-01 2.250e+04
1.603e-01 2.262e+04
1.613e-01 2.240e+04
1.590e-01 2.268e+04
1.587e-01 2.274e+04
1.592e-01 2.259e+04
1.595e-01 2.249e+04
1.591e-01 2.259e+04
1.604e-01 2.248e+04
1.595e-01 2.262e+04
1.601e-01 2.249e+04
1.607e-01 2.249e+04
1.602e-01 2.245e+04
1.592e-01 2.254e+04
1.600e-01 2.255e+04
1.600e-01 2.258e+04
1.593e-01 2.254e+04
1.595e-01 2.257e+04
1.597e-01 2.255e+04
1.600e-01 2.253e+04
1.606e-01 2.251e+04
1.597e-01 2.253e+04
1.599e-01 2.250e+04
1.607e-01 2.247e+04
1.601e-01 2.258e+04
1.585e-01 2.269e+04
1.606e-01 2.243e+04
1.599e-01 2.258e+04
1.593e-01 2.256e+04
1.603e-01 2.242e+04
1.587e-01 2.276e+04
1.607e-01 2.263e+04
1.583e-01 2.278e+04
1.590e-01 2.273e+04
1.598e-01 2.263e+04
1.599e-01 2.253e+04
1.612e-01 2.246e+04
1.601e-01 2.256e+04
1.599e-01 2.259e+04
1.601e-01 2.251e+04
1.610e-01 2.248e+04
1.602e-01 2.252e+04
1.603e-01 2.245e+04
1.599e-01 2.252e+04
1.595e-01 2.267e+04
1.581e-01 2.276e+04
1.616e-01 2.237e+04
1.602e-01 2.257e+04
1.603e-01 2.252e+04
1.595e-01 2.254e+04
1.597e-01 2.265e+04
1.596e-01 2.266e+04
1.592e-01 2.254e+04
1.621e-01 2.229e+04
1.588e-01 2.269e+04
1.593e-01 2.270e+04
1.590e-01 2.265e+04
1.593e-01 2.262e+04
1.598e-01 2.260e+04
1.605e-01 2.239e+04
1.589e-01 2.270e+04
1.602e-01 2.250e+04
1.589e-01 2.262e+04
1.607e-01 2.241e+04
1.605e-01 2.251e+04
1.602e-01 2.252e+04
1.612e-01 2.246e+04
1.595e-01 2.260e+04
1.594e-01 2.262e+04
1.604e-01 2.250e+04
1.589e-01 2.271e+04
1.599e-01 2.245e+04
1.584e-01 2.275e+04
1.592e-01 2.265e+04
1.596e-01 2.259e+04
1.602e-01 2.248e+04
1.593e-01 2.271e+04
1.592e-01 2.267e+04
1.619e-01 2.228e+04
1.607e-01 2.248e+04
1.593e-01 2.264e+04
1.600e-01 2.255e+04
1.593e-01 2.261e+04
1.607e-01 2.247e+04
1.600e-01 2.259e+04
1.603e-01 2.250e+04
1.603e-01 2.250e+04
1.607e-01 2.248e+04
1.605e-01 2.257e+04
1.596e-01 2.262e+04
1.610e-01 2.252e+04
1.601e-01 2.249e+04
1.597e-01 2.247e+04
1.604e-01 2.236e+04
1.598e-01 2.259e+04
1.606e-01 2.252e+04
1.601e-01 2.251e+04
1.607e-01 2.234e+04
1.589e-01 2.267e+04
1.611e-01 2.243e+04
1.597e-01 2.259e+04
1.596e-01 2.263e+04
1.599e-01 2.265e+04
1.600e-01 2.263e+04
1.590e-01 2.261e+04
1.602e-01 2.255e+04
1.604e-01 2.254e+04
1.590e-01 2.258e+04
1.599e-01 2.263e+04
1.593e-01 2.255e+04
1.609e-01 2.240e+04
1.598e-01 2.253e+04
1.603e-01 2.248e+04
1.604e-01 2.254e+04
1.598e-01 2.242e+04
1.595e-01 2.254e+04
1.609e-01 2.237e+04
1.604e-01 2.235e+04
1.600e-01 2.263e+04
1.587e-01 2.262e+04
1.606e-01 2.239e+04
1.605e-01 2.249e+04
1.596e-01 2.263e+04
1.591e-01 2.271e+04
1.604e-01 2.254e+04
1.586e-01 2.266e+04
1.604e-01 2.249e+04
1.606e-01 2.245e+04
1.597e-01 2.259e+04
1.605e-01 2.262e+04
1.599e-01 2.257e+04
1.599e-01 2.262e+04
1.605e-01 2.243e+04
1.591e-01 2.268e+04
1.605e-01 2.243e+04
1.611e-01 2.239e+04
1.592e-01 2.264e+04
1.602e-01 2.257e+04
1.599e-01 2.265e+04
1.600e-01 2.250e+04
1.595e-01 2.265e+04
1.591e-01 2.260e+04
1.593e-01 2.267e+04
1.594e-01 2.260e+04
1.605e-01 2.243e+04
1.598e-01 2.256e+04
1.596e-01 2.245e+04
1.605e-01 2.246e+04
1.614e-01 2.236e+04
1.605e-01 2.242e+04
1.592e-01 2.253e+04
1.595e-01 2.259e+04
1.606e-01 2.248e+04
1.598e-01 2.256e+04
1.600e-01 2.245e+04
1.597e-01 2.257e+04
1.592e-01 2.266e+04
1.594e-01 2.252e+04
1.602e-01 2.266e+04
1.616e-01 2.231e+04
1.600e-01 2.247e+04
1.596e-01 2.263e+04
1.615e-01 2.245e+04
1.615e-01 2.239e+04
1.592e-01 2.266e+04
1.582e-01 2.271e+04
1.603e-01 2.240e+04
1.604e-01 2.248e+04
1.606e-01 2.248e+04
1.595e-01 2.259e+04
1.596e-01 2.256e+04
1.609e-01 2.236e+04
1.598e-01 2.250e+04
1.595e-01 2.257e+04
1.605e-01 2.239e+04
1.603e-01 2.241e+04
1.599e-01 2.264e+04
1.593e-01 2.253e+04
1.590e-01 2.270e+04
1.607e-01 2.242e+04
1.594e-01 2.256e+04
1.613e-01 2.235e+04
1.598e-01 2.265e+04
1.603e-01 2.252e+04
1.588e-01 2.274e+04
1.599e-01 2.246e+04
1.595e-01 2.259e+04
1.613e-01 2.239e+04
1.605e-01 2.250e+04
1.600e-01 2.258e+04
1.588e-01 2.280e+04
1.608e-01 2.244e+04
1.596e-01 2.260e+04
1.600e-01 2.245e+04
1.589e-01 2.263e+04
1.603e-01 2.247e+04
1.612e-01 2.238e+04
1.608e-01 2.256e+04
1.615e-01 2.246e+04
1.604e-01 2.245e+04
1.590e-01 2.264e+04
1.604e-01 2.246e+04
1.599e-01 2.258e+04
1.604e-01 2.248e+04
1.608e-01 2.251e+04
1.608e-01 2.247e+04
1.589e-01 2.272e+04
1.607e-01 2.242e+04
1.591e-01 2.267e+04
1.595e-01 2.257e+04
1.597e-01 2.259e+04
1.612e-01 2.246e+04
1.601e-01 2.252e+04
1.599e-01 2.255e+04
1.601e-01 2.253e+04
1.589e-01 2.256e+04
1.604e-01 2.245e+04
1.609e-01 2.247e+04
1.589e-01 2.265e+04
1.601e-01 2.254e+04
1.589e-01 2.269e+04
1.611e-01 2.242e+04
1.597e-01 2.257e+04
1.599e-01 2.247e+04
1.591e-01 2.270e+04
1.594e-01 2.258e+04
1.599e-01 2.249e+04
1.605e-01 2.254e+04
1.594e-01 2.265e+04
1.598e-01 2.256e+04
1.588e-01 2.270e+04
1.593e-01 2.262e+04
1.594e-01 2.260e+04
1.602e-01 2.249e+04
1.593e-01 2.267e+04
1.611e-01 2.251e+04
1.592e-01 2.259e+04
1.604e-01 2.253e+04
1.602e-01 2.259e+04
1.592e-01 2.262e+04
1.605e-01 2.255e+04
1.600e-01 2.255e+04
1.605e-01 2.250e+04
1.602e-01 2.245e+04
1.600e-01 2.252e+04
1.597e-01 2.255e+04
1.583e-01 2.268e+04
1.597e-01 2.256e+04
1.587e-01 2.263e+04
1.594e-01 2.263e+04
1.605e-01 2.253e+04
1.606e-01 2.250e+04
1.597e-01 2.256e+04
1.599e-01 2.253e+04
1.602e-01 2.248e+04
1.598e-01 2.263e+04
1.600e-01 2.240e+04
1.601e-01 2.244e+04
1.602e-01 2.246e+04
1.598e-01 2.251e+04
1.602e-01 2.261e+04
1.600e-01 2.255e+04
1.607e-01 2.236e+04
1.595e-01 2.260e+04
1.587e-01 2.263e+04
1.622e-01 2.227e+04
1.590e-01 2.257e+04
1.598e-01 2.252e+04
1.592e-01 2.265e+04
1.619e-01 2.240e+04
1.598e-01 2.256e+04
1.598e-01 2.250e+04
1.613e-01 2.233e+04
1.616e-01 2.239e+04
1.605e-01 2.252e+04
1.601e-01 2.248e+04
1.607e-01 2.246e+04
1.591e-01 2.265e+04
1.601e-01 2.255e+04
1.600e-01 2.252e+04
1.607e-01 2.252e+04
1.611e-01 2.242e+04
1.591e-01 2.267e+04
1.603e-01 2.256e+04
1.603e-01 2.246e+04
1.609e-01 2.241e+04
1.597e-01 2.256e+04
1.593e-01 2.265e+04
1.606e-01 2.242e+04
1.603e-01 2.253e+04
1.604e-01 2.245e+04
1.596e-01 2.258e+04
1.600e-01 2.255e+04
1.596e-01 2.250e+04
1.612e-01 2.241e+04
1.593e-01 2.249e+04
1.595e-01 2.258e+04
1.593e-01 2.259e+04
1.600e-01 2.249e+04
1.588e-01 2.271e+04
1.590e-01 2.270e+04
1.603e-01 2.240e+04
1.598e-01 2.255e+04
1.611e-01 2.242e+04
1.615e-01 2.232e+04
1.585e-01 2.268e+04
1.594e-01 2.258e+04
1.594e-01 2.254e+04
1.594e-01 2.256e+04
1.601e-01 2.257e+04
1.620e-01 2.228e+04
1.603e-01 2.257e+04
1.599e-01 2.265e+04
1.598e-01 2.253e+04
1.600e-01 2.257e+04
1.606e-01 2.244e+04
1.585e-01 2.268e+04
1.597e-01 2.250e+04
1.608e-01 2.248e+04
1.593e-01 2.256e+04
1.595e-01 2.256e+04
1.593e-01 2.254e+04
1.598e-01 2.251e+04
1.606e-01 2.254e+04
1.598e-01 2.260e+04
1.600e-01 2.248e+04
1.613e-01 2.243e+04
1.589e-01 2.266e+04
1.608e-01 2.245e+04
1.613e-01 2.239e+04
1.586e-01 2.273e+04
1.594e-01 2.252e+04
1.597e-01 2.263e+04
1.595e-01 2.259e+04
1.598e-01 2.261e+04
1.601e-01 2.249e+04
1.607e-01 2.249e+04
1.610e-01 2.237e+04
1.604e-01 2.252e+04
1.592e-01 2.251e+04
1.600e-01 2.254e+04
1.599e-01 2.248e+04
1.593e-01 2.271e+04
1.616e-01 2.240e+04
1.603e-01 2.257e+04
1.602e-01 2.248e+04
1.600e-01 2.255e+04
1.598e-01 2.258e+04
1.593e-01 2.265e+04
1.595e-01 2.273e+04
1.610e-01 2.239e+04
1.603e-01 2.248e+04
1.601e-01 2.260e+04
1.599e-01 2.256e+04
1.596e-01 2.252e+04
1.610e-01 2.245e+04
1.593e-01 2.259e+04
1.593e-01 2.261e+04
1.591e-01 2.261e+04
1.607e-01 2.245e+04
1.592e-01 2.258e+04
1.587e-01 2.264e+04
1.595e-01 2.247e+04
1.605e-01 2.244e+04
1.602e-01 2.250e+04
1.591e-01 2.265e+04
1.600e-01 2.257e+04
1.606e-01 2.249e+04
1.595e-01 2.260e+04
1.601e-01 2.244e+04
1.599e-01 2.253e+04
1.593e-01 2.253e+04
1.609e-01 2.239e+04
1.599e-01 2.255e+04
1.607e-01 2.254e+04
1.605e-01 2.251e+04
1.600e-01 2.253e+04
1.596e-01 2.261e+04
1.604e-01 2.236e+04
1.598e-01 2.259e+04
1.611e-01 2.237e+04
1.601e-01 2.251e+04
1.594e-01 2.271e+04
1.599e-01 2.257e+04
1.591e-01 2.259e+04
1.609e-01 2.239e+04
1.593e-01 2.263e+04
1.600e-01 2.256e+04
1.595e-01 2.255e+04
1.599e-01 2.258e+04
1.604e-01 2.250e+04
1.616e-01 2.231e+04
1.591e-01 2.267e+04
1.599e-01 2.252e+04
1.602e-01 2.247e+04
1.610e-01 2.246e+04
1.608e-01 2.239e+04
1.592e-01 2.267e+04
1.601e-01 2.261e+04
1.607e-01 2.241e+04
1.596e-01 2.254e+04
1.604e-01 2.261e+04
1.608e-01 2.253e+04
1.599e-01 2.252e+04
1.605e-01 2.247e+04
1.607e-01 2.248e+04
1.605e-01 2.241e+04
1.600e-01 2.253e+04
1.610e-01 2.242e+04
1.591e-01 2.273e+04
1.595e-01 2.268e+04
1.600e-01 2.251e+04
1.618e-01 2.230e+04
1.607e-01 2.248e+04
1.593e-01 2.260e+04
1.591e-01 2.258e+04
1.595e-01 2.252e+04
1.603e-01 2.250e+04
1.596e-01 2.253e+04
1.604e-01 2.242e+04
1.599e-01 2.267e+04
1.599e-01 2.263e+04
1.594e-01 2.266e+04
1.597e-01 2.259e+04
1.611e-01 2.251e+04
1.612e-01 2.234e+04
1.597e-01 2.256e+04
1.598e-01 2.255e+04
1.611e-01 2.240e+04
1.590e-01 2.263e+04
1.605e-01 2.254e+04
1.611e-01 2.240e+04
1.590e-01 2.266e+04
1.601e-01 2.255e+04
1.600e-01 2.249e+04
1.614e-01 2.235e+04
1.614e-01 2.248e+04
1.594e-01 2.259e+04
1.592e-01 2.274e+04
1.614e-01 2.235e+04
1.602e-01 2.253e+04
1.601e-01 2.248e+04
1.611e-01 2.246e+04
1.593e-01 2.264e+04
1.595e-01 2.254e+04
1.602e-01 2.255e+04
1.600e-01 2.246e+04
1.591e-01 2.265e+04
1.604e-01 2.244e+04
1.605e-01 2.245e+04
1.589e-01 2.261e+04
1.600e-01 2.263e+04
1.602e-01 2.253e+04
1.602e-01 2.250e+04
1.597e-01 2.256e+04
1.620e-01 2.227e+04
1.602e-01 2.255e+04
1.585e-01 2.270e+04
1.595e-01 2.267e+04
1.589e-01 2.270e+04
1.595e-01 2.252e+04
1.602e-01 2.258e+04
1.605e-01 2.246e+04
1.610e-01 2.243e+04
1.601e-01 2.254e+04
1.599e-01 2.252e+04
1.612e-01 2.224e+04
1.595e-01 2.261e+04
1.597e-01 2.255e+04
1.599e-01 2.267e+04
1.606e-01 2.247e+04
1.603e-01 2.247e+04
1.585e-01 2.256e+04
1.601e-01 2.256e+04
1.601e-01 2.257e+04
1.605e-01 2.248e+04
1.607e-01 2.245e+04
1.609e-01 2.246e+04
1.610e-01 2.241e+04
1.594e-01 2.266e+04
1.596e-01 2.262e+04
1.591e-01 2.263e+04
1.597e-01 2.259e+04
1.606e-01 2.237e+04
1.607e-01 2.249e+04
1.583e-01 2.282e+04
1.589e-01 2.262e+04
1.592e-01 2.263e+04
1.596e-01 2.258e+04
1.596e-01 2.267e+04
1.609e-01 2.244e+04
1.611e-01 2.251e+04
1.607e-01 2.250e+04
1.609e-01 2.239e+04
1.591e-01 2.274e+04
1.599e-01 2.258e+04
1.591e-01 2.268e+04
1.591e-01 2.255e+04
1.601e-01 2.257e+04
1.604e-01 2.261e+04
1.602e-01 2.256e+04
1.605e-01 2.243e+04
1.605e-01 2.252e+04
1.594e-01 2.266e+04
1.602e-01 2.245e+04
1.600e-01 2.243e+04
1.604e-01 2.246e+04
1.606e-01 2.244e+04
1.615e-01 2.236e+04
1.603e-01 2.253e+04
1.609e-01 2.239e+04
1.603e-01 2.249e+04
1.597e-01 2.257e+04
1.592e-01 2.257e+04
1.603e-01 2.256e+04
1.599e-01 2.253e+04
1.598e-01 2.267e+04
1.596e-01 2.259e+04
1.593e-01 2.271e+04
1.590e-01 2.262e+04
1.596e-01 2.267e+04
1.604e-01 2.252e+04
1.599e-01 2.249e+04
1.604e-01 2.241e+04
1.602e-01 2.248e+04
1.599e-01 2.249e+04
1.609e-01 2.239e+04
1.592e-01 2.259e+04
1.601e-01 2.238e+04
1.588e-01 2.271e+04
1.604e-01 2.252e+04
1.590e-01 2.268e+04
1.606e-01 2.250e+04
1.596e-01 2.251e+04
1.592e-01 2.263e+04
1.603e-01 2.252e+04
1.608e-01 2.239e+04
1.593e-01 2.254e+04
1.586e-01 2.271e+04
1.599e-01 2.255e+04
1.605e-01 2.248e+04
1.601e-01 2.248e+04
1.591e-01 2.261e+04
1.588e-01 2.280e+04
1.593e-01 2.260e+04
1.601e-01 2.244e+04
1.590e-01 2.268e+04
1.595e-01 2.250e+04
1.600e-01 2.264e+04
1.604e-01 2.259e+04
1.607e-01 2.242e+04
1.589e-01 2.256e+04
1.596e-01 2.262e+04
1.602e-01 2.254e+04
1.598e-01 2.254e+04
1.608e-01 2.251e+04
1.607e-01 2.248e+04
1.598e-01 2.250e+04
1.600e-01 2.254e+04
1.609e-01 2.236e+04
1.592e-01 2.251e+04
1.602e-01 2.251e+04
1.599e-01 2.248e+04
1.599e-01 2.252e+04
1.597e-01 2.254e+04
1.599e-01 2.259e+04
1.596e-01 2.252e+04
1.593e-01 2.260e+04
1.602e-01 2.258e+04
1.596e-01 2.256e+04
1.597e-01 2.249e+04
1.603e-01 2.251e+04
1.604e-01 2.249e+04
1.588e-01 2.264e+04
1.600e-01 2.252e+04
1.601e-01 2.249e+04
1.592e-01 2.275e+04
1.588e-01 2.277e+04
1.606e-01 2.239e+04
1.599e-01 2.255e+04
1.605e-01 2.245e+04
1.597e-01 2.258e+04
1.599e-01 2.251e+04
1.593e-01 2.263e+04
1.589e-01 2.261e+04
1.607e-01 2.246e+04
1.594e-01 2.260e+04
1.585e-01 2.273e+04
1.592e-01 2.251e+04
1.608e-01 2.243e+04
1.597e-01 2.254e+04
1.608e-01 2.248e+04
1.607e-01 2.244e+04
1.593e-01 2.264e+04
1.598e-01 2.254e+04
1.595e-01 2.256e+04
1.606e-01 2.240e+04
1.594e-01 2.255e+04
1.597e-01 2.246e+04
1.598e-01 2.263e+04
1.594e-01 2.259e+04
1.599e-01 2.259e+04
1.598e-01 2.254e+04
1.603e-01 2.254e+04
1.588e-01 2.267e+04
1.603e-01 2.253e+04
1.603e-01 2.249e+04
1.601e-01 2.262e+04
1.604e-01 2.253e+04
1.594e-01 2.266e+04
1.607e-01 2.245e+04
1.598e-01 2.248e+04
1.601e-01 2.252e+04
1.590e-01 2.256e+04
1.594e-01 2.266e+04
1.598e-01 2.264e+04
1.599e-01 2.251e+04
1.600e-01 2.252e+04
1.598e-01 2.257e+04
1.598e-01 2.258e+04
1.603e-01 2.248e+04
1.603e-01 2.254e+04
1.599e-01 2.248e+04
1.598e-01 2.255e+04
1.612e-01 2.243e+04
1.600e-01 2.252e+04
1.599e-01 2.255e+04
1.612e-01 2.235e+04
1.587e-01 2.259e+04
1.596e-01 2.270e+04
1.595e-01 2.264e+04
1.616e-01 2.242e+04
1.601e-01 2.250e+04
1.605e-01 2.254e+04
1.594e-01 2.269e+04
1.590e-01 2.262e+04
1.578e-01 2.277e+04
1.598e-01 2.256e+04
1.598e-01 2.250e+04
1.598e-01 2.255e+04
1.589e-01 2.273e+04
1.591e-01 2.267e+04
1.591e-01 2.265e+04
1.593e-01 2.256e+04
1.601e-01 2.253e+04
1.596e-01 2.265e+04
1.596e-01 2.260e+04
1.598e-01 2.257e+04
1.595e-01 2.266e+04
1.591e-01 2.261e+04
1.605e-01 2.245e+04
1.614e-01 2.236e+04
1.600e-01 2.251e+04
1.608e-01 2.237e+04
1.602e-01 2.249e+04
1.600e-01 2.255e+04
1.591e-01 2.271e+04
1.599e-01 2.261e+04
1.605e-01 2.248e+04
1.611e-01 2.243e+04
1.597e-01 2.272e+04
1.611e-01 2.250e+04
1.606e-01 2.251e+04
1.593e-01 2.257e+04
1.594e-01 2.268e+04
1.581e-01 2.279e+04
1.598e-01 2.259e+04
1.596e-01 2.254e+04
1.592e-01 2.266e+04
1.601e-01 2.250e+04
1.600e-01 2.253e+04
1.595e-01 2.255e+04
1.588e-01 2.264e+04
1.593e-01 2.259e+04
1.587e-01 2.272e+04
1.615e-01 2.242e+04
1.608e-01 2.253e+04
1.600e-01 2.257e+04
1.606e-01 2.243e+04
1.595e-01 2.260e+04
1.602e-01 2.245e+04
1.608e-01 2.248e+04
1.587e-01 2.270e+04
1.604e-01 2.252e+04
1.605e-01 2.246e+04
1.594e-01 2.262e+04
1.597e-01 2.258e+04
1.588e-01 2.269e+04
1.593e-01 2.261e+04
1.610e-01 2.248e+04
1.591e-01 2.267e+04
1.602e-01 2.246e+04
1.608e-01 2.251e+04
1.608e-01 2.248e+04
1.603e-01 2.238e+04
1.607e-01 2.248e+04
1.599e-01 2.261e+04
1.588e-01 2.271e+04
1.603e-01 2.248e+04
1.606e-01 2.245e+04
1.594e-01 2.269e+04
1.605e-01 2.243e+04
1.592e-01 2.267e+04
1.593e-01 2.276e+04
1.600e-01 2.258e+04
1.611e-01 2.240e+04
1.607e-01 2.247e+04
1.593e-01 2.265e+04
1.609e-01 2.238e+04
1.608e-01 2.245e+04
1.606e-01 2.252e+04
1.593e-01 2.263e+04
1.602e-01 2.256e+04
1.593e-01 2.262e+04
1.602e-01 2.257e+04
1.594e-01 2.262e+04
1.592e-01 2.263e+04
1.612e-01 2.242e+04
1.598e-01 2.260e+04
1.592e-01 2.264e+04
1.598e-01 2.264e+04
1.597e-01 2.255e+04
1.595e-01 2.253e+04
1.607e-01 2.257e+04
1.592e-01 2.267e+04
1.596e-01 2.260e+04
1.602e-01 2.249e+04
1.609e-01 2.241e+04
1.596e-01 2.248e+04
1.600e-01 2.257e+04
1.598e-01 2.257e+04
1.596e-01 2.253e+04
1.594e-01 2.261e+04
1.600e-01 2.254e+04
1.594e-01 2.255e+04
1.594e-01 2.263e+04
1.604e-01 2.248e+04
1.602e-01 2.246e+04
1.597e-01 2.255e+04
1.601e-01 2.249e+04
1.610e-01 2.236e+04
1.590e-01 2.261e+04
1.599e-01 2.251e+04
1.611e-01 2.242e+04
1.602e-01 2.249e+04
1.612e-01 2.245e+04
1.594e-01 2.248e+04
1.610e-01 2.252e+04
1.600e-01 2.255e+04
1.595e-01 2.259e+04
1.598e-01 2.254e+04
1.610e-01 2.240e+04
1.596e-01 2.260e+04
1.592e-01 2.261e+04
1.596e-01 2.267e+04
1.611e-01 2.244e+04
1.599e-01 2.253e+04
1.605e-01 2.259e+04
1.608e-01 2.242e+04
1.615e-01 2.245e+04
1.599e-01 2.249e+04
1.602e-01 2.264e+04
1.602e-01 2.263e+04
1.607e-01 2.248e+04
1.595e-01 2.257e+04
1.598e-01 2.261e+04
1.595e-01 2.260e+04
1.609e-01 2.241e+04
1.593e-01 2.265e+04
1.587e-01 2.272e+04
1.603e-01 2.245e+04
1.603e-01 2.253e+04
1.596e-01 2.254e+04
1.595e-01 2.262e+04
1.603e-01 2.238e+04
1.601e-01 2.263e+04
1.603e-01 2.243e+04
1.609e-01 2.243e+04
1.595e-01 2.261e+04
1.601e-01 2.258e+04
1.602e-01 2.258e+04
1.613e-01 2.232e+04
1.607e-01 2.242e+04
1.600e-01 2.252e+04
1.601e-01 2.250e+04
1.601e-01 2.255e+04
1.604e-01 2.248e+04
1.598e-01 2.252e+04
1.599e-01 2.255e+04
1.600e-01 2.248e+04
1.594e-01 2.248e+04
1.583e-01 2.267e+04
1.602e-01 2.247e+04
1.592e-01 2.265e+04
1.604e-01 2.241e+04
1.604e-01 2.248e+04
1.616e-01 2.232e+04
1.594e-01 2.253e+04
1.599e-01 2.259e+04
1.602e-01 2.251e+04
1.587e-01 2.261e+04
1.591e-01 2.266e+04
1.606e-01 2.243e+04
1.589e-01 2.268e+04
1.602e-01 2.243e+04
1.586e-01 2.276e+04
1.592e-01 2.258e+04
1.594e-01 2.274e+04
1.602e-01 2.256e+04
1.600e-01 2.254e+04
1.592e-01 2.268e+04
1.604e-01 2.250e+04
1.606e-01 2.244e+04
1.587e-01 2.271e+04
1.605e-01 2.257e+04
1.598e-01 2.258e+04
1.589e-01 2.261e+04
1.598e-01 2.252e+04
1.592e-01 2.269e+04
1.601e-01 2.249e+04
1.610e-01 2.246e+04
1.591e-01 2.266e+04
1.593e-01 2.267e+04
1.596e-01 2.251e+04
1.599e-01 2.263e+04
1.597e-01 2.257e+04
1.599e-01 2.265e+04
1.595e-01 2.263e+04
1.594e-01 2.251e+04
1.596e-01 2.250e+04
1.594e-01 2.273e+04
1.595e-01 2.263e+04
1.587e-01 2.271e+04
1.595e-01 2.259e+04
1.590e-01 2.265e+04
1.592e-01 2.262e+04
1.594e-01 2.255e+04
1.593e-01 2.266e+04
1.588e-01 2.272e+04
1.607e-01 2.239e+04
1.600e-01 2.248e+04
1.598e-01 2.262e+04
1.604e-01 2.247e+04
1.601e-01 2.257e+04
1.599e-01 2.256e+04
1.601e-01 2.254e+04
1.596e-01 2.264e+04
1.590e-01 2.272e+04
1.595e-01 2.269e+04
1.592e-01 2.252e+04
1.607e-01 2.262e+04
1.590e-01 2.263e+04
1.618e-01 2.233e+04
1.588e-01 2.279e+04
1.599e-01 2.244e+04
1.589e-01 2.268e+04
1.600e-01 2.253e+04
1.590e-01 2.266e+04
1.598e-01 2.256e+04
1.593e-01 2.266e+04
1.593e-01 2.265e+04
1.591e-01 2.276e+04
1.602e-01 2.261e+04
1.590e-01 2.264e+04
1.601e-01 2.245e+04
1.594e-01 2.252e+04
1.602e-01 2.253e+04
1.601e-01 2.253e+04
1.603e-01 2.250e+04
1.607e-01 2.242e+04
1.593e-01 2.254e+04
1.604e-01 2.262e+04
1.608e-01 2.240e+04
1.613e-01 2.237e+04
1.613e-01 2.234e+04
1.589e-01 2.275e+04
1.610e-01 2.243e+04
1.609e-01 2.249e+04
1.596e-01 2.260e+04
1.602e-01 2.262e+04
1.600e-01 2.261e+04
1.600e-01 2.251e+04
1.621e-01 2.233e+04
1.592e-01 2.256e+04
1.604e-01 2.240e+04
1.608e-01 2.236e+04
1.602e-01 2.244e+04
1.592e-01 2.255e+04
1.605e-01 2.242e+04
1.601e-01 2.245e+04
1.594e-01 2.265e+04
1.597e-01 2.260e+04
1.590e-01 2.270e+04
1.598e-01 2.258e+04
1.596e-01 2.257e+04
1.592e-01 2.270e+04
1.587e-01 2.272e+04
1.604e-01 2.245e+04
1.598e-01 2.260e+04
1.610e-01 2.242e+04
1.599e-01 2.244e+04
1.599e-01 2.254e+04
1.605e-01 2.239e+04
1.594e-01 2.264e+04
1.604e-01 2.253e+04
1.612e-01 2.241e+04
1.600e-01 2.251e+04
1.593e-01 2.262e+04
1.597e-01 2.266e+04
1.608e-01 2.251e+04
1.602e-01 2.252e+04
1.591e-01 2.268e+04
1.591e-01 2.267e+04
1.613e-01 2.242e+04
1.600e-01 2.246e+04
1.596e-01 2.256e+04
1.581e-01 2.281e+04
1.610e-01 2.239e+04
1.590e-01 2.256e+04
1.600e-01 2.252e+04
1.599e-01 2.254e+04
1.594e-01 2.263e+04
1.604e-01 2.250e+04
1.598e-01 2.256e+04
1.593e-01 2.260e+04
1.611e-01 2.251e+04
1.586e-01 2.273e+04
1.591e-01 2.264e+04
1.596e-01 2.262e+04
1.595e-01 2.259e+04
1.594e-01 2.261e+04
1.601e-01 2.250e+04
1.610e-01 2.255e+04
1.608e-01 2.247e+04
1.589e-01 2.263e+04
1.592e-01 2.272e+04
1.595e-01 2.252e+04
1.595e-01 2.260e+04
1.609e-01 2.238e+04
1.595e-01 2.267e+04
1.606e-01 2.243e+04
1.599e-01 2.256e+04
1.604e-01 2.243e+04
1.602e-01 2.253e+04
1.591e-01 2.254e+04
1.593e-01 2.265e+04
1.602e-01 2.247e+04
1.592e-01 2.268e+04
1.592e-01 2.262e+04
1.589e-01 2.262e+04
1.607e-01 2.256e+04
1.613e-01 2.233e+04
1.613e-01 2.245e+04
1.600e-01 2.238e+04
1.601e-01 2.247e+04
1.604e-01 2.258e+04
1.601e-01 2.262e+04
1.605e-01 2.255e+04
1.586e-01 2.266e+04
1.609e-01 2.247e+04
1.601e-01 2.253e+04
1.590e-01 2.263e+04
1.593e-01 2.272e+04
1.606e-01 2.246e+04
1.596e-01 2.251e+04
1.613e-01 2.233e+04
1.597e-01 2.247e+04
1.607e-01 2.244e+04
1.596e-01 2.267e+04
1.590e-01 2.270e+04
1.589e-01 2.270e+04
1.604e-01 2.248e+04
1.616e-01 2.234e+04
1.598e-01 2.261e+04
1.621e-01 2.226e+04
1.584e-01 2.286e+04
1.603e-01 2.255e+04
1.587e-01 2.268e+04
1.595e-01 2.259e+04
1.590e-01 2.264e+04
1.614e-01 2.251e+04
1.600e-01 2.251e+04
1.597e-01 2.259e+04
1.601e-01 2.253e+04
1.592e-01 2.265e+04
1.611e-01 2.251e+04
1.598e-01 2.259e+04
1.597e-01 2.257e+04
1.591e-01 2.258e+04
1.594e-01 2.249e+04
1.609e-01 2.250e+04
1.589e-01 2.266e+04
1.589e-01 2.277e+04
1.592e-01 2.266e+04
1.596e-01 2.252e+04
1.607e-01 2.244e+04
1.590e-01 2.271e+04
1.597e-01 2.262e+04
1.594e-01 2.255e+04
1.596e-01 2.258e+04
1.604e-01 2.241e+04
1.601e-01 2.256e+04
1.595e-01 2.257e+04
1.611e-01 2.257e+04
1.595e-01 2.265e+04
1.609e-01 2.239e+04
1.597e-01 2.263e+04
1.594e-01 2.264e+04
1.582e-01 2.282e+04
1.613e-01 2.240e+04
1.604e-01 2.258e+04
1.615e-01 2.227e+04
1.593e-01 2.256e+04
1.599e-01 2.256e+04
1.600e-01 2.255e+04
1.602e-01 2.242e+04
1.596e-01 2.262e+04
1.596e-01 2.250e+04
1.604e-01 2.254e+04
1.603e-01 2.251e+04
1.615e-01 2.235e+04
1.597e-01 2.251e+04
1.594e-01 2.259e+04
1.596e-01 2.259e+04
1.609e-01 2.248e+04
1.598e-01 2.258e+04
1.594e-01 2.262e+04
1.619e-01 2.239e+04
1.600e-01 2.261e+04
1.593e-01 2.269e+04
1.597e-01 2.259e+04
1.605e-01 2.251e+04
1.621e-01 2.224e+04
1.594e-01 2.257e+04
1.597e-01 2.262e+04
1.603e-01 2.251e+04
1.590e-01 2.264e+04
1.602e-01 2.250e+04
1.595e-01 2.257e+04
1.616e-01 2.236e+04
1.597e-01 2.258e+04
1.616e-01 2.234e+04
1.589e-01 2.273e+04
1.604e-01 2.245e+04
1.611e-01 2.243e+04
1.588e-01 2.270e+04
1.609e-01 2.239e+04
1.596e-01 2.250e+04
1.602e-01 2.262e+04
1.602e-01 2.246e+04
1.597e-01 2.267e+04
1.602e-01 2.245e+04
1.596e-01 2.251e+04
1.601e-01 2.263e+04
1.600e-01 2.251e+04
1.613e-01 2.241e+04
1.621e-01 2.232e+04
1.593e-01 2.262e+04
1.595e-01 2.258e+04
1.593e-01 2.255e+04
1.609e-01 2.239e+04
1.583e-01 2.276e+04
1.596e-01 2.263e+04
1.585e-01 2.272e+04
1.589e-01 2.270e+04
1.590e-01 2.266e+04
1.593e-01 2.260e+04
1.614e-01 2.241e+04
1.593e-01 2.252e+04
1.608e-01 2.255e+04
1.598e-01 2.251e+04
1.610e-01 2.242e+04
1.606e-01 2.252e+04
1.600e-01 2.258e+04
1.596e-01 2.259e+04
1.606e-01 2.247e+04
1.595e-01 2.268e+04
1.617e-01 2.237e+04
1.607e-01 2.251e+04
1.604e-01 2.241e+04
1.596e-01 2.261e+04
1.584e-01 2.269e+04
1.596e-01 2.263e+04
1.609e-01 2.240e+04
1.596e-01 2.261e+04
1.604e-01 2.236e+04
1.600e-01 2.255e+04
1.611e-01 2.243e+04
1.595e-01 2.254e+04
1.601e-01 2.250e+04
1.599e-01 2.262e+04
1.584e-01 2.269e+04
1.592e-01 2.263e+04
1.596e-01 2.262e+04
1.605e-01 2.251e+04
1.606e-01 2.251e+04
1.602e-01 2.258e+04
1.600e-01 2.255e+04
1.604e-01 2.250e+04
1.600e-01 2.241e+04
1.600e-01 2.254e+04
1.604e-01 2.250e+04
1.593e-01 2.264e+04
1.599e-01 2.251e+04
1.588e-01 2.270e+04
1.597e-01 2.262e+04
1.595e-01 2.264e+04
1.602e-01 2.248e+04
1.602e-01 2.253e+04
1.612e-01 2.242e+04
1.600e-01 2.261e+04
1.604e-01 2.255e+04
1.601e-01 2.259e+04
1.604e-01 2.252e+04
1.602e-01 2.247e+04
1.581e-01 2.276e+04
1.594e-01 2.261e+04
1.598e-01 2.257e+04
1.597e-01 2.261e+04
1.596e-01 2.254e+04
1.596e-01 2.258e+04
1.588e-01 2.263e+04
1.599e-01 2.262e+04
1.599e-01 2.249e+04
1.604e-01 2.241e+04
1.604e-01 2.247e+04
1.595e-01 2.257e+04
1.595e-01 2.259e+04
1.594e-01 2.263e+04
1.599e-01 2.269e+04
1.613e-01 2.233e+04
1.590e-01 2.263e+04
1.608e-01 2.245e+04
1.605e-01 2.250e+04
1.598e-01 2.251e+04
1.603e-01 2.252e+04
1.595e-01 2.254e+04
1.607e-01 2.242e+04
1.603e-01 2.244e+04
1.598e-01 2.264e+04
1.592e-01 2.258e+04
1.587e-01 2.260e+04
1.594e-01 2.265e+04
1.597e-01 2.265e+04
1.596e-01 2.267e+04
1.605e-01 2.243e+04
1.602e-01 2.258e+04
1.608e-01 2.245e+04
1.607e-01 2.245e+04
1.610e-01 2.235e+04
1.601e-01 2.260e+04
1.583e-01 2.272e+04
1.593e-01 2.269e+04
1.605e-01 2.251e+04
1.591e-01 2.257e+04
1.592e-01 2.259e+04
1.610e-01 2.238e+04
1.596e-01 2.255e+04
1.610e-01 2.238e+04
1.595e-01 2.263e+04
1.602e-01 2.260e+04
1.595e-01 2.263e+04
1.598e-01 2.257e+04
1.596e-01 2.260e+04
1.595e-01 2.258e+04
1.601e-01 2.257e+04
1.598e-01 2.255e+04
1.599e-01 2.255e+04
1.593e-01 2.266e+04
1.592e-01 2.261e+04
1.599e-01 2.257e+04
1.599e-01 2.257e+04
1.609e-01 2.248e+04
1.605e-01 2.243e+04
1.603e-01 2.245e+04
1.597e-01 2.250e+04
1.603e-01 2.253e+04
1.601e-01 2.250e+04
1.599e-01 2.244e+04
1.592e-01 2.256e+04
1.594e-01 2.255e+04
1.589e-01 2.270e+04
1.593e-01 2.262e+04
1.593e-01 2.264e+04
1.605e-01 2.245e+04
1.609e-01 2.247e+04
1.594e-01 2.254e+04
1.603e-01 2.237e+04
1.602e-01 2.249e+04
1.595e-01 2.267e+04
1.595e-01 2.260e+04
1.603e-01 2.249e+04
1.601e-01 2.251e+04
1.611e-01 2.244e+04
1.607e-01 2.244e+04
1.598e-01 2.245e+04
1.597e-01 2.255e+04
1.597e-01 2.255e+04
1.608e-01 2.249e+04
1.593e-01 2.261e+04
1.605e-01 2.252e+04
1.599e-01 2.251e+04
1.611e-01 2.243e+04
1.603e-01 2.255e+04
1.600e-01 2.254e+04
1.591e-01 2.271e+04
1.604e-01 2.253e+04
1.610e-01 2.241e+04
1.628e-01 2.226e+04
1.608e-01 2.252e+04
1.594e-01 2.262e+04
1.595e-01 2.254e+04
1.588e-01 2.277e+04
1.615e-01 2.242e+04
1.605e-01 2.245e+04
1.597e-01 2.254e+04
1.608e-01 2.243e+04
1.609e-01 2.249e+04
1.602e-01 2.262e+04
1.604e-01 2.261e+04
1.605e-01 2.261e+04
1.587e-01 2.269e+04
1.605e-01 2.239e+04
1.605e-01 2.240e+04
1.595e-01 2.261e+04
1.584e-01 2.269e+04
1.603e-01 2.245e+04
1.589e-01 2.260e+04
1.586e-01 2.272e+04
1.602e-01 2.253e+04
1.593e-01 2.261e+04
1.594e-01 2.248e+04
1.604e-01 2.259e+04
1.607e-01 2.240e+04
1.607e-01 2.247e+04
1.585e-01 2.271e+04
1.590e-01 2.265e+04
1.599e-01 2.258e+04
1.604e-01 2.258e+04
1.596e-01 2.257e+04
1.596e-01 2.257e+04
1.590e-01 2.264e+04
1.609e-01 2.244e+04
1.604e-01 2.255e+04
1.590e-01 2.264e+04
1.607e-01 2.233e+04
1.614e-01 2.234e+04
1.618e-01 2.229e+04
1.615e-01 2.232e+04
1.597e-01 2.254e+04
1.594e-01 2.255e+04
1.590e-01 2.262e+04
1.601e-01 2.248e+04
1.600e-01 2.257e+04
1.595e-01 2.258e+04
1.585e-01 2.273e+04
1.610e-01 2.238e+04
1.602e-01 2.259e+04
1.617e-01 2.231e+04
1.600e-01 2.253e+04
1.607e-01 2.252e+04
1.600e-01 2.258e+04
1.598e-01 2.260e+04
1.610e-01 2.242e+04
1.623e-01 2.232e+04
1.608e-01 2.248e+04
1.597e-01 2.257e+04
1.605e-01 2.244e+04
1.599e-01 2.252e+04
1.598e-01 2.262e+04
1.586e-01 2.269e+04
1.606e-01 2.245e+04
1.601e-01 2.247e+04
1.594e-01 2.257e+04
1.604e-01 2.255e+04
1.603e-01 2.254e+04
1.602e-01 2.249e+04
1.601e-01 2.257e+04
1.608e-01 2.248e+04
1.598e-01 2.253e+04
1.598e-01 2.262e+04
1.599e-01 2.248e+04
1.594e-01 2.263e+04
1.618e-01 2.225e+04
1.596e-01 2.247e+04
1.602e-01 2.249e+04
1.600e-01 2.258e+04
1.605e-01 2.247e+04
1.605e-01 2.246e+04
1.578e-01 2.278e+04
1.610e-01 2.246e+04
1.602e-01 2.247e+04
1.603e-01 2.248e+04
1.604e-01 2.248e+04
1.597e-01 2.254e+04
1.592e-01 2.266e+04
1.604e-01 2.254e+04
1.602e-01 2.252e+04
1.592e-01 2.260e+04
1.606e-01 2.243e+04
1.592e-01 2.273e+04
1.595e-01 2.259e+04
1.585e-01 2.273e+04
1.592e-01 2.269e+04
1.600e-01 2.254e+04
1.603e-01 2.253e+04
1.605e-01 2.253e+04
1.593e-01 2.258e+04
1.598e-01 2.251e+04
1.601e-01 2.244e+04
1.602e-01 2.247e+04
1.607e-01 2.248e+04
1.595e-01 2.267e+04
1.617e-01 2.236e+04
1.601e-01 2.243e+04
1.602e-01 2.259e+04
1.608e-01 2.243e+04
1.599e-01 2.257e+04
1.586e-01 2.262e+04
1.606e-01 2.246e+04
1.611e-01 2.233e+04
1.606e-01 2.246e+04
1.600e-01 2.261e+04
1.596e-01 2.254e+04
1.593e-01 2.268e+04
1.607e-01 2.247e+04
1.590e-01 2.272e+04
1.603e-01 2.245e+04
1.607e-01 2.240e+04
1.604e-01 2.246e+04
1.585e-01 2.279e+04
1.596e-01 2.258e+04
1.597e-01 2.253e+04
1.596e-01 2.255e+04
1.597e-01 2.262e+04
1.597e-01 2.256e+04
1.613e-01 2.234e+04
1.594e-01 2.260e+04
1.603e-01 2.253e+04
1.596e-01 2.256e+04
1.601e-01 2.250e+04
1.602e-01 2.240e+04
1.609e-01 2.236e+04
1.594e-01 2.247e+04
1.615e-01 2.235e+04
1.594e-01 2.265e+04
1.583e-01 2.273e+04
1.607e-01 2.254e+04
1.595e-01 2.262e+04
1.596e-01 2.254e+04
1.594e-01 2.257e+04
1.605e-01 2.257e+04
1.597e-01 2.265e+04
1.615e-01 2.237e+04
1.604e-01 2.245e+04
1.601e-01 2.262e+04
1.608e-01 2.237e+04
1.603e-01 2.245e+04
1.598e-01 2.265e+04
1.605e-01 2.244e+04
1.594e-01 2.267e+04
1.605e-01 2.236e+04
1.589e-01 2.264e+04
1.604e-01 2.251e+04
1.592e-01 2.269e+04
1.600e-01 2.255e+04
1.588e-01 2.264e+04
1.604e-01 2.235e+04
1.599e-01 2.267e+04
1.604e-01 2.256e+04
1.598e-01 2.257e+04
1.600e-01 2.250e+04
1.594e-01 2.263e+04
1.613e-01 2.235e+04
1.599e-01 2.250e+04
1.596e-01 2.257e+04
1.592e-01 2.260e+04
1.587e-01 2.260e+04
1.594e-01 2.253e+04
1.604e-01 2.254e+04
1.595e-01 2.253e+04
1.605e-01 2.251e+04
1.596e-01 2.255e+04
1.590e-01 2.270e+04
1.600e-01 2.252e+04
1.584e-01 2.270e+04
1.599e-01 2.250e+04
1.614e-01 2.236e+04
1.600e-01 2.249e+04
1.607e-01 2.242e+04
1.606e-01 2.246e+04
1.600e-01 2.255e+04
1.606e-01 2.246e+04
1.586e-01 2.276e+04
1.609e-01 2.248e+04
1.599e-01 2.250e+04
1.602e-01 2.250e+04
1.604e-01 2.249e+04
1.589e-01 2.268e+04
1.595e-01 2.260e+04
1.598e-01 2.263e+04
1.589e-01 2.270e+04
1.604e-01 2.258e+04
1.585e-01 2.271e+04
1.594e-01 2.252e+04
1.596e-01 2.265e+04
1.607e-01 2.249e+04
1.604e-01 2.239e+04
1.605e-01 2.243e+04
1.586e-01 2.267e+04
1.609e-01 2.239e+04
1.610e-01 2.235e+04
1.592e-01 2.251e+04
1.611e-01 2.235e+04
1.606e-01 2.250e+04
1.599e-01 2.248e+04
1.609e-01 2.246e+04
1.591e-01 2.265e+04
1.608e-01 2.245e+04
1.598e-01 2.257e+04
1.604e-01 2.251e+04
1.602e-01 2.245e+04
1.600e-01 2.261e+04
1.609e-01 2.247e+04
1.607e-01 2.249e+04
1.597e-01 2.257e+04
1.594e-01 2.254e+04
1.604e-01 2.243e+04
1.605e-01 2.235e+04
1.596e-01 2.265e+04
1.591e-01 2.268e+04
1.603e-01 2.241e+04
1.613e-01 2.240e+04
1.606e-01 2.241e+04
1.591e-01 2.264e+04
1.604e-01 2.246e+04
1.607e-01 2.251e+04
1.608e-01 2.248e+04
1.589e-01 2.265e+04
1.595e-01 2.265e+04
1.603e-01 2.253e+04
1.599e-01 2.265e+04
1.591e-01 2.269e+04
1.593e-01 2.253e+04
1.599e-01 2.259e+04
1.593e-01 2.261e+04
1.598e-01 2.255e+04
1.606e-01 2.261e+04
1.598e-01 2.254e+04
1.600e-01 2.246e+04
1.608e-01 2.243e+04
1.607e-01 2.246e+04
1.603e-01 2.249e+04
1.601e-01 2.239e+04
1.590e-01 2.258e+04
1.608e-01 2.239e+04
1.599e-01 2.257e+04
1.600e-01 2.257e+04
1.588e-01 2.276e+04
1.603e-01 2.245e+04
1.600e-01 2.251e+04
1.604e-01 2.237e+04
1.601e-01 2.268e+04
1.599e-01 2.248e+04
1.603e-01 2.244e+04
1.604e-01 2.242e+04
1.601e-01 2.251e+04
1.599e-01 2.251e+04
1.601e-01 2.257e+04
1.597e-01 2.258e+04
1.585e-01 2.273e+04
1.601e-01 2.248e+04
1.603e-01 2.240e+04
1.606e-01 2.249e+04
1.611e-01 2.235e+04
1.591e-01 2.269e+04
1.593e-01 2.253e+04
1.604e-01 2.252e+04
1.597e-01 2.250e+04
1.595e-01 2.258e+04
1.609e-01 2.246e+04
1.596e-01 2.254e+04
1.596e-01 2.262e+04
1.598e-01 2.253e+04
1.608e-01 2.244e+04
1.603e-01 2.245e+04
1.608e-01 2.241e+04
1.590e-01 2.269e+04
1.601e-01 2.249e+04
1.595e-01 2.262e+04
1.604e-01 2.247e+04
1.598e-01 2.249e+04
1.581e-01 2.275e+04
1.597e-01 2.260e+04
1.600e-01 2.256e+04
1.607e-01 2.251e+04
1.600e-01 2.261e+04
1.606e-01 2.252e+04
1.599e-01 2.251e+04
1.593e-01 2.264e+04
1.604e-01 2.247e+04
1.605e-01 2.250e+04
1.604e-01 2.255e+04
1.590e-01 2.262e+04
1.592e-01 2.261e+04
1.600e-01 2.249e+04
1.592e-01 2.258e+04
1.597e-01 2.256e+04
1.598e-01 2.260e+04
1.600e-01 2.252e+04
1.603e-01 2.246e+04
1.604e-01 2.246e+04
1.606e-01 2.243e+04
1.593e-01 2.258e+04
1.590e-01 2.261e+04
1.609e-01 2.241e+04
1.601e-01 2.252e+04
1.608e-01 2.252e+04
1.595e-01 2.254e+04
1.614e-01 2.239e+04
1.607e-01 2.243e+04
1.587e-01 2.276e+04
1.597e-01 2.265e+04
1.595e-01 2.262e+04
1.597e-01 2.252e+04
1.594e-01 2.259e+04
1.600e-01 2.253e+04
1.591e-01 2.269e+04
1.605e-01 2.243e+04
1.599e-01 2.247e+04
1.587e-01 2.275e+04
1.597e-01 2.262e+04
1.600e-01 2.246e+04
1.595e-01 2.263e+04
1.602e-01 2.247e+04
1.610e-01 2.237e+04
1.591e-01 2.261e+04
1.590e-01 2.270e+04
1.590e-01 2.263e+04
1.603e-01 2.243e+04
1.621e-01 2.226e+04
1.598e-01 2.248e+04
1.612e-01 2.232e+04
1.603e-01 2.252e+04
1.600e-01 2.248e+04
1.599e-01 2.258e+04
1.590e-01 2.265e+04
1.599e-01 2.252e+04
1.592e-01 2.262e+04
1.598e-01 2.247e+04
1.593e-01 2.257e+04
1.617e-01 2.237e+04
1.614e-01 2.238e+04
1.592e-01 2.265e+04
1.617e-01 2.227e+04
1.605e-01 2.242e+04
1.603e-01 2.252e+04
1.584e-01 2.276e+04
1.615e-01 2.235e+04
1.599e-01 2.269e+04
1.605e-01 2.248e+04
1.603e-01 2.254e+04
1.594e-01 2.264e+04
1.597e-01 2.251e+04
1.599e-01 2.261e+04
1.605e-01 2.238e+04
1.599e-01 2.256e+04
1.597e-01 2.258e+04
1.602e-01 2.245e+04
1.586e-01 2.274e+04
1.612e-01 2.244e+04
1.593e-01 2.257e+04
1.608e-01 2.233e+04
1.596e-01 2.257e+04
1.599e-01 2.263e+04
1.599e-01 2.249e+04
1.604e-01 2.251e+04
1.598e-01 2.248e+04
1.594e-01 2.260e+04
1.605e-01 2.241e+04
1.618e-01 2.231e+04
1.596e-01 2.250e+04
1.602e-01 2.245e+04
1.596e-01 2.253e+04
1.604e-01 2.241e+04
1.600e-01 2.246e+04
1.593e-01 2.259e+04
1.594e-01 2.259e+04
1.605e-01 2.233e+04
1.595e-01 2.265e+04
1.601e-01 2.239e+04
1.603e-01 2.252e+04
1.578e-01 2.282e+04
1.605e-01 2.248e+04
1.604e-01 2.254e+04
1.613e-01 2.229e+04
1.607e-01 2.238e+04
1.601e-01 2.247e+04
1.599e-01 2.251e+04
1.617e-01 2.236e+04
1.605e-01 2.248e+04
1.585e-01 2.267e+04
1.607e-01 2.247e+04
1.598e-01 2.252e+04
1.595e-01 2.260e+04
1.590e-01 2.266e+04
1.604e-01 2.249e+04
1.602e-01 2.253e+04
1.587e-01 2.273e+04
1.595e-01 2.260e+04
1.601e-01 2.245e+04
1.605e-01 2.246e+04
1.599e-01 2.248e+04
1.611e-01 2.233e+04
1.596e-01 2.262e+04
1.615e-01 2.239e+04
1.595e-01 2.254e+04
1.604e-01 2.256e+04
1.596e-01 2.260e+04
1.589e-01 2.260e+04
1.609e-01 2.248e+04
1.592e-01 2.262e+04
1.601e-01 2.261e+04
1.594e-01 2.267e+04
1.595e-01 2.255e+04
1.600e-01 2.254e+04
1.602e-01 2.256e+04
1.598e-01 2.253e+04
1.597e-01 2.245e+04
1.608e-01 2.243e+04
1.596e-01 2.263e+04
1.593e-01 2.261e+04
1.602e-01 2.249e+04
1.598e-01 2.256e+04
1.612e-01 2.240e+04
1.597e-01 2.262e+04
1.607e-01 2.245e+04
1.601e-01 2.252e+04
1.589e-01 2.268e+04
1.599e-01 2.243e+04
1.586e-01 2.259e+04
1.599e-01 2.261e+04
1.608e-01 2.251e+04
1.589e-01 2.265e+04
1.617e-01 2.230e+04
1.588e-01 2.265e+04
1.607e-01 2.233e+04
1.588e-01 2.271e+04
1.594e-01 2.261e+04
1.608e-01 2.247e+04
1.604e-01 2.246e+04
1.615e-01 2.240e+04
1.582e-01 2.277e+04
1.597e-01 2.256e+04
1.598e-01 2.254e+04
1.594e-01 2.263e+04
1.611e-01 2.237e+04
1.589e-01 2.267e+04
1.596e-01 2.260e+04
1.602e-01 2.249e+04
1.593e-01 2.264e+04
1.606e-01 2.244e+04
1.602e-01 2.249e+04
1.600e-01 2.244e+04
1.596e-01 2.255e+04
1.591e-01 2.265e+04
1.605e-01 2.246e+04
1.618e-01 2.239e+04
1.593e-01 2.261e+04
1.605e-01 2.238e+04
1.602e-01 2.247e+04
1.604e-01 2.252e+04
1.608e-01 2.242e+04
1.590e-01 2.269e+04
1.599e-01 2.253e+04
1.597e-01 2.254e+04
1.606e-01 2.246e+04
1.595e-01 2.254e+04
1.595e-01 2.252e+04
1.597e-01 2.261e+04
1.606e-01 2.250e+04
1.599e-01 2.250e+04
1.606e-01 2.246e+04
1.587e-01 2.270e+04
1.595e-01 2.261e+04
1.609e-01 2.240e+04
1.590e-01 2.264e+04
1.592e-01 2.263e+04
1.596e-01 2.259e+04
1.607e-01 2.246e+04
1.594e-01 2.258e+04
1.600e-01 2.264e+04
1.600e-01 2.254e+04
1.592e-01 2.266e+04
1.601e-01 2.252e+04
1.596e-01 2.259e+04
1.592e-01 2.266e+04
1.599e-01 2.256e+04
1.606e-01 2.252e+04
1.589e-01 2.267e+04
1.611e-01 2.235e+04
1.592e-01 2.259e+04
1.592e-01 2.271e+04
1.611e-01 2.250e+04
1.616e-01 2.237e+04
1.595e-01 2.270e+04
1.597e-01 2.254e+04
1.596e-01 2.264e+04
1.596e-01 2.259e+04
1.594e-01 2.254e+04
1.589e-01 2.271e+04
1.598e-01 2.258e+04
1.605e-01 2.239e+04
1.602e-01 2.248e+04
1.614e-01 2.228e+04
1.587e-01 2.274e+04
1.603e-01 2.249e+04
1.601e-01 2.247e+04
1.591e-01 2.269e+04
1.593e-01 2.262e+04
1.610e-01 2.244e+04
1.599e-01 2.254e+04
1.578e-01 2.284e+04
1.601e-01 2.256e+04
1.597e-01 2.266e+04
1.601e-01 2.259e+04
1.584e-01 2.278e+04
1.610e-01 2.235e+04
1.603e-01 2.243e+04
1.599e-01 2.238e+04
1.594e-01 2.267e+04
1.592e-01 2.262e+04
1.603e-01 2.253e+04
1.593e-01 2.264e+04
1.604e-01 2.252e+04
1.597e-01 2.253e+04
1.595e-01 2.256e+04
1.589e-01 2.263e+04
1.608e-01 2.251e+04
1.600e-01 2.251e+04
1.594e-01 2.264e+04
1.605e-01 2.249e+04
1.606e-01 2.245e+04
1.595e-01 2.261e+04
1.582e-01 2.278e+04
1.593e-01 2.250e+04
1.614e-01 2.233e+04
1.603e-01 2.251e+04
1.613e-01 2.236e+04
1.589e-01 2.274e+04
1.604e-01 2.240e+04
1.610e-01 2.246e+04
1.601e-01 2.244e+04
1.594e-01 2.260e+04
1.603e-01 2.254e+04
1.614e-01 2.242e+04
1.599e-01 2.251e+04
1.614e-01 2.242e+04
1.593e-01 2.265e+04
1.600e-01 2.254e+04
1.600e-01 2.252e+04
1.599e-01 2.254e+04
1.592e-01 2.265e+04
1.598e-01 2.252e+04
1.586e-01 2.267e+04
1.601e-01 2.258e+04
1.600e-01 2.256e+04
1.602e-01 2.252e+04
1.598e-01 2.251e+04
1.607e-01 2.246e+04
1.612e-01 2.230e+04
1.598e-01 2.257e+04
1.616e-01 2.241e+04
1.598e-01 2.265e+04
1.604e-01 2.247e+04
1.603e-01 2.258e+04
1.608e-01 2.243e+04
1.606e-01 2.245e+04
1.599e-01 2.253e+04
1.600e-01 2.249e+04
1.595e-01 2.258e+04
1.605e-01 2.247e+04
1.602e-01 2.250e+04
1.593e-01 2.260e+04
1.611e-01 2.229e+04
1.596e-01 2.259e+04
1.606e-01 2.246e+04
1.609e-01 2.239e+04
1.592e-01 2.260e+04
1.602e-01 2.238e+04
1.606e-01 2.241e+04
1.603e-01 2.248e+04
1.602e-01 2.259e+04
1.594e-01 2.261e+04
1.589e-01 2.269e+04
1.597e-01 2.260e+04
1.598e-01 2.261e+04
1.592e-01 2.267e+04
1.607e-01 2.254e+04
1.603e-01 2.240e+04
1.605e-01 2.245e+04
1.614e-01 2.239e+04
1.592e-01 2.267e+04
1.598e-01 2.261e+04
1.611e-01 2.245e+04
1.598e-01 2.263e+04
1.597e-01 2.250e+04
1.600e-01 2.253e+04
1.585e-01 2.272e+04
1.612e-01 2.242e+04
1.596e-01 2.259e+04
1.603e-01 2.247e+04
1.608e-01 2.246e+04
1.589e-01 2.259e+04
1.601e-01 2.254e+04
1.598e-01 2.254e+04
1.600e-01 2.263e+04
1.594e-01 2.269e+04
1.605e-01 2.257e+04
1.629e-01 2.219e+04
1.603e-01 2.254e+04
1.594e-01 2.260e+04
1.609e-01 2.242e+04
1.607e-01 2.248e+04
1.598e-01 2.250e+04
1.580e-01 2.277e+04
1.594e-01 2.251e+04
1.602e-01 2.254e+04
1.592e-01 2.268e+04
1.604e-01 2.247e+04
1.589e-01 2.266e+04
1.609e-01 2.241e+04
1.598e-01 2.270e+04
1.610e-01 2.240e+04
1.590e-01 2.265e+04
1.599e-01 2.251e+04
1.595e-01 2.266e+04
1.592e-01 2.262e+04
1.595e-01 2.257e+04
1.610e-01 2.239e+04
1.600e-01 2.248e+04
1.607e-01 2.243e+04
1.595e-01 2.254e+04
1.601e-01 2.251e+04
1.586e-01 2.266e+04
1.591e-01 2.262e+04
1.595e-01 2.251e+04
1.592e-01 2.270e+04
1.592e-01 2.268e+04
1.604e-01 2.254e+04
1.598e-01 2.249e+04
1.606e-01 2.251e+04
1.606e-01 2.243e+04
1.590e-01 2.264e+04
1.604e-01 2.265e+04
1.610e-01 2.241e+04
1.584e-01 2.271e+04
1.597e-01 2.264e+04
1.599e-01 2.250e+04
1.602e-01 2.249e+04
1.597e-01 2.257e+04
1.596e-01 2.261e+04
1.598e-01 2.257e+04
1.606e-01 2.239e+04
1.604e-01 2.257e+04
1.607e-01 2.249e+04
1.597e-01 2.263e+04
1.605e-01 2.252e+04
1.595e-01 2.260e+04
1.600e-01 2.251e+04
1.588e-01 2.260e+04
1.609e-01 2.247e+04
1.606e-01 2.240e+04
1.590e-01 2.270e+04
1.607e-01 2.238e+04
1.598e-01 2.254e+04
1.604e-01 2.248e+04
1.598e-01 2.258e+04
1.599e-01 2.257e+04
1.596e-01 2.259e+04
1.602e-01 2.260e+04
1.604e-01 2.242e+04
1.589e-01 2.266e+04
1.603e-01 2.243e+04
1.601e-01 2.259e+04
1.601e-01 2.245e+04
1.599e-01 2.257e+04
1.595e-01 2.262e+04
1.603e-01 2.247e+04
1.610e-01 2.239e+04
1.592e-01 2.258e+04
1.595e-01 2.264e+04
1.603e-01 2.245e+04
1.601e-01 2.251e+04
1.589e-01 2.267e+04
1.610e-01 2.238e+04
1.602e-01 2.254e+04
1.600e-01 2.242e+04
1.596e-01 2.259e+04
1.597e-01 2.256e+04
1.590e-01 2.264e+04
1.596e-01 2.264e+04
1.599e-01 2.256e+04
1.592e-01 2.259e+04
1.593e-01 2.272e+04
1.600e-01 2.252e+04
1.596e-01 2.252e+04
1.585e-01 2.276e+04
1.590e-01 2.259e+04
1.595e-01 2.251e+04
1.602e-01 2.253e+04
1.603e-01 2.248e+04
1.604e-01 2.249e+04
1.605e-01 2.257e+04
1.601e-01 2.262e+04
1.616e-01 2.233e+04
1.588e-01 2.279e+04
1.597e-01 2.253e+04
1.606e-01 2.239e+04
1.598e-01 2.245e+04
1.599e-01 2.254e+04
1.595e-01 2.258e+04
1.604e-01 2.247e+04
1.611e-01 2.245e+04
1.613e-01 2.236e+04
1.595e-01 2.260e+04
1.602e-01 2.239e+04
1.607e-01 2.250e+04
1.594e-01 2.263e+04
1.583e-01 2.281e+04
1.600e-01 2.260e+04
1.600e-01 2.255e+04
1.604e-01 2.248e+04
1.601e-01 2.257e+04
1.597e-01 2.255e+04
1.594e-01 2.262e+04
1.593e-01 2.266e+04
1.600e-01 2.247e+04
1.599e-01 2.254e+04
1.607e-01 2.245e+04
1.586e-01 2.270e+04
1.596e-01 2.264e+04
1.583e-01 2.282e+04
1.604e-01 2.247e+04
1.600e-01 2.260e+04
1.602e-01 2.258e+04
1.597e-01 2.254e+04
1.609e-01 2.238e+04
1.602e-01 2.246e+04
1.596e-01 2.245e+04
1.599e-01 2.257e+04
1.600e-01 2.245e+04
1.607e-01 2.247e+04
1.606e-01 2.244e+04
1.603e-01 2.255e+04
1.583e-01 2.277e+04
1.610e-01 2.244e+04
1.584e-01 2.274e+04
1.601e-01 2.256e+04
1.601e-01 2.251e+04
1.595e-01 2.264e+04
1.590e-01 2.273e+04
1.590e-01 2.270e+04
1.590e-01 2.260e+04
1.597e-01 2.247e+04
1.593e-01 2.266e+04
1.594e-01 2.254e+04
1.607e-01 2.248e+04
1.598e-01 2.259e+04
1.602e-01 2.265e+04
1.606e-01 2.246e+04
1.606e-01 2.255e+04
1.598e-01 2.251e+04
1.601e-01 2.247e+04
1.605e-01 2.238e+04
1.592e-01 2.265e+04
1.596e-01 2.259e+04
1.583e-01 2.280e+04
1.591e-01 2.260e+04
1.603e-01 2.251e+04
1.595e-01 2.266e+04
1.602e-01 2.257e+04
1.593e-01 2.260e+04
1.597e-01 2.257e+04
1.603e-01 2.252e+04
1.603e-01 2.244e+04
1.608e-01 2.239e+04
1.613e-01 2.252e+04
1.612e-01 2.238e+04
1.611e-01 2.240e+04
1.594e-01 2.263e+04
1.600e-01 2.248e+04
1.602e-01 2.245e+04
1.597e-01 2.267e+04
1.604e-01 2.262e+04
1.599e-01 2.259e+04
1.593e-01 2.260e+04
1.602e-01 2.250e+04
1.597e-01 2.260e+04
1.589e-01 2.262e+04
1.586e-01 2.262e+04
1.604e-01 2.247e+04
1.592e-01 2.263e+04
1.592e-01 2.268e+04
1.609e-01 2.245e+04
1.599e-01 2.247e+04
1.587e-01 2.270e+04
1.606e-01 2.255e+04
1.590e-01 2.269e+04
1.609e-01 2.242e+04
1.608e-01 2.243e+04
1.607e-01 2.255e+04
1.600e-01 2.265e+04
1.602e-01 2.257e+04
1.620e-01 2.240e+04
1.580e-01 2.272e+04
1.592e-01 2.264e+04
1.596e-01 2.260e+04
1.598e-01 2.262e+04
1.606e-01 2.250e+04
1.608e-01 2.248e+04
1.593e-01 2.269e+04
1.612e-01 2.235e+04
1.589e-01 2.268e+04
1.593e-01 2.253e+04
1.603e-01 2.254e+04
1.587e-01 2.265e+04
1.607e-01 2.246e+04
1.601e-01 2.251e+04
1.600e-01 2.257e+04
1.592e-01 2.262e+04
1.602e-01 2.247e+04
1.599e-01 2.262e+04
1.602e-01 2.253e+04
1.605e-01 2.236e+04
1.596e-01 2.250e+04
1.590e-01 2.264e+04
1.604e-01 2.244e+04
1.579e-01 2.273e+04
1.589e-01 2.264e+04
1.595e-01 2.257e+04
1.612e-01 2.240e+04
1.602e-01 2.256e+04
1.595e-01 2.253e+04
1.594e-01 2.256e+04
1.608e-01 2.242e+04
1.606e-01 2.251e+04
1.605e-01 2.246e+04
1.598e-01 2.252e+04
1.607e-01 2.244e+04
1.596e-01 2.256e+04
1.608e-01 2.244e+04
1.597e-01 2.257e+04
1.600e-01 2.254e+04
1.602e-01 2.260e+04
1.602e-01 2.255e+04
1.589e-01 2.264e+04
1.594e-01 2.257e+04
1.605e-01 2.255e+04
1.599e-01 2.254e+04
1.590e-01 2.267e+04
1.603e-01 2.237e+04
1.611e-01 2.239e+04
1.588e-01 2.267e+04
1.613e-01 2.230e+04
1.593e-01 2.268e+04
1.593e-01 2.259e+04
1.614e-01 2.227e+04
1.593e-01 2.266e+04
1.585e-01 2.278e+04
1.595e-01 2.264e+04
1.606e-01 2.248e+04
1.601e-01 2.255e+04
1.587e-01 2.264e+04
1.597e-01 2.269e+04
1.610e-01 2.244e+04
1.604e-01 2.252e+04
1.603e-01 2.248e+04
1.602e-01 2.252e+04
1.599e-01 2.255e+04
1.600e-01 2.250e+04
1.599e-01 2.250e+04
1.603e-01 2.248e+04
1.609e-01 2.237e+04
1.598e-01 2.263e+04
1.605e-01 2.244e+04
1.590e-01 2.264e+04
1.594e-01 2.250e+04
1.609e-01 2.235e+04
1.597e-01 2.249e+04
1.594e-01 2.259e+04
1.600e-01 2.257e+04
1.602e-01 2.256e+04
1.600e-01 2.259e+04
1.591e-01 2.259e+04
1.604e-01 2.252e+04
1.603e-01 2.256e+04
1.607e-01 2.250e+04
1.612e-01 2.242e+04
1.603e-01 2.248e+04
1.605e-01 2.248e+04
1.600e-01 2.253e+04
1.604e-01 2.250e+04
1.596e-01 2.264e+04
1.603e-01 2.262e+04
1.600e-01 2.253e+04
1.595e-01 2.250e+04
1.609e-01 2.249e+04
1.596e-01 2.266e+04
1.592e-01 2.268e+04
1.585e-01 2.266e+04
1.616e-01 2.244e+04
1.594e-01 2.265e+04
1.596e-01 2.258e+04
1.600e-01 2.248e+04
1.607e-01 2.247e+04
1.591e-01 2.269e+04
1.596e-01 2.258e+04
1.591e-01 2.267e+04
1.588e-01 2.266e+04
1.612e-01 2.234e+04
1.610e-01 2.247e+04
1.597e-01 2.257e+04
1.602e-01 2.256e+04
1.596e-01 2.251e+04
1.608e-01 2.244e+04
1.605e-01 2.246e+04
1.596e-01 2.258e+04
1.601e-01 2.253e+04
1.592e-01 2.253e+04
1.610e-01 2.229e+04
1.592e-01 2.260e+04
1.604e-01 2.244e+04
1.595e-01 2.265e+04
1.610e-01 2.232e+04
1.602e-01 2.259e+04
1.594e-01 2.266e+04
1.597e-01 2.264e+04
1.594e-01 2.268e+04
1.604e-01 2.256e+04
1.591e-01 2.258e+04
1.592e-01 2.263e+04
1.596e-01 2.265e+04
1.591e-01 2.262e+04
1.595e-01 2.256e+04
1.594e-01 2.267e+04
1.592e-01 2.263e+04
1.587e-01 2.266e+04
1.595e-01 2.253e+04
1.600e-01 2.248e+04
1.601e-01 2.253e+04
1.610e-01 2.246e+04
1.600e-01 2.258e+04
1.595e-01 2.256e+04
1.597e-01 2.261e+04
1.592e-01 2.270e+04
1.612e-01 2.242e+04
1.609e-01 2.242e+04
1.599e-01 2.255e+04
1.600e-01 2.250e+04
1.610e-01 2.246e+04
1.589e-01 2.257e+04
1.593e-01 2.257e+04
1.606e-01 2.239e+04
1.610e-01 2.248e+04
1.599e-01 2.258e+04
1.610e-01 2.243e+04
1.593e-01 2.254e+04
1.590e-01 2.259e+04
1.602e-01 2.253e+04
1.614e-01 2.232e+04
1.600e-01 2.255e+04
1.608e-01 2.245e+04
1.606e-01 2.240e+04
1.598e-01 2.262e+04
1.588e-01 2.278e+04
1.598e-01 2.261e+04
1.600e-01 2.255e+04
1.605e-01 2.262e+04
1.596e-01 2.262e+04
1.609e-01 2.251e+04
1.610e-01 2.247e+04
1.608e-01 2.236e+04
1.605e-01 2.248e+04
1.619e-01 2.229e+04
1.592e-01 2.255e+04
1.601e-01 2.259e+04
1.602e-01 2.257e+04
1.595e-01 2.259e+04
1.600e-01 2.259e+04
1.601e-01 2.253e+04
1.594e-01 2.266e+04
1.597e-01 2.257e+04
1.598e-01 2.263e+04
1.609e-01 2.244e+04
1.605e-01 2.251e+04
1.610e-01 2.240e+04
1.612e-01 2.238e+04
1.598e-01 2.253e+04
1.593e-01 2.253e+04
1.599e-01 2.253e+04
1.602e-01 2.253e+04
1.600e-01 2.254e+04
1.595e-01 2.260e+04
1.585e-01 2.275e+04
1.589e-01 2.264e+04
1.603e-01 2.247e+04
1.597e-01 2.256e+04
1.611e-01 2.240e+04
1.593e-01 2.277e+04
1.596e-01 2.260e+04
1.588e-01 2.259e+04
1.592e-01 2.271e+04
1.599e-01 2.249e+04
1.596e-01 2.256e+04
1.593e-01 2.259e+04
1.595e-01 2.253e+04
1.595e-01 2.260e+04
1.616e-01 2.232e+04
1.591e-01 2.263e+04
1.609e-01 2.239e+04
1.597e-01 2.254e+04
1.601e-01 2.251e+04
1.601e-01 2.251e+04
1.589e-01 2.259e+04
1.603e-01 2.253e+04
1.607e-01 2.259e+04
1.607e-01 2.233e+04
1.585e-01 2.275e+04
1.599e-01 2.250e+04
1.596e-01 2.267e+04
1.598e-01 2.254e+04
1.588e-01 2.261e+04
1.587e-01 2.276e+04
1.585e-01 2.272e+04
1.590e-01 2.273e+04
1.593e-01 2.266e+04
1.595e-01 2.261e+04
1.607e-01 2.245e+04
1.607e-01 2.242e+04
1.590e-01 2.265e+04
1.593e-01 2.268e+04
1.608e-01 2.242e+04
1.607e-01 2.237e+04
1.595e-01 2.253e+04
1.599e-01 2.253e+04
1.588e-01 2.273e+04
1.605e-01 2.249e+04
1.609e-01 2.248e+04
1.603e-01 2.247e+04
1.599e-01 2.256e+04
1.594e-01 2.262e+04
1.604e-01 2.243e+04
1.605e-01 2.246e+04
1.590e-01 2.267e+04
1.584e-01 2.282e+04
1.608e-01 2.249e+04
1.595e-01 2.258e+04
1.586e-01 2.274e+04
1.602e-01 2.248e+04
1.599e-01 2.253e+04
1.612e-01 2.232e+04
1.605e-01 2.248e+04
1.604e-01 2.244e+04
1.602e-01 2.255e+04
1.588e-01 2.275e+04
1.607e-01 2.242e+04
1.609e-01 2.247e+04
1.604e-01 2.262e+04
1.601e-01 2.247e+04
1.597e-01 2.255e+04
1.596e-01 2.255e+04
1.607e-01 2.248e+04
1.588e-01 2.265e+04
1.600e-01 2.257e+04
1.606e-01 2.236e+04
1.604e-01 2.250e+04
1.587e-01 2.276e+04
1.593e-01 2.263e+04
1.597e-01 2.253e+04
1.604e-01 2.246e+04
1.604e-01 2.250e+04
1.598e-01 2.254e+04
1.606e-01 2.252e+04
1.594e-01 2.260e+04
1.604e-01 2.248e+04
1.597e-01 2.264e+04
1.585e-01 2.276e+04
1.597e-01 2.254e+04
1.602e-01 2.253e+04
