9.389e-02 2.884e+04
7.951e-02 3.292e+04
8.201e-02 3.235e+04
8.982e-02 2.985e+04
8.800e-02 3.035e+04
7.894e-02 3.298e+04
8.689e-02 3.056e+04
8.861e-02 3.011e+04
8.888e-02 3.014e+04
8.485e-02 3.116e+04
8.906e-02 3.021e+04
8.483e-02 3.159e+04
8.937e-02 2.982e+04
8.382e-02 3.111e+04
8.310e-02 3.200e+04
8.905e-02 2.998e+04
7.694e-02 3.428e+04
8.810e-02 3.052e+04
8.257e-02 3.212e+04
8.342e-02 3.198e+04
8.953e-02 3.000e+04
8.841e-02 2.994e+04
8.123e-02 3.207e+04
8.556e-02 3.095e+04
8.312e-02 3.202e+04
8.810e-02 3.040e+04
8.754e-02 3.045e+04
8.242e-02 3.199e+04
8.671e-02 3.087e+04
8.513e-02 3.150e+04
8.910e-02 2.988e+04
8.574e-02 3.102e+04
8.787e-02 3.032e+04
8.951e-02 2.998e+04
8.448e-02 3.164e+04
8.828e-02 3.060e+04
8.160e-02 3.193e+04
8.394e-02 3.150e+04
8.713e-02 3.030e+04
8.582e-02 3.105e+04
8.369e-02 3.145e+04
8.671e-02 3.063e+04
8.367e-02 3.156e+04
8.335e-02 3.143e+04
8.858e-02 3.020e+04
9.270e-02 2.913e+04
9.079e-02 2.988e+04
9.038e-02 2.983e+04
8.374e-02 3.134e+04
8.565e-02 3.059e+04
8.149e-02 3.210e+04
8.923e-02 3.004e+04
9.242e-02 2.916e+04
8.541e-02 3.067e+04
7.855e-02 3.316e+04
8.486e-02 3.128e+04
8.073e-02 3.214e+04
9.136e-02 2.974e+04
8.290e-02 3.207e+04
7.745e-02 3.397e+04
8.101e-02 3.245e+04
9.479e-02 2.865e+04
8.509e-02 3.121e+04
8.546e-02 3.133e+04
8.838e-02 2.988e+04
8.447e-02 3.127e+04
8.426e-02 3.129e+04
8.718e-02 3.072e+04
8.044e-02 3.275e+04
8.686e-02 3.096e+04
8.754e-02 3.041e+04
8.553e-02 3.088e+04
8.376e-02 3.202e+04
9.565e-02 2.864e+04
8.481e-02 3.106e+04
9.007e-02 2.983e+04
7.722e-02 3.370e+04
8.233e-02 3.184e+04
8.093e-02 3.235e+04
9.093e-02 2.959e+04
8.514e-02 3.101e+04
8.736e-02 3.045e+04
7.964e-02 3.270e+04
7.740e-02 3.398e+04
8.751e-02 3.034e+04
8.435e-02 3.123e+04
8.434e-02 3.120e+04
9.003e-02 2.957e+04
7.866e-02 3.329e+04
8.524e-02 3.088e+04
8.933e-02 3.024e+04
8.486e-02 3.119e+04
8.238e-02 3.169e+04
8.805e-02 3.021e+04
8.047e-02 3.235e+04
9.051e-02 2.935e+04
8.904e-02 2.997e+04
8.836e-02 3.025e+04
8.734e-02 3.042e+04
8.292e-02 3.116e+04
7.997e-02 3.290e+04
8.022e-02 3.255e+04
7.981e-02 3.258e+04
8.717e-02 3.059e+04
9.340e-02 2.901e+04
8.611e-02 3.052e+04
8.378e-02 3.139e+04
8.600e-02 3.076e+04
8.725e-02 3.068e+04
7.747e-02 3.374e+04
8.451e-02 3.124e+04
8.158e-02 3.204e+04
9.059e-02 2.972e+04
8.683e-02 3.046e+04
8.538e-02 3.087e+04
8.038e-02 3.278e+04
8.177e-02 3.188e+04
8.282e-02 3.179e+04
8.496e-02 3.112e+04
8.455e-02 3.126e+04
8.490e-02 3.087e+04
8.706e-02 3.092e+04
8.172e-02 3.212e+04
7.942e-02 3.280e+04
8.298e-02 3.185e+04
7.892e-02 3.303e+04
9.009e-02 2.977e+04
8.484e-02 3.126e+04
8.568e-02 3.087e+04
8.238e-02 3.186e+04
8.496e-02 3.129e+04
8.416e-02 3.111e+04
9.561e-02 2.875e+04
8.622e-02 3.047e+04
9.439e-02 2.873e+04
8.054e-02 3.272e+04
8.267e-02 3.189e+04
9.383e-02 2.875e+04
8.843e-02 3.028e+04
8.874e-02 3.018e+04
8.808e-02 3.027e+04
8.440e-02 3.161e+04
8.238e-02 3.171e+04
8.177e-02 3.186e+04
8.776e-02 3.051e+04
8.110e-02 3.238e+04
8.338e-02 3.177e+04
8.827e-02 3.053e+04
7.691e-02 3.402e+04
9.047e-02 2.982e+04
8.714e-02 3.085e+04
8.437e-02 3.160e+04
8.471e-02 3.116e+04
8.140e-02 3.225e+04
8.364e-02 3.138e+04
8.651e-02 3.111e+04
7.786e-02 3.297e+04
8.300e-02 3.153e+04
8.802e-02 3.032e+04
8.505e-02 3.095e+04
8.442e-02 3.156e+04
7.942e-02 3.322e+04
9.034e-02 2.964e+04
8.398e-02 3.128e+04
8.357e-02 3.128e+04
8.013e-02 3.295e+04
8.280e-02 3.140e+04
7.936e-02 3.311e+04
8.661e-02 3.065e+04
8.170e-02 3.219e+04
8.556e-02 3.128e+04
8.614e-02 3.076e+04
8.761e-02 3.047e+04
8.435e-02 3.110e+04
8.632e-02 3.081e+04
8.980e-02 2.983e+04
9.153e-02 2.951e+04
8.966e-02 2.961e+04
9.303e-02 2.906e+04
9.416e-02 2.900e+04
8.512e-02 3.132e+04
8.083e-02 3.247e+04
7.948e-02 3.290e+04
8.776e-02 3.035e+04
8.833e-02 3.016e+04
7.683e-02 3.403e+04
9.008e-02 2.981e+04
8.400e-02 3.154e+04
8.751e-02 3.078e+04
8.998e-02 2.975e+04
8.809e-02 3.027e+04
9.172e-02 2.964e+04
8.814e-02 3.043e+04
8.466e-02 3.140e+04
8.421e-02 3.122e+04
9.056e-02 2.949e+04
8.325e-02 3.171e+04
8.203e-02 3.185e+04
8.564e-02 3.108e+04
8.972e-02 2.979e+04
8.436e-02 3.160e+04
8.426e-02 3.119e+04
8.739e-02 3.050e+04
8.504e-02 3.099e+04
7.993e-02 3.332e+04
8.406e-02 3.121e+04
8.514e-02 3.095e+04
8.523e-02 3.097e+04
9.284e-02 2.922e+04
8.134e-02 3.233e+04
9.031e-02 2.987e+04
8.416e-02 3.130e+04
8.624e-02 3.092e+04
8.609e-02 3.086e+04
8.972e-02 3.027e+04
8.344e-02 3.153e+04
8.718e-02 3.035e+04
7.964e-02 3.275e+04
8.817e-02 3.018e+04
7.752e-02 3.375e+04
8.503e-02 3.093e+04
9.099e-02 2.979e+04
8.618e-02 3.097e+04
8.322e-02 3.174e+04
8.315e-02 3.134e+04
8.947e-02 3.005e+04
8.411e-02 3.156e+04
8.891e-02 3.019e+04
7.811e-02 3.343e+04
8.153e-02 3.199e+04
8.591e-02 3.059e+04
8.626e-02 3.045e+04
8.699e-02 3.046e+04
8.307e-02 3.171e+04
8.899e-02 3.002e+04
8.444e-02 3.113e+04
7.783e-02 3.318e+04
8.329e-02 3.136e+04
8.816e-02 3.028e+04
8.641e-02 3.071e+04
9.321e-02 2.889e+04
8.556e-02 3.108e+04
8.851e-02 3.040e+04
9.045e-02 3.000e+04
8.288e-02 3.146e+04
8.193e-02 3.220e+04
8.341e-02 3.169e+04
8.442e-02 3.130e+04
8.351e-02 3.118e+04
8.460e-02 3.125e+04
7.843e-02 3.335e+04
8.465e-02 3.092e+04
7.900e-02 3.321e+04
8.849e-02 3.021e+04
8.498e-02 3.111e+04
8.380e-02 3.160e+04
7.632e-02 3.412e+04
8.562e-02 3.101e+04
7.871e-02 3.350e+04
8.739e-02 3.050e+04
7.632e-02 3.442e+04
8.775e-02 3.041e+04
7.730e-02 3.435e+04
7.742e-02 3.392e+04
8.784e-02 3.068e+04
9.061e-02 2.987e+04
7.199e-02 3.614e+04
8.103e-02 3.240e+04
7.830e-02 3.347e+04
7.747e-02 3.369e+04
7.873e-02 3.322e+04
7.590e-02 3.444e+04
8.469e-02 3.150e+04
8.858e-02 3.017e+04
8.522e-02 3.148e+04
9.060e-02 2.982e+04
8.324e-02 3.159e+04
8.096e-02 3.228e+04
8.471e-02 3.112e+04
7.868e-02 3.288e+04
7.925e-02 3.268e+04
9.399e-02 2.877e+04
8.245e-02 3.235e+04
8.274e-02 3.161e+04
9.130e-02 2.953e+04
8.394e-02 3.165e+04
8.853e-02 3.010e+04
8.215e-02 3.218e+04
8.860e-02 3.025e+04
9.097e-02 2.936e+04
7.708e-02 3.421e+04
8.084e-02 3.235e+04
8.499e-02 3.110e+04
7.719e-02 3.385e+04
8.781e-02 3.030e+04
8.347e-02 3.132e+04
8.521e-02 3.083e+04
8.876e-02 2.998e+04
7.957e-02 3.259e+04
8.728e-02 3.071e+04
8.077e-02 3.245e+04
8.516e-02 3.121e+04
8.522e-02 3.078e+04
8.490e-02 3.107e+04
9.192e-02 2.907e+04
8.913e-02 2.975e+04
9.160e-02 2.946e+04
8.672e-02 3.078e+04
8.872e-02 3.042e+04
7.604e-02 3.402e+04
7.926e-02 3.322e+04
8.475e-02 3.120e+04
8.071e-02 3.297e+04
7.730e-02 3.339e+04
8.449e-02 3.130e+04
9.148e-02 2.953e+04
8.120e-02 3.216e+04
7.912e-02 3.305e+04
8.461e-02 3.118e+04
8.209e-02 3.228e+04
8.435e-02 3.109e+04
7.916e-02 3.323e+04
8.031e-02 3.221e+04
8.049e-02 3.253e+04
9.148e-02 2.938e+04
7.310e-02 3.569e+04
8.866e-02 3.001e+04
8.348e-02 3.146e+04
9.689e-02 2.822e+04
7.750e-02 3.382e+04
8.461e-02 3.129e+04
8.372e-02 3.142e+04
8.927e-02 2.991e+04
7.866e-02 3.368e+04
7.255e-02 3.550e+04
8.458e-02 3.109e+04
9.093e-02 2.912e+04
8.780e-02 3.032e+04
8.903e-02 3.036e+04
8.709e-02 3.030e+04
9.180e-02 2.935e+04
8.115e-02 3.227e+04
8.603e-02 3.084e+04
8.498e-02 3.105e+04
8.085e-02 3.242e+04
8.178e-02 3.164e+04
7.792e-02 3.348e+04
8.388e-02 3.150e+04
8.444e-02 3.095e+04
8.539e-02 3.075e+04
8.255e-02 3.185e+04
7.842e-02 3.313e+04
8.454e-02 3.115e+04
8.921e-02 2.975e+04
8.420e-02 3.150e+04
8.632e-02 3.070e+04
8.562e-02 3.090e+04
8.250e-02 3.175e+04
8.355e-02 3.172e+04
8.737e-02 3.073e+04
8.486e-02 3.123e+04
8.316e-02 3.161e+04
8.737e-02 3.027e+04
9.188e-02 2.949e+04
8.465e-02 3.121e+04
8.455e-02 3.121e+04
8.523e-02 3.111e+04
8.981e-02 2.964e+04
8.491e-02 3.110e+04
7.959e-02 3.312e+04
8.148e-02 3.218e+04
7.991e-02 3.284e+04
8.673e-02 3.070e+04
8.651e-02 3.054e+04
8.266e-02 3.198e+04
7.827e-02 3.360e+04
8.280e-02 3.212e+04
8.237e-02 3.190e+04
8.807e-02 3.000e+04
7.907e-02 3.300e+04
7.875e-02 3.359e+04
8.358e-02 3.142e+04
8.843e-02 3.007e+04
8.495e-02 3.094e+04
9.021e-02 2.948e+04
8.519e-02 3.142e+04
8.272e-02 3.220e+04
9.033e-02 2.981e+04
7.783e-02 3.387e+04
8.156e-02 3.244e+04
8.486e-02 3.168e+04
7.797e-02 3.370e+04
8.397e-02 3.158e+04
8.408e-02 3.173e+04
8.439e-02 3.140e+04
8.333e-02 3.214e+04
8.271e-02 3.192e+04
8.272e-02 3.194e+04
9.321e-02 2.922e+04
9.390e-02 2.883e+04
8.063e-02 3.275e+04
8.787e-02 3.023e+04
8.739e-02 3.055e+04
9.013e-02 2.993e+04
8.010e-02 3.290e+04
8.564e-02 3.094e+04
8.432e-02 3.101e+04
7.790e-02 3.363e+04
8.318e-02 3.154e+04
7.505e-02 3.514e+04
8.570e-02 3.080e+04
7.679e-02 3.418e+04
8.113e-02 3.241e+04
8.981e-02 2.985e+04
8.767e-02 3.052e+04
8.514e-02 3.068e+04
7.941e-02 3.306e+04
8.525e-02 3.109e+04
8.405e-02 3.151e+04
7.304e-02 3.576e+04
8.172e-02 3.194e+04
8.354e-02 3.152e+04
7.963e-02 3.282e+04
8.583e-02 3.086e+04
8.224e-02 3.196e+04
8.128e-02 3.209e+04
8.344e-02 3.120e+04
8.092e-02 3.230e+04
7.506e-02 3.469e+04
8.361e-02 3.131e+04
8.093e-02 3.252e+04
8.439e-02 3.150e+04
9.055e-02 2.944e+04
8.508e-02 3.098e+04
8.684e-02 3.063e+04
8.439e-02 3.150e+04
8.626e-02 3.089e+04
8.552e-02 3.051e+04
7.807e-02 3.332e+04
8.991e-02 2.992e+04
9.081e-02 2.980e+04
8.206e-02 3.197e+04
8.312e-02 3.165e+04
8.468e-02 3.093e+04
7.963e-02 3.303e+04
7.837e-02 3.330e+04
8.206e-02 3.236e+04
8.434e-02 3.146e+04
8.672e-02 3.081e+04
8.527e-02 3.067e+04
8.796e-02 3.054e+04
7.967e-02 3.281e+04
8.317e-02 3.184e+04
8.754e-02 3.030e+04
8.919e-02 3.014e+04
8.172e-02 3.191e+04
8.353e-02 3.126e+04
9.132e-02 2.961e+04
8.984e-02 3.000e+04
8.796e-02 3.032e+04
8.560e-02 3.081e+04
8.158e-02 3.221e+04
8.531e-02 3.076e+04
8.089e-02 3.230e+04
8.433e-02 3.142e+04
8.375e-02 3.133e+04
8.614e-02 3.078e+04
7.456e-02 3.469e+04
8.791e-02 3.034e+04
8.604e-02 3.058e+04
8.026e-02 3.226e+04
8.596e-02 3.081e+04
8.744e-02 3.020e+04
8.757e-02 3.049e+04
8.307e-02 3.160e+04
8.493e-02 3.118e+04
8.244e-02 3.171e+04
9.042e-02 2.964e+04
8.228e-02 3.200e+04
9.228e-02 2.921e+04
9.189e-02 2.953e+04
8.789e-02 3.039e+04
8.183e-02 3.194e+04
9.094e-02 2.937e+04
7.774e-02 3.394e+04
9.208e-02 2.923e+04
7.461e-02 3.502e+04
8.150e-02 3.194e+04
8.408e-02 3.131e+04
7.533e-02 3.449e+04
8.781e-02 3.027e+04
8.383e-02 3.179e+04
7.795e-02 3.336e+04
8.728e-02 3.079e+04
8.911e-02 3.011e+04
8.553e-02 3.082e+04
8.151e-02 3.229e+04
8.585e-02 3.079e+04
8.415e-02 3.101e+04
8.708e-02 3.059e+04
8.595e-02 3.086e+04
8.884e-02 3.014e+04
8.887e-02 3.051e+04
1.008e-01 2.748e+04
8.913e-02 3.021e+04
8.604e-02 3.092e+04
8.463e-02 3.122e+04
7.911e-02 3.280e+04
8.735e-02 3.061e+04
8.999e-02 2.991e+04
7.714e-02 3.352e+04
7.692e-02 3.340e+04
7.880e-02 3.296e+04
8.754e-02 3.029e+04
8.637e-02 3.051e+04
8.870e-02 3.004e+04
8.048e-02 3.229e+04
7.813e-02 3.349e+04
8.211e-02 3.210e+04
8.508e-02 3.142e+04
8.647e-02 3.075e+04
8.890e-02 3.058e+04
7.997e-02 3.289e+04
7.739e-02 3.375e+04
8.567e-02 3.091e+04
8.918e-02 2.989e+04
8.774e-02 3.023e+04
8.353e-02 3.157e+04
8.520e-02 3.077e+04
8.465e-02 3.119e+04
8.509e-02 3.120e+04
7.737e-02 3.378e+04
8.553e-02 3.102e+04
8.552e-02 3.102e+04
8.179e-02 3.199e+04
8.541e-02 3.111e+04
8.466e-02 3.133e+04
8.104e-02 3.234e+04
8.923e-02 3.003e+04
8.436e-02 3.143e+04
8.464e-02 3.128e+04
7.966e-02 3.288e+04
8.767e-02 3.018e+04
8.671e-02 3.043e+04
8.216e-02 3.198e+04
8.951e-02 2.990e+04
8.567e-02 3.089e+04
8.627e-02 3.079e+04
8.562e-02 3.071e+04
8.261e-02 3.178e+04
8.652e-02 3.075e+04
8.935e-02 2.989e+04
8.034e-02 3.270e+04
9.275e-02 2.931e+04
8.372e-02 3.186e+04
9.295e-02 2.922e+04
8.937e-02 2.999e+04
8.491e-02 3.107e+04
7.594e-02 3.421e+04
8.757e-02 3.018e+04
7.762e-02 3.351e+04
8.037e-02 3.246e+04
8.596e-02 3.052e+04
8.336e-02 3.176e+04
8.317e-02 3.189e+04
8.713e-02 3.064e+04
8.769e-02 3.043e+04
8.418e-02 3.133e+04
8.689e-02 3.094e+04
8.601e-02 3.102e+04
8.218e-02 3.204e+04
7.571e-02 3.493e+04
8.313e-02 3.146e+04
7.986e-02 3.257e+04
8.137e-02 3.200e+04
8.947e-02 3.005e+04
7.975e-02 3.275e+04
8.361e-02 3.138e+04
8.217e-02 3.197e+04
8.942e-02 3.022e+04
8.030e-02 3.204e+04
8.249e-02 3.153e+04
8.302e-02 3.136e+04
8.422e-02 3.125e+04
8.728e-02 3.049e+04
8.395e-02 3.166e+04
9.067e-02 2.952e+04
8.203e-02 3.227e+04
7.869e-02 3.344e+04
8.126e-02 3.246e+04
8.383e-02 3.167e+04
8.143e-02 3.236e+04
9.287e-02 2.947e+04
9.511e-02 2.841e+04
8.969e-02 2.942e+04
7.365e-02 3.492e+04
7.635e-02 3.357e+04
7.944e-02 3.285e+04
8.429e-02 3.152e+04
8.428e-02 3.134e+04
8.010e-02 3.248e+04
9.412e-02 2.872e+04
8.444e-02 3.152e+04
9.062e-02 2.950e+04
8.054e-02 3.261e+04
8.690e-02 3.037e+04
8.370e-02 3.140e+04
8.863e-02 3.049e+04
9.215e-02 2.943e+04
8.212e-02 3.204e+04
9.071e-02 3.013e+04
8.876e-02 3.023e+04
7.968e-02 3.282e+04
8.565e-02 3.098e+04
8.366e-02 3.165e+04
8.945e-02 2.998e+04
8.263e-02 3.189e+04
7.731e-02 3.306e+04
8.079e-02 3.222e+04
9.091e-02 2.951e+04
8.866e-02 3.032e+04
8.240e-02 3.198e+04
8.057e-02 3.254e+04
9.382e-02 2.911e+04
8.908e-02 2.975e+04
8.493e-02 3.129e+04
9.649e-02 2.841e+04
8.810e-02 3.050e+04
8.737e-02 3.065e+04
8.235e-02 3.218e+04
8.540e-02 3.086e+04
8.391e-02 3.117e+04
8.715e-02 3.044e+04
9.327e-02 2.916e+04
8.542e-02 3.074e+04
9.287e-02 2.913e+04
8.402e-02 3.183e+04
8.692e-02 3.056e+04
8.902e-02 3.025e+04
8.566e-02 3.130e+04
8.423e-02 3.138e+04
9.173e-02 2.927e+04
8.710e-02 3.083e+04
9.043e-02 2.977e+04
9.097e-02 2.960e+04
7.362e-02 3.546e+04
7.932e-02 3.329e+04
8.149e-02 3.221e+04
8.874e-02 3.006e+04
8.502e-02 3.116e+04
8.389e-02 3.134e+04
8.443e-02 3.142e+04
8.364e-02 3.131e+04
8.290e-02 3.140e+04
8.759e-02 3.032e+04
8.193e-02 3.207e+04
8.890e-02 3.002e+04
8.364e-02 3.104e+04
8.898e-02 3.005e+04
8.840e-02 3.043e+04
9.129e-02 2.963e+04
8.310e-02 3.157e+04
9.564e-02 2.883e+04
7.724e-02 3.409e+04
8.103e-02 3.231e+04
8.513e-02 3.134e+04
8.292e-02 3.219e+04
7.748e-02 3.407e+04
8.390e-02 3.139e+04
8.972e-02 2.999e+04
8.169e-02 3.183e+04
8.290e-02 3.170e+04
7.957e-02 3.260e+04
8.768e-02 3.032e+04
8.557e-02 3.092e+04
8.186e-02 3.211e+04
9.028e-02 2.963e+04
8.359e-02 3.148e+04
8.969e-02 2.972e+04
9.400e-02 2.900e+04
8.013e-02 3.245e+04
8.776e-02 3.008e+04
8.649e-02 3.076e+04
7.957e-02 3.284e+04
8.239e-02 3.208e+04
8.628e-02 3.034e+04
8.022e-02 3.276e+04
8.295e-02 3.209e+04
8.183e-02 3.223e+04
7.538e-02 3.487e+04
8.392e-02 3.163e+04
8.693e-02 3.072e+04
8.683e-02 3.034e+04
8.847e-02 2.987e+04
9.496e-02 2.879e+04
8.547e-02 3.093e+04
8.633e-02 3.068e+04
8.847e-02 3.026e+04
8.277e-02 3.209e+04
7.936e-02 3.292e+04
8.849e-02 3.016e+04
9.438e-02 2.887e+04
9.353e-02 2.899e+04
8.638e-02 3.063e+04
8.452e-02 3.124e+04
7.603e-02 3.408e+04
8.913e-02 3.005e+04
8.865e-02 3.018e+04
8.886e-02 3.013e+04
8.560e-02 3.097e+04
8.850e-02 2.997e+04
8.641e-02 3.057e+04
8.231e-02 3.198e+04
8.769e-02 3.051e+04
8.814e-02 3.027e+04
8.646e-02 3.082e+04
7.836e-02 3.336e+04
8.741e-02 3.047e+04
8.378e-02 3.139e+04
8.266e-02 3.168e+04
8.239e-02 3.165e+04
8.979e-02 2.993e+04
8.520e-02 3.116e+04
8.467e-02 3.127e+04
8.738e-02 3.057e+04
8.444e-02 3.127e+04
8.050e-02 3.274e+04
8.642e-02 3.083e+04
8.647e-02 3.064e+04
8.913e-02 2.964e+04
8.280e-02 3.182e+04
8.350e-02 3.163e+04
9.149e-02 2.925e+04
9.170e-02 2.937e+04
8.653e-02 3.070e+04
8.768e-02 3.044e+04
9.355e-02 2.900e+04
8.126e-02 3.218e+04
8.031e-02 3.237e+04
8.678e-02 3.062e+04
8.792e-02 3.026e+04
9.571e-02 2.843e+04
8.129e-02 3.237e+04
7.475e-02 3.535e+04
8.172e-02 3.227e+04
7.728e-02 3.378e+04
8.579e-02 3.103e+04
8.453e-02 3.115e+04
8.306e-02 3.172e+04
8.490e-02 3.113e+04
7.468e-02 3.471e+04
7.109e-02 3.715e+04
8.550e-02 3.059e+04
8.746e-02 3.024e+04
8.946e-02 2.949e+04
8.554e-02 3.116e+04
8.293e-02 3.174e+04
7.844e-02 3.322e+04
8.191e-02 3.217e+04
8.910e-02 3.001e+04
8.570e-02 3.157e+04
8.773e-02 3.002e+04
8.616e-02 3.049e+04
8.420e-02 3.113e+04
7.827e-02 3.339e+04
8.898e-02 3.007e+04
8.516e-02 3.078e+04
8.562e-02 3.103e+04
8.812e-02 3.014e+04
7.843e-02 3.361e+04
8.517e-02 3.124e+04
8.370e-02 3.181e+04
8.582e-02 3.098e+04
7.995e-02 3.242e+04
8.691e-02 3.076e+04
8.994e-02 2.997e+04
7.873e-02 3.332e+04
9.246e-02 2.905e+04
9.110e-02 2.952e+04
7.844e-02 3.287e+04
8.845e-02 3.036e+04
8.874e-02 2.996e+04
8.540e-02 3.106e+04
7.759e-02 3.325e+04
8.788e-02 3.051e+04
8.793e-02 3.030e+04
8.932e-02 2.991e+04
8.400e-02 3.146e+04
8.150e-02 3.235e+04
8.369e-02 3.148e+04
7.629e-02 3.427e+04
8.381e-02 3.146e+04
9.179e-02 2.932e+04
7.713e-02 3.428e+04
7.640e-02 3.383e+04
8.358e-02 3.144e+04
8.365e-02 3.108e+04
8.055e-02 3.257e+04
8.612e-02 3.064e+04
8.914e-02 3.034e+04
8.751e-02 3.074e+04
9.159e-02 2.927e+04
7.489e-02 3.441e+04
8.106e-02 3.234e+04
9.572e-02 2.847e+04
8.821e-02 3.024e+04
7.736e-02 3.326e+04
8.216e-02 3.226e+04
8.449e-02 3.128e+04
8.947e-02 2.981e+04
8.082e-02 3.254e+04
8.435e-02 3.146e+04
8.009e-02 3.308e+04
7.809e-02 3.353e+04
8.779e-02 3.053e+04
9.185e-02 2.960e+04
8.487e-02 3.137e+04
8.635e-02 3.086e+04
8.578e-02 3.077e+04
9.300e-02 2.904e+04
8.383e-02 3.149e+04
8.415e-02 3.121e+04
7.678e-02 3.364e+04
9.282e-02 2.898e+04
8.111e-02 3.225e+04
8.568e-02 3.097e+04
8.209e-02 3.205e+04
9.391e-02 2.876e+04
8.899e-02 3.051e+04
9.064e-02 2.975e+04
8.355e-02 3.131e+04
9.814e-02 2.815e+04
8.297e-02 3.211e+04
7.960e-02 3.278e+04
8.661e-02 3.062e+04
8.157e-02 3.206e+04
8.984e-02 2.970e+04
8.298e-02 3.161e+04
8.413e-02 3.099e+04
7.844e-02 3.360e+04
8.050e-02 3.262e+04
9.131e-02 2.956e+04
8.118e-02 3.235e+04
8.055e-02 3.269e+04
8.225e-02 3.196e+04
8.275e-02 3.236e+04
9.108e-02 2.975e+04
8.029e-02 3.221e+04
8.747e-02 3.044e+04
8.366e-02 3.181e+04
8.486e-02 3.090e+04
8.542e-02 3.080e+04
8.096e-02 3.244e+04
8.806e-02 3.042e+04
8.208e-02 3.180e+04
8.933e-02 3.003e+04
8.734e-02 3.035e+04
8.472e-02 3.118e+04
8.581e-02 3.108e+04
7.913e-02 3.297e+04
8.498e-02 3.070e+04
8.764e-02 3.070e+04
8.495e-02 3.124e+04
8.360e-02 3.098e+04
8.640e-02 3.048e+04
9.374e-02 2.917e+04
7.582e-02 3.468e+04
8.061e-02 3.284e+04
8.521e-02 3.103e+04
8.767e-02 3.031e+04
7.885e-02 3.315e+04
9.018e-02 2.955e+04
8.819e-02 3.038e+04
8.273e-02 3.164e+04
9.258e-02 2.898e+04
8.968e-02 3.009e+04
8.333e-02 3.120e+04
8.855e-02 2.997e+04
8.621e-02 3.049e+04
8.518e-02 3.103e+04
8.654e-02 3.074e+04
8.956e-02 3.011e+04
8.217e-02 3.173e+04
8.453e-02 3.108e+04
9.226e-02 2.954e+04
8.935e-02 3.002e+04
8.434e-02 3.126e+04
8.439e-02 3.156e+04
8.137e-02 3.217e+04
9.214e-02 2.927e+04
8.286e-02 3.163e+04
8.770e-02 3.046e+04
9.460e-02 2.873e+04
8.213e-02 3.218e+04
9.368e-02 2.917e+04
9.590e-02 2.845e+04
8.297e-02 3.153e+04
8.941e-02 2.975e+04
8.999e-02 2.973e+04
8.564e-02 3.113e+04
7.826e-02 3.313e+04
9.156e-02 2.939e+04
7.893e-02 3.270e+04
8.733e-02 3.070e+04
8.689e-02 3.065e+04
8.768e-02 3.008e+04
8.991e-02 2.996e+04
8.266e-02 3.195e+04
8.905e-02 3.001e+04
8.806e-02 3.053e+04
8.560e-02 3.074e+04
7.975e-02 3.280e+04
9.226e-02 2.953e+04
8.359e-02 3.149e+04
7.410e-02 3.510e+04
8.243e-02 3.193e+04
8.999e-02 2.973e+04
8.495e-02 3.130e+04
8.700e-02 3.071e+04
8.427e-02 3.166e+04
8.186e-02 3.217e+04
8.665e-02 3.061e+04
8.472e-02 3.133e+04
9.283e-02 2.907e+04
8.047e-02 3.251e+04
7.853e-02 3.261e+04
8.618e-02 3.081e+04
8.454e-02 3.128e+04
9.104e-02 2.974e+04
8.480e-02 3.124e+04
8.212e-02 3.222e+04
7.719e-02 3.417e+04
8.688e-02 3.030e+04
8.385e-02 3.194e+04
8.264e-02 3.183e+04
8.050e-02 3.226e+04
8.291e-02 3.233e+04
8.636e-02 3.029e+04
7.664e-02 3.379e+04
8.158e-02 3.227e+04
8.248e-02 3.165e+04
9.264e-02 2.912e+04
8.493e-02 3.083e+04
8.936e-02 2.996e+04
8.266e-02 3.163e+04
8.550e-02 3.098e+04
9.082e-02 2.959e+04
8.603e-02 3.076e+04
8.608e-02 3.111e+04
9.197e-02 2.949e+04
9.542e-02 2.866e+04
8.582e-02 3.074e+04
8.345e-02 3.177e+04
8.863e-02 3.043e+04
7.753e-02 3.352e+04
8.614e-02 3.116e+04
7.451e-02 3.498e+04
9.010e-02 2.970e+04
8.822e-02 3.028e+04
7.776e-02 3.318e+04
8.582e-02 3.126e+04
8.132e-02 3.167e+04
8.671e-02 3.019e+04
8.193e-02 3.223e+04
8.834e-02 3.048e+04
9.077e-02 2.971e+04
8.800e-02 3.016e+04
7.884e-02 3.309e+04
8.156e-02 3.257e+04
8.581e-02 3.118e+04
9.069e-02 2.946e+04
8.026e-02 3.222e+04
8.990e-02 3.016e+04
8.359e-02 3.163e+04
8.567e-02 3.086e+04
7.568e-02 3.448e+04
8.750e-02 3.067e+04
9.041e-02 2.966e+04
8.174e-02 3.227e+04
7.971e-02 3.282e+04
7.650e-02 3.417e+04
8.449e-02 3.115e+04
8.525e-02 3.113e+04
7.834e-02 3.335e+04
8.310e-02 3.157e+04
8.617e-02 3.075e+04
9.028e-02 3.005e+04
8.743e-02 3.080e+04
7.434e-02 3.548e+04
8.715e-02 3.075e+04
7.898e-02 3.354e+04
8.125e-02 3.264e+04
8.224e-02 3.197e+04
8.099e-02 3.207e+04
9.189e-02 3.009e+04
9.331e-02 2.925e+04
8.267e-02 3.188e+04
8.590e-02 3.077e+04
8.849e-02 3.021e+04
8.694e-02 3.048e+04
7.685e-02 3.373e+04
8.235e-02 3.162e+04
8.254e-02 3.173e+04
8.209e-02 3.181e+04
8.402e-02 3.146e+04
7.807e-02 3.341e+04
8.849e-02 3.013e+04
8.384e-02 3.142e+04
8.875e-02 2.993e+04
8.575e-02 3.104e+04
7.992e-02 3.278e+04
8.544e-02 3.088e+04
8.114e-02 3.223e+04
8.688e-02 3.079e+04
8.809e-02 3.036e+04
7.960e-02 3.253e+04
7.935e-02 3.304e+04
8.207e-02 3.205e+04
8.585e-02 3.089e+04
9.069e-02 2.975e+04
8.336e-02 3.138e+04
8.793e-02 3.015e+04
8.120e-02 3.216e+04
8.311e-02 3.167e+04
8.260e-02 3.174e+04
8.931e-02 3.000e+04
8.682e-02 3.080e+04
8.012e-02 3.238e+04
8.022e-02 3.267e+04
8.314e-02 3.197e+04
7.759e-02 3.389e+04
8.330e-02 3.139e+04
8.484e-02 3.114e+04
8.385e-02 3.133e+04
7.983e-02 3.254e+04
8.565e-02 3.126e+04
9.088e-02 2.953e+04
9.117e-02 2.951e+04
9.001e-02 2.991e+04
9.134e-02 2.943e+04
8.707e-02 3.091e+04
7.769e-02 3.361e+04
9.120e-02 2.967e+04
9.287e-02 2.903e+04
8.206e-02 3.194e+04
8.448e-02 3.107e+04
8.715e-02 3.068e+04
9.102e-02 2.940e+04
7.928e-02 3.322e+04
9.402e-02 2.880e+04
7.616e-02 3.376e+04
9.771e-02 2.826e+04
8.103e-02 3.262e+04
8.045e-02 3.261e+04
7.525e-02 3.427e+04
8.350e-02 3.160e+04
8.350e-02 3.146e+04
8.757e-02 3.019e+04
8.316e-02 3.149e+04
9.182e-02 2.953e+04
9.379e-02 2.878e+04
8.392e-02 3.119e+04
7.991e-02 3.312e+04
8.488e-02 3.134e+04
8.629e-02 3.095e+04
8.883e-02 3.023e+04
8.106e-02 3.215e+04
8.170e-02 3.221e+04
8.434e-02 3.115e+04
8.620e-02 3.034e+04
8.558e-02 3.120e+04
8.460e-02 3.131e+04
8.101e-02 3.235e+04
7.987e-02 3.265e+04
8.244e-02 3.192e+04
8.607e-02 3.098e+04
8.920e-02 2.994e+04
9.098e-02 2.961e+04
9.598e-02 2.892e+04
8.388e-02 3.155e+04
8.511e-02 3.090e+04
8.634e-02 3.075e+04
8.352e-02 3.147e+04
7.998e-02 3.285e+04
8.315e-02 3.178e+04
7.939e-02 3.282e+04
8.615e-02 3.089e+04
8.925e-02 3.012e+04
8.441e-02 3.161e+04
7.647e-02 3.433e+04
8.528e-02 3.072e+04
9.196e-02 2.952e+04
9.283e-02 2.928e+04
8.072e-02 3.235e+04
9.385e-02 2.899e+04
8.156e-02 3.222e+04
8.300e-02 3.165e+04
7.998e-02 3.313e+04
7.387e-02 3.525e+04
8.112e-02 3.273e+04
8.743e-02 3.053e+04
8.121e-02 3.229e+04
9.219e-02 2.939e+04
9.041e-02 2.940e+04
8.410e-02 3.137e+04
8.413e-02 3.152e+04
8.149e-02 3.220e+04
8.040e-02 3.274e+04
7.501e-02 3.479e+04
8.546e-02 3.091e+04
8.754e-02 3.063e+04
9.010e-02 2.968e+04
8.306e-02 3.168e+04
8.905e-02 3.014e+04
8.159e-02 3.247e+04
8.976e-02 2.961e+04
8.329e-02 3.164e+04
8.430e-02 3.141e+04
8.760e-02 3.030e+04
8.705e-02 3.050e+04
8.779e-02 3.046e+04
9.567e-02 2.838e+04
8.588e-02 3.101e+04
8.961e-02 2.973e+04
8.251e-02 3.174e+04
8.640e-02 3.081e+04
8.630e-02 3.078e+04
8.583e-02 3.111e+04
8.736e-02 3.038e+04
7.204e-02 3.592e+04
8.219e-02 3.220e+04
9.077e-02 2.965e+04
8.627e-02 3.099e+04
7.179e-02 3.603e+04
8.820e-02 3.027e+04
8.527e-02 3.096e+04
8.567e-02 3.073e+04
7.949e-02 3.287e+04
8.432e-02 3.129e+04
8.455e-02 3.139e+04
8.792e-02 3.036e+04
8.878e-02 3.023e+04
8.734e-02 3.087e+04
8.297e-02 3.171e+04
8.974e-02 2.971e+04
7.823e-02 3.322e+04
7.934e-02 3.302e+04
8.229e-02 3.221e+04
8.763e-02 3.089e+04
9.013e-02 2.984e+04
8.816e-02 3.026e+04
8.603e-02 3.094e+04
8.757e-02 3.045e+04
8.857e-02 3.006e+04
8.322e-02 3.158e+04
8.429e-02 3.110e+04
8.967e-02 2.965e+04
8.159e-02 3.192e+04
8.713e-02 3.066e+04
8.307e-02 3.187e+04
8.104e-02 3.219e+04
8.278e-02 3.170e+04
8.961e-02 2.995e+04
9.026e-02 2.987e+04
7.782e-02 3.373e+04
8.263e-02 3.190e+04
7.496e-02 3.456e+04
8.259e-02 3.166e+04
7.899e-02 3.264e+04
8.848e-02 3.019e+04
7.945e-02 3.340e+04
9.260e-02 2.930e+04
9.066e-02 2.974e+04
8.012e-02 3.257e+04
9.206e-02 2.925e+04
7.910e-02 3.300e+04
8.541e-02 3.115e+04
8.537e-02 3.084e+04
9.054e-02 2.980e+04
8.120e-02 3.258e+04
8.979e-02 2.967e+04
8.733e-02 3.043e+04
8.305e-02 3.146e+04
9.321e-02 2.905e+04
8.668e-02 3.033e+04
8.191e-02 3.220e+04
7.643e-02 3.400e+04
7.480e-02 3.518e+04
8.956e-02 3.000e+04
8.559e-02 3.057e+04
8.908e-02 3.024e+04
8.457e-02 3.150e+04
8.671e-02 3.039e+04
8.476e-02 3.126e+04
8.725e-02 3.067e+04
8.465e-02 3.104e+04
8.448e-02 3.097e+04
8.521e-02 3.092e+04
8.934e-02 3.010e+04
8.436e-02 3.119e+04
8.097e-02 3.229e+04
8.563e-02 3.093e+04
8.480e-02 3.112e+04
8.478e-02 3.129e+04
8.155e-02 3.195e+04
8.401e-02 3.150e+04
7.617e-02 3.420e+04
8.743e-02 3.053e+04
9.051e-02 2.970e+04
9.482e-02 2.881e+04
8.063e-02 3.256e+04
8.314e-02 3.210e+04
8.990e-02 2.972e+04
7.926e-02 3.330e+04
7.801e-02 3.376e+04
8.376e-02 3.180e+04
8.343e-02 3.167e+04
8.108e-02 3.218e+04
8.561e-02 3.106e+04
7.865e-02 3.298e+04
9.470e-02 2.880e+04
8.704e-02 3.075e+04
7.847e-02 3.329e+04
7.777e-02 3.346e+04
8.568e-02 3.058e+04
9.147e-02 2.935e+04
7.762e-02 3.356e+04
8.062e-02 3.280e+04
8.089e-02 3.261e+04
8.654e-02 3.072e+04
8.057e-02 3.241e+04
8.851e-02 3.003e+04
8.311e-02 3.226e+04
8.196e-02 3.239e+04
8.713e-02 3.063e+04
7.733e-02 3.352e+04
7.996e-02 3.257e+04
8.382e-02 3.117e+04
8.467e-02 3.128e+04
8.814e-02 2.990e+04
8.440e-02 3.093e+04
8.824e-02 3.033e+04
8.831e-02 3.013e+04
8.916e-02 2.992e+04
9.124e-02 2.950e+04
7.978e-02 3.290e+04
8.267e-02 3.163e+04
8.890e-02 3.000e+04
8.849e-02 3.029e+04
8.495e-02 3.092e+04
8.320e-02 3.138e+04
9.273e-02 2.892e+04
7.980e-02 3.280e+04
8.724e-02 3.028e+04
8.039e-02 3.296e+04
7.879e-02 3.330e+04
8.209e-02 3.217e+04
8.111e-02 3.239e+04
9.281e-02 2.913e+04
9.044e-02 2.982e+04
8.884e-02 2.972e+04
8.295e-02 3.139e+04
8.751e-02 3.062e+04
8.040e-02 3.257e+04
9.468e-02 2.851e+04
8.691e-02 3.047e+04
8.484e-02 3.107e+04
8.645e-02 3.065e+04
8.735e-02 3.056e+04
8.238e-02 3.197e+04
8.699e-02 3.018e+04
8.089e-02 3.223e+04
7.789e-02 3.323e+04
9.043e-02 2.966e+04
9.022e-02 2.962e+04
9.019e-02 2.969e+04
8.438e-02 3.149e+04
8.572e-02 3.125e+04
8.762e-02 3.041e+04
8.803e-02 3.016e+04
7.914e-02 3.294e+04
8.341e-02 3.164e+04
8.220e-02 3.173e+04
7.888e-02 3.301e+04
7.746e-02 3.418e+04
8.159e-02 3.240e+04
8.089e-02 3.228e+04
8.692e-02 3.065e+04
8.027e-02 3.232e+04
7.957e-02 3.256e+04
8.418e-02 3.106e+04
8.135e-02 3.224e+04
8.367e-02 3.159e+04
8.252e-02 3.182e+04
9.036e-02 3.004e+04
1.002e-01 2.779e+04
8.009e-02 3.260e+04
8.157e-02 3.210e+04
8.424e-02 3.151e+04
8.434e-02 3.175e+04
8.660e-02 3.123e+04
7.569e-02 3.452e+04
8.370e-02 3.141e+04
9.542e-02 2.862e+04
8.459e-02 3.143e+04
9.143e-02 2.958e+04
8.111e-02 3.208e+04
8.131e-02 3.217e+04
7.923e-02 3.287e+04
9.150e-02 2.951e+04
8.210e-02 3.257e+04
7.935e-02 3.260e+04
8.645e-02 3.092e+04
9.657e-02 2.857e+04
8.296e-02 3.160e+04
8.305e-02 3.168e+04
8.966e-02 2.971e+04
8.558e-02 3.085e+04
9.020e-02 3.003e+04
8.210e-02 3.229e+04
9.643e-02 2.815e+04
8.325e-02 3.142e+04
8.269e-02 3.184e+04
8.926e-02 2.992e+04
8.237e-02 3.161e+04
8.925e-02 3.020e+04
9.041e-02 2.972e+04
8.211e-02 3.211e+04
8.654e-02 3.065e+04
8.392e-02 3.131e+04
8.308e-02 3.135e+04
8.486e-02 3.129e+04
9.073e-02 2.964e+04
8.491e-02 3.093e+04
8.647e-02 3.042e+04
8.397e-02 3.124e+04
9.195e-02 2.943e+04
7.618e-02 3.382e+04
8.508e-02 3.121e+04
8.535e-02 3.114e+04
8.587e-02 3.111e+04
9.246e-02 2.902e+04
7.998e-02 3.280e+04
8.376e-02 3.159e+04
8.007e-02 3.276e+04
8.784e-02 3.041e+04
8.633e-02 3.036e+04
8.706e-02 3.054e+04
8.542e-02 3.095e+04
7.532e-02 3.454e+04
9.151e-02 2.918e+04
7.528e-02 3.471e+04
8.304e-02 3.127e+04
8.420e-02 3.118e+04
9.450e-02 2.880e+04
9.000e-02 2.982e+04
8.589e-02 3.119e+04
9.389e-02 2.895e+04
9.567e-02 2.882e+04
7.866e-02 3.311e+04
7.714e-02 3.357e+04
8.156e-02 3.195e+04
7.996e-02 3.251e+04
7.448e-02 3.522e+04
8.126e-02 3.198e+04
9.069e-02 2.964e+04
8.169e-02 3.242e+04
8.408e-02 3.140e+04
7.938e-02 3.299e+04
9.496e-02 2.902e+04
8.376e-02 3.177e+04
8.255e-02 3.208e+04
8.389e-02 3.133e+04
8.717e-02 3.067e+04
8.490e-02 3.084e+04
8.283e-02 3.183e+04
8.911e-02 2.981e+04
8.358e-02 3.157e+04
8.341e-02 3.189e+04
9.154e-02 2.933e+04
8.691e-02 3.050e+04
9.146e-02 2.941e+04
8.405e-02 3.152e+04
7.625e-02 3.456e+04
8.359e-02 3.145e+04
8.754e-02 3.031e+04
8.742e-02 3.041e+04
8.758e-02 3.038e+04
9.146e-02 2.948e+04
7.915e-02 3.338e+04
8.256e-02 3.180e+04
9.013e-02 2.958e+04
8.285e-02 3.147e+04
8.873e-02 3.018e+04
8.779e-02 2.991e+04
8.374e-02 3.134e+04
8.491e-02 3.118e+04
8.278e-02 3.164e+04
7.587e-02 3.454e+04
8.613e-02 3.074e+04
8.602e-02 3.080e+04
8.337e-02 3.195e+04
8.658e-02 3.081e+04
8.514e-02 3.136e+04
8.237e-02 3.136e+04
8.117e-02 3.189e+04
9.074e-02 2.975e+04
8.562e-02 3.080e+04
7.952e-02 3.337e+04
8.958e-02 2.995e+04
8.611e-02 3.086e+04
9.426e-02 2.876e+04
7.549e-02 3.465e+04
9.285e-02 2.886e+04
8.364e-02 3.190e+04
8.524e-02 3.092e+04
8.116e-02 3.229e+04
8.839e-02 3.026e+04
8.271e-02 3.177e+04
8.182e-02 3.202e+04
8.050e-02 3.282e+04
8.362e-02 3.148e+04
8.567e-02 3.074e+04
8.465e-02 3.126e+04
9.084e-02 2.960e+04
9.068e-02 2.929e+04
9.123e-02 2.945e+04
9.402e-02 2.884e+04
8.881e-02 2.996e+04
8.183e-02 3.189e+04
9.518e-02 2.891e+04
8.316e-02 3.188e+04
7.646e-02 3.444e+04
8.666e-02 3.056e+04
8.267e-02 3.175e+04
9.029e-02 2.971e+04
9.513e-02 2.845e+04
8.036e-02 3.272e+04
8.192e-02 3.238e+04
8.299e-02 3.161e+04
8.781e-02 3.013e+04
8.188e-02 3.211e+04
7.715e-02 3.416e+04
8.819e-02 3.006e+04
8.431e-02 3.161e+04
9.064e-02 2.990e+04
8.277e-02 3.198e+04
8.535e-02 3.101e+04
8.634e-02 3.065e+04
8.264e-02 3.167e+04
7.951e-02 3.294e+04
8.833e-02 3.016e+04
8.875e-02 3.018e+04
8.166e-02 3.237e+04
9.151e-02 2.947e+04
8.096e-02 3.258e+04
8.347e-02 3.135e+04
8.860e-02 3.023e+04
9.095e-02 2.978e+04
8.368e-02 3.129e+04
8.385e-02 3.102e+04
8.243e-02 3.176e+04
7.791e-02 3.346e+04
8.867e-02 2.998e+04
8.679e-02 3.061e+04
9.075e-02 2.954e+04
7.973e-02 3.302e+04
8.748e-02 3.034e+04
8.509e-02 3.130e+04
7.997e-02 3.254e+04
9.597e-02 2.849e+04
8.687e-02 3.082e+04
8.052e-02 3.235e+04
8.400e-02 3.169e+04
7.782e-02 3.362e+04
8.428e-02 3.159e+04
8.284e-02 3.185e+04
8.206e-02 3.236e+04
8.364e-02 3.152e+04
8.653e-02 3.075e+04
8.817e-02 3.020e+04
8.900e-02 2.981e+04
9.418e-02 2.895e+04
9.143e-02 2.970e+04
8.655e-02 3.057e+04
8.012e-02 3.244e+04
9.094e-02 2.944e+04
8.103e-02 3.258e+04
8.121e-02 3.244e+04
8.796e-02 3.053e+04
8.479e-02 3.092e+04
8.954e-02 2.989e+04
8.162e-02 3.212e+04
8.819e-02 3.029e+04
9.121e-02 2.940e+04
8.502e-02 3.124e+04
9.082e-02 2.964e+04
7.853e-02 3.346e+04
7.866e-02 3.310e+04
8.238e-02 3.178e+04
7.801e-02 3.401e+04
8.535e-02 3.101e+04
8.412e-02 3.145e+04
8.590e-02 3.083e+04
7.925e-02 3.240e+04
8.735e-02 3.063e+04
7.900e-02 3.290e+04
7.834e-02 3.355e+04
7.940e-02 3.297e+04
8.274e-02 3.190e+04
8.481e-02 3.115e+04
7.620e-02 3.424e+04
8.475e-02 3.125e+04
7.765e-02 3.342e+04
8.768e-02 3.047e+04
8.354e-02 3.117e+04
8.256e-02 3.165e+04
8.724e-02 3.033e+04
8.232e-02 3.161e+04
8.534e-02 3.111e+04
8.528e-02 3.099e+04
7.961e-02 3.264e+04
8.855e-02 3.033e+04
7.945e-02 3.297e+04
9.067e-02 2.948e+04
8.610e-02 3.076e+04
8.037e-02 3.274e+04
8.107e-02 3.254e+04
7.519e-02 3.478e+04
8.381e-02 3.139e+04
8.358e-02 3.154e+04
8.591e-02 3.059e+04
9.128e-02 2.926e+04
9.097e-02 2.973e+04
8.734e-02 3.036e+04
8.468e-02 3.121e+04
8.144e-02 3.246e+04
9.065e-02 2.976e+04
8.337e-02 3.186e+04
7.982e-02 3.305e+04
8.085e-02 3.227e+04
8.589e-02 3.051e+04
8.573e-02 3.093e+04
9.210e-02 2.936e+04
8.152e-02 3.234e+04
8.698e-02 3.067e+04
8.397e-02 3.142e+04
8.361e-02 3.179e+04
8.121e-02 3.245e+04
8.086e-02 3.226e+04
8.655e-02 3.072e+04
7.852e-02 3.296e+04
8.423e-02 3.132e+04
8.347e-02 3.145e+04
8.001e-02 3.281e+04
8.187e-02 3.186e+04
8.719e-02 3.043e+04
8.083e-02 3.231e+04
8.229e-02 3.175e+04
8.632e-02 3.075e+04
8.084e-02 3.202e+04
9.224e-02 2.930e+04
8.027e-02 3.281e+04
7.911e-02 3.327e+04
8.987e-02 2.962e+04
9.343e-02 2.914e+04
8.109e-02 3.238e+04
9.280e-02 2.922e+04
8.848e-02 3.022e+04
8.364e-02 3.115e+04
8.338e-02 3.156e+04
7.971e-02 3.276e+04
8.741e-02 3.051e+04
8.720e-02 3.040e+04
8.452e-02 3.130e+04
7.702e-02 3.396e+04
8.048e-02 3.240e+04
8.035e-02 3.270e+04
8.837e-02 3.028e+04
8.168e-02 3.245e+04
8.494e-02 3.102e+04
8.434e-02 3.149e+04
7.724e-02 3.377e+04
7.827e-02 3.341e+04
8.011e-02 3.257e+04
8.469e-02 3.083e+04
8.293e-02 3.211e+04
8.856e-02 3.026e+04
8.463e-02 3.122e+04
8.442e-02 3.104e+04
8.632e-02 3.089e+04
8.174e-02 3.251e+04
8.382e-02 3.130e+04
9.101e-02 2.969e+04
8.308e-02 3.167e+04
7.988e-02 3.300e+04
7.982e-02 3.288e+04
8.454e-02 3.115e+04
8.495e-02 3.109e+04
8.653e-02 3.064e+04
8.541e-02 3.117e+04
8.438e-02 3.108e+04
8.925e-02 2.972e+04
8.898e-02 3.014e+04
7.682e-02 3.378e+04
8.816e-02 3.027e+04
8.285e-02 3.209e+04
8.235e-02 3.159e+04
8.804e-02 3.054e+04
9.557e-02 2.858e+04
8.442e-02 3.147e+04
7.859e-02 3.323e+04
8.436e-02 3.124e+04
8.449e-02 3.126e+04
8.268e-02 3.153e+04
7.893e-02 3.284e+04
8.511e-02 3.133e+04
8.021e-02 3.268e+04
9.008e-02 2.966e+04
9.324e-02 2.936e+04
8.923e-02 2.986e+04
8.345e-02 3.182e+04
8.153e-02 3.216e+04
8.860e-02 2.980e+04
8.595e-02 3.087e+04
9.440e-02 2.881e+04
8.226e-02 3.225e+04
8.395e-02 3.194e+04
8.570e-02 3.098e+04
8.405e-02 3.132e+04
8.100e-02 3.245e+04
9.205e-02 2.912e+04
8.552e-02 3.093e+04
8.500e-02 3.108e+04
8.707e-02 3.064e+04
8.381e-02 3.156e+04
8.726e-02 3.032e+04
9.090e-02 2.948e+04
8.154e-02 3.242e+04
7.986e-02 3.300e+04
8.645e-02 3.085e+04
8.698e-02 3.092e+04
8.323e-02 3.221e+04
8.190e-02 3.206e+04
8.403e-02 3.132e+04
8.415e-02 3.122e+04
8.248e-02 3.196e+04
8.677e-02 3.066e+04
7.832e-02 3.329e+04
8.610e-02 3.115e+04
7.677e-02 3.395e+04
8.694e-02 3.048e+04
7.890e-02 3.293e+04
8.716e-02 3.058e+04
7.965e-02 3.278e+04
8.003e-02 3.237e+04
8.632e-02 3.066e+04
8.477e-02 3.091e+04
8.139e-02 3.223e+04
8.799e-02 3.024e+04
8.711e-02 3.045e+04
8.423e-02 3.161e+04
9.021e-02 2.981e+04
8.791e-02 3.064e+04
7.929e-02 3.329e+04
9.185e-02 2.937e+04
8.459e-02 3.132e+04
8.744e-02 3.111e+04
8.252e-02 3.192e+04
8.974e-02 2.981e+04
8.237e-02 3.167e+04
9.278e-02 2.927e+04
9.021e-02 2.964e+04
8.460e-02 3.137e+04
8.659e-02 3.071e+04
9.535e-02 2.871e+04
8.578e-02 3.072e+04
8.511e-02 3.136e+04
7.766e-02 3.302e+04
8.699e-02 3.088e+04
9.260e-02 2.938e+04
8.209e-02 3.208e+04
9.058e-02 2.985e+04
7.743e-02 3.345e+04
8.143e-02 3.229e+04
8.776e-02 3.035e+04
8.132e-02 3.242e+04
8.600e-02 3.075e+04
8.533e-02 3.100e+04
8.088e-02 3.209e+04
8.960e-02 2.988e+04
8.453e-02 3.139e+04
8.119e-02 3.180e+04
8.417e-02 3.129e+04
8.161e-02 3.192e+04
8.445e-02 3.128e+04
7.924e-02 3.285e+04
8.241e-02 3.204e+04
8.148e-02 3.205e+04
8.228e-02 3.207e+04
9.183e-02 2.941e+04
8.663e-02 3.054e+04
8.848e-02 3.017e+04
8.374e-02 3.157e+04
8.981e-02 2.971e+04
9.088e-02 2.960e+04
8.245e-02 3.182e+04
8.887e-02 3.022e+04
8.740e-02 3.002e+04
8.599e-02 3.076e+04
8.358e-02 3.161e+04
8.506e-02 3.125e+04
9.719e-02 2.853e+04
8.531e-02 3.107e+04
8.856e-02 3.030e+04
8.278e-02 3.157e+04
8.440e-02 3.117e+04
7.796e-02 3.378e+04
9.071e-02 2.933e+04
8.648e-02 3.078e+04
8.271e-02 3.227e+04
8.616e-02 3.079e+04
8.566e-02 3.091e+04
8.568e-02 3.050e+04
8.162e-02 3.212e+04
9.270e-02 2.928e+04
8.267e-02 3.227e+04
8.301e-02 3.172e+04
7.892e-02 3.331e+04
8.918e-02 3.001e+04
8.252e-02 3.191e+04
8.586e-02 3.117e+04
8.635e-02 3.067e+04
9.129e-02 2.964e+04
7.908e-02 3.341e+04
8.594e-02 3.095e+04
7.828e-02 3.335e+04
8.043e-02 3.262e+04
7.755e-02 3.323e+04
8.932e-02 2.998e+04
8.995e-02 2.973e+04
8.372e-02 3.139e+04
8.135e-02 3.233e+04
8.334e-02 3.164e+04
8.486e-02 3.106e+04
8.711e-02 3.069e+04
8.141e-02 3.254e+04
9.339e-02 2.903e+04
8.006e-02 3.315e+04
8.590e-02 3.092e+04
8.012e-02 3.295e+04
8.212e-02 3.249e+04
8.381e-02 3.143e+04
8.538e-02 3.118e+04
7.927e-02 3.294e+04
8.873e-02 2.998e+04
7.946e-02 3.337e+04
8.279e-02 3.143e+04
8.778e-02 3.065e+04
8.685e-02 3.068e+04
8.816e-02 3.041e+04
9.085e-02 2.921e+04
9.206e-02 2.967e+04
8.088e-02 3.240e+04
8.807e-02 3.048e+04
7.880e-02 3.311e+04
8.568e-02 3.060e+04
8.187e-02 3.222e+04
8.672e-02 3.097e+04
8.028e-02 3.311e+04
7.710e-02 3.388e+04
9.430e-02 2.907e+04
7.907e-02 3.303e+04
8.571e-02 3.093e+04
8.208e-02 3.224e+04
8.476e-02 3.111e+04
8.397e-02 3.107e+04
9.195e-02 2.949e+04
1.009e-01 2.767e+04
8.755e-02 3.066e+04
8.537e-02 3.099e+04
8.877e-02 3.001e+04
8.841e-02 3.001e+04
8.172e-02 3.207e+04
8.621e-02 3.090e+04
8.200e-02 3.151e+04
8.178e-02 3.198e+04
8.124e-02 3.184e+04
7.604e-02 3.444e+04
8.095e-02 3.246e+04
8.523e-02 3.093e+04
9.456e-02 2.922e+04
7.894e-02 3.313e+04
8.009e-02 3.257e+04
8.171e-02 3.217e+04
8.180e-02 3.242e+04
7.950e-02 3.261e+04
8.730e-02 3.044e+04
8.399e-02 3.193e+04
8.510e-02 3.087e+04
8.677e-02 3.060e+04
9.517e-02 2.862e+04
8.409e-02 3.158e+04
8.577e-02 3.075e+04
8.026e-02 3.287e+04
8.001e-02 3.292e+04
8.196e-02 3.219e+04
9.058e-02 2.956e+04
8.567e-02 3.117e+04
9.282e-02 2.905e+04
8.116e-02 3.206e+04
8.729e-02 3.027e+04
8.514e-02 3.112e+04
8.594e-02 3.067e+04
8.323e-02 3.177e+04
8.120e-02 3.217e+04
9.183e-02 2.952e+04
8.383e-02 3.169e+04
9.647e-02 2.827e+04
8.580e-02 3.089e+04
8.369e-02 3.173e+04
8.289e-02 3.187e+04
8.763e-02 3.036e+04
7.722e-02 3.349e+04
9.184e-02 2.908e+04
8.704e-02 3.063e+04
8.977e-02 2.998e+04
8.333e-02 3.162e+04
8.994e-02 2.977e+04
8.785e-02 3.046e+04
8.436e-02 3.143e+04
8.493e-02 3.104e+04
8.336e-02 3.183e+04
8.314e-02 3.196e+04
9.787e-02 2.818e+04
8.236e-02 3.191e+04
8.163e-02 3.234e+04
8.064e-02 3.212e+04
8.087e-02 3.253e+04
8.399e-02 3.129e+04
8.292e-02 3.176e+04
8.114e-02 3.205e+04
8.368e-02 3.127e+04
8.497e-02 3.083e+04
7.906e-02 3.313e+04
7.844e-02 3.379e+04
8.837e-02 3.015e+04
8.188e-02 3.195e+04
8.480e-02 3.081e+04
8.259e-02 3.172e+04
8.865e-02 3.023e+04
8.643e-02 3.091e+04
8.043e-02 3.226e+04
8.705e-02 3.041e+04
7.962e-02 3.256e+04
8.678e-02 3.066e+04
8.322e-02 3.142e+04
8.350e-02 3.105e+04
9.301e-02 2.955e+04
8.501e-02 3.107e+04
9.036e-02 2.947e+04
8.004e-02 3.281e+04
8.560e-02 3.074e+04
8.552e-02 3.078e+04
8.352e-02 3.187e+04
8.733e-02 3.031e+04
8.732e-02 3.073e+04
7.973e-02 3.246e+04
9.235e-02 2.911e+04
8.270e-02 3.153e+04
8.046e-02 3.278e+04
8.539e-02 3.102e+04
8.164e-02 3.213e+04
7.821e-02 3.323e+04
8.453e-02 3.124e+04
8.014e-02 3.281e+04
8.331e-02 3.184e+04
8.198e-02 3.199e+04
8.083e-02 3.277e+04
8.720e-02 3.058e+04
8.589e-02 3.082e+04
8.087e-02 3.223e+04
8.791e-02 3.040e+04
8.445e-02 3.109e+04
8.645e-02 3.057e+04
9.053e-02 2.969e+04
8.294e-02 3.171e+04
8.449e-02 3.088e+04
8.492e-02 3.102e+04
8.799e-02 3.038e+04
8.621e-02 3.055e+04
8.591e-02 3.111e+04
8.774e-02 3.043e+04
8.771e-02 3.050e+04
8.062e-02 3.242e+04
8.729e-02 3.052e+04
8.992e-02 3.002e+04
8.370e-02 3.162e+04
8.001e-02 3.233e+04
8.646e-02 3.093e+04
7.987e-02 3.322e+04
8.838e-02 3.029e+04
8.604e-02 3.105e+04
8.585e-02 3.085e+04
8.620e-02 3.084e+04
7.693e-02 3.444e+04
8.916e-02 3.000e+04
8.338e-02 3.154e+04
8.364e-02 3.138e+04
9.094e-02 2.949e+04
8.273e-02 3.163e+04
8.567e-02 3.090e+04
8.523e-02 3.125e+04
8.936e-02 2.974e+04
8.963e-02 3.017e+04
8.686e-02 3.093e+04
8.472e-02 3.131e+04
8.453e-02 3.128e+04
7.942e-02 3.317e+04
8.271e-02 3.197e+04
8.047e-02 3.285e+04
9.484e-02 2.901e+04
8.731e-02 3.046e+04
8.390e-02 3.152e+04
7.628e-02 3.399e+04
8.179e-02 3.220e+04
8.265e-02 3.200e+04
8.374e-02 3.169e+04
8.730e-02 3.050e+04
8.078e-02 3.233e+04
8.557e-02 3.091e+04
8.340e-02 3.186e+04
8.354e-02 3.177e+04
8.498e-02 3.120e+04
8.910e-02 3.000e+04
8.049e-02 3.238e+04
9.008e-02 2.971e+04
9.050e-02 2.980e+04
8.712e-02 3.112e+04
7.984e-02 3.260e+04
7.783e-02 3.360e+04
8.376e-02 3.155e+04
8.615e-02 3.085e+04
7.964e-02 3.249e+04
8.942e-02 2.976e+04
8.705e-02 3.047e+04
8.452e-02 3.131e+04
8.986e-02 2.976e+04
8.855e-02 3.034e+04
8.974e-02 3.017e+04
8.635e-02 3.101e+04
7.862e-02 3.332e+04
8.652e-02 3.104e+04
8.590e-02 3.097e+04
8.495e-02 3.147e+04
8.334e-02 3.160e+04
7.486e-02 3.526e+04
8.611e-02 3.070e+04
8.445e-02 3.125e+04
7.891e-02 3.357e+04
7.448e-02 3.483e+04
9.019e-02 2.972e+04
9.306e-02 2.919e+04
8.361e-02 3.128e+04
8.025e-02 3.253e+04
9.071e-02 2.974e+04
9.314e-02 2.911e+04
8.537e-02 3.117e+04
8.017e-02 3.293e+04
7.911e-02 3.287e+04
8.548e-02 3.120e+04
8.803e-02 2.988e+04
8.733e-02 3.061e+04
8.867e-02 3.001e+04
7.969e-02 3.277e+04
8.467e-02 3.166e+04
8.168e-02 3.220e+04
8.735e-02 3.076e+04
8.062e-02 3.251e+04
8.167e-02 3.188e+04
8.609e-02 3.056e+04
8.022e-02 3.234e+04
8.474e-02 3.108e+04
8.185e-02 3.211e+04
8.489e-02 3.101e+04
8.749e-02 3.059e+04
7.803e-02 3.327e+04
7.665e-02 3.365e+04
8.039e-02 3.256e+04
7.808e-02 3.369e+04
7.641e-02 3.390e+04
8.556e-02 3.101e+04
8.498e-02 3.083e+04
8.646e-02 3.071e+04
7.700e-02 3.400e+04
8.665e-02 3.064e+04
8.978e-02 3.030e+04
7.901e-02 3.282e+04
8.724e-02 3.033e+04
9.234e-02 2.945e+04
8.849e-02 3.038e+04
8.229e-02 3.194e+04
8.087e-02 3.246e+04
8.406e-02 3.132e+04
9.770e-02 2.812e+04
8.043e-02 3.265e+04
8.319e-02 3.183e+04
7.885e-02 3.313e+04
9.817e-02 2.837e+04
8.332e-02 3.170e+04
8.587e-02 3.094e+04
8.380e-02 3.113e+04
8.582e-02 3.096e+04
8.009e-02 3.268e+04
7.916e-02 3.334e+04
7.859e-02 3.334e+04
7.434e-02 3.472e+04
7.680e-02 3.383e+04
8.375e-02 3.138e+04
8.444e-02 3.111e+04
8.630e-02 3.060e+04
8.853e-02 3.044e+04
8.448e-02 3.145e+04
8.436e-02 3.150e+04
9.353e-02 2.902e+04
8.285e-02 3.171e+04
9.331e-02 2.915e+04
9.224e-02 2.933e+04
8.986e-02 3.014e+04
8.065e-02 3.235e+04
9.552e-02 2.871e+04
8.033e-02 3.263e+04
8.385e-02 3.178e+04
7.905e-02 3.340e+04
8.474e-02 3.140e+04
8.577e-02 3.083e+04
8.770e-02 3.043e+04
8.941e-02 2.995e+04
8.059e-02 3.279e+04
9.009e-02 2.966e+04
8.407e-02 3.149e+04
8.968e-02 3.006e+04
8.954e-02 2.967e+04
8.871e-02 3.038e+04
8.413e-02 3.140e+04
8.178e-02 3.208e+04
8.875e-02 2.976e+04
8.475e-02 3.123e+04
8.326e-02 3.178e+04
8.572e-02 3.083e+04
8.042e-02 3.273e+04
7.732e-02 3.343e+04
9.166e-02 2.951e+04
8.167e-02 3.158e+04
7.619e-02 3.419e+04
9.280e-02 2.895e+04
8.969e-02 2.999e+04
7.878e-02 3.316e+04
8.178e-02 3.194e+04
8.619e-02 3.075e+04
8.640e-02 3.033e+04
8.879e-02 2.980e+04
8.394e-02 3.136e+04
8.646e-02 3.084e+04
8.705e-02 3.053e+04
8.884e-02 3.024e+04
8.451e-02 3.112e+04
8.051e-02 3.268e+04
9.490e-02 2.862e+04
8.508e-02 3.119e+04
7.916e-02 3.325e+04
8.413e-02 3.095e+04
8.244e-02 3.192e+04
8.497e-02 3.134e+04
7.761e-02 3.367e+04
9.039e-02 2.938e+04
7.800e-02 3.374e+04
8.443e-02 3.152e+04
8.050e-02 3.209e+04
7.889e-02 3.297e+04
8.563e-02 3.082e+04
8.439e-02 3.127e+04
8.748e-02 3.050e+04
8.613e-02 3.111e+04
8.845e-02 3.027e+04
7.721e-02 3.354e+04
9.137e-02 2.991e+04
9.086e-02 2.926e+04
8.024e-02 3.289e+04
8.020e-02 3.268e+04
8.092e-02 3.248e+04
8.686e-02 3.056e+04
8.804e-02 3.051e+04
8.715e-02 3.065e+04
7.977e-02 3.288e+04
7.901e-02 3.325e+04
7.925e-02 3.330e+04
7.985e-02 3.298e+04
8.709e-02 3.061e+04
8.914e-02 2.988e+04
7.853e-02 3.310e+04
8.436e-02 3.102e+04
8.613e-02 3.057e+04
8.975e-02 2.994e+04
9.194e-02 2.937e+04
9.333e-02 2.888e+04
7.980e-02 3.280e+04
8.980e-02 2.986e+04
8.357e-02 3.149e+04
9.017e-02 2.964e+04
8.410e-02 3.077e+04
7.757e-02 3.386e+04
8.092e-02 3.258e+04
8.350e-02 3.154e+04
7.926e-02 3.294e+04
7.917e-02 3.317e+04
8.325e-02 3.178e+04
8.240e-02 3.193e+04
7.759e-02 3.308e+04
8.392e-02 3.144e+04
7.997e-02 3.245e+04
8.992e-02 2.973e+04
7.991e-02 3.251e+04
8.289e-02 3.093e+04
8.587e-02 3.039e+04
8.379e-02 3.119e+04
8.385e-02 3.124e+04
8.179e-02 3.203e+04
8.716e-02 3.073e+04
8.475e-02 3.103e+04
8.787e-02 3.023e+04
8.506e-02 3.133e+04
8.254e-02 3.169e+04
8.300e-02 3.196e+04
8.262e-02 3.190e+04
7.973e-02 3.298e+04
8.530e-02 3.120e+04
8.650e-02 3.066e+04
8.541e-02 3.104e+04
8.351e-02 3.140e+04
8.495e-02 3.104e+04
8.492e-02 3.093e+04
7.793e-02 3.289e+04
8.180e-02 3.199e+04
9.054e-02 2.971e+04
9.601e-02 2.831e+04
8.700e-02 3.079e+04
7.909e-02 3.263e+04
8.165e-02 3.211e+04
8.844e-02 3.045e+04
8.966e-02 2.988e+04
8.328e-02 3.179e+04
8.854e-02 3.021e+04
8.222e-02 3.182e+04
9.171e-02 2.967e+04
8.842e-02 3.043e+04
7.930e-02 3.317e+04
8.167e-02 3.208e+04
9.190e-02 2.942e+04
8.459e-02 3.099e+04
8.575e-02 3.093e+04
9.139e-02 2.968e+04
9.157e-02 2.925e+04
7.859e-02 3.330e+04
8.158e-02 3.183e+04
8.556e-02 3.105e+04
8.392e-02 3.152e+04
8.672e-02 3.055e+04
7.876e-02 3.342e+04
9.404e-02 2.900e+04
8.185e-02 3.185e+04
8.779e-02 3.035e+04
8.285e-02 3.182e+04
8.324e-02 3.139e+04
8.433e-02 3.135e+04
7.753e-02 3.391e+04
7.959e-02 3.294e+04
8.354e-02 3.154e+04
8.462e-02 3.097e+04
9.782e-02 2.841e+04
8.399e-02 3.095e+04
8.259e-02 3.189e+04
8.943e-02 2.997e+04
9.291e-02 2.901e+04
8.317e-02 3.160e+04
8.523e-02 3.105e+04
8.713e-02 3.076e+04
8.574e-02 3.079e+04
7.829e-02 3.328e+04
7.829e-02 3.388e+04
8.997e-02 2.970e+04
8.084e-02 3.231e+04
8.917e-02 3.004e+04
8.425e-02 3.109e+04
8.253e-02 3.182e+04
8.481e-02 3.102e+04
8.069e-02 3.235e+04
8.261e-02 3.168e+04
7.969e-02 3.249e+04
8.717e-02 3.037e+04
8.453e-02 3.099e+04
8.497e-02 3.140e+04
8.062e-02 3.296e+04
8.925e-02 3.055e+04
8.470e-02 3.101e+04
9.202e-02 2.971e+04
8.246e-02 3.225e+04
8.134e-02 3.247e+04
7.854e-02 3.293e+04
8.444e-02 3.131e+04
8.430e-02 3.135e+04
8.418e-02 3.165e+04
9.496e-02 2.896e+04
8.522e-02 3.109e+04
8.801e-02 3.054e+04
8.443e-02 3.127e+04
8.173e-02 3.232e+04
9.640e-02 2.855e+04
9.006e-02 2.953e+04
9.157e-02 2.978e+04
8.439e-02 3.134e+04
8.356e-02 3.170e+04
7.774e-02 3.326e+04
8.992e-02 2.971e+04
8.477e-02 3.096e+04
9.241e-02 2.933e+04
9.014e-02 2.970e+04
8.597e-02 3.111e+04
9.049e-02 2.978e+04
8.796e-02 3.058e+04
8.118e-02 3.233e+04
8.146e-02 3.230e+04
9.446e-02 2.887e+04
8.713e-02 3.060e+04
8.329e-02 3.161e+04
8.609e-02 3.105e+04
8.339e-02 3.150e+04
8.923e-02 2.981e+04
8.490e-02 3.112e+04
9.117e-02 2.960e+04
8.801e-02 2.990e+04
9.244e-02 2.948e+04
8.266e-02 3.165e+04
8.351e-02 3.163e+04
9.079e-02 2.951e+04
7.874e-02 3.283e+04
9.103e-02 2.986e+04
7.715e-02 3.368e+04
8.311e-02 3.164e+04
8.451e-02 3.139e+04
8.340e-02 3.138e+04
9.139e-02 2.970e+04
8.486e-02 3.123e+04
9.386e-02 2.878e+04
8.568e-02 3.101e+04
7.972e-02 3.283e+04
8.941e-02 3.005e+04
8.028e-02 3.237e+04
8.589e-02 3.083e+04
8.090e-02 3.215e+04
8.255e-02 3.149e+04
8.784e-02 3.068e+04
9.313e-02 2.918e+04
7.974e-02 3.290e+04
8.489e-02 3.108e+04
8.923e-02 2.997e+04
8.199e-02 3.216e+04
8.710e-02 3.031e+04
8.071e-02 3.233e+04
8.900e-02 3.010e+04
8.726e-02 3.032e+04
8.496e-02 3.086e+04
9.049e-02 2.981e+04
8.235e-02 3.175e+04
8.593e-02 3.121e+04
7.815e-02 3.374e+04
7.826e-02 3.369e+04
8.833e-02 3.042e+04
7.820e-02 3.303e+04
7.950e-02 3.278e+04
8.840e-02 2.994e+04
8.133e-02 3.210e+04
8.340e-02 3.168e+04
8.874e-02 3.051e+04
8.556e-02 3.120e+04
8.805e-02 3.013e+04
7.415e-02 3.567e+04
8.222e-02 3.168e+04
8.498e-02 3.056e+04
9.072e-02 2.951e+04
8.381e-02 3.150e+04
8.829e-02 3.027e+04
8.130e-02 3.216e+04
8.437e-02 3.109e+04
8.689e-02 3.061e+04
7.908e-02 3.349e+04
8.163e-02 3.252e+04
9.787e-02 2.827e+04
8.769e-02 3.067e+04
8.907e-02 3.025e+04
8.268e-02 3.190e+04
8.098e-02 3.250e+04
8.152e-02 3.183e+04
9.037e-02 2.962e+04
8.965e-02 3.001e+04
8.560e-02 3.072e+04
8.081e-02 3.267e+04
7.979e-02 3.300e+04
9.435e-02 2.884e+04
7.745e-02 3.389e+04
7.985e-02 3.243e+04
8.335e-02 3.146e+04
8.014e-02 3.269e+04
8.122e-02 3.211e+04
9.637e-02 2.844e+04
8.265e-02 3.203e+04
9.401e-02 2.866e+04
8.330e-02 3.145e+04
8.522e-02 3.084e+04
8.400e-02 3.166e+04
8.466e-02 3.135e+04
8.311e-02 3.155e+04
7.945e-02 3.289e+04
8.407e-02 3.150e+04
8.681e-02 3.054e+04
8.975e-02 2.995e+04
8.068e-02 3.275e+04
8.267e-02 3.153e+04
8.754e-02 3.020e+04
9.493e-02 2.883e+04
8.657e-02 3.067e+04
8.211e-02 3.213e+04
8.001e-02 3.295e+04
8.493e-02 3.127e+04
8.281e-02 3.183e+04
8.252e-02 3.157e+04
8.450e-02 3.099e+04
8.086e-02 3.232e+04
9.243e-02 2.942e+04
9.255e-02 2.931e+04
8.258e-02 3.172e+04
8.728e-02 3.015e+04
8.257e-02 3.196e+04
8.935e-02 3.021e+04
8.129e-02 3.209e+04
8.381e-02 3.190e+04
8.268e-02 3.199e+04
8.560e-02 3.092e+04
8.023e-02 3.252e+04
8.093e-02 3.264e+04
8.727e-02 3.060e+04
7.957e-02 3.277e+04
8.525e-02 3.108e+04
8.317e-02 3.184e+04
7.656e-02 3.399e+04
8.113e-02 3.213e+04
7.499e-02 3.437e+04
8.442e-02 3.131e+04
8.541e-02 3.072e+04
8.799e-02 3.055e+04
8.044e-02 3.263e+04
8.699e-02 3.032e+04
8.152e-02 3.213e+04
8.386e-02 3.157e+04
8.515e-02 3.106e+04
8.092e-02 3.221e+04
8.424e-02 3.147e+04
8.179e-02 3.204e+04
7.943e-02 3.260e+04
8.315e-02 3.185e+04
8.251e-02 3.173e+04
8.402e-02 3.110e+04
8.351e-02 3.136e+04
7.987e-02 3.255e+04
8.062e-02 3.228e+04
8.357e-02 3.154e+04
8.065e-02 3.221e+04
7.885e-02 3.337e+04
8.531e-02 3.124e+04
9.059e-02 2.944e+04
8.160e-02 3.176e+04
7.827e-02 3.334e+04
9.260e-02 2.953e+04
8.256e-02 3.202e+04
8.347e-02 3.169e+04
9.117e-02 2.971e+04
8.699e-02 3.063e+04
8.680e-02 3.041e+04
9.011e-02 2.966e+04
8.398e-02 3.169e+04
8.557e-02 3.051e+04
8.756e-02 3.045e+04
9.223e-02 2.934e+04
8.003e-02 3.329e+04
7.897e-02 3.275e+04
9.240e-02 2.928e+04
8.885e-02 3.001e+04
8.781e-02 3.021e+04
8.522e-02 3.122e+04
8.344e-02 3.170e+04
7.660e-02 3.432e+04
8.600e-02 3.122e+04
8.031e-02 3.244e+04
7.762e-02 3.354e+04
8.298e-02 3.168e+04
7.863e-02 3.338e+04
9.414e-02 2.916e+04
8.199e-02 3.201e+04
7.924e-02 3.284e+04
7.752e-02 3.375e+04
8.039e-02 3.244e+04
7.902e-02 3.307e+04
8.085e-02 3.257e+04
7.769e-02 3.371e+04
8.169e-02 3.233e+04
8.241e-02 3.170e+04
8.323e-02 3.116e+04
8.813e-02 3.043e+04
8.469e-02 3.128e+04
9.233e-02 2.931e+04
8.819e-02 3.020e+04
8.426e-02 3.122e+04
8.090e-02 3.228e+04
8.926e-02 3.005e+04
9.590e-02 2.872e+04
8.356e-02 3.129e+04
8.764e-02 3.031e+04
7.542e-02 3.447e+04
7.877e-02 3.306e+04
8.190e-02 3.201e+04
8.449e-02 3.111e+04
7.595e-02 3.444e+04
8.760e-02 3.049e+04
9.161e-02 2.926e+04
9.121e-02 2.929e+04
8.836e-02 3.010e+04
8.224e-02 3.207e+04
8.019e-02 3.238e+04
8.668e-02 3.056e+04
8.643e-02 3.098e+04
7.899e-02 3.314e+04
7.712e-02 3.378e+04
9.120e-02 3.001e+04
8.915e-02 2.985e+04
7.811e-02 3.310e+04
7.846e-02 3.345e+04
8.408e-02 3.145e+04
8.690e-02 3.069e+04
8.553e-02 3.076e+04
8.103e-02 3.240e+04
7.927e-02 3.254e+04
8.525e-02 3.128e+04
9.113e-02 2.956e+04
8.687e-02 3.066e+04
8.636e-02 3.064e+04
8.355e-02 3.124e+04
7.957e-02 3.293e+04
8.572e-02 3.070e+04
8.478e-02 3.106e+04
8.529e-02 3.085e+04
9.219e-02 2.896e+04
7.884e-02 3.328e+04
8.089e-02 3.218e+04
8.448e-02 3.150e+04
8.127e-02 3.220e+04
9.121e-02 2.957e+04
9.043e-02 2.953e+04
8.847e-02 3.021e+04
8.738e-02 3.048e+04
8.410e-02 3.142e+04
7.635e-02 3.427e+04
8.594e-02 3.099e+04
8.228e-02 3.181e+04
8.557e-02 3.069e+04
8.462e-02 3.155e+04
8.872e-02 2.986e+04
8.598e-02 3.056e+04
8.476e-02 3.135e+04
8.181e-02 3.250e+04
8.805e-02 3.035e+04
8.279e-02 3.134e+04
8.974e-02 3.009e+04
8.386e-02 3.155e+04
8.702e-02 3.044e+04
8.380e-02 3.114e+04
8.849e-02 3.014e+04
7.912e-02 3.303e+04
9.994e-02 2.787e+04
8.370e-02 3.178e+04
7.844e-02 3.320e+04
8.892e-02 3.019e+04
8.292e-02 3.173e+04
7.952e-02 3.294e+04
8.892e-02 2.997e+04
8.749e-02 3.048e+04
9.084e-02 2.950e+04
8.309e-02 3.141e+04
8.716e-02 3.059e+04
8.635e-02 3.050e+04
8.647e-02 3.067e+04
8.180e-02 3.224e+04
8.376e-02 3.154e+04
8.118e-02 3.244e+04
8.038e-02 3.306e+04
8.755e-02 3.012e+04
8.373e-02 3.105e+04
8.438e-02 3.148e+04
8.103e-02 3.206e+04
8.561e-02 3.084e+04
8.341e-02 3.160e+04
8.311e-02 3.163e+04
8.137e-02 3.182e+04
7.925e-02 3.319e+04
8.647e-02 3.036e+04
8.722e-02 3.064e+04
8.942e-02 2.970e+04
8.603e-02 3.092e+04
8.938e-02 2.999e+04
7.365e-02 3.547e+04
8.677e-02 3.082e+04
8.500e-02 3.107e+04
8.381e-02 3.160e+04
8.542e-02 3.074e+04
8.340e-02 3.166e+04
8.619e-02 3.091e+04
7.961e-02 3.264e+04
8.754e-02 3.015e+04
8.714e-02 3.035e+04
7.930e-02 3.270e+04
8.658e-02 3.079e+04
8.414e-02 3.141e+04
9.314e-02 2.898e+04
8.656e-02 3.072e+04
8.491e-02 3.096e+04
9.401e-02 2.879e+04
8.250e-02 3.185e+04
8.680e-02 3.088e+04
8.312e-02 3.120e+04
8.067e-02 3.199e+04
8.055e-02 3.250e+04
8.240e-02 3.224e+04
9.248e-02 2.939e+04
8.660e-02 3.123e+04
8.239e-02 3.153e+04
8.715e-02 3.041e+04
7.769e-02 3.303e+04
9.034e-02 2.976e+04
7.993e-02 3.273e+04
9.334e-02 2.908e+04
8.594e-02 3.095e+04
8.492e-02 3.134e+04
8.405e-02 3.187e+04
8.208e-02 3.181e+04
8.183e-02 3.214e+04
8.134e-02 3.195e+04
9.259e-02 2.955e+04
8.855e-02 2.999e+04
8.263e-02 3.198e+04
8.522e-02 3.094e+04
8.266e-02 3.171e+04
8.405e-02 3.131e+04
7.523e-02 3.456e+04
7.977e-02 3.285e+04
7.862e-02 3.319e+04
8.434e-02 3.149e+04
8.363e-02 3.142e+04
8.611e-02 3.100e+04
8.556e-02 3.071e+04
8.600e-02 3.072e+04
8.804e-02 3.048e+04
8.822e-02 3.019e+04
8.585e-02 3.076e+04
8.921e-02 3.005e+04
9.002e-02 2.973e+04
7.903e-02 3.281e+04
7.959e-02 3.290e+04
8.890e-02 2.998e+04
8.376e-02 3.187e+04
8.875e-02 3.012e+04
8.216e-02 3.174e+04
7.886e-02 3.315e+04
8.208e-02 3.174e+04
7.826e-02 3.351e+04
8.279e-02 3.193e+04
9.647e-02 2.851e+04
8.738e-02 3.046e+04
7.720e-02 3.336e+04
8.365e-02 3.142e+04
8.471e-02 3.105e+04
8.008e-02 3.275e+04
8.533e-02 3.074e+04
8.701e-02 3.075e+04
8.476e-02 3.105e+04
8.355e-02 3.165e+04
8.340e-02 3.146e+04
8.766e-02 3.029e+04
8.371e-02 3.163e+04
9.208e-02 2.936e+04
8.262e-02 3.194e+04
9.084e-02 2.938e+04
7.655e-02 3.399e+04
8.974e-02 3.023e+04
8.372e-02 3.162e+04
8.564e-02 3.104e+04
8.059e-02 3.248e+04
8.976e-02 2.988e+04
8.440e-02 3.152e+04
8.387e-02 3.115e+04
7.979e-02 3.301e+04
8.684e-02 3.053e+04
9.140e-02 2.974e+04
8.544e-02 3.092e+04
8.805e-02 3.013e+04
9.023e-02 2.953e+04
8.363e-02 3.136e+04
9.401e-02 2.916e+04
8.022e-02 3.294e+04
8.642e-02 3.068e+04
8.468e-02 3.144e+04
7.967e-02 3.259e+04
8.555e-02 3.081e+04
7.790e-02 3.333e+04
8.106e-02 3.241e+04
8.675e-02 3.069e+04
8.560e-02 3.102e+04
8.114e-02 3.204e+04
8.472e-02 3.097e+04
8.847e-02 3.011e+04
9.032e-02 2.971e+04
7.980e-02 3.266e+04
8.757e-02 3.048e+04
8.223e-02 3.189e+04
8.910e-02 3.042e+04
8.019e-02 3.252e+04
9.044e-02 2.989e+04
8.179e-02 3.174e+04
7.599e-02 3.438e+04
8.037e-02 3.253e+04
9.037e-02 2.949e+04
8.682e-02 3.048e+04
7.840e-02 3.306e+04
8.160e-02 3.219e+04
8.784e-02 3.041e+04
8.869e-02 3.015e+04
8.606e-02 3.087e+04
8.561e-02 3.090e+04
7.407e-02 3.478e+04
9.321e-02 2.938e+04
8.094e-02 3.218e+04
9.237e-02 2.905e+04
8.907e-02 3.004e+04
8.488e-02 3.120e+04
8.545e-02 3.075e+04
8.292e-02 3.168e+04
8.689e-02 3.067e+04
8.535e-02 3.113e+04
8.435e-02 3.106e+04
8.804e-02 2.997e+04
8.171e-02 3.186e+04
9.235e-02 2.934e+04
7.534e-02 3.433e+04
9.282e-02 2.932e+04
8.590e-02 3.112e+04
8.402e-02 3.145e+04
8.269e-02 3.172e+04
8.155e-02 3.253e+04
9.439e-02 2.869e+04
8.534e-02 3.087e+04
8.164e-02 3.276e+04
8.453e-02 3.123e+04
8.480e-02 3.100e+04
9.189e-02 2.918e+04
8.987e-02 2.975e+04
8.962e-02 2.996e+04
8.584e-02 3.072e+04
8.198e-02 3.193e+04
8.111e-02 3.268e+04
9.378e-02 2.890e+04
9.276e-02 2.924e+04
8.086e-02 3.242e+04
8.345e-02 3.138e+04
8.712e-02 3.048e+04
8.504e-02 3.097e+04
8.591e-02 3.022e+04
8.889e-02 3.007e+04
8.850e-02 3.023e+04
8.978e-02 2.985e+04
8.943e-02 3.065e+04
8.406e-02 3.145e+04
8.348e-02 3.125e+04
8.723e-02 3.066e+04
8.537e-02 3.076e+04
8.287e-02 3.162e+04
8.517e-02 3.135e+04
8.426e-02 3.129e+04
7.805e-02 3.323e+04
8.488e-02 3.117e+04
8.222e-02 3.176e+04
9.132e-02 2.958e+04
8.716e-02 3.030e+04
8.581e-02 3.090e+04
8.802e-02 3.022e+04
8.850e-02 2.984e+04
8.460e-02 3.160e+04
9.167e-02 2.973e+04
8.247e-02 3.176e+04
8.503e-02 3.123e+04
8.337e-02 3.143e+04
8.857e-02 3.053e+04
8.502e-02 3.112e+04
8.783e-02 3.028e+04
8.413e-02 3.148e+04
7.796e-02 3.324e+04
9.204e-02 2.928e+04
9.215e-02 2.935e+04
8.946e-02 2.974e+04
8.082e-02 3.260e+04
8.283e-02 3.200e+04
8.677e-02 3.055e+04
9.116e-02 2.959e+04
8.075e-02 3.261e+04
9.257e-02 2.905e+04
8.630e-02 3.080e+04
9.027e-02 2.967e+04
7.802e-02 3.360e+04
8.021e-02 3.290e+04
7.974e-02 3.268e+04
8.849e-02 3.046e+04
9.023e-02 3.001e+04
9.210e-02 2.941e+04
8.554e-02 3.092e+04
7.858e-02 3.330e+04
8.101e-02 3.214e+04
8.692e-02 3.068e+04
7.780e-02 3.335e+04
7.717e-02 3.432e+04
9.251e-02 2.930e+04
9.176e-02 2.958e+04
8.736e-02 3.046e+04
8.242e-02 3.173e+04
9.231e-02 2.929e+04
8.102e-02 3.226e+04
8.801e-02 3.034e+04
8.529e-02 3.079e+04
8.349e-02 3.166e+04
7.449e-02 3.486e+04
8.551e-02 3.105e+04
8.803e-02 3.021e+04
8.227e-02 3.182e+04
8.491e-02 3.108e+04
8.210e-02 3.170e+04
9.575e-02 2.859e+04
8.530e-02 3.105e+04
8.172e-02 3.169e+04
8.232e-02 3.160e+04
8.588e-02 3.062e+04
8.859e-02 3.010e+04
9.270e-02 2.932e+04
7.906e-02 3.279e+04
8.156e-02 3.261e+04
9.098e-02 2.984e+04
8.314e-02 3.151e+04
8.319e-02 3.188e+04
9.316e-02 2.924e+04
8.329e-02 3.164e+04
7.800e-02 3.353e+04
8.408e-02 3.089e+04
8.160e-02 3.216e+04
8.945e-02 2.984e+04
8.155e-02 3.224e+04
8.405e-02 3.142e+04
8.132e-02 3.233e+04
9.412e-02 2.920e+04
8.041e-02 3.264e+04
7.797e-02 3.335e+04
8.177e-02 3.220e+04
8.346e-02 3.187e+04
8.652e-02 3.109e+04
7.750e-02 3.342e+04
8.511e-02 3.139e+04
8.011e-02 3.265e+04
8.454e-02 3.093e+04
7.577e-02 3.419e+04
8.592e-02 3.081e+04
8.539e-02 3.110e+04
7.830e-02 3.326e+04
8.364e-02 3.137e+04
8.351e-02 3.165e+04
8.337e-02 3.179e+04
8.808e-02 3.022e+04
8.655e-02 3.065e+04
8.082e-02 3.250e+04
8.770e-02 3.019e+04
8.560e-02 3.098e+04
8.020e-02 3.282e+04
8.237e-02 3.218e+04
8.382e-02 3.137e+04
8.161e-02 3.221e+04
8.900e-02 3.012e+04
8.761e-02 3.065e+04
7.680e-02 3.406e+04
8.810e-02 3.054e+04
9.054e-02 2.979e+04
8.509e-02 3.110e+04
8.158e-02 3.230e+04
8.645e-02 3.094e+04
8.058e-02 3.253e+04
9.004e-02 2.979e+04
9.239e-02 2.876e+04
7.909e-02 3.308e+04
8.327e-02 3.174e+04
8.448e-02 3.148e+04
8.126e-02 3.196e+04
8.027e-02 3.267e+04
7.974e-02 3.287e+04
8.054e-02 3.217e+04
8.989e-02 2.991e+04
8.279e-02 3.168e+04
8.039e-02 3.217e+04
8.762e-02 3.051e+04
8.673e-02 3.033e+04
7.863e-02 3.314e+04
7.930e-02 3.294e+04
8.875e-02 3.008e+04
8.397e-02 3.194e+04
8.591e-02 3.087e+04
8.940e-02 2.979e+04
8.414e-02 3.111e+04
9.313e-02 2.895e+04
8.677e-02 3.056e+04
8.052e-02 3.274e+04
8.983e-02 2.972e+04
8.339e-02 3.144e+04
9.154e-02 2.938e+04
8.590e-02 3.094e+04
9.350e-02 2.914e+04
8.473e-02 3.108e+04
8.194e-02 3.215e+04
8.316e-02 3.153e+04
8.284e-02 3.185e+04
8.106e-02 3.233e+04
8.567e-02 3.117e+04
8.677e-02 3.078e+04
9.057e-02 2.961e+04
9.368e-02 2.889e+04
9.062e-02 2.979e+04
8.349e-02 3.139e+04
7.761e-02 3.329e+04
8.624e-02 3.075e+04
8.107e-02 3.240e+04
8.710e-02 3.031e+04
8.114e-02 3.223e+04
7.762e-02 3.358e+04
9.592e-02 2.860e+04
7.868e-02 3.291e+04
8.043e-02 3.268e+04
8.828e-02 3.028e+04
8.502e-02 3.136e+04
8.099e-02 3.233e+04
8.670e-02 3.045e+04
8.976e-02 2.955e+04
8.384e-02 3.163e+04
8.468e-02 3.135e+04
7.839e-02 3.310e+04
8.254e-02 3.198e+04
8.358e-02 3.143e+04
8.676e-02 3.029e+04
8.091e-02 3.272e+04
8.574e-02 3.096e+04
7.995e-02 3.281e+04
8.324e-02 3.188e+04
8.269e-02 3.145e+04
7.842e-02 3.333e+04
8.607e-02 3.097e+04
9.287e-02 2.919e+04
8.613e-02 3.073e+04
7.942e-02 3.292e+04
8.949e-02 2.962e+04
8.393e-02 3.163e+04
9.658e-02 2.834e+04
8.379e-02 3.132e+04
8.607e-02 3.075e+04
8.537e-02 3.081e+04
8.341e-02 3.156e+04
8.590e-02 3.096e+04
9.904e-02 2.787e+04
8.601e-02 3.072e+04
8.562e-02 3.088e+04
8.410e-02 3.132e+04
9.237e-02 2.902e+04
8.170e-02 3.208e+04
8.210e-02 3.202e+04
8.761e-02 3.064e+04
8.210e-02 3.176e+04
8.258e-02 3.193e+04
8.542e-02 3.095e+04
8.987e-02 2.973e+04
8.378e-02 3.134e+04
8.394e-02 3.114e+04
8.897e-02 3.003e+04
8.431e-02 3.104e+04
8.169e-02 3.227e+04
8.662e-02 3.072e+04
8.732e-02 3.044e+04
8.626e-02 3.045e+04
8.885e-02 3.009e+04
7.885e-02 3.302e+04
8.747e-02 3.042e+04
8.512e-02 3.136e+04
8.742e-02 3.027e+04
8.300e-02 3.170e+04
8.582e-02 3.143e+04
8.834e-02 3.038e+04
7.998e-02 3.285e+04
8.515e-02 3.092e+04
8.674e-02 3.052e+04
8.662e-02 3.040e+04
8.551e-02 3.100e+04
8.500e-02 3.130e+04
8.562e-02 3.091e+04
7.926e-02 3.292e+04
9.217e-02 2.921e+04
8.074e-02 3.248e+04
8.078e-02 3.262e+04
8.345e-02 3.153e+04
8.615e-02 3.114e+04
8.465e-02 3.112e+04
8.844e-02 3.009e+04
8.365e-02 3.158e+04
8.569e-02 3.097e+04
8.705e-02 3.079e+04
8.419e-02 3.107e+04
8.573e-02 3.067e+04
8.790e-02 3.062e+04
7.805e-02 3.350e+04
8.006e-02 3.250e+04
8.499e-02 3.066e+04
8.016e-02 3.267e+04
7.771e-02 3.354e+04
8.485e-02 3.092e+04
8.469e-02 3.106e+04
9.373e-02 2.898e+04
8.133e-02 3.232e+04
8.075e-02 3.199e+04
8.949e-02 3.023e+04
8.543e-02 3.073e+04
8.799e-02 3.004e+04
7.822e-02 3.365e+04
8.694e-02 3.060e+04
8.554e-02 3.100e+04
9.195e-02 2.911e+04
8.371e-02 3.149e+04
8.271e-02 3.152e+04
7.911e-02 3.336e+04
8.708e-02 3.060e+04
9.093e-02 2.963e+04
8.628e-02 3.060e+04
8.429e-02 3.085e+04
9.081e-02 2.974e+04
8.537e-02 3.106e+04
8.309e-02 3.148e+04
8.708e-02 3.051e+04
8.432e-02 3.150e+04
8.507e-02 3.108e+04
8.576e-02 3.084e+04
8.865e-02 2.998e+04
8.921e-02 2.989e+04
8.061e-02 3.212e+04
8.707e-02 3.104e+04
8.625e-02 3.065e+04
8.641e-02 3.088e+04
8.603e-02 3.035e+04
8.130e-02 3.243e+04
9.532e-02 2.884e+04
8.067e-02 3.237e+04
8.332e-02 3.188e+04
8.700e-02 3.093e+04
8.507e-02 3.099e+04
8.038e-02 3.253e+04
7.574e-02 3.399e+04
8.149e-02 3.210e+04
7.976e-02 3.280e+04
9.506e-02 2.887e+04
8.745e-02 3.053e+04
9.026e-02 2.982e+04
8.005e-02 3.240e+04
8.137e-02 3.229e+04
8.562e-02 3.094e+04
8.787e-02 3.014e+04
8.499e-02 3.115e+04
9.284e-02 2.928e+04
8.772e-02 3.038e+04
8.646e-02 3.090e+04
8.295e-02 3.172e+04
9.361e-02 2.936e+04
8.248e-02 3.205e+04
8.589e-02 3.094e+04
9.747e-02 2.837e+04
8.536e-02 3.114e+04
8.586e-02 3.127e+04
9.030e-02 2.974e+04
8.135e-02 3.246e+04
9.531e-02 2.882e+04
8.237e-02 3.186e+04
8.540e-02 3.067e+04
8.133e-02 3.163e+04
8.991e-02 2.977e+04
9.427e-02 2.899e+04
8.911e-02 3.006e+04
8.965e-02 3.017e+04
9.009e-02 2.990e+04
8.504e-02 3.148e+04
8.841e-02 3.051e+04
8.081e-02 3.260e+04
9.151e-02 2.934e+04
9.025e-02 2.985e+04
8.456e-02 3.146e+04
8.956e-02 3.004e+04
8.505e-02 3.093e+04
8.228e-02 3.178e+04
8.832e-02 3.040e+04
9.013e-02 2.997e+04
8.595e-02 3.075e+04
8.592e-02 3.090e+04
7.888e-02 3.370e+04
8.564e-02 3.117e+04
8.706e-02 3.089e+04
8.439e-02 3.119e+04
8.775e-02 3.047e+04
8.449e-02 3.163e+04
7.890e-02 3.296e+04
8.380e-02 3.105e+04
8.700e-02 3.049e+04
8.702e-02 3.031e+04
8.106e-02 3.253e+04
7.960e-02 3.279e+04
9.035e-02 2.975e+04
8.199e-02 3.160e+04
8.221e-02 3.179e+04
9.043e-02 2.942e+04
9.270e-02 2.903e+04
9.150e-02 2.966e+04
9.071e-02 2.980e+04
8.838e-02 3.021e+04
9.819e-02 2.804e+04
8.765e-02 3.058e+04
8.676e-02 3.061e+04
9.159e-02 2.896e+04
9.320e-02 2.922e+04
8.270e-02 3.179e+04
8.682e-02 3.074e+04
8.529e-02 3.083e+04
8.265e-02 3.233e+04
8.877e-02 3.024e+04
8.569e-02 3.079e+04
9.002e-02 2.955e+04
7.942e-02 3.309e+04
7.946e-02 3.290e+04
8.406e-02 3.116e+04
8.679e-02 3.067e+04
8.845e-02 3.046e+04
8.357e-02 3.142e+04
8.383e-02 3.141e+04
8.378e-02 3.159e+04
8.345e-02 3.175e+04
8.984e-02 2.982e+04
8.907e-02 3.018e+04
8.662e-02 3.072e+04
8.440e-02 3.105e+04
8.221e-02 3.177e+04
8.092e-02 3.244e+04
8.568e-02 3.090e+04
8.687e-02 3.015e+04
8.563e-02 3.082e+04
8.873e-02 3.008e+04
9.133e-02 2.936e+04
8.819e-02 3.012e+04
8.475e-02 3.092e+04
8.653e-02 3.043e+04
7.788e-02 3.382e+04
8.248e-02 3.198e+04
8.570e-02 3.098e+04
9.022e-02 2.962e+04
7.810e-02 3.351e+04
8.433e-02 3.125e+04
8.003e-02 3.279e+04
7.924e-02 3.283e+04
8.260e-02 3.225e+04
7.458e-02 3.507e+04
7.420e-02 3.511e+04
9.012e-02 2.982e+04
8.313e-02 3.196e+04
8.851e-02 2.997e+04
8.079e-02 3.276e+04
8.367e-02 3.137e+04
8.496e-02 3.087e+04
8.262e-02 3.155e+04
8.934e-02 3.000e+04
8.469e-02 3.109e+04
8.346e-02 3.150e+04
8.470e-02 3.142e+04
8.388e-02 3.150e+04
8.639e-02 3.043e+04
8.382e-02 3.097e+04
7.581e-02 3.422e+04
7.863e-02 3.328e+04
9.206e-02 2.962e+04
8.399e-02 3.113e+04
7.941e-02 3.279e+04
8.616e-02 3.078e+04
8.399e-02 3.120e+04
8.656e-02 3.090e+04
7.643e-02 3.462e+04
8.471e-02 3.092e+04
8.251e-02 3.192e+04
8.803e-02 3.029e+04
9.548e-02 2.856e+04
8.731e-02 3.060e+04
8.669e-02 3.091e+04
7.623e-02 3.474e+04
7.886e-02 3.281e+04
8.501e-02 3.113e+04
8.518e-02 3.070e+04
9.000e-02 2.968e+04
8.551e-02 3.119e+04
8.542e-02 3.108e+04
8.642e-02 3.064e+04
8.603e-02 3.082e+04
8.618e-02 3.087e+04
8.651e-02 3.041e+04
8.447e-02 3.085e+04
9.175e-02 2.921e+04
7.716e-02 3.432e+04
8.681e-02 3.082e+04
8.646e-02 3.064e+04
8.348e-02 3.134e+04
8.878e-02 3.022e+04
8.749e-02 3.053e+04
8.474e-02 3.112e+04
7.872e-02 3.340e+04
7.793e-02 3.340e+04
8.722e-02 3.060e+04
8.500e-02 3.121e+04
8.542e-02 3.074e+04
8.462e-02 3.117e+04
8.462e-02 3.077e+04
8.168e-02 3.201e+04
8.656e-02 3.071e+04
8.160e-02 3.193e+04
9.007e-02 2.948e+04
8.406e-02 3.091e+04
8.224e-02 3.204e+04
8.457e-02 3.140e+04
8.205e-02 3.240e+04
8.478e-02 3.102e+04
8.070e-02 3.247e+04
8.950e-02 2.970e+04
8.084e-02 3.231e+04
9.275e-02 2.960e+04
7.689e-02 3.393e+04
8.240e-02 3.163e+04
8.503e-02 3.146e+04
8.254e-02 3.142e+04
8.447e-02 3.146e+04
8.156e-02 3.184e+04
8.642e-02 3.086e+04
7.600e-02 3.436e+04
8.919e-02 2.999e+04
8.545e-02 3.086e+04
8.267e-02 3.198e+04
8.434e-02 3.151e+04
8.295e-02 3.203e+04
8.359e-02 3.155e+04
8.730e-02 3.087e+04
8.821e-02 3.026e+04
7.758e-02 3.334e+04
8.915e-02 3.004e+04
8.642e-02 3.096e+04
7.781e-02 3.374e+04
8.499e-02 3.089e+04
8.792e-02 3.059e+04
8.479e-02 3.138e+04
8.425e-02 3.171e+04
8.776e-02 3.014e+04
7.964e-02 3.261e+04
8.614e-02 3.080e+04
8.487e-02 3.131e+04
9.303e-02 2.911e+04
8.256e-02 3.184e+04
8.641e-02 3.087e+04
8.474e-02 3.089e+04
8.569e-02 3.068e+04
8.532e-02 3.115e+04
7.944e-02 3.291e+04
8.435e-02 3.115e+04
8.286e-02 3.153e+04
8.501e-02 3.123e+04
8.617e-02 3.080e+04
7.694e-02 3.383e+04
8.995e-02 2.986e+04
8.796e-02 3.027e+04
9.624e-02 2.856e+04
8.295e-02 3.163e+04
8.150e-02 3.227e+04
9.132e-02 2.944e+04
8.218e-02 3.180e+04
8.599e-02 3.092e+04
8.024e-02 3.282e+04
9.075e-02 2.945e+04
8.568e-02 3.080e+04
8.463e-02 3.137e+04
8.332e-02 3.155e+04
8.911e-02 3.014e+04
8.387e-02 3.151e+04
8.292e-02 3.161e+04
8.135e-02 3.283e+04
7.958e-02 3.291e+04
8.722e-02 3.058e+04
8.643e-02 3.077e+04
8.778e-02 3.053e+04
8.192e-02 3.199e+04
8.303e-02 3.175e+04
9.493e-02 2.852e+04
8.777e-02 3.061e+04
8.168e-02 3.253e+04
7.938e-02 3.306e+04
8.349e-02 3.145e+04
8.523e-02 3.093e+04
8.458e-02 3.143e+04
8.996e-02 2.966e+04
8.657e-02 3.035e+04
7.735e-02 3.343e+04
8.694e-02 3.064e+04
8.230e-02 3.201e+04
7.941e-02 3.282e+04
9.158e-02 2.957e+04
7.713e-02 3.399e+04
8.469e-02 3.113e+04
8.972e-02 2.991e+04
8.507e-02 3.120e+04
8.976e-02 2.979e+04
8.651e-02 3.065e+04
8.282e-02 3.176e+04
7.348e-02 3.520e+04
8.102e-02 3.230e+04
8.093e-02 3.229e+04
8.316e-02 3.185e+04
9.408e-02 2.918e+04
8.248e-02 3.178e+04
7.936e-02 3.283e+04
7.859e-02 3.320e+04
8.541e-02 3.125e+04
9.072e-02 2.975e+04
8.487e-02 3.117e+04
8.601e-02 3.030e+04
8.276e-02 3.153e+04
8.497e-02 3.159e+04
8.797e-02 3.042e+04
8.351e-02 3.170e+04
7.905e-02 3.320e+04
9.022e-02 2.955e+04
9.152e-02 2.943e+04
9.241e-02 2.917e+04
8.154e-02 3.214e+04
9.065e-02 2.971e+04
8.526e-02 3.080e+04
8.572e-02 3.080e+04
8.625e-02 3.094e+04
9.201e-02 2.939e+04
8.581e-02 3.070e+04
8.578e-02 3.084e+04
9.002e-02 2.965e+04
8.046e-02 3.259e+04
8.247e-02 3.184e+04
8.210e-02 3.215e+04
7.846e-02 3.335e+04
8.253e-02 3.200e+04
8.099e-02 3.256e+04
8.364e-02 3.187e+04
8.881e-02 3.006e+04
8.204e-02 3.211e+04
8.804e-02 3.005e+04
8.386e-02 3.141e+04
8.816e-02 3.027e+04
8.589e-02 3.121e+04
8.232e-02 3.180e+04
9.393e-02 2.870e+04
8.367e-02 3.123e+04
8.106e-02 3.216e+04
8.334e-02 3.160e+04
7.814e-02 3.361e+04
8.709e-02 3.053e+04
8.818e-02 3.022e+04
7.483e-02 3.503e+04
9.177e-02 2.925e+04
8.388e-02 3.147e+04
7.942e-02 3.265e+04
8.885e-02 3.019e+04
7.997e-02 3.291e+04
8.856e-02 2.993e+04
8.629e-02 3.108e+04
8.356e-02 3.170e+04
8.529e-02 3.122e+04
9.102e-02 2.960e+04
8.790e-02 3.040e+04
7.971e-02 3.288e+04
8.202e-02 3.213e+04
8.719e-02 3.061e+04
8.445e-02 3.123e+04
9.129e-02 2.975e+04
8.718e-02 3.056e+04
7.963e-02 3.296e+04
8.847e-02 3.014e+04
8.796e-02 3.014e+04
8.337e-02 3.174e+04
8.088e-02 3.199e+04
9.085e-02 2.947e+04
7.689e-02 3.387e+04
8.893e-02 3.005e+04
8.148e-02 3.231e+04
8.384e-02 3.141e+04
8.032e-02 3.294e+04
8.765e-02 3.046e+04
8.375e-02 3.119e+04
8.241e-02 3.155e+04
9.134e-02 2.959e+04
8.498e-02 3.111e+04
8.442e-02 3.133e+04
8.748e-02 3.076e+04
8.546e-02 3.066e+04
8.678e-02 3.103e+04
8.135e-02 3.196e+04
8.473e-02 3.124e+04
8.090e-02 3.238e+04
7.922e-02 3.337e+04
8.846e-02 3.002e+04
7.693e-02 3.420e+04
8.408e-02 3.137e+04
8.270e-02 3.159e+04
9.259e-02 2.930e+04
8.511e-02 3.154e+04
8.845e-02 3.029e+04
9.171e-02 2.944e+04
9.282e-02 2.931e+04
9.243e-02 2.945e+04
8.441e-02 3.139e+04
8.301e-02 3.145e+04
7.775e-02 3.322e+04
8.081e-02 3.248e+04
8.262e-02 3.168e+04
8.817e-02 3.031e+04
8.524e-02 3.068e+04
8.678e-02 3.068e+04
8.989e-02 2.976e+04
8.673e-02 3.056e+04
8.429e-02 3.116e+04
8.871e-02 3.002e+04
8.479e-02 3.093e+04
8.314e-02 3.119e+04
7.470e-02 3.494e+04
8.504e-02 3.112e+04
8.989e-02 2.990e+04
8.705e-02 3.073e+04
9.311e-02 2.886e+04
8.365e-02 3.161e+04
9.051e-02 2.967e+04
8.364e-02 3.160e+04
8.689e-02 3.061e+04
7.821e-02 3.333e+04
8.401e-02 3.191e+04
7.818e-02 3.297e+04
8.039e-02 3.246e+04
7.683e-02 3.352e+04
8.529e-02 3.129e+04
9.002e-02 2.996e+04
8.016e-02 3.242e+04
8.977e-02 2.993e+04
8.986e-02 2.990e+04
8.891e-02 3.012e+04
8.284e-02 3.169e+04
7.958e-02 3.240e+04
8.842e-02 3.023e+04
9.367e-02 2.927e+04
8.397e-02 3.163e+04
9.320e-02 2.911e+04
8.100e-02 3.208e+04
8.956e-02 2.964e+04
8.978e-02 2.989e+04
8.854e-02 3.015e+04
7.966e-02 3.276e+04
8.460e-02 3.133e+04
8.612e-02 3.109e+04
8.069e-02 3.288e+04
8.595e-02 3.086e+04
8.898e-02 2.977e+04
8.297e-02 3.167e+04
7.487e-02 3.525e+04
8.834e-02 3.023e+04
7.170e-02 3.631e+04
7.446e-02 3.452e+04
8.276e-02 3.202e+04
7.491e-02 3.494e+04
8.327e-02 3.167e+04
8.744e-02 3.071e+04
8.603e-02 3.059e+04
8.634e-02 3.103e+04
8.250e-02 3.187e+04
8.084e-02 3.239e+04
8.602e-02 3.082e+04
8.733e-02 3.069e+04
8.648e-02 3.064e+04
8.337e-02 3.165e+04
9.096e-02 2.958e+04
8.048e-02 3.242e+04
8.041e-02 3.260e+04
8.565e-02 3.079e+04
9.049e-02 2.969e+04
7.826e-02 3.371e+04
8.872e-02 3.005e+04
9.325e-02 2.917e+04
8.626e-02 3.033e+04
8.609e-02 3.090e+04
9.501e-02 2.872e+04
8.647e-02 3.090e+04
7.913e-02 3.322e+04
8.538e-02 3.138e+04
9.251e-02 2.901e+04
9.125e-02 2.934e+04
8.313e-02 3.152e+04
8.829e-02 3.074e+04
8.184e-02 3.170e+04
9.213e-02 2.916e+04
8.437e-02 3.146e+04
8.352e-02 3.141e+04
8.993e-02 2.954e+04
8.984e-02 2.994e+04
7.851e-02 3.342e+04
8.152e-02 3.233e+04
7.800e-02 3.332e+04
7.817e-02 3.376e+04
8.325e-02 3.184e+04
8.117e-02 3.237e+04
8.732e-02 3.076e+04
8.411e-02 3.124e+04
7.918e-02 3.320e+04
8.627e-02 3.045e+04
8.605e-02 3.079e+04
8.398e-02 3.163e+04
8.433e-02 3.109e+04
8.171e-02 3.246e+04
8.356e-02 3.164e+04
8.892e-02 3.022e+04
8.439e-02 3.121e+04
8.681e-02 3.082e+04
7.444e-02 3.478e+04
8.250e-02 3.204e+04
8.051e-02 3.253e+04
8.413e-02 3.120e+04
8.286e-02 3.189e+04
8.623e-02 3.108e+04
8.410e-02 3.114e+04
8.626e-02 3.045e+04
8.547e-02 3.114e+04
9.121e-02 2.946e+04
8.623e-02 3.081e+04
8.385e-02 3.124e+04
9.107e-02 2.964e+04
7.727e-02 3.348e+04
8.566e-02 3.072e+04
8.750e-02 3.006e+04
8.613e-02 3.085e+04
8.372e-02 3.112e+04
8.131e-02 3.227e+04
9.113e-02 2.944e+04
8.902e-02 3.022e+04
8.377e-02 3.126e+04
9.255e-02 2.921e+04
7.801e-02 3.322e+04
7.965e-02 3.287e+04
8.098e-02 3.263e+04
8.010e-02 3.298e+04
8.392e-02 3.142e+04
8.452e-02 3.139e+04
7.639e-02 3.385e+04
8.177e-02 3.195e+04
8.007e-02 3.224e+04
9.323e-02 2.915e+04
8.017e-02 3.278e+04
8.604e-02 3.085e+04
8.550e-02 3.084e+04
8.615e-02 3.076e+04
9.137e-02 2.943e+04
8.151e-02 3.197e+04
9.031e-02 2.984e+04
8.540e-02 3.091e+04
8.788e-02 3.030e+04
8.233e-02 3.230e+04
8.249e-02 3.215e+04
7.858e-02 3.308e+04
8.383e-02 3.135e+04
8.493e-02 3.185e+04
8.599e-02 3.055e+04
7.988e-02 3.269e+04
7.949e-02 3.317e+04
8.549e-02 3.096e+04
8.530e-02 3.098e+04
8.850e-02 3.026e+04
8.612e-02 3.078e+04
8.386e-02 3.156e+04
8.380e-02 3.173e+04
7.494e-02 3.491e+04
8.520e-02 3.137e+04
8.393e-02 3.141e+04
8.387e-02 3.154e+04
9.172e-02 2.933e+04
8.401e-02 3.123e+04
8.242e-02 3.208e+04
8.862e-02 3.004e+04
8.613e-02 3.062e+04
8.720e-02 3.065e+04
8.373e-02 3.200e+04
8.234e-02 3.196e+04
8.010e-02 3.268e+04
8.158e-02 3.254e+04
8.130e-02 3.194e+04
7.664e-02 3.395e+04
8.291e-02 3.168e+04
8.535e-02 3.106e+04
8.225e-02 3.157e+04
8.698e-02 3.049e+04
8.155e-02 3.215e+04
8.356e-02 3.175e+04
8.696e-02 3.045e+04
8.614e-02 3.051e+04
8.129e-02 3.253e+04
7.152e-02 3.660e+04
7.586e-02 3.402e+04
8.805e-02 3.047e+04
8.554e-02 3.101e+04
8.350e-02 3.149e+04
8.901e-02 3.009e+04
8.263e-02 3.195e+04
8.590e-02 3.083e+04
9.232e-02 2.918e+04
8.651e-02 3.102e+04
8.997e-02 2.983e+04
8.490e-02 3.111e+04
8.421e-02 3.138e+04
8.943e-02 2.996e+04
8.094e-02 3.231e+04
8.655e-02 3.033e+04
8.541e-02 3.098e+04
8.681e-02 3.069e+04
8.211e-02 3.137e+04
8.556e-02 3.105e+04
9.504e-02 2.874e+04
8.380e-02 3.169e+04
8.731e-02 3.048e+04
8.976e-02 2.988e+04
8.476e-02 3.091e+04
7.711e-02 3.387e+04
8.348e-02 3.141e+04
8.062e-02 3.246e+04
8.928e-02 2.996e+04
7.686e-02 3.400e+04
9.126e-02 2.955e+04
8.297e-02 3.177e+04
8.153e-02 3.173e+04
8.576e-02 3.104e+04
8.492e-02 3.093e+04
8.723e-02 3.046e+04
8.612e-02 3.078e+04
7.809e-02 3.374e+04
8.039e-02 3.248e+04
8.228e-02 3.224e+04
8.625e-02 3.051e+04
8.250e-02 3.191e+04
7.535e-02 3.487e+04
8.284e-02 3.150e+04
8.560e-02 3.111e+04
9.067e-02 2.959e+04
8.370e-02 3.133e+04
8.909e-02 2.991e+04
8.603e-02 3.059e+04
8.091e-02 3.268e+04
8.948e-02 2.974e+04
8.105e-02 3.188e+04
9.022e-02 2.978e+04
7.996e-02 3.241e+04
8.464e-02 3.153e+04
8.546e-02 3.069e+04
8.924e-02 2.991e+04
7.941e-02 3.302e+04
8.163e-02 3.214e+04
8.809e-02 3.007e+04
8.506e-02 3.075e+04
8.493e-02 3.111e+04
7.672e-02 3.441e+04
8.758e-02 3.028e+04
8.580e-02 3.074e+04
8.574e-02 3.123e+04
8.882e-02 3.038e+04
8.898e-02 2.988e+04
8.088e-02 3.292e+04
7.578e-02 3.456e+04
9.073e-02 2.957e+04
8.302e-02 3.189e+04
8.518e-02 3.093e+04
8.878e-02 3.013e+04
8.780e-02 3.047e+04
7.966e-02 3.230e+04
7.986e-02 3.256e+04
8.788e-02 3.027e+04
8.115e-02 3.202e+04
9.110e-02 2.978e+04
8.156e-02 3.216e+04
7.211e-02 3.640e+04
8.820e-02 2.993e+04
8.588e-02 3.102e+04
8.511e-02 3.126e+04
8.436e-02 3.102e+04
7.722e-02 3.338e+04
8.594e-02 3.087e+04
9.268e-02 2.915e+04
7.284e-02 3.615e+04
8.955e-02 2.992e+04
8.419e-02 3.166e+04
8.940e-02 3.014e+04
7.918e-02 3.340e+04
8.610e-02 3.064e+04
8.356e-02 3.157e+04
8.225e-02 3.174e+04
8.652e-02 3.078e+04
8.904e-02 3.012e+04
7.983e-02 3.298e+04
8.086e-02 3.231e+04
8.230e-02 3.171e+04
8.195e-02 3.205e+04
8.182e-02 3.186e+04
7.928e-02 3.304e+04
8.800e-02 3.036e+04
8.278e-02 3.199e+04
9.526e-02 2.873e+04
8.812e-02 3.029e+04
8.304e-02 3.157e+04
7.985e-02 3.266e+04
9.750e-02 2.849e+04
9.224e-02 2.963e+04
8.442e-02 3.099e+04
7.655e-02 3.409e+04
8.242e-02 3.132e+04
8.987e-02 2.985e+04
7.445e-02 3.524e+04
8.106e-02 3.230e+04
8.799e-02 3.038e+04
9.254e-02 2.944e+04
8.511e-02 3.077e+04
8.147e-02 3.244e+04
8.564e-02 3.056e+04
8.369e-02 3.175e+04
8.546e-02 3.101e+04
8.381e-02 3.104e+04
7.728e-02 3.378e+04
8.558e-02 3.109e+04
9.056e-02 2.973e+04
8.455e-02 3.128e+04
9.165e-02 2.980e+04
8.224e-02 3.192e+04
8.117e-02 3.246e+04
8.284e-02 3.168e+04
8.057e-02 3.251e+04
8.459e-02 3.144e+04
8.803e-02 3.056e+04
8.232e-02 3.223e+04
8.376e-02 3.131e+04
8.462e-02 3.125e+04
8.262e-02 3.164e+04
9.287e-02 2.922e+04
7.955e-02 3.318e+04
8.227e-02 3.187e+04
7.975e-02 3.301e+04
8.068e-02 3.272e+04
8.986e-02 2.965e+04
8.432e-02 3.152e+04
8.229e-02 3.191e+04
8.393e-02 3.133e+04
8.799e-02 3.026e+04
8.176e-02 3.246e+04
8.856e-02 3.020e+04
9.428e-02 2.897e+04
9.288e-02 2.895e+04
8.156e-02 3.234e+04
8.249e-02 3.201e+04
8.060e-02 3.265e+04
8.253e-02 3.192e+04
7.874e-02 3.350e+04
8.535e-02 3.080e+04
8.117e-02 3.242e+04
8.969e-02 2.987e+04
8.482e-02 3.123e+04
8.863e-02 3.008e+04
8.705e-02 3.049e+04
8.149e-02 3.192e+04
7.879e-02 3.323e+04
8.766e-02 3.041e+04
8.948e-02 2.988e+04
8.665e-02 3.067e+04
8.232e-02 3.139e+04
9.223e-02 2.944e+04
8.790e-02 3.029e+04
8.779e-02 2.984e+04
9.920e-02 2.779e+04
8.796e-02 3.009e+04
8.511e-02 3.140e+04
8.849e-02 3.015e+04
9.238e-02 2.909e+04
8.565e-02 3.084e+04
8.136e-02 3.164e+04
8.673e-02 3.057e+04
8.017e-02 3.245e+04
8.256e-02 3.182e+04
7.684e-02 3.443e+04
8.877e-02 3.046e+04
8.527e-02 3.103e+04
8.363e-02 3.175e+04
8.260e-02 3.173e+04
8.175e-02 3.197e+04
9.630e-02 2.867e+04
7.933e-02 3.261e+04
8.225e-02 3.190e+04
8.791e-02 3.035e+04
8.514e-02 3.066e+04
7.943e-02 3.310e+04
9.315e-02 2.903e+04
8.115e-02 3.291e+04
8.927e-02 3.008e+04
7.909e-02 3.311e+04
7.954e-02 3.333e+04
8.491e-02 3.120e+04
8.527e-02 3.121e+04
8.861e-02 3.049e+04
8.325e-02 3.173e+04
8.596e-02 3.074e+04
8.535e-02 3.109e+04
8.361e-02 3.154e+04
8.885e-02 3.014e+04
7.811e-02 3.315e+04
7.669e-02 3.411e+04
8.791e-02 3.025e+04
1.003e-01 2.807e+04
8.397e-02 3.117e+04
8.162e-02 3.234e+04
8.958e-02 2.997e+04
7.633e-02 3.418e+04
8.164e-02 3.181e+04
8.687e-02 3.079e+04
9.112e-02 2.974e+04
7.846e-02 3.279e+04
7.989e-02 3.268e+04
8.836e-02 2.987e+04
8.587e-02 3.112e+04
8.113e-02 3.233e+04
7.655e-02 3.382e+04
9.104e-02 2.936e+04
8.916e-02 3.006e+04
8.274e-02 3.219e+04
8.444e-02 3.154e+04
8.337e-02 3.178e+04
8.337e-02 3.156e+04
8.547e-02 3.096e+04
8.152e-02 3.210e+04
8.269e-02 3.181e+04
8.524e-02 3.091e+04
9.141e-02 2.980e+04
8.343e-02 3.205e+04
8.607e-02 3.102e+04
8.241e-02 3.171e+04
9.016e-02 2.975e+04
8.937e-02 3.004e+04
8.664e-02 3.050e+04
9.212e-02 2.944e+04
8.454e-02 3.117e+04
9.020e-02 2.962e+04
8.752e-02 3.029e+04
8.487e-02 3.077e+04
8.548e-02 3.094e+04
8.775e-02 3.054e+04
8.313e-02 3.166e+04
8.228e-02 3.179e+04
8.584e-02 3.071e+04
8.919e-02 3.007e+04
8.578e-02 3.105e+04
7.946e-02 3.308e+04
8.466e-02 3.091e+04
8.300e-02 3.157e+04
8.685e-02 3.068e+04
8.137e-02 3.193e+04
8.346e-02 3.160e+04
8.203e-02 3.149e+04
7.975e-02 3.261e+04
9.151e-02 2.934e+04
8.742e-02 3.051e+04
7.876e-02 3.343e+04
7.810e-02 3.344e+04
8.078e-02 3.218e+04
8.387e-02 3.148e+04
9.066e-02 2.991e+04
9.071e-02 2.970e+04
8.651e-02 3.083e+04
8.304e-02 3.191e+04
8.538e-02 3.097e+04
8.673e-02 3.049e+04
9.021e-02 2.966e+04
8.012e-02 3.273e+04
8.689e-02 3.045e+04
7.875e-02 3.302e+04
8.190e-02 3.180e+04
9.171e-02 2.965e+04
7.616e-02 3.449e+04
8.936e-02 2.986e+04
7.771e-02 3.364e+04
8.349e-02 3.173e+04
7.810e-02 3.349e+04
8.956e-02 3.010e+04
8.481e-02 3.096e+04
9.272e-02 2.904e+04
8.138e-02 3.202e+04
9.150e-02 2.949e+04
8.016e-02 3.233e+04
8.264e-02 3.173e+04
8.211e-02 3.189e+04
8.161e-02 3.187e+04
8.500e-02 3.125e+04
8.595e-02 3.038e+04
8.564e-02 3.078e+04
8.656e-02 3.070e+04
8.633e-02 3.111e+04
8.665e-02 3.064e+04
8.333e-02 3.160e+04
8.655e-02 3.045e+04
7.966e-02 3.298e+04
8.743e-02 3.075e+04
8.818e-02 2.985e+04
9.096e-02 2.961e+04
8.938e-02 2.956e+04
8.618e-02 3.108e+04
8.516e-02 3.103e+04
8.364e-02 3.140e+04
8.565e-02 3.108e+04
8.620e-02 3.070e+04
8.061e-02 3.264e+04
9.210e-02 2.924e+04
8.346e-02 3.163e+04
8.564e-02 3.083e+04
8.549e-02 3.108e+04
7.979e-02 3.314e+04
8.670e-02 3.078e+04
9.076e-02 2.961e+04
8.285e-02 3.178e+04
8.858e-02 3.054e+04
9.440e-02 2.891e+04
8.708e-02 3.050e+04
8.411e-02 3.095e+04
8.336e-02 3.151e+04
8.286e-02 3.151e+04
8.812e-02 3.036e+04
8.469e-02 3.119e+04
8.687e-02 3.046e+04
8.747e-02 3.013e+04
8.155e-02 3.183e+04
9.473e-02 2.873e+04
8.380e-02 3.144e+04
7.480e-02 3.484e+04
8.917e-02 3.005e+04
8.700e-02 3.065e+04
8.270e-02 3.167e+04
8.633e-02 3.078e+04
9.239e-02 2.915e+04
8.478e-02 3.118e+04
8.391e-02 3.155e+04
8.387e-02 3.123e+04
8.980e-02 2.979e+04
8.049e-02 3.281e+04
8.488e-02 3.090e+04
9.211e-02 2.944e+04
7.868e-02 3.337e+04
8.204e-02 3.187e+04
9.179e-02 2.949e+04
8.070e-02 3.206e+04
8.662e-02 3.082e+04
9.117e-02 3.000e+04
9.344e-02 2.908e+04
7.510e-02 3.466e+04
7.928e-02 3.291e+04
7.506e-02 3.470e+04
8.710e-02 3.097e+04
8.104e-02 3.245e+04
8.706e-02 3.042e+04
8.266e-02 3.192e+04
8.162e-02 3.236e+04
7.949e-02 3.277e+04
8.902e-02 3.017e+04
8.279e-02 3.198e+04
8.321e-02 3.167e+04
8.080e-02 3.260e+04
8.353e-02 3.165e+04
9.508e-02 2.899e+04
8.695e-02 3.100e+04
8.377e-02 3.139e+04
8.162e-02 3.238e+04
8.797e-02 3.025e+04
8.026e-02 3.279e+04
8.715e-02 3.053e+04
9.029e-02 2.983e+04
8.367e-02 3.158e+04
8.356e-02 3.164e+04
7.957e-02 3.262e+04
8.552e-02 3.104e+04
8.694e-02 3.035e+04
8.198e-02 3.225e+04
8.782e-02 3.018e+04
8.535e-02 3.096e+04
8.439e-02 3.147e+04
8.771e-02 3.076e+04
8.677e-02 3.095e+04
8.260e-02 3.187e+04
8.547e-02 3.121e+04
8.113e-02 3.251e+04
9.014e-02 2.997e+04
9.388e-02 2.871e+04
7.919e-02 3.273e+04
7.885e-02 3.282e+04
8.446e-02 3.106e+04
8.426e-02 3.125e+04
8.664e-02 3.095e+04
8.503e-02 3.154e+04
8.305e-02 3.185e+04
8.130e-02 3.205e+04
8.391e-02 3.132e+04
8.716e-02 3.063e+04
8.579e-02 3.059e+04
7.590e-02 3.385e+04
8.325e-02 3.186e+04
8.013e-02 3.237e+04
9.082e-02 2.971e+04
8.450e-02 3.148e+04
8.538e-02 3.109e+04
9.017e-02 2.993e+04
9.464e-02 2.884e+04
8.695e-02 3.073e+04
8.491e-02 3.118e+04
8.136e-02 3.252e+04
7.589e-02 3.418e+04
7.654e-02 3.443e+04
8.544e-02 3.081e+04
7.969e-02 3.308e+04
8.640e-02 3.096e+04
8.693e-02 3.078e+04
9.130e-02 2.980e+04
8.344e-02 3.197e+04
8.553e-02 3.075e+04
8.976e-02 2.993e+04
8.194e-02 3.196e+04
8.538e-02 3.126e+04
8.242e-02 3.179e+04
8.023e-02 3.250e+04
8.720e-02 3.051e+04
8.630e-02 3.082e+04
7.543e-02 3.454e+04
8.839e-02 3.015e+04
8.652e-02 3.019e+04
9.065e-02 2.973e+04
8.714e-02 3.027e+04
8.775e-02 3.009e+04
7.894e-02 3.324e+04
8.169e-02 3.240e+04
8.560e-02 3.121e+04
7.918e-02 3.305e+04
7.844e-02 3.307e+04
8.386e-02 3.124e+04
7.509e-02 3.458e+04
8.536e-02 3.102e+04
8.568e-02 3.107e+04
8.158e-02 3.230e+04
8.844e-02 3.029e+04
8.264e-02 3.126e+04
8.772e-02 3.060e+04
8.757e-02 3.016e+04
8.426e-02 3.087e+04
8.579e-02 3.049e+04
8.069e-02 3.213e+04
8.432e-02 3.147e+04
8.178e-02 3.213e+04
8.338e-02 3.159e+04
8.774e-02 3.067e+04
8.758e-02 3.063e+04
8.278e-02 3.151e+04
8.039e-02 3.282e+04
8.529e-02 3.090e+04
8.104e-02 3.245e+04
