1.802e-01 8.089e+04
3.543e-06 2.771e+04
2.074e-01 8.098e+04
2.069e-01 8.099e+04
1.632e-01 8.092e+04
3.678e-06 7.690e+03
8.396e-02 8.127e+04
1.042e-01 8.093e+04
1.213e-01 8.131e+04
4.940e-06 2.378e+04
1.332e-01 8.123e+04
1.388e-01 8.121e+04
8.650e-02 8.173e+04
9.453e-02 8.187e+04
1.452e-01 8.143e+04
1.953e-01 8.096e+04
1.328e-01 8.112e+04
1.630e-01 8.135e+04
1.100e-05 5.549e+03
1.404e-01 8.085e+04
1.684e-01 8.099e+04
6.736e-06 1.115e+03
1.678e-01 8.090e+04
1.443e-01 8.076e+04
8.421e-02 8.138e+04
1.108e-01 8.100e+04
1.048e-05 2.940e+04
1.317e-01 8.131e+04
1.296e-01 8.124e+04
1.780e-05 2.109e+03
1.952e-01 8.108e+04
9.955e-02 8.067e+04
1.114e-01 8.136e+04
1.946e-01 8.087e+04
7.309e-06 4.157e+04
7.049e-02 8.081e+04
9.440e-02 8.140e+04
1.082e-01 8.139e+04
6.945e-06 7.004e+03
1.382e-01 8.096e+04
1.023e-01 8.126e+04
1.138e-01 8.132e+04
1.861e-01 8.087e+04
5.591e-05 3.183e+04
1.169e-01 8.101e+04
2.170e-06 2.907e+04
1.091e-01 8.154e+04
1.232e-01 8.129e+04
1.847e-01 8.112e+04
1.461e-01 8.130e+04
9.367e-02 8.140e+04
2.460e-01 8.095e+04
9.092e-02 8.150e+04
1.314e-01 8.118e+04
7.184e-02 8.205e+04
1.751e-01 8.094e+04
2.045e-01 8.078e+04
7.181e-06 2.840e+03
2.933e-06 4.863e+03
1.267e-01 8.116e+04
1.559e-01 8.099e+04
1.432e-05 2.724e+04
1.166e-01 8.160e+04
8.000e-02 8.171e+04
1.282e-01 8.108e+04
1.898e-01 8.101e+04
8.672e-02 8.138e+04
5.665e-02 8.189e+04
7.281e-06 2.048e+04
1.445e-01 8.099e+04
4.332e-06 3.423e+04
2.234e-01 8.098e+04
2.627e-01 8.057e+04
1.850e-01 8.085e+04
2.098e-01 8.092e+04
2.127e-01 8.094e+04
1.678e-01 8.105e+04
1.726e-05 1.001e+04
1.292e-01 8.101e+04
2.874e-01 8.064e+04
2.062e-01 8.082e+04
9.803e-02 8.155e+04
9.293e-06 1.634e+04
1.370e-01 8.108e+04
2.177e-01 8.095e+04
1.411e-01 8.103e+04
2.011e-01 8.100e+04
1.176e-01 8.148e+04
9.749e-07 9.795e+03
1.185e-01 8.157e+04
2.379e-01 8.075e+04
1.106e-01 8.143e+04
9.985e-02 8.155e+04
1.240e-01 8.109e+04
1.028e-01 8.110e+04
1.828e-01 8.094e+04
1.110e-01 8.159e+04
2.040e-01 8.098e+04
1.905e-01 8.099e+04
6.929e-02 8.150e+04
1.580e-01 8.108e+04
1.079e-01 8.171e+04
7.978e-02 8.182e+04
9.601e-02 8.117e+04
9.422e-02 8.114e+04
1.480e-01 8.114e+04
1.174e-01 8.103e+04
2.099e-01 8.070e+04
1.426e-01 8.079e+04
8.401e-02 8.142e+04
1.348e-01 8.087e+04
8.559e-02 8.165e+04
1.254e-05 2.497e+04
1.857e-01 8.068e+04
7.991e-02 8.144e+04
1.896e-01 8.088e+04
1.191e-01 8.139e+04
1.219e-01 8.152e+04
1.396e-01 8.113e+04
1.955e-01 8.102e+04
1.930e-01 8.095e+04
1.087e-01 8.139e+04
2.117e-01 8.095e+04
1.499e-06 6.934e+03
1.160e-05 1.484e+04
1.228e-01 8.116e+04
1.590e-01 8.107e+04
9.677e-02 8.148e+04
1.588e-01 8.091e+04
1.836e-01 8.094e+04
2.678e-05 1.608e+04
1.541e-01 8.102e+04
1.081e-01 8.133e+04
1.032e-01 8.114e+04
1.943e-01 8.103e+04
2.043e-01 8.091e+04
1.407e-01 8.108e+04
2.047e-01 8.100e+04
2.525e-01 8.082e+04
1.154e-01 8.128e+04
9.866e-02 8.149e+04
1.245e-01 8.134e+04
1.121e-01 8.117e+04
1.184e-01 8.122e+04
1.330e-01 8.118e+04
8.306e-02 8.155e+04
1.266e-01 8.108e+04
9.920e-02 8.112e+04
1.677e-01 8.105e+04
1.859e-01 8.088e+04
1.045e-01 8.148e+04
2.224e-01 8.078e+04
1.012e-01 8.133e+04
1.337e-01 8.138e+04
1.879e-01 8.083e+04
1.160e-01 8.109e+04
1.581e-01 8.091e+04
1.189e-01 8.107e+04
1.421e-01 8.118e+04
1.976e-01 8.093e+04
2.842e-01 8.061e+04
2.347e-01 8.101e+04
1.403e-01 8.120e+04
1.251e-01 8.122e+04
1.180e-01 8.146e+04
1.860e-01 8.093e+04
1.500e-01 8.066e+04
1.943e-01 8.087e+04
1.469e-01 8.109e+04
2.072e-01 8.094e+04
1.599e-01 8.110e+04
7.605e-02 8.196e+04
1.038e-01 8.179e+04
1.256e-01 8.116e+04
1.603e-01 8.117e+04
2.072e-01 8.100e+04
6.791e-02 8.147e+04
9.306e-06 3.357e+04
1.684e-01 8.075e+04
1.857e-01 8.094e+04
2.014e-01 8.074e+04
1.716e-01 8.106e+04
1.059e-01 8.127e+04
2.697e-01 8.074e+04
1.898e-01 8.085e+04
1.319e-01 8.096e+04
2.039e-01 8.091e+04
1.461e-01 8.102e+04
6.155e-02 8.199e+04
1.383e-01 8.115e+04
1.937e-01 8.082e+04
1.104e-01 8.109e+04
1.977e-01 8.068e+04
1.429e-01 8.116e+04
1.641e-01 8.085e+04
1.418e-01 8.111e+04
7.370e-02 8.156e+04
1.270e-01 8.128e+04
8.682e-06 1.387e+04
1.875e-01 8.109e+04
6.116e-06 1.708e+04
1.242e-01 8.072e+04
1.604e-01 8.111e+04
1.285e-01 8.129e+04
1.253e-01 8.124e+04
1.482e-01 8.094e+04
2.879e-05 3.236e+04
1.023e-05 2.176e+04
1.016e-01 8.151e+04
1.614e-01 8.108e+04
2.469e-01 8.072e+04
1.297e-01 8.121e+04
2.111e-01 8.080e+04
1.864e-01 8.079e+04
1.929e-01 8.117e+04
5.702e-02 8.211e+04
2.351e-01 8.053e+04
4.749e-06 1.954e+04
1.025e-01 8.128e+04
3.047e-01 8.073e+04
2.469e-01 8.091e+04
1.159e-01 8.121e+04
1.949e-01 8.106e+04
1.501e-01 8.087e+04
4.573e-06 4.072e+03
4.925e-02 8.231e+04
2.461e-06 2.121e+04
1.682e-01 8.099e+04
2.153e-01 8.079e+04
3.403e-01 8.041e+04
1.709e-01 8.098e+04
1.538e-01 8.101e+04
1.467e-01 8.115e+04
8.158e-02 8.149e+04
1.123e-01 8.125e+04
2.028e-01 8.090e+04
3.330e-01 8.071e+04
5.346e-06 3.470e+04
1.574e-01 8.121e+04
1.687e-01 8.110e+04
1.849e-01 8.089e+04
1.416e-01 8.125e+04
2.087e-01 8.051e+04
1.233e-01 8.105e+04
1.480e-01 8.131e+04
1.423e-01 8.092e+04
1.359e-01 8.096e+04
1.970e-01 8.090e+04
2.069e-01 8.087e+04
1.435e-01 8.108e+04
1.377e-01 8.118e+04
1.735e-01 8.117e+04
3.075e-01 8.062e+04
1.614e-01 8.114e+04
2.377e-06 6.118e+03
1.148e-01 8.145e+04
7.573e-06 7.983e+03
1.533e-01 8.085e+04
9.851e-02 8.116e+04
1.281e-01 8.127e+04
1.499e-01 8.102e+04
1.429e-01 8.104e+04
1.254e-01 8.122e+04
1.449e-01 8.111e+04
2.311e-05 3.024e+04
1.895e-01 8.113e+04
1.071e-01 8.158e+04
1.829e-01 8.104e+04
1.650e-01 8.079e+04
2.041e-01 8.090e+04
1.277e-01 8.135e+04
1.341e-01 8.133e+04
2.439e-01 8.078e+04
7.287e-02 8.133e+04
2.267e-01 8.088e+04
2.298e-01 8.073e+04
9.785e-02 8.130e+04
1.994e-01 8.074e+04
1.547e-01 7.915e+04
2.045e-01 8.092e+04
1.647e-01 8.084e+04
9.528e-02 8.141e+04
8.498e-02 8.149e+04
2.196e-01 8.087e+04
1.290e-01 8.101e+04
1.444e-01 8.090e+04
7.745e-02 8.154e+04
1.874e-01 8.075e+04
1.950e-05 1.888e+04
2.433e-01 8.069e+04
1.766e-01 8.102e+04
1.547e-01 8.103e+04
1.120e-01 8.100e+04
9.209e-02 8.155e+04
1.220e-05 3.122e+04
1.712e-01 8.123e+04
6.202e-02 8.176e+04
1.312e-01 8.104e+04
3.164e-07 1.740e+04
1.758e-01 8.097e+04
1.478e-01 8.113e+04
1.213e-01 8.123e+04
1.135e-01 8.126e+04
1.358e-01 8.110e+04
2.889e-01 8.058e+04
5.792e-06 2.138e+04
9.626e-02 8.096e+04
1.000e-01 8.130e+04
1.843e-01 8.081e+04
1.402e-01 8.113e+04
1.191e-05 3.198e+03
2.111e-05 1.822e+04
1.568e-01 8.093e+04
5.821e-02 8.193e+04
2.675e-01 8.068e+04
2.377e-01 8.091e+04
9.754e-02 8.135e+04
2.191e-01 8.099e+04
9.603e-02 8.170e+04
1.096e-01 8.132e+04
1.223e-01 8.098e+04
2.078e-01 8.072e+04
1.130e-01 8.148e+04
1.244e-01 8.121e+04
1.441e-01 8.132e+04
2.027e-01 8.080e+04
1.593e-01 8.087e+04
9.844e-02 8.121e+04
3.014e-05 2.567e+04
1.564e-01 8.092e+04
1.946e-01 8.075e+04
1.173e-05 1.866e+04
8.417e-06 1.500e+04
1.953e-01 8.082e+04
1.539e-01 8.079e+04
1.683e-01 8.091e+04
1.046e-01 8.147e+04
9.574e-02 8.095e+04
9.221e-02 8.123e+04
1.761e-05 2.970e+04
1.013e-01 8.114e+04
1.693e-01 8.092e+04
1.638e-01 8.081e+04
1.653e-01 8.093e+04
8.602e-02 8.123e+04
1.432e-01 8.103e+04
2.166e-01 8.086e+04
2.417e-01 8.077e+04
8.543e-02 8.135e+04
2.336e-01 8.083e+04
1.801e-01 8.084e+04
2.224e-01 8.090e+04
1.433e-01 8.104e+04
1.011e-01 8.110e+04
1.658e-01 8.116e+04
9.489e-02 8.117e+04
1.250e-01 8.129e+04
2.387e-01 8.098e+04
1.099e-01 8.156e+04
1.016e-01 8.153e+04
2.098e-01 8.088e+04
2.324e-05 9.652e+03
1.684e-01 8.100e+04
1.400e-01 8.102e+04
1.519e-01 8.111e+04
1.978e-01 8.102e+04
1.918e-01 8.104e+04
1.287e-01 8.122e+04
3.778e-01 8.058e+04
2.593e-01 8.100e+04
1.836e-01 8.107e+04
3.501e-01 8.071e+04
1.913e-05 2.714e+04
9.154e-06 2.917e+03
1.015e-01 8.109e+04
8.590e-02 8.122e+04
1.961e-01 8.120e+04
1.154e-01 8.140e+04
1.018e-01 8.123e+04
1.180e-05 2.090e+04
3.184e-05 3.208e+04
9.273e-02 8.162e+04
1.552e-01 8.123e+04
9.537e-02 8.118e+04
1.599e-01 8.091e+04
1.310e-01 8.126e+04
8.808e-02 8.142e+04
1.868e-01 8.110e+04
1.133e-01 8.099e+04
2.124e-01 8.035e+04
1.058e-01 8.122e+04
1.526e-01 8.108e+04
6.339e-02 8.158e+04
3.054e-05 1.763e+04
1.955e-01 8.083e+04
1.755e-01 8.114e+04
1.038e-01 8.123e+04
1.003e-05 7.858e+03
1.126e-01 8.126e+04
1.633e-01 8.106e+04
1.550e-01 8.102e+04
1.341e-01 8.121e+04
2.416e-06 3.764e+04
2.914e-05 6.462e+03
2.424e-01 8.100e+04
1.064e-01 8.144e+04
1.082e-01 8.141e+04
8.955e-06 2.446e+04
3.398e-01 8.081e+04
1.164e-01 8.132e+04
1.002e-01 8.116e+04
1.181e-01 8.115e+04
1.664e-01 8.089e+04
2.520e-01 8.089e+04
6.310e-06 2.089e+04
2.661e-06 2.414e+04
2.739e-05 1.500e+04
2.020e-01 8.104e+04
1.037e-07 2.135e+03
1.473e-01 8.097e+04
1.732e-01 8.095e+04
8.150e-02 8.139e+04
1.651e-06 1.418e+04
4.419e-01 8.042e+04
1.351e-01 8.120e+04
1.198e-01 8.140e+04
1.186e-01 8.086e+04
1.031e-01 8.141e+04
1.730e-01 8.104e+04
1.147e-01 8.120e+04
1.615e-01 8.086e+04
1.578e-01 8.103e+04
4.930e-06 3.447e+04
1.462e-01 8.110e+04
1.216e-01 8.077e+04
1.027e-01 8.109e+04
1.406e-01 8.121e+04
1.526e-01 8.113e+04
1.263e-01 8.110e+04
2.568e-01 8.074e+04
1.348e-01 8.125e+04
1.394e-01 8.099e+04
2.166e-01 8.055e+04
3.849e-06 7.940e+03
2.288e-01 8.097e+04
2.730e-05 2.886e+04
2.349e-01 8.077e+04
2.643e-05 2.756e+04
1.410e-01 8.091e+04
1.583e-05 2.053e+04
2.081e-01 8.091e+04
2.014e-01 8.082e+04
1.638e-01 8.108e+04
1.361e-01 8.119e+04
8.100e-02 8.175e+04
1.556e-01 8.127e+04
4.856e-06 7.517e+03
9.276e-02 8.130e+04
1.171e-01 8.124e+04
1.671e-01 8.110e+04
2.444e-01 8.092e+04
1.193e-01 8.113e+04
2.443e-01 8.085e+04
9.746e-06 2.143e+04
1.103e-01 8.129e+04
1.536e-01 8.082e+04
8.906e-02 8.149e+04
1.204e-05 2.693e+04
6.778e-02 8.213e+04
2.548e-05 2.080e+04
1.110e-01 8.126e+04
7.288e-02 8.126e+04
2.041e-01 8.109e+04
9.373e-02 8.138e+04
8.841e-06 1.744e+03
8.744e-02 8.133e+04
7.866e-02 8.146e+04
1.042e-01 8.124e+04
9.099e-02 8.110e+04
1.284e-01 8.117e+04
6.795e-02 8.136e+04
1.535e-01 8.080e+04
2.532e-01 8.088e+04
1.055e-01 8.113e+04
3.732e-01 8.078e+04
1.723e-01 8.071e+04
1.876e-01 8.096e+04
1.164e-01 8.106e+04
2.066e-01 8.070e+04
1.003e-05 2.150e+04
1.813e-01 8.112e+04
7.230e-06 2.185e+04
9.743e-02 8.141e+04
1.496e-01 8.092e+04
8.684e-02 8.170e+04
1.445e-01 8.089e+04
1.429e-01 8.096e+04
1.860e-06 1.291e+04
2.162e-01 8.085e+04
1.426e-01 8.127e+04
1.800e-01 8.081e+04
9.941e-02 8.114e+04
1.564e-01 8.113e+04
1.754e-01 8.090e+04
1.898e-01 8.122e+04
1.728e-01 8.116e+04
1.080e-01 8.145e+04
2.089e-01 8.063e+04
1.496e-01 8.122e+04
3.237e-01 8.071e+04
1.172e-01 8.109e+04
1.178e-01 8.122e+04
1.528e-05 2.778e+04
1.305e-01 8.118e+04
1.852e-01 8.084e+04
7.490e-02 8.183e+04
1.197e-01 8.128e+04
8.692e-02 8.178e+04
1.157e-01 8.152e+04
2.630e-01 8.072e+04
1.005e-01 8.152e+04
1.957e-01 8.082e+04
1.657e-01 8.063e+04
4.717e-05 3.279e+04
2.211e-01 8.088e+04
1.868e-01 8.090e+04
1.658e-05 2.549e+04
1.965e-01 8.098e+04
1.472e-01 8.115e+04
1.801e-01 8.114e+04
9.249e-02 8.178e+04
4.615e-06 2.605e+04
1.683e-01 8.107e+04
2.261e-01 8.088e+04
1.381e-01 8.092e+04
2.263e-01 8.099e+04
1.794e-01 8.110e+04
1.539e-01 8.104e+04
1.408e-01 8.131e+04
9.596e-02 8.158e+04
1.119e-01 8.097e+04
3.338e-01 8.071e+04
1.490e-01 8.089e+04
9.494e-06 2.672e+04
2.201e-01 8.080e+04
1.254e-01 8.073e+04
1.925e-01 8.073e+04
1.389e-01 8.085e+04
2.097e-01 8.086e+04
1.200e-01 8.135e+04
1.069e-01 8.123e+04
2.116e-06 9.369e+02
1.654e-01 8.077e+04
1.883e-06 3.734e+04
1.157e-01 8.089e+04
1.928e-01 8.086e+04
1.052e-01 8.117e+04
1.369e-01 8.104e+04
2.289e-01 8.091e+04
1.176e-01 8.130e+04
1.341e-01 8.094e+04
1.131e-01 8.118e+04
1.825e-01 8.090e+04
1.596e-01 8.109e+04
1.528e-01 8.103e+04
9.198e-02 8.164e+04
6.654e-06 8.317e+03
1.180e-01 8.121e+04
1.227e-01 8.140e+04
1.492e-01 8.114e+04
4.612e-06 4.132e+03
1.270e-01 8.133e+04
1.672e-01 8.097e+04
1.228e-01 8.082e+04
1.108e-01 8.108e+04
1.276e-01 8.093e+04
1.373e-01 8.131e+04
1.429e-01 8.109e+04
9.380e-02 8.174e+04
3.228e-06 2.704e+04
1.453e-01 8.130e+04
1.789e-01 8.103e+04
1.208e-01 8.117e+04
6.995e-06 2.097e+04
1.097e-01 8.119e+04
2.588e-05 1.460e+04
2.026e-01 8.082e+04
1.866e-01 8.118e+04
9.116e-02 8.178e+04
1.470e-01 8.131e+04
1.194e-01 8.135e+04
1.379e-05 7.575e+03
1.246e-01 8.133e+04
5.009e-06 1.243e+04
1.359e-01 8.087e+04
1.737e-01 8.109e+04
3.679e-05 1.361e+04
6.369e-02 8.209e+04
2.254e-01 8.083e+04
1.286e-01 8.110e+04
1.211e-01 8.122e+04
1.367e-01 8.103e+04
2.498e-01 8.058e+04
1.882e-01 8.090e+04
1.328e-01 8.109e+04
1.474e-01 8.102e+04
1.772e-01 8.086e+04
1.026e-05 1.094e+03
2.360e-01 8.082e+04
6.304e-02 8.215e+04
1.439e-01 8.129e+04
1.450e-01 8.093e+04
1.287e-01 8.113e+04
1.785e-05 1.005e+04
1.203e-05 3.040e+04
1.309e-01 8.123e+04
1.603e-01 8.103e+04
1.195e-01 8.085e+04
1.063e-01 8.158e+04
1.692e-01 8.129e+04
1.409e-01 8.113e+04
1.027e-01 8.115e+04
9.594e-02 8.125e+04
2.124e-06 1.409e+04
1.795e-01 8.108e+04
3.318e-06 2.586e+04
1.276e-01 8.113e+04
1.396e-01 8.122e+04
1.827e-01 8.101e+04
1.585e-01 8.122e+04
1.670e-05 7.839e+03
1.630e-01 8.111e+04
2.868e-01 8.084e+04
1.331e-01 8.126e+04
4.465e-06 2.748e+03
1.173e-05 1.126e+04
1.541e-01 8.109e+04
1.802e-01 8.075e+04
2.152e-01 8.096e+04
9.127e-06 1.251e+04
1.813e-01 8.080e+04
1.159e-06 1.002e+04
3.433e-06 1.660e+04
1.609e-01 8.104e+04
1.050e-01 8.128e+04
2.570e-01 8.086e+04
1.762e-01 8.089e+04
7.932e-06 2.409e+04
1.828e-01 8.096e+04
6.859e-02 8.218e+04
1.840e-01 8.087e+04
1.709e-01 8.083e+04
1.305e-01 8.078e+04
1.620e-01 8.107e+04
9.502e-02 8.160e+04
2.434e-05 2.287e+04
2.108e-06 2.458e+04
1.856e-01 8.100e+04
1.295e-01 8.135e+04
6.145e-02 8.190e+04
1.340e-01 8.097e+04
1.411e-01 8.114e+04
8.154e-02 8.154e+04
1.461e-01 8.109e+04
9.671e-02 8.166e+04
2.781e-01 8.087e+04
9.368e-06 3.217e+04
1.650e-01 8.090e+04
1.127e-01 8.105e+04
1.363e-06 9.303e+03
1.849e-01 8.094e+04
2.155e-01 8.101e+04
1.012e-01 8.137e+04
1.737e-01 8.095e+04
1.087e-01 8.148e+04
1.413e-01 8.104e+04
2.134e-01 8.090e+04
8.246e-02 8.138e+04
1.786e-01 8.091e+04
9.801e-02 8.132e+04
9.658e-02 8.185e+04
6.275e-06 6.244e+03
1.138e-01 8.144e+04
1.719e-06 9.430e+03
6.295e-06 2.997e+04
1.094e-01 8.110e+04
1.727e-01 8.116e+04
2.451e-01 8.073e+04
7.816e-02 8.177e+04
1.424e-01 8.131e+04
2.430e-01 8.082e+04
1.301e-01 8.101e+04
2.712e-05 4.279e+03
1.306e-01 8.109e+04
1.171e-01 8.076e+04
1.370e-01 8.092e+04
1.786e-01 8.119e+04
1.741e-01 8.088e+04
1.237e-01 8.105e+04
1.454e-01 8.093e+04
1.458e-01 8.091e+04
8.905e-02 8.164e+04
1.116e-01 8.149e+04
2.794e-01 8.066e+04
1.569e-01 8.082e+04
1.979e-06 1.041e+04
1.379e-01 8.111e+04
3.682e-05 9.663e+03
8.752e-02 8.075e+04
5.854e-06 2.251e+04
2.484e-06 2.183e+04
1.881e-01 8.108e+04
8.261e-02 8.148e+04
1.495e-01 8.097e+04
1.618e-01 8.109e+04
9.451e-02 8.140e+04
9.552e-02 8.130e+04
1.613e-01 8.127e+04
1.885e-01 8.105e+04
1.873e-01 8.039e+04
1.980e-01 8.091e+04
7.619e-02 8.175e+04
8.351e-06 3.826e+04
1.366e-01 8.081e+04
1.643e-01 8.111e+04
1.811e-01 8.088e+04
1.794e-01 8.087e+04
1.208e-01 8.094e+04
1.053e-01 8.159e+04
1.388e-01 8.124e+04
1.181e-01 8.093e+04
7.151e-05 3.441e+04
5.917e-06 1.560e+04
1.735e-01 8.097e+04
1.391e-01 8.114e+04
2.824e-01 8.093e+04
1.180e-01 8.137e+04
1.520e-01 8.099e+04
1.390e-01 8.115e+04
1.012e-01 8.153e+04
2.134e-01 8.103e+04
1.148e-01 8.131e+04
1.471e-01 8.113e+04
1.570e-01 8.117e+04
1.205e-01 8.129e+04
1.701e-01 8.079e+04
9.762e-02 8.128e+04
1.834e-01 8.092e+04
1.084e-01 8.135e+04
1.601e-01 8.091e+04
1.070e-01 8.129e+04
1.479e-01 8.137e+04
1.522e-06 8.320e+03
1.467e-01 8.094e+04
2.127e-07 6.102e+03
1.096e-01 8.150e+04
2.274e-01 8.091e+04
7.593e-02 8.080e+04
1.943e-01 8.092e+04
2.003e-01 8.074e+04
2.224e-01 8.068e+04
1.605e-01 8.052e+04
6.678e-02 8.160e+04
1.709e-01 8.102e+04
2.350e-05 2.939e+04
9.383e-02 8.118e+04
1.755e-01 8.116e+04
1.488e-01 8.110e+04
1.641e-01 8.088e+04
5.768e-05 2.289e+04
1.686e-06 8.045e+03
1.885e-06 2.480e+04
1.508e-01 8.119e+04
2.131e-01 8.066e+04
1.578e-01 8.110e+04
1.188e-01 8.131e+04
7.476e-02 8.136e+04
1.445e-01 8.094e+04
1.351e-01 8.115e+04
1.311e-01 8.137e+04
1.488e-01 8.128e+04
1.282e-01 8.107e+04
1.857e-01 8.076e+04
1.788e-05 1.832e+04
1.741e-01 8.096e+04
1.742e-05 1.972e+04
6.430e-02 8.173e+04
1.511e-06 2.019e+04
8.402e-02 8.130e+04
1.004e-01 8.133e+04
2.397e-01 8.084e+04
2.282e-01 8.081e+04
1.705e-01 8.108e+04
1.218e-01 8.125e+04
3.088e-06 1.418e+04
1.093e-01 8.136e+04
1.392e-01 8.132e+04
1.111e-01 8.123e+04
1.300e-01 8.105e+04
6.263e-06 6.512e+03
8.957e-02 8.142e+04
1.090e-01 8.126e+04
1.668e-01 8.086e+04
2.417e-05 1.413e+04
1.395e-01 8.095e+04
7.534e-02 8.167e+04
9.603e-06 2.156e+04
9.425e-02 8.150e+04
5.516e-06 3.271e+04
1.811e-01 8.098e+04
1.698e-01 8.107e+04
1.069e-01 8.091e+04
1.514e-01 8.104e+04
2.400e-01 8.092e+04
1.797e-01 8.131e+04
4.158e-06 2.488e+04
1.496e-01 8.112e+04
9.673e-02 8.155e+04
1.631e-01 8.090e+04
1.002e-01 8.126e+04
2.800e-06 2.027e+04
1.556e-01 8.121e+04
1.180e-01 8.091e+04
1.777e-01 8.116e+04
1.279e-01 8.106e+04
1.780e-01 8.084e+04
1.027e-05 1.153e+04
1.355e-01 8.103e+04
1.417e-01 8.103e+04
1.478e-01 8.117e+04
6.626e-06 3.158e+04
1.982e-01 8.084e+04
1.355e-01 8.135e+04
1.013e-01 8.130e+04
2.105e-01 8.078e+04
2.161e-01 8.085e+04
1.641e-01 8.080e+04
6.840e-02 8.135e+04
1.190e-01 8.136e+04
1.301e-01 8.116e+04
1.660e-01 8.081e+04
1.185e-01 8.099e+04
1.082e-01 8.145e+04
1.286e-01 8.120e+04
4.146e-06 9.111e+03
1.339e-01 8.131e+04
1.185e-05 1.516e+04
2.565e-01 8.101e+04
6.961e-06 1.972e+04
1.220e-01 8.099e+04
1.210e-01 8.159e+04
2.257e-05 7.508e+03
1.173e-01 8.136e+04
1.357e-01 8.131e+04
1.390e-01 8.114e+04
2.272e-01 8.076e+04
1.950e-01 8.097e+04
1.436e-01 8.093e+04
1.965e-01 8.083e+04
1.523e-01 8.099e+04
1.516e-01 8.100e+04
8.933e-02 8.145e+04
7.075e-06 2.983e+04
8.950e-02 8.172e+04
1.530e-01 8.111e+04
1.046e-01 8.140e+04
2.627e-05 3.342e+04
1.603e-01 8.093e+04
1.507e-01 8.131e+04
8.655e-02 8.154e+04
1.009e-01 8.097e+04
1.771e-01 8.085e+04
1.289e-01 8.121e+04
1.377e-01 8.096e+04
1.224e-01 8.105e+04
1.716e-01 8.098e+04
2.340e-05 1.770e+04
7.795e-06 3.032e+03
7.716e-02 8.161e+04
2.384e-05 1.869e+04
2.126e-01 8.088e+04
6.526e-02 8.188e+04
3.142e-01 8.076e+04
9.881e-06 3.578e+03
1.889e-01 8.083e+04
1.148e-01 8.141e+04
7.025e-06 3.996e+04
1.639e-06 2.341e+04
1.959e-01 8.090e+04
1.862e-01 8.094e+04
1.082e-01 8.107e+04
4.683e-05 1.705e+04
1.477e-01 8.097e+04
1.452e-01 8.096e+04
1.332e-05 8.417e+03
1.986e-01 8.106e+04
1.227e-01 8.127e+04
6.051e-06 1.757e+04
9.534e-06 3.005e+04
2.212e-01 8.111e+04
1.294e-01 8.082e+04
1.876e-01 8.084e+04
5.925e-06 3.234e+03
1.949e-05 2.450e+04
1.907e-01 8.088e+04
1.708e-01 8.082e+04
2.396e-01 8.092e+04
1.191e-01 8.127e+04
8.773e-06 3.531e+04
1.256e-01 8.105e+04
1.108e-01 8.128e+04
9.022e-06 1.795e+04
1.402e-01 8.072e+04
1.872e-01 8.113e+04
1.346e-05 3.628e+04
8.272e-02 8.140e+04
1.534e-01 8.103e+04
1.774e-01 8.095e+04
1.580e-01 8.106e+04
2.031e-01 8.119e+04
5.877e-06 1.469e+04
2.362e-01 8.106e+04
2.785e-01 8.082e+04
1.491e-01 8.121e+04
1.531e-01 8.116e+04
2.069e-05 7.198e+03
1.730e-01 8.097e+04
1.397e-01 8.127e+04
1.401e-01 8.112e+04
6.943e-02 8.173e+04
1.261e-01 8.143e+04
2.322e-01 8.080e+04
1.023e-05 2.000e+04
2.355e-01 8.061e+04
2.153e-01 8.088e+04
1.594e-01 8.095e+04
8.965e-06 3.334e+04
8.654e-02 8.153e+04
1.597e-01 8.108e+04
1.179e-01 8.126e+04
1.485e-01 8.119e+04
1.384e-01 8.115e+04
1.403e-01 8.124e+04
1.413e-01 8.091e+04
1.199e-05 8.548e+03
1.575e-01 8.129e+04
1.247e-01 8.125e+04
2.146e-01 8.078e+04
1.621e-01 8.108e+04
2.137e-01 8.102e+04
1.797e-01 8.088e+04
1.713e-01 8.091e+04
2.412e-01 8.079e+04
1.172e-01 8.131e+04
1.871e-01 8.084e+04
1.538e-01 8.099e+04
5.641e-07 1.670e+04
4.982e-02 8.201e+04
1.502e-01 8.104e+04
1.917e-01 8.093e+04
1.128e-01 8.122e+04
1.440e-01 8.078e+04
1.754e-01 8.113e+04
1.997e-01 8.077e+04
1.176e-01 8.133e+04
2.965e-06 1.985e+04
1.150e-01 8.135e+04
8.305e-02 8.179e+04
1.033e-01 8.125e+04
1.696e-01 8.101e+04
1.595e-01 8.089e+04
1.513e-01 8.100e+04
9.407e-02 8.149e+04
2.433e-01 8.078e+04
8.264e-02 8.147e+04
2.128e-01 8.080e+04
1.391e-01 8.105e+04
8.800e-02 8.155e+04
1.095e-01 8.135e+04
1.422e-01 8.120e+04
1.802e-01 8.102e+04
1.517e-01 8.101e+04
1.503e-01 8.109e+04
1.113e-01 8.110e+04
1.655e-01 8.069e+04
1.760e-01 8.112e+04
7.892e-02 8.189e+04
1.891e-05 2.912e+04
7.026e-02 8.164e+04
1.204e-01 8.120e+04
1.400e-01 8.121e+04
9.175e-02 8.108e+04
4.596e-06 1.965e+04
1.059e-01 8.144e+04
3.656e-01 8.072e+04
1.504e-01 8.082e+04
1.457e-01 8.102e+04
2.702e-05 1.498e+04
1.954e-01 8.106e+04
1.351e-01 8.097e+04
1.202e-01 8.128e+04
2.074e-01 8.067e+04
2.124e-01 8.081e+04
1.289e-01 8.090e+04
1.151e-01 8.110e+04
1.281e-01 8.120e+04
1.751e-01 8.061e+04
1.241e-01 8.148e+04
8.247e-06 3.255e+04
1.759e-05 3.298e+04
1.851e-01 8.071e+04
1.295e-05 3.649e+04
1.563e-01 8.098e+04
1.912e-01 8.084e+04
1.209e-01 8.086e+04
1.568e-01 8.113e+04
3.012e-01 8.059e+04
1.179e-01 8.142e+04
1.595e-01 8.102e+04
6.798e-02 8.188e+04
1.013e-01 8.119e+04
4.838e-06 7.551e+03
3.038e-01 8.068e+04
1.590e-01 8.070e+04
1.475e-01 8.111e+04
1.311e-01 8.132e+04
1.130e-01 8.142e+04
5.211e-05 2.045e+04
1.243e-01 8.109e+04
1.655e-01 8.088e+04
8.361e-02 8.112e+04
1.985e-01 8.074e+04
1.268e-01 8.112e+04
2.141e-01 8.082e+04
9.544e-06 5.347e+03
1.733e-01 8.103e+04
1.507e-01 8.118e+04
1.051e-01 8.123e+04
1.776e-01 8.092e+04
2.550e-01 8.075e+04
1.160e-01 8.119e+04
1.014e-01 8.136e+04
1.455e-01 8.090e+04
7.859e-02 8.140e+04
5.826e-05 1.891e+04
9.816e-02 8.127e+04
8.081e-02 8.141e+04
8.885e-06 2.545e+04
1.914e-01 8.085e+04
1.590e-01 8.113e+04
7.127e-02 8.181e+04
6.940e-06 1.870e+04
1.385e-01 8.112e+04
8.780e-02 8.185e+04
1.944e-01 8.088e+04
1.529e-01 8.100e+04
1.559e-01 8.083e+04
9.062e-02 8.127e+04
1.257e-01 8.147e+04
1.171e-01 8.138e+04
1.476e-01 8.050e+04
1.684e-01 8.097e+04
5.054e-06 3.294e+04
2.031e-01 8.083e+04
2.201e-01 8.087e+04
1.831e-06 2.176e+04
3.274e-06 6.165e+03
1.150e-01 8.098e+04
1.121e-01 8.133e+04
1.442e-01 8.120e+04
1.653e-01 8.100e+04
1.058e-01 8.140e+04
5.792e-02 8.227e+04
1.752e-01 8.107e+04
1.146e-01 8.135e+04
1.412e-05 1.656e+04
1.949e-01 8.123e+04
1.345e-01 8.125e+04
1.060e-01 8.138e+04
1.537e-01 8.149e+04
3.736e-05 2.370e+04
5.985e-02 8.197e+04
2.699e-01 8.095e+04
9.549e-06 2.465e+04
1.712e-01 8.092e+04
1.185e-01 8.102e+04
1.682e-01 8.101e+04
1.092e-01 8.128e+04
1.579e-01 8.113e+04
1.122e-01 8.129e+04
9.060e-02 8.122e+04
4.960e-01 8.078e+04
8.138e-02 8.172e+04
1.366e-01 8.118e+04
2.238e-01 8.069e+04
1.175e-01 8.103e+04
2.179e-01 8.080e+04
1.305e-01 8.100e+04
1.212e-01 8.142e+04
1.199e-01 8.134e+04
5.686e-06 9.555e+03
2.670e-01 8.078e+04
1.478e-01 8.115e+04
2.257e-01 8.104e+04
1.363e-01 8.110e+04
3.162e-06 3.667e+04
2.406e-05 2.467e+04
7.136e-02 8.159e+04
6.204e-02 8.185e+04
1.030e-01 8.137e+04
1.554e-01 8.128e+04
1.453e-01 8.110e+04
3.396e-05 2.229e+04
1.563e-01 8.080e+04
7.557e-02 8.160e+04
5.411e-02 8.236e+04
7.968e-02 8.145e+04
3.916e-06 1.120e+04
1.078e-01 8.113e+04
1.515e-01 8.145e+04
2.780e-01 8.078e+04
1.662e-01 8.118e+04
1.931e-01 8.093e+04
1.688e-01 8.078e+04
1.468e-01 8.111e+04
1.363e-01 8.097e+04
4.040e-05 2.739e+04
4.136e-01 8.062e+04
1.534e-05 2.104e+04
1.878e-01 8.076e+04
2.072e-01 8.081e+04
2.321e-01 8.093e+04
1.663e-01 8.091e+04
1.513e-01 8.098e+04
1.621e-01 8.109e+04
1.919e-01 8.101e+04
8.091e-02 8.146e+04
1.034e-01 8.119e+04
2.224e-01 8.077e+04
5.042e-07 2.311e+04
2.214e-01 8.088e+04
3.404e-05 2.840e+04
9.442e-02 8.149e+04
1.247e-05 3.492e+03
2.495e-01 8.088e+04
3.012e-06 1.647e+04
1.592e-01 8.094e+04
1.475e-01 8.104e+04
1.420e-01 8.112e+04
1.397e-01 8.089e+04
2.020e-01 8.096e+04
1.073e-01 8.110e+04
9.796e-02 8.131e+04
1.649e-01 8.112e+04
1.799e-01 8.081e+04
1.131e-01 8.102e+04
1.481e-01 8.141e+04
7.142e-02 8.144e+04
1.063e-01 8.139e+04
1.083e-05 2.742e+04
1.369e-01 8.118e+04
1.164e-01 8.104e+04
1.232e-01 8.097e+04
2.307e-01 8.073e+04
1.253e-01 8.088e+04
1.560e-01 8.109e+04
9.676e-02 8.133e+04
8.514e-02 8.131e+04
1.146e-01 8.127e+04
1.203e-01 8.121e+04
9.304e-02 8.164e+04
4.683e-06 1.551e+04
1.605e-01 8.079e+04
2.004e-01 8.087e+04
1.623e-01 8.100e+04
7.790e-02 8.183e+04
9.112e-02 8.127e+04
1.436e-01 8.118e+04
8.352e-02 8.156e+04
1.553e-01 8.112e+04
1.014e-01 8.105e+04
2.284e-01 8.083e+04
1.671e-01 8.083e+04
1.531e-01 8.087e+04
1.506e-01 8.072e+04
1.733e-01 8.094e+04
1.952e-01 8.083e+04
4.712e-07 2.291e+04
2.053e-01 8.085e+04
5.135e-02 8.250e+04
1.030e-01 8.126e+04
1.590e-01 8.087e+04
1.121e-01 8.127e+04
7.695e-02 8.171e+04
3.404e-05 2.372e+04
1.205e-01 8.138e+04
1.739e-01 8.105e+04
1.643e-01 8.108e+04
1.366e-01 8.099e+04
5.947e-07 8.193e+03
1.423e-01 8.115e+04
1.076e-01 8.115e+04
1.604e-01 8.112e+04
1.537e-06 2.274e+04
7.252e-02 8.175e+04
1.027e-01 8.125e+04
1.009e-01 8.132e+04
1.115e-05 1.699e+04
1.747e-01 8.100e+04
1.970e-01 8.072e+04
1.028e-01 8.123e+04
1.207e-01 8.109e+04
1.119e-01 8.139e+04
1.780e-01 8.119e+04
1.116e-01 8.112e+04
1.853e-01 8.098e+04
1.116e-01 8.144e+04
1.721e-01 8.091e+04
1.543e-01 8.085e+04
1.632e-01 8.117e+04
1.606e-01 8.110e+04
2.080e-01 8.090e+04
7.647e-02 8.144e+04
3.992e-06 1.622e+04
3.962e-06 3.153e+04
2.708e-01 8.085e+04
4.033e-05 2.027e+04
1.612e-01 8.094e+04
1.314e-01 8.114e+04
1.230e-01 8.116e+04
1.790e-01 8.094e+04
8.404e-07 1.984e+04
8.726e-02 8.169e+04
1.456e-01 8.121e+04
1.147e-01 8.135e+04
1.530e-01 8.104e+04
1.216e-01 8.116e+04
9.579e-02 8.124e+04
6.250e-02 8.231e+04
1.766e-01 8.092e+04
1.123e-01 8.128e+04
1.612e-01 8.094e+04
2.028e-01 8.086e+04
1.586e-01 8.103e+04
8.881e-02 8.123e+04
8.826e-06 7.885e+03
1.672e-01 8.083e+04
1.835e-01 8.082e+04
1.458e-01 8.092e+04
1.025e-01 8.116e+04
1.617e-01 8.098e+04
1.121e-01 8.135e+04
1.178e-06 1.904e+04
9.763e-02 8.136e+04
8.928e-02 8.142e+04
1.747e-01 8.089e+04
1.467e-01 8.097e+04
7.900e-08 2.135e+03
9.505e-02 8.143e+04
2.292e-01 8.073e+04
1.273e-01 8.093e+04
2.454e-05 2.063e+04
1.412e-01 8.109e+04
2.161e-01 8.078e+04
1.020e-01 8.135e+04
2.050e-01 8.117e+04
1.762e-01 8.099e+04
3.005e-01 8.092e+04
9.983e-02 8.051e+04
2.970e-07 1.288e+04
1.657e-01 8.118e+04
1.153e-01 8.111e+04
9.023e-02 8.144e+04
1.525e-01 8.111e+04
1.294e-01 8.095e+04
1.521e-01 8.129e+04
4.823e-06 1.670e+04
1.564e-01 8.121e+04
5.351e-02 8.197e+04
1.302e-01 8.125e+04
1.418e-01 8.115e+04
9.394e-02 8.143e+04
1.663e-01 8.082e+04
2.194e-01 8.095e+04
1.097e-01 8.113e+04
6.698e-02 8.172e+04
1.451e-01 8.112e+04
1.894e-01 8.107e+04
1.371e-01 8.100e+04
1.964e-01 8.101e+04
1.415e-01 8.100e+04
1.454e-01 8.129e+04
1.926e-01 8.080e+04
1.196e-01 8.115e+04
1.209e-01 8.120e+04
1.504e-01 8.129e+04
1.455e-01 8.118e+04
1.966e-01 8.092e+04
1.272e-01 8.089e+04
1.051e-01 8.109e+04
1.645e-01 8.115e+04
6.304e-06 4.622e+03
1.342e-01 8.116e+04
8.092e-06 3.083e+03
2.094e-01 8.085e+04
2.253e-01 8.123e+04
9.185e-02 8.150e+04
1.443e-01 8.115e+04
1.487e-01 8.096e+04
5.627e-06 2.944e+04
1.296e-01 8.111e+04
1.212e-01 8.112e+04
4.787e-06 1.521e+04
1.791e-01 8.101e+04
1.389e-01 8.110e+04
2.612e-06 3.225e+04
2.000e-06 1.050e+04
1.945e-01 8.087e+04
1.178e-01 8.111e+04
1.171e-01 8.095e+04
1.417e-01 8.119e+04
1.513e-01 8.116e+04
1.013e-01 8.124e+04
1.145e-01 8.147e+04
1.196e-01 8.125e+04
8.854e-02 8.141e+04
1.001e-06 1.631e+04
5.815e-05 2.703e+04
1.128e-01 8.107e+04
7.753e-02 8.136e+04
1.242e-01 8.142e+04
2.363e-01 8.067e+04
2.353e-01 8.084e+04
3.125e-01 8.067e+04
1.689e-01 8.105e+04
5.525e-02 8.200e+04
1.278e-05 2.955e+04
2.519e-01 8.074e+04
1.621e-01 8.087e+04
1.276e-01 8.123e+04
3.584e-05 3.495e+04
1.404e-01 8.107e+04
1.552e-06 1.245e+04
1.289e-05 3.659e+04
8.524e-02 8.155e+04
2.048e-01 8.107e+04
1.355e-01 8.138e+04
1.650e-01 8.093e+04
2.490e-01 8.090e+04
6.421e-02 8.167e+04
1.131e-05 2.054e+04
8.573e-02 8.142e+04
1.109e-01 8.092e+04
1.709e-01 8.097e+04
1.026e-05 7.814e+03
1.118e-05 4.497e+03
9.698e-02 8.120e+04
1.989e-01 8.077e+04
2.685e-01 8.077e+04
4.029e-06 2.406e+04
1.159e-01 8.132e+04
2.785e-01 8.091e+04
1.267e-01 8.127e+04
1.276e-01 8.130e+04
1.470e-01 8.118e+04
1.788e-01 8.099e+04
1.426e-01 8.109e+04
6.957e-06 2.575e+04
2.147e-01 8.074e+04
1.246e-05 4.889e+03
1.714e-01 8.086e+04
1.387e-01 8.132e+04
7.354e-02 8.166e+04
1.329e-01 8.124e+04
7.618e-06 9.549e+03
7.762e-06 1.651e+04
1.864e-01 8.073e+04
9.687e-02 8.161e+04
1.357e-01 8.103e+04
2.316e-01 8.105e+04
6.191e-06 3.488e+04
1.265e-05 1.369e+04
9.625e-02 8.135e+04
1.441e-01 8.083e+04
9.968e-02 8.166e+04
1.335e-01 8.103e+04
1.001e-01 8.104e+04
1.854e-01 8.094e+04
2.944e-01 8.075e+04
1.324e-01 8.129e+04
1.854e-01 8.108e+04
2.436e-01 8.079e+04
1.370e-01 8.132e+04
4.617e-06 1.468e+04
1.682e-01 8.081e+04
4.815e-06 4.962e+04
1.347e-01 8.132e+04
1.744e-01 8.102e+04
9.742e-02 8.175e+04
2.471e-01 8.081e+04
1.425e-01 8.109e+04
1.464e-01 8.137e+04
1.400e-01 8.098e+04
6.979e-02 8.244e+04
1.324e-01 8.137e+04
1.546e-01 8.109e+04
9.168e-02 8.124e+04
1.683e-01 8.096e+04
1.132e-06 1.716e+04
1.537e-01 8.107e+04
2.018e-01 8.099e+04
1.609e-01 8.111e+04
9.339e-02 8.139e+04
2.448e-01 8.082e+04
2.453e-01 8.052e+04
3.285e-05 1.735e+04
3.127e-05 2.312e+04
1.693e-01 8.083e+04
2.664e-05 2.503e+04
1.589e-01 8.089e+04
4.836e-06 1.755e+04
7.326e-02 8.194e+04
6.117e-02 8.189e+04
1.512e-01 8.091e+04
2.984e-05 2.733e+04
1.107e-01 8.152e+04
2.151e-01 8.087e+04
1.259e-01 8.143e+04
9.283e-02 8.185e+04
1.787e-01 8.099e+04
9.341e-02 8.144e+04
1.241e-01 8.082e+04
1.470e-01 8.118e+04
2.440e-05 1.209e+04
3.093e-01 8.080e+04
7.138e-02 8.184e+04
1.873e-01 8.073e+04
2.482e-06 5.542e+03
1.482e-01 8.131e+04
8.363e-02 8.150e+04
1.144e-01 8.125e+04
2.082e-01 8.069e+04
1.464e-01 8.142e+04
3.393e-06 2.848e+03
1.725e-01 8.110e+04
1.224e-01 8.118e+04
1.246e-01 8.083e+04
1.005e-01 8.159e+04
1.695e-01 8.070e+04
9.464e-02 8.116e+04
1.722e-01 8.086e+04
3.259e-06 7.043e+03
1.396e-01 8.128e+04
1.603e-01 8.120e+04
1.670e-01 8.090e+04
1.218e-05 1.575e+04
6.363e-02 8.223e+04
1.798e-01 8.104e+04
9.162e-05 1.521e+04
1.326e-01 8.124e+04
2.098e-01 8.067e+04
6.691e-02 8.164e+04
1.290e-01 8.089e+04
1.096e-01 8.137e+04
1.317e-01 8.110e+04
1.130e-05 2.401e+04
2.309e-01 8.095e+04
1.322e-05 1.353e+04
7.632e-02 8.164e+04
6.996e-02 8.143e+04
1.766e-01 8.096e+04
1.461e-01 8.109e+04
1.938e-01 8.072e+04
1.785e-01 8.061e+04
2.020e-01 8.063e+04
1.343e-01 8.128e+04
1.889e-01 8.078e+04
5.972e-06 8.540e+03
8.556e-07 3.715e+04
1.727e-05 9.561e+03
1.182e-01 8.124e+04
2.049e-01 8.084e+04
1.877e-01 8.079e+04
1.542e-01 8.089e+04
4.571e-05 3.193e+04
1.438e-01 8.118e+04
1.186e-01 8.102e+04
6.160e-06 7.129e+03
1.068e-01 8.125e+04
1.231e-01 8.152e+04
2.147e-01 8.073e+04
6.006e-06 2.053e+04
1.797e-06 3.240e+04
1.534e-01 8.101e+04
8.993e-02 8.181e+04
1.309e-01 8.087e+04
1.416e-01 8.129e+04
1.861e-01 8.080e+04
2.105e-01 8.099e+04
1.632e-01 8.122e+04
1.436e-01 8.096e+04
1.753e-01 8.102e+04
1.048e-01 8.145e+04
6.203e-02 8.179e+04
1.227e-01 8.123e+04
1.617e-01 8.097e+04
1.017e-01 8.108e+04
2.159e-01 8.079e+04
2.872e-01 8.060e+04
8.119e-06 3.038e+04
2.165e-01 8.086e+04
9.349e-06 1.669e+03
4.443e-06 1.043e+04
1.682e-06 2.564e+04
9.514e-02 8.166e+04
1.498e-01 8.116e+04
2.283e-01 8.081e+04
1.278e-01 8.146e+04
3.547e-06 3.003e+04
1.295e-01 8.131e+04
2.628e-01 8.079e+04
1.057e-01 8.126e+04
1.318e-01 8.115e+04
3.969e-01 8.072e+04
1.283e-01 8.139e+04
1.314e-01 8.099e+04
1.291e-01 8.100e+04
1.578e-01 8.092e+04
1.062e-01 8.144e+04
1.231e-01 8.123e+04
1.197e-01 8.126e+04
1.031e-01 8.117e+04
1.146e-01 8.116e+04
4.477e-05 2.540e+04
1.460e-01 8.104e+04
9.113e-02 8.141e+04
1.319e-01 8.124e+04
2.599e-01 8.082e+04
1.728e-01 8.091e+04
2.673e-01 8.071e+04
9.116e-02 8.167e+04
2.558e-01 8.087e+04
1.080e-01 8.097e+04
6.344e-06 3.558e+04
1.089e-01 8.121e+04
1.767e-01 8.105e+04
1.606e-01 8.104e+04
1.671e-01 8.085e+04
1.929e-01 8.097e+04
1.328e-01 8.101e+04
1.052e-01 8.154e+04
1.840e-01 8.091e+04
1.999e-01 8.113e+04
1.160e-01 8.109e+04
7.465e-02 8.177e+04
1.351e-01 8.109e+04
1.247e-01 8.114e+04
7.893e-02 8.167e+04
3.080e-01 8.077e+04
1.637e-01 8.085e+04
1.261e-01 8.135e+04
2.106e-01 8.067e+04
1.655e-01 8.100e+04
1.385e-01 8.107e+04
3.253e-01 8.075e+04
3.125e-01 8.077e+04
1.527e-05 6.886e+03
1.020e-01 8.109e+04
1.279e-01 8.124e+04
1.765e-05 1.045e+04
2.343e-01 8.083e+04
1.537e-01 8.110e+04
1.233e-01 8.100e+04
9.858e-02 8.152e+04
1.290e-05 2.443e+04
1.235e-01 8.138e+04
2.094e-01 8.099e+04
1.837e-06 9.708e+03
5.930e-07 6.802e+03
5.681e-06 1.940e+04
1.329e-05 1.996e+04
1.453e-01 8.116e+04
1.002e-01 8.124e+04
1.184e-01 8.117e+04
1.206e-01 8.118e+04
1.619e-01 8.102e+04
1.519e-01 8.110e+04
1.883e-01 8.101e+04
2.447e-01 8.076e+04
1.229e-01 8.102e+04
8.125e-02 8.143e+04
1.595e-01 8.098e+04
9.460e-02 8.143e+04
1.570e-01 8.088e+04
1.559e-01 8.089e+04
1.673e-01 8.093e+04
1.052e-05 1.903e+04
8.622e-02 8.164e+04
1.317e-01 8.119e+04
1.180e-01 8.130e+04
2.709e-01 8.082e+04
1.364e-01 8.107e+04
8.336e-02 8.146e+04
2.017e-01 8.102e+04
3.825e-05 4.011e+04
7.617e-02 8.219e+04
1.880e-01 8.109e+04
1.370e-01 8.119e+04
1.138e-05 3.240e+04
9.736e-06 3.027e+04
4.069e-05 3.044e+04
1.359e-01 8.089e+04
1.201e-01 8.132e+04
2.716e-01 8.080e+04
9.816e-02 8.110e+04
1.433e-01 8.090e+04
1.161e-06 6.314e+03
1.318e-01 8.104e+04
1.948e-01 8.102e+04
7.469e-02 8.158e+04
1.263e-01 8.106e+04
1.911e-07 3.217e+04
9.227e-02 8.178e+04
9.353e-06 9.266e+03
1.923e-01 8.077e+04
1.143e-01 8.108e+04
1.132e-01 8.120e+04
1.239e-01 8.123e+04
2.158e-01 8.066e+04
1.085e-01 8.112e+04
1.386e-01 8.115e+04
1.103e-01 8.112e+04
9.007e-02 8.144e+04
1.256e-01 8.112e+04
1.570e-01 8.090e+04
1.086e-01 8.060e+04
1.369e-01 8.128e+04
1.990e-01 8.099e+04
9.822e-02 8.114e+04
1.005e-01 8.126e+04
1.923e-01 8.081e+04
3.394e-05 2.041e+04
6.435e-02 8.195e+04
1.717e-01 8.099e+04
2.019e-01 8.098e+04
3.334e-01 8.066e+04
1.436e-01 8.110e+04
1.837e-01 8.080e+04
8.936e-02 8.175e+04
5.857e-05 3.175e+04
1.440e-05 2.399e+04
1.362e-01 8.112e+04
4.960e-05 3.717e+04
1.878e-01 8.101e+04
9.351e-06 1.250e+04
1.078e-05 8.664e+03
2.183e-01 8.074e+04
1.251e-01 8.137e+04
1.456e-01 8.122e+04
2.081e-01 8.092e+04
3.014e-05 2.490e+04
8.241e-02 8.136e+04
1.072e-05 2.250e+04
9.208e-06 7.348e+03
1.618e-01 8.103e+04
1.104e-01 8.159e+04
1.695e-01 8.090e+04
1.613e-01 8.104e+04
2.321e-01 8.062e+04
1.536e-01 8.114e+04
2.059e-01 8.093e+04
5.506e-02 8.198e+04
1.656e-01 8.096e+04
2.049e-01 8.083e+04
1.156e-01 8.109e+04
1.498e-01 8.090e+04
9.976e-06 1.413e+04
8.210e-02 8.181e+04
9.607e-02 8.098e+04
1.927e-01 8.091e+04
3.507e-05 3.463e+04
1.535e-01 8.083e+04
1.950e-01 8.093e+04
1.706e-01 8.079e+04
1.779e-01 8.100e+04
1.576e-01 8.136e+04
1.473e-01 8.104e+04
1.791e-01 8.093e+04
1.937e-01 8.100e+04
2.184e-01 8.068e+04
1.859e-01 8.110e+04
1.749e-01 8.063e+04
1.448e-01 8.118e+04
1.113e-01 8.125e+04
1.144e-01 8.139e+04
3.818e-06 5.838e+03
1.112e-01 8.107e+04
9.640e-02 8.155e+04
1.025e-01 8.146e+04
9.533e-02 8.159e+04
4.155e-01 8.088e+04
9.199e-02 8.117e+04
6.810e-02 8.163e+04
1.437e-01 8.125e+04
1.090e-05 2.665e+04
4.891e-06 7.058e+03
9.228e-02 8.129e+04
1.381e-01 8.121e+04
9.089e-02 8.109e+04
2.080e-01 8.084e+04
9.142e-06 1.031e+04
1.202e-01 8.133e+04
1.304e-01 8.141e+04
2.158e-01 8.067e+04
1.627e-01 8.125e+04
5.920e-02 8.213e+04
1.228e-01 8.119e+04
1.211e-01 8.103e+04
6.407e-06 3.310e+04
9.637e-02 8.121e+04
2.046e-01 8.079e+04
6.663e-02 8.210e+04
1.253e-01 8.124e+04
1.291e-01 8.138e+04
1.434e-01 8.111e+04
6.493e-02 8.130e+04
2.090e-01 8.090e+04
1.947e-01 8.079e+04
1.665e-01 8.103e+04
2.692e-01 8.066e+04
7.507e-06 2.621e+04
2.201e-01 8.091e+04
9.483e-02 8.111e+04
1.661e-05 1.580e+04
1.671e-01 8.112e+04
1.287e-01 8.113e+04
2.018e-01 8.066e+04
1.491e-01 8.120e+04
1.228e-01 8.120e+04
1.344e-05 3.349e+04
1.157e-01 8.129e+04
7.683e-02 8.159e+04
1.767e-01 8.106e+04
1.477e-01 8.094e+04
6.686e-02 8.176e+04
1.561e-01 8.097e+04
1.775e-01 8.104e+04
1.245e-01 8.101e+04
3.263e-01 8.080e+04
2.320e-01 8.078e+04
2.056e-01 8.080e+04
2.125e-01 8.086e+04
1.457e-01 8.119e+04
1.569e-01 8.096e+04
1.726e-05 5.843e+03
1.746e-01 8.068e+04
1.622e-01 8.102e+04
9.370e-02 8.147e+04
1.607e-01 8.120e+04
3.575e-05 2.908e+04
9.322e-02 8.163e+04
1.069e-01 8.124e+04
1.586e-01 8.124e+04
1.711e-01 8.110e+04
2.050e-05 2.412e+04
6.249e-02 8.162e+04
1.595e-01 8.111e+04
1.278e-01 8.109e+04
1.192e-01 8.139e+04
1.892e-01 8.091e+04
1.807e-01 8.080e+04
3.295e-05 1.698e+04
1.367e-01 8.145e+04
2.077e-01 8.106e+04
1.956e-01 8.095e+04
1.616e-01 8.120e+04
1.558e-01 8.109e+04
1.701e-01 8.089e+04
1.103e-01 8.132e+04
2.198e-05 3.309e+03
1.231e-01 8.135e+04
1.436e-01 8.100e+04
1.684e-01 8.103e+04
9.262e-02 8.140e+04
2.031e-01 8.117e+04
1.553e-01 8.100e+04
1.812e-01 8.075e+04
8.591e-07 2.890e+04
1.507e-01 8.092e+04
2.892e-01 8.075e+04
1.060e-01 8.138e+04
3.118e-01 8.071e+04
1.267e-01 8.119e+04
6.579e-06 1.422e+04
2.309e-01 8.084e+04
1.023e-01 8.108e+04
2.793e-01 8.069e+04
1.573e-01 8.085e+04
2.225e-01 8.086e+04
1.230e-01 8.125e+04
1.131e-01 8.125e+04
6.420e-02 8.162e+04
1.413e-01 8.098e+04
1.771e-01 8.102e+04
1.765e-01 8.101e+04
1.293e-01 8.117e+04
1.756e-01 8.098e+04
1.784e-01 8.073e+04
2.405e-01 8.094e+04
1.549e-01 8.113e+04
7.250e-02 8.125e+04
9.307e-06 1.414e+04
1.348e-05 1.348e+04
6.605e-02 8.204e+04
2.648e-01 8.099e+04
8.079e-02 8.159e+04
3.020e-01 8.087e+04
8.936e-02 8.134e+04
1.427e-01 8.105e+04
7.811e-06 5.871e+03
1.717e-05 6.116e+03
1.175e-05 2.902e+04
1.777e-05 8.530e+03
3.337e-06 4.427e+03
2.579e-01 8.083e+04
1.667e-01 8.113e+04
8.186e-02 8.152e+04
1.451e-01 8.121e+04
1.983e-01 8.100e+04
1.445e-01 8.130e+04
8.838e-02 8.140e+04
1.900e-05 2.606e+04
1.919e-01 8.107e+04
2.119e-01 8.069e+04
1.221e-01 8.112e+04
1.798e-01 8.087e+04
8.525e-06 1.315e+04
5.150e-06 2.370e+04
1.417e-01 8.109e+04
7.255e-02 8.165e+04
2.484e-01 8.061e+04
1.827e-01 8.099e+04
1.345e-01 8.110e+04
2.375e-01 8.104e+04
2.132e-01 8.096e+04
1.664e-01 8.086e+04
1.842e-01 8.094e+04
1.084e-01 8.109e+04
1.589e-01 8.107e+04
1.191e-01 8.116e+04
8.845e-02 8.154e+04
1.336e-01 8.092e+04
1.402e-05 2.342e+04
1.531e-01 8.121e+04
1.380e-01 8.117e+04
1.237e-01 8.126e+04
4.929e-06 3.336e+04
1.210e-01 8.119e+04
7.113e-02 8.160e+04
1.498e-01 8.094e+04
1.692e-01 8.070e+04
1.506e-01 8.099e+04
2.252e-01 8.074e+04
2.422e-01 8.085e+04
5.547e-06 3.633e+04
2.081e-01 8.105e+04
1.785e-01 8.085e+04
1.208e-01 8.117e+04
5.978e-02 8.237e+04
1.517e-01 8.116e+04
1.324e-01 8.124e+04
2.401e-01 8.053e+04
1.109e-01 8.146e+04
7.748e-02 8.135e+04
9.342e-02 8.120e+04
1.442e-01 8.142e+04
1.202e-01 8.110e+04
1.976e-01 8.053e+04
1.402e-01 8.116e+04
1.368e-01 8.122e+04
1.798e-01 8.096e+04
2.833e-01 8.072e+04
8.136e-02 8.156e+04
1.746e-01 8.076e+04
1.354e-01 8.118e+04
9.147e-02 8.122e+04
1.105e-01 8.152e+04
8.810e-02 8.185e+04
1.650e-01 8.089e+04
1.037e-05 1.659e+04
9.583e-02 8.160e+04
1.213e-01 8.107e+04
1.515e-01 8.108e+04
1.359e-01 8.106e+04
1.376e-01 8.113e+04
1.600e-01 8.088e+04
1.390e-01 8.097e+04
1.008e-01 8.133e+04
1.151e-01 8.137e+04
1.190e-01 8.091e+04
1.838e-01 8.122e+04
1.521e-01 8.115e+04
1.607e-01 8.119e+04
1.336e-01 8.081e+04
7.517e-06 2.758e+04
1.496e-01 8.112e+04
1.261e-01 8.096e+04
1.566e-01 8.132e+04
1.608e-06 2.923e+04
9.905e-02 8.132e+04
1.457e-01 8.112e+04
1.183e-01 8.086e+04
9.349e-02 8.144e+04
9.263e-02 8.134e+04
2.764e-06 4.621e+03
1.021e-01 8.127e+04
1.546e-05 1.896e+04
1.231e-01 8.149e+04
1.177e-07 3.587e+04
1.241e-01 8.145e+04
1.321e-01 8.118e+04
8.045e-02 8.134e+04
1.272e-01 8.101e+04
1.611e-01 8.094e+04
5.879e-06 2.757e+04
1.858e-01 8.110e+04
2.032e-01 8.099e+04
1.521e-01 8.107e+04
1.772e-01 8.100e+04
9.688e-02 8.128e+04
1.354e-01 8.087e+04
2.576e-01 8.033e+04
1.290e-01 8.138e+04
2.016e-01 8.085e+04
2.242e-01 8.066e+04
9.898e-02 8.141e+04
1.154e-05 3.365e+04
2.319e-01 8.071e+04
1.247e-01 8.109e+04
1.470e-01 8.115e+04
8.912e-06 8.756e+03
1.257e-01 8.144e+04
1.765e-01 8.106e+04
1.244e-01 8.124e+04
7.700e-02 8.119e+04
5.627e-06 2.396e+04
2.047e-01 8.086e+04
1.535e-01 8.107e+04
1.102e-01 8.135e+04
1.784e-01 8.083e+04
1.200e-01 8.088e+04
1.135e-01 8.115e+04
1.402e-01 8.096e+04
6.846e-02 8.159e+04
1.664e-01 8.094e+04
9.587e-02 8.159e+04
3.387e-06 1.917e+04
2.325e-05 2.588e+04
2.889e-01 8.075e+04
1.062e-01 8.113e+04
1.908e-01 8.114e+04
1.330e-01 8.100e+04
1.335e-05 5.947e+03
9.762e-02 8.103e+04
7.307e-06 1.188e+04
2.679e-01 8.073e+04
1.746e-01 8.104e+04
8.572e-06 2.762e+04
2.181e-05 1.951e+04
4.440e-05 1.915e+04
2.461e-06 2.940e+04
1.993e-05 2.648e+04
2.017e-01 8.068e+04
8.290e-06 2.036e+04
1.947e-01 8.098e+04
7.647e-02 8.204e+04
1.717e-01 8.127e+04
2.205e-01 8.047e+04
9.336e-06 2.950e+04
2.431e-06 3.194e+04
3.128e-01 8.039e+04
1.634e-01 8.106e+04
1.462e-01 8.116e+04
4.346e-02 8.186e+04
3.005e-05 1.589e+04
8.661e-02 8.166e+04
1.488e-05 9.031e+03
1.531e-01 8.063e+04
1.060e-01 8.121e+04
1.566e-01 8.086e+04
4.608e-05 2.999e+04
1.663e-01 8.083e+04
2.036e-01 8.084e+04
1.162e-01 8.156e+04
1.294e-01 8.137e+04
7.762e-02 8.205e+04
1.101e-01 8.120e+04
1.083e-05 4.827e+03
1.670e-01 8.098e+04
8.330e-02 8.116e+04
1.354e-01 8.125e+04
2.158e-01 8.067e+04
2.881e-01 8.076e+04
1.261e-01 8.109e+04
1.954e-01 8.087e+04
1.092e-01 8.119e+04
5.841e-02 8.177e+04
1.590e-01 8.116e+04
2.071e-05 2.295e+04
7.113e-02 8.137e+04
1.323e-01 8.140e+04
2.038e-01 8.110e+04
2.266e-01 8.094e+04
3.299e-06 2.838e+04
7.448e-02 8.169e+04
3.115e-01 8.067e+04
1.559e-01 8.093e+04
1.423e-01 8.131e+04
2.326e-01 8.090e+04
2.288e-01 8.079e+04
1.549e-01 8.109e+04
1.336e-01 8.133e+04
1.685e-01 8.086e+04
2.235e-01 8.096e+04
1.591e-01 8.102e+04
1.317e-01 8.112e+04
2.213e-01 8.072e+04
5.337e-07 1.510e+04
1.316e-01 8.137e+04
2.889e-01 8.096e+04
1.381e-01 8.116e+04
1.538e-01 8.091e+04
1.234e-01 8.146e+04
2.302e-05 1.070e+04
2.074e-01 8.087e+04
9.361e-02 8.155e+04
1.970e-01 8.107e+04
1.199e-01 8.111e+04
8.596e-02 8.143e+04
1.191e-01 8.122e+04
1.379e-01 8.129e+04
2.313e-01 8.096e+04
1.811e-05 1.982e+04
8.281e-02 8.178e+04
1.037e-01 8.125e+04
1.149e-01 8.118e+04
1.772e-01 8.062e+04
1.038e-01 8.136e+04
1.860e-01 8.085e+04
1.129e-01 8.112e+04
1.228e-01 8.117e+04
1.471e-01 8.127e+04
7.575e-02 8.140e+04
1.475e-01 8.092e+04
2.260e-01 8.097e+04
2.215e-01 8.076e+04
1.824e-01 8.074e+04
1.484e-01 8.082e+04
1.573e-01 8.097e+04
2.861e-06 2.050e+03
1.256e-01 8.120e+04
1.724e-01 8.119e+04
1.300e-01 8.138e+04
1.451e-01 8.110e+04
8.549e-02 8.165e+04
1.067e-06 4.365e+03
1.330e-01 8.117e+04
1.136e-01 8.159e+04
2.137e-01 8.078e+04
1.328e-01 8.129e+04
1.768e-01 8.091e+04
3.801e-01 8.075e+04
7.383e-02 8.177e+04
6.569e-07 4.095e+04
1.118e-01 8.125e+04
2.233e-01 8.093e+04
7.059e-02 8.197e+04
1.551e-01 8.075e+04
8.379e-02 8.145e+04
5.657e-07 1.107e+04
1.558e-01 8.124e+04
1.114e-01 8.126e+04
3.784e-05 1.890e+04
1.439e-01 8.101e+04
1.193e-01 8.120e+04
1.295e-01 8.111e+04
2.615e-01 8.080e+04
1.071e-01 8.129e+04
1.834e-01 8.097e+04
3.554e-05 3.321e+04
2.081e-06 3.178e+04
9.832e-02 8.139e+04
1.506e-01 8.095e+04
1.464e-05 2.974e+04
1.278e-01 8.131e+04
1.569e-01 8.100e+04
3.886e-05 2.497e+04
7.054e-02 8.149e+04
1.674e-01 8.073e+04
1.064e-01 8.125e+04
4.815e-06 8.825e+03
1.453e-01 8.100e+04
7.385e-06 4.972e+03
1.697e-01 8.083e+04
1.467e-01 8.116e+04
2.953e-05 1.645e+04
7.895e-02 8.189e+04
1.090e-01 8.106e+04
1.496e-05 3.721e+04
1.293e-01 8.091e+04
1.749e-01 8.127e+04
1.729e-01 8.094e+04
3.126e-06 1.506e+04
1.407e-05 2.833e+04
8.105e-02 8.147e+04
1.354e-01 8.155e+04
1.209e-01 8.122e+04
2.269e-01 8.079e+04
1.303e-01 8.033e+04
2.476e-01 8.095e+04
4.466e-06 2.486e+04
1.293e-01 8.140e+04
1.154e-01 8.132e+04
3.844e-01 8.056e+04
1.710e-01 8.092e+04
3.410e-06 3.147e+04
1.350e-01 8.126e+04
6.812e-02 8.158e+04
2.048e-01 8.105e+04
8.881e-02 8.126e+04
1.183e-01 8.120e+04
2.229e-01 8.087e+04
1.160e-01 8.129e+04
1.857e-01 8.106e+04
2.253e-01 8.074e+04
1.335e-01 8.093e+04
3.391e-01 8.064e+04
2.026e-01 8.069e+04
2.109e-01 8.083e+04
9.507e-02 8.146e+04
9.072e-02 8.142e+04
1.871e-05 2.365e+04
1.234e-01 8.131e+04
1.357e-01 8.086e+04
9.770e-02 8.157e+04
1.790e-01 8.083e+04
6.147e-06 4.322e+03
1.150e-01 8.122e+04
1.326e-01 8.099e+04
7.593e-06 5.972e+03
1.087e-01 8.111e+04
1.169e-05 3.097e+04
1.979e-05 2.882e+04
1.075e-01 8.125e+04
1.657e-01 8.102e+04
2.385e-01 8.072e+04
2.011e-01 8.106e+04
2.122e-01 8.085e+04
1.211e-01 8.115e+04
1.392e-01 8.107e+04
1.872e-01 8.069e+04
1.356e-05 3.194e+04
1.738e-01 8.096e+04
1.177e-01 8.088e+04
1.541e-01 8.104e+04
1.533e-01 8.098e+04
1.840e-01 8.119e+04
1.807e-01 8.095e+04
1.035e-01 8.156e+04
1.413e-01 8.101e+04
1.225e-01 8.136e+04
1.237e-01 8.130e+04
9.188e-02 8.132e+04
1.277e-01 8.107e+04
1.423e-01 8.120e+04
1.670e-01 8.074e+04
9.754e-02 8.156e+04
1.898e-05 1.663e+04
1.583e-01 8.099e+04
1.171e-01 8.126e+04
1.289e-01 8.117e+04
1.395e-01 8.129e+04
1.392e-01 8.105e+04
2.792e-01 8.063e+04
4.546e-06 7.725e+03
2.303e-01 8.088e+04
1.334e-01 8.105e+04
8.779e-02 8.177e+04
1.294e-01 8.139e+04
3.293e-06 2.355e+04
1.504e-01 8.106e+04
1.154e-01 8.119e+04
1.081e-05 2.791e+04
1.417e-01 8.129e+04
1.137e-01 8.111e+04
1.371e-01 8.120e+04
1.061e-01 8.145e+04
9.486e-02 8.161e+04
1.088e-01 8.101e+04
1.590e-01 8.086e+04
1.768e-01 8.093e+04
1.362e-01 8.079e+04
1.417e-01 8.071e+04
9.784e-02 8.109e+04
1.394e-01 8.117e+04
1.975e-01 8.064e+04
7.474e-02 8.151e+04
5.914e-06 1.385e+04
1.527e-01 8.125e+04
1.761e-05 2.268e+04
2.230e-05 1.606e+04
1.458e-01 8.124e+04
2.338e-01 8.107e+04
8.203e-06 4.586e+03
2.001e-01 8.080e+04
1.069e-05 2.615e+04
1.865e-01 8.090e+04
2.911e-06 2.301e+04
8.858e-06 2.565e+04
1.438e-01 8.124e+04
1.499e-01 8.098e+04
2.528e-01 8.103e+04
1.713e-01 8.109e+04
1.692e-01 8.102e+04
2.003e-01 8.109e+04
1.200e-01 8.098e+04
1.070e-01 8.153e+04
8.548e-06 1.661e+04
1.875e-01 8.098e+04
1.634e-01 8.099e+04
1.377e-01 8.096e+04
2.999e-06 1.270e+04
1.311e-01 8.141e+04
1.178e-01 8.136e+04
1.438e-01 8.118e+04
1.583e-01 8.092e+04
2.076e-01 8.076e+04
1.507e-01 8.099e+04
1.502e-01 8.105e+04
6.995e-02 8.166e+04
1.231e-05 1.818e+04
1.903e-01 8.071e+04
2.334e-01 8.088e+04
1.614e-01 8.075e+04
1.286e-01 8.115e+04
1.451e-01 8.110e+04
4.713e-06 3.423e+02
1.409e-01 8.110e+04
9.135e-02 8.137e+04
2.229e-01 8.061e+04
1.508e-01 8.122e+04
5.914e-06 5.139e+03
1.074e-01 8.102e+04
1.464e-06 2.767e+04
1.202e-01 8.141e+04
9.153e-02 8.168e+04
1.202e-01 8.111e+04
1.098e-01 8.169e+04
1.270e-01 8.119e+04
1.980e-01 8.099e+04
1.588e-01 8.107e+04
1.666e-01 8.100e+04
2.047e-01 8.087e+04
2.341e-01 8.056e+04
6.989e-06 2.217e+04
8.524e-02 8.207e+04
1.002e-01 8.142e+04
1.464e-01 8.114e+04
1.547e-01 8.113e+04
1.778e-01 8.077e+04
1.507e-01 8.130e+04
8.464e-02 8.177e+04
1.106e-01 8.121e+04
1.060e-01 8.158e+04
1.180e-01 8.110e+04
1.027e-01 8.088e+04
1.553e-01 8.110e+04
1.185e-01 8.107e+04
1.582e-01 8.098e+04
1.515e-01 8.090e+04
1.147e-06 1.390e+04
3.043e-05 2.273e+04
2.749e-01 8.052e+04
7.924e-02 8.146e+04
2.845e-01 8.085e+04
1.838e-01 8.074e+04
1.537e-01 8.090e+04
1.061e-01 8.137e+04
1.666e-01 8.132e+04
1.231e-01 8.058e+04
1.029e-01 8.128e+04
1.188e-05 8.109e+03
2.163e-01 8.114e+04
1.664e-01 8.122e+04
2.858e-05 2.191e+04
1.464e-01 8.117e+04
1.072e-01 8.139e+04
1.706e-01 8.108e+04
1.000e-01 8.146e+04
1.609e-01 8.071e+04
9.525e-02 8.146e+04
1.820e-05 1.974e+04
1.599e-01 8.090e+04
6.688e-06 3.129e+04
3.749e-05 1.864e+04
1.187e-01 8.092e+04
9.577e-02 8.152e+04
2.944e-01 8.066e+04
5.444e-06 3.678e+03
1.222e-01 8.123e+04
1.578e-01 8.118e+04
1.296e-01 8.119e+04
9.608e-02 8.156e+04
1.752e-01 8.087e+04
1.463e-01 8.091e+04
8.050e-02 8.175e+04
2.486e-01 8.103e+04
2.066e-01 8.072e+04
1.335e-01 8.096e+04
1.037e-01 8.144e+04
1.382e-01 8.069e+04
1.894e-01 8.084e+04
1.831e-01 8.107e+04
1.901e-01 8.094e+04
1.531e-01 8.104e+04
1.328e-01 8.103e+04
2.733e-01 8.073e+04
1.129e-01 8.131e+04
2.344e-01 8.079e+04
2.019e-01 8.083e+04
1.135e-01 8.134e+04
2.384e-01 8.083e+04
1.367e-01 8.110e+04
1.692e-01 8.100e+04
1.769e-01 8.070e+04
1.906e-01 8.090e+04
1.753e-01 8.082e+04
1.215e-01 8.097e+04
1.077e-01 8.130e+04
1.822e-01 8.109e+04
1.718e-01 8.129e+04
1.009e-01 8.112e+04
1.520e-01 8.123e+04
1.646e-01 8.100e+04
8.459e-02 8.154e+04
6.797e-02 8.168e+04
6.992e-02 8.152e+04
1.735e-01 8.115e+04
2.195e-05 3.051e+04
1.653e-05 2.136e+04
7.972e-02 8.184e+04
1.522e-01 8.090e+04
1.239e-01 8.110e+04
1.878e-01 8.097e+04
1.104e-01 8.122e+04
1.150e-01 8.099e+04
6.606e-02 8.213e+04
9.159e-02 8.153e+04
7.682e-02 8.187e+04
2.345e-01 8.077e+04
7.690e-06 5.510e+03
1.242e-01 8.095e+04
3.023e-06 2.220e+04
1.790e-01 8.086e+04
8.400e-06 2.980e+04
9.340e-02 8.137e+04
2.562e-05 3.542e+04
1.370e-01 8.112e+04
1.151e-05 4.150e+04
1.865e-01 8.109e+04
1.718e-05 3.549e+04
9.716e-02 8.152e+04
1.658e-01 8.108e+04
1.213e-01 8.100e+04
1.037e-01 8.120e+04
2.260e-01 8.070e+04
1.463e-01 8.130e+04
1.974e-06 7.045e+02
2.034e-06 2.665e+04
1.122e-01 8.117e+04
2.072e-01 8.095e+04
1.420e-01 8.102e+04
1.446e-01 8.045e+04
5.044e-02 8.168e+04
2.033e-01 8.086e+04
4.315e-06 1.007e+04
9.645e-02 8.145e+04
8.397e-02 8.139e+04
1.464e-01 8.107e+04
4.078e-06 1.327e+04
9.578e-02 8.179e+04
1.251e-01 8.108e+04
1.575e-01 8.099e+04
1.569e-01 8.130e+04
1.705e-01 8.097e+04
1.521e-01 8.084e+04
1.622e-01 8.089e+04
8.838e-02 8.126e+04
7.731e-02 8.158e+04
3.031e-06 1.575e+04
8.134e-02 8.130e+04
2.066e-01 8.070e+04
7.895e-02 8.197e+04
8.326e-02 8.173e+04
3.058e-06 1.425e+04
1.670e-01 8.105e+04
9.365e-02 8.135e+04
2.641e-01 8.087e+04
2.565e-01 8.083e+04
1.261e-01 8.129e+04
1.332e-06 3.350e+04
1.400e-01 8.148e+04
1.320e-05 2.963e+04
2.646e-01 7.974e+04
1.505e-01 8.107e+04
7.795e-02 8.157e+04
1.757e-05 1.743e+04
1.797e-01 8.125e+04
1.210e-01 8.136e+04
1.025e-01 8.128e+04
1.321e-01 8.117e+04
9.226e-02 8.148e+04
8.943e-07 3.045e+04
1.843e-01 8.064e+04
1.418e-01 8.110e+04
8.503e-07 1.675e+03
1.891e-01 8.108e+04
1.067e-01 8.151e+04
1.723e-01 8.120e+04
2.588e-01 8.078e+04
1.493e-01 8.094e+04
1.190e-01 8.097e+04
1.010e-01 8.120e+04
1.255e-01 8.113e+04
1.471e-01 8.072e+04
1.216e-01 8.113e+04
1.402e-01 8.134e+04
2.072e-01 8.075e+04
5.132e-06 7.237e+03
8.929e-02 8.148e+04
1.108e-01 8.130e+04
1.792e-01 8.127e+04
1.165e-06 1.412e+04
1.005e-01 8.133e+04
1.481e-01 8.086e+04
1.841e-01 8.127e+04
1.283e-01 8.099e+04
1.302e-01 8.101e+04
8.942e-02 8.169e+04
7.088e-02 8.159e+04
1.345e-01 8.085e+04
1.441e-01 8.122e+04
1.903e-01 8.095e+04
1.935e-01 8.100e+04
1.238e-01 8.126e+04
1.824e-01 8.103e+04
1.941e-01 8.089e+04
2.181e-01 8.095e+04
6.251e-05 3.220e+04
1.425e-01 8.090e+04
2.326e-01 8.102e+04
1.079e-01 8.110e+04
6.886e-02 8.227e+04
1.200e-05 3.308e+04
1.183e-01 8.141e+04
1.425e-01 8.101e+04
2.486e-05 3.361e+04
6.912e-06 4.331e+04
7.794e-02 8.135e+04
8.250e-02 8.136e+04
8.211e-02 8.144e+04
2.901e-05 3.338e+04
1.840e-01 8.063e+04
9.164e-06 1.337e+04
1.621e-01 8.075e+04
1.313e-01 8.093e+04
3.747e-06 9.967e+03
1.545e-01 8.084e+04
2.096e-01 8.068e+04
1.878e-01 8.086e+04
9.518e-02 8.144e+04
1.002e-01 8.135e+04
9.240e-02 8.114e+04
6.543e-07 1.948e+04
9.023e-02 8.127e+04
1.241e-01 8.100e+04
1.668e-01 8.091e+04
6.915e-02 8.188e+04
1.529e-01 8.103e+04
1.682e-01 8.119e+04
1.666e-01 8.087e+04
1.607e-01 8.099e+04
1.638e-01 8.122e+04
2.087e-01 8.077e+04
3.101e-05 2.110e+04
7.346e-06 9.913e+03
2.807e-01 8.080e+04
1.406e-01 8.098e+04
5.332e-06 7.360e+03
1.725e-01 8.095e+04
4.538e-05 2.253e+04
1.936e-01 8.069e+04
1.318e-01 8.122e+04
1.104e-01 8.097e+04
1.322e-01 8.098e+04
2.090e-01 8.099e+04
7.569e-02 8.151e+04
1.158e-01 8.097e+04
1.845e-01 8.083e+04
3.311e-07 3.111e+04
6.884e-02 8.202e+04
2.015e-06 3.164e+04
1.308e-01 8.130e+04
1.382e-01 8.115e+04
4.843e-06 5.059e+03
7.181e-02 8.158e+04
2.505e-01 8.067e+04
1.129e-01 8.109e+04
1.359e-01 8.088e+04
2.402e-01 8.085e+04
1.160e-01 8.131e+04
1.684e-01 8.120e+04
1.433e-01 8.104e+04
9.485e-02 8.120e+04
1.567e-01 8.123e+04
1.122e-01 8.137e+04
1.586e-01 8.108e+04
1.368e-01 8.128e+04
2.242e-01 8.079e+04
1.517e-01 8.112e+04
1.261e-01 8.116e+04
1.955e-01 8.120e+04
2.292e-05 3.197e+04
7.461e-02 8.133e+04
1.185e-01 8.116e+04
1.173e-01 8.143e+04
1.876e-01 8.080e+04
8.338e-02 8.138e+04
1.169e-01 8.126e+04
5.052e-05 4.449e+04
1.569e-01 8.131e+04
3.943e-06 2.806e+04
1.406e-01 8.101e+04
1.161e-01 8.122e+04
1.830e-01 8.076e+04
1.547e-01 8.102e+04
2.188e-01 8.070e+04
1.217e-01 8.137e+04
5.876e-02 8.238e+04
3.337e-05 2.589e+04
8.722e-02 8.090e+04
9.686e-02 8.124e+04
8.247e-06 2.225e+04
1.850e-01 8.123e+04
6.332e-06 2.359e+03
9.720e-02 8.143e+04
1.814e-01 8.126e+04
7.649e-06 2.333e+04
2.353e-01 8.078e+04
1.263e-01 8.094e+04
1.975e-05 2.561e+04
1.232e-01 8.146e+04
1.311e-01 8.104e+04
1.193e-01 8.118e+04
2.189e-01 8.070e+04
4.013e-06 1.924e+04
2.363e-01 8.074e+04
2.167e-01 8.093e+04
1.028e-01 8.116e+04
1.235e-01 8.138e+04
9.494e-02 8.137e+04
1.249e-01 8.110e+04
5.814e-02 8.200e+04
8.128e-02 8.164e+04
2.755e-01 8.063e+04
1.289e-01 8.136e+04
1.902e-01 8.092e+04
1.392e-01 8.099e+04
2.243e-06 2.719e+04
2.248e-01 8.089e+04
7.704e-02 8.164e+04
2.588e-01 8.057e+04
1.195e-01 8.106e+04
7.863e-02 8.129e+04
1.132e-01 8.135e+04
9.183e-02 8.140e+04
3.386e-05 8.578e+03
3.126e-05 3.528e+04
6.913e-02 8.191e+04
8.611e-02 8.159e+04
1.736e-06 2.560e+04
2.036e-01 8.069e+04
9.468e-02 8.176e+04
1.736e-01 8.084e+04
1.778e-01 8.087e+04
1.081e-01 8.108e+04
3.505e-01 8.072e+04
7.730e-02 8.163e+04
2.333e-01 8.087e+04
8.456e-02 8.169e+04
1.087e-01 8.150e+04
2.072e-01 8.104e+04
3.191e-01 8.067e+04
9.251e-02 8.162e+04
1.466e-01 8.078e+04
3.217e-01 8.111e+04
1.271e-01 8.134e+04
1.216e-01 8.097e+04
1.739e-01 8.115e+04
1.537e-06 7.140e+03
1.926e-01 8.098e+04
1.421e-01 8.096e+04
1.793e-01 8.083e+04
9.435e-02 8.116e+04
1.020e-01 8.150e+04
1.370e-01 8.126e+04
8.667e-02 8.149e+04
2.623e-05 2.976e+04
1.172e-01 8.093e+04
8.787e-02 8.156e+04
1.936e-01 8.101e+04
1.510e-01 8.123e+04
1.263e-01 8.121e+04
2.120e-01 8.086e+04
8.075e-02 8.156e+04
1.170e-05 2.463e+04
1.471e-01 8.111e+04
2.831e-06 1.782e+04
1.524e-01 8.108e+04
1.004e-01 8.126e+04
4.685e-06 1.602e+04
1.208e-01 8.102e+04
1.923e-01 8.087e+04
1.944e-01 8.090e+04
1.947e-01 8.079e+04
1.480e-01 8.098e+04
1.185e-01 8.091e+04
1.325e-01 8.111e+04
9.035e-02 8.137e+04
9.590e-02 8.087e+04
1.227e-01 8.126e+04
2.309e-01 8.092e+04
2.160e-01 8.090e+04
2.492e-05 1.130e+04
9.538e-02 8.131e+04
2.225e-01 8.061e+04
1.551e-01 8.093e+04
1.608e-01 8.108e+04
7.619e-06 7.284e+03
1.155e-01 8.143e+04
2.416e-01 8.088e+04
1.483e-01 8.103e+04
1.578e-01 8.092e+04
3.408e-02 8.312e+04
2.015e-01 8.075e+04
5.850e-02 8.196e+04
1.550e-01 8.104e+04
2.466e-01 8.094e+04
2.808e-01 8.080e+04
1.681e-05 1.630e+04
8.271e-06 2.983e+04
7.107e-02 8.234e+04
9.798e-02 8.170e+04
1.882e-01 8.097e+04
1.262e-01 8.107e+04
1.292e-01 8.105e+04
9.846e-02 8.135e+04
8.320e-02 8.134e+04
2.028e-01 8.104e+04
1.112e-01 8.107e+04
7.149e-02 8.220e+04
1.757e-01 8.108e+04
1.132e-01 8.099e+04
8.889e-02 8.126e+04
1.027e-06 7.442e+03
9.004e-02 8.156e+04
7.143e-02 8.187e+04
1.734e-06 5.190e+03
1.614e-01 8.103e+04
1.840e-01 8.101e+04
1.094e-01 8.126e+04
1.935e-05 2.482e+04
1.204e-01 8.110e+04
1.757e-01 8.098e+04
2.527e-01 8.077e+04
1.463e-01 8.094e+04
7.926e-02 8.152e+04
7.392e-02 8.188e+04
9.556e-02 8.128e+04
1.276e-01 8.110e+04
1.810e-01 8.110e+04
9.231e-02 8.126e+04
1.464e-01 8.106e+04
1.938e-01 8.105e+04
1.190e-01 8.109e+04
8.271e-02 8.186e+04
3.275e-01 8.087e+04
1.795e-01 8.081e+04
1.726e-01 8.080e+04
1.828e-01 8.105e+04
2.834e-05 3.703e+04
2.189e-05 2.548e+04
1.408e-01 8.121e+04
2.369e-01 8.069e+04
1.155e-01 8.111e+04
1.819e-01 8.070e+04
1.008e-01 8.130e+04
1.610e-01 8.070e+04
1.134e-05 3.123e+04
1.408e-01 8.095e+04
1.068e-01 8.111e+04
4.100e-06 1.486e+04
1.351e-01 8.096e+04
1.204e-01 8.143e+04
6.152e-02 8.205e+04
9.436e-02 8.123e+04
1.737e-01 8.114e+04
1.057e-01 8.114e+04
1.552e-01 8.114e+04
1.185e-01 8.109e+04
8.768e-02 8.148e+04
1.395e-05 1.629e+04
2.052e-01 8.084e+04
1.455e-01 8.104e+04
1.825e-01 8.091e+04
2.862e-05 2.438e+04
2.380e-01 8.095e+04
9.021e-02 8.150e+04
1.585e-01 8.097e+04
1.341e-01 8.117e+04
2.902e-01 7.928e+04
1.407e-01 8.121e+04
8.557e-02 8.172e+04
1.413e-01 8.096e+04
1.195e-01 8.116e+04
2.012e-01 8.090e+04
1.511e-01 8.097e+04
1.217e-01 8.114e+04
1.185e-01 8.094e+04
9.475e-02 8.127e+04
1.002e-01 8.103e+04
1.897e-01 8.131e+04
1.347e-01 8.126e+04
1.478e-01 8.109e+04
1.880e-01 8.104e+04
1.535e-01 8.110e+04
7.287e-02 8.181e+04
1.991e-01 8.084e+04
1.733e-01 8.095e+04
1.347e-01 8.085e+04
5.687e-02 8.233e+04
5.115e-07 2.490e+03
2.201e-01 8.096e+04
4.993e-05 2.978e+04
4.120e-05 3.224e+04
2.249e-01 8.068e+04
1.440e-01 8.100e+04
2.442e-05 2.670e+04
1.856e-01 8.075e+04
1.458e-01 8.122e+04
2.591e-01 8.076e+04
1.316e-05 2.429e+04
1.361e-01 8.122e+04
1.512e-01 8.105e+04
1.455e-01 8.097e+04
9.151e-02 8.142e+04
1.062e-01 8.139e+04
1.781e-01 8.105e+04
2.154e-06 3.182e+04
1.175e-05 4.961e+03
1.054e-01 8.112e+04
1.592e-01 8.125e+04
1.181e-01 8.157e+04
1.610e-01 8.096e+04
1.651e-01 8.103e+04
1.643e-01 8.093e+04
1.032e-01 8.099e+04
2.749e-05 2.614e+04
1.806e-01 8.089e+04
4.786e-02 8.223e+04
1.944e-01 8.085e+04
1.770e-01 8.119e+04
1.210e-01 8.116e+04
1.857e-01 8.093e+04
1.640e-01 8.103e+04
2.527e-01 8.080e+04
8.897e-02 8.165e+04
1.956e-01 8.108e+04
9.328e-02 8.142e+04
2.854e-01 8.097e+04
9.001e-02 8.119e+04
1.821e-01 8.086e+04
1.231e-01 8.106e+04
1.653e-01 8.117e+04
1.472e-06 1.607e+04
1.811e-05 5.734e+03
9.464e-06 3.549e+04
1.282e-01 8.102e+04
9.362e-02 8.167e+04
4.738e-05 2.662e+04
2.046e-01 8.079e+04
9.641e-02 8.152e+04
1.839e-01 8.085e+04
1.952e-01 8.112e+04
2.178e-05 1.592e+04
1.988e-01 8.095e+04
7.174e-06 3.045e+04
5.370e-06 4.894e+03
1.401e-01 8.137e+04
1.673e-01 8.094e+04
9.949e-02 8.146e+04
1.171e-01 8.135e+04
7.706e-02 8.182e+04
1.600e-01 8.115e+04
1.002e-01 8.100e+04
2.266e-01 8.053e+04
1.394e-01 8.090e+04
2.221e-01 8.083e+04
1.324e-01 8.110e+04
1.047e-01 8.112e+04
1.422e-01 8.082e+04
1.505e-01 8.110e+04
9.086e-06 3.006e+04
1.414e-01 8.103e+04
6.890e-06 1.989e+04
9.092e-02 8.154e+04
8.427e-06 2.019e+04
1.031e-01 8.143e+04
6.198e-02 8.175e+04
1.368e-01 8.098e+04
2.445e-01 8.055e+04
9.227e-06 7.282e+03
1.621e-01 8.095e+04
1.175e-01 8.115e+04
3.588e-05 1.893e+04
8.738e-06 2.308e+04
6.231e-02 8.160e+04
2.022e-01 8.107e+04
1.089e-01 8.114e+04
1.049e-05 6.756e+03
1.066e-01 8.133e+04
1.372e-05 3.267e+04
1.326e-01 8.089e+04
1.950e-01 8.088e+04
6.151e-07 1.108e+04
9.864e-02 8.111e+04
9.313e-02 8.175e+04
1.745e-01 8.117e+04
1.734e-01 8.103e+04
1.073e-01 8.128e+04
9.869e-02 8.150e+04
6.609e-02 8.158e+04
7.366e-06 1.400e+04
1.275e-01 8.114e+04
1.857e-01 8.065e+04
1.022e-01 8.110e+04
1.221e-01 8.127e+04
1.117e-01 8.125e+04
2.395e-01 8.097e+04
1.715e-01 8.108e+04
1.714e-01 8.104e+04
9.858e-02 8.139e+04
1.874e-01 8.096e+04
1.726e-01 8.099e+04
1.210e-01 8.126e+04
2.154e-05 4.024e+04
1.523e-01 8.094e+04
1.332e-01 8.090e+04
1.393e-01 8.099e+04
9.510e-02 8.125e+04
1.141e-01 8.130e+04
6.606e-02 8.168e+04
1.482e-01 8.094e+04
2.192e-01 8.097e+04
1.904e-05 2.071e+04
1.693e-01 8.114e+04
1.182e-05 1.337e+03
3.570e-01 8.064e+04
1.850e-01 8.070e+04
1.063e-01 8.124e+04
1.003e-01 8.116e+04
2.796e-01 8.069e+04
1.916e-06 4.218e+04
1.790e-06 8.257e+03
1.312e-01 8.101e+04
1.607e-01 8.126e+04
1.127e-01 8.141e+04
1.028e-01 8.154e+04
1.869e-01 8.086e+04
1.099e-01 8.143e+04
1.219e-01 8.132e+04
1.374e-01 8.103e+04
1.689e-01 8.076e+04
6.282e-06 2.661e+04
1.404e-01 8.092e+04
1.237e-01 8.114e+04
8.353e-02 8.178e+04
1.228e-01 8.109e+04
1.669e-05 5.965e+03
7.474e-02 8.173e+04
1.596e-01 8.099e+04
1.512e-01 8.094e+04
1.684e-01 8.100e+04
1.226e-01 8.107e+04
7.835e-02 8.171e+04
2.079e-01 8.087e+04
1.935e-01 8.085e+04
1.372e-01 8.089e+04
1.549e-01 8.105e+04
6.360e-06 2.347e+04
1.850e-01 8.084e+04
3.726e-06 2.220e+04
1.018e-01 8.143e+04
1.103e-01 8.136e+04
1.656e-01 8.113e+04
1.424e-05 1.686e+04
1.836e-01 8.095e+04
1.488e-01 8.086e+04
1.830e-01 8.097e+04
1.255e-01 8.103e+04
2.022e-01 8.108e+04
2.159e-01 8.077e+04
1.853e-01 8.105e+04
1.175e-01 8.109e+04
2.015e-01 8.080e+04
1.747e-01 8.104e+04
1.472e-01 8.094e+04
9.134e-02 8.152e+04
1.434e-01 8.121e+04
1.466e-01 8.106e+04
1.865e-01 8.112e+04
1.007e-01 8.102e+04
1.231e-01 8.123e+04
1.582e-01 8.130e+04
1.453e-01 8.118e+04
9.107e-02 8.142e+04
1.316e-01 8.138e+04
1.220e-06 2.730e+04
1.529e-01 8.117e+04
1.803e-01 8.088e+04
1.574e-01 8.087e+04
1.520e-01 8.090e+04
1.464e-05 2.509e+04
1.310e-01 8.104e+04
1.518e-01 8.133e+04
2.094e-01 8.064e+04
1.510e-01 8.117e+04
1.809e-01 8.098e+04
1.373e-01 8.109e+04
5.641e-05 2.836e+04
9.059e-02 8.155e+04
7.091e-06 9.808e+03
1.031e-01 8.127e+04
1.191e-01 8.108e+04
2.000e-01 8.102e+04
2.230e-01 8.081e+04
1.742e-01 8.094e+04
1.812e-01 8.077e+04
1.960e-01 8.090e+04
1.477e-01 8.117e+04
1.260e-01 8.124e+04
1.302e-01 8.151e+04
1.712e-01 8.088e+04
1.788e-01 8.106e+04
3.701e-05 3.560e+04
1.560e-01 8.085e+04
1.170e-05 3.624e+04
2.489e-01 8.071e+04
1.487e-01 8.114e+04
9.873e-02 8.137e+04
1.479e-01 8.100e+04
6.630e-02 8.179e+04
2.659e-01 8.076e+04
2.231e-05 1.163e+04
1.401e-01 8.098e+04
7.119e-02 8.220e+04
1.410e-01 8.108e+04
1.866e-01 8.113e+04
1.948e-01 8.081e+04
2.163e-01 8.092e+04
1.123e-01 8.114e+04
8.916e-02 8.155e+04
1.454e-01 8.107e+04
1.253e-01 8.086e+04
2.199e-01 8.020e+04
1.075e-01 8.111e+04
4.645e-02 8.257e+04
1.018e-01 8.115e+04
2.187e-01 8.090e+04
1.308e-01 8.125e+04
1.292e-01 8.131e+04
1.257e-01 8.123e+04
1.368e-01 8.116e+04
1.480e-01 8.106e+04
1.647e-01 8.120e+04
8.577e-02 8.160e+04
2.203e-06 1.274e+04
1.626e-01 8.112e+04
1.351e-01 8.108e+04
8.527e-02 8.129e+04
