2.405e-01 1.644e+05
9.324e-02 1.761e+05
1.288e-01 1.742e+05
1.451e-01 1.647e+05
2.576e-01 1.668e+05
1.243e-01 1.731e+05
9.017e-02 1.739e+05
1.249e-01 1.717e+05
1.258e-01 1.669e+05
3.772e-06 2.552e+04
1.594e-01 1.748e+05
1.219e-01 1.739e+05
1.066e-01 1.763e+05
1.049e-01 1.780e+05
1.499e-01 1.693e+05
2.003e-01 1.737e+05
1.141e-01 1.767e+05
2.202e-01 1.701e+05
1.225e-01 1.732e+05
1.845e-01 1.698e+05
1.304e-01 1.744e+05
2.267e-01 1.667e+05
2.285e-01 1.667e+05
1.416e-01 1.725e+05
2.045e-01 1.687e+05
1.338e-01 1.721e+05
2.746e-01 1.672e+05
2.569e-01 1.671e+05
3.088e-01 1.623e+05
4.156e-01 1.492e+05
2.206e-01 1.678e+05
4.074e-01 1.281e+05
1.856e-01 1.694e+05
2.503e-01 1.700e+05
5.033e-01 1.362e+05
1.802e-06 1.510e+04
2.816e-01 1.676e+05
1.907e-01 1.718e+05
2.896e-01 1.627e+05
5.471e-07 1.727e+04
2.390e-01 1.715e+05
3.901e-01 1.638e+05
1.034e-01 1.782e+05
1.067e-06 3.791e+04
1.253e-01 1.730e+05
7.022e-07 1.528e+04
1.825e-01 1.725e+05
1.621e-01 1.747e+05
1.155e-05 1.589e+04
1.663e-01 1.728e+05
1.671e-01 1.709e+05
1.720e-01 1.700e+05
1.854e-01 1.695e+05
1.431e-01 1.716e+05
2.545e-01 1.618e+05
2.341e-01 1.647e+05
2.380e-01 1.633e+05
1.070e-01 1.780e+05
2.843e-01 1.608e+05
4.807e-01 1.656e+05
5.353e-06 3.501e+04
1.820e-01 1.696e+05
2.088e-01 1.660e+05
1.653e-01 1.727e+05
1.250e-01 1.728e+05
9.468e-02 1.764e+05
3.366e-01 1.648e+05
1.328e-01 1.720e+05
1.064e-05 1.298e+04
1.273e-01 1.765e+05
1.810e-01 1.691e+05
1.698e-01 1.696e+05
1.622e-01 1.706e+05
1.036e-01 1.757e+05
8.301e-06 5.770e+03
2.224e-01 1.694e+05
1.074e-06 4.906e+04
9.029e-06 3.921e+04
2.482e-01 1.689e+05
2.727e-07 7.067e+03
1.008e-01 1.756e+05
1.757e-01 1.696e+05
4.811e-01 1.694e+05
9.332e-02 1.761e+05
9.332e-02 1.771e+05
3.887e-06 4.598e+03
1.428e-06 5.330e+04
1.253e-01 1.737e+05
1.287e-01 1.679e+05
1.860e-01 1.686e+05
9.506e-02 1.738e+05
1.860e-01 1.710e+05
2.191e-01 1.710e+05
8.873e-06 2.282e+04
2.101e-01 1.681e+05
1.042e-01 1.775e+05
1.339e-01 1.682e+05
2.020e-01 1.710e+05
1.854e-01 1.695e+05
2.404e-01 1.685e+05
4.746e-06 4.759e+04
2.071e-01 1.685e+05
1.960e-01 1.692e+05
9.280e-06 5.810e+03
5.390e-06 5.257e+04
1.496e-06 2.166e+04
2.153e-01 1.705e+05
8.155e-06 9.205e+03
1.530e-01 1.682e+05
1.699e-01 1.704e+05
4.746e-01 1.647e+05
3.162e-01 1.643e+05
1.486e-01 1.725e+05
1.271e-05 1.554e+04
1.419e-01 1.740e+05
1.106e-01 1.764e+05
1.540e-01 1.721e+05
1.278e-01 1.732e+05
3.256e-06 2.341e+04
1.087e-01 1.766e+05
1.063e-01 1.761e+05
1.441e-01 1.665e+05
1.353e-01 1.717e+05
2.235e-01 1.659e+05
1.040e-01 1.761e+05
1.656e-01 1.718e+05
1.662e-01 1.699e+05
5.708e-01 1.235e+05
2.232e-01 1.703e+05
5.075e-06 1.041e+04
1.585e-01 1.715e+05
8.840e-02 1.768e+05
1.939e-01 1.658e+05
1.423e-01 1.709e+05
1.864e-01 1.703e+05
1.477e-01 1.679e+05
1.248e-01 1.733e+05
1.543e-01 1.714e+05
1.412e-01 1.741e+05
9.506e-02 1.772e+05
9.354e-02 1.767e+05
1.976e-01 1.689e+05
9.605e-02 1.764e+05
3.304e-06 1.342e+04
1.341e-01 1.754e+05
1.396e-01 1.720e+05
1.315e-01 1.718e+05
4.011e-01 1.292e+05
1.542e-01 1.746e+05
2.684e-01 1.713e+05
1.728e-01 1.712e+05
3.872e-01 1.674e+05
5.277e-06 9.550e+03
1.463e-01 1.709e+05
1.363e-01 1.739e+05
1.741e-01 1.713e+05
3.457e-01 1.706e+05
1.336e-01 1.667e+05
2.081e-01 1.648e+05
8.639e-06 7.399e+03
1.297e-01 1.725e+05
1.488e-01 1.730e+05
2.307e-01 1.634e+05
1.803e-01 1.699e+05
3.533e-01 1.671e+05
2.179e-01 1.689e+05
1.793e-01 1.702e+05
2.025e-05 1.650e+04
2.545e-01 1.666e+05
2.213e-01 1.676e+05
9.766e-02 1.762e+05
1.398e-01 1.712e+05
2.126e-01 1.661e+05
8.946e-02 1.774e+05
1.127e-01 1.758e+05
3.434e-01 1.644e+05
2.569e-01 1.664e+05
1.723e-01 1.661e+05
1.093e-01 1.767e+05
1.397e-01 1.716e+05
1.849e-01 1.715e+05
1.057e-01 1.674e+05
3.735e-01 1.635e+05
2.118e-01 1.677e+05
3.595e-01 1.612e+05
1.035e-01 1.751e+05
1.930e-01 1.683e+05
2.027e-01 1.691e+05
1.365e-01 1.719e+05
1.644e-01 1.687e+05
8.104e-02 1.770e+05
3.848e-01 1.646e+05
1.956e-01 1.677e+05
2.557e-01 1.628e+05
8.035e-02 1.729e+05
1.424e-01 1.741e+05
2.127e-06 5.119e+04
1.517e-01 1.698e+05
1.962e-06 3.166e+04
9.702e-02 1.757e+05
1.923e-01 1.699e+05
3.708e-01 1.495e+05
5.798e-06 3.620e+03
1.152e-05 4.270e+04
2.716e-01 1.716e+05
2.133e-01 1.619e+05
7.529e-02 1.753e+05
4.906e-01 1.311e+05
3.171e-01 1.624e+05
1.029e-01 1.770e+05
1.921e-01 1.657e+05
2.380e-01 1.623e+05
7.267e-06 6.284e+02
1.208e-05 3.422e+04
1.539e-01 1.707e+05
2.224e-01 1.680e+05
1.311e-01 1.726e+05
1.980e-06 1.032e+04
6.698e-02 1.740e+05
1.577e-01 1.713e+05
1.274e-01 1.729e+05
4.760e-01 1.380e+05
9.096e-02 1.690e+05
1.951e-01 1.692e+05
1.795e-01 1.707e+05
3.989e-06 1.020e+04
1.952e-01 1.705e+05
1.663e-06 5.692e+04
1.494e-01 1.696e+05
2.093e-01 1.685e+05
1.112e-01 1.735e+05
3.630e-01 1.614e+05
1.849e-01 1.647e+05
2.376e-01 1.670e+05
1.843e-01 1.726e+05
1.908e-01 1.723e+05
2.545e-01 1.648e+05
4.661e-01 1.457e+05
2.942e-07 3.288e+04
3.086e-01 1.621e+05
1.535e-06 9.941e+03
1.331e-06 4.316e+04
1.559e-01 1.673e+05
1.714e-01 1.709e+05
1.009e-01 1.750e+05
3.869e-01 1.643e+05
3.696e-01 1.644e+05
3.056e-01 1.699e+05
4.404e-01 1.590e+05
1.454e-01 1.716e+05
1.502e-01 1.664e+05
2.057e-01 1.730e+05
9.252e-02 1.780e+05
1.895e-01 1.664e+05
4.247e-01 1.692e+05
2.442e-01 1.677e+05
1.983e-01 1.709e+05
3.095e-01 1.710e+05
1.340e-01 1.717e+05
1.089e-01 1.773e+05
1.135e-01 1.746e+05
1.371e-06 7.501e+04
1.448e-06 2.677e+03
2.423e-01 1.637e+05
1.831e-01 1.698e+05
1.824e-07 2.598e+04
2.493e-01 1.721e+05
3.021e-06 3.669e+04
3.698e-06 1.430e+04
7.025e-02 1.722e+05
1.445e-01 1.723e+05
1.648e-01 1.702e+05
1.280e-01 1.737e+05
1.273e-01 1.723e+05
1.322e-01 1.766e+05
5.882e-01 1.497e+05
2.611e-01 1.648e+05
1.528e-01 1.709e+05
1.411e-05 5.909e+03
9.945e-02 1.761e+05
1.284e-01 1.710e+05
2.387e-01 1.689e+05
5.373e-06 1.213e+04
1.621e-01 1.656e+05
1.733e-01 1.668e+05
1.269e-01 1.724e+05
1.878e-01 1.731e+05
1.786e-01 1.712e+05
1.673e-01 1.706e+05
2.238e-05 8.423e+03
1.964e-01 1.676e+05
1.006e-01 1.756e+05
1.786e-01 1.696e+05
1.764e-01 1.702e+05
1.268e-01 1.746e+05
9.985e-02 1.733e+05
1.335e-01 1.735e+05
1.632e-01 1.693e+05
4.135e-01 1.617e+05
1.458e-01 1.705e+05
7.627e-06 2.204e+04
2.154e-01 1.676e+05
1.556e-01 1.700e+05
1.280e-01 1.725e+05
2.834e-01 1.635e+05
8.607e-02 1.783e+05
1.493e-01 1.714e+05
3.168e-05 8.690e+04
1.073e-01 1.738e+05
1.973e-01 1.662e+05
4.445e-07 3.721e+04
8.880e-02 1.780e+05
2.717e-01 1.698e+05
9.020e-02 1.667e+05
1.649e-01 1.707e+05
1.649e-01 1.706e+05
5.691e-01 1.265e+05
2.328e-01 1.691e+05
2.653e-01 1.640e+05
2.569e-01 1.680e+05
1.691e-01 1.719e+05
1.919e-01 1.724e+05
3.887e-06 6.704e+03
1.402e-05 2.180e+04
1.898e-01 1.667e+05
1.414e-01 1.728e+05
1.246e-05 1.713e+04
1.385e-01 1.756e+05
1.028e-01 1.729e+05
1.178e-01 1.731e+05
1.060e-01 1.768e+05
1.334e-01 1.724e+05
1.255e-01 1.725e+05
1.707e-01 1.706e+05
1.082e-01 1.742e+05
2.180e-01 1.685e+05
1.558e-01 1.683e+05
1.938e-01 1.689e+05
1.159e-01 1.753e+05
2.107e-01 1.666e+05
1.217e-01 1.752e+05
1.789e-01 1.702e+05
8.898e-02 1.692e+05
9.692e-02 1.764e+05
1.328e-01 1.739e+05
2.933e-01 1.627e+05
2.222e-01 1.683e+05
1.052e-01 1.772e+05
1.214e-06 1.032e+04
1.631e-01 1.700e+05
9.125e-06 7.512e+04
2.776e-01 1.696e+05
1.861e-06 1.790e+04
1.191e-01 1.682e+05
2.274e-06 1.518e+04
2.470e-01 1.652e+05
1.135e-01 1.746e+05
1.120e-01 1.764e+05
2.279e-01 1.683e+05
1.455e-01 1.718e+05
1.375e-01 1.720e+05
1.728e-01 1.705e+05
3.167e-06 1.267e+04
2.786e-06 1.034e+04
1.380e-01 1.718e+05
3.057e-01 1.681e+05
2.263e-01 1.707e+05
1.610e-01 1.705e+05
1.606e-01 1.729e+05
1.326e-01 1.727e+05
2.021e-01 1.652e+05
2.698e-01 1.651e+05
5.438e-07 3.323e+04
1.760e-01 1.672e+05
2.907e-01 1.623e+05
7.877e-06 1.782e+04
2.235e-01 1.699e+05
2.456e-01 1.713e+05
1.990e-01 1.704e+05
1.847e-01 1.665e+05
2.015e-01 1.691e+05
3.923e-01 1.646e+05
2.776e-01 1.695e+05
2.059e-01 1.677e+05
1.318e-01 1.666e+05
1.128e-05 3.084e+04
1.212e-01 1.735e+05
1.283e-01 1.697e+05
1.145e-06 2.033e+04
2.347e-01 1.721e+05
1.084e-06 2.779e+04
1.474e-01 1.719e+05
9.561e-02 1.761e+05
1.177e-01 1.742e+05
1.745e-01 1.723e+05
1.870e-01 1.702e+05
1.294e-01 1.746e+05
1.938e-01 1.698e+05
4.023e-06 3.303e+04
1.746e-06 5.109e+04
1.976e-01 1.651e+05
1.230e-01 1.750e+05
3.512e-06 1.238e+04
1.178e-01 1.735e+05
1.414e-06 3.436e+04
1.715e-01 1.710e+05
1.737e-05 1.720e+04
1.384e-01 1.718e+05
1.708e-01 1.683e+05
1.064e-01 1.748e+05
5.570e-06 2.690e+04
3.118e-01 1.655e+05
1.521e-01 1.708e+05
1.749e-01 1.701e+05
1.293e-01 1.766e+05
1.782e-01 1.668e+05
7.967e-02 1.782e+05
2.327e-01 1.648e+05
1.128e-01 1.744e+05
8.470e-06 4.134e+03
1.565e-01 1.709e+05
2.839e-06 2.859e+04
2.109e-01 1.689e+05
1.126e-01 1.713e+05
1.866e-01 1.694e+05
3.557e-01 1.645e+05
4.345e-01 1.668e+05
2.448e-01 1.661e+05
1.816e-01 1.701e+05
2.235e-01 1.694e+05
2.098e-01 1.687e+05
2.766e-01 1.637e+05
1.964e-01 1.681e+05
2.173e-01 1.647e+05
1.243e-01 1.731e+05
2.874e-01 1.643e+05
2.542e-01 1.667e+05
2.362e-01 1.647e+05
1.307e-01 1.725e+05
2.867e-01 1.664e+05
2.223e-01 1.660e+05
2.022e-01 1.701e+05
1.597e-01 1.668e+05
1.081e-01 1.743e+05
1.872e-01 1.558e+05
1.026e-01 1.711e+05
1.622e-01 1.708e+05
1.031e-01 1.752e+05
1.402e-01 1.717e+05
9.625e-02 1.762e+05
1.090e-01 1.769e+05
1.240e-01 1.726e+05
1.139e-01 1.744e+05
7.229e-02 1.589e+05
1.765e-01 1.691e+05
1.545e-01 1.697e+05
1.374e-01 1.667e+05
8.102e-02 1.782e+05
2.378e-01 1.674e+05
8.997e-06 7.218e+03
1.516e-01 1.664e+05
3.654e-01 1.711e+05
1.414e-01 1.716e+05
1.954e-06 9.479e+03
3.504e-06 3.136e+04
1.764e-01 1.695e+05
1.394e-01 1.644e+05
1.042e-01 1.756e+05
3.392e-01 1.379e+05
1.348e-01 1.726e+05
1.031e-01 1.745e+05
2.945e-01 1.622e+05
6.387e-06 2.558e+04
1.535e-01 1.710e+05
1.396e-01 1.742e+05
8.255e-02 1.791e+05
1.275e-01 1.750e+05
1.043e-01 1.753e+05
1.031e-01 1.744e+05
1.607e-01 1.678e+05
2.346e-01 1.651e+05
1.494e-01 1.627e+05
4.872e-01 1.625e+05
2.290e-01 1.679e+05
1.377e-01 1.761e+05
2.421e-01 1.654e+05
1.673e-01 1.717e+05
5.320e-01 1.463e+05
1.541e-01 1.722e+05
2.829e-01 1.708e+05
2.358e-01 1.688e+05
1.589e-01 1.660e+05
1.407e-01 1.676e+05
2.548e-01 1.661e+05
1.180e-01 1.742e+05
1.727e-01 1.724e+05
2.018e-01 1.643e+05
2.624e-01 1.640e+05
3.115e-01 1.637e+05
2.671e-06 1.434e+04
6.088e-06 9.368e+02
1.142e-01 1.735e+05
2.595e-01 1.660e+05
1.421e-01 1.735e+05
1.534e-01 1.726e+05
1.716e-01 1.701e+05
2.170e-01 1.688e+05
2.054e-01 1.683e+05
1.830e-01 1.696e+05
3.440e-01 1.392e+05
1.148e-01 1.747e+05
1.601e-01 1.707e+05
1.754e-01 1.700e+05
2.311e-01 1.680e+05
3.616e-01 1.625e+05
2.641e-01 1.680e+05
2.600e-01 1.655e+05
1.394e-01 1.740e+05
1.820e-01 1.612e+05
9.774e-07 6.666e+04
3.684e-06 4.433e+04
1.936e-01 1.709e+05
9.658e-02 1.753e+05
2.030e-01 1.694e+05
1.697e-01 1.698e+05
3.514e-01 1.640e+05
2.017e-01 1.687e+05
2.273e-01 1.672e+05
1.717e-01 1.667e+05
1.800e-01 1.694e+05
9.170e-02 1.785e+05
1.090e-01 1.742e+05
1.304e-01 1.744e+05
4.357e-06 8.077e+03
4.512e-07 2.512e+04
2.255e-06 6.625e+04
1.903e-01 1.688e+05
9.870e-02 1.764e+05
1.536e-01 1.710e+05
1.730e-01 1.662e+05
3.866e-01 1.300e+05
3.700e-08 8.709e+03
4.487e-01 1.637e+05
1.592e-01 1.757e+05
1.169e-01 1.739e+05
1.551e-01 1.707e+05
2.699e-01 1.635e+05
1.434e-01 1.736e+05
3.706e-01 1.589e+05
1.897e-01 1.692e+05
1.853e-01 1.660e+05
3.346e-01 1.696e+05
1.702e-01 1.699e+05
1.032e-01 1.732e+05
1.341e-01 1.721e+05
2.521e-01 1.677e+05
2.025e-01 1.702e+05
1.083e-01 1.624e+05
1.699e-01 1.702e+05
1.629e-01 1.677e+05
9.982e-07 1.149e+04
1.705e-01 1.685e+05
1.277e-01 1.746e+05
1.847e-01 1.652e+05
2.108e-01 1.691e+05
2.083e-01 1.677e+05
3.028e-01 1.652e+05
5.595e-06 3.033e+04
1.555e-01 1.703e+05
1.087e-01 1.779e+05
6.111e-07 4.251e+04
1.263e-01 1.751e+05
6.787e-06 3.101e+04
1.282e-01 1.725e+05
1.157e-01 1.742e+05
1.867e-01 1.699e+05
1.618e-01 1.733e+05
1.130e-01 1.749e+05
2.287e-01 1.681e+05
1.620e-01 1.662e+05
2.739e-01 1.711e+05
1.209e-01 1.751e+05
1.755e-01 1.708e+05
1.361e-05 3.949e+04
2.612e-06 2.121e+04
1.549e-01 1.717e+05
8.295e-06 5.618e+04
1.338e-01 1.731e+05
1.442e-01 1.716e+05
1.290e-01 1.720e+05
1.276e-01 1.723e+05
1.270e-01 1.730e+05
1.586e-01 1.684e+05
3.639e-02 1.686e+05
1.559e-01 1.704e+05
1.792e-01 1.624e+05
1.939e-01 1.660e+05
1.060e-01 1.757e+05
1.242e-01 1.727e+05
1.313e-01 1.681e+05
2.557e-01 1.695e+05
3.556e-07 2.316e+04
2.361e-01 1.692e+05
1.094e-01 1.645e+05
7.695e-02 1.688e+05
9.144e-06 8.582e+03
4.591e-01 1.653e+05
3.757e-01 1.652e+05
1.086e-01 1.748e+05
8.654e-06 4.605e+04
7.911e-06 6.959e+04
1.020e-01 1.721e+05
2.019e-01 1.689e+05
1.516e-01 1.735e+05
2.983e-01 1.624e+05
1.558e-01 1.714e+05
2.474e-01 1.632e+05
3.054e-01 1.713e+05
1.386e-01 1.708e+05
9.847e-02 1.763e+05
5.055e-01 1.672e+05
1.673e-01 1.724e+05
8.449e-02 1.721e+05
1.987e-01 1.681e+05
1.073e-01 1.752e+05
4.025e-01 1.646e+05
1.672e-01 1.686e+05
8.331e-02 1.776e+05
2.198e-01 1.675e+05
3.325e-01 1.589e+05
2.256e-01 1.686e+05
1.767e-01 1.675e+05
2.759e-01 1.648e+05
1.994e-01 1.688e+05
1.399e-01 1.690e+05
1.023e-01 1.757e+05
3.172e-01 1.671e+05
2.090e-01 1.643e+05
3.004e-01 1.644e+05
1.497e-06 4.209e+03
4.415e-01 1.527e+05
2.426e-01 1.643e+05
1.714e-01 1.694e+05
1.109e-01 1.753e+05
1.672e-01 1.692e+05
1.457e-01 1.717e+05
3.054e-01 1.645e+05
1.069e-01 1.749e+05
6.577e-06 2.722e+04
2.184e-01 1.717e+05
5.554e-01 1.624e+05
9.961e-02 1.744e+05
1.933e-01 1.638e+05
1.344e-01 1.729e+05
1.131e-01 1.723e+05
2.249e-01 1.647e+05
4.380e-01 1.304e+05
8.301e-02 1.784e+05
1.219e-01 1.747e+05
2.867e-01 1.662e+05
7.498e-02 1.655e+05
1.843e-06 3.758e+04
1.642e-01 1.720e+05
1.437e-01 1.706e+05
1.484e-01 1.733e+05
9.577e-02 1.759e+05
2.127e-01 1.698e+05
1.402e-01 1.702e+05
1.430e-05 5.956e+04
1.028e-01 1.715e+05
1.632e-01 1.726e+05
2.648e-01 1.643e+05
1.561e-01 1.695e+05
1.786e-01 1.733e+05
2.086e-01 1.690e+05
1.447e-01 1.717e+05
1.157e-01 1.735e+05
3.162e-01 1.628e+05
1.760e-01 1.696e+05
1.510e-01 1.640e+05
2.876e-01 1.672e+05
1.201e-01 1.767e+05
3.782e-01 1.660e+05
1.523e-01 1.691e+05
1.824e-01 1.696e+05
1.904e-06 6.624e+03
9.439e-06 6.517e+04
1.321e-01 1.732e+05
1.253e-01 1.659e+05
1.973e-01 1.685e+05
2.655e-01 1.636e+05
1.746e-01 1.707e+05
1.373e-01 1.725e+05
1.530e-01 1.711e+05
1.156e-07 9.701e+03
2.140e-01 1.634e+05
1.310e-01 1.725e+05
1.195e-01 1.687e+05
2.212e-01 1.689e+05
1.067e-01 1.763e+05
1.315e-01 1.748e+05
1.262e-01 1.737e+05
1.035e-01 1.679e+05
1.532e-05 2.805e+04
1.767e-01 1.652e+05
1.353e-01 1.701e+05
2.310e-01 1.683e+05
1.063e-05 1.620e+04
2.873e-06 6.479e+03
9.146e-02 1.789e+05
1.722e-01 1.723e+05
2.552e-01 1.650e+05
9.679e-02 1.752e+05
1.015e-01 1.768e+05
6.264e-06 5.049e+04
1.057e-01 1.772e+05
5.244e-02 1.703e+05
3.039e-01 1.646e+05
1.254e-01 1.731e+05
1.483e-01 1.709e+05
7.939e-06 1.432e+04
1.168e-01 1.756e+05
2.251e-01 1.647e+05
4.784e-01 1.625e+05
3.031e-06 5.710e+03
2.036e-01 1.698e+05
2.177e-01 1.654e+05
3.392e-06 3.255e+04
2.398e-01 1.682e+05
1.973e-01 1.694e+05
1.887e-01 1.690e+05
2.014e-05 1.981e+04
1.440e-01 1.710e+05
9.772e-02 1.742e+05
1.200e-01 1.679e+05
1.390e-01 1.736e+05
3.760e-01 1.620e+05
2.278e-01 1.727e+05
1.437e-01 1.713e+05
5.628e-01 1.607e+05
2.172e-01 1.706e+05
1.853e-01 1.691e+05
3.845e-01 1.608e+05
1.767e-01 1.687e+05
3.805e-01 1.346e+05
2.510e-06 1.997e+03
3.659e-01 1.636e+05
1.526e-01 1.709e+05
1.565e-01 1.710e+05
2.245e-06 3.353e+04
1.856e-01 1.663e+05
2.022e-05 2.669e+04
1.706e-01 1.715e+05
1.537e-01 1.701e+05
1.207e-01 1.693e+05
1.616e-01 1.709e+05
1.403e-01 1.705e+05
1.561e-05 3.310e+04
2.774e-01 1.649e+05
4.076e-01 1.697e+05
2.159e-01 1.691e+05
4.656e-02 1.677e+05
3.756e-01 1.665e+05
2.057e-06 3.571e+04
1.650e-01 1.713e+05
1.612e-01 1.722e+05
1.601e-01 1.710e+05
1.563e-01 1.702e+05
1.085e-01 1.746e+05
1.461e-01 1.694e+05
1.814e-01 1.695e+05
9.205e-02 1.783e+05
7.062e-02 1.757e+05
9.791e-02 1.759e+05
2.745e-01 1.632e+05
3.442e-07 5.762e+04
4.543e-01 1.673e+05
1.417e-01 1.663e+05
1.114e-01 1.771e+05
2.192e-01 1.667e+05
2.573e-01 1.642e+05
1.748e-01 1.712e+05
2.180e-01 1.702e+05
1.923e-01 1.698e+05
5.813e-01 1.293e+05
2.644e-01 1.643e+05
1.217e-01 1.734e+05
4.235e-01 1.637e+05
1.490e-01 1.715e+05
1.681e-01 1.699e+05
4.303e-01 1.288e+05
1.231e-01 1.732e+05
1.526e-01 1.735e+05
5.948e-06 3.862e+04
1.049e-01 1.731e+05
1.648e-01 1.699e+05
1.206e-01 1.743e+05
2.106e-01 1.639e+05
9.685e-02 1.761e+05
1.587e-01 1.662e+05
1.627e-01 1.691e+05
1.282e-01 1.728e+05
3.431e-06 1.050e+04
1.244e-01 1.729e+05
3.297e-01 1.377e+05
2.312e-01 1.669e+05
1.786e-01 1.706e+05
1.402e-01 1.725e+05
9.349e-02 1.785e+05
2.302e-01 1.706e+05
2.460e-01 1.626e+05
1.807e-01 1.706e+05
9.057e-02 1.783e+05
3.801e-06 1.722e+04
1.418e-01 1.746e+05
1.322e-01 1.722e+05
1.303e-01 1.712e+05
2.265e-01 1.636e+05
9.936e-02 1.772e+05
9.397e-02 1.763e+05
8.247e-06 1.274e+03
1.902e-01 1.688e+05
1.417e-05 8.609e+03
1.202e-01 1.740e+05
8.338e-06 7.987e+03
1.002e-01 1.678e+05
1.677e-01 1.627e+05
1.490e-01 1.708e+05
1.464e-06 1.396e+04
1.421e-01 1.735e+05
2.209e-01 1.702e+05
7.367e-06 1.575e+04
8.385e-02 1.793e+05
4.245e-06 4.760e+04
4.156e-06 3.878e+04
1.569e-01 1.685e+05
4.440e-06 4.437e+04
1.057e-01 1.703e+05
5.803e-07 1.329e+04
1.417e-01 1.693e+05
1.243e-01 1.732e+05
1.859e-01 1.703e+05
3.198e-06 5.602e+04
5.215e-06 2.163e+04
1.885e-01 1.694e+05
1.427e-01 1.713e+05
2.700e-01 1.679e+05
1.597e-01 1.704e+05
1.708e-01 1.664e+05
4.170e-01 1.646e+05
1.127e-01 1.691e+05
2.143e-01 1.698e+05
9.210e-02 1.774e+05
1.512e-01 1.718e+05
2.245e-01 1.648e+05
1.842e-01 1.692e+05
1.143e-01 1.748e+05
1.343e-01 1.720e+05
1.759e-06 3.303e+04
1.587e-01 1.703e+05
1.657e-01 1.702e+05
2.750e-01 1.706e+05
1.023e-01 1.750e+05
3.258e-06 6.038e+04
9.329e-02 1.781e+05
2.409e-01 1.684e+05
4.626e-01 1.637e+05
1.842e-01 1.710e+05
1.543e-01 1.701e+05
1.016e-01 1.751e+05
1.580e-01 1.709e+05
3.313e-01 1.638e+05
1.817e-01 1.706e+05
1.747e-01 1.712e+05
1.590e-01 1.703e+05
1.711e-01 1.705e+05
7.404e-06 1.739e+04
3.342e-01 1.613e+05
1.365e-05 9.577e+03
1.028e-01 1.753e+05
1.388e-01 1.758e+05
2.035e-01 1.673e+05
2.117e-01 1.686e+05
1.868e-06 3.675e+04
3.113e-01 1.694e+05
4.631e-01 1.620e+05
1.104e-01 1.758e+05
1.553e-01 1.729e+05
1.664e-01 1.695e+05
1.387e-01 1.711e+05
1.335e-01 1.738e+05
3.289e-06 6.226e+04
1.543e-01 1.672e+05
2.222e-01 1.675e+05
1.122e-01 1.761e+05
2.326e-05 4.346e+04
1.329e-01 1.730e+05
2.902e-01 1.704e+05
7.612e-02 1.705e+05
1.195e-01 1.742e+05
9.262e-02 1.773e+05
1.596e-01 1.713e+05
1.672e-01 1.601e+05
1.508e-01 1.713e+05
1.372e-01 1.736e+05
8.517e-02 1.720e+05
1.270e-01 1.730e+05
1.521e-01 1.699e+05
4.728e-06 1.172e+04
1.806e-01 1.689e+05
1.771e-01 1.652e+05
2.937e-01 1.678e+05
2.883e-01 1.621e+05
2.617e-01 1.708e+05
1.282e-01 1.712e+05
1.286e-01 1.725e+05
1.632e-01 1.707e+05
9.430e-02 1.787e+05
1.288e-05 5.940e+03
3.563e-06 3.816e+04
5.602e-06 8.431e+03
1.252e-01 1.747e+05
7.328e-02 1.746e+05
2.203e-01 1.654e+05
1.112e-05 7.219e+04
6.127e-07 2.158e+04
1.795e-01 1.669e+05
5.704e-07 3.910e+04
1.679e-01 1.742e+05
2.864e-01 1.634e+05
1.241e-01 1.751e+05
1.621e-01 1.656e+05
9.468e-02 1.778e+05
4.266e-01 1.285e+05
5.661e-06 2.679e+04
1.348e-01 1.722e+05
1.208e-01 1.748e+05
2.617e-01 1.659e+05
2.082e-01 1.687e+05
1.819e-01 1.699e+05
5.790e-01 1.388e+05
1.902e-01 1.693e+05
1.814e-01 1.709e+05
2.146e-01 1.693e+05
1.613e-01 1.707e+05
8.937e-02 1.702e+05
3.006e-01 1.602e+05
2.601e-06 2.115e+04
2.700e-01 1.651e+05
2.244e-01 1.668e+05
9.713e-02 1.768e+05
1.345e-01 1.702e+05
2.270e-01 1.656e+05
1.424e-01 1.603e+05
2.746e-06 5.771e+04
1.165e-05 9.897e+03
8.137e-07 2.027e+04
2.216e-01 1.675e+05
1.679e-01 1.636e+05
3.227e-01 1.694e+05
1.536e-06 1.861e+04
2.489e-06 2.926e+04
4.255e-01 1.319e+05
1.822e-06 7.810e+04
9.019e-02 1.760e+05
1.229e-01 1.727e+05
4.063e-01 1.637e+05
1.453e-01 1.685e+05
4.616e-06 5.683e+03
2.047e-01 1.684e+05
9.310e-02 1.754e+05
1.096e-01 1.689e+05
1.581e-01 1.668e+05
1.919e-01 1.698e+05
1.048e-01 1.755e+05
1.188e-06 2.467e+04
3.964e-01 1.686e+05
1.853e-01 1.700e+05
1.322e-01 1.727e+05
1.116e-01 1.726e+05
2.464e-01 1.711e+05
1.732e-01 1.699e+05
1.215e-01 1.736e+05
3.199e-06 2.295e+04
1.424e-01 1.695e+05
1.813e-07 2.665e+04
1.125e-01 1.696e+05
1.496e-01 1.718e+05
1.174e-01 1.739e+05
9.495e-02 1.762e+05
1.677e-01 1.738e+05
1.527e-01 1.732e+05
1.733e-01 1.710e+05
2.600e-01 1.639e+05
2.501e-06 4.557e+04
1.377e-01 1.712e+05
1.435e-01 1.721e+05
1.942e-01 1.641e+05
9.014e-02 1.704e+05
1.116e-01 1.752e+05
1.012e-01 1.752e+05
8.247e-07 1.357e+04
3.054e-01 1.697e+05
3.403e-01 1.633e+05
9.454e-02 1.777e+05
1.522e-01 1.717e+05
3.346e-01 1.647e+05
1.143e-01 1.700e+05
1.623e-01 1.714e+05
3.719e-07 4.128e+04
1.500e-01 1.711e+05
8.567e-02 1.775e+05
1.460e-01 1.718e+05
1.467e-01 1.725e+05
3.139e-01 1.674e+05
1.361e-01 1.730e+05
1.221e-01 1.728e+05
1.108e-01 1.768e+05
1.930e-01 1.736e+05
1.743e-01 1.711e+05
4.884e-06 1.587e+04
1.397e-01 1.716e+05
1.600e-01 1.657e+05
2.620e-01 1.679e+05
1.605e-01 1.704e+05
1.992e-01 1.649e+05
1.006e-01 1.760e+05
1.549e-01 1.703e+05
2.410e-01 1.719e+05
2.322e-01 1.641e+05
2.327e-01 1.659e+05
1.842e-01 1.694e+05
1.400e-01 1.715e+05
9.492e-02 1.760e+05
1.896e-01 1.699e+05
2.066e-01 1.674e+05
1.143e-06 3.765e+04
1.268e-01 1.689e+05
2.553e-06 8.399e+03
9.944e-02 1.730e+05
6.834e-06 1.334e+04
1.600e-01 1.692e+05
1.413e-01 1.704e+05
1.818e-01 1.709e+05
1.060e-01 1.772e+05
9.909e-02 1.776e+05
8.802e-06 5.053e+04
2.949e-01 1.667e+05
1.431e-01 1.719e+05
1.540e-01 1.725e+05
1.144e-01 1.760e+05
1.606e-01 1.717e+05
1.582e-01 1.697e+05
2.002e-07 2.452e+04
1.388e-01 1.653e+05
1.459e-01 1.707e+05
7.702e-06 2.817e+04
7.852e-02 1.685e+05
1.092e-01 1.755e+05
1.601e-01 1.720e+05
2.487e-01 1.652e+05
1.483e-01 1.718e+05
1.098e-05 4.505e+04
1.758e-06 1.924e+04
9.265e-02 1.708e+05
2.302e-01 1.668e+05
1.819e-07 4.347e+04
2.172e-01 1.668e+05
3.636e-01 1.682e+05
2.431e-01 1.714e+05
2.381e-01 1.685e+05
1.771e-01 1.694e+05
1.918e-01 1.691e+05
4.188e-01 1.701e+05
1.062e-01 1.768e+05
1.715e-01 1.699e+05
1.206e-01 1.732e+05
1.738e-01 1.710e+05
1.067e-01 1.749e+05
2.406e-01 1.645e+05
1.679e-01 1.662e+05
3.421e-01 1.671e+05
3.803e-01 1.680e+05
4.559e-01 1.620e+05
8.063e-07 3.706e+04
1.074e-01 1.767e+05
4.639e-01 1.632e+05
1.138e-01 1.742e+05
8.161e-06 4.308e+04
1.413e-01 1.716e+05
1.110e-01 1.771e+05
2.884e-01 1.514e+05
1.765e-01 1.706e+05
1.202e-01 1.739e+05
3.644e-01 1.711e+05
1.268e-01 1.732e+05
1.385e-01 1.653e+05
3.515e-01 1.649e+05
1.433e-01 1.718e+05
5.580e-06 2.115e+04
2.003e-01 1.689e+05
2.005e-01 1.659e+05
1.320e-01 1.717e+05
2.940e-01 1.644e+05
1.209e-06 1.614e+04
1.301e-01 1.766e+05
2.993e-01 1.661e+05
5.282e-06 5.478e+04
1.758e-01 1.717e+05
2.631e-01 1.717e+05
3.127e-01 1.710e+05
9.242e-02 1.791e+05
9.420e-02 1.773e+05
3.761e-01 1.613e+05
2.587e-01 1.622e+05
1.380e-01 1.712e+05
1.311e-01 1.741e+05
1.862e-01 1.695e+05
1.984e-01 1.666e+05
1.599e-01 1.669e+05
1.141e-01 1.674e+05
9.189e-02 1.765e+05
2.923e-01 1.637e+05
9.037e-02 1.705e+05
1.333e-01 1.731e+05
1.574e-01 1.726e+05
1.865e-01 1.698e+05
2.267e-01 1.662e+05
2.152e-01 1.667e+05
9.898e-06 8.103e+04
1.455e-01 1.694e+05
1.212e-01 1.745e+05
2.492e-01 1.678e+05
6.703e-07 8.407e+02
1.938e-01 1.651e+05
1.680e-01 1.697e+05
1.112e-01 1.755e+05
1.297e-01 1.727e+05
1.714e-01 1.702e+05
3.514e-01 1.709e+05
1.139e-01 1.731e+05
1.010e-01 1.763e+05
4.838e-07 1.265e+03
1.122e-01 1.753e+05
1.274e-01 1.722e+05
1.783e-01 1.697e+05
9.050e-02 1.774e+05
1.281e-01 1.721e+05
1.879e-01 1.696e+05
1.921e-01 1.634e+05
1.475e-05 3.235e+04
2.825e-01 1.661e+05
1.397e-01 1.730e+05
1.772e-01 1.689e+05
2.344e-01 1.624e+05
5.594e-01 1.662e+05
1.531e-01 1.715e+05
1.380e-01 1.730e+05
9.924e-02 1.710e+05
1.386e-01 1.735e+05
2.028e-01 1.633e+05
1.086e-01 1.749e+05
1.100e-01 1.673e+05
1.901e-01 1.693e+05
1.097e-01 1.751e+05
9.181e-02 1.780e+05
5.790e-06 1.209e+04
6.602e-06 1.733e+04
2.371e-01 1.696e+05
1.369e-01 1.742e+05
1.491e-01 1.672e+05
1.417e-01 1.713e+05
2.634e-01 1.643e+05
9.640e-02 1.759e+05
2.039e-01 1.694e+05
1.212e-01 1.754e+05
1.841e-01 1.678e+05
1.501e-01 1.727e+05
6.808e-07 1.029e+04
1.306e-01 1.728e+05
6.730e-06 1.317e+03
1.235e-01 1.747e+05
1.468e-01 1.714e+05
1.715e-01 1.661e+05
9.322e-02 1.776e+05
8.646e-06 4.207e+04
1.233e-01 1.739e+05
1.918e-01 1.648e+05
1.110e-01 1.764e+05
1.317e-01 1.748e+05
2.283e-01 1.627e+05
2.689e-01 1.699e+05
5.390e-01 1.547e+05
1.449e-01 1.709e+05
2.127e-01 1.687e+05
3.351e-07 2.092e+04
2.791e-01 1.625e+05
1.346e-01 1.759e+05
2.097e-01 1.693e+05
3.867e-01 1.672e+05
2.085e-01 1.694e+05
2.784e-06 2.278e+04
2.595e-01 1.670e+05
7.780e-02 1.736e+05
1.844e-01 1.693e+05
2.024e-01 1.687e+05
1.837e-01 1.690e+05
1.110e-01 1.758e+05
2.235e-01 1.725e+05
3.296e-01 1.657e+05
1.750e-06 3.051e+04
1.052e-01 1.749e+05
1.332e-01 1.729e+05
3.458e-01 1.653e+05
1.273e-01 1.683e+05
1.310e-06 1.939e+04
1.132e-01 1.767e+05
1.126e-01 1.752e+05
1.606e-01 1.717e+05
1.213e-01 1.757e+05
2.798e-01 1.657e+05
1.820e-01 1.697e+05
1.713e-01 1.693e+05
1.773e-01 1.653e+05
1.677e-01 1.676e+05
3.853e-01 1.466e+05
1.630e-01 1.716e+05
1.195e-01 1.679e+05
9.570e-02 1.700e+05
1.192e-01 1.735e+05
2.528e-01 1.655e+05
2.711e-01 1.718e+05
1.978e-01 1.668e+05
1.233e-01 1.760e+05
2.407e-06 3.095e+03
2.197e-01 1.685e+05
2.017e-01 1.657e+05
1.005e-01 1.706e+05
6.851e-02 1.757e+05
8.602e-02 1.691e+05
1.335e-01 1.724e+05
2.577e-01 1.699e+05
3.612e-06 6.980e+04
2.134e-01 1.672e+05
1.668e-01 1.707e+05
1.592e-01 1.708e+05
1.701e-01 1.699e+05
1.799e-01 1.698e+05
1.984e-01 1.698e+05
6.518e-06 2.817e+04
1.699e-01 1.675e+05
1.970e-01 1.693e+05
1.745e-01 1.732e+05
1.171e-01 1.748e+05
2.576e-01 1.667e+05
1.251e-01 1.740e+05
2.984e-01 1.365e+05
2.249e-01 1.691e+05
1.799e-01 1.663e+05
2.049e-01 1.698e+05
1.099e-01 1.747e+05
1.923e-01 1.689e+05
3.999e-01 1.588e+05
1.575e-01 1.715e+05
1.301e-01 1.719e+05
1.708e-01 1.664e+05
1.924e-01 1.694e+05
1.539e-01 1.723e+05
1.735e-01 1.712e+05
1.709e-01 1.695e+05
1.124e-01 1.752e+05
1.330e-01 1.722e+05
9.259e-02 1.770e+05
1.815e-01 1.643e+05
2.640e-06 6.724e+04
1.208e-01 1.726e+05
1.611e-01 1.702e+05
1.296e-01 1.663e+05
1.945e-01 1.666e+05
8.427e-02 1.781e+05
6.171e-07 5.282e+04
5.151e-06 6.371e+04
3.166e-01 1.659e+05
5.988e-01 1.619e+05
1.543e-01 1.734e+05
1.370e-01 1.727e+05
1.219e-01 1.742e+05
1.155e-01 1.750e+05
1.314e-01 1.681e+05
1.668e-01 1.702e+05
1.439e-01 1.727e+05
1.401e-01 1.756e+05
1.134e-01 1.758e+05
3.844e-01 1.690e+05
1.248e-01 1.733e+05
2.504e-01 1.656e+05
1.655e-01 1.699e+05
1.142e-01 1.742e+05
9.074e-02 1.743e+05
1.994e-01 1.694e+05
1.405e-01 1.750e+05
1.462e-01 1.717e+05
2.904e-01 1.651e+05
1.502e-01 1.712e+05
3.019e-01 1.659e+05
3.294e-06 2.401e+04
1.619e-01 1.633e+05
9.910e-02 1.752e+05
4.622e-01 1.643e+05
7.395e-02 1.720e+05
9.889e-02 1.701e+05
1.114e-01 1.735e+05
1.334e-01 1.728e+05
2.004e-01 1.690e+05
8.836e-06 6.271e+04
1.601e-07 2.359e+04
1.526e-01 1.712e+05
1.482e-01 1.662e+05
1.136e-01 1.753e+05
1.235e-05 2.492e+04
2.181e-01 1.694e+05
1.483e-01 1.711e+05
2.048e-01 1.692e+05
1.134e-01 1.769e+05
1.364e-01 1.650e+05
1.696e-01 1.706e+05
3.734e-01 1.629e+05
2.240e-05 3.010e+04
9.937e-02 1.752e+05
3.279e-01 1.698e+05
2.061e-01 1.664e+05
1.092e-01 1.757e+05
1.491e-01 1.714e+05
1.143e-01 1.769e+05
3.058e-01 1.650e+05
2.046e-01 1.635e+05
2.322e-01 1.653e+05
2.661e-01 1.704e+05
1.572e-01 1.703e+05
2.296e-07 8.132e+03
5.321e-01 1.171e+05
8.427e-02 1.763e+05
1.932e-01 1.694e+05
1.735e-01 1.680e+05
1.634e-01 1.704e+05
1.899e-01 1.693e+05
1.200e-01 1.751e+05
1.391e-01 1.715e+05
1.338e-01 1.737e+05
5.862e-06 9.918e+03
2.048e-01 1.693e+05
1.684e-01 1.702e+05
1.140e-01 1.762e+05
3.101e-01 1.645e+05
1.405e-01 1.690e+05
3.426e-01 1.588e+05
7.331e-06 2.472e+04
2.075e-01 1.669e+05
1.283e-01 1.723e+05
7.985e-06 6.640e+04
1.856e-05 8.505e+04
1.386e-01 1.713e+05
1.087e-01 1.730e+05
1.311e-01 1.734e+05
2.025e-01 1.648e+05
9.004e-02 1.779e+05
1.387e-01 1.723e+05
2.066e-01 1.693e+05
1.676e-01 1.708e+05
8.955e-02 1.775e+05
2.621e-01 1.651e+05
1.526e-01 1.727e+05
1.018e-05 6.040e+03
1.845e-01 1.697e+05
1.625e-01 1.693e+05
2.604e-06 3.134e+03
1.717e-01 1.705e+05
1.704e-01 1.705e+05
1.905e-01 1.689e+05
5.963e-07 2.765e+04
1.892e-01 1.713e+05
1.256e-01 1.746e+05
2.261e-01 1.653e+05
2.700e-01 1.656e+05
1.277e-01 1.733e+05
1.216e-01 1.764e+05
2.849e-01 1.670e+05
1.480e-01 1.684e+05
1.439e-01 1.665e+05
4.359e-06 6.560e+03
1.176e-01 1.744e+05
1.473e-01 1.729e+05
1.647e-01 1.719e+05
1.335e-01 1.731e+05
2.544e-01 1.636e+05
6.550e-06 2.429e+04
1.556e-01 1.720e+05
1.053e-01 1.754e+05
1.929e-01 1.703e+05
5.427e-01 1.606e+05
4.189e-01 1.181e+05
4.184e-01 1.643e+05
1.400e-01 1.726e+05
1.438e-01 1.735e+05
1.310e-01 1.719e+05
2.065e-01 1.707e+05
2.137e-01 1.663e+05
1.681e-01 1.719e+05
1.428e-01 1.718e+05
1.662e-01 1.709e+05
1.847e-01 1.719e+05
1.121e-06 3.764e+04
1.898e-01 1.723e+05
2.917e-01 1.656e+05
1.357e-01 1.739e+05
1.679e-01 1.750e+05
2.954e-01 1.627e+05
3.513e-01 1.643e+05
9.486e-02 1.777e+05
2.263e-01 1.685e+05
1.482e-01 1.706e+05
1.371e-01 1.712e+05
1.520e-01 1.740e+05
1.436e-01 1.713e+05
1.317e-01 1.691e+05
1.253e-01 1.756e+05
1.725e-06 1.388e+04
1.045e-01 1.755e+05
1.885e-01 1.700e+05
2.222e-01 1.641e+05
1.519e-01 1.688e+05
4.781e-06 2.946e+04
9.610e-02 1.752e+05
2.002e-06 4.128e+04
1.029e-01 1.766e+05
8.848e-02 1.717e+05
6.743e-02 1.692e+05
1.278e-01 1.729e+05
2.945e-01 1.623e+05
1.791e-01 1.709e+05
1.067e-01 1.747e+05
1.823e-01 1.700e+05
1.606e-01 1.708e+05
2.123e-06 5.199e+04
1.317e-01 1.731e+05
2.689e-01 1.614e+05
2.630e-01 1.680e+05
3.892e-06 1.719e+03
2.248e-01 1.659e+05
1.522e-01 1.710e+05
4.808e-06 2.216e+04
1.106e-06 3.437e+04
1.204e-01 1.764e+05
2.746e-01 1.643e+05
2.158e-01 1.703e+05
4.568e-01 1.295e+05
2.123e-01 1.731e+05
2.319e-01 1.645e+05
1.025e-01 1.767e+05
1.413e-01 1.719e+05
2.302e-01 1.726e+05
3.902e-01 1.590e+05
2.349e-06 1.306e+04
5.080e-06 2.299e+04
2.653e-01 1.621e+05
1.246e-01 1.755e+05
2.149e-01 1.683e+05
2.323e-01 1.640e+05
1.157e-01 1.739e+05
7.718e-07 2.865e+04
1.114e-01 1.744e+05
9.519e-02 1.791e+05
1.967e-05 3.878e+03
1.599e-01 1.744e+05
1.808e-01 1.696e+05
1.402e-07 4.529e+03
3.889e-06 4.065e+04
1.654e-01 1.700e+05
1.229e-01 1.721e+05
9.449e-02 1.771e+05
1.712e-01 1.723e+05
1.286e-01 1.724e+05
9.771e-02 1.760e+05
2.008e-01 1.690e+05
1.083e-01 1.744e+05
1.457e-01 1.716e+05
9.787e-02 1.776e+05
1.361e-01 1.763e+05
1.346e-01 1.749e+05
1.853e-01 1.707e+05
3.906e-01 1.628e+05
2.868e-01 1.674e+05
1.480e-01 1.717e+05
9.708e-02 1.761e+05
1.413e-01 1.718e+05
1.527e-01 1.706e+05
9.421e-02 1.741e+05
1.354e-01 1.734e+05
2.398e-01 1.662e+05
1.760e-01 1.728e+05
6.127e-06 7.153e+03
1.519e-06 1.388e+04
1.990e-01 1.697e+05
1.608e-01 1.742e+05
1.960e-01 1.687e+05
1.047e-01 1.750e+05
6.588e-02 1.706e+05
5.390e-01 1.254e+05
1.368e-01 1.698e+05
2.334e-01 1.671e+05
1.538e-06 7.640e+03
1.396e-01 1.725e+05
6.797e-06 1.176e+04
2.004e-07 9.475e+04
1.859e-01 1.706e+05
1.528e-01 1.681e+05
1.232e-05 1.968e+04
1.862e-01 1.689e+05
3.567e-01 1.630e+05
2.135e-01 1.685e+05
1.771e-01 1.699e+05
1.455e-01 1.733e+05
9.488e-06 3.834e+04
1.843e-01 1.670e+05
1.324e-01 1.729e+05
9.142e-02 1.689e+05
1.201e-01 1.728e+05
1.110e-01 1.747e+05
1.832e-01 1.701e+05
4.820e-01 1.657e+05
1.458e-01 1.659e+05
1.261e-01 1.731e+05
3.193e-01 1.645e+05
1.205e-01 1.743e+05
1.287e-01 1.729e+05
1.093e-01 1.772e+05
3.551e-01 1.632e+05
2.286e-01 1.701e+05
1.989e-01 1.656e+05
1.657e-01 1.707e+05
1.819e-01 1.706e+05
1.574e-01 1.730e+05
1.282e-06 6.298e+03
2.485e-01 1.655e+05
2.993e-01 1.624e+05
1.098e-01 1.722e+05
2.635e-01 1.619e+05
1.332e-01 1.702e+05
2.223e-01 1.691e+05
8.415e-02 1.720e+05
1.796e-01 1.702e+05
1.387e-06 5.506e+04
1.304e-01 1.747e+05
1.891e-01 1.702e+05
1.248e-01 1.756e+05
2.153e-06 8.818e+03
1.598e-01 1.695e+05
9.505e-02 1.762e+05
4.915e-06 3.162e+04
1.270e-01 1.740e+05
1.033e-06 4.389e+03
4.060e-01 1.568e+05
2.154e-01 1.659e+05
1.844e-01 1.701e+05
4.651e-06 3.388e+04
1.214e-01 1.730e+05
4.364e-01 1.156e+05
1.338e-01 1.728e+05
3.145e-01 1.634e+05
1.094e-01 1.767e+05
1.352e-01 1.757e+05
5.885e-06 9.656e+03
3.110e-01 1.652e+05
2.071e-01 1.703e+05
1.005e-01 1.756e+05
1.297e-01 1.727e+05
1.852e-01 1.680e+05
1.068e-01 1.765e+05
2.236e-01 1.720e+05
1.771e-01 1.705e+05
6.786e-07 9.190e+03
8.408e-02 1.777e+05
1.244e-01 1.736e+05
1.564e-01 1.700e+05
1.528e-01 1.671e+05
1.962e-06 3.591e+04
2.091e-01 1.694e+05
1.791e-01 1.668e+05
1.763e-01 1.698e+05
6.036e-02 1.706e+05
5.204e-06 2.224e+04
1.317e-01 1.737e+05
1.857e-01 1.669e+05
3.628e-06 6.224e+04
3.586e-01 1.633e+05
2.392e-01 1.634e+05
1.345e-01 1.718e+05
2.058e-01 1.684e+05
1.646e-01 1.694e+05
8.328e-02 1.763e+05
1.528e-01 1.712e+05
2.710e-06 2.557e+04
1.684e-01 1.699e+05
1.204e-01 1.722e+05
1.403e-01 1.713e+05
1.030e-01 1.734e+05
2.095e-01 1.684e+05
1.812e-01 1.695e+05
1.041e-01 1.731e+05
2.623e-01 1.628e+05
1.856e-01 1.727e+05
2.827e-01 1.637e+05
1.168e-01 1.748e+05
1.559e-01 1.709e+05
2.942e-01 1.646e+05
1.211e-01 1.730e+05
1.060e-01 1.747e+05
1.966e-01 1.693e+05
1.963e-06 3.299e+03
5.028e-01 1.662e+05
1.677e-01 1.703e+05
2.188e-01 1.665e+05
1.776e-01 1.706e+05
1.328e-01 1.763e+05
4.455e-06 5.856e+03
1.569e-01 1.729e+05
1.414e-01 1.722e+05
1.070e-01 1.755e+05
1.227e-01 1.762e+05
1.561e-01 1.705e+05
1.741e-01 1.643e+05
5.177e-01 1.689e+05
2.024e-01 1.716e+05
1.729e-01 1.722e+05
3.166e-06 1.791e+04
5.991e-01 1.511e+05
1.051e-01 1.727e+05
2.461e-01 1.713e+05
1.656e-01 1.700e+05
1.001e-01 1.751e+05
1.971e-05 2.308e+04
3.576e-01 1.621e+05
4.552e-01 1.633e+05
2.560e-01 1.671e+05
2.615e-01 1.674e+05
3.398e-01 1.637e+05
1.681e-01 1.663e+05
2.302e-01 1.662e+05
1.404e-01 1.730e+05
1.621e-01 1.719e+05
3.079e-01 1.696e+05
3.580e-01 1.636e+05
1.201e-01 1.746e+05
2.141e-01 1.685e+05
1.272e-01 1.729e+05
2.922e-01 1.640e+05
1.661e-01 1.675e+05
1.136e-01 1.768e+05
1.403e-01 1.722e+05
1.769e-01 1.655e+05
2.189e-01 1.691e+05
1.128e-01 1.757e+05
1.102e-05 2.913e+04
2.078e-01 1.681e+05
2.136e-01 1.630e+05
9.854e-02 1.776e+05
2.412e-01 1.675e+05
2.146e-06 6.461e+04
1.076e-01 1.733e+05
1.436e-01 1.664e+05
1.151e-01 1.756e+05
3.976e-01 1.617e+05
1.638e-01 1.706e+05
1.212e-01 1.734e+05
1.605e-01 1.728e+05
3.202e-06 1.033e+04
1.127e-01 1.740e+05
1.120e-01 1.690e+05
7.852e-06 1.655e+04
1.945e-01 1.693e+05
9.873e-02 1.721e+05
9.409e-02 1.771e+05
1.405e-01 1.727e+05
1.172e-01 1.737e+05
1.099e-01 1.781e+05
1.489e-01 1.713e+05
2.106e-01 1.621e+05
2.642e-01 1.654e+05
1.684e-01 1.723e+05
1.570e-01 1.725e+05
1.710e-01 1.709e+05
1.501e-01 1.717e+05
8.221e-02 1.738e+05
1.304e-05 4.014e+04
1.307e-01 1.767e+05
4.634e-01 1.399e+05
1.398e-06 3.887e+04
6.651e-06 1.954e+04
1.334e-06 3.146e+04
1.645e-01 1.666e+05
2.103e-01 1.643e+05
1.091e-01 1.748e+05
2.482e-01 1.631e+05
1.470e-01 1.680e+05
1.585e-01 1.704e+05
1.468e-01 1.711e+05
1.695e-01 1.700e+05
6.305e-06 1.923e+04
1.971e-01 1.703e+05
1.157e-01 1.759e+05
1.228e-01 1.733e+05
1.542e-01 1.707e+05
1.291e-01 1.744e+05
1.651e-01 1.711e+05
1.503e-01 1.730e+05
1.873e-01 1.696e+05
1.800e-01 1.705e+05
3.338e-01 1.283e+05
1.853e-01 1.646e+05
2.605e-01 1.654e+05
4.529e-06 5.247e+04
1.383e-01 1.721e+05
1.878e-01 1.658e+05
5.570e-01 1.294e+05
1.100e-06 2.288e+04
1.667e-01 1.680e+05
1.387e-01 1.716e+05
7.204e-07 1.559e+04
2.130e-01 1.673e+05
1.006e-01 1.727e+05
9.824e-07 1.191e+04
2.856e-01 1.653e+05
1.483e-05 1.171e+04
1.212e-01 1.766e+05
1.350e-01 1.668e+05
1.703e-01 1.727e+05
1.776e-01 1.678e+05
1.802e-01 1.659e+05
9.674e-02 1.753e+05
1.827e-01 1.707e+05
6.151e-06 4.596e+04
1.049e-01 1.781e+05
1.624e-01 1.655e+05
6.222e-02 1.753e+05
1.705e-06 2.561e+04
1.360e-01 1.665e+05
3.165e-05 2.796e+04
1.448e-06 2.799e+04
1.330e-01 1.726e+05
6.005e-02 1.717e+05
1.981e-01 1.646e+05
2.669e-01 1.675e+05
1.476e-01 1.737e+05
1.485e-01 1.728e+05
1.495e-01 1.740e+05
5.733e-06 1.261e+04
3.936e-07 1.692e+04
2.842e-01 1.604e+05
2.111e-01 1.691e+05
2.188e-01 1.689e+05
1.349e-01 1.735e+05
5.872e-01 1.284e+05
1.501e-01 1.731e+05
9.590e-02 1.764e+05
2.053e-01 1.696e+05
1.532e-01 1.732e+05
1.947e-01 1.722e+05
1.216e-01 1.739e+05
1.701e-01 1.709e+05
1.482e-01 1.712e+05
5.763e-06 1.595e+04
1.060e-01 1.710e+05
2.023e-01 1.693e+05
2.364e-01 1.696e+05
1.351e-01 1.727e+05
4.174e-01 1.623e+05
8.405e-02 1.776e+05
1.576e-01 1.706e+05
1.625e-01 1.677e+05
1.346e-01 1.714e+05
9.695e-02 1.775e+05
1.095e-06 5.181e+04
1.798e-01 1.696e+05
1.464e-01 1.720e+05
1.175e-01 1.752e+05
9.550e-06 3.192e+04
1.994e-01 1.667e+05
1.184e-01 1.737e+05
2.131e-01 1.615e+05
1.686e-01 1.707e+05
1.838e-01 1.699e+05
1.466e-01 1.718e+05
1.659e-01 1.703e+05
8.653e-02 1.788e+05
8.976e-02 1.738e+05
4.098e-01 1.640e+05
2.298e-06 6.827e+04
7.908e-07 2.267e+04
6.336e-06 2.221e+03
9.263e-07 6.957e+03
1.054e-01 1.715e+05
1.531e-01 1.704e+05
1.728e-01 1.708e+05
1.124e-01 1.746e+05
1.879e-01 1.694e+05
5.142e-01 1.613e+05
1.802e-01 1.675e+05
9.666e-02 1.755e+05
1.418e-01 1.711e+05
2.029e-01 1.691e+05
2.177e-01 1.688e+05
2.491e-01 1.720e+05
3.947e-06 1.326e+04
1.505e-01 1.725e+05
1.784e-01 1.713e+05
9.633e-02 1.725e+05
1.401e-01 1.719e+05
1.633e-01 1.669e+05
1.712e-01 1.665e+05
1.253e-01 1.729e+05
8.842e-02 1.788e+05
1.642e-01 1.710e+05
1.475e-01 1.715e+05
3.910e-01 1.660e+05
1.046e-01 1.762e+05
1.564e-01 1.711e+05
2.471e-01 1.670e+05
1.514e-06 2.511e+04
1.788e-01 1.667e+05
1.916e-01 1.672e+05
1.819e-01 1.646e+05
9.008e-02 1.777e+05
1.511e-01 1.674e+05
2.331e-01 1.644e+05
2.158e-07 1.719e+04
2.272e-06 2.035e+04
1.155e-01 1.693e+05
1.296e-01 1.733e+05
1.348e-01 1.709e+05
3.043e-01 1.588e+05
2.543e-01 1.650e+05
1.005e-05 1.203e+04
1.529e-01 1.685e+05
1.678e-01 1.701e+05
1.106e-01 1.751e+05
1.406e-01 1.694e+05
1.081e-05 4.917e+04
3.840e-06 6.065e+03
2.945e-01 1.614e+05
1.344e-01 1.689e+05
1.479e-01 1.646e+05
2.012e-01 1.654e+05
1.568e-01 1.724e+05
1.632e-06 2.541e+04
1.300e-05 1.726e+04
2.709e-01 1.525e+05
2.639e-01 1.635e+05
1.313e-01 1.720e+05
2.293e-01 1.681e+05
1.578e-07 2.864e+04
1.445e-01 1.723e+05
2.640e-01 1.628e+05
1.739e-01 1.684e+05
8.074e-02 1.785e+05
1.410e-01 1.715e+05
1.263e-01 1.754e+05
1.218e-01 1.731e+05
3.112e-01 1.714e+05
1.475e-01 1.751e+05
7.989e-02 1.793e+05
2.174e-01 1.701e+05
2.598e-01 1.645e+05
1.054e-06 2.699e+04
1.233e-01 1.665e+05
2.624e-01 1.625e+05
1.212e-01 1.766e+05
1.149e-01 1.740e+05
6.488e-01 1.590e+05
4.256e-01 1.624e+05
4.554e-01 1.621e+05
8.201e-02 1.766e+05
1.353e-01 1.720e+05
1.622e-01 1.718e+05
2.018e-01 1.692e+05
1.292e-01 1.728e+05
2.487e-01 1.642e+05
2.064e-01 1.711e+05
1.597e-01 1.706e+05
1.207e-05 3.531e+04
3.625e-06 7.090e+03
2.064e-06 3.204e+04
2.153e-01 1.673e+05
1.759e-01 1.699e+05
5.425e-06 3.188e+04
1.118e-01 1.770e+05
1.087e-01 1.745e+05
1.385e-05 8.144e+03
5.572e-01 1.463e+05
3.130e-01 1.664e+05
1.415e-01 1.730e+05
6.629e-02 1.711e+05
1.774e-01 1.699e+05
2.644e-06 1.637e+04
2.489e-01 1.663e+05
1.420e-01 1.727e+05
1.462e-01 1.734e+05
1.632e-05 5.117e+04
1.774e-01 1.699e+05
3.644e-01 1.710e+05
1.359e-01 1.733e+05
5.772e-01 1.288e+05
2.125e-01 1.731e+05
1.722e-01 1.701e+05
1.449e-01 1.671e+05
1.739e-01 1.709e+05
1.206e-01 1.735e+05
9.400e-02 1.771e+05
4.620e-06 1.166e+04
1.085e-01 1.746e+05
8.711e-06 2.080e+04
1.309e-01 1.721e+05
1.598e-01 1.708e+05
5.918e-08 2.699e+04
1.443e-01 1.679e+05
1.833e-01 1.698e+05
2.938e-01 1.661e+05
3.626e-01 1.698e+05
2.355e-01 1.661e+05
1.545e-01 1.708e+05
1.688e-01 1.660e+05
1.891e-06 3.589e+04
1.311e-01 1.759e+05
7.688e-06 1.246e+04
1.371e-01 1.722e+05
1.609e-01 1.724e+05
1.102e-01 1.726e+05
9.662e-02 1.669e+05
2.218e-01 1.652e+05
1.708e-01 1.733e+05
6.037e-06 1.404e+04
3.298e-01 1.645e+05
1.469e-01 1.714e+05
2.604e-01 1.656e+05
2.716e-01 1.637e+05
1.487e-01 1.671e+05
3.133e-06 2.915e+04
1.451e-01 1.674e+05
1.156e-01 1.746e+05
1.540e-06 2.999e+04
1.030e-01 1.663e+05
1.023e-01 1.764e+05
1.015e-01 1.748e+05
3.294e-06 2.913e+04
1.785e-01 1.706e+05
3.148e-01 1.610e+05
1.839e-01 1.693e+05
3.510e-06 3.030e+04
1.745e-01 1.706e+05
1.517e-01 1.706e+05
2.726e-01 1.678e+05
2.755e-01 1.520e+05
1.512e-01 1.706e+05
1.486e-01 1.725e+05
1.546e-01 1.718e+05
1.882e-01 1.700e+05
8.106e-06 4.408e+04
1.131e-01 1.752e+05
2.674e-01 1.637e+05
1.189e-01 1.737e+05
1.451e-01 1.724e+05
2.925e-01 1.680e+05
5.050e-01 1.617e+05
3.232e-06 6.816e+03
1.986e-01 1.715e+05
1.916e-01 1.707e+05
3.868e-06 6.091e+03
1.747e-01 1.702e+05
2.763e-01 1.490e+05
2.079e-01 1.631e+05
1.300e-01 1.725e+05
7.534e-06 2.915e+04
8.226e-06 1.556e+04
9.048e-02 1.690e+05
1.274e-01 1.715e+05
2.297e-01 1.669e+05
1.597e-05 3.702e+04
5.429e-06 7.030e+04
1.727e-01 1.630e+05
1.127e-01 1.745e+05
1.916e-01 1.702e+05
1.404e-01 1.730e+05
2.400e-01 1.676e+05
5.108e-01 1.575e+05
1.751e-01 1.644e+05
4.813e-01 1.636e+05
1.587e-01 1.699e+05
1.412e-01 1.715e+05
3.304e-01 1.689e+05
2.953e-01 1.405e+05
1.719e-01 1.723e+05
2.217e-01 1.707e+05
2.081e-01 1.719e+05
2.871e-01 1.696e+05
2.106e-01 1.696e+05
1.402e-01 1.717e+05
8.154e-02 1.695e+05
1.192e-01 1.753e+05
2.136e-01 1.663e+05
1.573e-01 1.733e+05
3.225e-06 5.533e+04
1.333e-01 1.683e+05
4.490e-01 1.333e+05
1.682e-01 1.697e+05
1.711e-01 1.704e+05
2.276e-01 1.674e+05
3.043e-01 1.701e+05
2.474e-01 1.663e+05
1.004e-05 3.910e+04
3.564e-01 1.680e+05
9.666e-02 1.779e+05
1.590e-01 1.733e+05
1.059e-01 1.763e+05
5.906e-01 1.345e+05
5.307e-01 1.429e+05
9.834e-02 1.774e+05
1.541e-01 1.716e+05
1.065e-05 6.537e+03
7.334e-02 1.685e+05
5.224e-06 2.677e+04
2.457e-06 2.397e+04
3.330e-01 1.640e+05
2.694e-01 1.674e+05
2.544e-01 1.637e+05
1.409e-01 1.751e+05
5.414e-01 1.317e+05
1.195e-01 1.730e+05
2.012e-01 1.698e+05
7.067e-06 3.865e+04
1.541e-01 1.706e+05
1.128e-01 1.775e+05
1.081e-01 1.753e+05
1.089e-01 1.748e+05
2.647e-01 1.674e+05
5.525e-07 1.162e+04
1.507e-01 1.728e+05
1.595e-01 1.713e+05
1.359e-01 1.715e+05
1.266e-01 1.699e+05
2.182e-01 1.690e+05
1.021e-01 1.765e+05
1.812e-01 1.657e+05
7.332e-02 1.751e+05
5.471e-07 4.813e+03
1.654e-01 1.712e+05
1.342e-01 1.753e+05
2.843e-01 1.644e+05
4.306e-01 1.641e+05
1.290e-01 1.742e+05
1.889e-01 1.686e+05
9.202e-02 1.789e+05
1.306e-01 1.723e+05
1.834e-01 1.691e+05
1.264e-01 1.710e+05
1.124e-01 1.757e+05
2.042e-01 1.653e+05
1.992e-01 1.723e+05
2.009e-01 1.686e+05
2.115e-01 1.684e+05
1.343e-01 1.729e+05
2.254e-01 1.706e+05
2.364e-01 1.706e+05
1.341e-01 1.730e+05
2.354e-01 1.619e+05
1.504e-01 1.655e+05
1.722e-01 1.715e+05
1.269e-01 1.757e+05
1.661e-01 1.712e+05
1.027e-01 1.763e+05
1.275e-01 1.670e+05
2.241e-01 1.696e+05
9.533e-02 1.622e+05
5.017e-06 1.312e+04
7.992e-06 1.505e+04
2.970e-01 1.662e+05
1.470e-01 1.711e+05
4.037e-01 1.629e+05
1.976e-05 1.193e+04
7.015e-06 2.264e+04
1.176e-01 1.758e+05
9.437e-02 1.765e+05
1.598e-01 1.706e+05
1.255e-02 1.582e+05
1.451e-01 1.734e+05
1.719e-01 1.700e+05
1.977e-01 1.718e+05
1.426e-01 1.727e+05
1.744e-01 1.697e+05
2.053e-05 2.376e+04
1.578e-01 1.709e+05
2.922e-01 1.639e+05
2.560e-01 1.688e+05
1.214e-01 1.657e+05
3.074e-01 1.715e+05
1.121e-01 1.746e+05
1.066e-01 1.746e+05
1.180e-01 1.768e+05
1.234e-01 1.753e+05
8.858e-02 1.774e+05
1.343e-01 1.743e+05
1.230e-01 1.734e+05
1.286e-01 1.770e+05
1.449e-01 1.715e+05
2.269e-06 3.877e+04
3.078e-06 4.029e+03
4.175e-05 4.048e+04
1.320e-01 1.645e+05
1.686e-01 1.710e+05
1.186e-05 1.672e+04
1.264e-01 1.725e+05
4.785e-01 1.667e+05
4.453e-01 1.603e+05
1.121e-01 1.703e+05
1.517e-07 1.861e+04
1.359e-01 1.724e+05
1.312e-01 1.730e+05
1.321e-01 1.706e+05
1.925e-06 8.960e+04
2.574e-01 1.689e+05
1.414e-06 2.578e+04
8.694e-02 1.776e+05
1.653e-01 1.705e+05
1.175e-01 1.735e+05
1.128e-01 1.733e+05
1.042e-01 1.748e+05
3.049e-01 1.661e+05
3.062e-01 1.641e+05
4.730e-01 1.676e+05
1.280e-01 1.706e+05
2.096e-01 1.692e+05
3.033e-01 1.634e+05
1.252e-01 1.730e+05
1.353e-01 1.703e+05
3.705e-01 1.693e+05
3.544e-01 1.429e+05
1.727e-01 1.712e+05
1.500e-01 1.699e+05
2.070e-01 1.649e+05
1.390e-01 1.719e+05
1.645e-01 1.704e+05
1.056e-01 1.758e+05
1.916e-01 1.672e+05
3.587e-01 1.646e+05
6.652e-06 4.568e+04
4.180e-01 1.618e+05
1.012e-01 1.780e+05
1.792e-06 3.704e+04
9.911e-07 2.373e+03
1.133e-01 1.735e+05
9.892e-07 8.304e+03
1.261e-01 1.720e+05
9.937e-02 1.713e+05
2.392e-06 1.056e+05
9.800e-02 1.756e+05
2.803e-01 1.671e+05
1.749e-01 1.702e+05
1.599e-01 1.703e+05
2.811e-01 1.622e+05
1.394e-01 1.726e+05
1.681e-01 1.683e+05
1.702e-06 5.796e+04
1.560e-01 1.711e+05
1.419e-01 1.729e+05
9.075e-02 1.786e+05
1.590e-01 1.710e+05
1.427e-01 1.697e+05
2.024e-01 1.693e+05
1.597e-01 1.687e+05
1.183e-01 1.760e+05
3.165e-01 1.682e+05
1.760e-01 1.690e+05
1.857e-01 1.713e+05
3.534e-01 1.635e+05
5.229e-01 1.580e+05
9.962e-02 1.748e+05
3.064e-01 1.634e+05
1.869e-01 1.697e+05
2.247e-01 1.658e+05
1.349e-01 1.741e+05
1.805e-01 1.702e+05
9.867e-02 1.769e+05
1.603e-01 1.722e+05
1.572e-01 1.688e+05
1.242e-01 1.729e+05
1.030e-01 1.746e+05
1.108e-01 1.749e+05
1.277e-01 1.761e+05
1.474e-01 1.708e+05
1.495e-01 1.716e+05
2.569e-01 1.635e+05
2.900e-06 1.381e+04
1.564e-01 1.695e+05
1.682e-01 1.719e+05
1.590e-01 1.755e+05
1.735e-01 1.639e+05
2.716e-01 1.650e+05
9.060e-06 2.811e+04
2.043e-01 1.692e+05
4.667e-06 6.267e+03
9.648e-02 1.761e+05
3.785e-01 1.271e+05
4.836e-01 1.408e+05
2.202e-01 1.685e+05
2.557e-01 1.660e+05
4.420e-07 2.761e+03
2.968e-06 1.520e+04
9.403e-02 1.770e+05
1.928e-01 1.690e+05
3.670e-01 1.625e+05
1.466e-01 1.719e+05
2.106e-01 1.653e+05
2.133e-01 1.611e+05
2.561e-01 1.717e+05
1.799e-06 2.001e+04
1.413e-01 1.725e+05
1.860e-01 1.695e+05
1.575e-01 1.710e+05
1.626e-01 1.658e+05
8.641e-02 1.689e+05
1.428e-01 1.745e+05
1.260e-01 1.729e+05
2.714e-01 1.654e+05
9.120e-02 1.695e+05
3.258e-06 8.045e+04
4.820e-01 1.431e+05
2.068e-01 1.679e+05
1.082e-01 1.753e+05
1.108e-06 2.033e+03
8.278e-07 4.524e+04
1.064e-01 1.747e+05
1.018e-06 1.667e+04
1.746e-01 1.696e+05
1.231e-01 1.730e+05
1.410e-01 1.687e+05
2.128e-01 1.713e+05
2.625e-01 1.710e+05
2.347e-06 1.831e+03
9.881e-02 1.765e+05
1.378e-01 1.719e+05
1.009e-01 1.760e+05
1.900e-01 1.709e+05
1.625e-01 1.740e+05
9.860e-08 1.156e+04
1.618e-01 1.692e+05
1.905e-01 1.700e+05
2.817e-06 2.450e+04
2.891e-01 1.646e+05
1.320e-01 1.680e+05
1.927e-01 1.701e+05
2.400e-01 1.657e+05
1.800e-01 1.706e+05
1.663e-07 1.163e+04
1.096e-01 1.767e+05
2.729e-01 1.680e+05
1.035e-01 1.770e+05
4.814e-01 1.609e+05
1.107e-01 1.754e+05
2.533e-06 4.850e+04
1.134e-01 1.705e+05
4.809e-07 6.206e+03
1.505e-01 1.697e+05
1.576e-01 1.720e+05
1.840e-01 1.696e+05
1.794e-01 1.707e+05
1.428e-01 1.723e+05
1.424e-06 2.851e+04
1.724e-01 1.704e+05
1.550e-01 1.707e+05
1.940e-06 1.080e+04
9.093e-02 1.766e+05
2.337e-01 1.637e+05
1.394e-01 1.720e+05
2.627e-01 1.627e+05
3.377e-01 1.634e+05
9.767e-02 1.760e+05
1.472e-01 1.718e+05
1.508e-01 1.715e+05
2.886e-01 1.660e+05
1.064e-01 1.756e+05
4.814e-06 2.551e+04
2.390e-01 1.651e+05
2.063e-06 2.803e+04
1.224e-01 1.765e+05
1.069e-01 1.746e+05
1.134e-01 1.738e+05
2.686e-01 1.668e+05
1.598e-01 1.735e+05
3.408e-01 1.656e+05
1.727e-01 1.697e+05
4.374e-01 1.638e+05
1.334e-01 1.720e+05
1.366e-01 1.746e+05
1.283e-01 1.740e+05
1.249e-01 1.736e+05
1.097e-01 1.740e+05
1.725e-07 2.251e+04
1.458e-01 1.728e+05
1.915e-01 1.681e+05
9.008e-02 1.776e+05
1.052e-01 1.706e+05
2.757e-01 1.715e+05
4.617e-01 1.377e+05
1.890e-01 1.698e+05
1.420e-01 1.713e+05
8.194e-02 1.688e+05
1.947e-01 1.703e+05
3.477e-01 1.626e+05
1.048e-01 1.749e+05
2.932e-06 1.301e+04
1.412e-01 1.731e+05
1.284e-01 1.722e+05
1.685e-06 2.191e+04
9.951e-02 1.776e+05
2.053e-06 9.055e+03
1.194e-01 1.762e+05
2.227e-01 1.714e+05
2.062e-01 1.697e+05
1.567e-01 1.693e+05
8.215e-02 1.727e+05
1.202e-01 1.639e+05
3.495e-06 5.443e+04
1.171e-01 1.737e+05
1.370e-01 1.715e+05
1.280e-01 1.691e+05
1.063e-01 1.759e+05
1.407e-01 1.720e+05
1.395e-01 1.711e+05
1.799e-01 1.702e+05
1.379e-01 1.733e+05
1.226e-01 1.720e+05
1.927e-01 1.687e+05
3.282e-01 1.295e+05
9.195e-02 1.777e+05
5.198e-06 2.270e+04
3.346e-07 6.643e+03
1.280e-01 1.731e+05
1.047e-01 1.764e+05
3.596e-01 1.645e+05
1.563e-01 1.661e+05
2.043e-01 1.690e+05
1.358e-01 1.720e+05
1.268e-06 3.859e+02
1.408e-01 1.713e+05
2.248e-05 7.240e+04
9.536e-02 1.778e+05
2.948e-01 1.651e+05
1.554e-01 1.727e+05
1.068e-01 1.717e+05
1.483e-01 1.660e+05
1.178e-01 1.711e+05
1.882e-01 1.665e+05
9.617e-02 1.705e+05
2.289e-01 1.646e+05
6.558e-06 6.535e+04
2.319e-01 1.671e+05
1.857e-01 1.705e+05
1.617e-01 1.632e+05
1.015e-01 1.726e+05
4.754e-06 1.585e+04
8.877e-02 1.690e+05
1.653e-01 1.703e+05
1.297e-05 1.345e+04
1.062e-01 1.767e+05
2.436e-01 1.720e+05
1.335e-05 6.425e+04
1.235e-01 1.750e+05
1.720e-01 1.717e+05
1.873e-01 1.698e+05
8.417e-02 1.772e+05
4.579e-01 1.389e+05
1.151e-01 1.751e+05
9.120e-02 1.692e+05
1.014e-01 1.654e+05
1.179e-01 1.771e+05
1.078e-01 1.722e+05
1.377e-01 1.726e+05
1.399e-01 1.680e+05
2.022e-01 1.702e+05
5.603e-06 4.773e+03
1.433e-01 1.734e+05
1.023e-01 1.759e+05
1.179e-01 1.712e+05
1.943e-01 1.690e+05
1.034e-01 1.745e+05
1.503e-01 1.709e+05
1.468e-01 1.699e+05
1.106e-01 1.744e+05
1.570e-01 1.725e+05
2.393e-01 1.689e+05
9.599e-02 1.685e+05
1.043e-01 1.689e+05
1.495e-01 1.722e+05
1.235e-01 1.733e+05
1.628e-01 1.701e+05
1.447e-05 1.885e+04
8.497e-02 1.793e+05
1.027e-01 1.745e+05
1.083e-01 1.762e+05
1.452e-01 1.720e+05
2.744e-01 1.693e+05
2.402e-01 1.636e+05
1.302e-01 1.723e+05
1.903e-06 2.369e+04
1.625e-01 1.713e+05
3.591e-01 1.674e+05
2.588e-01 1.727e+05
1.591e-05 4.163e+04
2.006e-01 1.688e+05
1.084e-01 1.712e+05
1.357e-01 1.712e+05
2.152e-05 4.066e+04
1.238e-01 1.725e+05
1.001e-01 1.742e+05
5.771e-01 1.579e+05
8.805e-02 1.783e+05
2.284e-01 1.671e+05
1.367e-01 1.750e+05
1.289e-01 1.744e+05
1.009e-01 1.710e+05
2.574e-01 1.641e+05
1.017e-01 1.728e+05
3.988e-01 1.679e+05
3.713e-01 1.682e+05
2.713e-01 1.708e+05
3.012e-01 1.710e+05
8.933e-02 1.777e+05
2.065e-01 1.688e+05
1.802e-01 1.708e+05
1.278e-01 1.705e+05
1.474e-01 1.724e+05
1.324e-01 1.734e+05
3.438e-06 4.001e+04
1.247e-01 1.751e+05
1.208e-01 1.744e+05
1.168e-01 1.743e+05
2.003e-01 1.631e+05
3.326e-01 1.691e+05
1.353e-01 1.757e+05
1.785e-01 1.646e+05
1.207e-01 1.751e+05
1.971e-01 1.680e+05
1.742e-01 1.722e+05
9.367e-02 1.771e+05
3.430e-01 1.633e+05
8.679e-02 1.701e+05
2.831e-06 7.233e+03
1.434e-01 1.719e+05
1.657e-06 7.342e+04
4.831e-01 1.256e+05
2.019e-07 2.186e+04
2.876e-01 1.665e+05
2.026e-01 1.683e+05
1.234e-01 1.664e+05
5.510e-01 1.157e+05
3.159e-06 7.341e+03
1.639e-01 1.699e+05
9.685e-02 1.777e+05
1.847e-01 1.675e+05
1.126e-01 1.697e+05
2.723e-01 1.695e+05
1.335e-01 1.727e+05
1.025e-01 1.756e+05
1.108e-01 1.758e+05
1.023e-01 1.747e+05
2.621e-01 1.694e+05
3.138e-01 1.693e+05
4.284e-01 1.295e+05
8.342e-02 1.772e+05
2.132e-06 2.584e+03
1.386e-01 1.711e+05
7.034e-06 3.032e+04
2.721e-01 1.662e+05
3.802e-06 6.890e+03
4.503e-01 1.650e+05
8.272e-02 1.787e+05
3.175e-01 1.380e+05
1.455e-01 1.675e+05
1.326e-01 1.726e+05
4.616e-06 5.401e+04
1.459e-01 1.738e+05
1.331e-01 1.660e+05
2.070e-05 1.037e+04
1.191e-01 1.682e+05
1.250e-01 1.731e+05
1.410e-01 1.718e+05
2.046e-01 1.695e+05
4.054e-06 7.664e+03
2.034e-01 1.710e+05
1.763e-06 4.902e+04
1.194e-01 1.767e+05
2.052e-01 1.689e+05
9.124e-02 1.778e+05
2.109e-01 1.688e+05
1.112e-01 1.738e+05
3.614e-01 1.488e+05
2.226e-01 1.681e+05
4.719e-01 1.626e+05
4.646e-01 1.612e+05
3.361e-01 1.638e+05
1.847e-01 1.673e+05
1.570e-01 1.706e+05
1.425e-01 1.722e+05
6.472e-02 1.723e+05
1.474e-01 1.720e+05
1.097e-01 1.734e+05
1.340e-01 1.640e+05
7.826e-07 9.810e+03
1.742e-01 1.688e+05
1.165e-01 1.715e+05
4.585e-06 2.083e+04
1.904e-01 1.653e+05
1.450e-01 1.750e+05
9.924e-02 1.758e+05
2.414e-01 1.696e+05
1.259e-01 1.722e+05
1.075e-01 1.751e+05
1.907e-01 1.696e+05
1.589e-01 1.710e+05
2.169e-01 1.617e+05
2.770e-06 1.171e+04
2.546e-01 1.702e+05
1.173e-01 1.729e+05
1.137e-01 1.737e+05
2.362e-01 1.637e+05
1.213e-01 1.736e+05
5.793e-06 7.165e+03
1.059e-01 1.762e+05
1.385e-01 1.712e+05
1.950e-01 1.682e+05
5.467e-06 5.901e+04
1.276e-01 1.741e+05
1.582e-01 1.690e+05
1.069e-01 1.747e+05
2.445e-01 1.652e+05
1.463e-01 1.721e+05
1.609e-01 1.664e+05
1.684e-01 1.668e+05
6.251e-06 8.030e+04
1.739e-01 1.699e+05
4.041e-01 1.593e+05
1.424e-01 1.679e+05
1.155e-01 1.770e+05
1.409e-01 1.724e+05
1.503e-01 1.726e+05
1.691e-01 1.701e+05
1.122e-01 1.671e+05
3.320e-01 1.645e+05
1.574e-01 1.705e+05
7.182e-02 1.652e+05
4.580e-01 1.520e+05
1.031e-01 1.735e+05
1.708e-01 1.701e+05
9.827e-02 1.764e+05
2.039e-05 1.019e+04
1.609e-01 1.711e+05
2.112e-01 1.672e+05
1.593e-01 1.711e+05
6.285e-07 2.460e+04
2.211e-01 1.642e+05
1.463e-01 1.736e+05
1.253e-01 1.731e+05
1.699e-01 1.703e+05
1.587e-01 1.713e+05
2.244e-01 1.688e+05
1.559e-01 1.680e+05
1.928e-01 1.696e+05
8.582e-02 1.624e+05
1.548e-01 1.690e+05
5.989e-01 1.073e+05
1.374e-01 1.719e+05
1.578e-01 1.663e+05
2.033e-01 1.707e+05
7.697e-06 7.632e+04
9.402e-02 1.739e+05
1.289e-01 1.724e+05
1.966e-01 1.692e+05
1.884e-01 1.651e+05
1.584e-01 1.711e+05
5.337e-06 3.183e+03
1.613e-01 1.730e+05
1.730e-01 1.689e+05
1.782e-01 1.660e+05
8.648e-07 2.756e+04
1.155e-01 1.757e+05
1.369e-06 6.260e+04
5.832e-07 3.874e+04
2.044e-01 1.652e+05
2.557e-08 2.693e+04
4.988e-06 1.439e+04
6.013e-06 3.158e+04
9.420e-02 1.763e+05
1.843e-01 1.698e+05
7.010e-06 5.972e+03
3.287e-01 1.691e+05
2.519e-01 1.681e+05
1.370e-01 1.720e+05
6.097e-07 6.907e+04
1.592e-01 1.705e+05
1.099e-01 1.747e+05
1.283e-01 1.659e+05
1.578e-05 6.713e+03
1.151e-01 1.741e+05
3.562e-01 1.510e+05
3.152e-01 1.655e+05
1.119e-01 1.753e+05
2.168e-01 1.723e+05
3.645e-07 8.601e+03
3.458e-01 1.623e+05
1.037e-01 1.762e+05
3.854e-06 8.169e+03
1.281e-01 1.725e+05
1.499e-01 1.667e+05
1.588e-01 1.698e+05
1.093e-01 1.743e+05
6.888e-06 3.745e+04
1.045e-01 1.729e+05
1.030e-01 1.754e+05
1.380e-01 1.753e+05
1.600e-01 1.708e+05
4.228e-01 1.655e+05
1.521e-01 1.677e+05
1.556e-01 1.705e+05
8.157e-02 1.747e+05
2.804e-01 1.652e+05
6.188e-06 7.214e+03
1.538e-01 1.720e+05
1.313e-01 1.731e+05
9.588e-07 3.090e+03
2.233e-01 1.682e+05
2.184e-01 1.674e+05
5.197e-08 3.032e+03
3.787e-06 1.595e+04
1.234e-01 1.725e+05
1.474e-01 1.738e+05
1.142e-01 1.745e+05
1.277e-01 1.764e+05
1.612e-01 1.699e+05
2.943e-01 1.712e+05
1.697e-01 1.723e+05
1.179e-01 1.736e+05
4.138e-07 3.551e+04
2.743e-01 1.682e+05
1.361e-06 2.715e+04
2.975e-01 1.627e+05
3.945e-01 1.656e+05
1.249e-01 1.739e+05
1.990e-01 1.699e+05
5.228e-01 1.120e+05
1.602e-01 1.709e+05
4.020e-01 1.621e+05
8.194e-07 1.473e+04
1.695e-01 1.718e+05
1.452e-01 1.724e+05
2.248e-01 1.648e+05
1.716e-01 1.694e+05
2.032e-01 1.697e+05
1.727e-01 1.696e+05
1.707e-01 1.631e+05
2.907e-01 1.714e+05
1.346e-01 1.707e+05
9.831e-02 1.759e+05
9.025e-02 1.782e+05
1.855e-01 1.672e+05
1.130e-01 1.758e+05
1.019e-06 1.180e+04
1.693e-01 1.703e+05
1.299e-01 1.757e+05
1.551e-01 1.728e+05
2.000e-01 1.689e+05
1.799e-01 1.665e+05
2.249e-01 1.669e+05
4.431e-01 1.644e+05
1.237e-01 1.728e+05
5.090e-01 1.374e+05
1.565e-01 1.714e+05
1.434e-01 1.747e+05
1.109e-01 1.740e+05
2.846e-01 1.656e+05
1.575e-01 1.706e+05
2.753e-01 1.665e+05
6.043e-06 5.398e+03
9.511e-06 3.709e+04
8.997e-02 1.684e+05
3.687e-01 1.700e+05
3.762e-01 1.692e+05
1.125e-05 7.073e+03
1.655e-01 1.697e+05
1.947e-01 1.696e+05
1.932e-05 4.328e+04
1.413e-01 1.746e+05
1.354e-05 8.965e+03
9.783e-02 1.761e+05
1.075e-06 3.647e+04
1.253e-01 1.727e+05
8.801e-02 1.770e+05
1.785e-01 1.664e+05
8.043e-02 1.693e+05
1.559e-01 1.709e+05
1.008e-01 1.758e+05
2.608e-01 1.619e+05
1.655e-01 1.717e+05
1.330e-01 1.721e+05
1.934e-01 1.712e+05
1.459e-01 1.748e+05
9.517e-02 1.765e+05
3.155e-01 1.635e+05
1.824e-01 1.698e+05
2.014e-01 1.720e+05
1.812e-01 1.707e+05
1.465e-01 1.715e+05
9.753e-06 1.545e+04
1.782e-01 1.741e+05
1.629e-01 1.721e+05
1.214e-01 1.656e+05
1.388e-01 1.693e+05
1.412e-01 1.719e+05
1.090e-01 1.748e+05
1.695e-01 1.700e+05
1.043e-01 1.766e+05
1.060e-01 1.747e+05
1.594e-05 7.170e+04
1.518e-01 1.713e+05
4.427e-01 1.650e+05
1.122e-01 1.743e+05
4.618e-06 3.675e+04
1.801e-01 1.694e+05
1.168e-01 1.750e+05
1.280e-01 1.683e+05
1.205e-05 3.121e+04
1.797e-01 1.732e+05
1.221e-01 1.705e+05
5.283e-06 1.129e+04
2.336e-01 1.652e+05
3.852e-07 6.898e+03
8.525e-02 1.774e+05
1.305e-01 1.686e+05
2.369e-01 1.682e+05
1.203e-01 1.733e+05
1.627e-01 1.663e+05
1.996e-01 1.693e+05
1.272e-01 1.686e+05
1.026e-01 1.761e+05
1.511e-01 1.752e+05
1.190e-06 1.617e+04
7.328e-07 5.911e+04
2.408e-01 1.707e+05
1.888e-01 1.696e+05
1.137e-01 1.741e+05
1.830e-01 1.706e+05
1.393e-01 1.714e+05
8.949e-02 1.737e+05
9.965e-02 1.747e+05
1.506e-01 1.715e+05
1.332e-01 1.746e+05
1.353e-01 1.655e+05
1.465e-01 1.683e+05
4.336e-01 1.637e+05
1.708e-01 1.699e+05
2.176e-01 1.664e+05
1.312e-01 1.725e+05
8.077e-02 1.767e+05
1.505e-01 1.724e+05
1.532e-01 1.740e+05
1.686e-01 1.702e+05
1.389e-01 1.724e+05
1.601e-01 1.718e+05
1.137e-01 1.741e+05
2.133e-01 1.689e+05
3.447e-06 1.029e+04
1.058e-07 4.109e+04
1.426e-06 4.944e+02
1.987e-01 1.685e+05
1.512e-01 1.678e+05
1.260e-01 1.722e+05
1.240e-01 1.715e+05
1.128e-05 4.809e+03
1.803e-01 1.700e+05
1.426e-01 1.731e+05
1.582e-01 1.725e+05
1.076e-01 1.729e+05
1.953e-01 1.688e+05
8.511e-02 1.789e+05
2.119e-01 1.693e+05
1.736e-01 1.700e+05
2.065e-01 1.681e+05
1.463e-01 1.730e+05
1.957e-01 1.630e+05
1.178e-01 1.737e+05
1.230e-02 1.618e+05
2.277e-01 1.683e+05
4.705e-06 4.885e+04
1.664e-01 1.715e+05
3.580e-06 2.136e+04
2.939e-01 1.614e+05
1.762e-01 1.676e+05
2.824e-01 1.604e+05
8.115e-02 1.756e+05
4.435e-01 1.495e+05
1.141e-01 1.764e+05
9.847e-02 1.776e+05
1.547e-05 4.389e+03
1.483e-01 1.713e+05
3.557e-01 1.680e+05
1.412e-01 1.732e+05
3.796e-01 1.502e+05
2.366e-01 1.645e+05
1.686e-01 1.703e+05
1.838e-09 4.885e+04
1.145e-01 1.776e+05
1.393e-01 1.719e+05
1.775e-01 1.701e+05
9.084e-02 1.777e+05
1.144e-01 1.730e+05
1.578e-01 1.692e+05
1.264e-01 1.727e+05
2.822e-05 4.893e+04
1.514e-01 1.707e+05
1.673e-01 1.717e+05
1.333e-01 1.719e+05
1.132e-01 1.766e+05
2.659e-01 1.641e+05
1.144e-06 3.410e+04
9.178e-02 1.785e+05
8.890e-02 1.757e+05
2.052e-01 1.693e+05
1.277e-01 1.745e+05
2.694e-01 1.683e+05
9.145e-02 1.766e+05
2.186e-01 1.660e+05
1.701e-01 1.682e+05
1.300e-01 1.727e+05
1.548e-01 1.703e+05
2.264e-01 1.672e+05
1.425e-01 1.726e+05
1.549e-01 1.708e+05
1.481e-01 1.706e+05
2.227e-01 1.710e+05
2.152e-01 1.692e+05
8.872e-02 1.675e+05
4.708e-01 1.141e+05
1.406e-06 9.958e+03
1.415e-01 1.697e+05
8.958e-06 1.780e+04
4.909e-08 5.495e+03
1.589e-01 1.706e+05
8.185e-07 4.096e+04
1.648e-01 1.705e+05
7.809e-06 2.361e+04
9.339e-02 1.762e+05
5.536e-01 1.626e+05
1.355e-01 1.693e+05
1.295e-01 1.729e+05
5.581e-01 1.381e+05
4.502e-06 8.650e+04
1.057e-01 1.776e+05
1.786e-01 1.678e+05
5.365e-01 1.494e+05
2.131e-01 1.661e+05
1.385e-05 3.289e+04
1.486e-01 1.714e+05
1.898e-01 1.680e+05
2.119e-01 1.686e+05
3.160e-06 1.319e+04
1.587e-01 1.705e+05
2.824e-01 1.628e+05
4.102e-01 1.490e+05
1.062e-01 1.754e+05
2.880e-01 1.615e+05
1.314e-01 1.684e+05
1.761e-01 1.680e+05
3.232e-01 1.653e+05
2.156e-01 1.684e+05
1.671e-01 1.712e+05
1.248e-01 1.725e+05
1.238e-01 1.735e+05
2.880e-01 1.655e+05
1.733e-01 1.708e+05
1.475e-01 1.707e+05
1.101e-01 1.721e+05
3.033e-06 8.420e+03
1.155e-01 1.729e+05
6.961e-06 2.555e+04
6.335e-06 1.427e+04
6.711e-02 1.701e+05
1.425e-01 1.720e+05
1.586e-01 1.709e+05
1.583e-01 1.715e+05
8.934e-02 1.728e+05
1.326e-01 1.746e+05
1.116e-01 1.749e+05
1.560e-01 1.733e+05
1.789e-01 1.675e+05
2.064e-01 1.707e+05
5.581e-07 1.311e+04
2.136e-01 1.657e+05
1.053e-05 1.510e+04
1.787e-01 1.626e+05
1.649e-01 1.707e+05
1.890e-01 1.696e+05
2.315e-01 1.699e+05
8.030e-02 1.673e+05
3.467e-07 4.848e+03
2.131e-07 1.709e+04
1.159e-06 9.409e+03
1.617e-01 1.722e+05
2.012e-01 1.718e+05
4.053e-01 1.696e+05
1.336e-06 3.065e+04
1.764e-01 1.696e+05
1.386e-01 1.722e+05
1.666e-01 1.674e+05
8.521e-02 1.753e+05
1.446e-01 1.756e+05
1.736e-01 1.702e+05
4.874e-06 4.304e+03
1.572e-01 1.711e+05
2.935e-01 1.629e+05
9.999e-02 1.688e+05
2.763e-01 1.633e+05
1.923e-01 1.675e+05
8.419e-02 1.773e+05
1.781e-01 1.704e+05
1.039e-07 7.036e+03
1.282e-01 1.723e+05
2.090e-01 1.729e+05
1.057e-01 1.756e+05
1.758e-01 1.706e+05
2.477e-06 1.108e+04
1.221e-01 1.727e+05
1.948e-01 1.696e+05
2.712e-01 1.616e+05
1.180e-01 1.741e+05
1.256e-01 1.716e+05
1.002e-01 1.779e+05
4.399e-01 1.654e+05
2.964e-06 2.653e+04
2.109e-01 1.721e+05
1.482e-01 1.716e+05
1.621e-06 4.748e+04
1.947e-01 1.693e+05
1.454e-01 1.707e+05
1.238e-01 1.744e+05
1.207e-01 1.761e+05
8.989e-02 1.722e+05
1.234e-01 1.751e+05
8.660e-02 1.774e+05
1.147e-01 1.752e+05
2.191e-01 1.708e+05
1.336e-01 1.725e+05
1.356e-01 1.730e+05
9.815e-02 1.776e+05
2.990e-01 1.604e+05
3.878e-01 1.700e+05
1.096e-01 1.738e+05
5.213e-01 1.611e+05
1.002e-01 1.759e+05
1.646e-01 1.708e+05
1.709e-01 1.695e+05
1.752e-07 2.627e+04
3.613e-01 1.686e+05
7.992e-02 1.765e+05
2.214e-06 2.235e+04
1.499e-01 1.651e+05
1.288e-01 1.716e+05
1.471e-01 1.728e+05
1.922e-01 1.672e+05
9.656e-06 8.409e+03
1.318e-01 1.720e+05
1.767e-01 1.738e+05
1.578e-01 1.731e+05
3.512e-01 1.685e+05
1.890e-01 1.696e+05
1.848e-01 1.703e+05
1.307e-01 1.737e+05
1.817e-01 1.701e+05
3.588e-01 1.654e+05
1.311e-01 1.723e+05
1.961e-01 1.692e+05
2.214e-01 1.665e+05
8.299e-06 2.130e+04
2.280e-01 1.676e+05
1.327e-01 1.747e+05
2.434e-01 1.639e+05
2.203e-01 1.704e+05
8.578e-02 1.735e+05
1.060e-06 6.021e+03
3.501e-01 1.660e+05
1.081e-01 1.745e+05
1.252e-01 1.763e+05
1.097e-01 1.744e+05
9.281e-06 5.432e+03
1.311e-01 1.739e+05
1.895e-01 1.711e+05
1.123e-01 1.744e+05
1.210e-01 1.729e+05
1.365e-01 1.726e+05
1.119e-01 1.753e+05
1.732e-01 1.696e+05
2.113e-01 1.705e+05
2.261e-01 1.707e+05
1.371e-01 1.714e+05
1.399e-01 1.717e+05
2.865e-01 1.674e+05
2.288e-01 1.675e+05
3.205e-05 1.567e+04
9.464e-02 1.774e+05
2.217e-01 1.689e+05
1.333e-01 1.725e+05
1.500e-06 1.108e+04
1.086e-01 1.751e+05
1.918e-01 1.693e+05
1.345e-01 1.575e+05
1.392e-01 1.758e+05
8.888e-02 1.768e+05
2.022e-01 1.739e+05
2.437e-06 4.006e+03
2.284e-01 1.704e+05
2.181e-01 1.684e+05
1.331e-01 1.667e+05
1.881e-06 1.058e+04
1.354e-01 1.703e+05
1.549e-01 1.700e+05
4.221e-01 1.652e+05
8.473e-02 1.785e+05
1.130e-01 1.753e+05
1.693e-01 1.717e+05
2.677e-01 1.656e+05
9.529e-02 1.758e+05
1.569e-01 1.704e+05
1.525e-01 1.702e+05
1.358e-01 1.721e+05
7.634e-06 4.034e+04
1.786e-01 1.700e+05
2.753e-01 1.620e+05
2.315e-01 1.661e+05
1.471e-01 1.713e+05
9.162e-02 1.769e+05
9.546e-02 1.728e+05
1.549e-06 4.328e+04
1.541e-01 1.642e+05
1.263e-01 1.737e+05
1.298e-01 1.729e+05
1.769e-01 1.680e+05
1.844e-01 1.691e+05
2.990e-01 1.658e+05
1.184e-01 1.760e+05
1.518e-01 1.713e+05
2.566e-01 1.647e+05
1.964e-01 1.690e+05
1.999e-01 1.713e+05
1.007e-01 1.753e+05
1.307e-01 1.690e+05
1.649e-01 1.696e+05
1.636e-01 1.693e+05
1.218e-01 1.740e+05
1.058e-01 1.757e+05
1.991e-01 1.647e+05
2.674e-01 1.664e+05
8.399e-02 1.779e+05
1.150e-01 1.733e+05
1.730e-01 1.699e+05
7.743e-06 3.257e+04
4.897e-06 6.077e+04
1.335e-01 1.722e+05
2.010e-01 1.686e+05
1.345e-01 1.707e+05
1.654e-01 1.706e+05
3.957e-01 1.632e+05
3.911e-01 1.700e+05
1.367e-06 2.754e+04
9.743e-06 1.560e+04
1.301e-01 1.718e+05
3.267e-01 1.648e+05
1.575e-01 1.705e+05
2.055e-01 1.629e+05
2.201e-01 1.682e+05
1.771e-01 1.698e+05
1.398e-01 1.714e+05
4.044e-01 1.701e+05
1.014e-01 1.764e+05
1.832e-01 1.739e+05
1.672e-01 1.707e+05
9.123e-06 5.996e+04
2.060e-01 1.655e+05
1.045e-01 1.745e+05
1.577e-01 1.706e+05
1.296e-06 2.778e+04
1.573e-01 1.742e+05
1.777e-01 1.699e+05
1.642e-01 1.733e+05
2.530e-01 1.671e+05
6.882e-06 2.437e+04
1.695e-01 1.711e+05
6.113e-06 2.431e+03
2.067e-01 1.723e+05
1.561e-05 4.821e+04
2.830e-01 1.695e+05
4.726e-01 1.185e+05
9.862e-02 1.752e+05
1.161e-01 1.745e+05
2.242e-06 2.054e+04
1.746e-01 1.699e+05
9.185e-02 1.765e+05
2.760e-01 1.636e+05
1.969e-01 1.738e+05
1.437e-01 1.725e+05
3.138e-01 1.637e+05
1.500e-01 1.678e+05
1.041e-01 1.646e+05
1.096e-02 1.571e+05
2.087e-01 1.677e+05
1.504e-01 1.720e+05
9.930e-07 1.576e+04
2.971e-01 1.669e+05
3.611e-06 1.234e+04
2.455e-01 1.640e+05
1.195e-01 1.732e+05
3.614e-01 1.597e+05
1.733e-01 1.637e+05
1.238e-01 1.705e+05
1.121e-01 1.733e+05
7.584e-06 1.607e+04
1.600e-01 1.702e+05
1.897e-01 1.697e+05
3.324e-06 5.529e+03
1.644e-01 1.728e+05
4.342e-01 1.666e+05
3.706e-01 1.679e+05
1.465e-01 1.712e+05
5.258e-01 1.193e+05
4.612e-01 1.639e+05
1.836e-01 1.721e+05
2.521e-01 1.639e+05
1.206e-01 1.750e+05
1.707e-01 1.653e+05
1.276e-01 1.723e+05
1.798e-01 1.727e+05
9.389e-02 1.770e+05
1.478e-05 8.503e+03
2.127e-01 1.649e+05
1.028e-01 1.763e+05
8.504e-06 1.156e+04
6.989e-06 1.258e+04
1.422e-01 1.710e+05
5.161e-01 1.215e+05
1.219e-01 1.733e+05
1.984e-01 1.703e+05
2.343e-06 5.403e+04
1.436e-01 1.709e+05
1.143e-01 1.765e+05
3.583e-01 1.677e+05
3.312e-01 1.706e+05
1.001e-01 1.701e+05
8.362e-02 1.772e+05
3.537e-01 1.646e+05
2.200e-01 1.638e+05
2.940e-01 1.704e+05
1.119e-05 1.164e+04
1.720e-01 1.711e+05
2.486e-05 2.143e+04
8.996e-02 1.792e+05
2.315e-01 1.621e+05
1.684e-01 1.698e+05
2.118e-05 2.975e+04
1.423e-01 1.721e+05
2.113e-01 1.674e+05
3.274e-01 1.688e+05
1.892e-01 1.737e+05
1.137e-01 1.746e+05
1.036e-01 1.771e+05
8.249e-06 1.600e+04
5.698e-07 4.826e+04
1.390e-01 1.742e+05
1.377e-01 1.689e+05
1.051e-05 9.645e+03
2.097e-01 1.668e+05
3.630e-01 1.650e+05
5.386e-01 1.660e+05
3.834e-01 1.633e+05
9.708e-02 1.747e+05
1.753e-01 1.715e+05
1.477e-01 1.729e+05
1.199e-01 1.687e+05
1.888e-01 1.692e+05
9.869e-02 1.695e+05
1.471e-01 1.719e+05
2.347e-01 1.685e+05
2.236e-01 1.684e+05
3.176e-01 1.658e+05
1.401e-01 1.674e+05
1.938e-05 4.407e+03
1.357e-01 1.701e+05
1.342e-01 1.753e+05
2.786e-01 1.708e+05
7.931e-06 1.303e+03
6.155e-02 1.744e+05
2.224e-01 1.629e+05
1.572e-05 1.844e+04
2.793e-01 1.659e+05
2.803e-01 1.670e+05
2.440e-01 1.648e+05
1.358e-01 1.691e+05
1.917e-01 1.645e+05
1.474e-01 1.725e+05
1.401e-01 1.744e+05
8.503e-06 9.194e+03
1.404e-01 1.696e+05
1.488e-01 1.708e+05
1.876e-01 1.709e+05
1.097e-01 1.746e+05
1.345e-05 4.436e+04
3.182e-01 1.647e+05
1.589e-01 1.714e+05
1.286e-01 1.747e+05
4.584e-01 1.639e+05
1.185e-01 1.674e+05
1.832e-01 1.666e+05
5.948e-06 3.540e+04
1.517e-01 1.698e+05
3.075e-01 1.676e+05
8.272e-02 1.755e+05
1.056e-01 1.756e+05
1.332e-01 1.733e+05
3.877e-01 1.646e+05
2.004e-01 1.687e+05
1.554e-01 1.710e+05
2.065e-01 1.693e+05
1.466e-01 1.712e+05
4.003e-06 2.248e+04
1.148e-01 1.749e+05
1.593e-01 1.701e+05
1.611e-01 1.717e+05
3.364e-01 1.667e+05
1.038e-01 1.767e+05
2.219e-01 1.670e+05
4.757e-01 1.286e+05
1.691e-01 1.716e+05
2.060e-01 1.684e+05
2.380e-01 1.667e+05
1.350e-01 1.730e+05
1.597e-01 1.671e+05
2.822e-01 1.650e+05
5.842e-01 1.422e+05
2.331e-01 1.686e+05
9.398e-02 1.777e+05
1.151e-01 1.747e+05
2.716e-01 1.637e+05
2.268e-01 1.668e+05
9.440e-02 1.783e+05
5.907e-06 4.099e+04
1.654e-05 1.498e+04
1.922e-01 1.697e+05
1.049e-05 2.548e+04
1.672e-01 1.705e+05
1.494e-01 1.725e+05
1.108e-01 1.742e+05
5.454e-06 5.142e+04
1.994e-06 5.123e+04
1.357e-01 1.747e+05
2.375e-01 1.641e+05
2.314e-01 1.715e+05
1.727e-01 1.719e+05
2.195e-01 1.677e+05
1.321e-01 1.681e+05
2.322e-01 1.682e+05
2.550e-01 1.666e+05
1.619e-01 1.687e+05
1.513e-01 1.722e+05
1.161e-01 1.740e+05
8.668e-02 1.692e+05
3.822e-01 1.640e+05
1.166e-01 1.762e+05
9.993e-02 1.758e+05
1.059e-01 1.748e+05
1.856e-01 1.694e+05
9.128e-06 7.864e+03
1.354e-01 1.717e+05
2.321e-01 1.720e+05
3.663e-01 1.662e+05
3.899e-01 1.616e+05
1.456e-01 1.744e+05
1.568e-01 1.748e+05
2.066e-01 1.695e+05
2.387e-01 1.652e+05
9.601e-06 2.033e+04
2.924e-01 1.652e+05
1.924e-06 1.770e+04
9.781e-02 1.768e+05
8.905e-06 4.280e+04
8.850e-02 1.778e+05
2.046e-01 1.683e+05
2.321e-01 1.684e+05
1.988e-01 1.685e+05
4.447e-06 3.454e+04
1.590e-01 1.703e+05
1.489e-01 1.727e+05
1.777e-01 1.693e+05
3.083e-01 1.679e+05
2.008e-01 1.675e+05
4.726e-06 1.360e+04
1.928e-01 1.686e+05
1.213e-01 1.738e+05
1.726e-01 1.706e+05
3.158e-06 1.598e+03
2.831e-01 1.638e+05
3.255e-01 1.701e+05
1.665e-01 1.709e+05
3.966e-01 1.487e+05
1.702e-01 1.703e+05
2.770e-07 4.892e+04
1.797e-01 1.672e+05
1.731e-01 1.718e+05
9.332e-02 1.761e+05
8.708e-02 1.766e+05
1.784e-01 1.705e+05
3.698e-01 1.648e+05
2.825e-01 1.651e+05
1.964e-07 1.013e+04
5.373e-06 3.098e+04
2.035e-01 1.646e+05
1.256e-01 1.732e+05
1.553e-01 1.681e+05
3.324e-01 1.698e+05
2.063e-01 1.656e+05
2.148e-01 1.684e+05
9.877e-02 1.718e+05
1.554e-01 1.729e+05
1.644e-01 1.708e+05
2.987e-01 1.641e+05
1.275e-01 1.750e+05
1.046e-01 1.736e+05
3.673e-01 1.620e+05
2.064e-01 1.695e+05
1.361e-01 1.737e+05
1.991e-01 1.705e+05
3.403e-01 1.640e+05
1.418e-01 1.723e+05
1.091e-01 1.741e+05
3.148e-01 1.621e+05
1.507e-01 1.709e+05
1.294e-01 1.737e+05
1.759e-01 1.745e+05
1.732e-01 1.696e+05
2.071e-06 4.611e+02
1.025e-01 1.736e+05
4.627e-06 5.710e+03
7.812e-02 1.778e+05
1.309e-01 1.689e+05
1.870e-01 1.695e+05
7.461e-07 1.376e+04
2.232e-01 1.658e+05
9.683e-02 1.758e+05
2.809e-06 8.950e+03
1.474e-01 1.673e+05
1.258e-01 1.724e+05
1.957e-01 1.675e+05
4.236e-06 1.009e+03
1.451e-05 1.786e+04
1.663e-01 1.707e+05
1.226e-01 1.742e+05
1.678e-01 1.703e+05
8.778e-07 4.994e+04
1.538e-01 1.721e+05
1.258e-01 1.711e+05
1.901e-01 1.645e+05
2.340e-01 1.673e+05
3.675e-01 1.636e+05
1.324e-01 1.730e+05
5.459e-06 2.470e+03
1.169e-05 2.629e+04
1.084e-01 1.740e+05
2.347e-01 1.705e+05
3.283e-01 1.620e+05
1.656e-01 1.702e+05
2.696e-01 1.682e+05
1.703e-01 1.707e+05
1.949e-01 1.694e+05
1.791e-01 1.704e+05
1.524e-01 1.714e+05
2.265e-01 1.638e+05
1.388e-01 1.718e+05
1.523e-05 5.221e+04
1.025e-01 1.767e+05
1.386e-01 1.670e+05
1.697e-06 2.661e+04
1.243e-01 1.761e+05
1.733e-01 1.680e+05
2.493e-01 1.645e+05
3.670e-01 1.621e+05
1.278e-01 1.756e+05
3.221e-01 1.646e+05
8.372e-02 1.743e+05
1.145e-01 1.763e+05
1.753e-01 1.701e+05
1.267e-01 1.672e+05
1.893e-05 3.359e+04
1.942e-01 1.661e+05
1.146e-06 3.210e+04
9.689e-07 2.579e+04
1.233e-01 1.755e+05
5.001e-06 5.008e+04
1.589e-01 1.706e+05
4.006e-01 1.513e+05
1.990e-01 1.616e+05
1.488e-01 1.758e+05
2.322e-01 1.685e+05
1.856e-01 1.694e+05
1.848e-01 1.658e+05
1.339e-01 1.686e+05
2.515e-01 1.630e+05
7.068e-06 2.361e+04
2.657e-01 1.677e+05
1.828e-01 1.726e+05
1.599e-06 7.296e+03
9.320e-02 1.772e+05
1.399e-01 1.726e+05
1.329e-01 1.759e+05
1.516e-01 1.709e+05
1.036e-05 1.387e+04
1.454e-01 1.726e+05
1.262e-01 1.746e+05
1.359e-01 1.733e+05
1.907e-07 2.510e+04
1.243e-01 1.726e+05
1.710e-01 1.704e+05
1.500e-01 1.686e+05
1.195e-01 1.687e+05
2.289e-01 1.680e+05
1.781e-01 1.719e+05
9.516e-02 1.776e+05
7.056e-06 1.900e+04
1.927e-01 1.686e+05
3.889e-01 1.658e+05
9.724e-02 1.774e+05
2.033e-01 1.697e+05
2.308e-01 1.688e+05
2.471e-01 1.547e+05
1.033e-01 1.755e+05
1.646e-01 1.722e+05
1.820e-01 1.650e+05
3.912e-06 3.088e+04
1.568e-01 1.688e+05
2.088e-01 1.688e+05
1.111e-01 1.763e+05
1.385e-05 2.575e+03
9.116e-06 2.864e+04
5.444e-06 4.896e+04
8.113e-02 1.772e+05
2.374e-01 1.669e+05
2.078e-01 1.737e+05
3.496e-01 1.701e+05
2.958e-01 1.632e+05
2.031e-01 1.726e+05
1.575e-01 1.707e+05
5.979e-01 1.507e+05
1.991e-01 1.724e+05
9.245e-02 1.762e+05
1.437e-01 1.716e+05
1.089e-01 1.743e+05
1.128e-01 1.712e+05
3.703e-01 1.371e+05
2.530e-01 1.646e+05
1.494e-01 1.703e+05
1.830e-01 1.651e+05
4.098e-01 1.356e+05
9.018e-02 1.769e+05
1.038e-05 1.838e+04
3.413e-01 1.649e+05
2.425e-01 1.725e+05
1.540e-01 1.707e+05
1.683e-01 1.703e+05
2.637e-01 1.607e+05
1.517e-01 1.719e+05
1.306e-01 1.733e+05
1.391e-07 2.484e+04
1.480e-01 1.725e+05
9.712e-02 1.762e+05
1.227e-01 1.754e+05
2.188e-01 1.674e+05
3.689e-07 4.667e+04
1.997e-01 1.707e+05
1.242e-05 9.878e+03
1.732e-01 1.697e+05
2.130e-01 1.684e+05
2.251e-01 1.681e+05
2.074e-01 1.669e+05
1.606e-01 1.707e+05
2.592e-01 1.704e+05
1.361e-01 1.754e+05
1.329e-01 1.734e+05
7.973e-02 1.760e+05
1.783e-01 1.681e+05
1.465e-01 1.729e+05
1.777e-01 1.710e+05
4.607e-01 1.641e+05
4.725e-01 1.214e+05
2.363e-01 1.646e+05
1.329e-01 1.725e+05
1.273e-01 1.733e+05
1.066e-06 1.482e+04
1.335e-01 1.734e+05
1.589e-01 1.727e+05
2.319e-01 1.711e+05
1.479e-01 1.665e+05
1.582e-06 2.115e+04
7.917e-06 9.252e+03
1.250e-01 1.747e+05
2.430e-01 1.661e+05
3.001e-01 1.693e+05
2.445e-01 1.682e+05
2.872e-06 6.198e+04
1.500e-01 1.700e+05
1.138e-05 2.059e+03
1.653e-01 1.708e+05
1.779e-01 1.696e+05
1.605e-01 1.713e+05
9.815e-06 5.450e+04
2.981e-01 1.629e+05
1.955e-01 1.709e+05
1.551e-01 1.716e+05
2.007e-01 1.712e+05
2.437e-01 1.642e+05
1.100e-01 1.708e+05
2.046e-01 1.696e+05
1.139e-01 1.747e+05
2.069e-01 1.696e+05
1.605e-01 1.664e+05
9.229e-07 1.888e+04
2.963e-01 1.610e+05
3.139e-01 1.642e+05
1.414e-01 1.712e+05
5.740e-01 1.683e+05
1.096e-01 1.740e+05
2.052e-06 2.866e+04
1.700e-01 1.698e+05
2.121e-01 1.690e+05
1.215e-01 1.755e+05
1.224e-01 1.727e+05
3.213e-01 1.645e+05
2.187e-01 1.692e+05
2.670e-01 1.625e+05
2.901e-06 6.019e+04
1.291e-01 1.720e+05
1.328e-06 2.997e+04
9.794e-07 1.164e+04
1.923e-01 1.733e+05
1.982e-01 1.681e+05
1.308e-01 1.728e+05
9.543e-07 1.100e+04
8.249e-06 4.922e+04
1.606e-01 1.668e+05
1.715e-01 1.651e+05
3.836e-01 1.512e+05
2.579e-01 1.667e+05
9.330e-02 1.782e+05
2.828e-06 2.880e+04
2.154e-01 1.697e+05
1.354e-05 2.649e+04
1.920e-01 1.692e+05
1.330e-01 1.735e+05
1.795e-01 1.708e+05
2.427e-01 1.614e+05
2.215e-06 2.846e+04
2.585e-01 1.713e+05
1.195e-01 1.751e+05
1.173e-01 1.725e+05
2.975e-01 1.661e+05
2.489e-01 1.691e+05
1.738e-01 1.672e+05
4.974e-01 1.289e+05
1.559e-01 1.707e+05
1.038e-01 1.780e+05
1.556e-01 1.699e+05
2.067e-01 1.699e+05
4.984e-01 1.625e+05
2.512e-01 1.720e+05
1.824e-01 1.714e+05
9.369e-02 1.757e+05
2.451e-01 1.644e+05
2.456e-01 1.668e+05
9.605e-06 4.482e+03
1.192e-01 1.731e+05
1.236e-01 1.730e+05
2.441e-01 1.686e+05
1.436e-01 1.695e+05
1.614e-01 1.710e+05
1.425e-01 1.722e+05
1.898e-01 1.739e+05
1.700e-01 1.709e+05
1.174e-06 1.987e+04
3.748e-01 1.675e+05
2.245e-01 1.638e+05
2.471e-01 1.651e+05
2.195e-01 1.711e+05
1.828e-01 1.697e+05
1.250e-01 1.724e+05
1.882e-01 1.704e+05
1.342e-01 1.722e+05
1.683e-01 1.698e+05
3.444e-01 1.629e+05
1.218e-05 5.933e+04
1.463e-01 1.693e+05
3.932e-01 1.608e+05
1.337e-01 1.728e+05
2.740e-01 1.687e+05
2.564e-01 1.698e+05
8.527e-02 1.679e+05
1.617e-01 1.672e+05
1.243e-01 1.673e+05
1.318e-01 1.703e+05
1.466e-06 1.693e+04
1.274e-01 1.702e+05
9.846e-06 1.410e+04
1.207e-01 1.739e+05
2.061e-01 1.686e+05
1.494e-01 1.711e+05
1.087e-01 1.678e+05
2.037e-01 1.724e+05
1.986e-08 5.344e+03
1.031e-01 1.755e+05
9.641e-02 1.769e+05
1.244e-01 1.683e+05
6.561e-02 1.718e+05
4.592e-01 1.405e+05
1.741e-01 1.670e+05
4.914e-01 1.678e+05
3.157e-01 1.607e+05
1.855e-01 1.649e+05
2.178e-01 1.679e+05
1.586e-01 1.680e+05
2.167e-01 1.649e+05
3.162e-01 1.658e+05
1.442e-01 1.668e+05
1.722e-01 1.696e+05
2.378e-01 1.696e+05
2.032e-01 1.685e+05
1.503e-01 1.720e+05
9.911e-02 1.663e+05
4.845e-01 1.623e+05
2.344e-01 1.675e+05
1.612e-01 1.701e+05
9.578e-02 1.754e+05
1.467e-01 1.717e+05
1.484e-01 1.733e+05
5.993e-06 2.387e+04
1.168e-01 1.736e+05
1.204e-01 1.675e+05
1.747e-01 1.721e+05
1.427e-01 1.741e+05
1.970e-01 1.692e+05
2.893e-01 1.629e+05
1.293e-01 1.726e+05
1.826e-01 1.696e+05
1.414e-01 1.712e+05
1.288e-01 1.737e+05
1.175e-05 1.265e+04
1.402e-01 1.721e+05
2.111e-01 1.733e+05
1.191e-01 1.732e+05
1.091e-01 1.754e+05
1.624e-01 1.703e+05
5.191e-06 1.018e+04
8.740e-02 1.748e+05
1.641e-01 1.730e+05
1.532e-01 1.696e+05
1.740e-01 1.731e+05
1.782e-01 1.692e+05
1.372e-01 1.719e+05
1.681e-01 1.741e+05
1.400e-01 1.729e+05
2.201e-01 1.665e+05
1.972e-01 1.729e+05
1.222e-01 1.687e+05
1.038e-01 1.766e+05
1.289e-01 1.699e+05
2.286e-01 1.710e+05
2.937e-01 1.664e+05
5.067e-01 1.315e+05
4.903e-01 1.229e+05
2.584e-01 1.624e+05
5.086e-02 1.710e+05
1.797e-01 1.708e+05
1.691e-01 1.708e+05
1.656e-01 1.702e+05
4.480e-01 1.514e+05
2.478e-06 9.010e+04
1.865e-01 1.692e+05
8.120e-07 1.100e+04
5.910e-01 1.216e+05
1.430e-01 1.695e+05
3.203e-01 1.627e+05
1.394e-01 1.711e+05
1.203e-01 1.630e+05
8.516e-06 2.827e+03
9.881e-02 1.779e+05
3.372e-01 1.619e+05
3.790e-01 1.615e+05
1.666e-01 1.698e+05
1.102e-05 5.895e+04
1.550e-01 1.704e+05
1.058e-01 1.754e+05
2.205e-01 1.716e+05
1.262e-01 1.750e+05
4.582e-01 1.450e+05
2.218e-01 1.669e+05
9.839e-02 1.754e+05
1.251e-06 1.498e+04
1.343e-01 1.720e+05
5.441e-06 7.025e+04
1.618e-01 1.697e+05
1.401e-01 1.725e+05
1.620e-01 1.706e+05
3.350e-01 1.665e+05
1.090e-01 1.744e+05
2.553e-01 1.696e+05
4.000e-01 1.365e+05
2.132e-01 1.683e+05
2.123e-01 1.715e+05
1.361e-01 1.711e+05
1.787e-01 1.710e+05
1.585e-01 1.691e+05
1.768e-01 1.706e+05
1.725e-01 1.702e+05
8.262e-02 1.713e+05
9.031e-02 1.794e+05
1.636e-01 1.643e+05
1.221e-06 4.518e+04
1.899e-01 1.657e+05
4.744e-01 1.647e+05
1.758e-01 1.690e+05
1.343e-01 1.727e+05
3.671e-06 2.587e+04
1.537e-01 1.739e+05
1.268e-01 1.732e+05
1.301e-01 1.733e+05
9.393e-02 1.776e+05
1.863e-01 1.701e+05
2.451e-01 1.674e+05
9.947e-02 1.756e+05
1.690e-01 1.699e+05
1.174e-01 1.742e+05
1.636e-01 1.707e+05
5.481e-01 1.631e+05
1.702e-01 1.705e+05
1.331e-01 1.726e+05
2.524e-01 1.704e+05
9.077e-02 1.705e+05
2.338e-01 1.691e+05
1.435e-01 1.710e+05
1.387e-01 1.640e+05
3.474e-06 2.006e+04
3.142e-06 1.082e+04
2.411e-01 1.675e+05
9.784e-02 1.756e+05
1.213e-01 1.732e+05
2.430e-01 1.674e+05
1.529e-01 1.723e+05
5.596e-08 3.037e+04
1.603e-01 1.699e+05
2.656e-01 1.654e+05
1.244e-01 1.718e+05
2.639e-01 1.660e+05
1.358e-01 1.717e+05
9.233e-02 1.772e+05
4.812e-06 2.640e+04
1.380e-01 1.673e+05
1.319e-01 1.729e+05
1.366e-01 1.679e+05
1.014e-05 4.169e+04
2.095e-01 1.721e+05
1.334e-01 1.739e+05
1.461e-01 1.714e+05
1.518e-01 1.657e+05
9.960e-02 1.769e+05
1.153e-01 1.743e+05
2.506e-06 1.130e+05
1.647e-01 1.699e+05
1.602e-01 1.723e+05
1.720e-01 1.711e+05
2.946e-01 1.707e+05
1.057e-01 1.769e+05
1.100e-01 1.734e+05
1.405e-01 1.704e+05
1.033e-01 1.760e+05
9.453e-02 1.764e+05
1.383e-01 1.715e+05
2.249e-01 1.719e+05
7.069e-02 1.656e+05
1.719e-01 1.640e+05
1.654e-01 1.693e+05
2.098e-01 1.695e+05
1.580e-01 1.709e+05
1.819e-01 1.696e+05
1.090e-01 1.724e+05
2.330e-01 1.654e+05
1.638e-01 1.674e+05
1.690e-01 1.696e+05
1.281e-01 1.734e+05
7.392e-06 4.009e+04
1.857e-01 1.702e+05
1.310e-01 1.764e+05
1.002e-05 3.771e+04
1.793e-01 1.693e+05
8.470e-06 1.626e+04
3.617e-01 1.697e+05
8.773e-02 1.781e+05
1.642e-01 1.683e+05
1.428e-01 1.704e+05
5.902e-01 1.557e+05
1.343e-01 1.756e+05
8.157e-07 1.963e+04
1.605e-01 1.729e+05
2.725e-01 1.639e+05
1.439e-01 1.714e+05
2.728e-01 1.617e+05
1.868e-01 1.670e+05
1.451e-01 1.664e+05
1.802e-01 1.719e+05
1.546e-01 1.728e+05
1.352e-01 1.719e+05
1.661e-01 1.674e+05
6.579e-06 3.452e+04
2.093e-01 1.635e+05
1.101e-01 1.693e+05
3.578e-01 1.629e+05
2.623e-01 1.512e+05
1.738e-01 1.698e+05
4.268e-01 1.616e+05
1.340e-01 1.727e+05
5.294e-01 1.600e+05
2.704e-06 4.138e+04
1.438e-01 1.736e+05
1.736e-01 1.700e+05
1.408e-01 1.742e+05
2.302e-01 1.726e+05
1.298e-01 1.737e+05
1.441e-01 1.737e+05
2.665e-06 8.808e+03
2.155e-01 1.669e+05
3.718e-01 1.662e+05
5.203e-01 1.429e+05
6.474e-06 3.292e+04
1.688e-06 5.213e+04
1.581e-01 1.708e+05
1.327e-01 1.752e+05
1.345e-01 1.704e+05
2.197e-01 1.641e+05
1.661e-01 1.664e+05
1.411e-01 1.713e+05
1.887e-01 1.694e+05
1.407e-01 1.726e+05
1.562e-01 1.709e+05
1.606e-06 2.753e+03
8.029e-02 1.787e+05
1.852e-01 1.666e+05
1.065e-01 1.746e+05
1.237e-01 1.692e+05
1.164e-01 1.739e+05
3.045e-06 1.064e+04
1.726e-01 1.703e+05
9.090e-06 5.779e+03
1.151e-01 1.759e+05
1.217e-01 1.751e+05
1.050e-01 1.769e+05
2.371e-01 1.660e+05
7.353e-06 6.841e+04
1.396e-01 1.727e+05
2.581e-01 1.635e+05
1.241e-01 1.767e+05
2.146e-01 1.698e+05
1.898e-01 1.690e+05
2.033e-01 1.694e+05
2.272e-01 1.624e+05
1.739e-01 1.700e+05
1.370e-01 1.711e+05
1.621e-01 1.715e+05
6.367e-06 1.158e+04
5.485e-07 9.212e+03
4.405e-01 1.610e+05
1.304e-01 1.720e+05
1.028e-01 1.768e+05
3.115e-01 1.653e+05
9.401e-02 1.762e+05
1.137e-01 1.738e+05
1.514e-01 1.714e+05
1.953e-01 1.693e+05
5.955e-01 1.315e+05
1.495e-01 1.707e+05
1.472e-01 1.696e+05
3.469e-01 1.673e+05
2.586e-01 1.554e+05
5.971e-01 1.668e+05
1.228e-01 1.749e+05
6.308e-06 5.510e+04
1.407e-01 1.742e+05
2.960e-06 2.544e+04
1.918e-01 1.691e+05
1.329e-01 1.719e+05
2.296e-01 1.710e+05
2.817e-01 1.650e+05
1.763e-06 1.158e+04
1.564e-01 1.709e+05
1.482e-01 1.727e+05
2.417e-01 1.663e+05
1.500e-01 1.718e+05
1.383e-01 1.718e+05
1.640e-07 1.638e+04
1.530e-01 1.712e+05
1.853e-01 1.697e+05
1.545e-01 1.654e+05
3.581e-01 1.705e+05
9.646e-06 1.860e+02
1.385e-01 1.697e+05
1.900e-01 1.653e+05
2.428e-01 1.709e+05
1.696e-01 1.706e+05
2.049e-01 1.684e+05
1.773e-01 1.673e+05
1.320e-01 1.727e+05
1.278e-05 4.503e+04
2.541e-01 1.660e+05
1.126e-01 1.769e+05
1.966e-01 1.654e+05
5.227e-06 1.353e+04
1.329e-01 1.673e+05
3.856e-01 1.622e+05
5.769e-06 2.894e+04
2.174e-01 1.679e+05
1.888e-01 1.657e+05
1.261e-01 1.723e+05
8.632e-02 1.780e+05
1.066e-01 1.700e+05
1.036e-01 1.763e+05
1.440e-01 1.715e+05
2.288e-01 1.682e+05
3.155e-01 1.501e+05
6.043e-06 3.708e+04
9.701e-06 6.293e+03
1.710e-01 1.703e+05
1.545e-01 1.707e+05
1.446e-01 1.723e+05
1.485e-01 1.723e+05
3.159e-01 1.650e+05
2.788e-01 1.663e+05
1.824e-01 1.658e+05
2.289e-01 1.684e+05
4.817e-01 1.673e+05
1.233e-01 1.733e+05
1.760e-01 1.707e+05
1.990e-01 1.694e+05
1.371e-01 1.731e+05
2.149e-01 1.703e+05
1.063e-01 1.718e+05
1.139e-01 1.678e+05
2.621e-07 1.307e+04
9.909e-02 1.759e+05
2.054e-01 1.738e+05
3.442e-01 1.662e+05
1.460e-01 1.721e+05
2.495e-01 1.677e+05
1.538e-01 1.733e+05
7.211e-06 1.525e+04
9.012e-02 1.773e+05
2.116e-01 1.690e+05
1.496e-01 1.664e+05
1.553e-01 1.739e+05
1.360e-01 1.722e+05
2.485e-01 1.639e+05
1.535e-01 1.678e+05
1.748e-01 1.708e+05
1.042e-01 1.765e+05
2.879e-01 1.647e+05
1.590e-01 1.694e+05
1.677e-01 1.726e+05
1.667e-01 1.703e+05
1.304e-01 1.717e+05
1.216e-01 1.738e+05
2.184e-01 1.685e+05
1.589e-01 1.703e+05
1.935e-01 1.707e+05
9.042e-02 1.782e+05
1.858e-01 1.659e+05
5.471e-01 1.684e+05
2.271e-01 1.669e+05
2.721e-01 1.688e+05
1.205e-01 1.746e+05
1.933e-01 1.694e+05
1.559e-01 1.712e+05
1.169e-01 1.755e+05
8.755e-02 1.768e+05
1.679e-01 1.702e+05
