9.274e-02 6.183e+04
9.523e-02 6.189e+04
5.912e-02 1.698e+05
5.911e-02 1.735e+05
8.982e-02 6.726e+04
7.356e-02 1.082e+05
8.877e-02 7.560e+04
5.954e-02 1.657e+05
6.097e-02 1.557e+05
5.676e-02 1.855e+05
5.793e-02 1.769e+05
5.792e-02 1.794e+05
5.712e-02 1.843e+05
5.895e-02 1.674e+05
6.071e-02 1.612e+05
5.762e-02 1.785e+05
9.169e-02 6.576e+04
7.552e-02 9.663e+04
5.856e-02 1.728e+05
5.817e-02 1.718e+05
5.778e-02 1.778e+05
9.252e-02 6.184e+04
7.225e-02 1.138e+05
5.913e-02 1.662e+05
9.340e-02 6.497e+04
7.921e-02 9.261e+04
8.806e-02 6.499e+04
5.797e-02 1.793e+05
5.852e-02 1.731e+05
5.871e-02 1.727e+05
6.202e-02 1.502e+05
5.759e-02 1.806e+05
6.003e-02 1.640e+05
5.872e-02 1.751e+05
5.732e-02 1.791e+05
6.061e-02 1.586e+05
5.802e-02 1.787e+05
6.105e-02 1.631e+05
6.308e-02 1.514e+05
6.023e-02 1.682e+05
6.604e-02 1.247e+05
5.803e-02 1.774e+05
8.848e-02 7.234e+04
5.737e-02 1.829e+05
5.994e-02 1.643e+05
6.964e-02 1.223e+05
6.461e-02 1.358e+05
5.838e-02 1.737e+05
6.976e-02 1.201e+05
6.331e-02 1.408e+05
7.456e-02 1.083e+05
5.796e-02 1.774e+05
8.529e-02 7.211e+04
6.105e-02 1.635e+05
7.737e-02 1.014e+05
5.852e-02 1.721e+05
8.224e-02 8.125e+04
7.975e-02 9.135e+04
7.369e-02 1.028e+05
5.825e-02 1.788e+05
5.967e-02 1.670e+05
5.702e-02 1.850e+05
5.736e-02 1.798e+05
6.005e-02 1.668e+05
5.821e-02 1.753e+05
8.758e-02 7.594e+04
6.690e-02 1.339e+05
6.440e-02 1.366e+05
6.059e-02 1.583e+05
9.362e-02 6.502e+04
6.347e-02 1.442e+05
7.620e-02 9.832e+04
5.824e-02 1.762e+05
5.876e-02 1.727e+05
5.949e-02 1.702e+05
9.487e-02 6.505e+04
6.015e-02 1.634e+05
9.451e-02 6.177e+04
9.475e-02 6.168e+04
5.967e-02 1.698e+05
7.889e-02 8.662e+04
5.817e-02 1.709e+05
7.943e-02 8.456e+04
9.086e-02 6.280e+04
5.648e-02 1.880e+05
5.806e-02 1.770e+05
9.489e-02 6.061e+04
5.827e-02 1.726e+05
5.795e-02 1.737e+05
6.640e-02 1.315e+05
7.828e-02 8.960e+04
9.383e-02 6.281e+04
5.772e-02 1.771e+05
8.454e-02 7.868e+04
5.695e-02 1.838e+05
6.027e-02 1.649e+05
8.529e-02 8.187e+04
5.777e-02 1.779e+05
6.740e-02 1.312e+05
6.386e-02 1.477e+05
7.091e-02 1.178e+05
5.895e-02 1.712e+05
6.072e-02 1.620e+05
5.810e-02 1.801e+05
5.914e-02 1.691e+05
5.985e-02 1.707e+05
5.884e-02 1.750e+05
7.640e-02 1.058e+05
5.826e-02 1.779e+05
6.515e-02 1.342e+05
6.014e-02 1.636e+05
6.395e-02 1.359e+05
5.848e-02 1.709e+05
5.723e-02 1.819e+05
5.751e-02 1.827e+05
9.091e-02 6.307e+04
5.836e-02 1.783e+05
7.663e-02 1.032e+05
6.003e-02 1.618e+05
9.581e-02 6.465e+04
7.941e-02 9.564e+04
6.278e-02 1.408e+05
5.777e-02 1.784e+05
6.595e-02 1.270e+05
6.389e-02 1.433e+05
9.339e-02 6.231e+04
6.410e-02 1.456e+05
6.522e-02 1.393e+05
8.847e-02 6.653e+04
5.884e-02 1.708e+05
7.485e-02 9.911e+04
5.866e-02 1.732e+05
6.538e-02 1.302e+05
5.920e-02 1.705e+05
5.869e-02 1.718e+05
5.853e-02 1.717e+05
5.814e-02 1.771e+05
7.184e-02 1.168e+05
8.975e-02 6.633e+04
6.099e-02 1.599e+05
7.556e-02 9.791e+04
5.774e-02 1.816e+05
5.773e-02 1.795e+05
6.046e-02 1.594e+05
9.153e-02 6.479e+04
8.675e-02 7.478e+04
5.805e-02 1.754e+05
5.932e-02 1.678e+05
6.883e-02 1.211e+05
8.645e-02 7.384e+04
5.712e-02 1.834e+05
5.759e-02 1.779e+05
5.714e-02 1.832e+05
6.985e-02 1.202e+05
9.510e-02 5.957e+04
5.728e-02 1.842e+05
9.284e-02 6.540e+04
5.894e-02 1.711e+05
6.528e-02 1.370e+05
5.975e-02 1.657e+05
7.726e-02 9.255e+04
7.889e-02 9.398e+04
5.917e-02 1.704e+05
9.791e-02 5.983e+04
5.679e-02 1.853e+05
5.831e-02 1.750e+05
5.984e-02 1.667e+05
8.970e-02 6.026e+04
7.152e-02 1.143e+05
6.429e-02 1.420e+05
6.524e-02 1.382e+05
5.819e-02 1.791e+05
5.825e-02 1.770e+05
9.578e-02 6.563e+04
6.383e-02 1.349e+05
9.451e-02 6.208e+04
6.911e-02 1.162e+05
9.649e-02 6.226e+04
7.946e-02 8.767e+04
5.713e-02 1.827e+05
8.553e-02 7.181e+04
5.722e-02 1.800e+05
9.472e-02 6.509e+04
9.613e-02 6.086e+04
9.483e-02 6.077e+04
5.655e-02 1.875e+05
5.945e-02 1.686e+05
5.868e-02 1.693e+05
6.413e-02 1.437e+05
5.881e-02 1.725e+05
5.869e-02 1.749e+05
5.965e-02 1.667e+05
6.507e-02 1.397e+05
6.579e-02 1.305e+05
9.207e-02 6.242e+04
6.195e-02 1.543e+05
5.795e-02 1.770e+05
9.626e-02 6.253e+04
5.833e-02 1.754e+05
5.759e-02 1.808e+05
6.338e-02 1.514e+05
9.330e-02 6.419e+04
5.874e-02 1.743e+05
5.911e-02 1.702e+05
9.721e-02 5.946e+04
5.887e-02 1.720e+05
8.511e-02 7.952e+04
7.040e-02 1.176e+05
6.998e-02 1.146e+05
5.900e-02 1.711e+05
8.110e-02 8.412e+04
8.913e-02 7.233e+04
5.931e-02 1.682e+05
5.804e-02 1.765e+05
5.875e-02 1.743e+05
9.584e-02 6.183e+04
8.497e-02 7.598e+04
5.765e-02 1.822e+05
9.672e-02 6.111e+04
5.824e-02 1.789e+05
5.862e-02 1.721e+05
9.357e-02 6.398e+04
7.009e-02 1.184e+05
7.658e-02 1.046e+05
6.003e-02 1.617e+05
6.622e-02 1.305e+05
9.105e-02 6.510e+04
5.799e-02 1.724e+05
9.412e-02 6.348e+04
8.546e-02 7.729e+04
5.803e-02 1.735e+05
8.967e-02 7.025e+04
9.610e-02 6.159e+04
8.316e-02 8.413e+04
8.643e-02 7.816e+04
5.720e-02 1.809e+05
5.716e-02 1.825e+05
5.953e-02 1.680e+05
5.658e-02 1.866e+05
7.003e-02 1.162e+05
5.784e-02 1.787e+05
5.675e-02 1.846e+05
5.909e-02 1.687e+05
5.738e-02 1.805e+05
6.555e-02 1.354e+05
6.275e-02 1.494e+05
9.642e-02 6.334e+04
5.911e-02 1.661e+05
5.837e-02 1.746e+05
5.688e-02 1.828e+05
6.938e-02 1.254e+05
5.836e-02 1.772e+05
5.801e-02 1.786e+05
5.755e-02 1.796e+05
6.613e-02 1.399e+05
5.821e-02 1.782e+05
6.398e-02 1.491e+05
5.793e-02 1.775e+05
5.793e-02 1.787e+05
5.813e-02 1.739e+05
5.826e-02 1.722e+05
5.739e-02 1.799e+05
6.538e-02 1.405e+05
7.031e-02 1.192e+05
5.830e-02 1.702e+05
7.102e-02 1.186e+05
9.900e-02 5.912e+04
6.010e-02 1.629e+05
7.475e-02 1.051e+05
8.498e-02 7.721e+04
9.533e-02 6.423e+04
5.741e-02 1.837e+05
5.774e-02 1.776e+05
5.833e-02 1.752e+05
7.376e-02 1.067e+05
6.598e-02 1.284e+05
6.192e-02 1.562e+05
8.999e-02 6.989e+04
5.842e-02 1.697e+05
6.376e-02 1.482e+05
6.978e-02 1.185e+05
6.845e-02 1.226e+05
7.702e-02 9.988e+04
5.896e-02 1.703e+05
7.081e-02 1.151e+05
7.414e-02 1.038e+05
9.634e-02 6.071e+04
5.917e-02 1.706e+05
5.923e-02 1.716e+05
5.899e-02 1.708e+05
6.050e-02 1.613e+05
7.090e-02 1.083e+05
5.898e-02 1.736e+05
6.917e-02 1.260e+05
5.759e-02 1.811e+05
5.978e-02 1.671e+05
5.855e-02 1.747e+05
8.920e-02 7.174e+04
9.307e-02 6.318e+04
5.852e-02 1.737e+05
7.484e-02 1.004e+05
9.558e-02 6.181e+04
7.363e-02 1.069e+05
6.066e-02 1.612e+05
7.902e-02 9.248e+04
8.461e-02 8.230e+04
8.745e-02 7.048e+04
6.771e-02 1.286e+05
6.772e-02 1.189e+05
9.842e-02 5.877e+04
9.549e-02 6.176e+04
5.761e-02 1.804e+05
5.861e-02 1.754e+05
5.766e-02 1.808e+05
5.898e-02 1.709e+05
6.137e-02 1.521e+05
9.468e-02 6.050e+04
9.439e-02 6.024e+04
5.961e-02 1.695e+05
8.716e-02 7.650e+04
5.821e-02 1.791e+05
6.210e-02 1.468e+05
5.922e-02 1.721e+05
5.831e-02 1.768e+05
6.269e-02 1.439e+05
9.600e-02 6.173e+04
5.773e-02 1.792e+05
6.284e-02 1.418e+05
7.886e-02 8.884e+04
7.544e-02 1.027e+05
8.996e-02 6.751e+04
5.870e-02 1.747e+05
6.653e-02 1.283e+05
8.982e-02 7.127e+04
5.734e-02 1.783e+05
5.825e-02 1.770e+05
9.460e-02 6.144e+04
7.372e-02 1.063e+05
6.604e-02 1.393e+05
6.807e-02 1.257e+05
5.676e-02 1.840e+05
5.655e-02 1.863e+05
9.666e-02 5.968e+04
6.240e-02 1.472e+05
8.404e-02 8.271e+04
6.806e-02 1.259e+05
5.797e-02 1.743e+05
5.824e-02 1.745e+05
9.464e-02 6.187e+04
9.232e-02 6.308e+04
6.300e-02 1.532e+05
6.582e-02 1.294e+05
9.835e-02 5.791e+04
9.544e-02 6.254e+04
9.169e-02 6.143e+04
5.880e-02 1.715e+05
5.834e-02 1.756e+05
5.739e-02 1.845e+05
6.391e-02 1.467e+05
5.850e-02 1.742e+05
7.445e-02 9.619e+04
6.609e-02 1.342e+05
8.379e-02 8.515e+04
8.205e-02 9.140e+04
6.344e-02 1.469e+05
8.059e-02 8.965e+04
5.771e-02 1.762e+05
6.643e-02 1.322e+05
6.999e-02 1.170e+05
8.204e-02 8.658e+04
7.753e-02 9.490e+04
5.880e-02 1.741e+05
6.666e-02 1.334e+05
5.962e-02 1.679e+05
5.923e-02 1.730e+05
5.888e-02 1.721e+05
6.838e-02 1.295e+05
8.277e-02 7.746e+04
7.945e-02 9.463e+04
9.698e-02 6.223e+04
5.816e-02 1.753e+05
5.856e-02 1.749e+05
6.521e-02 1.380e+05
5.997e-02 1.688e+05
5.796e-02 1.791e+05
7.283e-02 1.048e+05
8.879e-02 7.076e+04
8.518e-02 7.628e+04
9.401e-02 6.155e+04
6.151e-02 1.594e+05
7.955e-02 8.499e+04
5.799e-02 1.770e+05
9.178e-02 6.488e+04
6.059e-02 1.621e+05
7.772e-02 9.363e+04
6.505e-02 1.324e+05
5.730e-02 1.846e+05
5.943e-02 1.723e+05
6.641e-02 1.287e+05
9.597e-02 6.519e+04
5.777e-02 1.800e+05
7.108e-02 1.131e+05
5.668e-02 1.863e+05
5.812e-02 1.727e+05
5.787e-02 1.813e+05
6.582e-02 1.342e+05
9.125e-02 6.362e+04
5.726e-02 1.796e+05
5.751e-02 1.790e+05
7.387e-02 1.015e+05
6.566e-02 1.421e+05
6.834e-02 1.225e+05
5.682e-02 1.834e+05
6.370e-02 1.399e+05
5.719e-02 1.817e+05
8.921e-02 7.293e+04
5.905e-02 1.698e+05
9.480e-02 6.026e+04
6.011e-02 1.659e+05
5.881e-02 1.747e+05
5.706e-02 1.810e+05
6.521e-02 1.410e+05
5.870e-02 1.753e+05
5.666e-02 1.866e+05
7.347e-02 1.010e+05
6.046e-02 1.660e+05
6.133e-02 1.626e+05
8.278e-02 8.318e+04
5.818e-02 1.797e+05
7.999e-02 8.269e+04
5.668e-02 1.869e+05
5.837e-02 1.775e+05
8.387e-02 8.237e+04
9.246e-02 6.514e+04
6.352e-02 1.380e+05
8.340e-02 8.538e+04
8.101e-02 8.557e+04
9.076e-02 6.981e+04
6.871e-02 1.181e+05
5.856e-02 1.729e+05
6.249e-02 1.567e+05
9.240e-02 6.440e+04
5.949e-02 1.644e+05
6.374e-02 1.448e+05
6.175e-02 1.532e+05
5.705e-02 1.810e+05
5.971e-02 1.662e+05
5.663e-02 1.864e+05
5.950e-02 1.679e+05
9.432e-02 6.437e+04
8.391e-02 7.869e+04
5.750e-02 1.793e+05
5.923e-02 1.682e+05
7.336e-02 1.133e+05
5.734e-02 1.797e+05
5.696e-02 1.857e+05
9.324e-02 6.505e+04
6.472e-02 1.428e+05
6.172e-02 1.552e+05
9.753e-02 6.022e+04
9.060e-02 7.306e+04
6.469e-02 1.395e+05
5.971e-02 1.673e+05
7.603e-02 1.029e+05
5.738e-02 1.789e+05
5.757e-02 1.773e+05
6.586e-02 1.392e+05
5.923e-02 1.674e+05
9.721e-02 6.236e+04
9.239e-02 6.272e+04
9.831e-02 6.097e+04
6.286e-02 1.515e+05
5.786e-02 1.797e+05
5.786e-02 1.800e+05
9.021e-02 7.188e+04
9.587e-02 6.369e+04
5.982e-02 1.648e+05
6.218e-02 1.535e+05
5.966e-02 1.673e+05
7.914e-02 8.615e+04
6.739e-02 1.272e+05
8.957e-02 6.783e+04
6.146e-02 1.539e+05
9.476e-02 6.451e+04
9.463e-02 6.140e+04
5.852e-02 1.740e+05
5.782e-02 1.808e+05
9.802e-02 6.113e+04
5.831e-02 1.745e+05
9.270e-02 6.467e+04
6.035e-02 1.644e+05
8.625e-02 7.501e+04
9.362e-02 6.213e+04
9.524e-02 6.220e+04
6.503e-02 1.409e+05
7.358e-02 1.055e+05
9.512e-02 6.051e+04
5.883e-02 1.702e+05
5.817e-02 1.783e+05
5.670e-02 1.860e+05
6.640e-02 1.341e+05
5.810e-02 1.740e+05
5.919e-02 1.668e+05
5.815e-02 1.761e+05
5.801e-02 1.771e+05
9.096e-02 7.363e+04
5.910e-02 1.727e+05
6.094e-02 1.594e+05
9.890e-02 6.226e+04
7.332e-02 1.061e+05
5.780e-02 1.745e+05
8.512e-02 7.760e+04
5.725e-02 1.812e+05
9.374e-02 6.840e+04
5.674e-02 1.878e+05
8.320e-02 8.805e+04
6.068e-02 1.638e+05
5.868e-02 1.708e+05
6.650e-02 1.312e+05
9.939e-02 6.076e+04
5.831e-02 1.761e+05
9.530e-02 6.750e+04
6.332e-02 1.521e+05
6.675e-02 1.277e+05
6.675e-02 1.302e+05
9.272e-02 6.419e+04
7.284e-02 1.145e+05
5.686e-02 1.872e+05
6.625e-02 1.329e+05
7.008e-02 1.174e+05
5.834e-02 1.741e+05
5.811e-02 1.780e+05
6.760e-02 1.338e+05
5.886e-02 1.739e+05
8.167e-02 8.371e+04
8.194e-02 8.203e+04
8.644e-02 7.359e+04
5.867e-02 1.734e+05
5.865e-02 1.721e+05
6.674e-02 1.238e+05
6.043e-02 1.590e+05
9.297e-02 6.539e+04
5.815e-02 1.764e+05
6.843e-02 1.182e+05
6.509e-02 1.352e+05
9.020e-02 7.207e+04
5.766e-02 1.790e+05
7.629e-02 1.050e+05
7.040e-02 1.156e+05
9.562e-02 6.123e+04
9.092e-02 7.144e+04
6.219e-02 1.548e+05
5.764e-02 1.765e+05
8.216e-02 8.245e+04
6.223e-02 1.514e+05
9.450e-02 6.206e+04
5.907e-02 1.692e+05
9.522e-02 6.093e+04
9.353e-02 5.922e+04
5.750e-02 1.781e+05
9.475e-02 6.157e+04
8.236e-02 7.838e+04
5.825e-02 1.771e+05
9.677e-02 5.892e+04
9.251e-02 6.523e+04
5.723e-02 1.834e+05
6.047e-02 1.660e+05
8.222e-02 8.685e+04
5.863e-02 1.732e+05
6.103e-02 1.608e+05
5.691e-02 1.858e+05
5.839e-02 1.757e+05
5.696e-02 1.863e+05
5.736e-02 1.823e+05
7.046e-02 1.139e+05
5.737e-02 1.790e+05
6.312e-02 1.485e+05
8.790e-02 7.363e+04
9.430e-02 6.052e+04
6.733e-02 1.325e+05
6.114e-02 1.532e+05
7.597e-02 1.043e+05
6.170e-02 1.564e+05
5.968e-02 1.662e+05
5.789e-02 1.767e+05
8.185e-02 8.831e+04
9.523e-02 6.104e+04
5.698e-02 1.827e+05
7.126e-02 1.162e+05
8.380e-02 8.141e+04
5.867e-02 1.723e+05
6.351e-02 1.428e+05
6.837e-02 1.194e+05
5.930e-02 1.715e+05
6.465e-02 1.396e+05
8.072e-02 9.312e+04
5.989e-02 1.665e+05
7.143e-02 1.061e+05
5.872e-02 1.726e+05
5.710e-02 1.826e+05
7.861e-02 9.809e+04
8.566e-02 7.612e+04
8.651e-02 7.275e+04
9.194e-02 6.525e+04
8.006e-02 8.847e+04
6.359e-02 1.490e+05
9.177e-02 7.098e+04
1.010e-01 6.080e+04
6.180e-02 1.539e+05
6.118e-02 1.567e+05
9.156e-02 6.907e+04
9.653e-02 6.055e+04
6.502e-02 1.359e+05
5.709e-02 1.833e+05
5.977e-02 1.664e+05
9.439e-02 6.271e+04
6.489e-02 1.327e+05
6.309e-02 1.449e+05
8.987e-02 6.173e+04
8.445e-02 7.848e+04
5.668e-02 1.871e+05
7.452e-02 1.054e+05
7.249e-02 1.086e+05
7.412e-02 9.993e+04
6.304e-02 1.422e+05
8.285e-02 8.297e+04
6.321e-02 1.443e+05
5.931e-02 1.711e+05
5.860e-02 1.750e+05
5.745e-02 1.823e+05
5.799e-02 1.789e+05
9.941e-02 6.248e+04
5.845e-02 1.783e+05
5.914e-02 1.688e+05
5.814e-02 1.768e+05
8.982e-02 6.760e+04
6.775e-02 1.302e+05
7.161e-02 1.148e+05
7.938e-02 8.769e+04
5.668e-02 1.866e+05
8.961e-02 6.588e+04
6.111e-02 1.556e+05
8.895e-02 6.855e+04
5.731e-02 1.839e+05
6.866e-02 1.217e+05
7.125e-02 1.090e+05
5.763e-02 1.812e+05
5.808e-02 1.789e+05
5.898e-02 1.686e+05
7.770e-02 9.639e+04
6.420e-02 1.374e+05
5.879e-02 1.678e+05
7.966e-02 9.065e+04
7.130e-02 1.166e+05
9.230e-02 6.280e+04
5.742e-02 1.837e+05
5.832e-02 1.761e+05
9.730e-02 6.153e+04
5.812e-02 1.782e+05
9.444e-02 6.550e+04
6.404e-02 1.465e+05
5.864e-02 1.728e+05
5.914e-02 1.681e+05
9.546e-02 6.036e+04
6.083e-02 1.587e+05
6.146e-02 1.549e+05
6.335e-02 1.459e+05
6.044e-02 1.668e+05
6.910e-02 1.151e+05
5.916e-02 1.713e+05
6.023e-02 1.677e+05
8.613e-02 7.612e+04
9.837e-02 5.738e+04
5.998e-02 1.652e+05
9.329e-02 6.321e+04
8.958e-02 7.358e+04
6.669e-02 1.330e+05
6.078e-02 1.616e+05
9.996e-02 5.999e+04
7.946e-02 9.629e+04
5.888e-02 1.724e+05
9.368e-02 6.713e+04
5.800e-02 1.773e+05
5.931e-02 1.693e+05
8.425e-02 7.074e+04
5.806e-02 1.781e+05
5.831e-02 1.765e+05
5.871e-02 1.723e+05
9.462e-02 6.350e+04
8.503e-02 7.667e+04
5.922e-02 1.719e+05
5.810e-02 1.782e+05
6.152e-02 1.509e+05
9.712e-02 6.559e+04
6.109e-02 1.537e+05
5.734e-02 1.813e+05
6.117e-02 1.577e+05
7.665e-02 1.053e+05
5.738e-02 1.810e+05
5.692e-02 1.870e+05
9.919e-02 6.013e+04
5.905e-02 1.716e+05
8.360e-02 8.216e+04
9.711e-02 6.185e+04
5.740e-02 1.837e+05
6.930e-02 1.224e+05
6.055e-02 1.631e+05
7.952e-02 8.824e+04
6.061e-02 1.582e+05
9.387e-02 6.424e+04
5.792e-02 1.763e+05
7.033e-02 1.081e+05
6.304e-02 1.493e+05
5.810e-02 1.782e+05
5.818e-02 1.743e+05
8.907e-02 6.584e+04
5.805e-02 1.752e+05
5.927e-02 1.713e+05
6.530e-02 1.347e+05
9.112e-02 6.390e+04
7.125e-02 1.167e+05
9.590e-02 6.376e+04
8.807e-02 6.574e+04
5.827e-02 1.751e+05
6.550e-02 1.419e+05
5.762e-02 1.783e+05
5.942e-02 1.649e+05
5.722e-02 1.839e+05
7.481e-02 1.042e+05
5.837e-02 1.757e+05
5.905e-02 1.702e+05
7.797e-02 9.605e+04
6.707e-02 1.246e+05
7.370e-02 9.722e+04
5.747e-02 1.795e+05
5.849e-02 1.745e+05
9.065e-02 6.823e+04
8.688e-02 7.167e+04
8.026e-02 9.101e+04
5.798e-02 1.811e+05
8.487e-02 7.938e+04
7.895e-02 8.490e+04
9.140e-02 6.402e+04
9.577e-02 6.610e+04
7.440e-02 1.065e+05
5.925e-02 1.712e+05
5.681e-02 1.871e+05
6.022e-02 1.656e+05
6.077e-02 1.615e+05
6.377e-02 1.472e+05
5.838e-02 1.756e+05
5.876e-02 1.743e+05
9.380e-02 6.203e+04
5.809e-02 1.734e+05
5.841e-02 1.711e+05
8.609e-02 8.094e+04
5.680e-02 1.853e+05
5.886e-02 1.721e+05
5.720e-02 1.842e+05
6.301e-02 1.482e+05
6.196e-02 1.547e+05
9.499e-02 6.245e+04
5.880e-02 1.743e+05
9.166e-02 6.320e+04
9.457e-02 6.120e+04
9.068e-02 6.710e+04
8.114e-02 8.633e+04
5.976e-02 1.660e+05
9.018e-02 6.810e+04
9.281e-02 6.200e+04
6.807e-02 1.269e+05
9.471e-02 6.477e+04
8.357e-02 8.760e+04
8.472e-02 7.569e+04
9.270e-02 6.583e+04
5.737e-02 1.804e+05
5.900e-02 1.726e+05
5.758e-02 1.770e+05
5.849e-02 1.712e+05
5.828e-02 1.751e+05
5.816e-02 1.771e+05
7.845e-02 9.535e+04
5.828e-02 1.722e+05
5.668e-02 1.852e+05
5.770e-02 1.790e+05
5.772e-02 1.777e+05
5.946e-02 1.716e+05
9.248e-02 5.899e+04
5.768e-02 1.765e+05
5.854e-02 1.730e+05
9.323e-02 6.185e+04
7.205e-02 1.117e+05
6.608e-02 1.356e+05
6.496e-02 1.401e+05
5.883e-02 1.719e+05
5.973e-02 1.660e+05
5.685e-02 1.853e+05
7.110e-02 1.143e+05
6.416e-02 1.371e+05
5.871e-02 1.725e+05
5.762e-02 1.820e+05
5.770e-02 1.819e+05
6.902e-02 1.232e+05
7.433e-02 1.014e+05
9.058e-02 6.876e+04
6.731e-02 1.349e+05
5.740e-02 1.818e+05
5.853e-02 1.734e+05
9.295e-02 6.414e+04
8.193e-02 8.516e+04
6.527e-02 1.336e+05
9.235e-02 6.582e+04
5.961e-02 1.657e+05
6.072e-02 1.656e+05
6.758e-02 1.257e+05
6.244e-02 1.526e+05
9.685e-02 6.155e+04
6.651e-02 1.250e+05
6.669e-02 1.255e+05
8.513e-02 7.493e+04
5.909e-02 1.736e+05
5.900e-02 1.727e+05
5.794e-02 1.808e+05
6.874e-02 1.245e+05
9.199e-02 6.300e+04
6.315e-02 1.463e+05
8.035e-02 8.714e+04
5.943e-02 1.660e+05
9.171e-02 6.151e+04
6.339e-02 1.390e+05
6.373e-02 1.413e+05
8.574e-02 8.054e+04
7.090e-02 1.207e+05
8.593e-02 7.932e+04
8.954e-02 6.982e+04
5.847e-02 1.760e+05
6.593e-02 1.307e+05
5.814e-02 1.799e+05
5.901e-02 1.711e+05
5.870e-02 1.737e+05
7.197e-02 1.110e+05
5.855e-02 1.718e+05
6.606e-02 1.381e+05
5.817e-02 1.734e+05
6.667e-02 1.322e+05
9.136e-02 6.434e+04
9.447e-02 6.081e+04
5.816e-02 1.737e+05
5.753e-02 1.798e+05
9.572e-02 6.081e+04
5.866e-02 1.738e+05
5.882e-02 1.698e+05
8.444e-02 8.237e+04
9.552e-02 6.048e+04
5.698e-02 1.856e+05
5.987e-02 1.663e+05
5.774e-02 1.761e+05
9.310e-02 6.400e+04
7.863e-02 9.415e+04
7.128e-02 1.103e+05
6.065e-02 1.638e+05
6.083e-02 1.614e+05
6.925e-02 1.234e+05
5.804e-02 1.764e+05
9.497e-02 5.914e+04
6.174e-02 1.528e+05
6.034e-02 1.556e+05
6.107e-02 1.616e+05
6.500e-02 1.391e+05
6.166e-02 1.511e+05
5.824e-02 1.740e+05
6.055e-02 1.625e+05
5.756e-02 1.809e+05
9.592e-02 6.020e+04
9.496e-02 6.018e+04
6.221e-02 1.538e+05
5.918e-02 1.713e+05
5.952e-02 1.670e+05
6.653e-02 1.318e+05
6.023e-02 1.571e+05
5.818e-02 1.762e+05
5.926e-02 1.708e+05
5.723e-02 1.850e+05
5.795e-02 1.777e+05
5.664e-02 1.853e+05
5.982e-02 1.675e+05
5.883e-02 1.705e+05
7.249e-02 1.076e+05
5.780e-02 1.795e+05
6.108e-02 1.593e+05
5.795e-02 1.786e+05
6.008e-02 1.676e+05
9.302e-02 6.352e+04
9.724e-02 6.418e+04
8.758e-02 7.219e+04
5.911e-02 1.705e+05
8.755e-02 7.441e+04
7.426e-02 1.054e+05
5.818e-02 1.788e+05
9.439e-02 6.208e+04
9.019e-02 6.378e+04
9.100e-02 6.925e+04
8.014e-02 8.807e+04
7.996e-02 9.327e+04
9.842e-02 6.331e+04
6.086e-02 1.621e+05
7.344e-02 1.048e+05
5.697e-02 1.830e+05
7.854e-02 9.001e+04
6.558e-02 1.393e+05
8.583e-02 7.332e+04
7.902e-02 9.077e+04
8.590e-02 7.383e+04
5.789e-02 1.767e+05
9.802e-02 6.112e+04
5.980e-02 1.659e+05
5.949e-02 1.711e+05
9.097e-02 6.667e+04
5.711e-02 1.827e+05
5.966e-02 1.667e+05
6.138e-02 1.573e+05
5.891e-02 1.693e+05
9.476e-02 6.704e+04
5.819e-02 1.760e+05
7.159e-02 1.075e+05
5.856e-02 1.695e+05
5.872e-02 1.743e+05
6.142e-02 1.557e+05
9.253e-02 6.261e+04
8.144e-02 8.588e+04
5.830e-02 1.762e+05
7.835e-02 9.786e+04
5.850e-02 1.779e+05
5.913e-02 1.715e+05
5.748e-02 1.776e+05
9.673e-02 6.276e+04
7.806e-02 9.656e+04
9.323e-02 6.247e+04
5.708e-02 1.853e+05
5.879e-02 1.760e+05
5.875e-02 1.707e+05
5.734e-02 1.827e+05
9.251e-02 6.255e+04
9.039e-02 6.661e+04
6.047e-02 1.629e+05
9.416e-02 6.602e+04
6.447e-02 1.395e+05
9.122e-02 6.096e+04
5.895e-02 1.698e+05
7.689e-02 9.222e+04
5.773e-02 1.774e+05
5.824e-02 1.765e+05
5.795e-02 1.807e+05
9.503e-02 6.304e+04
9.529e-02 5.814e+04
5.754e-02 1.780e+05
7.141e-02 1.132e+05
5.985e-02 1.652e+05
9.271e-02 6.454e+04
5.748e-02 1.770e+05
9.446e-02 6.110e+04
6.287e-02 1.425e+05
5.827e-02 1.778e+05
6.187e-02 1.531e+05
7.103e-02 1.196e+05
5.794e-02 1.808e+05
5.909e-02 1.674e+05
5.920e-02 1.697e+05
7.049e-02 1.076e+05
5.764e-02 1.815e+05
5.660e-02 1.876e+05
5.938e-02 1.704e+05
6.137e-02 1.583e+05
8.080e-02 9.038e+04
8.682e-02 7.304e+04
6.634e-02 1.305e+05
7.518e-02 9.815e+04
6.433e-02 1.336e+05
5.856e-02 1.728e+05
6.930e-02 1.173e+05
8.816e-02 7.522e+04
5.983e-02 1.686e+05
5.795e-02 1.762e+05
5.830e-02 1.702e+05
5.955e-02 1.675e+05
5.803e-02 1.770e+05
5.942e-02 1.690e+05
9.379e-02 6.614e+04
5.796e-02 1.778e+05
5.855e-02 1.710e+05
5.798e-02 1.768e+05
7.655e-02 9.510e+04
9.469e-02 6.045e+04
5.766e-02 1.785e+05
6.410e-02 1.461e+05
5.711e-02 1.820e+05
5.997e-02 1.630e+05
9.023e-02 6.842e+04
5.955e-02 1.619e+05
5.715e-02 1.810e+05
5.867e-02 1.705e+05
5.879e-02 1.759e+05
5.905e-02 1.716e+05
6.153e-02 1.533e+05
5.818e-02 1.760e+05
6.095e-02 1.581e+05
5.852e-02 1.751e+05
5.911e-02 1.721e+05
5.843e-02 1.737e+05
5.705e-02 1.828e+05
6.045e-02 1.621e+05
5.760e-02 1.784e+05
7.654e-02 9.665e+04
6.747e-02 1.272e+05
6.023e-02 1.619e+05
5.863e-02 1.729e+05
6.113e-02 1.567e+05
7.342e-02 1.046e+05
5.903e-02 1.676e+05
7.888e-02 9.284e+04
5.803e-02 1.796e+05
5.902e-02 1.744e+05
8.415e-02 7.799e+04
5.871e-02 1.711e+05
5.800e-02 1.804e+05
9.684e-02 6.197e+04
9.042e-02 6.818e+04
5.954e-02 1.689e+05
8.141e-02 8.871e+04
5.910e-02 1.654e+05
6.575e-02 1.376e+05
6.096e-02 1.549e+05
9.417e-02 6.006e+04
5.899e-02 1.726e+05
5.727e-02 1.848e+05
5.820e-02 1.746e+05
7.101e-02 1.154e+05
9.426e-02 6.382e+04
7.075e-02 1.107e+05
9.102e-02 6.764e+04
5.894e-02 1.717e+05
5.778e-02 1.804e+05
5.663e-02 1.880e+05
5.827e-02 1.777e+05
7.222e-02 1.166e+05
5.819e-02 1.737e+05
6.024e-02 1.673e+05
5.723e-02 1.821e+05
5.735e-02 1.799e+05
5.961e-02 1.682e+05
5.926e-02 1.707e+05
5.846e-02 1.732e+05
6.063e-02 1.534e+05
5.926e-02 1.702e+05
6.115e-02 1.610e+05
6.404e-02 1.482e+05
5.913e-02 1.687e+05
6.971e-02 1.250e+05
9.597e-02 6.027e+04
5.912e-02 1.685e+05
7.057e-02 1.153e+05
5.704e-02 1.852e+05
5.923e-02 1.706e+05
9.297e-02 6.456e+04
6.172e-02 1.536e+05
9.783e-02 5.929e+04
7.571e-02 1.027e+05
9.549e-02 6.478e+04
6.275e-02 1.453e+05
5.830e-02 1.743e+05
5.918e-02 1.698e+05
6.264e-02 1.524e+05
5.802e-02 1.801e+05
7.786e-02 9.613e+04
5.944e-02 1.690e+05
5.953e-02 1.686e+05
7.375e-02 1.040e+05
7.297e-02 1.028e+05
7.134e-02 1.043e+05
9.509e-02 6.537e+04
5.738e-02 1.814e+05
8.652e-02 7.390e+04
6.176e-02 1.548e+05
5.810e-02 1.767e+05
5.887e-02 1.739e+05
5.937e-02 1.704e+05
7.445e-02 1.027e+05
8.368e-02 8.172e+04
5.703e-02 1.845e+05
8.707e-02 7.835e+04
7.727e-02 8.804e+04
9.172e-02 6.360e+04
5.797e-02 1.808e+05
8.591e-02 7.346e+04
6.903e-02 1.244e+05
9.400e-02 6.383e+04
5.741e-02 1.807e+05
6.107e-02 1.642e+05
7.170e-02 1.099e+05
9.051e-02 6.246e+04
5.771e-02 1.815e+05
7.068e-02 1.126e+05
6.208e-02 1.527e+05
7.166e-02 1.085e+05
5.800e-02 1.806e+05
8.753e-02 6.959e+04
6.396e-02 1.451e+05
7.669e-02 9.109e+04
7.226e-02 1.107e+05
6.145e-02 1.532e+05
9.159e-02 6.347e+04
7.463e-02 9.719e+04
9.526e-02 6.014e+04
5.916e-02 1.679e+05
5.797e-02 1.772e+05
5.813e-02 1.767e+05
9.056e-02 6.441e+04
7.425e-02 1.116e+05
5.814e-02 1.768e+05
5.820e-02 1.756e+05
5.767e-02 1.789e+05
6.178e-02 1.478e+05
5.905e-02 1.719e+05
7.582e-02 9.238e+04
5.845e-02 1.747e+05
5.715e-02 1.857e+05
6.141e-02 1.545e+05
5.794e-02 1.795e+05
6.627e-02 1.378e+05
6.510e-02 1.395e+05
7.692e-02 9.490e+04
5.715e-02 1.826e+05
9.430e-02 6.131e+04
8.362e-02 8.644e+04
1.005e-01 6.185e+04
8.250e-02 8.344e+04
5.744e-02 1.798e+05
5.850e-02 1.766e+05
7.558e-02 9.892e+04
5.838e-02 1.740e+05
9.540e-02 5.839e+04
5.732e-02 1.795e+05
5.817e-02 1.779e+05
8.411e-02 8.133e+04
9.258e-02 6.397e+04
9.608e-02 5.909e+04
5.828e-02 1.751e+05
5.790e-02 1.759e+05
6.633e-02 1.287e+05
5.713e-02 1.818e+05
5.741e-02 1.789e+05
8.362e-02 7.736e+04
5.823e-02 1.765e+05
5.680e-02 1.867e+05
7.024e-02 1.154e+05
5.780e-02 1.774e+05
7.110e-02 1.092e+05
5.819e-02 1.730e+05
5.940e-02 1.687e+05
9.496e-02 6.428e+04
9.003e-02 7.419e+04
5.724e-02 1.830e+05
5.773e-02 1.780e+05
5.781e-02 1.795e+05
6.062e-02 1.600e+05
6.026e-02 1.678e+05
9.080e-02 6.594e+04
6.071e-02 1.571e+05
9.387e-02 6.701e+04
5.692e-02 1.861e+05
6.575e-02 1.279e+05
7.747e-02 9.331e+04
5.743e-02 1.798e+05
5.942e-02 1.688e+05
5.736e-02 1.803e+05
9.720e-02 5.726e+04
7.097e-02 1.188e+05
8.752e-02 7.614e+04
5.681e-02 1.836e+05
6.002e-02 1.662e+05
6.111e-02 1.552e+05
6.175e-02 1.532e+05
8.923e-02 6.830e+04
5.766e-02 1.795e+05
5.735e-02 1.831e+05
6.048e-02 1.566e+05
5.818e-02 1.767e+05
9.438e-02 6.553e+04
5.772e-02 1.791e+05
7.548e-02 9.862e+04
5.927e-02 1.704e+05
5.940e-02 1.668e+05
5.971e-02 1.652e+05
8.982e-02 6.472e+04
5.739e-02 1.801e+05
7.511e-02 9.819e+04
9.509e-02 6.300e+04
9.747e-02 5.959e+04
9.434e-02 6.128e+04
5.894e-02 1.694e+05
5.945e-02 1.677e+05
6.470e-02 1.403e+05
5.921e-02 1.740e+05
5.658e-02 1.869e+05
5.858e-02 1.736e+05
5.942e-02 1.667e+05
5.953e-02 1.676e+05
6.652e-02 1.232e+05
5.820e-02 1.748e+05
5.832e-02 1.780e+05
9.189e-02 6.235e+04
7.428e-02 1.013e+05
5.921e-02 1.627e+05
6.911e-02 1.204e+05
5.927e-02 1.680e+05
5.911e-02 1.731e+05
5.740e-02 1.782e+05
5.956e-02 1.709e+05
5.761e-02 1.799e+05
9.733e-02 5.741e+04
6.997e-02 1.190e+05
6.150e-02 1.568e+05
6.779e-02 1.271e+05
9.544e-02 6.410e+04
6.940e-02 1.227e+05
6.394e-02 1.419e+05
9.514e-02 6.399e+04
7.317e-02 1.104e+05
8.934e-02 7.284e+04
6.019e-02 1.624e+05
8.621e-02 7.485e+04
5.843e-02 1.728e+05
6.249e-02 1.444e+05
5.822e-02 1.794e+05
5.845e-02 1.745e+05
5.799e-02 1.750e+05
6.409e-02 1.378e+05
7.953e-02 9.079e+04
6.773e-02 1.214e+05
6.898e-02 1.237e+05
8.707e-02 7.348e+04
9.816e-02 5.954e+04
5.766e-02 1.789e+05
6.913e-02 1.134e+05
5.807e-02 1.782e+05
5.739e-02 1.836e+05
7.309e-02 1.145e+05
9.695e-02 6.351e+04
5.921e-02 1.716e+05
9.220e-02 6.816e+04
6.044e-02 1.616e+05
9.042e-02 6.791e+04
5.882e-02 1.723e+05
9.089e-02 6.297e+04
5.797e-02 1.771e+05
5.777e-02 1.776e+05
9.404e-02 6.422e+04
8.436e-02 7.800e+04
9.035e-02 6.798e+04
5.852e-02 1.749e+05
5.854e-02 1.735e+05
5.985e-02 1.668e+05
6.132e-02 1.601e+05
5.726e-02 1.824e+05
6.399e-02 1.461e+05
8.693e-02 7.138e+04
5.763e-02 1.771e+05
9.232e-02 6.155e+04
5.885e-02 1.710e+05
6.376e-02 1.476e+05
8.230e-02 8.374e+04
5.823e-02 1.768e+05
5.918e-02 1.713e+05
7.899e-02 8.879e+04
5.814e-02 1.760e+05
5.927e-02 1.700e+05
6.879e-02 1.190e+05
7.078e-02 1.183e+05
9.269e-02 6.445e+04
5.931e-02 1.670e+05
7.101e-02 1.182e+05
7.828e-02 9.885e+04
6.122e-02 1.585e+05
6.218e-02 1.483e+05
9.533e-02 6.175e+04
7.503e-02 9.841e+04
5.859e-02 1.724e+05
7.082e-02 1.139e+05
5.881e-02 1.752e+05
9.173e-02 6.834e+04
6.373e-02 1.383e+05
9.378e-02 6.399e+04
8.042e-02 8.777e+04
7.226e-02 1.136e+05
6.072e-02 1.626e+05
5.971e-02 1.677e+05
6.007e-02 1.643e+05
8.242e-02 8.353e+04
7.998e-02 9.063e+04
6.408e-02 1.368e+05
5.857e-02 1.752e+05
5.671e-02 1.876e+05
8.883e-02 6.672e+04
7.207e-02 1.106e+05
8.260e-02 8.251e+04
5.844e-02 1.751e+05
5.830e-02 1.764e+05
8.268e-02 8.081e+04
5.733e-02 1.822e+05
9.529e-02 6.018e+04
6.089e-02 1.585e+05
8.436e-02 8.061e+04
9.277e-02 6.389e+04
8.026e-02 8.305e+04
7.110e-02 1.127e+05
5.906e-02 1.717e+05
8.513e-02 7.570e+04
5.880e-02 1.731e+05
7.092e-02 1.080e+05
6.529e-02 1.409e+05
5.989e-02 1.661e+05
5.931e-02 1.689e+05
5.993e-02 1.660e+05
5.790e-02 1.777e+05
5.663e-02 1.857e+05
9.835e-02 6.157e+04
8.752e-02 7.202e+04
5.933e-02 1.689e+05
5.856e-02 1.744e+05
5.945e-02 1.663e+05
7.312e-02 1.033e+05
8.147e-02 8.869e+04
9.663e-02 5.985e+04
6.092e-02 1.560e+05
6.068e-02 1.581e+05
5.850e-02 1.731e+05
9.489e-02 6.159e+04
6.103e-02 1.566e+05
5.960e-02 1.678e+05
5.804e-02 1.810e+05
6.011e-02 1.674e+05
7.994e-02 8.515e+04
6.179e-02 1.585e+05
5.718e-02 1.821e+05
6.837e-02 1.170e+05
7.941e-02 9.215e+04
6.875e-02 1.233e+05
6.058e-02 1.607e+05
7.364e-02 1.097e+05
5.873e-02 1.712e+05
8.361e-02 7.617e+04
5.825e-02 1.759e+05
5.950e-02 1.670e+05
5.906e-02 1.742e+05
6.914e-02 1.173e+05
5.972e-02 1.686e+05
8.678e-02 7.477e+04
6.889e-02 1.286e+05
6.754e-02 1.232e+05
5.829e-02 1.747e+05
5.936e-02 1.707e+05
5.835e-02 1.760e+05
5.961e-02 1.686e+05
5.859e-02 1.707e+05
7.017e-02 1.145e+05
9.246e-02 6.423e+04
5.920e-02 1.666e+05
6.376e-02 1.357e+05
6.368e-02 1.374e+05
5.731e-02 1.833e+05
5.861e-02 1.721e+05
7.705e-02 9.527e+04
5.895e-02 1.712e+05
5.853e-02 1.754e+05
5.959e-02 1.661e+05
5.923e-02 1.722e+05
5.830e-02 1.788e+05
5.825e-02 1.777e+05
5.954e-02 1.685e+05
5.666e-02 1.858e+05
6.005e-02 1.611e+05
9.028e-02 6.580e+04
5.784e-02 1.759e+05
5.812e-02 1.775e+05
5.880e-02 1.753e+05
5.716e-02 1.853e+05
9.520e-02 6.162e+04
5.821e-02 1.766e+05
5.852e-02 1.774e+05
9.303e-02 6.031e+04
9.847e-02 6.094e+04
9.321e-02 6.400e+04
9.708e-02 5.952e+04
9.540e-02 6.201e+04
9.549e-02 5.905e+04
5.854e-02 1.709e+05
5.981e-02 1.643e+05
5.919e-02 1.713e+05
5.733e-02 1.819e+05
7.033e-02 1.188e+05
9.127e-02 6.616e+04
6.622e-02 1.393e+05
6.455e-02 1.347e+05
8.457e-02 7.449e+04
5.775e-02 1.768e+05
5.691e-02 1.859e+05
9.294e-02 6.259e+04
8.900e-02 6.547e+04
6.111e-02 1.601e+05
9.419e-02 6.320e+04
6.486e-02 1.385e+05
6.838e-02 1.169e+05
9.680e-02 5.973e+04
9.600e-02 6.172e+04
7.810e-02 9.844e+04
6.138e-02 1.600e+05
6.175e-02 1.529e+05
6.093e-02 1.593e+05
7.105e-02 1.172e+05
6.443e-02 1.361e+05
8.227e-02 8.367e+04
6.772e-02 1.289e+05
5.783e-02 1.770e+05
7.070e-02 1.139e+05
7.774e-02 9.193e+04
5.878e-02 1.708e+05
6.554e-02 1.357e+05
5.831e-02 1.752e+05
6.743e-02 1.217e+05
5.763e-02 1.792e+05
5.927e-02 1.683e+05
5.945e-02 1.694e+05
6.396e-02 1.446e+05
5.822e-02 1.786e+05
5.919e-02 1.685e+05
9.800e-02 6.364e+04
5.724e-02 1.840e+05
6.214e-02 1.491e+05
5.915e-02 1.698e+05
5.767e-02 1.821e+05
9.268e-02 6.665e+04
5.818e-02 1.724e+05
6.816e-02 1.248e+05
5.862e-02 1.743e+05
5.867e-02 1.736e+05
9.332e-02 6.067e+04
5.951e-02 1.688e+05
7.982e-02 9.462e+04
5.758e-02 1.792e+05
9.339e-02 6.248e+04
5.847e-02 1.749e+05
5.790e-02 1.809e+05
6.576e-02 1.283e+05
5.818e-02 1.790e+05
6.307e-02 1.435e+05
6.854e-02 1.196e+05
6.583e-02 1.298e+05
5.728e-02 1.832e+05
5.753e-02 1.773e+05
8.646e-02 7.720e+04
9.362e-02 6.497e+04
7.613e-02 9.841e+04
5.958e-02 1.655e+05
5.949e-02 1.690e+05
9.392e-02 6.000e+04
6.920e-02 1.159e+05
6.227e-02 1.550e+05
6.141e-02 1.526e+05
7.747e-02 9.384e+04
9.436e-02 6.182e+04
6.015e-02 1.651e+05
9.268e-02 6.658e+04
5.716e-02 1.827e+05
9.291e-02 6.176e+04
7.654e-02 9.728e+04
5.796e-02 1.755e+05
6.123e-02 1.590e+05
6.195e-02 1.555e+05
9.193e-02 6.217e+04
9.387e-02 6.233e+04
5.857e-02 1.735e+05
9.213e-02 7.100e+04
5.931e-02 1.715e+05
5.833e-02 1.767e+05
8.773e-02 7.112e+04
5.920e-02 1.722e+05
8.892e-02 7.558e+04
5.868e-02 1.723e+05
6.240e-02 1.568e+05
5.894e-02 1.705e+05
5.877e-02 1.738e+05
5.731e-02 1.791e+05
6.176e-02 1.592e+05
9.761e-02 5.910e+04
5.725e-02 1.795e+05
5.953e-02 1.670e+05
6.503e-02 1.395e+05
9.676e-02 6.011e+04
5.776e-02 1.775e+05
5.968e-02 1.703e+05
7.964e-02 8.851e+04
5.909e-02 1.646e+05
5.967e-02 1.648e+05
5.971e-02 1.671e+05
5.756e-02 1.820e+05
5.860e-02 1.699e+05
7.534e-02 1.031e+05
5.861e-02 1.675e+05
9.441e-02 6.390e+04
5.771e-02 1.770e+05
6.395e-02 1.472e+05
8.404e-02 8.151e+04
8.780e-02 7.097e+04
5.807e-02 1.772e+05
6.322e-02 1.508e+05
5.784e-02 1.806e+05
6.006e-02 1.646e+05
5.998e-02 1.647e+05
7.335e-02 1.087e+05
5.832e-02 1.764e+05
5.702e-02 1.850e+05
5.845e-02 1.779e+05
8.407e-02 7.557e+04
6.734e-02 1.276e+05
6.121e-02 1.596e+05
5.985e-02 1.689e+05
5.919e-02 1.707e+05
9.196e-02 6.495e+04
7.034e-02 1.143e+05
6.047e-02 1.574e+05
5.930e-02 1.705e+05
9.408e-02 6.450e+04
9.015e-02 6.434e+04
5.771e-02 1.776e+05
9.311e-02 6.589e+04
6.347e-02 1.438e+05
6.029e-02 1.562e+05
5.899e-02 1.716e+05
6.313e-02 1.419e+05
9.054e-02 6.299e+04
5.726e-02 1.788e+05
5.740e-02 1.785e+05
5.862e-02 1.730e+05
5.730e-02 1.819e+05
5.805e-02 1.768e+05
9.268e-02 6.483e+04
9.359e-02 6.003e+04
5.841e-02 1.742e+05
5.836e-02 1.785e+05
7.623e-02 1.011e+05
8.771e-02 7.062e+04
6.378e-02 1.423e+05
5.863e-02 1.724e+05
5.758e-02 1.779e+05
7.804e-02 9.123e+04
5.872e-02 1.733e+05
6.325e-02 1.389e+05
9.296e-02 6.921e+04
9.362e-02 6.030e+04
5.741e-02 1.783e+05
5.949e-02 1.683e+05
5.953e-02 1.703e+05
9.666e-02 6.050e+04
7.504e-02 9.870e+04
6.529e-02 1.395e+05
5.804e-02 1.808e+05
6.488e-02 1.421e+05
5.768e-02 1.814e+05
5.696e-02 1.821e+05
9.653e-02 5.990e+04
5.806e-02 1.776e+05
5.886e-02 1.708e+05
6.845e-02 1.211e+05
6.119e-02 1.587e+05
5.738e-02 1.835e+05
5.980e-02 1.654e+05
5.698e-02 1.828e+05
8.027e-02 8.896e+04
5.669e-02 1.860e+05
5.786e-02 1.764e+05
5.805e-02 1.767e+05
5.954e-02 1.678e+05
5.888e-02 1.709e+05
8.912e-02 6.612e+04
5.813e-02 1.781e+05
8.905e-02 6.490e+04
7.467e-02 1.001e+05
7.029e-02 1.193e+05
5.996e-02 1.654e+05
5.957e-02 1.680e+05
5.796e-02 1.789e+05
6.253e-02 1.458e+05
8.986e-02 6.377e+04
5.930e-02 1.644e+05
7.791e-02 9.892e+04
6.425e-02 1.380e+05
5.822e-02 1.799e+05
9.426e-02 6.080e+04
8.126e-02 8.688e+04
5.758e-02 1.793e+05
5.836e-02 1.777e+05
6.949e-02 1.179e+05
5.991e-02 1.635e+05
5.903e-02 1.711e+05
6.258e-02 1.517e+05
8.926e-02 7.090e+04
9.737e-02 6.232e+04
7.178e-02 1.163e+05
5.711e-02 1.821e+05
5.852e-02 1.723e+05
5.674e-02 1.877e+05
5.815e-02 1.794e+05
5.715e-02 1.854e+05
6.426e-02 1.429e+05
5.804e-02 1.771e+05
5.720e-02 1.855e+05
8.755e-02 7.624e+04
5.912e-02 1.736e+05
9.310e-02 6.275e+04
5.810e-02 1.759e+05
9.710e-02 5.927e+04
7.885e-02 9.494e+04
5.819e-02 1.730e+05
9.047e-02 6.999e+04
9.249e-02 6.548e+04
6.006e-02 1.615e+05
7.358e-02 1.019e+05
5.877e-02 1.723e+05
7.756e-02 9.168e+04
9.308e-02 6.316e+04
5.867e-02 1.705e+05
9.846e-02 6.486e+04
5.809e-02 1.745e+05
5.895e-02 1.721e+05
5.890e-02 1.711e+05
5.996e-02 1.659e+05
6.850e-02 1.209e+05
5.684e-02 1.875e+05
5.825e-02 1.795e+05
5.850e-02 1.766e+05
7.189e-02 1.142e+05
5.845e-02 1.739e+05
5.948e-02 1.701e+05
6.712e-02 1.308e+05
9.266e-02 6.144e+04
7.609e-02 1.039e+05
6.268e-02 1.514e+05
6.035e-02 1.656e+05
6.830e-02 1.240e+05
9.431e-02 6.149e+04
5.845e-02 1.742e+05
5.699e-02 1.820e+05
7.611e-02 9.350e+04
6.037e-02 1.557e+05
9.595e-02 6.269e+04
6.739e-02 1.348e+05
5.912e-02 1.711e+05
5.865e-02 1.728e+05
9.670e-02 6.123e+04
5.900e-02 1.715e+05
5.796e-02 1.811e+05
6.829e-02 1.309e+05
6.568e-02 1.273e+05
5.799e-02 1.789e+05
6.453e-02 1.401e+05
7.201e-02 1.074e+05
5.796e-02 1.792e+05
5.870e-02 1.740e+05
5.784e-02 1.777e+05
6.043e-02 1.574e+05
9.440e-02 6.235e+04
5.861e-02 1.693e+05
7.731e-02 9.666e+04
5.687e-02 1.860e+05
8.362e-02 7.781e+04
5.841e-02 1.744e+05
6.613e-02 1.269e+05
5.888e-02 1.700e+05
6.849e-02 1.261e+05
9.141e-02 6.539e+04
6.218e-02 1.517e+05
5.940e-02 1.656e+05
9.438e-02 6.083e+04
6.816e-02 1.165e+05
9.835e-02 6.349e+04
8.722e-02 7.266e+04
6.049e-02 1.627e+05
5.900e-02 1.682e+05
9.531e-02 6.078e+04
6.241e-02 1.570e+05
5.834e-02 1.755e+05
7.360e-02 1.047e+05
5.951e-02 1.710e+05
8.296e-02 7.933e+04
5.873e-02 1.725e+05
5.797e-02 1.772e+05
6.028e-02 1.589e+05
5.924e-02 1.687e+05
5.760e-02 1.783e+05
5.882e-02 1.698e+05
9.147e-02 6.428e+04
5.902e-02 1.718e+05
5.722e-02 1.805e+05
8.031e-02 8.482e+04
5.907e-02 1.721e+05
6.943e-02 1.167e+05
5.782e-02 1.749e+05
5.827e-02 1.736e+05
5.907e-02 1.729e+05
5.847e-02 1.753e+05
8.280e-02 7.714e+04
5.902e-02 1.707e+05
5.847e-02 1.743e+05
9.158e-02 7.076e+04
7.403e-02 1.051e+05
9.413e-02 6.537e+04
6.472e-02 1.450e+05
7.646e-02 9.588e+04
5.934e-02 1.704e+05
5.717e-02 1.844e+05
5.828e-02 1.760e+05
5.761e-02 1.777e+05
5.874e-02 1.761e+05
5.883e-02 1.736e+05
5.759e-02 1.764e+05
6.233e-02 1.488e+05
6.968e-02 1.223e+05
5.990e-02 1.649e+05
6.509e-02 1.308e+05
5.683e-02 1.846e+05
6.482e-02 1.365e+05
6.038e-02 1.563e+05
6.779e-02 1.285e+05
5.817e-02 1.790e+05
6.490e-02 1.321e+05
5.812e-02 1.727e+05
9.386e-02 6.481e+04
5.814e-02 1.790e+05
6.697e-02 1.347e+05
6.413e-02 1.345e+05
5.719e-02 1.832e+05
6.925e-02 1.183e+05
5.910e-02 1.717e+05
5.917e-02 1.723e+05
5.848e-02 1.687e+05
7.107e-02 1.102e+05
9.152e-02 6.322e+04
5.852e-02 1.730e+05
6.065e-02 1.640e+05
8.482e-02 7.896e+04
5.761e-02 1.822e+05
5.825e-02 1.780e+05
5.844e-02 1.780e+05
9.513e-02 6.629e+04
7.258e-02 1.049e+05
5.894e-02 1.729e+05
1.000e-01 5.767e+04
5.976e-02 1.664e+05
5.699e-02 1.859e+05
9.082e-02 6.213e+04
6.046e-02 1.611e+05
8.186e-02 8.961e+04
5.803e-02 1.787e+05
7.277e-02 1.020e+05
6.666e-02 1.323e+05
5.998e-02 1.672e+05
9.480e-02 6.015e+04
7.841e-02 9.412e+04
5.807e-02 1.793e+05
6.143e-02 1.509e+05
5.937e-02 1.673e+05
6.856e-02 1.265e+05
6.491e-02 1.423e+05
5.833e-02 1.758e+05
9.918e-02 6.038e+04
5.770e-02 1.765e+05
5.775e-02 1.776e+05
5.762e-02 1.809e+05
9.645e-02 6.424e+04
5.913e-02 1.719e+05
5.793e-02 1.774e+05
8.981e-02 7.005e+04
9.389e-02 6.223e+04
5.928e-02 1.710e+05
5.860e-02 1.734e+05
6.141e-02 1.566e+05
5.810e-02 1.735e+05
6.297e-02 1.428e+05
5.779e-02 1.803e+05
5.835e-02 1.761e+05
7.125e-02 1.155e+05
9.174e-02 6.399e+04
5.823e-02 1.760e+05
6.480e-02 1.365e+05
5.836e-02 1.748e+05
6.034e-02 1.561e+05
7.540e-02 9.740e+04
5.862e-02 1.724e+05
6.229e-02 1.553e+05
6.109e-02 1.601e+05
5.836e-02 1.732e+05
5.816e-02 1.752e+05
9.276e-02 6.281e+04
8.708e-02 7.685e+04
8.123e-02 8.776e+04
5.997e-02 1.641e+05
5.868e-02 1.717e+05
5.682e-02 1.835e+05
6.611e-02 1.324e+05
9.364e-02 5.972e+04
8.934e-02 6.456e+04
7.634e-02 9.317e+04
6.155e-02 1.491e+05
6.424e-02 1.412e+05
7.316e-02 1.085e+05
9.392e-02 6.712e+04
6.025e-02 1.644e+05
5.904e-02 1.714e+05
6.461e-02 1.436e+05
9.918e-02 6.026e+04
9.823e-02 5.954e+04
7.679e-02 9.703e+04
5.816e-02 1.744e+05
9.711e-02 5.929e+04
6.297e-02 1.434e+05
5.811e-02 1.798e+05
5.820e-02 1.778e+05
5.967e-02 1.691e+05
5.734e-02 1.796e+05
9.657e-02 6.085e+04
5.835e-02 1.775e+05
5.946e-02 1.691e+05
7.510e-02 1.041e+05
6.314e-02 1.522e+05
8.009e-02 8.464e+04
6.041e-02 1.617e+05
5.790e-02 1.793e+05
6.843e-02 1.254e+05
5.826e-02 1.751e+05
7.805e-02 9.300e+04
5.886e-02 1.751e+05
5.763e-02 1.768e+05
5.693e-02 1.836e+05
5.882e-02 1.709e+05
9.132e-02 6.640e+04
5.940e-02 1.726e+05
5.719e-02 1.843e+05
6.172e-02 1.527e+05
6.656e-02 1.331e+05
5.851e-02 1.757e+05
9.653e-02 5.958e+04
6.456e-02 1.435e+05
9.295e-02 6.291e+04
9.798e-02 6.064e+04
7.828e-02 9.530e+04
5.766e-02 1.787e+05
9.353e-02 6.419e+04
9.540e-02 6.182e+04
6.037e-02 1.626e+05
9.538e-02 6.380e+04
9.802e-02 5.958e+04
7.987e-02 9.070e+04
9.499e-02 6.214e+04
5.901e-02 1.699e+05
6.212e-02 1.543e+05
5.786e-02 1.812e+05
6.040e-02 1.606e+05
5.745e-02 1.796e+05
6.084e-02 1.586e+05
6.788e-02 1.184e+05
8.458e-02 7.666e+04
7.448e-02 9.871e+04
5.882e-02 1.721e+05
7.256e-02 1.147e+05
6.840e-02 1.261e+05
6.153e-02 1.549e+05
7.711e-02 9.556e+04
5.670e-02 1.877e+05
9.807e-02 6.254e+04
5.860e-02 1.724e+05
6.938e-02 1.226e+05
5.944e-02 1.696e+05
5.759e-02 1.796e+05
6.031e-02 1.645e+05
9.053e-02 6.553e+04
5.753e-02 1.778e+05
9.285e-02 6.314e+04
5.940e-02 1.703e+05
5.864e-02 1.729e+05
5.928e-02 1.685e+05
5.908e-02 1.727e+05
6.358e-02 1.438e+05
6.252e-02 1.449e+05
7.229e-02 1.174e+05
9.057e-02 6.766e+04
5.823e-02 1.746e+05
5.841e-02 1.771e+05
5.932e-02 1.683e+05
6.407e-02 1.418e+05
5.967e-02 1.625e+05
9.650e-02 6.189e+04
5.859e-02 1.734e+05
5.706e-02 1.841e+05
5.999e-02 1.679e+05
6.257e-02 1.452e+05
7.419e-02 1.076e+05
1.009e-01 5.993e+04
7.100e-02 1.112e+05
5.981e-02 1.666e+05
6.683e-02 1.266e+05
5.786e-02 1.784e+05
6.111e-02 1.620e+05
6.125e-02 1.598e+05
7.939e-02 9.006e+04
5.872e-02 1.716e+05
6.642e-02 1.271e+05
9.555e-02 6.267e+04
5.843e-02 1.758e+05
9.033e-02 6.447e+04
5.767e-02 1.782e+05
6.037e-02 1.627e+05
8.551e-02 7.651e+04
6.595e-02 1.318e+05
6.584e-02 1.280e+05
9.155e-02 6.725e+04
9.002e-02 6.398e+04
5.756e-02 1.812e+05
5.886e-02 1.703e+05
5.822e-02 1.753e+05
9.150e-02 6.733e+04
5.866e-02 1.742e+05
5.723e-02 1.810e+05
5.673e-02 1.879e+05
8.599e-02 7.275e+04
9.667e-02 6.073e+04
6.387e-02 1.359e+05
9.554e-02 6.157e+04
5.803e-02 1.790e+05
9.403e-02 6.365e+04
7.028e-02 1.224e+05
6.469e-02 1.388e+05
5.847e-02 1.761e+05
9.016e-02 7.084e+04
5.746e-02 1.845e+05
6.800e-02 1.275e+05
8.308e-02 8.244e+04
7.615e-02 1.016e+05
6.409e-02 1.396e+05
5.768e-02 1.783e+05
7.972e-02 8.496e+04
5.885e-02 1.717e+05
5.678e-02 1.848e+05
5.874e-02 1.731e+05
5.717e-02 1.813e+05
9.904e-02 5.667e+04
6.951e-02 1.230e+05
7.146e-02 1.133e+05
9.806e-02 6.122e+04
8.339e-02 8.278e+04
6.908e-02 1.218e+05
5.870e-02 1.736e+05
7.990e-02 8.667e+04
5.952e-02 1.698e+05
5.759e-02 1.812e+05
5.891e-02 1.719e+05
9.441e-02 6.040e+04
7.292e-02 1.083e+05
9.070e-02 7.087e+04
6.212e-02 1.570e+05
5.836e-02 1.754e+05
9.295e-02 6.413e+04
6.202e-02 1.534e+05
6.238e-02 1.529e+05
5.673e-02 1.849e+05
7.303e-02 1.025e+05
6.419e-02 1.480e+05
5.797e-02 1.774e+05
5.929e-02 1.687e+05
7.792e-02 9.925e+04
9.388e-02 6.057e+04
8.864e-02 6.720e+04
5.759e-02 1.834e+05
5.867e-02 1.770e+05
9.347e-02 6.219e+04
5.786e-02 1.801e+05
9.319e-02 6.598e+04
5.913e-02 1.710e+05
5.731e-02 1.817e+05
9.113e-02 7.190e+04
5.742e-02 1.812e+05
5.964e-02 1.706e+05
6.501e-02 1.402e+05
5.833e-02 1.712e+05
6.251e-02 1.446e+05
9.334e-02 6.345e+04
9.446e-02 6.193e+04
9.141e-02 6.517e+04
6.391e-02 1.433e+05
6.997e-02 1.221e+05
9.077e-02 7.193e+04
6.762e-02 1.270e+05
5.726e-02 1.841e+05
5.860e-02 1.709e+05
5.870e-02 1.743e+05
6.842e-02 1.166e+05
8.218e-02 7.879e+04
6.332e-02 1.397e+05
6.826e-02 1.250e+05
5.912e-02 1.703e+05
9.571e-02 5.958e+04
6.123e-02 1.586e+05
5.822e-02 1.799e+05
9.788e-02 5.819e+04
5.868e-02 1.730e+05
9.239e-02 6.407e+04
7.043e-02 1.195e+05
5.845e-02 1.749e+05
5.800e-02 1.775e+05
8.746e-02 7.509e+04
5.774e-02 1.809e+05
6.897e-02 1.243e+05
6.673e-02 1.262e+05
5.988e-02 1.651e+05
8.979e-02 6.897e+04
5.875e-02 1.745e+05
5.808e-02 1.769e+05
5.818e-02 1.734e+05
9.599e-02 6.064e+04
7.632e-02 9.700e+04
6.511e-02 1.338e+05
5.900e-02 1.714e+05
1.004e-01 6.151e+04
6.652e-02 1.270e+05
7.894e-02 9.220e+04
5.931e-02 1.707e+05
6.345e-02 1.398e+05
5.895e-02 1.700e+05
5.993e-02 1.647e+05
5.830e-02 1.752e+05
6.254e-02 1.557e+05
5.875e-02 1.742e+05
7.610e-02 9.556e+04
8.683e-02 7.368e+04
5.840e-02 1.749e+05
9.330e-02 6.442e+04
9.710e-02 6.251e+04
6.474e-02 1.383e+05
5.881e-02 1.737e+05
5.767e-02 1.800e+05
6.996e-02 1.182e+05
7.710e-02 9.779e+04
9.226e-02 5.996e+04
9.080e-02 6.971e+04
5.897e-02 1.709e+05
9.562e-02 6.109e+04
6.221e-02 1.545e+05
6.344e-02 1.490e+05
5.929e-02 1.696e+05
6.333e-02 1.498e+05
5.750e-02 1.835e+05
9.381e-02 6.200e+04
9.322e-02 6.460e+04
5.736e-02 1.805e+05
8.865e-02 7.261e+04
6.982e-02 1.151e+05
5.864e-02 1.730e+05
5.895e-02 1.681e+05
6.743e-02 1.303e+05
9.399e-02 6.379e+04
5.740e-02 1.813e+05
5.865e-02 1.727e+05
9.748e-02 6.122e+04
8.397e-02 8.516e+04
5.696e-02 1.868e+05
5.678e-02 1.848e+05
6.301e-02 1.528e+05
7.148e-02 1.089e+05
6.918e-02 1.222e+05
5.749e-02 1.834e+05
5.839e-02 1.745e+05
9.078e-02 6.417e+04
5.932e-02 1.673e+05
9.531e-02 6.186e+04
8.431e-02 7.594e+04
8.415e-02 8.013e+04
9.680e-02 6.171e+04
5.771e-02 1.789e+05
5.908e-02 1.726e+05
5.744e-02 1.834e+05
8.235e-02 7.523e+04
9.248e-02 6.679e+04
8.853e-02 6.838e+04
6.009e-02 1.620e+05
5.938e-02 1.694e+05
5.763e-02 1.817e+05
5.696e-02 1.823e+05
9.574e-02 6.232e+04
5.747e-02 1.795e+05
6.550e-02 1.319e+05
6.933e-02 1.237e+05
9.700e-02 6.026e+04
5.752e-02 1.814e+05
5.768e-02 1.811e+05
5.964e-02 1.624e+05
9.887e-02 5.900e+04
8.038e-02 8.771e+04
9.266e-02 6.227e+04
9.276e-02 6.697e+04
6.969e-02 1.251e+05
5.795e-02 1.792e+05
6.043e-02 1.629e+05
5.800e-02 1.765e+05
9.280e-02 6.651e+04
6.762e-02 1.289e+05
5.819e-02 1.769e+05
6.017e-02 1.656e+05
8.900e-02 6.964e+04
6.672e-02 1.341e+05
7.172e-02 1.048e+05
6.014e-02 1.656e+05
6.609e-02 1.341e+05
5.848e-02 1.751e+05
9.415e-02 6.217e+04
9.506e-02 6.492e+04
5.751e-02 1.831e+05
7.314e-02 1.028e+05
6.137e-02 1.601e+05
6.950e-02 1.256e+05
9.448e-02 6.127e+04
5.741e-02 1.787e+05
9.290e-02 6.356e+04
5.814e-02 1.754e+05
5.846e-02 1.748e+05
5.735e-02 1.820e+05
5.933e-02 1.723e+05
6.529e-02 1.302e+05
9.596e-02 6.334e+04
8.464e-02 7.385e+04
5.979e-02 1.681e+05
5.950e-02 1.705e+05
6.244e-02 1.504e+05
5.828e-02 1.749e+05
8.020e-02 8.724e+04
5.799e-02 1.782e+05
8.974e-02 6.890e+04
5.936e-02 1.638e+05
5.958e-02 1.661e+05
5.758e-02 1.782e+05
7.406e-02 1.061e+05
8.918e-02 7.005e+04
8.102e-02 8.763e+04
5.906e-02 1.656e+05
5.862e-02 1.746e+05
9.216e-02 6.135e+04
7.081e-02 1.069e+05
9.611e-02 6.362e+04
5.927e-02 1.704e+05
5.944e-02 1.666e+05
8.705e-02 7.286e+04
5.947e-02 1.684e+05
5.768e-02 1.763e+05
5.901e-02 1.674e+05
5.752e-02 1.797e+05
5.920e-02 1.706e+05
6.311e-02 1.403e+05
5.945e-02 1.688e+05
6.976e-02 1.138e+05
7.987e-02 9.660e+04
9.679e-02 6.313e+04
5.742e-02 1.835e+05
9.640e-02 6.333e+04
5.704e-02 1.859e+05
9.446e-02 6.037e+04
5.696e-02 1.864e+05
5.920e-02 1.701e+05
6.029e-02 1.678e+05
6.254e-02 1.511e+05
5.762e-02 1.783e+05
5.905e-02 1.691e+05
5.853e-02 1.727e+05
8.609e-02 7.413e+04
9.204e-02 6.891e+04
8.886e-02 6.731e+04
6.246e-02 1.511e+05
5.739e-02 1.836e+05
5.923e-02 1.716e+05
7.779e-02 8.750e+04
5.736e-02 1.826e+05
8.620e-02 7.643e+04
5.920e-02 1.694e+05
5.914e-02 1.695e+05
5.778e-02 1.803e+05
9.183e-02 6.519e+04
5.892e-02 1.712e+05
8.985e-02 7.214e+04
6.644e-02 1.317e+05
6.039e-02 1.675e+05
8.412e-02 8.209e+04
6.102e-02 1.593e+05
9.562e-02 6.130e+04
9.448e-02 6.367e+04
9.378e-02 6.095e+04
5.820e-02 1.764e+05
5.750e-02 1.780e+05
6.068e-02 1.568e+05
5.945e-02 1.709e+05
6.039e-02 1.620e+05
5.695e-02 1.841e+05
8.610e-02 7.884e+04
5.831e-02 1.756e+05
8.131e-02 8.091e+04
6.193e-02 1.579e+05
6.022e-02 1.648e+05
6.524e-02 1.369e+05
8.718e-02 7.768e+04
6.140e-02 1.581e+05
9.568e-02 6.394e+04
9.221e-02 6.423e+04
7.293e-02 1.140e+05
5.919e-02 1.682e+05
5.919e-02 1.703e+05
8.929e-02 6.891e+04
5.737e-02 1.843e+05
5.717e-02 1.827e+05
5.715e-02 1.841e+05
5.838e-02 1.742e+05
6.626e-02 1.261e+05
5.814e-02 1.804e+05
5.780e-02 1.786e+05
8.033e-02 8.763e+04
6.368e-02 1.382e+05
6.017e-02 1.627e+05
5.936e-02 1.698e+05
8.846e-02 6.664e+04
5.887e-02 1.747e+05
6.170e-02 1.485e+05
5.943e-02 1.658e+05
9.123e-02 6.482e+04
6.565e-02 1.424e+05
9.528e-02 6.218e+04
5.807e-02 1.726e+05
7.758e-02 1.007e+05
9.365e-02 6.320e+04
7.213e-02 1.100e+05
9.273e-02 6.327e+04
8.453e-02 8.209e+04
9.890e-02 5.805e+04
5.765e-02 1.787e+05
9.292e-02 6.057e+04
5.799e-02 1.771e+05
8.876e-02 7.167e+04
5.743e-02 1.784e+05
5.930e-02 1.666e+05
9.053e-02 6.694e+04
6.011e-02 1.630e+05
5.886e-02 1.742e+05
9.140e-02 5.997e+04
5.843e-02 1.744e+05
5.691e-02 1.830e+05
5.973e-02 1.647e+05
8.002e-02 8.870e+04
9.000e-02 6.711e+04
6.828e-02 1.190e+05
6.836e-02 1.216e+05
5.705e-02 1.837e+05
8.894e-02 7.007e+04
9.795e-02 6.027e+04
7.204e-02 1.124e+05
9.402e-02 6.123e+04
6.069e-02 1.652e+05
5.903e-02 1.736e+05
9.606e-02 6.419e+04
7.139e-02 1.090e+05
9.636e-02 6.477e+04
5.926e-02 1.666e+05
5.931e-02 1.683e+05
9.826e-02 6.006e+04
7.523e-02 1.038e+05
5.692e-02 1.872e+05
5.843e-02 1.739e+05
6.266e-02 1.546e+05
5.831e-02 1.755e+05
6.805e-02 1.259e+05
6.141e-02 1.608e+05
7.706e-02 1.018e+05
6.059e-02 1.602e+05
5.697e-02 1.848e+05
8.262e-02 8.101e+04
7.423e-02 1.059e+05
5.875e-02 1.705e+05
8.594e-02 7.193e+04
6.452e-02 1.387e+05
5.957e-02 1.708e+05
7.632e-02 1.022e+05
6.779e-02 1.249e+05
5.768e-02 1.776e+05
5.810e-02 1.800e+05
6.152e-02 1.570e+05
5.969e-02 1.668e+05
5.669e-02 1.854e+05
8.946e-02 7.134e+04
6.221e-02 1.547e+05
5.824e-02 1.754e+05
6.306e-02 1.478e+05
5.856e-02 1.755e+05
5.886e-02 1.740e+05
6.230e-02 1.521e+05
6.635e-02 1.276e+05
5.774e-02 1.801e+05
5.874e-02 1.718e+05
6.185e-02 1.557e+05
9.367e-02 6.249e+04
5.816e-02 1.763e+05
7.117e-02 1.213e+05
9.247e-02 6.409e+04
5.921e-02 1.688e+05
9.675e-02 6.069e+04
7.574e-02 1.054e+05
5.789e-02 1.786e+05
9.349e-02 6.441e+04
9.024e-02 6.759e+04
5.989e-02 1.664e+05
7.340e-02 1.119e+05
5.905e-02 1.678e+05
5.879e-02 1.711e+05
6.829e-02 1.268e+05
5.903e-02 1.686e+05
5.760e-02 1.787e+05
9.204e-02 6.571e+04
5.859e-02 1.690e+05
5.744e-02 1.825e+05
7.838e-02 9.764e+04
5.918e-02 1.703e+05
9.726e-02 5.863e+04
6.822e-02 1.160e+05
5.889e-02 1.728e+05
6.121e-02 1.555e+05
6.006e-02 1.602e+05
9.597e-02 6.077e+04
8.605e-02 7.644e+04
8.690e-02 7.773e+04
8.576e-02 7.233e+04
5.715e-02 1.849e+05
5.926e-02 1.689e+05
6.399e-02 1.472e+05
5.811e-02 1.798e+05
5.884e-02 1.736e+05
5.904e-02 1.677e+05
6.233e-02 1.507e+05
5.927e-02 1.690e+05
7.658e-02 9.400e+04
7.626e-02 9.331e+04
5.996e-02 1.587e+05
5.967e-02 1.699e+05
5.911e-02 1.681e+05
5.903e-02 1.721e+05
6.240e-02 1.510e+05
5.856e-02 1.725e+05
5.751e-02 1.812e+05
6.060e-02 1.641e+05
7.809e-02 9.798e+04
6.239e-02 1.458e+05
7.577e-02 9.290e+04
5.822e-02 1.738e+05
6.452e-02 1.344e+05
5.775e-02 1.774e+05
6.069e-02 1.612e+05
8.213e-02 8.339e+04
5.917e-02 1.705e+05
6.015e-02 1.645e+05
7.544e-02 1.043e+05
5.814e-02 1.732e+05
5.838e-02 1.737e+05
7.960e-02 8.532e+04
5.892e-02 1.757e+05
9.508e-02 6.200e+04
7.715e-02 9.456e+04
5.898e-02 1.748e+05
6.002e-02 1.610e+05
7.586e-02 9.636e+04
9.144e-02 6.798e+04
6.810e-02 1.263e+05
5.689e-02 1.836e+05
9.651e-02 6.122e+04
5.808e-02 1.784e+05
9.279e-02 6.200e+04
5.681e-02 1.857e+05
5.953e-02 1.717e+05
5.800e-02 1.774e+05
9.248e-02 6.036e+04
5.940e-02 1.692e+05
5.803e-02 1.802e+05
5.913e-02 1.702e+05
6.019e-02 1.626e+05
9.253e-02 6.277e+04
6.312e-02 1.428e+05
5.654e-02 1.877e+05
7.192e-02 1.074e+05
8.009e-02 8.420e+04
6.068e-02 1.581e+05
5.923e-02 1.674e+05
7.708e-02 1.016e+05
6.611e-02 1.353e+05
6.002e-02 1.639e+05
6.452e-02 1.446e+05
5.996e-02 1.679e+05
9.443e-02 5.997e+04
9.546e-02 6.002e+04
8.984e-02 6.458e+04
6.916e-02 1.225e+05
6.224e-02 1.484e+05
7.598e-02 9.763e+04
5.999e-02 1.633e+05
5.871e-02 1.751e+05
5.744e-02 1.839e+05
6.441e-02 1.427e+05
5.813e-02 1.733e+05
9.139e-02 6.281e+04
5.847e-02 1.781e+05
7.882e-02 8.562e+04
5.821e-02 1.764e+05
9.822e-02 6.066e+04
8.487e-02 7.758e+04
5.856e-02 1.716e+05
5.991e-02 1.646e+05
5.964e-02 1.673e+05
6.117e-02 1.533e+05
9.426e-02 6.088e+04
5.843e-02 1.733e+05
6.153e-02 1.492e+05
7.193e-02 1.052e+05
5.901e-02 1.753e+05
5.846e-02 1.742e+05
5.929e-02 1.684e+05
5.896e-02 1.720e+05
5.795e-02 1.787e+05
5.950e-02 1.650e+05
6.175e-02 1.535e+05
5.910e-02 1.720e+05
6.746e-02 1.259e+05
6.086e-02 1.602e+05
9.259e-02 6.289e+04
5.824e-02 1.748e+05
5.827e-02 1.712e+05
5.819e-02 1.765e+05
5.770e-02 1.778e+05
5.720e-02 1.807e+05
5.852e-02 1.744e+05
5.940e-02 1.712e+05
6.080e-02 1.599e+05
5.957e-02 1.678e+05
5.764e-02 1.780e+05
7.095e-02 1.120e+05
6.355e-02 1.402e+05
5.809e-02 1.776e+05
6.261e-02 1.521e+05
5.705e-02 1.852e+05
5.853e-02 1.784e+05
6.952e-02 1.140e+05
5.924e-02 1.722e+05
5.697e-02 1.845e+05
7.207e-02 1.120e+05
7.156e-02 1.183e+05
6.381e-02 1.442e+05
6.959e-02 1.230e+05
6.013e-02 1.624e+05
5.821e-02 1.793e+05
9.413e-02 6.215e+04
9.507e-02 6.010e+04
5.788e-02 1.775e+05
6.673e-02 1.287e+05
9.778e-02 5.879e+04
5.993e-02 1.668e+05
8.122e-02 8.985e+04
8.255e-02 8.761e+04
9.320e-02 6.189e+04
5.961e-02 1.659e+05
5.828e-02 1.755e+05
6.683e-02 1.309e+05
5.789e-02 1.776e+05
8.401e-02 7.873e+04
5.792e-02 1.772e+05
5.950e-02 1.675e+05
6.575e-02 1.352e+05
6.052e-02 1.655e+05
6.004e-02 1.615e+05
5.721e-02 1.809e+05
6.421e-02 1.377e+05
6.556e-02 1.337e+05
7.693e-02 1.031e+05
5.693e-02 1.826e+05
5.997e-02 1.637e+05
5.861e-02 1.744e+05
9.567e-02 6.253e+04
5.781e-02 1.791e+05
9.289e-02 6.590e+04
5.730e-02 1.795e+05
5.721e-02 1.822e+05
9.440e-02 5.995e+04
5.701e-02 1.846e+05
6.022e-02 1.641e+05
5.817e-02 1.745e+05
5.890e-02 1.750e+05
5.833e-02 1.754e+05
9.347e-02 6.472e+04
5.697e-02 1.831e+05
6.835e-02 1.278e+05
9.515e-02 5.987e+04
6.940e-02 1.201e+05
9.407e-02 6.222e+04
5.952e-02 1.659e+05
5.872e-02 1.724e+05
7.314e-02 1.039e+05
5.697e-02 1.824e+05
5.876e-02 1.746e+05
5.679e-02 1.864e+05
8.180e-02 8.824e+04
9.095e-02 6.705e+04
9.823e-02 6.084e+04
9.622e-02 6.438e+04
5.816e-02 1.757e+05
5.777e-02 1.813e+05
6.700e-02 1.329e+05
9.317e-02 6.225e+04
5.861e-02 1.707e+05
5.867e-02 1.730e+05
7.331e-02 1.122e+05
7.604e-02 1.000e+05
6.981e-02 1.191e+05
7.842e-02 9.518e+04
5.938e-02 1.663e+05
5.902e-02 1.714e+05
5.784e-02 1.758e+05
5.855e-02 1.729e+05
5.822e-02 1.781e+05
5.672e-02 1.861e+05
9.135e-02 7.310e+04
6.838e-02 1.238e+05
7.765e-02 9.642e+04
7.578e-02 9.998e+04
5.974e-02 1.709e+05
9.673e-02 6.126e+04
5.817e-02 1.710e+05
9.111e-02 6.133e+04
5.669e-02 1.871e+05
8.683e-02 7.648e+04
8.597e-02 7.839e+04
6.081e-02 1.560e+05
5.919e-02 1.707e+05
5.798e-02 1.774e+05
6.024e-02 1.613e+05
7.409e-02 9.925e+04
9.032e-02 6.904e+04
6.188e-02 1.503e+05
6.407e-02 1.439e+05
9.816e-02 6.053e+04
6.029e-02 1.621e+05
5.819e-02 1.767e+05
6.970e-02 1.224e+05
7.188e-02 1.085e+05
6.714e-02 1.242e+05
7.926e-02 9.046e+04
5.851e-02 1.768e+05
6.791e-02 1.191e+05
5.713e-02 1.827e+05
9.354e-02 6.427e+04
9.323e-02 6.198e+04
6.031e-02 1.600e+05
6.152e-02 1.499e+05
8.688e-02 7.020e+04
6.001e-02 1.576e+05
6.441e-02 1.452e+05
6.140e-02 1.559e+05
9.290e-02 6.335e+04
9.394e-02 6.169e+04
9.044e-02 6.945e+04
5.836e-02 1.756e+05
9.059e-02 6.102e+04
6.849e-02 1.227e+05
7.771e-02 1.024e+05
5.871e-02 1.723e+05
9.368e-02 6.258e+04
8.920e-02 6.940e+04
9.223e-02 6.590e+04
8.416e-02 8.518e+04
7.700e-02 9.559e+04
5.765e-02 1.797e+05
8.740e-02 7.394e+04
5.737e-02 1.813e+05
1.020e-01 5.718e+04
6.673e-02 1.353e+05
5.946e-02 1.670e+05
5.742e-02 1.822e+05
9.794e-02 6.210e+04
7.256e-02 1.087e+05
6.354e-02 1.456e+05
6.050e-02 1.655e+05
7.591e-02 1.021e+05
8.988e-02 6.573e+04
5.786e-02 1.786e+05
5.866e-02 1.734e+05
9.093e-02 6.634e+04
7.553e-02 1.012e+05
6.029e-02 1.639e+05
6.751e-02 1.349e+05
5.880e-02 1.707e+05
7.253e-02 1.086e+05
6.366e-02 1.366e+05
7.748e-02 9.495e+04
6.470e-02 1.393e+05
5.811e-02 1.778e+05
8.689e-02 7.127e+04
7.194e-02 1.021e+05
6.133e-02 1.547e+05
5.683e-02 1.858e+05
5.953e-02 1.690e+05
5.753e-02 1.826e+05
6.580e-02 1.368e+05
8.739e-02 7.123e+04
6.442e-02 1.395e+05
9.164e-02 6.630e+04
5.808e-02 1.783e+05
5.971e-02 1.655e+05
6.519e-02 1.376e+05
9.345e-02 6.265e+04
5.880e-02 1.761e+05
9.128e-02 6.180e+04
6.747e-02 1.279e+05
9.708e-02 6.064e+04
5.835e-02 1.792e+05
5.964e-02 1.640e+05
8.326e-02 8.629e+04
6.413e-02 1.431e+05
5.821e-02 1.734e+05
5.866e-02 1.688e+05
5.943e-02 1.723e+05
9.322e-02 6.243e+04
6.321e-02 1.482e+05
5.812e-02 1.743e+05
7.792e-02 9.425e+04
5.933e-02 1.689e+05
8.507e-02 8.044e+04
9.526e-02 5.836e+04
5.783e-02 1.792e+05
9.460e-02 6.421e+04
7.028e-02 1.230e+05
5.899e-02 1.707e+05
5.774e-02 1.775e+05
5.818e-02 1.739e+05
5.762e-02 1.764e+05
5.823e-02 1.768e+05
6.629e-02 1.380e+05
5.878e-02 1.745e+05
5.916e-02 1.740e+05
9.446e-02 6.444e+04
9.341e-02 6.452e+04
6.266e-02 1.502e+05
5.799e-02 1.754e+05
5.931e-02 1.689e+05
5.721e-02 1.844e+05
8.948e-02 6.673e+04
5.893e-02 1.744e+05
6.369e-02 1.448e+05
5.844e-02 1.786e+05
6.453e-02 1.380e+05
5.866e-02 1.725e+05
6.058e-02 1.645e+05
6.962e-02 1.127e+05
5.971e-02 1.688e+05
6.111e-02 1.563e+05
5.959e-02 1.687e+05
5.662e-02 1.858e+05
5.762e-02 1.774e+05
7.292e-02 1.064e+05
5.879e-02 1.728e+05
9.343e-02 6.453e+04
5.773e-02 1.785e+05
9.815e-02 6.135e+04
6.462e-02 1.445e+05
5.877e-02 1.714e+05
5.871e-02 1.762e+05
8.260e-02 8.166e+04
9.391e-02 6.229e+04
5.798e-02 1.742e+05
6.582e-02 1.318e+05
9.055e-02 7.104e+04
5.901e-02 1.717e+05
5.697e-02 1.844e+05
6.004e-02 1.660e+05
5.841e-02 1.765e+05
9.289e-02 6.392e+04
1.001e-01 6.084e+04
7.343e-02 1.105e+05
5.942e-02 1.633e+05
5.691e-02 1.846e+05
5.707e-02 1.815e+05
5.857e-02 1.749e+05
5.757e-02 1.833e+05
5.826e-02 1.736e+05
9.719e-02 6.272e+04
5.819e-02 1.765e+05
5.907e-02 1.712e+05
7.271e-02 1.071e+05
8.730e-02 7.414e+04
7.002e-02 1.199e+05
9.545e-02 6.047e+04
5.709e-02 1.825e+05
5.721e-02 1.838e+05
9.106e-02 6.661e+04
6.697e-02 1.243e+05
5.743e-02 1.789e+05
5.762e-02 1.793e+05
9.481e-02 6.370e+04
5.770e-02 1.812e+05
5.738e-02 1.801e+05
9.135e-02 6.676e+04
8.055e-02 8.668e+04
5.919e-02 1.693e+05
5.965e-02 1.604e+05
5.784e-02 1.785e+05
5.865e-02 1.740e+05
9.512e-02 6.152e+04
5.770e-02 1.775e+05
9.349e-02 6.482e+04
9.025e-02 7.255e+04
7.321e-02 1.106e+05
5.886e-02 1.729e+05
5.790e-02 1.783e+05
5.696e-02 1.840e+05
5.825e-02 1.762e+05
5.742e-02 1.824e+05
5.816e-02 1.738e+05
7.637e-02 9.927e+04
7.910e-02 8.884e+04
8.971e-02 6.682e+04
5.817e-02 1.772e+05
5.859e-02 1.739e+05
5.881e-02 1.713e+05
5.868e-02 1.753e+05
5.933e-02 1.682e+05
5.808e-02 1.798e+05
9.462e-02 6.149e+04
5.981e-02 1.665e+05
8.074e-02 9.302e+04
5.887e-02 1.732e+05
6.050e-02 1.608e+05
5.781e-02 1.810e+05
9.323e-02 6.537e+04
7.077e-02 1.117e+05
8.512e-02 7.996e+04
6.439e-02 1.422e+05
6.673e-02 1.304e+05
8.658e-02 7.678e+04
6.867e-02 1.184e+05
9.750e-02 5.967e+04
6.062e-02 1.616e+05
8.660e-02 7.626e+04
6.052e-02 1.605e+05
7.004e-02 1.151e+05
5.754e-02 1.833e+05
9.396e-02 6.451e+04
7.237e-02 1.131e+05
5.951e-02 1.704e+05
5.932e-02 1.695e+05
5.767e-02 1.774e+05
6.341e-02 1.385e+05
7.500e-02 1.014e+05
8.406e-02 8.570e+04
7.430e-02 9.881e+04
8.972e-02 6.300e+04
7.135e-02 1.185e+05
8.528e-02 7.842e+04
6.340e-02 1.431e+05
5.937e-02 1.707e+05
5.950e-02 1.687e+05
5.786e-02 1.770e+05
6.919e-02 1.216e+05
9.780e-02 5.920e+04
6.244e-02 1.478e+05
6.649e-02 1.301e+05
6.044e-02 1.640e+05
9.846e-02 6.131e+04
5.909e-02 1.707e+05
5.795e-02 1.814e+05
6.216e-02 1.573e+05
5.718e-02 1.796e+05
6.614e-02 1.334e+05
9.576e-02 6.232e+04
5.719e-02 1.828e+05
8.782e-02 6.649e+04
5.757e-02 1.805e+05
9.302e-02 6.454e+04
5.925e-02 1.694e+05
5.755e-02 1.793e+05
5.926e-02 1.681e+05
5.942e-02 1.712e+05
5.790e-02 1.818e+05
7.770e-02 9.330e+04
7.951e-02 9.302e+04
5.858e-02 1.715e+05
9.773e-02 6.083e+04
9.370e-02 6.127e+04
7.173e-02 1.102e+05
5.806e-02 1.810e+05
7.994e-02 8.599e+04
5.814e-02 1.724e+05
7.726e-02 9.636e+04
9.501e-02 6.477e+04
5.772e-02 1.805e+05
7.268e-02 1.117e+05
6.451e-02 1.413e+05
5.755e-02 1.818e+05
5.895e-02 1.738e+05
9.763e-02 6.037e+04
5.849e-02 1.728e+05
9.515e-02 6.018e+04
8.710e-02 7.221e+04
5.829e-02 1.752e+05
6.317e-02 1.455e+05
9.426e-02 6.443e+04
5.827e-02 1.734e+05
6.234e-02 1.516e+05
6.127e-02 1.617e+05
6.022e-02 1.664e+05
5.913e-02 1.695e+05
6.283e-02 1.523e+05
6.391e-02 1.422e+05
7.225e-02 1.141e+05
5.844e-02 1.744e+05
5.849e-02 1.710e+05
5.867e-02 1.709e+05
6.654e-02 1.338e+05
5.883e-02 1.729e+05
6.274e-02 1.461e+05
6.008e-02 1.569e+05
5.938e-02 1.723e+05
9.247e-02 6.354e+04
5.862e-02 1.739e+05
5.760e-02 1.793e+05
5.963e-02 1.668e+05
6.212e-02 1.571e+05
5.944e-02 1.689e+05
6.332e-02 1.484e+05
6.241e-02 1.508e+05
6.037e-02 1.631e+05
5.898e-02 1.728e+05
6.025e-02 1.659e+05
5.777e-02 1.769e+05
6.561e-02 1.411e+05
6.805e-02 1.231e+05
9.091e-02 6.920e+04
5.705e-02 1.828e+05
6.800e-02 1.193e+05
5.887e-02 1.724e+05
6.321e-02 1.511e+05
5.755e-02 1.815e+05
6.248e-02 1.451e+05
8.942e-02 6.788e+04
9.404e-02 6.308e+04
9.309e-02 6.283e+04
5.839e-02 1.765e+05
6.328e-02 1.519e+05
9.200e-02 6.109e+04
5.846e-02 1.747e+05
9.543e-02 5.979e+04
5.695e-02 1.826e+05
5.858e-02 1.758e+05
6.782e-02 1.267e+05
5.836e-02 1.739e+05
6.520e-02 1.345e+05
8.658e-02 7.074e+04
7.766e-02 9.677e+04
5.817e-02 1.730e+05
8.335e-02 8.675e+04
8.729e-02 7.616e+04
5.839e-02 1.764e+05
9.782e-02 6.054e+04
5.952e-02 1.721e+05
5.718e-02 1.835e+05
5.762e-02 1.819e+05
5.838e-02 1.757e+05
8.158e-02 8.379e+04
8.297e-02 7.983e+04
5.710e-02 1.862e+05
9.541e-02 6.022e+04
9.560e-02 6.226e+04
5.780e-02 1.781e+05
6.808e-02 1.227e+05
7.689e-02 9.651e+04
5.729e-02 1.833e+05
7.342e-02 1.107e+05
5.918e-02 1.739e+05
5.693e-02 1.827e+05
5.865e-02 1.736e+05
5.662e-02 1.871e+05
5.790e-02 1.757e+05
5.753e-02 1.823e+05
5.863e-02 1.763e+05
9.347e-02 5.797e+04
8.879e-02 6.339e+04
5.689e-02 1.842e+05
5.716e-02 1.815e+05
5.822e-02 1.715e+05
6.679e-02 1.298e+05
5.874e-02 1.712e+05
5.895e-02 1.705e+05
6.120e-02 1.557e+05
7.766e-02 9.121e+04
6.619e-02 1.400e+05
9.784e-02 5.958e+04
5.899e-02 1.704e+05
8.886e-02 6.242e+04
9.685e-02 6.149e+04
9.639e-02 6.116e+04
5.853e-02 1.737e+05
5.875e-02 1.750e+05
7.336e-02 1.119e+05
9.528e-02 6.296e+04
5.771e-02 1.800e+05
7.868e-02 9.382e+04
5.750e-02 1.823e+05
5.720e-02 1.824e+05
6.010e-02 1.594e+05
7.476e-02 1.008e+05
5.978e-02 1.676e+05
5.694e-02 1.835e+05
6.095e-02 1.582e+05
5.660e-02 1.862e+05
9.663e-02 6.260e+04
5.734e-02 1.841e+05
9.654e-02 6.084e+04
9.579e-02 6.368e+04
5.859e-02 1.740e+05
5.777e-02 1.778e+05
6.099e-02 1.542e+05
8.494e-02 7.381e+04
7.405e-02 1.073e+05
8.628e-02 7.292e+04
5.916e-02 1.718e+05
5.830e-02 1.761e+05
5.791e-02 1.801e+05
5.879e-02 1.710e+05
5.776e-02 1.797e+05
7.929e-02 9.493e+04
5.700e-02 1.855e+05
9.521e-02 6.236e+04
9.386e-02 5.939e+04
8.906e-02 7.293e+04
9.632e-02 6.401e+04
5.834e-02 1.776e+05
6.935e-02 1.164e+05
5.831e-02 1.757e+05
9.685e-02 6.097e+04
6.044e-02 1.630e+05
9.629e-02 6.307e+04
9.654e-02 6.376e+04
6.272e-02 1.440e+05
5.834e-02 1.731e+05
5.785e-02 1.780e+05
6.027e-02 1.634e+05
5.837e-02 1.738e+05
7.516e-02 9.740e+04
6.628e-02 1.348e+05
6.075e-02 1.594e+05
9.313e-02 6.258e+04
9.675e-02 6.263e+04
6.080e-02 1.625e+05
5.880e-02 1.678e+05
5.826e-02 1.748e+05
6.036e-02 1.565e+05
9.145e-02 6.850e+04
7.452e-02 1.041e+05
5.817e-02 1.745e+05
6.711e-02 1.293e+05
9.225e-02 6.438e+04
6.148e-02 1.582e+05
8.648e-02 7.000e+04
5.806e-02 1.762e+05
9.441e-02 6.332e+04
8.975e-02 6.444e+04
9.469e-02 5.987e+04
5.763e-02 1.819e+05
5.891e-02 1.734e+05
6.092e-02 1.619e+05
5.774e-02 1.815e+05
5.924e-02 1.725e+05
5.889e-02 1.717e+05
5.898e-02 1.666e+05
9.315e-02 6.274e+04
7.770e-02 9.654e+04
9.349e-02 6.521e+04
7.195e-02 1.102e+05
5.855e-02 1.762e+05
6.550e-02 1.385e+05
5.806e-02 1.781e+05
6.844e-02 1.189e+05
6.417e-02 1.439e+05
5.830e-02 1.787e+05
5.861e-02 1.727e+05
8.842e-02 6.920e+04
