8.371e-02 1.104e+05
1.300e-01 7.036e+04
1.406e-01 6.486e+04
7.215e-02 1.410e+05
1.294e-01 6.884e+04
1.273e-01 6.948e+04
1.099e-01 8.282e+04
7.749e-02 1.290e+05
7.402e-02 1.338e+05
7.072e-02 1.424e+05
7.288e-02 1.370e+05
7.504e-02 1.338e+05
7.271e-02 1.372e+05
9.135e-02 1.021e+05
7.303e-02 1.372e+05
7.365e-02 1.332e+05
8.597e-02 1.064e+05
1.378e-01 6.855e+04
7.384e-02 1.366e+05
8.183e-02 1.193e+05
7.368e-02 1.355e+05
7.603e-02 1.330e+05
9.475e-02 9.752e+04
1.312e-01 6.856e+04
7.452e-02 1.332e+05
8.073e-02 1.169e+05
8.401e-02 1.127e+05
7.427e-02 1.352e+05
7.416e-02 1.369e+05
7.602e-02 1.297e+05
7.229e-02 1.397e+05
7.439e-02 1.338e+05
1.320e-01 6.821e+04
1.283e-01 7.373e+04
7.570e-02 1.302e+05
7.865e-02 1.259e+05
1.142e-01 7.828e+04
7.318e-02 1.344e+05
7.389e-02 1.345e+05
7.705e-02 1.296e+05
7.397e-02 1.349e+05
8.155e-02 1.202e+05
1.245e-01 7.005e+04
1.272e-01 7.131e+04
9.799e-02 9.282e+04
8.146e-02 1.157e+05
1.324e-01 6.907e+04
1.202e-01 7.550e+04
7.393e-02 1.370e+05
7.352e-02 1.366e+05
8.402e-02 1.141e+05
1.284e-01 7.025e+04
8.807e-02 1.078e+05
7.210e-02 1.375e+05
7.560e-02 1.293e+05
7.178e-02 1.402e+05
7.833e-02 1.266e+05
1.139e-01 8.116e+04
7.659e-02 1.267e+05
1.342e-01 6.792e+04
7.348e-02 1.361e+05
1.305e-01 7.078e+04
1.287e-01 6.882e+04
1.287e-01 6.946e+04
7.296e-02 1.365e+05
8.000e-02 1.249e+05
7.355e-02 1.369e+05
7.613e-02 1.324e+05
9.372e-02 1.012e+05
1.324e-01 6.725e+04
1.308e-01 6.885e+04
7.186e-02 1.403e+05
7.051e-02 1.426e+05
7.289e-02 1.343e+05
7.333e-02 1.383e+05
8.439e-02 1.119e+05
7.050e-02 1.442e+05
7.031e-02 1.448e+05
7.537e-02 1.321e+05
9.769e-02 9.461e+04
8.746e-02 1.089e+05
7.433e-02 1.335e+05
7.869e-02 1.249e+05
7.307e-02 1.350e+05
8.050e-02 1.177e+05
1.323e-01 6.892e+04
7.210e-02 1.400e+05
7.481e-02 1.338e+05
7.233e-02 1.399e+05
1.016e-01 9.306e+04
7.454e-02 1.335e+05
7.452e-02 1.350e+05
7.575e-02 1.317e+05
7.334e-02 1.363e+05
7.454e-02 1.326e+05
7.460e-02 1.334e+05
1.174e-01 7.855e+04
7.872e-02 1.243e+05
7.401e-02 1.327e+05
1.332e-01 6.767e+04
1.297e-01 7.007e+04
7.329e-02 1.363e+05
1.353e-01 6.690e+04
1.143e-01 7.642e+04
1.338e-01 6.809e+04
7.471e-02 1.307e+05
7.344e-02 1.354e+05
1.293e-01 6.766e+04
1.125e-01 8.159e+04
9.948e-02 9.155e+04
7.487e-02 1.323e+05
9.326e-02 1.014e+05
7.314e-02 1.345e+05
7.513e-02 1.317e+05
7.317e-02 1.364e+05
1.307e-01 6.839e+04
9.353e-02 9.833e+04
7.415e-02 1.345e+05
7.268e-02 1.372e+05
7.547e-02 1.316e+05
1.260e-01 6.925e+04
7.275e-02 1.347e+05
7.898e-02 1.252e+05
8.793e-02 1.096e+05
7.346e-02 1.366e+05
8.019e-02 1.246e+05
7.185e-02 1.378e+05
1.393e-01 6.588e+04
1.170e-01 6.956e+04
8.429e-02 1.152e+05
7.235e-02 1.367e+05
7.530e-02 1.311e+05
7.572e-02 1.306e+05
9.669e-02 9.392e+04
7.268e-02 1.363e+05
1.008e-01 9.010e+04
7.403e-02 1.339e+05
1.191e-01 7.367e+04
9.960e-02 9.459e+04
7.203e-02 1.382e+05
1.395e-01 6.838e+04
7.348e-02 1.357e+05
7.452e-02 1.339e+05
8.247e-02 1.194e+05
1.303e-01 6.971e+04
1.225e-01 7.088e+04
1.284e-01 7.254e+04
1.334e-01 6.850e+04
7.211e-02 1.410e+05
7.139e-02 1.410e+05
7.263e-02 1.386e+05
7.532e-02 1.323e+05
1.354e-01 6.719e+04
1.140e-01 8.276e+04
7.200e-02 1.413e+05
7.432e-02 1.348e+05
7.529e-02 1.329e+05
7.579e-02 1.298e+05
7.378e-02 1.367e+05
7.362e-02 1.377e+05
8.672e-02 1.139e+05
8.432e-02 1.136e+05
7.127e-02 1.422e+05
7.084e-02 1.435e+05
7.319e-02 1.379e+05
1.247e-01 7.213e+04
7.485e-02 1.317e+05
7.665e-02 1.300e+05
1.076e-01 8.487e+04
1.318e-01 6.632e+04
8.036e-02 1.231e+05
7.238e-02 1.390e+05
7.578e-02 1.299e+05
1.326e-01 6.923e+04
1.175e-01 7.552e+04
8.153e-02 1.184e+05
8.461e-02 1.122e+05
7.987e-02 1.205e+05
7.614e-02 1.316e+05
7.100e-02 1.412e+05
7.802e-02 1.273e+05
1.294e-01 7.225e+04
7.462e-02 1.330e+05
7.706e-02 1.269e+05
8.088e-02 1.197e+05
7.541e-02 1.320e+05
1.486e-01 6.367e+04
1.152e-01 8.275e+04
8.093e-02 1.223e+05
8.686e-02 1.107e+05
7.282e-02 1.379e+05
7.355e-02 1.357e+05
7.419e-02 1.339e+05
1.208e-01 7.451e+04
1.351e-01 6.811e+04
1.426e-01 6.215e+04
7.231e-02 1.397e+05
7.246e-02 1.403e+05
8.243e-02 1.183e+05
1.329e-01 6.939e+04
1.074e-01 8.611e+04
8.927e-02 1.033e+05
7.527e-02 1.307e+05
7.213e-02 1.388e+05
9.085e-02 1.043e+05
1.032e-01 9.021e+04
7.523e-02 1.332e+05
7.292e-02 1.369e+05
7.232e-02 1.400e+05
1.351e-01 6.715e+04
7.404e-02 1.353e+05
7.502e-02 1.319e+05
7.511e-02 1.304e+05
7.213e-02 1.401e+05
7.659e-02 1.310e+05
8.022e-02 1.193e+05
7.107e-02 1.426e+05
9.113e-02 9.851e+04
8.859e-02 1.073e+05
7.673e-02 1.249e+05
8.477e-02 1.100e+05
8.729e-02 1.120e+05
8.411e-02 1.163e+05
1.443e-01 6.552e+04
7.309e-02 1.373e+05
7.297e-02 1.369e+05
1.115e-01 8.492e+04
7.348e-02 1.366e+05
7.546e-02 1.322e+05
7.255e-02 1.386e+05
7.127e-02 1.430e+05
1.076e-01 8.622e+04
7.446e-02 1.322e+05
7.591e-02 1.285e+05
1.410e-01 6.321e+04
1.380e-01 6.872e+04
7.393e-02 1.331e+05
7.498e-02 1.314e+05
7.261e-02 1.383e+05
8.368e-02 1.117e+05
1.276e-01 6.865e+04
9.362e-02 9.799e+04
7.726e-02 1.299e+05
9.186e-02 9.802e+04
7.416e-02 1.341e+05
7.006e-02 1.441e+05
1.344e-01 6.747e+04
7.775e-02 1.272e+05
7.208e-02 1.379e+05
7.288e-02 1.371e+05
8.246e-02 1.169e+05
7.036e-02 1.434e+05
1.252e-01 7.528e+04
7.137e-02 1.408e+05
9.972e-02 9.191e+04
7.672e-02 1.298e+05
7.119e-02 1.400e+05
1.267e-01 6.865e+04
7.326e-02 1.371e+05
1.071e-01 8.614e+04
1.302e-01 6.798e+04
1.089e-01 8.356e+04
7.699e-02 1.309e+05
7.251e-02 1.383e+05
7.755e-02 1.278e+05
7.106e-02 1.419e+05
7.041e-02 1.440e+05
7.251e-02 1.388e+05
7.493e-02 1.325e+05
7.458e-02 1.339e+05
7.380e-02 1.356e+05
7.293e-02 1.362e+05
7.282e-02 1.373e+05
7.351e-02 1.355e+05
8.534e-02 1.153e+05
7.582e-02 1.291e+05
1.017e-01 8.827e+04
8.136e-02 1.181e+05
7.871e-02 1.258e+05
7.478e-02 1.328e+05
8.511e-02 1.159e+05
1.418e-01 6.819e+04
1.016e-01 8.846e+04
1.092e-01 8.754e+04
7.339e-02 1.369e+05
1.006e-01 8.877e+04
7.207e-02 1.399e+05
7.718e-02 1.238e+05
7.318e-02 1.364e+05
7.537e-02 1.333e+05
1.323e-01 6.809e+04
7.341e-02 1.366e+05
7.962e-02 1.244e+05
7.255e-02 1.400e+05
8.493e-02 1.118e+05
1.302e-01 7.106e+04
7.377e-02 1.366e+05
7.319e-02 1.356e+05
7.824e-02 1.268e+05
7.535e-02 1.307e+05
7.196e-02 1.404e+05
7.191e-02 1.409e+05
7.116e-02 1.426e+05
7.584e-02 1.300e+05
7.896e-02 1.262e+05
1.313e-01 6.896e+04
9.367e-02 9.644e+04
7.175e-02 1.415e+05
7.114e-02 1.424e+05
7.328e-02 1.362e+05
8.712e-02 1.103e+05
9.766e-02 9.415e+04
7.202e-02 1.379e+05
1.364e-01 6.893e+04
1.289e-01 6.571e+04
1.309e-01 6.888e+04
9.566e-02 9.541e+04
7.525e-02 1.336e+05
7.465e-02 1.336e+05
8.799e-02 1.087e+05
1.371e-01 6.765e+04
1.291e-01 6.792e+04
7.058e-02 1.431e+05
8.247e-02 1.173e+05
7.805e-02 1.260e+05
7.294e-02 1.374e+05
1.269e-01 6.819e+04
7.237e-02 1.386e+05
1.342e-01 6.935e+04
7.222e-02 1.374e+05
7.439e-02 1.327e+05
1.171e-01 7.564e+04
1.083e-01 8.089e+04
1.010e-01 9.131e+04
1.308e-01 7.001e+04
8.208e-02 1.188e+05
7.148e-02 1.403e+05
8.130e-02 1.196e+05
9.297e-02 1.005e+05
7.337e-02 1.377e+05
7.395e-02 1.345e+05
7.313e-02 1.363e+05
7.258e-02 1.379e+05
7.971e-02 1.188e+05
7.325e-02 1.375e+05
7.447e-02 1.362e+05
7.428e-02 1.349e+05
7.345e-02 1.344e+05
1.348e-01 6.902e+04
6.998e-02 1.452e+05
7.673e-02 1.257e+05
1.204e-01 7.243e+04
7.544e-02 1.320e+05
1.093e-01 8.181e+04
1.183e-01 7.064e+04
7.100e-02 1.411e+05
7.274e-02 1.374e+05
1.311e-01 6.836e+04
7.331e-02 1.389e+05
8.230e-02 1.207e+05
8.456e-02 1.087e+05
1.100e-01 8.635e+04
1.302e-01 6.630e+04
7.429e-02 1.336e+05
7.562e-02 1.319e+05
8.235e-02 1.151e+05
7.421e-02 1.359e+05
7.354e-02 1.352e+05
1.332e-01 6.602e+04
7.635e-02 1.300e+05
7.169e-02 1.420e+05
7.311e-02 1.370e+05
7.221e-02 1.379e+05
7.426e-02 1.345e+05
7.038e-02 1.446e+05
7.347e-02 1.383e+05
7.704e-02 1.306e+05
1.130e-01 7.460e+04
7.653e-02 1.278e+05
7.108e-02 1.426e+05
1.415e-01 6.514e+04
8.475e-02 1.139e+05
8.824e-02 1.057e+05
7.540e-02 1.319e+05
7.331e-02 1.367e+05
7.504e-02 1.332e+05
7.717e-02 1.259e+05
9.430e-02 1.028e+05
7.388e-02 1.356e+05
7.259e-02 1.365e+05
7.355e-02 1.360e+05
7.192e-02 1.389e+05
8.491e-02 1.137e+05
1.182e-01 7.962e+04
7.480e-02 1.329e+05
7.463e-02 1.338e+05
8.033e-02 1.172e+05
1.340e-01 6.580e+04
8.146e-02 1.201e+05
8.807e-02 1.072e+05
7.335e-02 1.356e+05
7.856e-02 1.247e+05
9.559e-02 1.006e+05
7.330e-02 1.386e+05
7.368e-02 1.351e+05
1.244e-01 7.303e+04
7.165e-02 1.411e+05
7.357e-02 1.372e+05
7.391e-02 1.333e+05
7.573e-02 1.321e+05
1.126e-01 8.252e+04
7.349e-02 1.350e+05
7.583e-02 1.283e+05
7.990e-02 1.241e+05
7.463e-02 1.325e+05
7.331e-02 1.358e+05
7.263e-02 1.398e+05
7.475e-02 1.328e+05
7.120e-02 1.391e+05
8.572e-02 1.140e+05
7.359e-02 1.361e+05
7.771e-02 1.276e+05
8.524e-02 1.153e+05
1.117e-01 8.002e+04
7.376e-02 1.335e+05
7.287e-02 1.362e+05
7.480e-02 1.353e+05
9.380e-02 9.959e+04
7.692e-02 1.271e+05
1.128e-01 7.710e+04
7.510e-02 1.337e+05
7.054e-02 1.441e+05
1.249e-01 7.327e+04
1.204e-01 7.233e+04
1.278e-01 6.935e+04
7.451e-02 1.336e+05
7.311e-02 1.367e+05
7.746e-02 1.284e+05
7.744e-02 1.267e+05
1.227e-01 7.296e+04
8.990e-02 1.071e+05
7.312e-02 1.366e+05
7.499e-02 1.312e+05
9.811e-02 9.453e+04
7.203e-02 1.408e+05
7.315e-02 1.336e+05
8.954e-02 1.046e+05
7.319e-02 1.373e+05
7.494e-02 1.347e+05
1.248e-01 6.960e+04
1.177e-01 7.776e+04
7.392e-02 1.323e+05
1.311e-01 6.950e+04
7.795e-02 1.267e+05
7.133e-02 1.414e+05
7.188e-02 1.407e+05
7.373e-02 1.341e+05
8.170e-02 1.139e+05
7.476e-02 1.317e+05
9.726e-02 9.445e+04
1.206e-01 7.817e+04
7.387e-02 1.354e+05
1.258e-01 6.680e+04
8.275e-02 1.203e+05
8.498e-02 1.142e+05
7.495e-02 1.328e+05
7.267e-02 1.375e+05
7.184e-02 1.400e+05
8.638e-02 1.134e+05
7.260e-02 1.374e+05
7.477e-02 1.320e+05
9.235e-02 1.014e+05
7.479e-02 1.324e+05
1.339e-01 6.651e+04
7.492e-02 1.323e+05
1.345e-01 6.677e+04
1.209e-01 7.435e+04
7.866e-02 1.251e+05
7.300e-02 1.367e+05
7.498e-02 1.349e+05
7.091e-02 1.416e+05
7.018e-02 1.434e+05
7.550e-02 1.331e+05
8.878e-02 1.062e+05
7.858e-02 1.214e+05
7.200e-02 1.386e+05
1.028e-01 9.296e+04
7.205e-02 1.368e+05
1.252e-01 6.986e+04
7.389e-02 1.342e+05
7.181e-02 1.401e+05
7.424e-02 1.344e+05
1.269e-01 7.018e+04
9.054e-02 9.981e+04
8.043e-02 1.235e+05
8.064e-02 1.203e+05
7.034e-02 1.447e+05
7.622e-02 1.273e+05
7.226e-02 1.369e+05
7.045e-02 1.438e+05
7.428e-02 1.336e+05
7.472e-02 1.331e+05
9.326e-02 1.017e+05
8.193e-02 1.153e+05
7.326e-02 1.370e+05
1.313e-01 6.814e+04
7.066e-02 1.434e+05
7.516e-02 1.322e+05
1.312e-01 7.153e+04
8.153e-02 1.209e+05
7.326e-02 1.340e+05
7.599e-02 1.313e+05
7.432e-02 1.305e+05
7.258e-02 1.378e+05
7.447e-02 1.339e+05
7.472e-02 1.318e+05
7.440e-02 1.326e+05
8.993e-02 1.044e+05
7.950e-02 1.219e+05
7.262e-02 1.375e+05
7.672e-02 1.260e+05
7.422e-02 1.331e+05
7.593e-02 1.290e+05
7.334e-02 1.338e+05
7.220e-02 1.387e+05
1.275e-01 6.865e+04
7.402e-02 1.317e+05
1.347e-01 6.746e+04
7.571e-02 1.288e+05
1.454e-01 6.573e+04
8.167e-02 1.195e+05
7.233e-02 1.395e+05
7.500e-02 1.349e+05
7.561e-02 1.309e+05
7.240e-02 1.403e+05
7.152e-02 1.413e+05
9.579e-02 9.415e+04
7.247e-02 1.391e+05
7.333e-02 1.362e+05
7.671e-02 1.290e+05
7.331e-02 1.362e+05
1.066e-01 8.546e+04
7.480e-02 1.337e+05
1.163e-01 7.646e+04
7.153e-02 1.396e+05
7.760e-02 1.261e+05
7.568e-02 1.324e+05
7.456e-02 1.337e+05
7.697e-02 1.278e+05
1.220e-01 7.391e+04
1.095e-01 7.983e+04
1.346e-01 6.676e+04
8.769e-02 1.079e+05
7.329e-02 1.340e+05
7.772e-02 1.281e+05
1.236e-01 7.293e+04
7.680e-02 1.288e+05
7.762e-02 1.287e+05
7.228e-02 1.380e+05
7.135e-02 1.402e+05
1.285e-01 6.970e+04
7.148e-02 1.399e+05
7.526e-02 1.326e+05
1.351e-01 6.680e+04
7.114e-02 1.427e+05
7.720e-02 1.302e+05
1.241e-01 6.961e+04
7.347e-02 1.359e+05
1.373e-01 6.571e+04
7.270e-02 1.376e+05
8.257e-02 1.182e+05
7.116e-02 1.397e+05
1.255e-01 7.149e+04
1.227e-01 7.419e+04
7.630e-02 1.264e+05
7.494e-02 1.333e+05
7.328e-02 1.340e+05
8.938e-02 1.042e+05
7.385e-02 1.354e+05
7.385e-02 1.360e+05
7.532e-02 1.314e+05
7.097e-02 1.432e+05
8.147e-02 1.178e+05
9.837e-02 9.595e+04
1.372e-01 6.520e+04
7.703e-02 1.302e+05
1.203e-01 7.083e+04
7.439e-02 1.331e+05
1.267e-01 7.024e+04
1.308e-01 6.940e+04
7.476e-02 1.335e+05
7.711e-02 1.272e+05
1.189e-01 7.535e+04
1.311e-01 6.495e+04
9.523e-02 9.884e+04
7.404e-02 1.333e+05
7.217e-02 1.411e+05
1.054e-01 8.599e+04
9.156e-02 1.053e+05
7.381e-02 1.374e+05
7.518e-02 1.317e+05
1.348e-01 6.914e+04
1.165e-01 7.990e+04
7.416e-02 1.350e+05
7.636e-02 1.280e+05
1.097e-01 8.278e+04
7.470e-02 1.319e+05
8.574e-02 1.105e+05
1.281e-01 7.056e+04
7.096e-02 1.413e+05
7.405e-02 1.337e+05
7.434e-02 1.358e+05
1.229e-01 6.650e+04
7.139e-02 1.400e+05
7.143e-02 1.391e+05
7.262e-02 1.393e+05
7.362e-02 1.351e+05
1.313e-01 6.906e+04
8.620e-02 1.147e+05
8.496e-02 1.152e+05
7.311e-02 1.384e+05
7.432e-02 1.325e+05
7.419e-02 1.341e+05
7.684e-02 1.287e+05
8.565e-02 1.104e+05
7.637e-02 1.298e+05
8.015e-02 1.246e+05
7.482e-02 1.328e+05
7.333e-02 1.355e+05
7.574e-02 1.326e+05
7.535e-02 1.316e+05
7.282e-02 1.380e+05
1.262e-01 7.320e+04
7.422e-02 1.338e+05
7.023e-02 1.431e+05
7.736e-02 1.289e+05
1.235e-01 7.427e+04
7.398e-02 1.359e+05
1.343e-01 6.931e+04
1.264e-01 6.972e+04
7.298e-02 1.363e+05
1.227e-01 7.257e+04
7.222e-02 1.373e+05
7.434e-02 1.339e+05
1.410e-01 6.629e+04
8.549e-02 1.136e+05
7.465e-02 1.323e+05
7.061e-02 1.438e+05
1.081e-01 8.701e+04
7.344e-02 1.369e+05
7.171e-02 1.397e+05
7.511e-02 1.315e+05
7.373e-02 1.350e+05
1.125e-01 8.018e+04
1.310e-01 6.725e+04
7.406e-02 1.354e+05
1.276e-01 6.892e+04
7.578e-02 1.300e+05
1.290e-01 7.279e+04
7.490e-02 1.337e+05
7.222e-02 1.357e+05
7.384e-02 1.343e+05
1.238e-01 6.920e+04
7.471e-02 1.342e+05
7.264e-02 1.395e+05
1.263e-01 7.044e+04
1.116e-01 8.240e+04
9.622e-02 9.430e+04
1.294e-01 7.268e+04
7.833e-02 1.240e+05
1.312e-01 6.741e+04
1.202e-01 7.623e+04
7.207e-02 1.402e+05
9.322e-02 1.030e+05
7.479e-02 1.323e+05
8.303e-02 1.110e+05
7.724e-02 1.287e+05
7.359e-02 1.355e+05
8.824e-02 1.051e+05
7.394e-02 1.349e+05
1.294e-01 7.056e+04
1.024e-01 8.995e+04
7.287e-02 1.371e+05
8.473e-02 1.138e+05
8.953e-02 1.050e+05
7.432e-02 1.362e+05
1.286e-01 6.732e+04
7.407e-02 1.338e+05
1.185e-01 7.816e+04
7.602e-02 1.315e+05
7.454e-02 1.338e+05
7.348e-02 1.347e+05
7.418e-02 1.317e+05
1.241e-01 6.841e+04
7.078e-02 1.413e+05
7.260e-02 1.375e+05
8.216e-02 1.194e+05
7.191e-02 1.412e+05
8.973e-02 1.054e+05
9.071e-02 1.089e+05
7.478e-02 1.318e+05
8.555e-02 1.085e+05
1.324e-01 6.955e+04
7.815e-02 1.253e+05
7.301e-02 1.346e+05
8.384e-02 1.135e+05
8.197e-02 1.168e+05
7.272e-02 1.376e+05
1.153e-01 7.764e+04
8.562e-02 1.126e+05
7.195e-02 1.387e+05
7.591e-02 1.297e+05
1.304e-01 6.808e+04
9.867e-02 9.122e+04
7.615e-02 1.289e+05
1.329e-01 6.925e+04
8.263e-02 1.186e+05
1.272e-01 6.993e+04
7.773e-02 1.230e+05
1.328e-01 6.770e+04
1.137e-01 8.219e+04
7.370e-02 1.351e+05
7.398e-02 1.362e+05
8.241e-02 1.192e+05
7.378e-02 1.360e+05
1.207e-01 7.426e+04
1.207e-01 7.938e+04
7.424e-02 1.333e+05
7.567e-02 1.331e+05
7.602e-02 1.285e+05
9.900e-02 9.271e+04
1.268e-01 6.822e+04
7.462e-02 1.334e+05
7.937e-02 1.217e+05
7.296e-02 1.366e+05
7.200e-02 1.403e+05
1.373e-01 6.629e+04
7.363e-02 1.334e+05
7.560e-02 1.289e+05
1.145e-01 8.324e+04
7.164e-02 1.394e+05
1.375e-01 6.773e+04
1.308e-01 6.875e+04
7.367e-02 1.349e+05
1.252e-01 7.374e+04
9.424e-02 9.951e+04
7.684e-02 1.314e+05
8.485e-02 1.133e+05
7.789e-02 1.258e+05
7.464e-02 1.328e+05
1.312e-01 6.867e+04
7.219e-02 1.369e+05
7.707e-02 1.265e+05
7.334e-02 1.369e+05
1.317e-01 6.941e+04
7.100e-02 1.413e+05
7.101e-02 1.430e+05
6.987e-02 1.454e+05
7.362e-02 1.369e+05
7.316e-02 1.374e+05
7.508e-02 1.316e+05
7.210e-02 1.387e+05
7.939e-02 1.225e+05
1.308e-01 7.034e+04
1.150e-01 8.234e+04
8.457e-02 1.086e+05
7.479e-02 1.329e+05
7.358e-02 1.351e+05
8.803e-02 1.076e+05
7.132e-02 1.396e+05
7.263e-02 1.376e+05
7.217e-02 1.404e+05
7.371e-02 1.335e+05
7.214e-02 1.397e+05
7.321e-02 1.355e+05
7.680e-02 1.256e+05
1.483e-01 6.581e+04
1.330e-01 6.820e+04
1.297e-01 6.881e+04
7.336e-02 1.373e+05
8.344e-02 1.153e+05
7.459e-02 1.344e+05
7.341e-02 1.356e+05
7.401e-02 1.348e+05
7.116e-02 1.401e+05
1.259e-01 6.871e+04
7.904e-02 1.247e+05
1.011e-01 9.277e+04
8.916e-02 1.076e+05
1.261e-01 7.034e+04
7.936e-02 1.212e+05
1.374e-01 6.619e+04
1.303e-01 7.114e+04
7.395e-02 1.321e+05
9.470e-02 9.980e+04
7.401e-02 1.347e+05
7.187e-02 1.383e+05
7.076e-02 1.414e+05
1.362e-01 6.764e+04
7.546e-02 1.307e+05
7.275e-02 1.377e+05
1.056e-01 8.512e+04
1.295e-01 7.107e+04
7.924e-02 1.232e+05
7.364e-02 1.361e+05
1.013e-01 8.865e+04
1.261e-01 6.657e+04
7.558e-02 1.314e+05
7.581e-02 1.298e+05
8.041e-02 1.159e+05
7.111e-02 1.398e+05
7.361e-02 1.352e+05
7.166e-02 1.413e+05
1.339e-01 6.814e+04
7.760e-02 1.277e+05
1.143e-01 7.840e+04
8.157e-02 1.218e+05
7.699e-02 1.264e+05
7.442e-02 1.314e+05
1.206e-01 7.199e+04
7.184e-02 1.371e+05
7.370e-02 1.357e+05
7.240e-02 1.391e+05
7.375e-02 1.371e+05
8.685e-02 1.116e+05
1.131e-01 7.907e+04
1.022e-01 8.713e+04
7.454e-02 1.324e+05
8.100e-02 1.194e+05
7.227e-02 1.380e+05
7.734e-02 1.265e+05
7.203e-02 1.402e+05
7.198e-02 1.410e+05
7.481e-02 1.329e+05
7.448e-02 1.330e+05
1.150e-01 7.488e+04
7.655e-02 1.295e+05
7.322e-02 1.363e+05
1.146e-01 8.004e+04
7.266e-02 1.349e+05
7.328e-02 1.347e+05
7.224e-02 1.398e+05
7.487e-02 1.335e+05
1.180e-01 7.593e+04
7.462e-02 1.353e+05
1.288e-01 7.281e+04
8.467e-02 1.157e+05
7.428e-02 1.356e+05
7.414e-02 1.347e+05
7.402e-02 1.326e+05
1.323e-01 6.944e+04
7.422e-02 1.342e+05
7.598e-02 1.280e+05
1.336e-01 6.696e+04
1.326e-01 6.875e+04
7.382e-02 1.341e+05
1.298e-01 7.118e+04
9.435e-02 1.019e+05
7.326e-02 1.359e+05
7.383e-02 1.371e+05
7.076e-02 1.419e+05
7.414e-02 1.348e+05
9.274e-02 1.015e+05
8.863e-02 1.058e+05
1.408e-01 6.424e+04
9.904e-02 9.185e+04
7.317e-02 1.372e+05
7.201e-02 1.385e+05
7.529e-02 1.324e+05
1.307e-01 6.612e+04
7.377e-02 1.330e+05
7.563e-02 1.308e+05
7.313e-02 1.381e+05
7.445e-02 1.337e+05
8.153e-02 1.206e+05
7.555e-02 1.320e+05
8.604e-02 1.102e+05
7.458e-02 1.342e+05
7.359e-02 1.377e+05
7.054e-02 1.435e+05
8.915e-02 1.094e+05
7.580e-02 1.306e+05
7.416e-02 1.337e+05
8.302e-02 1.162e+05
7.550e-02 1.334e+05
1.393e-01 6.577e+04
7.281e-02 1.392e+05
1.178e-01 7.826e+04
7.828e-02 1.203e+05
7.143e-02 1.389e+05
7.660e-02 1.273e+05
7.515e-02 1.315e+05
7.496e-02 1.322e+05
7.160e-02 1.407e+05
1.282e-01 6.972e+04
8.867e-02 1.074e+05
8.335e-02 1.142e+05
7.571e-02 1.328e+05
1.337e-01 6.765e+04
1.326e-01 6.911e+04
7.837e-02 1.279e+05
7.284e-02 1.366e+05
7.413e-02 1.340e+05
7.415e-02 1.353e+05
7.631e-02 1.279e+05
1.222e-01 7.354e+04
9.378e-02 1.016e+05
8.771e-02 1.084e+05
7.594e-02 1.300e+05
1.237e-01 6.857e+04
1.236e-01 7.367e+04
7.432e-02 1.342e+05
7.453e-02 1.356e+05
7.671e-02 1.297e+05
7.332e-02 1.360e+05
9.519e-02 1.027e+05
7.826e-02 1.266e+05
7.310e-02 1.337e+05
7.691e-02 1.267e+05
1.050e-01 9.069e+04
7.376e-02 1.368e+05
7.417e-02 1.336e+05
7.582e-02 1.291e+05
1.096e-01 8.440e+04
7.415e-02 1.345e+05
1.030e-01 9.163e+04
9.237e-02 1.004e+05
7.208e-02 1.412e+05
7.221e-02 1.385e+05
1.283e-01 6.983e+04
7.206e-02 1.382e+05
1.292e-01 6.868e+04
1.369e-01 6.662e+04
7.910e-02 1.244e+05
7.098e-02 1.409e+05
7.284e-02 1.389e+05
7.369e-02 1.363e+05
7.424e-02 1.351e+05
8.015e-02 1.214e+05
7.344e-02 1.382e+05
7.366e-02 1.358e+05
7.221e-02 1.366e+05
7.308e-02 1.375e+05
8.385e-02 1.160e+05
1.042e-01 9.039e+04
7.903e-02 1.217e+05
1.367e-01 6.715e+04
7.273e-02 1.381e+05
7.380e-02 1.358e+05
1.327e-01 6.861e+04
7.993e-02 1.190e+05
7.440e-02 1.320e+05
7.445e-02 1.349e+05
7.052e-02 1.445e+05
1.091e-01 8.149e+04
7.432e-02 1.351e+05
7.117e-02 1.406e+05
7.354e-02 1.360e+05
1.273e-01 6.885e+04
1.301e-01 6.780e+04
1.173e-01 7.595e+04
1.356e-01 6.818e+04
7.087e-02 1.434e+05
7.550e-02 1.312e+05
7.865e-02 1.237e+05
1.363e-01 6.572e+04
7.746e-02 1.294e+05
7.266e-02 1.382e+05
7.749e-02 1.265e+05
7.408e-02 1.330e+05
1.306e-01 6.729e+04
1.139e-01 7.955e+04
7.063e-02 1.419e+05
7.859e-02 1.207e+05
7.697e-02 1.271e+05
7.409e-02 1.343e+05
1.020e-01 9.061e+04
1.186e-01 7.288e+04
7.469e-02 1.336e+05
7.297e-02 1.363e+05
1.297e-01 7.128e+04
7.464e-02 1.330e+05
8.499e-02 1.089e+05
7.356e-02 1.373e+05
1.125e-01 7.969e+04
7.802e-02 1.258e+05
7.320e-02 1.367e+05
1.383e-01 6.569e+04
7.486e-02 1.347e+05
1.312e-01 6.645e+04
7.141e-02 1.386e+05
1.126e-01 7.970e+04
7.644e-02 1.262e+05
7.341e-02 1.370e+05
7.414e-02 1.340e+05
7.552e-02 1.338e+05
7.492e-02 1.333e+05
7.658e-02 1.300e+05
7.305e-02 1.375e+05
7.377e-02 1.367e+05
7.513e-02 1.320e+05
7.207e-02 1.374e+05
7.080e-02 1.439e+05
7.447e-02 1.334e+05
1.339e-01 6.741e+04
9.944e-02 9.487e+04
7.316e-02 1.361e+05
7.200e-02 1.380e+05
7.333e-02 1.367e+05
7.563e-02 1.308e+05
9.875e-02 9.236e+04
7.435e-02 1.360e+05
9.983e-02 9.012e+04
7.219e-02 1.397e+05
1.278e-01 6.896e+04
7.416e-02 1.340e+05
7.188e-02 1.392e+05
1.322e-01 7.136e+04
1.209e-01 6.766e+04
8.232e-02 1.169e+05
7.201e-02 1.372e+05
7.303e-02 1.366e+05
1.328e-01 7.019e+04
1.280e-01 7.324e+04
7.558e-02 1.312e+05
9.410e-02 9.894e+04
7.693e-02 1.284e+05
8.313e-02 1.172e+05
7.494e-02 1.311e+05
7.268e-02 1.375e+05
8.081e-02 1.200e+05
1.050e-01 8.798e+04
7.490e-02 1.332e+05
7.571e-02 1.315e+05
7.860e-02 1.247e+05
8.868e-02 1.083e+05
7.563e-02 1.300e+05
7.655e-02 1.294e+05
7.329e-02 1.385e+05
1.197e-01 7.504e+04
7.560e-02 1.319e+05
7.350e-02 1.365e+05
1.124e-01 7.850e+04
7.859e-02 1.257e+05
7.324e-02 1.372e+05
8.763e-02 1.076e+05
1.128e-01 7.877e+04
7.773e-02 1.257e+05
7.276e-02 1.376e+05
1.319e-01 6.484e+04
7.180e-02 1.377e+05
7.610e-02 1.284e+05
9.188e-02 9.991e+04
7.911e-02 1.244e+05
7.268e-02 1.374e+05
7.080e-02 1.435e+05
7.242e-02 1.376e+05
7.454e-02 1.319e+05
7.258e-02 1.363e+05
1.318e-01 6.536e+04
9.387e-02 9.566e+04
7.140e-02 1.397e+05
1.150e-01 7.990e+04
7.605e-02 1.300e+05
7.220e-02 1.393e+05
7.836e-02 1.248e+05
7.518e-02 1.303e+05
1.375e-01 6.588e+04
1.271e-01 7.112e+04
1.327e-01 6.647e+04
7.305e-02 1.350e+05
7.435e-02 1.353e+05
7.366e-02 1.351e+05
7.465e-02 1.331e+05
7.484e-02 1.332e+05
8.162e-02 1.177e+05
7.194e-02 1.374e+05
7.385e-02 1.352e+05
7.475e-02 1.317e+05
7.149e-02 1.396e+05
8.835e-02 1.080e+05
7.396e-02 1.341e+05
1.198e-01 7.204e+04
7.477e-02 1.342e+05
7.973e-02 1.209e+05
1.120e-01 8.334e+04
7.767e-02 1.263e+05
7.348e-02 1.365e+05
7.330e-02 1.368e+05
1.354e-01 6.848e+04
7.269e-02 1.379e+05
1.114e-01 8.365e+04
7.439e-02 1.340e+05
7.148e-02 1.389e+05
7.309e-02 1.344e+05
7.074e-02 1.431e+05
9.491e-02 1.018e+05
1.137e-01 7.995e+04
7.614e-02 1.309e+05
1.357e-01 6.781e+04
1.071e-01 8.748e+04
8.830e-02 1.123e+05
7.014e-02 1.450e+05
1.159e-01 7.615e+04
9.922e-02 9.434e+04
7.327e-02 1.370e+05
1.282e-01 6.808e+04
1.126e-01 8.009e+04
1.260e-01 6.812e+04
7.404e-02 1.353e+05
1.222e-01 7.058e+04
9.912e-02 9.303e+04
9.068e-02 1.033e+05
7.931e-02 1.236e+05
7.458e-02 1.346e+05
7.211e-02 1.395e+05
8.267e-02 1.165e+05
7.321e-02 1.374e+05
7.198e-02 1.395e+05
7.025e-02 1.441e+05
1.081e-01 8.648e+04
7.539e-02 1.315e+05
7.381e-02 1.348e+05
9.128e-02 1.053e+05
1.412e-01 6.441e+04
7.209e-02 1.380e+05
7.284e-02 1.375e+05
7.193e-02 1.385e+05
7.218e-02 1.384e+05
7.367e-02 1.357e+05
1.358e-01 6.644e+04
1.080e-01 8.388e+04
7.211e-02 1.381e+05
7.195e-02 1.382e+05
1.246e-01 7.494e+04
1.246e-01 7.017e+04
9.999e-02 9.690e+04
7.364e-02 1.364e+05
7.755e-02 1.283e+05
1.339e-01 6.523e+04
7.389e-02 1.329e+05
1.102e-01 8.034e+04
7.428e-02 1.334e+05
7.592e-02 1.317e+05
7.787e-02 1.261e+05
7.827e-02 1.246e+05
7.562e-02 1.337e+05
7.298e-02 1.379e+05
7.353e-02 1.365e+05
7.225e-02 1.374e+05
1.319e-01 6.853e+04
1.282e-01 6.785e+04
7.408e-02 1.357e+05
1.320e-01 6.864e+04
7.555e-02 1.308e+05
7.385e-02 1.350e+05
7.291e-02 1.392e+05
8.701e-02 1.138e+05
7.047e-02 1.439e+05
7.959e-02 1.226e+05
7.048e-02 1.431e+05
7.557e-02 1.313e+05
7.385e-02 1.368e+05
7.378e-02 1.341e+05
7.099e-02 1.432e+05
7.399e-02 1.339e+05
1.185e-01 7.544e+04
7.162e-02 1.385e+05
1.228e-01 6.861e+04
7.813e-02 1.268e+05
7.264e-02 1.382e+05
1.041e-01 8.698e+04
7.590e-02 1.309e+05
7.735e-02 1.287e+05
7.049e-02 1.431e+05
1.262e-01 6.740e+04
7.265e-02 1.375e+05
7.508e-02 1.323e+05
7.414e-02 1.325e+05
7.190e-02 1.394e+05
1.225e-01 7.083e+04
7.392e-02 1.338e+05
7.113e-02 1.407e+05
7.298e-02 1.388e+05
7.058e-02 1.439e+05
7.541e-02 1.330e+05
1.204e-01 7.576e+04
1.329e-01 6.880e+04
8.460e-02 1.170e+05
7.415e-02 1.341e+05
7.737e-02 1.272e+05
7.466e-02 1.341e+05
1.183e-01 7.294e+04
1.380e-01 6.653e+04
7.702e-02 1.287e+05
1.191e-01 7.608e+04
8.182e-02 1.150e+05
7.241e-02 1.377e+05
7.633e-02 1.277e+05
8.654e-02 1.138e+05
7.624e-02 1.325e+05
1.244e-01 7.572e+04
7.298e-02 1.352e+05
7.921e-02 1.223e+05
9.761e-02 9.406e+04
7.268e-02 1.395e+05
7.977e-02 1.242e+05
1.431e-01 6.689e+04
7.494e-02 1.322e+05
7.019e-02 1.434e+05
7.379e-02 1.328e+05
7.457e-02 1.343e+05
7.206e-02 1.400e+05
7.625e-02 1.293e+05
9.197e-02 1.030e+05
8.434e-02 1.120e+05
1.284e-01 7.017e+04
7.844e-02 1.256e+05
1.327e-01 7.123e+04
7.296e-02 1.369e+05
7.662e-02 1.264e+05
9.438e-02 9.515e+04
1.292e-01 6.777e+04
7.390e-02 1.347e+05
7.602e-02 1.296e+05
1.326e-01 7.095e+04
7.192e-02 1.388e+05
7.381e-02 1.349e+05
1.334e-01 6.620e+04
1.372e-01 6.705e+04
1.322e-01 6.734e+04
1.247e-01 7.108e+04
7.393e-02 1.333e+05
1.054e-01 8.728e+04
9.244e-02 9.937e+04
8.523e-02 1.097e+05
1.237e-01 6.857e+04
7.321e-02 1.372e+05
1.402e-01 6.318e+04
7.382e-02 1.340e+05
7.339e-02 1.383e+05
1.301e-01 6.997e+04
1.290e-01 6.902e+04
7.668e-02 1.296e+05
7.213e-02 1.392e+05
7.561e-02 1.309e+05
7.200e-02 1.411e+05
7.560e-02 1.298e+05
7.456e-02 1.334e+05
7.099e-02 1.414e+05
8.760e-02 1.093e+05
7.575e-02 1.302e+05
7.504e-02 1.329e+05
1.054e-01 8.591e+04
7.244e-02 1.374e+05
7.206e-02 1.375e+05
1.121e-01 8.330e+04
7.280e-02 1.391e+05
1.334e-01 6.532e+04
7.649e-02 1.314e+05
7.561e-02 1.320e+05
7.361e-02 1.366e+05
7.885e-02 1.210e+05
7.308e-02 1.373e+05
7.251e-02 1.391e+05
7.274e-02 1.377e+05
7.315e-02 1.360e+05
7.299e-02 1.364e+05
1.005e-01 9.195e+04
1.250e-01 6.770e+04
9.014e-02 1.053e+05
7.306e-02 1.359e+05
7.451e-02 1.334e+05
7.454e-02 1.335e+05
1.110e-01 8.024e+04
1.255e-01 6.910e+04
7.254e-02 1.389e+05
7.473e-02 1.311e+05
7.451e-02 1.337e+05
7.227e-02 1.410e+05
7.172e-02 1.377e+05
7.629e-02 1.287e+05
8.261e-02 1.198e+05
1.305e-01 6.436e+04
7.358e-02 1.332e+05
7.417e-02 1.352e+05
7.554e-02 1.296e+05
1.153e-01 8.048e+04
7.272e-02 1.357e+05
7.718e-02 1.262e+05
7.317e-02 1.361e+05
7.310e-02 1.372e+05
7.136e-02 1.400e+05
7.098e-02 1.410e+05
7.312e-02 1.384e+05
7.331e-02 1.371e+05
7.280e-02 1.384e+05
7.801e-02 1.274e+05
7.648e-02 1.309e+05
1.327e-01 6.740e+04
7.667e-02 1.296e+05
1.148e-01 7.696e+04
7.363e-02 1.355e+05
1.192e-01 7.539e+04
7.274e-02 1.397e+05
7.648e-02 1.273e+05
7.078e-02 1.432e+05
7.390e-02 1.350e+05
7.673e-02 1.295e+05
1.361e-01 6.676e+04
7.570e-02 1.310e+05
7.354e-02 1.367e+05
7.058e-02 1.427e+05
1.311e-01 7.062e+04
1.040e-01 8.954e+04
7.490e-02 1.326e+05
1.275e-01 7.091e+04
7.315e-02 1.378e+05
7.304e-02 1.366e+05
7.434e-02 1.347e+05
7.139e-02 1.406e+05
9.399e-02 1.009e+05
7.176e-02 1.408e+05
7.577e-02 1.306e+05
7.514e-02 1.311e+05
1.362e-01 6.548e+04
7.148e-02 1.404e+05
7.388e-02 1.355e+05
7.567e-02 1.307e+05
7.297e-02 1.362e+05
8.979e-02 1.062e+05
7.310e-02 1.385e+05
7.392e-02 1.347e+05
7.386e-02 1.344e+05
7.502e-02 1.333e+05
1.248e-01 7.344e+04
1.285e-01 6.729e+04
7.229e-02 1.379e+05
1.336e-01 6.512e+04
1.079e-01 8.185e+04
7.372e-02 1.347e+05
7.421e-02 1.335e+05
1.256e-01 7.086e+04
1.092e-01 8.576e+04
7.317e-02 1.388e+05
1.337e-01 6.637e+04
1.223e-01 7.092e+04
1.074e-01 8.319e+04
7.376e-02 1.365e+05
7.394e-02 1.346e+05
8.442e-02 1.134e+05
7.556e-02 1.323e+05
1.287e-01 7.080e+04
7.470e-02 1.321e+05
7.066e-02 1.444e+05
1.128e-01 7.792e+04
1.292e-01 6.768e+04
7.409e-02 1.350e+05
7.516e-02 1.319e+05
1.387e-01 6.533e+04
7.292e-02 1.363e+05
7.249e-02 1.400e+05
1.360e-01 7.189e+04
7.777e-02 1.252e+05
8.356e-02 1.110e+05
8.002e-02 1.228e+05
7.698e-02 1.274e+05
1.068e-01 8.623e+04
8.324e-02 1.157e+05
8.827e-02 1.103e+05
7.195e-02 1.390e+05
7.220e-02 1.407e+05
7.500e-02 1.329e+05
1.298e-01 7.242e+04
1.115e-01 8.086e+04
7.276e-02 1.361e+05
7.408e-02 1.349e+05
1.273e-01 7.017e+04
7.567e-02 1.311e+05
7.683e-02 1.255e+05
7.389e-02 1.353e+05
7.583e-02 1.299e+05
7.529e-02 1.333e+05
7.615e-02 1.301e+05
1.305e-01 6.941e+04
1.191e-01 7.476e+04
7.730e-02 1.282e+05
7.853e-02 1.238e+05
7.066e-02 1.427e+05
7.281e-02 1.368e+05
8.651e-02 1.133e+05
7.406e-02 1.346e+05
7.626e-02 1.260e+05
1.367e-01 6.585e+04
7.410e-02 1.348e+05
7.223e-02 1.396e+05
1.382e-01 6.665e+04
1.287e-01 6.989e+04
7.984e-02 1.237e+05
7.502e-02 1.337e+05
7.580e-02 1.303e+05
7.513e-02 1.325e+05
7.231e-02 1.374e+05
1.440e-01 6.504e+04
7.344e-02 1.358e+05
7.612e-02 1.322e+05
1.342e-01 6.954e+04
1.208e-01 7.465e+04
7.014e-02 1.433e+05
1.130e-01 7.916e+04
7.524e-02 1.281e+05
7.763e-02 1.274e+05
1.212e-01 7.529e+04
7.397e-02 1.338e+05
1.297e-01 6.594e+04
7.604e-02 1.301e+05
7.239e-02 1.403e+05
7.368e-02 1.376e+05
8.477e-02 1.094e+05
8.978e-02 1.015e+05
7.426e-02 1.337e+05
7.168e-02 1.379e+05
7.343e-02 1.380e+05
1.074e-01 8.987e+04
1.264e-01 6.651e+04
1.336e-01 6.834e+04
7.233e-02 1.390e+05
7.407e-02 1.330e+05
7.522e-02 1.311e+05
1.190e-01 7.672e+04
7.865e-02 1.254e+05
7.340e-02 1.364e+05
7.420e-02 1.358e+05
9.461e-02 9.916e+04
1.138e-01 8.244e+04
1.177e-01 7.836e+04
8.164e-02 1.202e+05
7.400e-02 1.371e+05
7.173e-02 1.412e+05
7.295e-02 1.369e+05
7.311e-02 1.366e+05
7.177e-02 1.378e+05
1.336e-01 6.635e+04
8.174e-02 1.220e+05
1.166e-01 8.003e+04
1.230e-01 7.260e+04
7.212e-02 1.408e+05
7.297e-02 1.377e+05
7.362e-02 1.363e+05
7.269e-02 1.358e+05
7.877e-02 1.226e+05
7.130e-02 1.406e+05
7.201e-02 1.379e+05
7.286e-02 1.379e+05
7.445e-02 1.340e+05
1.320e-01 6.782e+04
1.231e-01 7.053e+04
9.725e-02 9.236e+04
1.272e-01 6.680e+04
9.627e-02 9.575e+04
7.708e-02 1.253e+05
1.104e-01 7.967e+04
7.467e-02 1.287e+05
7.399e-02 1.372e+05
7.335e-02 1.369e+05
1.135e-01 7.777e+04
1.281e-01 7.282e+04
1.044e-01 9.080e+04
1.307e-01 6.758e+04
7.033e-02 1.441e+05
1.104e-01 8.011e+04
7.389e-02 1.346e+05
1.317e-01 6.917e+04
7.740e-02 1.253e+05
1.187e-01 7.529e+04
7.672e-02 1.287e+05
1.140e-01 8.182e+04
8.135e-02 1.217e+05
9.565e-02 9.513e+04
7.385e-02 1.354e+05
7.143e-02 1.416e+05
7.292e-02 1.368e+05
7.282e-02 1.373e+05
8.259e-02 1.147e+05
1.382e-01 6.430e+04
7.214e-02 1.391e+05
7.518e-02 1.310e+05
1.104e-01 8.306e+04
1.194e-01 7.245e+04
1.282e-01 7.210e+04
1.024e-01 8.775e+04
7.552e-02 1.315e+05
7.103e-02 1.416e+05
1.343e-01 7.017e+04
7.287e-02 1.375e+05
8.056e-02 1.155e+05
9.141e-02 9.914e+04
1.378e-01 6.458e+04
7.245e-02 1.378e+05
1.337e-01 6.773e+04
1.169e-01 7.902e+04
1.310e-01 6.830e+04
7.439e-02 1.355e+05
7.298e-02 1.380e+05
7.490e-02 1.315e+05
7.944e-02 1.225e+05
7.196e-02 1.404e+05
7.436e-02 1.349e+05
7.109e-02 1.420e+05
7.678e-02 1.306e+05
1.273e-01 7.089e+04
7.300e-02 1.343e+05
1.099e-01 8.312e+04
7.578e-02 1.317e+05
9.209e-02 1.020e+05
9.898e-02 9.591e+04
7.278e-02 1.382e+05
9.134e-02 1.033e+05
7.490e-02 1.330e+05
7.248e-02 1.367e+05
7.153e-02 1.386e+05
7.135e-02 1.409e+05
7.695e-02 1.279e+05
1.307e-01 6.674e+04
7.490e-02 1.298e+05
7.406e-02 1.342e+05
7.074e-02 1.425e+05
7.478e-02 1.338e+05
7.537e-02 1.314e+05
1.286e-01 6.828e+04
7.349e-02 1.356e+05
7.443e-02 1.335e+05
7.386e-02 1.340e+05
1.030e-01 8.742e+04
1.404e-01 6.538e+04
7.166e-02 1.383e+05
1.059e-01 8.553e+04
7.391e-02 1.333e+05
1.298e-01 6.863e+04
1.014e-01 9.214e+04
1.378e-01 6.478e+04
7.465e-02 1.327e+05
1.263e-01 6.720e+04
1.401e-01 6.875e+04
7.314e-02 1.370e+05
7.337e-02 1.374e+05
7.475e-02 1.339e+05
1.260e-01 7.200e+04
7.372e-02 1.349e+05
8.208e-02 1.159e+05
8.642e-02 1.095e+05
7.394e-02 1.332e+05
9.993e-02 9.450e+04
8.022e-02 1.252e+05
7.416e-02 1.334e+05
1.310e-01 6.859e+04
7.282e-02 1.389e+05
7.230e-02 1.384e+05
1.363e-01 7.024e+04
1.288e-01 7.046e+04
7.201e-02 1.394e+05
7.179e-02 1.376e+05
7.279e-02 1.376e+05
1.341e-01 6.603e+04
7.287e-02 1.385e+05
7.426e-02 1.350e+05
7.604e-02 1.298e+05
7.171e-02 1.421e+05
7.260e-02 1.382e+05
6.978e-02 1.451e+05
7.168e-02 1.412e+05
1.379e-01 6.750e+04
7.533e-02 1.314e+05
7.980e-02 1.218e+05
7.267e-02 1.386e+05
7.410e-02 1.351e+05
7.180e-02 1.374e+05
1.130e-01 7.873e+04
7.174e-02 1.387e+05
7.387e-02 1.342e+05
7.405e-02 1.352e+05
7.380e-02 1.349e+05
7.401e-02 1.348e+05
7.965e-02 1.220e+05
7.245e-02 1.391e+05
8.996e-02 1.095e+05
7.830e-02 1.262e+05
1.306e-01 6.913e+04
1.239e-01 7.311e+04
9.705e-02 9.604e+04
7.225e-02 1.402e+05
1.400e-01 6.913e+04
7.579e-02 1.293e+05
7.789e-02 1.265e+05
7.210e-02 1.399e+05
7.364e-02 1.357e+05
1.029e-01 8.930e+04
1.116e-01 8.264e+04
7.339e-02 1.367e+05
7.303e-02 1.385e+05
7.162e-02 1.401e+05
7.387e-02 1.368e+05
7.442e-02 1.339e+05
1.372e-01 6.610e+04
7.807e-02 1.275e+05
7.629e-02 1.282e+05
7.720e-02 1.235e+05
1.108e-01 7.978e+04
1.265e-01 7.064e+04
7.298e-02 1.366e+05
7.098e-02 1.424e+05
7.321e-02 1.360e+05
1.387e-01 6.566e+04
9.052e-02 1.079e+05
7.448e-02 1.323e+05
7.470e-02 1.339e+05
7.242e-02 1.402e+05
1.099e-01 8.513e+04
7.260e-02 1.371e+05
7.234e-02 1.394e+05
8.649e-02 1.054e+05
7.093e-02 1.431e+05
1.033e-01 9.160e+04
1.295e-01 6.914e+04
7.157e-02 1.411e+05
1.296e-01 6.746e+04
7.160e-02 1.421e+05
7.673e-02 1.248e+05
1.037e-01 8.812e+04
7.270e-02 1.381e+05
1.403e-01 6.578e+04
1.045e-01 8.716e+04
1.396e-01 6.475e+04
7.413e-02 1.363e+05
7.759e-02 1.236e+05
7.534e-02 1.340e+05
8.980e-02 1.022e+05
7.090e-02 1.431e+05
7.138e-02 1.403e+05
1.336e-01 6.802e+04
1.220e-01 7.111e+04
7.330e-02 1.359e+05
7.215e-02 1.378e+05
7.563e-02 1.314e+05
7.380e-02 1.336e+05
1.293e-01 7.187e+04
7.214e-02 1.387e+05
1.077e-01 8.240e+04
7.517e-02 1.300e+05
9.390e-02 9.925e+04
7.290e-02 1.369e+05
7.506e-02 1.324e+05
7.328e-02 1.364e+05
1.206e-01 7.080e+04
7.306e-02 1.379e+05
1.004e-01 8.866e+04
9.913e-02 9.826e+04
8.762e-02 1.083e+05
1.289e-01 6.848e+04
9.280e-02 1.023e+05
7.259e-02 1.396e+05
7.486e-02 1.351e+05
7.503e-02 1.343e+05
7.288e-02 1.365e+05
7.718e-02 1.268e+05
7.473e-02 1.312e+05
1.312e-01 6.743e+04
1.320e-01 7.045e+04
1.268e-01 7.058e+04
1.020e-01 9.021e+04
1.190e-01 7.829e+04
7.459e-02 1.358e+05
7.417e-02 1.337e+05
7.288e-02 1.386e+05
7.648e-02 1.298e+05
7.103e-02 1.404e+05
7.319e-02 1.371e+05
7.088e-02 1.416e+05
7.760e-02 1.278e+05
7.482e-02 1.333e+05
1.204e-01 7.217e+04
7.569e-02 1.302e+05
7.583e-02 1.310e+05
1.325e-01 6.773e+04
1.173e-01 7.256e+04
7.080e-02 1.417e+05
7.479e-02 1.319e+05
8.106e-02 1.221e+05
1.302e-01 6.579e+04
7.320e-02 1.364e+05
1.089e-01 8.243e+04
1.358e-01 6.861e+04
7.228e-02 1.386e+05
7.321e-02 1.341e+05
7.315e-02 1.365e+05
7.384e-02 1.352e+05
7.165e-02 1.409e+05
7.058e-02 1.425e+05
7.304e-02 1.362e+05
7.248e-02 1.380e+05
7.393e-02 1.358e+05
8.894e-02 1.076e+05
7.407e-02 1.318e+05
1.305e-01 6.663e+04
1.257e-01 7.161e+04
8.735e-02 1.065e+05
7.361e-02 1.354e+05
1.274e-01 6.742e+04
7.220e-02 1.362e+05
7.963e-02 1.222e+05
7.317e-02 1.371e+05
7.175e-02 1.403e+05
8.022e-02 1.201e+05
1.338e-01 6.978e+04
7.294e-02 1.372e+05
7.431e-02 1.350e+05
7.094e-02 1.411e+05
1.267e-01 7.070e+04
1.315e-01 6.619e+04
7.075e-02 1.438e+05
7.492e-02 1.332e+05
7.634e-02 1.309e+05
1.234e-01 7.349e+04
7.347e-02 1.351e+05
7.777e-02 1.264e+05
7.486e-02 1.350e+05
1.092e-01 7.844e+04
7.340e-02 1.352e+05
7.791e-02 1.271e+05
7.077e-02 1.417e+05
7.158e-02 1.398e+05
1.387e-01 6.725e+04
1.192e-01 7.604e+04
7.385e-02 1.345e+05
7.184e-02 1.398e+05
9.107e-02 1.058e+05
8.868e-02 1.078e+05
8.919e-02 1.077e+05
1.096e-01 8.688e+04
1.308e-01 6.614e+04
7.311e-02 1.383e+05
7.461e-02 1.339e+05
7.372e-02 1.316e+05
1.004e-01 9.328e+04
1.246e-01 7.142e+04
7.422e-02 1.324e+05
1.309e-01 7.060e+04
7.585e-02 1.291e+05
7.340e-02 1.336e+05
7.827e-02 1.236e+05
7.470e-02 1.325e+05
8.399e-02 1.149e+05
8.626e-02 1.144e+05
1.150e-01 7.738e+04
7.386e-02 1.350e+05
9.588e-02 9.649e+04
8.051e-02 1.175e+05
1.271e-01 6.762e+04
7.855e-02 1.244e+05
1.334e-01 6.668e+04
7.252e-02 1.382e+05
9.272e-02 9.716e+04
1.234e-01 7.136e+04
1.356e-01 6.756e+04
1.393e-01 6.751e+04
7.533e-02 1.313e+05
8.040e-02 1.200e+05
1.005e-01 9.347e+04
7.418e-02 1.333e+05
8.615e-02 1.081e+05
7.779e-02 1.261e+05
1.305e-01 7.017e+04
7.647e-02 1.276e+05
7.049e-02 1.439e+05
7.526e-02 1.318e+05
1.187e-01 7.258e+04
7.249e-02 1.381e+05
1.240e-01 6.889e+04
7.316e-02 1.372e+05
7.240e-02 1.386e+05
7.204e-02 1.386e+05
7.312e-02 1.371e+05
7.426e-02 1.318e+05
7.268e-02 1.367e+05
7.390e-02 1.342e+05
7.265e-02 1.381e+05
7.335e-02 1.381e+05
7.332e-02 1.345e+05
1.215e-01 7.702e+04
7.472e-02 1.346e+05
9.387e-02 1.021e+05
7.561e-02 1.305e+05
7.521e-02 1.315e+05
1.339e-01 6.814e+04
7.857e-02 1.212e+05
1.332e-01 6.841e+04
7.670e-02 1.290e+05
9.102e-02 1.013e+05
9.913e-02 9.643e+04
7.467e-02 1.330e+05
7.371e-02 1.352e+05
7.377e-02 1.353e+05
7.197e-02 1.400e+05
9.280e-02 1.015e+05
8.434e-02 1.155e+05
1.230e-01 7.044e+04
1.292e-01 7.128e+04
7.242e-02 1.393e+05
7.481e-02 1.324e+05
7.527e-02 1.316e+05
7.234e-02 1.387e+05
7.213e-02 1.384e+05
7.634e-02 1.312e+05
7.162e-02 1.390e+05
1.313e-01 7.095e+04
7.177e-02 1.385e+05
7.203e-02 1.394e+05
7.328e-02 1.358e+05
1.335e-01 6.795e+04
7.303e-02 1.370e+05
7.364e-02 1.349e+05
7.222e-02 1.374e+05
7.457e-02 1.339e+05
1.328e-01 6.539e+04
7.311e-02 1.372e+05
1.357e-01 6.807e+04
7.504e-02 1.313e+05
7.813e-02 1.236e+05
7.097e-02 1.405e+05
7.690e-02 1.259e+05
1.155e-01 7.990e+04
1.258e-01 7.081e+04
1.185e-01 7.690e+04
9.148e-02 1.042e+05
7.237e-02 1.379e+05
1.087e-01 8.129e+04
7.477e-02 1.319e+05
7.551e-02 1.289e+05
7.889e-02 1.256e+05
7.203e-02 1.373e+05
7.212e-02 1.401e+05
1.293e-01 6.951e+04
7.517e-02 1.315e+05
7.376e-02 1.344e+05
9.000e-02 1.063e+05
1.338e-01 6.734e+04
1.294e-01 7.030e+04
7.436e-02 1.345e+05
7.333e-02 1.358e+05
1.108e-01 8.483e+04
1.339e-01 6.626e+04
7.563e-02 1.335e+05
7.417e-02 1.360e+05
7.220e-02 1.410e+05
7.290e-02 1.371e+05
7.336e-02 1.365e+05
9.008e-02 1.045e+05
9.859e-02 9.404e+04
1.114e-01 7.723e+04
7.216e-02 1.380e+05
7.489e-02 1.330e+05
1.265e-01 6.906e+04
7.381e-02 1.356e+05
7.480e-02 1.329e+05
7.508e-02 1.317e+05
7.115e-02 1.429e+05
1.012e-01 9.311e+04
7.035e-02 1.450e+05
1.023e-01 9.060e+04
7.317e-02 1.351e+05
7.264e-02 1.371e+05
7.437e-02 1.315e+05
1.143e-01 7.986e+04
7.106e-02 1.412e+05
7.310e-02 1.374e+05
7.343e-02 1.355e+05
7.540e-02 1.338e+05
7.208e-02 1.386e+05
7.092e-02 1.438e+05
1.372e-01 6.538e+04
7.178e-02 1.411e+05
8.291e-02 1.177e+05
1.270e-01 7.006e+04
1.165e-01 7.710e+04
1.301e-01 6.825e+04
7.519e-02 1.317e+05
7.079e-02 1.421e+05
1.029e-01 9.256e+04
1.261e-01 7.251e+04
1.229e-01 7.290e+04
7.351e-02 1.364e+05
7.377e-02 1.364e+05
7.360e-02 1.346e+05
7.177e-02 1.382e+05
1.281e-01 6.962e+04
7.496e-02 1.327e+05
1.339e-01 7.015e+04
8.955e-02 1.053e+05
7.429e-02 1.326e+05
7.240e-02 1.365e+05
7.153e-02 1.396e+05
7.950e-02 1.224e+05
7.508e-02 1.327e+05
7.885e-02 1.254e+05
7.291e-02 1.366e+05
7.664e-02 1.311e+05
7.949e-02 1.219e+05
7.370e-02 1.349e+05
7.279e-02 1.361e+05
7.805e-02 1.216e+05
1.300e-01 6.755e+04
7.690e-02 1.275e+05
7.391e-02 1.365e+05
1.350e-01 6.524e+04
8.524e-02 1.112e+05
1.314e-01 6.369e+04
7.068e-02 1.434e+05
7.363e-02 1.340e+05
7.198e-02 1.395e+05
7.283e-02 1.385e+05
1.137e-01 8.045e+04
7.810e-02 1.274e+05
7.221e-02 1.401e+05
7.370e-02 1.375e+05
1.034e-01 8.552e+04
1.036e-01 9.305e+04
1.373e-01 6.774e+04
1.365e-01 6.836e+04
8.374e-02 1.142e+05
8.539e-02 1.069e+05
7.227e-02 1.395e+05
7.297e-02 1.393e+05
7.424e-02 1.338e+05
1.139e-01 7.995e+04
8.630e-02 1.097e+05
7.469e-02 1.340e+05
7.199e-02 1.381e+05
7.358e-02 1.370e+05
7.578e-02 1.300e+05
9.425e-02 9.933e+04
7.106e-02 1.412e+05
7.667e-02 1.294e+05
7.354e-02 1.345e+05
7.305e-02 1.388e+05
7.426e-02 1.339e+05
8.218e-02 1.154e+05
8.380e-02 1.142e+05
1.312e-01 6.761e+04
1.130e-01 8.218e+04
7.379e-02 1.349e+05
7.041e-02 1.425e+05
9.602e-02 9.794e+04
1.331e-01 6.717e+04
7.426e-02 1.309e+05
8.883e-02 1.090e+05
1.068e-01 9.047e+04
7.076e-02 1.413e+05
7.354e-02 1.341e+05
7.371e-02 1.362e+05
7.859e-02 1.253e+05
7.223e-02 1.398e+05
1.368e-01 6.743e+04
7.084e-02 1.405e+05
1.344e-01 6.563e+04
7.223e-02 1.396e+05
7.218e-02 1.383e+05
1.331e-01 6.356e+04
7.363e-02 1.325e+05
7.436e-02 1.353e+05
7.734e-02 1.262e+05
7.330e-02 1.381e+05
7.476e-02 1.330e+05
7.435e-02 1.326e+05
7.308e-02 1.373e+05
1.124e-01 8.184e+04
7.451e-02 1.341e+05
7.446e-02 1.337e+05
1.346e-01 6.972e+04
1.292e-01 7.311e+04
7.330e-02 1.368e+05
9.719e-02 9.944e+04
9.466e-02 9.837e+04
7.482e-02 1.341e+05
7.526e-02 1.323e+05
7.333e-02 1.370e+05
8.838e-02 1.049e+05
7.318e-02 1.369e+05
1.002e-01 8.942e+04
7.451e-02 1.332e+05
1.264e-01 6.618e+04
7.757e-02 1.246e+05
7.386e-02 1.351e+05
1.326e-01 6.656e+04
1.192e-01 7.157e+04
7.195e-02 1.386e+05
1.204e-01 7.218e+04
7.452e-02 1.326e+05
7.500e-02 1.315e+05
7.481e-02 1.330e+05
7.277e-02 1.369e+05
1.371e-01 7.098e+04
7.358e-02 1.358e+05
7.343e-02 1.361e+05
1.049e-01 8.927e+04
8.534e-02 1.122e+05
8.904e-02 1.076e+05
7.454e-02 1.327e+05
9.077e-02 1.040e+05
7.850e-02 1.238e+05
7.342e-02 1.352e+05
7.185e-02 1.384e+05
7.388e-02 1.347e+05
1.341e-01 6.756e+04
1.142e-01 7.626e+04
1.282e-01 7.255e+04
7.370e-02 1.337e+05
7.468e-02 1.329e+05
1.371e-01 6.913e+04
7.458e-02 1.349e+05
1.320e-01 6.606e+04
1.155e-01 7.780e+04
8.528e-02 1.158e+05
7.814e-02 1.238e+05
7.703e-02 1.279e+05
1.368e-01 6.600e+04
8.666e-02 1.112e+05
7.092e-02 1.416e+05
1.293e-01 6.599e+04
7.474e-02 1.319e+05
7.410e-02 1.347e+05
8.060e-02 1.201e+05
9.578e-02 9.751e+04
8.035e-02 1.229e+05
7.432e-02 1.342e+05
1.072e-01 8.636e+04
7.207e-02 1.396e+05
9.586e-02 9.633e+04
7.281e-02 1.363e+05
1.051e-01 8.594e+04
7.363e-02 1.334e+05
7.288e-02 1.363e+05
7.279e-02 1.358e+05
7.250e-02 1.375e+05
7.346e-02 1.347e+05
7.073e-02 1.421e+05
7.453e-02 1.335e+05
8.387e-02 1.160e+05
7.134e-02 1.401e+05
7.354e-02 1.370e+05
7.333e-02 1.354e+05
7.209e-02 1.398e+05
1.255e-01 7.490e+04
7.565e-02 1.319e+05
7.085e-02 1.407e+05
1.070e-01 8.881e+04
7.501e-02 1.317e+05
7.409e-02 1.358e+05
8.035e-02 1.195e+05
7.850e-02 1.279e+05
7.367e-02 1.356e+05
7.483e-02 1.336e+05
7.785e-02 1.260e+05
1.254e-01 7.215e+04
7.347e-02 1.352e+05
7.826e-02 1.258e+05
7.328e-02 1.370e+05
7.237e-02 1.368e+05
7.533e-02 1.341e+05
7.749e-02 1.228e+05
7.602e-02 1.268e+05
7.299e-02 1.375e+05
7.080e-02 1.432e+05
1.259e-01 7.334e+04
1.434e-01 6.822e+04
7.573e-02 1.299e+05
7.166e-02 1.396e+05
7.384e-02 1.339e+05
9.639e-02 9.830e+04
1.306e-01 6.699e+04
1.190e-01 7.778e+04
7.485e-02 1.309e+05
7.365e-02 1.376e+05
7.339e-02 1.374e+05
1.363e-01 6.851e+04
7.151e-02 1.406e+05
7.349e-02 1.346e+05
7.508e-02 1.328e+05
7.580e-02 1.292e+05
8.077e-02 1.200e+05
7.507e-02 1.316e+05
7.225e-02 1.380e+05
7.246e-02 1.386e+05
9.096e-02 1.033e+05
1.318e-01 6.606e+04
1.162e-01 7.811e+04
7.403e-02 1.358e+05
8.047e-02 1.214e+05
7.594e-02 1.316e+05
7.940e-02 1.210e+05
7.800e-02 1.224e+05
1.314e-01 7.176e+04
7.367e-02 1.363e+05
7.444e-02 1.325e+05
7.331e-02 1.368e+05
7.457e-02 1.339e+05
9.506e-02 9.775e+04
9.645e-02 1.002e+05
7.253e-02 1.376e+05
1.289e-01 6.839e+04
7.475e-02 1.331e+05
7.356e-02 1.361e+05
1.263e-01 6.865e+04
7.355e-02 1.354e+05
8.652e-02 1.150e+05
7.422e-02 1.363e+05
7.543e-02 1.319e+05
1.197e-01 6.866e+04
7.158e-02 1.417e+05
8.018e-02 1.215e+05
1.248e-01 7.336e+04
7.091e-02 1.416e+05
7.518e-02 1.310e+05
7.186e-02 1.392e+05
8.194e-02 1.137e+05
1.283e-01 6.540e+04
7.051e-02 1.436e+05
7.471e-02 1.335e+05
7.621e-02 1.311e+05
7.213e-02 1.403e+05
7.016e-02 1.448e+05
7.338e-02 1.358e+05
8.289e-02 1.191e+05
7.605e-02 1.282e+05
7.384e-02 1.367e+05
7.164e-02 1.386e+05
8.209e-02 1.197e+05
7.536e-02 1.276e+05
7.100e-02 1.434e+05
7.392e-02 1.340e+05
7.661e-02 1.283e+05
1.347e-01 6.505e+04
1.263e-01 6.885e+04
7.221e-02 1.384e+05
7.293e-02 1.370e+05
7.783e-02 1.241e+05
1.208e-01 7.531e+04
1.171e-01 7.428e+04
7.435e-02 1.320e+05
1.147e-01 7.975e+04
1.162e-01 7.696e+04
1.294e-01 6.832e+04
9.861e-02 9.052e+04
7.420e-02 1.345e+05
7.654e-02 1.290e+05
1.350e-01 6.848e+04
1.225e-01 7.230e+04
7.362e-02 1.362e+05
7.719e-02 1.270e+05
1.098e-01 7.989e+04
7.492e-02 1.312e+05
7.261e-02 1.368e+05
1.183e-01 7.440e+04
1.393e-01 6.332e+04
7.636e-02 1.323e+05
7.386e-02 1.367e+05
1.338e-01 6.549e+04
7.136e-02 1.401e+05
1.234e-01 7.375e+04
7.263e-02 1.365e+05
7.444e-02 1.348e+05
7.055e-02 1.422e+05
1.317e-01 7.203e+04
7.068e-02 1.428e+05
7.090e-02 1.434e+05
7.208e-02 1.390e+05
1.037e-01 8.863e+04
1.324e-01 6.706e+04
7.373e-02 1.348e+05
7.179e-02 1.406e+05
7.398e-02 1.353e+05
1.303e-01 6.892e+04
1.200e-01 7.247e+04
7.790e-02 1.268e+05
7.321e-02 1.358e+05
1.158e-01 7.315e+04
8.744e-02 1.079e+05
8.485e-02 1.131e+05
7.584e-02 1.307e+05
7.314e-02 1.371e+05
1.309e-01 6.767e+04
1.340e-01 6.932e+04
1.307e-01 6.962e+04
7.658e-02 1.265e+05
1.300e-01 7.123e+04
9.233e-02 9.802e+04
7.274e-02 1.377e+05
7.042e-02 1.427e+05
7.538e-02 1.315e+05
7.459e-02 1.357e+05
8.189e-02 1.180e+05
7.493e-02 1.326e+05
7.274e-02 1.380e+05
7.282e-02 1.389e+05
1.303e-01 6.744e+04
1.362e-01 6.756e+04
1.178e-01 7.563e+04
7.358e-02 1.342e+05
7.222e-02 1.401e+05
7.192e-02 1.393e+05
1.199e-01 7.178e+04
1.355e-01 6.710e+04
7.158e-02 1.400e+05
1.131e-01 8.375e+04
7.633e-02 1.271e+05
7.585e-02 1.305e+05
1.299e-01 6.882e+04
1.093e-01 8.468e+04
7.243e-02 1.387e+05
7.396e-02 1.338e+05
1.210e-01 7.543e+04
1.153e-01 7.622e+04
7.270e-02 1.388e+05
7.364e-02 1.359e+05
7.291e-02 1.376e+05
7.660e-02 1.299e+05
1.173e-01 7.943e+04
7.837e-02 1.257e+05
7.652e-02 1.310e+05
1.174e-01 7.593e+04
1.296e-01 6.886e+04
1.310e-01 6.866e+04
7.110e-02 1.414e+05
8.207e-02 1.134e+05
7.334e-02 1.364e+05
9.866e-02 9.873e+04
7.459e-02 1.332e+05
7.175e-02 1.372e+05
7.084e-02 1.423e+05
9.820e-02 9.360e+04
1.110e-01 8.389e+04
7.157e-02 1.410e+05
7.377e-02 1.357e+05
7.497e-02 1.338e+05
7.065e-02 1.427e+05
7.188e-02 1.385e+05
7.168e-02 1.421e+05
1.243e-01 6.923e+04
1.246e-01 7.118e+04
7.367e-02 1.348e+05
7.075e-02 1.414e+05
7.669e-02 1.295e+05
1.396e-01 6.427e+04
8.594e-02 1.114e+05
7.225e-02 1.396e+05
1.182e-01 7.624e+04
1.301e-01 7.071e+04
8.946e-02 1.084e+05
7.465e-02 1.336e+05
7.288e-02 1.378e+05
1.291e-01 7.409e+04
7.447e-02 1.333e+05
1.258e-01 6.884e+04
7.311e-02 1.373e+05
1.146e-01 7.929e+04
7.046e-02 1.427e+05
1.250e-01 7.002e+04
7.048e-02 1.429e+05
7.664e-02 1.276e+05
7.271e-02 1.376e+05
1.311e-01 6.410e+04
7.203e-02 1.376e+05
7.271e-02 1.378e+05
1.171e-01 8.163e+04
7.715e-02 1.290e+05
7.317e-02 1.335e+05
1.289e-01 7.063e+04
1.207e-01 7.328e+04
7.481e-02 1.327e+05
1.086e-01 7.961e+04
8.020e-02 1.209e+05
1.366e-01 6.654e+04
7.539e-02 1.314e+05
7.979e-02 1.211e+05
7.337e-02 1.366e+05
1.348e-01 6.935e+04
7.883e-02 1.242e+05
1.400e-01 6.509e+04
7.519e-02 1.317e+05
7.045e-02 1.424e+05
7.837e-02 1.247e+05
7.431e-02 1.344e+05
7.031e-02 1.445e+05
7.107e-02 1.399e+05
7.269e-02 1.353e+05
7.511e-02 1.329e+05
1.228e-01 6.947e+04
1.234e-01 7.413e+04
7.465e-02 1.333e+05
7.084e-02 1.430e+05
7.111e-02 1.430e+05
1.211e-01 7.564e+04
1.393e-01 6.536e+04
7.409e-02 1.328e+05
1.020e-01 9.261e+04
7.365e-02 1.342e+05
8.995e-02 1.068e+05
7.320e-02 1.369e+05
8.113e-02 1.174e+05
7.309e-02 1.360e+05
8.795e-02 1.112e+05
7.282e-02 1.372e+05
1.349e-01 6.647e+04
7.459e-02 1.342e+05
7.615e-02 1.293e+05
7.679e-02 1.267e+05
7.447e-02 1.344e+05
8.160e-02 1.210e+05
1.323e-01 6.975e+04
7.547e-02 1.300e+05
7.109e-02 1.423e+05
9.080e-02 1.005e+05
7.289e-02 1.354e+05
7.090e-02 1.418e+05
1.314e-01 6.875e+04
7.315e-02 1.353e+05
7.753e-02 1.252e+05
7.396e-02 1.373e+05
7.442e-02 1.338e+05
7.039e-02 1.447e+05
7.322e-02 1.356e+05
1.000e-01 9.378e+04
1.215e-01 7.467e+04
7.218e-02 1.391e+05
7.408e-02 1.345e+05
7.563e-02 1.325e+05
7.393e-02 1.363e+05
7.202e-02 1.402e+05
7.303e-02 1.354e+05
1.196e-01 7.239e+04
7.517e-02 1.317e+05
7.619e-02 1.310e+05
7.519e-02 1.324e+05
7.414e-02 1.326e+05
7.369e-02 1.363e+05
7.312e-02 1.362e+05
7.236e-02 1.387e+05
7.151e-02 1.405e+05
1.086e-01 8.602e+04
7.296e-02 1.374e+05
8.357e-02 1.124e+05
1.119e-01 7.676e+04
1.321e-01 6.801e+04
7.532e-02 1.313e+05
8.155e-02 1.196e+05
7.495e-02 1.337e+05
1.408e-01 6.648e+04
7.361e-02 1.379e+05
7.418e-02 1.344e+05
7.874e-02 1.229e+05
7.218e-02 1.408e+05
7.389e-02 1.364e+05
9.285e-02 1.007e+05
7.024e-02 1.441e+05
7.263e-02 1.403e+05
7.491e-02 1.324e+05
7.386e-02 1.328e+05
7.450e-02 1.352e+05
8.470e-02 1.089e+05
1.197e-01 7.685e+04
7.207e-02 1.384e+05
1.172e-01 7.203e+04
9.132e-02 1.011e+05
7.180e-02 1.378e+05
1.161e-01 8.008e+04
8.180e-02 1.144e+05
1.172e-01 7.722e+04
7.324e-02 1.349e+05
7.144e-02 1.423e+05
7.239e-02 1.408e+05
7.338e-02 1.364e+05
7.279e-02 1.373e+05
1.333e-01 6.643e+04
7.310e-02 1.372e+05
7.076e-02 1.425e+05
7.435e-02 1.342e+05
7.462e-02 1.336e+05
1.172e-01 7.992e+04
7.347e-02 1.358e+05
7.481e-02 1.325e+05
1.171e-01 7.769e+04
1.239e-01 6.945e+04
7.101e-02 1.427e+05
7.441e-02 1.333e+05
7.704e-02 1.291e+05
9.133e-02 9.935e+04
7.256e-02 1.360e+05
1.084e-01 8.511e+04
7.413e-02 1.364e+05
7.344e-02 1.360e+05
7.027e-02 1.440e+05
8.684e-02 1.089e+05
7.473e-02 1.322e+05
1.347e-01 6.620e+04
7.501e-02 1.324e+05
1.021e-01 8.880e+04
9.152e-02 1.042e+05
9.219e-02 1.015e+05
8.644e-02 1.124e+05
7.586e-02 1.291e+05
1.200e-01 6.942e+04
7.300e-02 1.367e+05
7.340e-02 1.359e+05
7.557e-02 1.310e+05
7.912e-02 1.205e+05
7.337e-02 1.351e+05
7.699e-02 1.277e+05
1.242e-01 7.171e+04
1.376e-01 6.714e+04
1.344e-01 6.834e+04
8.333e-02 1.190e+05
7.213e-02 1.363e+05
7.269e-02 1.399e+05
1.066e-01 8.920e+04
7.086e-02 1.419e+05
6.992e-02 1.441e+05
7.309e-02 1.376e+05
7.497e-02 1.348e+05
7.748e-02 1.261e+05
7.280e-02 1.389e+05
7.501e-02 1.292e+05
7.309e-02 1.381e+05
1.168e-01 7.853e+04
7.348e-02 1.370e+05
1.239e-01 7.400e+04
7.526e-02 1.311e+05
1.074e-01 8.760e+04
7.610e-02 1.298e+05
7.284e-02 1.392e+05
7.400e-02 1.360e+05
7.058e-02 1.439e+05
1.068e-01 8.837e+04
7.437e-02 1.338e+05
1.029e-01 9.073e+04
7.598e-02 1.286e+05
1.232e-01 7.010e+04
7.535e-02 1.304e+05
1.335e-01 7.027e+04
7.298e-02 1.363e+05
7.184e-02 1.414e+05
7.364e-02 1.358e+05
7.621e-02 1.285e+05
1.310e-01 6.830e+04
7.620e-02 1.293e+05
7.496e-02 1.283e+05
1.108e-01 8.307e+04
7.344e-02 1.352e+05
7.398e-02 1.331e+05
7.192e-02 1.400e+05
8.052e-02 1.243e+05
7.343e-02 1.355e+05
7.571e-02 1.301e+05
9.658e-02 9.564e+04
7.156e-02 1.391e+05
1.285e-01 6.841e+04
8.188e-02 1.161e+05
7.234e-02 1.371e+05
7.320e-02 1.365e+05
7.487e-02 1.314e+05
7.390e-02 1.345e+05
7.258e-02 1.364e+05
7.246e-02 1.361e+05
1.444e-01 6.690e+04
1.305e-01 6.856e+04
7.536e-02 1.336e+05
1.389e-01 6.786e+04
7.351e-02 1.349e+05
7.297e-02 1.363e+05
7.261e-02 1.383e+05
1.183e-01 7.752e+04
1.355e-01 6.837e+04
7.859e-02 1.225e+05
7.185e-02 1.415e+05
7.516e-02 1.297e+05
7.273e-02 1.361e+05
1.002e-01 9.298e+04
7.510e-02 1.335e+05
9.131e-02 1.025e+05
8.310e-02 1.137e+05
8.383e-02 1.125e+05
8.302e-02 1.172e+05
7.221e-02 1.393e+05
1.219e-01 7.726e+04
7.494e-02 1.319e+05
1.097e-01 8.721e+04
7.348e-02 1.346e+05
7.182e-02 1.402e+05
9.128e-02 1.049e+05
1.256e-01 7.485e+04
1.129e-01 8.371e+04
7.490e-02 1.321e+05
8.127e-02 1.224e+05
7.062e-02 1.437e+05
1.108e-01 8.194e+04
7.781e-02 1.292e+05
8.685e-02 1.105e+05
1.174e-01 7.902e+04
7.283e-02 1.353e+05
8.347e-02 1.146e+05
8.141e-02 1.152e+05
7.434e-02 1.334e+05
7.708e-02 1.278e+05
7.100e-02 1.419e+05
1.288e-01 7.188e+04
1.001e-01 9.129e+04
7.112e-02 1.421e+05
1.244e-01 7.128e+04
7.830e-02 1.273e+05
1.400e-01 6.742e+04
1.276e-01 7.070e+04
7.756e-02 1.262e+05
7.305e-02 1.371e+05
7.547e-02 1.317e+05
7.570e-02 1.323e+05
1.283e-01 7.006e+04
1.032e-01 9.466e+04
1.214e-01 7.367e+04
9.411e-02 1.014e+05
7.481e-02 1.327e+05
1.292e-01 7.045e+04
1.280e-01 7.124e+04
7.365e-02 1.344e+05
7.804e-02 1.249e+05
1.228e-01 7.549e+04
7.131e-02 1.409e+05
7.629e-02 1.309e+05
7.284e-02 1.357e+05
7.290e-02 1.377e+05
7.513e-02 1.335e+05
7.129e-02 1.421e+05
1.356e-01 6.634e+04
7.615e-02 1.309e+05
7.292e-02 1.384e+05
7.323e-02 1.377e+05
8.512e-02 1.147e+05
7.349e-02 1.357e+05
7.047e-02 1.441e+05
7.529e-02 1.329e+05
1.288e-01 7.026e+04
8.359e-02 1.134e+05
9.383e-02 1.021e+05
7.295e-02 1.375e+05
7.224e-02 1.397e+05
7.644e-02 1.288e+05
7.340e-02 1.381e+05
1.405e-01 6.614e+04
8.164e-02 1.176e+05
7.318e-02 1.355e+05
7.449e-02 1.321e+05
7.728e-02 1.270e+05
1.345e-01 6.742e+04
8.179e-02 1.204e+05
1.127e-01 7.811e+04
1.201e-01 7.756e+04
8.815e-02 1.063e+05
1.158e-01 7.804e+04
7.194e-02 1.374e+05
1.073e-01 8.831e+04
7.563e-02 1.313e+05
7.451e-02 1.338e+05
7.311e-02 1.369e+05
1.303e-01 6.844e+04
7.831e-02 1.243e+05
1.299e-01 6.742e+04
7.555e-02 1.311e+05
7.236e-02 1.388e+05
7.361e-02 1.360e+05
1.286e-01 7.002e+04
7.590e-02 1.296e+05
9.174e-02 1.007e+05
8.597e-02 1.106e+05
7.901e-02 1.185e+05
7.627e-02 1.293e+05
1.259e-01 7.197e+04
1.171e-01 7.406e+04
7.580e-02 1.269e+05
7.237e-02 1.375e+05
7.224e-02 1.382e+05
7.178e-02 1.388e+05
7.678e-02 1.272e+05
7.477e-02 1.298e+05
7.358e-02 1.352e+05
7.501e-02 1.340e+05
7.388e-02 1.354e+05
8.497e-02 1.165e+05
7.700e-02 1.282e+05
7.144e-02 1.421e+05
7.475e-02 1.315e+05
7.021e-02 1.434e+05
1.407e-01 6.835e+04
7.295e-02 1.370e+05
7.354e-02 1.349e+05
8.582e-02 1.138e+05
8.322e-02 1.140e+05
7.573e-02 1.287e+05
7.426e-02 1.359e+05
7.085e-02 1.407e+05
7.379e-02 1.361e+05
7.256e-02 1.371e+05
7.382e-02 1.364e+05
1.005e-01 8.819e+04
7.836e-02 1.258e+05
7.786e-02 1.279e+05
8.211e-02 1.165e+05
7.207e-02 1.384e+05
7.388e-02 1.357e+05
1.256e-01 6.833e+04
7.101e-02 1.412e+05
1.355e-01 6.889e+04
1.025e-01 9.374e+04
7.274e-02 1.348e+05
7.270e-02 1.391e+05
7.352e-02 1.378e+05
7.265e-02 1.369e+05
7.643e-02 1.302e+05
7.338e-02 1.359e+05
7.894e-02 1.232e+05
1.215e-01 7.329e+04
7.107e-02 1.418e+05
8.583e-02 1.148e+05
1.259e-01 7.114e+04
9.576e-02 9.659e+04
7.319e-02 1.367e+05
8.128e-02 1.148e+05
7.353e-02 1.366e+05
7.310e-02 1.380e+05
1.390e-01 6.679e+04
7.825e-02 1.210e+05
8.575e-02 1.123e+05
7.390e-02 1.339e+05
7.391e-02 1.356e+05
7.161e-02 1.382e+05
7.279e-02 1.371e+05
1.276e-01 6.841e+04
1.087e-01 8.011e+04
7.954e-02 1.226e+05
7.195e-02 1.392e+05
8.357e-02 1.182e+05
7.100e-02 1.408e+05
1.265e-01 7.046e+04
7.066e-02 1.418e+05
1.332e-01 6.658e+04
7.835e-02 1.278e+05
8.265e-02 1.160e+05
7.119e-02 1.403e+05
6.985e-02 1.447e+05
7.441e-02 1.337e+05
7.399e-02 1.319e+05
7.491e-02 1.329e+05
7.178e-02 1.395e+05
7.279e-02 1.389e+05
1.164e-01 7.589e+04
7.198e-02 1.377e+05
1.208e-01 7.745e+04
8.351e-02 1.153e+05
7.601e-02 1.262e+05
7.775e-02 1.270e+05
7.502e-02 1.318e+05
1.332e-01 6.506e+04
9.282e-02 9.830e+04
7.196e-02 1.394e+05
7.510e-02 1.320e+05
7.371e-02 1.340e+05
7.427e-02 1.342e+05
7.576e-02 1.312e+05
7.333e-02 1.376e+05
7.812e-02 1.243e+05
8.421e-02 1.107e+05
8.375e-02 1.160e+05
7.329e-02 1.361e+05
7.677e-02 1.260e+05
7.030e-02 1.450e+05
1.332e-01 6.682e+04
9.804e-02 9.757e+04
7.537e-02 1.316e+05
7.443e-02 1.326e+05
1.290e-01 7.087e+04
1.329e-01 7.088e+04
8.512e-02 1.162e+05
8.307e-02 1.117e+05
7.153e-02 1.396e+05
7.289e-02 1.373e+05
7.627e-02 1.299e+05
9.236e-02 1.002e+05
1.165e-01 7.993e+04
7.128e-02 1.409e+05
7.666e-02 1.286e+05
7.269e-02 1.360e+05
7.807e-02 1.253e+05
7.725e-02 1.281e+05
7.944e-02 1.224e+05
1.035e-01 8.939e+04
7.804e-02 1.259e+05
9.512e-02 9.703e+04
7.502e-02 1.332e+05
7.115e-02 1.405e+05
7.118e-02 1.403e+05
1.314e-01 6.806e+04
1.247e-01 6.886e+04
7.771e-02 1.255e+05
7.649e-02 1.276e+05
1.413e-01 6.557e+04
8.765e-02 1.111e+05
8.003e-02 1.233e+05
7.031e-02 1.435e+05
8.473e-02 1.116e+05
1.246e-01 7.306e+04
7.252e-02 1.373e+05
7.339e-02 1.386e+05
9.140e-02 1.047e+05
9.115e-02 1.043e+05
7.519e-02 1.330e+05
7.322e-02 1.369e+05
7.286e-02 1.370e+05
7.152e-02 1.405e+05
7.324e-02 1.370e+05
7.145e-02 1.401e+05
8.797e-02 1.103e+05
7.212e-02 1.372e+05
7.289e-02 1.393e+05
7.719e-02 1.243e+05
1.296e-01 6.864e+04
7.044e-02 1.417e+05
8.196e-02 1.186e+05
7.588e-02 1.302e+05
1.237e-01 7.218e+04
7.399e-02 1.351e+05
7.472e-02 1.348e+05
7.299e-02 1.359e+05
7.488e-02 1.336e+05
1.359e-01 6.740e+04
7.923e-02 1.219e+05
1.164e-01 7.740e+04
7.511e-02 1.312e+05
9.458e-02 9.959e+04
7.276e-02 1.397e+05
7.169e-02 1.406e+05
1.251e-01 6.855e+04
7.365e-02 1.342e+05
1.217e-01 7.308e+04
7.134e-02 1.424e+05
7.328e-02 1.385e+05
7.226e-02 1.374e+05
7.241e-02 1.377e+05
7.424e-02 1.358e+05
1.344e-01 6.594e+04
7.580e-02 1.297e+05
1.203e-01 7.724e+04
7.304e-02 1.373e+05
8.984e-02 1.056e+05
7.295e-02 1.364e+05
7.554e-02 1.298e+05
9.771e-02 9.462e+04
7.201e-02 1.400e+05
7.248e-02 1.403e+05
7.210e-02 1.412e+05
7.293e-02 1.361e+05
9.561e-02 9.710e+04
7.467e-02 1.339e+05
9.205e-02 9.930e+04
8.137e-02 1.185e+05
7.281e-02 1.393e+05
7.350e-02 1.355e+05
1.044e-01 8.857e+04
7.558e-02 1.321e+05
1.135e-01 7.799e+04
1.307e-01 6.903e+04
7.259e-02 1.380e+05
9.235e-02 1.009e+05
7.132e-02 1.399e+05
7.630e-02 1.279e+05
9.631e-02 9.896e+04
8.163e-02 1.180e+05
7.235e-02 1.384e+05
7.204e-02 1.415e+05
1.296e-01 6.819e+04
1.138e-01 8.147e+04
8.250e-02 1.151e+05
1.352e-01 6.805e+04
8.500e-02 1.133e+05
7.398e-02 1.343e+05
7.093e-02 1.414e+05
9.293e-02 9.892e+04
7.153e-02 1.416e+05
7.299e-02 1.354e+05
7.978e-02 1.215e+05
7.212e-02 1.390e+05
7.416e-02 1.365e+05
7.428e-02 1.325e+05
7.370e-02 1.338e+05
1.345e-01 6.707e+04
7.368e-02 1.363e+05
7.396e-02 1.363e+05
7.478e-02 1.328e+05
1.334e-01 6.915e+04
1.236e-01 6.988e+04
1.270e-01 6.869e+04
9.038e-02 1.044e+05
7.688e-02 1.260e+05
1.056e-01 8.640e+04
7.428e-02 1.341e+05
7.166e-02 1.381e+05
1.102e-01 8.101e+04
7.532e-02 1.294e+05
7.689e-02 1.265e+05
1.044e-01 8.367e+04
1.100e-01 8.517e+04
7.342e-02 1.357e+05
7.337e-02 1.380e+05
1.267e-01 6.953e+04
1.077e-01 8.515e+04
7.420e-02 1.333e+05
7.132e-02 1.418e+05
1.261e-01 7.143e+04
7.113e-02 1.412e+05
1.168e-01 6.981e+04
8.701e-02 1.137e+05
9.203e-02 1.043e+05
7.276e-02 1.373e+05
7.201e-02 1.399e+05
8.937e-02 1.060e+05
1.318e-01 6.908e+04
1.306e-01 6.957e+04
7.243e-02 1.367e+05
7.652e-02 1.304e+05
8.435e-02 1.149e+05
7.521e-02 1.323e+05
7.546e-02 1.293e+05
7.445e-02 1.361e+05
7.287e-02 1.375e+05
9.046e-02 1.040e+05
1.337e-01 6.967e+04
1.281e-01 7.103e+04
7.736e-02 1.270e+05
1.152e-01 7.961e+04
7.872e-02 1.234e+05
8.620e-02 1.083e+05
7.094e-02 1.427e+05
7.325e-02 1.347e+05
7.583e-02 1.273e+05
8.944e-02 1.045e+05
7.679e-02 1.285e+05
7.937e-02 1.246e+05
7.682e-02 1.287e+05
7.449e-02 1.335e+05
7.247e-02 1.376e+05
7.383e-02 1.365e+05
1.406e-01 6.533e+04
7.353e-02 1.368e+05
7.399e-02 1.331e+05
7.023e-02 1.443e+05
7.254e-02 1.376e+05
1.246e-01 7.027e+04
7.821e-02 1.282e+05
8.608e-02 1.112e+05
9.093e-02 1.059e+05
7.575e-02 1.312e+05
7.499e-02 1.300e+05
7.327e-02 1.351e+05
1.320e-01 6.606e+04
7.199e-02 1.373e+05
1.267e-01 6.840e+04
7.267e-02 1.369e+05
1.325e-01 6.829e+04
1.318e-01 6.657e+04
7.503e-02 1.307e+05
7.344e-02 1.357e+05
7.320e-02 1.342e+05
7.654e-02 1.306e+05
9.641e-02 1.003e+05
7.928e-02 1.202e+05
7.416e-02 1.344e+05
7.256e-02 1.384e+05
7.334e-02 1.338e+05
7.480e-02 1.320e+05
7.315e-02 1.382e+05
1.270e-01 7.019e+04
7.197e-02 1.411e+05
7.564e-02 1.325e+05
7.484e-02 1.322e+05
8.343e-02 1.126e+05
7.345e-02 1.363e+05
7.673e-02 1.288e+05
7.467e-02 1.320e+05
1.293e-01 7.082e+04
7.673e-02 1.299e+05
1.346e-01 6.762e+04
7.502e-02 1.319e+05
1.336e-01 6.641e+04
7.219e-02 1.410e+05
8.237e-02 1.186e+05
7.408e-02 1.342e+05
1.339e-01 6.659e+04
7.215e-02 1.376e+05
1.249e-01 6.643e+04
7.414e-02 1.321e+05
7.867e-02 1.222e+05
7.342e-02 1.349e+05
1.168e-01 7.065e+04
7.244e-02 1.369e+05
7.673e-02 1.260e+05
7.450e-02 1.347e+05
1.031e-01 9.375e+04
9.497e-02 1.017e+05
7.368e-02 1.366e+05
7.530e-02 1.307e+05
1.257e-01 6.741e+04
1.310e-01 6.989e+04
7.823e-02 1.273e+05
1.113e-01 8.145e+04
7.351e-02 1.377e+05
1.247e-01 7.207e+04
1.089e-01 8.788e+04
7.656e-02 1.313e+05
7.375e-02 1.359e+05
8.299e-02 1.167e+05
9.391e-02 9.968e+04
7.685e-02 1.274e+05
1.303e-01 6.887e+04
7.265e-02 1.382e+05
1.219e-01 7.589e+04
1.122e-01 8.203e+04
7.202e-02 1.408e+05
7.530e-02 1.314e+05
1.424e-01 6.464e+04
1.321e-01 6.804e+04
7.632e-02 1.304e+05
7.088e-02 1.427e+05
7.814e-02 1.233e+05
7.237e-02 1.365e+05
1.050e-01 8.349e+04
1.105e-01 8.384e+04
7.936e-02 1.239e+05
1.064e-01 8.746e+04
7.299e-02 1.386e+05
1.058e-01 8.907e+04
7.179e-02 1.421e+05
7.196e-02 1.413e+05
7.577e-02 1.299e+05
9.216e-02 9.728e+04
7.777e-02 1.245e+05
1.368e-01 6.671e+04
1.249e-01 6.751e+04
1.004e-01 9.555e+04
7.540e-02 1.302e+05
1.253e-01 6.890e+04
7.264e-02 1.371e+05
8.253e-02 1.160e+05
1.330e-01 6.836e+04
1.173e-01 7.775e+04
8.798e-02 1.104e+05
7.212e-02 1.389e+05
7.588e-02 1.304e+05
7.322e-02 1.364e+05
1.327e-01 6.780e+04
7.329e-02 1.383e+05
1.048e-01 9.011e+04
8.379e-02 1.183e+05
7.395e-02 1.356e+05
7.236e-02 1.387e+05
7.619e-02 1.311e+05
7.300e-02 1.360e+05
1.319e-01 7.104e+04
7.308e-02 1.374e+05
7.747e-02 1.272e+05
7.416e-02 1.345e+05
1.133e-01 8.048e+04
7.538e-02 1.280e+05
7.453e-02 1.339e+05
1.116e-01 8.059e+04
7.252e-02 1.384e+05
1.104e-01 8.549e+04
7.067e-02 1.426e+05
7.386e-02 1.347e+05
7.460e-02 1.338e+05
7.054e-02 1.420e+05
1.270e-01 6.844e+04
7.060e-02 1.444e+05
7.411e-02 1.340e+05
1.232e-01 7.610e+04
7.340e-02 1.370e+05
7.053e-02 1.433e+05
1.270e-01 6.883e+04
7.118e-02 1.422e+05
7.552e-02 1.334e+05
1.150e-01 7.756e+04
8.052e-02 1.194e+05
1.008e-01 9.521e+04
7.317e-02 1.368e+05
7.774e-02 1.259e+05
8.452e-02 1.123e+05
