2.864e-01 2.210e+03
2.379e-01 2.960e+03
1.940e-01 3.932e+03
2.782e-01 2.599e+03
2.402e-01 2.976e+03
2.235e-01 3.058e+03
1.961e-01 3.836e+03
2.392e-01 2.855e+03
1.764e-01 6.141e+03
2.561e-01 2.680e+03
2.196e-01 3.321e+03
2.039e-01 3.719e+03
2.171e-01 3.165e+03
1.940e-01 4.011e+03
2.521e-01 2.731e+03
1.771e-01 6.226e+03
2.430e-01 2.689e+03
2.192e-01 3.326e+03
2.362e-01 2.931e+03
2.482e-01 2.764e+03
1.875e-01 4.709e+03
3.291e-01 2.120e+03
1.961e-01 4.001e+03
2.652e-01 2.383e+03
2.765e-01 2.404e+03
2.355e-01 2.961e+03
2.998e-01 2.246e+03
3.020e-01 2.253e+03
2.577e-01 2.556e+03
2.677e-01 2.683e+03
2.220e-01 3.226e+03
2.728e-01 2.496e+03
1.928e-01 4.384e+03
2.626e-01 2.714e+03
1.934e-01 4.129e+03
2.179e-01 3.300e+03
2.403e-01 3.119e+03
2.534e-01 2.720e+03
2.780e-01 2.489e+03
2.216e-01 3.200e+03
2.352e-01 2.928e+03
1.874e-01 4.470e+03
2.161e-01 3.295e+03
1.868e-01 4.156e+03
1.731e-01 6.025e+03
3.029e-01 2.351e+03
2.781e-01 2.466e+03
2.608e-01 2.626e+03
1.823e-01 4.562e+03
2.613e-01 2.484e+03
2.405e-01 2.899e+03
1.879e-01 3.950e+03
1.837e-01 5.046e+03
2.298e-01 3.121e+03
2.520e-01 2.764e+03
2.942e-01 2.448e+03
2.584e-01 2.611e+03
1.968e-01 3.870e+03
2.290e-01 3.139e+03
2.328e-01 2.909e+03
2.584e-01 2.682e+03
2.403e-01 2.843e+03
1.635e-01 6.321e+03
2.740e-01 2.411e+03
2.108e-01 3.471e+03
2.571e-01 2.705e+03
2.219e-01 3.267e+03
2.049e-01 3.626e+03
1.765e-01 4.941e+03
2.246e-01 3.261e+03
2.835e-01 2.545e+03
2.120e-01 3.496e+03
1.973e-01 4.000e+03
1.590e-01 7.887e+03
1.857e-01 4.475e+03
2.099e-01 3.261e+03
2.160e-01 3.562e+03
3.066e-01 2.310e+03
2.330e-01 2.846e+03
2.864e-01 2.293e+03
2.227e-01 3.079e+03
1.760e-01 4.947e+03
2.143e-01 3.354e+03
2.093e-01 3.598e+03
3.085e-01 2.260e+03
1.743e-01 4.693e+03
2.409e-01 2.991e+03
2.442e-01 2.781e+03
2.079e-01 3.207e+03
1.802e-01 5.413e+03
1.858e-01 4.807e+03
2.356e-01 2.956e+03
2.280e-01 2.995e+03
2.363e-01 2.832e+03
1.866e-01 4.484e+03
1.926e-01 3.926e+03
1.958e-01 4.002e+03
2.002e-01 4.186e+03
2.545e-01 2.812e+03
2.656e-01 2.587e+03
1.863e-01 4.552e+03
3.349e-01 1.982e+03
2.299e-01 2.886e+03
2.491e-01 2.741e+03
2.466e-01 2.948e+03
2.519e-01 2.704e+03
2.128e-01 3.648e+03
2.832e-01 2.420e+03
2.766e-01 2.349e+03
2.488e-01 2.828e+03
1.704e-01 4.867e+03
2.442e-01 2.852e+03
1.778e-01 4.687e+03
1.903e-01 5.310e+03
2.238e-01 3.321e+03
1.997e-01 3.763e+03
2.291e-01 3.144e+03
2.958e-01 2.390e+03
2.588e-01 2.878e+03
2.353e-01 3.003e+03
1.991e-01 3.759e+03
2.645e-01 2.702e+03
1.714e-01 6.645e+03
2.060e-01 3.480e+03
2.153e-01 3.368e+03
2.377e-01 3.015e+03
1.939e-01 4.491e+03
2.066e-01 3.739e+03
2.289e-01 3.261e+03
2.063e-01 3.783e+03
1.979e-01 3.688e+03
2.282e-01 3.008e+03
2.088e-01 3.621e+03
1.741e-01 6.228e+03
1.894e-01 4.619e+03
2.369e-01 3.168e+03
2.033e-01 3.862e+03
2.247e-01 3.128e+03
3.009e-01 2.333e+03
1.957e-01 4.323e+03
2.485e-01 2.731e+03
3.230e-01 2.233e+03
1.883e-01 4.385e+03
1.947e-01 4.047e+03
2.660e-01 2.846e+03
1.963e-01 3.900e+03
2.977e-01 2.328e+03
2.034e-01 3.406e+03
1.863e-01 4.508e+03
3.776e-01 1.939e+03
2.279e-01 3.197e+03
2.560e-01 2.765e+03
2.154e-01 3.404e+03
2.582e-01 2.552e+03
1.752e-01 5.629e+03
1.892e-01 4.525e+03
1.870e-01 4.406e+03
2.237e-01 3.204e+03
1.662e-01 6.236e+03
1.921e-01 3.938e+03
3.318e-01 2.197e+03
2.073e-01 3.584e+03
2.181e-01 3.210e+03
2.299e-01 2.858e+03
2.574e-01 2.716e+03
2.153e-01 3.552e+03
1.762e-01 5.260e+03
2.363e-01 2.956e+03
2.601e-01 2.619e+03
2.071e-01 3.595e+03
2.506e-01 2.883e+03
1.792e-01 5.658e+03
1.965e-01 4.198e+03
1.842e-01 4.498e+03
2.994e-01 2.204e+03
3.059e-01 2.370e+03
1.723e-01 5.079e+03
2.615e-01 2.623e+03
3.305e-01 2.205e+03
2.159e-01 3.229e+03
2.438e-01 3.068e+03
2.442e-01 2.952e+03
2.580e-01 2.729e+03
2.921e-01 2.287e+03
2.527e-01 2.697e+03
1.551e-01 7.425e+03
2.740e-01 2.587e+03
2.774e-01 2.613e+03
2.049e-01 3.802e+03
2.122e-01 3.166e+03
2.140e-01 3.450e+03
2.488e-01 2.723e+03
2.762e-01 2.473e+03
2.426e-01 3.126e+03
2.505e-01 2.788e+03
2.098e-01 3.480e+03
2.463e-01 2.771e+03
3.359e-01 2.095e+03
2.572e-01 2.528e+03
2.729e-01 2.454e+03
1.840e-01 4.384e+03
2.796e-01 2.468e+03
2.273e-01 3.104e+03
2.736e-01 2.446e+03
2.427e-01 2.919e+03
2.001e-01 4.085e+03
2.342e-01 2.918e+03
2.274e-01 3.102e+03
2.378e-01 2.696e+03
2.366e-01 2.697e+03
1.879e-01 3.742e+03
2.030e-01 3.732e+03
2.415e-01 2.997e+03
2.736e-01 2.463e+03
2.325e-01 3.150e+03
2.019e-01 3.625e+03
2.716e-01 2.567e+03
2.872e-01 2.461e+03
2.029e-01 3.596e+03
2.736e-01 2.449e+03
1.722e-01 5.406e+03
1.989e-01 3.828e+03
1.916e-01 3.549e+03
2.083e-01 3.688e+03
2.306e-01 3.063e+03
2.428e-01 3.041e+03
1.717e-01 5.269e+03
2.722e-01 2.275e+03
2.247e-01 3.308e+03
1.833e-01 4.094e+03
2.025e-01 4.122e+03
1.691e-01 7.630e+03
2.591e-01 2.453e+03
2.217e-01 3.039e+03
2.760e-01 2.271e+03
3.048e-01 2.239e+03
2.759e-01 2.410e+03
2.599e-01 2.659e+03
2.303e-01 3.129e+03
2.790e-01 2.418e+03
2.806e-01 2.401e+03
1.817e-01 4.222e+03
2.006e-01 3.686e+03
2.723e-01 2.434e+03
1.807e-01 4.941e+03
1.877e-01 4.615e+03
2.390e-01 2.775e+03
2.056e-01 3.550e+03
1.737e-01 5.155e+03
2.267e-01 3.018e+03
2.212e-01 3.397e+03
2.043e-01 3.638e+03
2.864e-01 2.442e+03
1.978e-01 3.779e+03
1.788e-01 4.971e+03
2.622e-01 2.616e+03
2.387e-01 2.938e+03
2.955e-01 2.230e+03
2.381e-01 2.867e+03
2.186e-01 3.296e+03
2.330e-01 3.086e+03
2.335e-01 3.126e+03
2.942e-01 2.234e+03
2.995e-01 2.444e+03
1.736e-01 5.084e+03
2.365e-01 2.892e+03
2.903e-01 2.400e+03
2.700e-01 2.533e+03
1.807e-01 5.168e+03
2.445e-01 2.586e+03
2.252e-01 3.111e+03
1.871e-01 3.899e+03
1.896e-01 4.349e+03
2.559e-01 2.759e+03
2.320e-01 2.950e+03
2.251e-01 3.400e+03
2.114e-01 3.306e+03
3.016e-01 2.184e+03
1.917e-01 4.454e+03
1.807e-01 4.413e+03
3.193e-01 2.315e+03
1.959e-01 4.205e+03
2.310e-01 2.913e+03
2.472e-01 2.869e+03
2.634e-01 2.746e+03
2.493e-01 2.727e+03
1.984e-01 4.039e+03
2.394e-01 2.868e+03
2.255e-01 3.114e+03
2.875e-01 2.404e+03
2.251e-01 2.993e+03
1.744e-01 5.798e+03
2.554e-01 2.634e+03
2.844e-01 2.396e+03
1.942e-01 4.676e+03
2.183e-01 3.192e+03
2.227e-01 3.269e+03
2.075e-01 3.788e+03
1.685e-01 6.437e+03
1.737e-01 5.644e+03
2.326e-01 2.850e+03
3.038e-01 2.366e+03
2.903e-01 2.372e+03
1.649e-01 6.102e+03
2.485e-01 2.813e+03
2.096e-01 3.438e+03
2.482e-01 2.726e+03
2.859e-01 2.390e+03
2.186e-01 3.557e+03
2.185e-01 3.257e+03
1.954e-01 4.051e+03
2.004e-01 3.615e+03
1.821e-01 5.143e+03
2.447e-01 2.917e+03
2.048e-01 3.493e+03
2.213e-01 3.229e+03
2.076e-01 3.555e+03
2.347e-01 2.908e+03
2.388e-01 2.953e+03
1.816e-01 5.224e+03
1.617e-01 6.686e+03
2.087e-01 3.680e+03
2.159e-01 3.469e+03
2.115e-01 3.347e+03
1.845e-01 4.071e+03
2.203e-01 3.236e+03
3.013e-01 2.258e+03
3.107e-01 2.225e+03
1.820e-01 5.253e+03
2.127e-01 3.386e+03
2.849e-01 2.510e+03
2.230e-01 3.253e+03
2.244e-01 3.079e+03
1.932e-01 3.507e+03
2.480e-01 2.676e+03
1.863e-01 4.646e+03
2.627e-01 2.766e+03
2.084e-01 3.684e+03
2.679e-01 2.527e+03
2.483e-01 2.615e+03
2.138e-01 3.482e+03
2.160e-01 3.365e+03
2.911e-01 2.410e+03
2.950e-01 2.428e+03
2.567e-01 2.810e+03
2.018e-01 3.749e+03
1.665e-01 5.218e+03
2.676e-01 2.504e+03
2.279e-01 3.557e+03
3.503e-01 2.145e+03
2.219e-01 3.283e+03
2.127e-01 3.535e+03
1.753e-01 4.640e+03
1.674e-01 5.437e+03
2.045e-01 3.633e+03
1.777e-01 5.111e+03
2.729e-01 2.338e+03
2.760e-01 2.412e+03
2.270e-01 3.420e+03
2.415e-01 2.634e+03
2.359e-01 3.046e+03
2.665e-01 2.485e+03
2.468e-01 2.797e+03
1.833e-01 4.476e+03
2.572e-01 2.671e+03
1.869e-01 4.812e+03
2.283e-01 2.968e+03
2.446e-01 2.853e+03
2.088e-01 3.922e+03
2.442e-01 2.981e+03
2.889e-01 2.542e+03
2.543e-01 2.751e+03
2.168e-01 3.432e+03
2.353e-01 3.206e+03
1.820e-01 5.055e+03
2.500e-01 2.825e+03
2.293e-01 3.081e+03
2.236e-01 3.182e+03
1.831e-01 4.972e+03
2.644e-01 2.617e+03
2.221e-01 3.360e+03
2.590e-01 2.605e+03
2.253e-01 3.198e+03
3.407e-01 2.084e+03
2.988e-01 2.262e+03
2.894e-01 2.320e+03
2.488e-01 2.675e+03
2.267e-01 3.015e+03
2.886e-01 2.416e+03
2.130e-01 3.250e+03
2.396e-01 2.877e+03
2.867e-01 2.346e+03
1.898e-01 4.116e+03
2.627e-01 2.629e+03
2.561e-01 2.734e+03
2.027e-01 3.796e+03
2.029e-01 3.871e+03
2.529e-01 2.874e+03
2.538e-01 2.676e+03
2.919e-01 2.326e+03
2.319e-01 2.898e+03
3.076e-01 2.235e+03
2.634e-01 2.504e+03
2.121e-01 3.302e+03
2.026e-01 3.744e+03
3.062e-01 2.284e+03
2.927e-01 2.346e+03
2.464e-01 2.844e+03
2.736e-01 2.281e+03
2.381e-01 2.880e+03
2.184e-01 3.137e+03
1.915e-01 4.470e+03
2.350e-01 3.297e+03
2.086e-01 3.768e+03
2.304e-01 3.094e+03
2.481e-01 2.764e+03
2.789e-01 2.487e+03
1.727e-01 5.013e+03
2.454e-01 3.022e+03
1.932e-01 3.984e+03
2.030e-01 3.873e+03
2.614e-01 2.539e+03
2.038e-01 3.668e+03
1.919e-01 4.417e+03
2.272e-01 3.408e+03
2.439e-01 2.898e+03
1.532e-01 9.350e+03
2.390e-01 2.682e+03
2.041e-01 3.923e+03
2.353e-01 3.010e+03
2.129e-01 3.549e+03
2.977e-01 2.226e+03
1.790e-01 5.762e+03
2.647e-01 2.531e+03
2.620e-01 2.704e+03
2.175e-01 3.171e+03
2.471e-01 2.749e+03
2.561e-01 2.670e+03
3.027e-01 2.222e+03
2.472e-01 3.030e+03
2.274e-01 3.224e+03
3.073e-01 2.273e+03
3.193e-01 2.148e+03
2.466e-01 2.870e+03
2.743e-01 2.404e+03
2.403e-01 2.667e+03
2.507e-01 2.840e+03
3.341e-01 2.130e+03
2.396e-01 2.993e+03
2.163e-01 3.287e+03
2.165e-01 3.417e+03
2.546e-01 2.601e+03
2.119e-01 3.617e+03
2.428e-01 2.773e+03
2.609e-01 2.655e+03
2.353e-01 2.931e+03
2.647e-01 2.421e+03
1.950e-01 4.044e+03
2.599e-01 2.633e+03
3.255e-01 2.120e+03
2.847e-01 2.324e+03
1.656e-01 7.429e+03
1.953e-01 4.455e+03
2.496e-01 2.850e+03
2.886e-01 2.290e+03
1.849e-01 4.303e+03
1.920e-01 4.376e+03
2.686e-01 2.557e+03
1.925e-01 4.241e+03
1.827e-01 4.448e+03
2.459e-01 2.669e+03
2.493e-01 2.768e+03
2.420e-01 2.959e+03
1.700e-01 5.447e+03
2.031e-01 3.630e+03
2.931e-01 2.445e+03
2.017e-01 4.407e+03
2.257e-01 3.052e+03
1.617e-01 7.330e+03
2.302e-01 3.256e+03
2.101e-01 3.419e+03
2.146e-01 3.491e+03
2.572e-01 2.549e+03
1.843e-01 5.002e+03
1.838e-01 4.112e+03
2.574e-01 2.731e+03
2.598e-01 2.534e+03
1.866e-01 4.441e+03
2.102e-01 3.211e+03
2.071e-01 3.698e+03
1.792e-01 5.317e+03
2.329e-01 2.771e+03
3.109e-01 2.287e+03
2.926e-01 2.403e+03
2.722e-01 2.592e+03
1.991e-01 4.402e+03
1.572e-01 7.324e+03
1.711e-01 5.280e+03
2.527e-01 2.852e+03
2.365e-01 2.993e+03
2.025e-01 3.551e+03
2.639e-01 2.633e+03
3.053e-01 2.303e+03
2.395e-01 2.958e+03
2.110e-01 3.306e+03
2.082e-01 3.464e+03
2.527e-01 2.869e+03
1.972e-01 4.028e+03
1.780e-01 5.276e+03
2.504e-01 2.686e+03
1.877e-01 3.963e+03
2.823e-01 2.479e+03
1.960e-01 4.056e+03
2.116e-01 3.427e+03
3.075e-01 2.304e+03
2.944e-01 2.236e+03
1.907e-01 3.928e+03
1.984e-01 3.935e+03
2.860e-01 2.293e+03
1.979e-01 3.810e+03
2.097e-01 3.334e+03
1.795e-01 4.769e+03
2.212e-01 3.211e+03
2.687e-01 2.547e+03
2.338e-01 3.025e+03
1.758e-01 4.491e+03
2.194e-01 3.319e+03
1.961e-01 4.322e+03
2.533e-01 2.743e+03
2.457e-01 2.683e+03
2.249e-01 3.115e+03
2.598e-01 2.733e+03
1.724e-01 5.005e+03
2.127e-01 3.551e+03
1.873e-01 4.488e+03
2.529e-01 2.871e+03
1.927e-01 4.505e+03
2.493e-01 2.714e+03
2.214e-01 3.374e+03
2.125e-01 3.275e+03
2.028e-01 3.940e+03
1.687e-01 6.008e+03
2.289e-01 3.170e+03
2.251e-01 3.384e+03
2.329e-01 3.078e+03
2.752e-01 2.425e+03
2.312e-01 2.917e+03
2.046e-01 3.447e+03
1.906e-01 4.226e+03
2.735e-01 2.507e+03
2.360e-01 2.822e+03
2.143e-01 3.315e+03
2.399e-01 2.785e+03
1.896e-01 4.168e+03
3.157e-01 2.224e+03
2.346e-01 3.014e+03
2.389e-01 2.864e+03
2.125e-01 3.328e+03
2.377e-01 3.027e+03
2.313e-01 3.273e+03
2.380e-01 2.922e+03
2.573e-01 2.654e+03
3.608e-01 2.028e+03
2.508e-01 2.777e+03
2.245e-01 3.196e+03
2.624e-01 2.647e+03
2.015e-01 3.650e+03
2.754e-01 2.360e+03
2.074e-01 3.551e+03
2.339e-01 3.144e+03
1.740e-01 5.047e+03
1.981e-01 3.984e+03
2.526e-01 2.769e+03
2.125e-01 3.287e+03
2.417e-01 2.940e+03
1.947e-01 4.385e+03
1.960e-01 3.844e+03
2.362e-01 2.893e+03
2.465e-01 2.655e+03
2.935e-01 2.276e+03
2.639e-01 2.636e+03
2.378e-01 3.020e+03
3.391e-01 2.074e+03
2.134e-01 3.264e+03
2.004e-01 3.296e+03
2.155e-01 3.369e+03
2.373e-01 2.808e+03
2.096e-01 3.327e+03
2.736e-01 2.426e+03
3.444e-01 2.014e+03
2.451e-01 2.868e+03
1.757e-01 4.898e+03
2.147e-01 3.181e+03
1.779e-01 5.503e+03
2.293e-01 3.117e+03
2.240e-01 3.255e+03
3.015e-01 2.295e+03
2.391e-01 2.753e+03
1.725e-01 5.113e+03
1.760e-01 5.648e+03
2.200e-01 3.513e+03
2.623e-01 2.771e+03
2.016e-01 3.780e+03
2.080e-01 3.597e+03
1.857e-01 4.618e+03
1.989e-01 3.708e+03
2.272e-01 3.001e+03
2.028e-01 3.860e+03
2.148e-01 3.362e+03
1.862e-01 3.995e+03
1.994e-01 4.063e+03
2.258e-01 3.049e+03
2.081e-01 3.698e+03
1.960e-01 3.889e+03
2.667e-01 2.741e+03
2.256e-01 3.339e+03
2.387e-01 2.852e+03
1.745e-01 5.250e+03
2.616e-01 2.639e+03
2.186e-01 3.255e+03
2.548e-01 2.464e+03
2.030e-01 3.702e+03
2.320e-01 3.019e+03
2.753e-01 2.501e+03
2.489e-01 2.773e+03
1.962e-01 3.686e+03
2.839e-01 2.320e+03
1.868e-01 4.700e+03
1.726e-01 5.457e+03
2.188e-01 3.173e+03
1.652e-01 6.130e+03
2.141e-01 3.350e+03
2.178e-01 3.251e+03
1.919e-01 4.238e+03
2.173e-01 3.306e+03
2.844e-01 2.533e+03
2.423e-01 2.856e+03
1.960e-01 3.875e+03
1.963e-01 4.283e+03
2.306e-01 2.897e+03
2.008e-01 3.892e+03
1.709e-01 5.882e+03
2.618e-01 2.585e+03
2.408e-01 2.877e+03
2.560e-01 2.674e+03
2.843e-01 2.368e+03
1.882e-01 4.491e+03
2.712e-01 2.530e+03
2.223e-01 3.437e+03
2.421e-01 2.940e+03
2.986e-01 2.275e+03
2.240e-01 3.208e+03
1.659e-01 6.277e+03
2.773e-01 2.398e+03
2.435e-01 2.909e+03
2.230e-01 3.137e+03
2.370e-01 2.936e+03
2.107e-01 3.547e+03
2.654e-01 2.598e+03
1.978e-01 4.677e+03
2.283e-01 3.170e+03
2.435e-01 2.930e+03
2.575e-01 2.715e+03
1.945e-01 3.735e+03
1.801e-01 5.049e+03
1.722e-01 6.629e+03
2.119e-01 2.956e+03
2.180e-01 3.032e+03
1.699e-01 5.964e+03
2.245e-01 3.267e+03
1.615e-01 6.918e+03
2.995e-01 2.222e+03
2.138e-01 3.182e+03
2.328e-01 2.966e+03
1.935e-01 4.014e+03
1.953e-01 3.810e+03
2.426e-01 2.995e+03
2.008e-01 3.959e+03
2.114e-01 3.275e+03
3.084e-01 2.242e+03
1.935e-01 4.196e+03
2.222e-01 3.244e+03
2.839e-01 2.541e+03
1.886e-01 4.100e+03
2.936e-01 2.261e+03
2.552e-01 2.810e+03
2.024e-01 3.647e+03
1.949e-01 3.617e+03
1.900e-01 4.421e+03
1.914e-01 4.415e+03
2.479e-01 2.821e+03
2.092e-01 3.458e+03
2.470e-01 2.749e+03
2.153e-01 3.567e+03
2.299e-01 2.941e+03
2.818e-01 2.437e+03
2.357e-01 2.877e+03
1.999e-01 3.910e+03
2.517e-01 2.623e+03
2.135e-01 3.419e+03
1.922e-01 3.996e+03
2.727e-01 2.467e+03
2.751e-01 2.618e+03
3.329e-01 2.096e+03
1.910e-01 4.439e+03
2.133e-01 3.184e+03
2.163e-01 3.245e+03
2.408e-01 3.062e+03
2.971e-01 2.251e+03
2.976e-01 2.355e+03
2.192e-01 3.204e+03
3.044e-01 2.190e+03
2.154e-01 3.162e+03
2.006e-01 3.912e+03
2.036e-01 3.509e+03
2.106e-01 3.640e+03
2.819e-01 2.359e+03
2.242e-01 3.308e+03
2.145e-01 3.371e+03
2.019e-01 3.848e+03
2.047e-01 3.294e+03
1.706e-01 6.491e+03
3.250e-01 2.273e+03
2.434e-01 2.782e+03
1.642e-01 5.755e+03
2.714e-01 2.699e+03
2.211e-01 3.076e+03
1.742e-01 5.176e+03
1.921e-01 4.447e+03
1.990e-01 3.902e+03
2.727e-01 2.524e+03
2.165e-01 3.363e+03
2.019e-01 3.617e+03
2.030e-01 3.605e+03
3.446e-01 2.183e+03
2.420e-01 2.832e+03
1.771e-01 5.483e+03
2.518e-01 2.687e+03
2.869e-01 2.489e+03
2.210e-01 3.182e+03
2.521e-01 2.707e+03
2.424e-01 2.931e+03
2.389e-01 2.927e+03
2.163e-01 3.150e+03
1.602e-01 5.874e+03
3.038e-01 2.385e+03
2.183e-01 3.198e+03
2.043e-01 3.234e+03
2.055e-01 3.677e+03
1.914e-01 4.484e+03
1.867e-01 4.232e+03
1.809e-01 4.967e+03
2.773e-01 2.668e+03
2.088e-01 3.201e+03
2.455e-01 2.745e+03
2.450e-01 2.595e+03
2.357e-01 3.090e+03
2.633e-01 2.664e+03
2.212e-01 3.227e+03
2.449e-01 2.808e+03
2.156e-01 3.590e+03
1.802e-01 4.971e+03
2.137e-01 3.600e+03
2.395e-01 2.891e+03
2.475e-01 2.537e+03
1.903e-01 4.048e+03
1.759e-01 5.111e+03
1.640e-01 6.866e+03
1.930e-01 3.770e+03
2.349e-01 2.980e+03
2.768e-01 2.523e+03
1.698e-01 5.267e+03
3.295e-01 2.193e+03
1.675e-01 5.685e+03
2.319e-01 3.014e+03
3.016e-01 2.249e+03
2.396e-01 2.966e+03
1.779e-01 4.575e+03
2.972e-01 2.308e+03
2.846e-01 2.301e+03
1.958e-01 3.959e+03
2.714e-01 2.560e+03
2.002e-01 3.718e+03
2.095e-01 3.308e+03
2.216e-01 3.225e+03
2.556e-01 2.764e+03
2.501e-01 2.720e+03
2.326e-01 3.006e+03
2.156e-01 3.152e+03
1.824e-01 4.834e+03
2.462e-01 2.812e+03
1.915e-01 3.969e+03
2.672e-01 2.582e+03
2.024e-01 3.989e+03
2.261e-01 3.239e+03
2.568e-01 2.552e+03
2.097e-01 3.381e+03
2.119e-01 3.599e+03
1.991e-01 3.604e+03
2.727e-01 2.468e+03
2.226e-01 3.126e+03
1.614e-01 6.953e+03
1.935e-01 3.917e+03
2.607e-01 2.786e+03
1.882e-01 4.448e+03
2.782e-01 2.423e+03
2.275e-01 3.059e+03
2.241e-01 3.091e+03
2.117e-01 3.209e+03
2.723e-01 2.606e+03
2.462e-01 2.708e+03
2.034e-01 3.904e+03
2.468e-01 2.924e+03
1.800e-01 4.980e+03
2.061e-01 3.693e+03
2.339e-01 2.992e+03
1.964e-01 4.038e+03
2.628e-01 2.527e+03
3.013e-01 2.283e+03
2.200e-01 3.299e+03
2.134e-01 3.062e+03
1.808e-01 4.263e+03
3.195e-01 2.281e+03
3.221e-01 2.110e+03
2.321e-01 3.128e+03
1.938e-01 4.122e+03
2.656e-01 2.436e+03
2.850e-01 2.532e+03
2.482e-01 2.771e+03
1.851e-01 5.253e+03
1.754e-01 5.039e+03
2.384e-01 2.769e+03
1.817e-01 4.458e+03
1.883e-01 4.162e+03
2.971e-01 2.296e+03
2.524e-01 2.610e+03
2.382e-01 2.900e+03
2.467e-01 2.821e+03
3.201e-01 2.216e+03
2.201e-01 3.106e+03
3.513e-01 2.059e+03
1.831e-01 5.449e+03
2.181e-01 3.232e+03
2.008e-01 3.683e+03
1.898e-01 4.459e+03
1.751e-01 5.075e+03
1.919e-01 4.548e+03
2.187e-01 3.085e+03
2.252e-01 3.234e+03
2.091e-01 3.458e+03
2.018e-01 4.123e+03
2.662e-01 2.583e+03
2.765e-01 2.463e+03
1.998e-01 3.652e+03
2.608e-01 2.679e+03
2.018e-01 4.256e+03
2.704e-01 2.546e+03
2.157e-01 3.339e+03
2.208e-01 3.304e+03
2.303e-01 3.067e+03
2.149e-01 3.376e+03
2.692e-01 2.487e+03
2.384e-01 3.129e+03
2.112e-01 3.076e+03
2.020e-01 3.897e+03
2.366e-01 2.959e+03
2.225e-01 3.125e+03
2.570e-01 2.562e+03
1.887e-01 3.904e+03
1.982e-01 3.956e+03
1.881e-01 4.220e+03
2.016e-01 3.382e+03
2.100e-01 2.855e+03
2.078e-01 3.771e+03
2.692e-01 2.671e+03
1.840e-01 4.473e+03
2.062e-01 3.659e+03
2.603e-01 2.711e+03
2.198e-01 3.170e+03
2.458e-01 2.772e+03
2.643e-01 2.626e+03
2.326e-01 2.975e+03
1.753e-01 4.930e+03
2.163e-01 3.444e+03
2.413e-01 2.966e+03
2.421e-01 2.908e+03
1.861e-01 4.428e+03
2.569e-01 2.719e+03
3.162e-01 2.219e+03
2.581e-01 2.548e+03
1.939e-01 4.225e+03
2.619e-01 2.568e+03
2.214e-01 3.425e+03
2.383e-01 3.008e+03
1.939e-01 3.738e+03
2.501e-01 2.760e+03
2.675e-01 2.472e+03
2.489e-01 2.592e+03
2.474e-01 2.839e+03
2.475e-01 2.958e+03
2.683e-01 2.620e+03
3.287e-01 2.232e+03
1.705e-01 5.602e+03
2.292e-01 2.853e+03
2.014e-01 4.104e+03
2.980e-01 2.245e+03
1.993e-01 3.555e+03
2.259e-01 3.074e+03
2.037e-01 3.717e+03
3.006e-01 2.376e+03
2.034e-01 3.667e+03
3.088e-01 2.235e+03
2.288e-01 3.126e+03
2.266e-01 3.191e+03
2.326e-01 2.907e+03
2.575e-01 2.731e+03
2.678e-01 2.618e+03
2.774e-01 2.379e+03
2.159e-01 3.243e+03
2.929e-01 2.418e+03
2.109e-01 3.392e+03
2.852e-01 2.435e+03
3.037e-01 2.269e+03
2.221e-01 3.359e+03
2.368e-01 2.802e+03
2.464e-01 2.886e+03
3.478e-01 2.082e+03
2.157e-01 3.269e+03
3.383e-01 2.084e+03
2.574e-01 2.809e+03
1.936e-01 4.274e+03
2.241e-01 3.136e+03
2.407e-01 3.001e+03
2.097e-01 3.662e+03
2.750e-01 2.463e+03
1.658e-01 6.248e+03
2.520e-01 2.774e+03
2.083e-01 3.550e+03
2.882e-01 2.520e+03
2.286e-01 3.028e+03
2.029e-01 3.391e+03
2.037e-01 3.785e+03
2.194e-01 3.598e+03
2.324e-01 2.972e+03
2.247e-01 3.035e+03
2.540e-01 2.759e+03
1.982e-01 4.370e+03
1.850e-01 4.679e+03
2.949e-01 2.290e+03
2.250e-01 2.876e+03
2.543e-01 2.745e+03
2.143e-01 3.124e+03
2.066e-01 3.732e+03
1.627e-01 5.856e+03
2.042e-01 3.615e+03
2.302e-01 3.106e+03
1.769e-01 5.123e+03
2.595e-01 2.630e+03
1.955e-01 3.842e+03
1.965e-01 4.123e+03
1.863e-01 4.319e+03
3.091e-01 2.266e+03
2.142e-01 3.258e+03
2.082e-01 3.402e+03
2.669e-01 2.639e+03
2.488e-01 2.569e+03
2.735e-01 2.517e+03
2.622e-01 2.650e+03
1.927e-01 4.557e+03
2.162e-01 3.537e+03
1.657e-01 6.256e+03
2.220e-01 3.357e+03
1.740e-01 5.674e+03
2.806e-01 2.500e+03
2.259e-01 3.223e+03
2.495e-01 2.732e+03
2.044e-01 3.573e+03
2.967e-01 2.243e+03
2.739e-01 2.462e+03
2.261e-01 3.332e+03
2.575e-01 2.571e+03
2.597e-01 2.555e+03
2.806e-01 2.440e+03
2.503e-01 2.736e+03
2.458e-01 2.870e+03
1.864e-01 4.517e+03
1.740e-01 5.492e+03
2.445e-01 3.019e+03
1.958e-01 4.648e+03
2.653e-01 2.574e+03
2.912e-01 2.249e+03
2.840e-01 2.431e+03
2.399e-01 2.858e+03
2.707e-01 2.563e+03
2.135e-01 3.629e+03
2.298e-01 2.976e+03
2.613e-01 2.458e+03
2.977e-01 2.283e+03
2.485e-01 2.836e+03
1.980e-01 4.376e+03
2.071e-01 4.033e+03
1.893e-01 4.792e+03
2.455e-01 2.843e+03
2.761e-01 2.567e+03
2.830e-01 2.401e+03
1.959e-01 3.914e+03
1.865e-01 4.297e+03
2.817e-01 2.522e+03
2.386e-01 3.150e+03
2.584e-01 2.562e+03
2.045e-01 4.047e+03
2.875e-01 2.424e+03
2.047e-01 3.716e+03
2.282e-01 2.957e+03
2.311e-01 3.120e+03
3.344e-01 2.100e+03
2.509e-01 2.825e+03
1.914e-01 4.116e+03
2.107e-01 3.187e+03
3.974e-01 1.965e+03
2.329e-01 3.189e+03
2.061e-01 3.494e+03
2.113e-01 3.312e+03
2.232e-01 3.141e+03
1.594e-01 6.511e+03
2.279e-01 3.167e+03
2.771e-01 2.431e+03
1.837e-01 5.042e+03
2.459e-01 2.977e+03
2.032e-01 3.679e+03
2.733e-01 2.658e+03
1.954e-01 4.003e+03
2.013e-01 3.778e+03
2.759e-01 2.437e+03
1.854e-01 4.649e+03
1.979e-01 4.192e+03
2.527e-01 2.732e+03
2.532e-01 2.686e+03
2.408e-01 2.840e+03
2.896e-01 2.388e+03
1.760e-01 5.036e+03
2.204e-01 3.059e+03
2.326e-01 3.049e+03
2.688e-01 2.556e+03
2.037e-01 3.298e+03
2.827e-01 2.460e+03
2.520e-01 2.774e+03
1.848e-01 4.690e+03
1.790e-01 4.335e+03
2.410e-01 2.821e+03
2.086e-01 3.600e+03
2.375e-01 2.806e+03
2.380e-01 2.957e+03
2.106e-01 3.164e+03
2.384e-01 2.812e+03
2.646e-01 2.571e+03
2.357e-01 2.793e+03
1.765e-01 4.870e+03
1.702e-01 5.684e+03
2.714e-01 2.545e+03
2.382e-01 2.784e+03
2.667e-01 2.630e+03
2.400e-01 2.859e+03
1.739e-01 5.325e+03
2.115e-01 3.989e+03
2.122e-01 3.290e+03
2.442e-01 2.820e+03
2.177e-01 3.493e+03
2.869e-01 2.480e+03
2.263e-01 2.952e+03
1.843e-01 5.002e+03
1.664e-01 4.965e+03
2.151e-01 3.493e+03
1.868e-01 4.257e+03
1.739e-01 5.308e+03
2.385e-01 2.974e+03
2.326e-01 3.007e+03
2.522e-01 2.827e+03
2.461e-01 2.845e+03
1.937e-01 4.171e+03
2.217e-01 3.138e+03
2.501e-01 2.784e+03
2.835e-01 2.418e+03
2.480e-01 2.525e+03
2.330e-01 2.880e+03
2.425e-01 2.853e+03
3.279e-01 2.197e+03
2.784e-01 2.502e+03
2.067e-01 3.523e+03
2.479e-01 2.574e+03
2.407e-01 2.783e+03
2.485e-01 3.036e+03
1.875e-01 4.202e+03
2.644e-01 2.578e+03
1.955e-01 4.516e+03
2.691e-01 2.666e+03
1.993e-01 3.738e+03
2.975e-01 2.200e+03
2.732e-01 2.468e+03
2.060e-01 3.693e+03
2.631e-01 2.633e+03
1.786e-01 5.505e+03
2.410e-01 2.838e+03
2.388e-01 2.896e+03
2.756e-01 2.521e+03
2.545e-01 2.563e+03
2.908e-01 2.308e+03
1.909e-01 4.096e+03
1.992e-01 3.864e+03
1.985e-01 3.765e+03
1.964e-01 4.037e+03
2.680e-01 2.526e+03
2.360e-01 2.924e+03
2.097e-01 3.462e+03
2.227e-01 3.173e+03
2.275e-01 3.223e+03
1.587e-01 6.495e+03
1.719e-01 5.509e+03
2.262e-01 3.042e+03
2.978e-01 2.239e+03
2.960e-01 2.425e+03
2.415e-01 2.746e+03
1.944e-01 3.550e+03
2.987e-01 2.430e+03
2.527e-01 2.749e+03
1.647e-01 6.559e+03
2.491e-01 2.807e+03
1.966e-01 3.623e+03
2.922e-01 2.356e+03
2.930e-01 2.267e+03
3.304e-01 2.165e+03
1.733e-01 5.701e+03
1.742e-01 5.771e+03
2.400e-01 2.626e+03
2.228e-01 3.052e+03
1.974e-01 4.009e+03
2.558e-01 2.826e+03
2.535e-01 2.881e+03
3.065e-01 2.289e+03
1.673e-01 5.321e+03
1.717e-01 5.580e+03
2.624e-01 2.695e+03
2.747e-01 2.404e+03
2.075e-01 3.593e+03
2.358e-01 3.042e+03
2.020e-01 3.879e+03
1.863e-01 4.500e+03
1.706e-01 5.867e+03
2.146e-01 3.330e+03
2.444e-01 2.978e+03
2.217e-01 3.132e+03
2.164e-01 3.435e+03
2.447e-01 2.863e+03
2.442e-01 2.863e+03
2.715e-01 2.439e+03
2.279e-01 3.008e+03
1.725e-01 4.681e+03
2.627e-01 2.646e+03
2.292e-01 3.138e+03
2.203e-01 3.183e+03
2.038e-01 3.656e+03
3.188e-01 2.195e+03
2.374e-01 2.819e+03
2.284e-01 2.990e+03
1.844e-01 4.976e+03
2.316e-01 2.938e+03
3.802e-01 2.005e+03
1.638e-01 5.948e+03
2.939e-01 2.326e+03
2.911e-01 2.361e+03
2.075e-01 3.389e+03
1.808e-01 5.225e+03
2.501e-01 2.661e+03
2.832e-01 2.502e+03
2.064e-01 3.593e+03
2.028e-01 3.607e+03
1.928e-01 4.885e+03
1.974e-01 3.890e+03
2.387e-01 2.825e+03
2.409e-01 2.946e+03
2.232e-01 3.300e+03
2.357e-01 3.020e+03
2.246e-01 3.131e+03
2.831e-01 2.474e+03
2.335e-01 3.079e+03
2.483e-01 2.670e+03
2.702e-01 2.600e+03
2.144e-01 3.428e+03
2.498e-01 2.546e+03
2.102e-01 3.543e+03
2.440e-01 2.768e+03
2.100e-01 3.250e+03
2.065e-01 3.535e+03
1.687e-01 5.656e+03
1.991e-01 3.950e+03
1.733e-01 5.501e+03
1.927e-01 4.616e+03
3.587e-01 2.142e+03
2.162e-01 3.133e+03
2.410e-01 2.804e+03
2.050e-01 3.382e+03
2.397e-01 2.704e+03
2.950e-01 2.213e+03
2.571e-01 2.729e+03
2.191e-01 3.362e+03
2.685e-01 2.606e+03
1.966e-01 3.771e+03
1.800e-01 5.205e+03
2.757e-01 2.436e+03
2.220e-01 2.990e+03
2.344e-01 3.114e+03
1.673e-01 6.324e+03
2.533e-01 2.785e+03
3.196e-01 2.218e+03
2.505e-01 2.674e+03
2.105e-01 3.375e+03
2.259e-01 3.154e+03
1.942e-01 4.254e+03
2.870e-01 2.310e+03
2.563e-01 2.606e+03
2.355e-01 3.031e+03
2.065e-01 3.672e+03
2.484e-01 2.763e+03
2.894e-01 2.515e+03
2.092e-01 3.581e+03
2.071e-01 3.490e+03
1.898e-01 4.230e+03
2.895e-01 2.408e+03
2.292e-01 3.378e+03
2.322e-01 2.895e+03
1.599e-01 6.410e+03
2.483e-01 2.885e+03
2.445e-01 2.816e+03
2.658e-01 2.423e+03
2.393e-01 2.981e+03
2.056e-01 3.358e+03
2.602e-01 2.573e+03
2.545e-01 2.694e+03
1.729e-01 5.094e+03
2.592e-01 2.604e+03
2.646e-01 2.597e+03
1.491e-01 1.096e+04
2.603e-01 2.814e+03
2.176e-01 3.091e+03
2.945e-01 2.203e+03
2.299e-01 3.093e+03
2.552e-01 2.529e+03
2.768e-01 2.507e+03
1.981e-01 3.676e+03
2.179e-01 3.260e+03
2.382e-01 2.871e+03
2.503e-01 2.747e+03
1.911e-01 3.999e+03
1.969e-01 3.755e+03
2.223e-01 3.057e+03
2.402e-01 2.913e+03
3.116e-01 2.296e+03
1.590e-01 6.788e+03
1.675e-01 8.613e+03
1.759e-01 5.308e+03
2.333e-01 2.980e+03
2.356e-01 3.065e+03
2.516e-01 2.669e+03
2.678e-01 2.488e+03
1.928e-01 4.171e+03
2.655e-01 2.516e+03
2.207e-01 3.270e+03
2.897e-01 2.357e+03
2.168e-01 3.340e+03
2.041e-01 4.021e+03
2.566e-01 2.583e+03
2.159e-01 3.361e+03
2.712e-01 2.478e+03
2.383e-01 2.594e+03
2.558e-01 2.676e+03
2.427e-01 2.901e+03
1.921e-01 3.926e+03
1.873e-01 4.239e+03
2.152e-01 3.137e+03
2.229e-01 3.061e+03
2.141e-01 3.145e+03
2.001e-01 3.650e+03
2.416e-01 2.692e+03
1.752e-01 6.030e+03
2.608e-01 2.527e+03
2.386e-01 2.802e+03
2.172e-01 3.447e+03
1.727e-01 6.052e+03
2.920e-01 2.301e+03
1.952e-01 3.829e+03
2.737e-01 2.550e+03
2.732e-01 2.495e+03
2.550e-01 2.471e+03
2.756e-01 2.469e+03
2.404e-01 3.056e+03
2.285e-01 2.995e+03
2.922e-01 2.338e+03
2.659e-01 2.392e+03
1.858e-01 4.336e+03
1.902e-01 4.055e+03
2.535e-01 2.755e+03
2.015e-01 3.685e+03
2.780e-01 2.368e+03
2.244e-01 3.280e+03
2.919e-01 2.387e+03
1.914e-01 3.743e+03
2.048e-01 3.493e+03
2.699e-01 2.485e+03
2.775e-01 2.550e+03
2.271e-01 3.106e+03
2.024e-01 3.748e+03
2.179e-01 3.515e+03
2.680e-01 2.466e+03
2.360e-01 2.975e+03
2.244e-01 3.227e+03
2.095e-01 3.491e+03
2.006e-01 3.715e+03
2.544e-01 2.588e+03
2.215e-01 3.310e+03
2.064e-01 3.342e+03
2.654e-01 2.711e+03
2.801e-01 2.477e+03
3.004e-01 2.278e+03
2.261e-01 3.023e+03
2.368e-01 2.876e+03
2.716e-01 2.621e+03
2.135e-01 3.375e+03
2.075e-01 3.615e+03
2.017e-01 3.651e+03
3.129e-01 2.143e+03
2.122e-01 3.481e+03
2.309e-01 2.960e+03
1.993e-01 3.857e+03
1.793e-01 4.780e+03
1.666e-01 6.712e+03
2.263e-01 3.236e+03
2.832e-01 2.546e+03
2.296e-01 3.147e+03
2.944e-01 2.386e+03
2.216e-01 3.139e+03
1.616e-01 6.539e+03
2.528e-01 2.582e+03
2.165e-01 3.401e+03
2.282e-01 2.853e+03
2.282e-01 3.013e+03
1.754e-01 4.878e+03
2.530e-01 2.713e+03
2.595e-01 2.610e+03
2.008e-01 3.830e+03
1.752e-01 6.028e+03
2.090e-01 3.487e+03
1.856e-01 4.505e+03
1.912e-01 3.809e+03
2.303e-01 2.926e+03
1.833e-01 4.787e+03
2.090e-01 3.488e+03
2.608e-01 2.720e+03
2.259e-01 3.216e+03
2.039e-01 3.888e+03
3.315e-01 2.199e+03
1.905e-01 4.062e+03
2.238e-01 3.207e+03
2.198e-01 3.161e+03
2.317e-01 3.042e+03
1.798e-01 4.510e+03
2.040e-01 3.750e+03
1.890e-01 4.416e+03
2.682e-01 2.598e+03
2.770e-01 2.538e+03
1.913e-01 4.692e+03
2.208e-01 3.485e+03
2.169e-01 3.536e+03
2.832e-01 2.332e+03
2.493e-01 2.715e+03
2.655e-01 2.600e+03
2.544e-01 2.712e+03
1.862e-01 4.299e+03
3.313e-01 2.097e+03
2.670e-01 2.556e+03
1.979e-01 3.854e+03
2.667e-01 2.622e+03
2.800e-01 2.381e+03
2.063e-01 3.417e+03
2.324e-01 3.016e+03
2.126e-01 3.611e+03
2.415e-01 3.014e+03
2.456e-01 2.797e+03
2.037e-01 3.931e+03
2.034e-01 3.415e+03
2.153e-01 3.393e+03
1.925e-01 4.110e+03
2.561e-01 2.718e+03
2.115e-01 3.640e+03
2.071e-01 3.632e+03
2.047e-01 3.865e+03
2.368e-01 2.916e+03
2.238e-01 2.854e+03
2.788e-01 2.612e+03
2.962e-01 2.259e+03
1.938e-01 4.414e+03
1.945e-01 3.889e+03
2.276e-01 3.123e+03
2.822e-01 2.469e+03
1.695e-01 5.639e+03
2.281e-01 3.137e+03
2.138e-01 3.306e+03
2.366e-01 3.247e+03
2.259e-01 3.213e+03
1.745e-01 6.393e+03
2.471e-01 2.716e+03
2.070e-01 3.448e+03
2.513e-01 2.729e+03
2.182e-01 3.498e+03
2.498e-01 2.687e+03
1.808e-01 5.120e+03
1.922e-01 4.467e+03
2.616e-01 2.705e+03
2.903e-01 2.167e+03
2.080e-01 3.723e+03
1.556e-01 9.729e+03
1.737e-01 4.401e+03
2.788e-01 2.449e+03
2.032e-01 3.996e+03
2.588e-01 2.656e+03
2.611e-01 2.657e+03
2.476e-01 2.719e+03
2.164e-01 3.152e+03
2.223e-01 3.581e+03
1.977e-01 3.848e+03
2.162e-01 3.603e+03
2.500e-01 2.709e+03
2.940e-01 2.327e+03
2.664e-01 2.563e+03
2.358e-01 2.922e+03
2.926e-01 2.366e+03
2.198e-01 3.431e+03
2.365e-01 3.005e+03
1.904e-01 3.963e+03
2.901e-01 2.389e+03
2.240e-01 3.066e+03
2.270e-01 2.953e+03
2.429e-01 2.923e+03
2.377e-01 3.143e+03
2.366e-01 3.083e+03
2.686e-01 2.439e+03
2.141e-01 3.388e+03
2.865e-01 2.363e+03
2.332e-01 3.120e+03
2.248e-01 3.296e+03
1.999e-01 3.815e+03
2.284e-01 2.993e+03
2.244e-01 2.910e+03
2.932e-01 2.351e+03
2.104e-01 3.321e+03
2.587e-01 2.546e+03
2.135e-01 3.597e+03
3.009e-01 2.217e+03
2.542e-01 2.769e+03
2.474e-01 2.940e+03
2.594e-01 2.672e+03
2.322e-01 3.062e+03
1.909e-01 4.086e+03
2.713e-01 2.505e+03
2.120e-01 3.512e+03
2.526e-01 2.644e+03
1.896e-01 4.605e+03
2.303e-01 3.082e+03
2.302e-01 2.890e+03
2.079e-01 3.633e+03
2.332e-01 2.879e+03
3.069e-01 2.246e+03
2.243e-01 3.259e+03
1.823e-01 4.722e+03
2.550e-01 2.517e+03
2.023e-01 4.079e+03
2.406e-01 2.714e+03
2.120e-01 3.395e+03
2.585e-01 2.560e+03
1.704e-01 5.702e+03
1.826e-01 4.473e+03
2.580e-01 2.635e+03
1.905e-01 4.504e+03
1.752e-01 5.697e+03
1.848e-01 4.259e+03
3.028e-01 2.263e+03
1.723e-01 5.117e+03
2.515e-01 2.872e+03
2.051e-01 3.655e+03
2.536e-01 2.640e+03
3.380e-01 2.223e+03
2.240e-01 3.458e+03
2.738e-01 2.419e+03
2.090e-01 3.607e+03
1.825e-01 4.139e+03
1.797e-01 4.863e+03
2.245e-01 2.953e+03
2.097e-01 3.489e+03
1.774e-01 5.494e+03
1.805e-01 4.728e+03
2.244e-01 3.219e+03
2.652e-01 2.432e+03
2.526e-01 2.611e+03
1.828e-01 4.125e+03
2.842e-01 2.374e+03
2.766e-01 2.545e+03
2.838e-01 2.523e+03
2.329e-01 3.261e+03
2.087e-01 4.049e+03
1.982e-01 4.074e+03
2.957e-01 2.389e+03
2.124e-01 3.182e+03
2.124e-01 3.417e+03
1.807e-01 5.366e+03
2.258e-01 3.041e+03
2.316e-01 3.077e+03
3.137e-01 2.252e+03
2.995e-01 2.227e+03
2.058e-01 3.558e+03
2.812e-01 2.441e+03
1.884e-01 4.523e+03
2.496e-01 2.754e+03
2.138e-01 3.481e+03
2.329e-01 2.989e+03
2.080e-01 3.818e+03
3.188e-01 2.215e+03
2.309e-01 2.966e+03
2.654e-01 2.598e+03
2.309e-01 3.230e+03
3.333e-01 2.165e+03
2.097e-01 3.394e+03
2.275e-01 3.326e+03
1.884e-01 3.967e+03
2.398e-01 3.028e+03
2.582e-01 2.683e+03
2.244e-01 3.272e+03
2.134e-01 3.687e+03
2.846e-01 2.365e+03
2.225e-01 3.195e+03
3.137e-01 2.233e+03
2.198e-01 3.189e+03
2.714e-01 2.564e+03
2.005e-01 3.934e+03
2.791e-01 2.506e+03
2.013e-01 3.427e+03
2.119e-01 3.718e+03
1.930e-01 4.023e+03
2.286e-01 3.033e+03
2.230e-01 3.096e+03
1.795e-01 4.993e+03
2.113e-01 3.300e+03
2.527e-01 2.605e+03
1.808e-01 5.263e+03
2.367e-01 2.925e+03
2.605e-01 2.644e+03
2.367e-01 3.337e+03
2.360e-01 2.922e+03
1.913e-01 4.015e+03
3.096e-01 2.269e+03
1.818e-01 4.800e+03
1.944e-01 4.287e+03
1.860e-01 5.484e+03
2.282e-01 3.030e+03
2.446e-01 2.773e+03
2.245e-01 3.106e+03
2.407e-01 2.899e+03
1.907e-01 4.273e+03
3.078e-01 2.291e+03
2.323e-01 3.073e+03
2.538e-01 2.814e+03
2.209e-01 3.080e+03
2.518e-01 2.716e+03
2.370e-01 2.917e+03
2.034e-01 3.524e+03
2.518e-01 2.792e+03
1.711e-01 5.006e+03
1.838e-01 3.785e+03
1.746e-01 5.526e+03
2.453e-01 2.714e+03
1.834e-01 4.759e+03
2.087e-01 3.288e+03
1.960e-01 3.783e+03
2.189e-01 3.422e+03
2.361e-01 2.967e+03
3.726e-01 2.018e+03
2.535e-01 2.769e+03
2.813e-01 2.487e+03
3.262e-01 2.168e+03
2.537e-01 2.686e+03
2.826e-01 2.375e+03
2.593e-01 2.664e+03
2.239e-01 3.271e+03
2.070e-01 3.565e+03
2.289e-01 3.019e+03
2.478e-01 2.625e+03
2.301e-01 2.907e+03
1.727e-01 5.586e+03
2.968e-01 2.336e+03
2.308e-01 3.044e+03
1.705e-01 5.346e+03
2.261e-01 3.011e+03
2.052e-01 3.546e+03
2.557e-01 2.617e+03
1.709e-01 5.566e+03
2.338e-01 2.887e+03
1.789e-01 4.770e+03
2.656e-01 2.594e+03
1.895e-01 4.063e+03
1.703e-01 6.251e+03
2.587e-01 2.575e+03
1.801e-01 5.005e+03
2.167e-01 3.309e+03
2.638e-01 2.738e+03
2.065e-01 3.524e+03
2.063e-01 3.668e+03
1.969e-01 3.836e+03
2.524e-01 2.615e+03
1.980e-01 3.945e+03
2.043e-01 3.558e+03
2.527e-01 2.765e+03
2.725e-01 2.597e+03
2.917e-01 2.372e+03
2.874e-01 2.400e+03
2.140e-01 3.197e+03
2.186e-01 3.374e+03
3.020e-01 2.393e+03
2.717e-01 2.600e+03
1.946e-01 3.966e+03
2.367e-01 3.129e+03
1.760e-01 5.854e+03
2.264e-01 3.090e+03
2.590e-01 2.668e+03
2.490e-01 2.708e+03
2.662e-01 2.673e+03
2.227e-01 3.073e+03
2.264e-01 3.291e+03
2.228e-01 3.193e+03
1.798e-01 5.505e+03
2.038e-01 3.380e+03
1.803e-01 4.643e+03
2.262e-01 3.265e+03
2.556e-01 2.541e+03
2.764e-01 2.459e+03
2.772e-01 2.481e+03
3.353e-01 2.163e+03
1.770e-01 5.036e+03
2.182e-01 3.473e+03
2.211e-01 3.140e+03
3.100e-01 2.283e+03
2.042e-01 3.808e+03
2.479e-01 2.682e+03
2.490e-01 2.876e+03
2.291e-01 3.187e+03
3.412e-01 2.071e+03
1.572e-01 7.581e+03
2.432e-01 2.771e+03
2.095e-01 3.489e+03
2.897e-01 2.225e+03
1.885e-01 4.193e+03
2.606e-01 2.681e+03
1.775e-01 4.683e+03
2.031e-01 3.793e+03
2.123e-01 3.372e+03
2.344e-01 2.818e+03
3.193e-01 2.184e+03
3.001e-01 2.316e+03
2.008e-01 3.995e+03
2.667e-01 2.416e+03
2.152e-01 3.764e+03
2.251e-01 3.048e+03
2.683e-01 2.742e+03
3.369e-01 2.057e+03
2.293e-01 3.239e+03
1.809e-01 4.551e+03
2.737e-01 2.543e+03
2.193e-01 3.483e+03
2.421e-01 2.879e+03
2.408e-01 2.773e+03
2.112e-01 3.413e+03
2.309e-01 3.015e+03
3.041e-01 2.266e+03
3.262e-01 2.133e+03
2.460e-01 2.933e+03
2.214e-01 3.342e+03
2.791e-01 2.407e+03
2.485e-01 2.893e+03
2.349e-01 3.228e+03
2.284e-01 3.105e+03
2.171e-01 3.337e+03
2.607e-01 2.527e+03
2.004e-01 3.657e+03
2.031e-01 3.765e+03
1.948e-01 4.571e+03
2.476e-01 2.597e+03
1.994e-01 3.901e+03
2.152e-01 3.206e+03
2.249e-01 3.155e+03
2.073e-01 3.487e+03
2.061e-01 3.835e+03
2.922e-01 2.475e+03
2.355e-01 2.692e+03
1.751e-01 4.638e+03
1.882e-01 4.879e+03
2.928e-01 2.232e+03
3.034e-01 2.361e+03
2.523e-01 2.837e+03
1.966e-01 3.659e+03
2.370e-01 2.813e+03
2.182e-01 3.315e+03
2.155e-01 3.263e+03
2.733e-01 2.393e+03
1.858e-01 5.435e+03
1.697e-01 5.731e+03
2.593e-01 2.627e+03
2.132e-01 3.446e+03
2.708e-01 2.544e+03
2.064e-01 3.884e+03
2.735e-01 2.493e+03
2.525e-01 2.627e+03
2.319e-01 3.024e+03
3.079e-01 2.230e+03
2.701e-01 2.506e+03
2.148e-01 3.010e+03
1.736e-01 5.005e+03
2.061e-01 4.130e+03
2.676e-01 2.512e+03
1.993e-01 3.776e+03
2.311e-01 3.048e+03
2.360e-01 2.938e+03
2.555e-01 2.557e+03
3.011e-01 2.325e+03
2.690e-01 2.498e+03
2.722e-01 2.528e+03
2.014e-01 3.675e+03
2.840e-01 2.464e+03
2.067e-01 3.807e+03
2.739e-01 2.711e+03
2.102e-01 3.673e+03
2.196e-01 3.169e+03
2.591e-01 2.740e+03
2.555e-01 2.731e+03
1.879e-01 4.249e+03
3.053e-01 2.293e+03
2.116e-01 3.146e+03
2.048e-01 3.649e+03
2.452e-01 2.747e+03
2.677e-01 2.562e+03
2.188e-01 3.220e+03
2.181e-01 3.240e+03
2.105e-01 3.698e+03
2.690e-01 2.715e+03
2.436e-01 2.888e+03
3.034e-01 2.319e+03
2.009e-01 3.757e+03
2.561e-01 2.769e+03
2.098e-01 3.518e+03
3.549e-01 2.075e+03
1.620e-01 6.196e+03
2.977e-01 2.344e+03
2.004e-01 3.612e+03
2.220e-01 3.103e+03
1.685e-01 6.933e+03
1.802e-01 5.321e+03
2.389e-01 3.185e+03
1.934e-01 3.917e+03
1.950e-01 3.798e+03
2.038e-01 3.695e+03
2.725e-01 2.489e+03
1.892e-01 4.569e+03
2.525e-01 2.727e+03
2.783e-01 2.623e+03
2.901e-01 2.312e+03
2.342e-01 3.055e+03
2.951e-01 2.356e+03
2.194e-01 3.274e+03
2.039e-01 3.792e+03
2.459e-01 2.841e+03
2.520e-01 2.737e+03
1.999e-01 3.985e+03
3.059e-01 2.239e+03
1.885e-01 4.129e+03
2.371e-01 2.801e+03
2.204e-01 3.166e+03
2.850e-01 2.418e+03
2.446e-01 2.707e+03
2.823e-01 2.267e+03
2.192e-01 3.230e+03
2.151e-01 3.213e+03
2.021e-01 3.594e+03
2.179e-01 3.286e+03
2.424e-01 2.629e+03
2.307e-01 2.988e+03
2.850e-01 2.373e+03
2.887e-01 2.303e+03
2.376e-01 2.991e+03
2.661e-01 2.745e+03
2.146e-01 3.336e+03
1.942e-01 4.129e+03
1.984e-01 3.840e+03
2.357e-01 2.975e+03
1.860e-01 4.293e+03
2.087e-01 3.278e+03
2.619e-01 2.572e+03
2.810e-01 2.378e+03
2.452e-01 2.767e+03
2.802e-01 2.379e+03
2.901e-01 2.342e+03
3.094e-01 2.287e+03
1.975e-01 3.919e+03
2.504e-01 2.910e+03
2.220e-01 3.279e+03
2.263e-01 3.153e+03
2.385e-01 2.734e+03
2.587e-01 2.611e+03
3.321e-01 2.126e+03
2.210e-01 3.283e+03
2.074e-01 3.404e+03
2.340e-01 2.836e+03
2.453e-01 2.816e+03
2.865e-01 2.369e+03
2.927e-01 2.389e+03
2.921e-01 2.327e+03
2.366e-01 2.687e+03
2.305e-01 3.152e+03
2.408e-01 2.770e+03
2.232e-01 3.247e+03
2.558e-01 2.557e+03
2.355e-01 2.722e+03
1.869e-01 4.675e+03
1.851e-01 4.018e+03
2.096e-01 3.594e+03
1.685e-01 5.546e+03
2.984e-01 2.311e+03
2.648e-01 2.559e+03
2.022e-01 3.842e+03
2.841e-01 2.354e+03
1.852e-01 4.779e+03
2.590e-01 2.606e+03
2.580e-01 2.665e+03
2.446e-01 2.622e+03
2.885e-01 2.330e+03
2.554e-01 2.704e+03
1.883e-01 4.128e+03
2.136e-01 3.511e+03
2.689e-01 2.503e+03
2.855e-01 2.494e+03
2.107e-01 3.299e+03
1.849e-01 4.579e+03
2.410e-01 2.990e+03
2.035e-01 3.531e+03
2.241e-01 3.271e+03
2.619e-01 2.487e+03
2.155e-01 3.380e+03
2.135e-01 3.397e+03
2.468e-01 2.662e+03
2.275e-01 3.022e+03
2.669e-01 2.622e+03
1.747e-01 5.274e+03
1.698e-01 6.228e+03
2.516e-01 2.807e+03
2.010e-01 3.391e+03
1.905e-01 3.907e+03
3.043e-01 2.307e+03
2.566e-01 2.791e+03
2.081e-01 3.414e+03
3.032e-01 2.344e+03
1.928e-01 4.032e+03
2.085e-01 3.396e+03
2.089e-01 3.516e+03
3.005e-01 2.313e+03
1.841e-01 4.496e+03
2.143e-01 3.437e+03
1.876e-01 4.268e+03
2.066e-01 3.489e+03
1.878e-01 4.256e+03
2.214e-01 3.105e+03
2.834e-01 2.382e+03
1.984e-01 3.731e+03
2.497e-01 2.755e+03
2.330e-01 3.018e+03
1.721e-01 4.668e+03
2.065e-01 3.831e+03
2.474e-01 2.634e+03
2.464e-01 3.005e+03
2.061e-01 3.848e+03
2.661e-01 2.539e+03
2.236e-01 2.909e+03
2.127e-01 3.472e+03
2.593e-01 2.593e+03
1.942e-01 3.953e+03
2.252e-01 3.242e+03
2.178e-01 3.123e+03
1.954e-01 4.057e+03
2.415e-01 2.889e+03
2.776e-01 2.426e+03
2.056e-01 3.722e+03
2.889e-01 2.494e+03
2.065e-01 3.427e+03
2.515e-01 2.807e+03
1.970e-01 4.107e+03
2.455e-01 2.744e+03
1.734e-01 5.038e+03
1.932e-01 4.275e+03
3.175e-01 2.278e+03
1.751e-01 5.316e+03
2.654e-01 2.594e+03
2.791e-01 2.404e+03
1.778e-01 5.038e+03
2.629e-01 2.654e+03
1.976e-01 3.981e+03
2.597e-01 2.486e+03
2.375e-01 2.982e+03
2.565e-01 2.692e+03
3.235e-01 2.249e+03
2.784e-01 2.468e+03
3.065e-01 2.235e+03
2.388e-01 3.041e+03
2.361e-01 2.774e+03
2.600e-01 2.495e+03
2.163e-01 3.073e+03
2.358e-01 3.185e+03
2.442e-01 2.836e+03
2.053e-01 3.655e+03
1.914e-01 4.191e+03
2.851e-01 2.415e+03
2.549e-01 2.723e+03
2.211e-01 3.265e+03
2.185e-01 3.373e+03
2.192e-01 3.136e+03
2.099e-01 3.514e+03
2.457e-01 2.863e+03
1.959e-01 3.950e+03
2.694e-01 2.443e+03
2.035e-01 3.801e+03
1.932e-01 3.785e+03
2.269e-01 3.220e+03
3.145e-01 2.334e+03
2.515e-01 2.739e+03
3.246e-01 2.195e+03
2.328e-01 2.977e+03
2.127e-01 3.598e+03
2.272e-01 3.028e+03
2.602e-01 2.747e+03
2.207e-01 3.436e+03
2.291e-01 2.974e+03
2.901e-01 2.432e+03
2.381e-01 2.797e+03
1.738e-01 5.850e+03
2.063e-01 3.426e+03
2.438e-01 2.937e+03
2.359e-01 3.047e+03
2.392e-01 2.876e+03
1.841e-01 4.503e+03
2.655e-01 2.617e+03
2.310e-01 3.117e+03
1.924e-01 4.190e+03
2.290e-01 3.147e+03
1.953e-01 4.166e+03
1.799e-01 5.054e+03
2.885e-01 2.407e+03
2.815e-01 2.270e+03
2.823e-01 2.445e+03
1.898e-01 4.490e+03
3.207e-01 2.299e+03
2.350e-01 2.875e+03
2.264e-01 3.118e+03
2.870e-01 2.240e+03
2.553e-01 2.688e+03
1.921e-01 4.905e+03
1.931e-01 4.261e+03
2.736e-01 2.456e+03
2.241e-01 3.332e+03
2.023e-01 3.873e+03
2.159e-01 3.420e+03
1.685e-01 6.115e+03
2.568e-01 2.686e+03
2.769e-01 2.486e+03
1.896e-01 4.597e+03
2.121e-01 3.055e+03
1.696e-01 5.243e+03
2.458e-01 2.836e+03
1.980e-01 3.885e+03
2.127e-01 3.576e+03
2.582e-01 2.525e+03
2.001e-01 3.697e+03
2.180e-01 3.320e+03
2.433e-01 2.939e+03
2.273e-01 3.120e+03
2.763e-01 2.573e+03
3.330e-01 2.201e+03
2.031e-01 4.260e+03
2.681e-01 2.590e+03
2.484e-01 2.645e+03
2.439e-01 2.760e+03
2.072e-01 3.528e+03
1.854e-01 4.555e+03
2.076e-01 3.774e+03
2.344e-01 3.259e+03
2.783e-01 2.283e+03
2.103e-01 3.559e+03
2.746e-01 2.563e+03
2.506e-01 2.821e+03
2.149e-01 3.391e+03
2.387e-01 2.821e+03
2.210e-01 3.269e+03
2.861e-01 2.489e+03
3.640e-01 2.013e+03
3.136e-01 2.185e+03
1.950e-01 3.710e+03
1.971e-01 4.322e+03
2.191e-01 3.307e+03
1.780e-01 4.962e+03
2.835e-01 2.375e+03
2.203e-01 3.193e+03
3.248e-01 2.205e+03
2.125e-01 3.538e+03
2.038e-01 3.575e+03
2.261e-01 2.900e+03
2.644e-01 2.499e+03
2.723e-01 2.595e+03
2.034e-01 3.399e+03
2.175e-01 3.333e+03
1.894e-01 4.073e+03
2.571e-01 2.636e+03
3.077e-01 2.212e+03
2.399e-01 3.003e+03
2.535e-01 2.567e+03
2.435e-01 2.776e+03
2.484e-01 2.761e+03
2.777e-01 2.398e+03
2.012e-01 4.086e+03
2.274e-01 3.032e+03
2.325e-01 3.024e+03
2.815e-01 2.368e+03
2.813e-01 2.296e+03
2.064e-01 3.504e+03
2.626e-01 2.619e+03
2.200e-01 3.094e+03
2.873e-01 2.466e+03
2.421e-01 2.664e+03
3.286e-01 2.266e+03
2.209e-01 3.410e+03
2.309e-01 2.914e+03
2.447e-01 2.793e+03
1.629e-01 6.873e+03
2.194e-01 3.129e+03
2.094e-01 3.676e+03
2.295e-01 3.093e+03
2.771e-01 2.528e+03
2.460e-01 2.675e+03
2.168e-01 3.341e+03
2.046e-01 3.577e+03
2.332e-01 3.295e+03
2.349e-01 2.829e+03
2.766e-01 2.477e+03
3.105e-01 2.278e+03
1.761e-01 5.821e+03
2.304e-01 3.036e+03
2.043e-01 3.638e+03
1.797e-01 4.566e+03
1.898e-01 4.013e+03
1.712e-01 6.939e+03
2.900e-01 2.382e+03
2.585e-01 2.676e+03
2.807e-01 2.407e+03
2.282e-01 3.118e+03
2.522e-01 2.663e+03
1.862e-01 4.950e+03
2.104e-01 3.836e+03
2.716e-01 2.385e+03
1.903e-01 3.926e+03
2.387e-01 2.817e+03
2.499e-01 2.756e+03
2.294e-01 3.060e+03
2.039e-01 3.391e+03
2.563e-01 2.717e+03
2.488e-01 2.562e+03
2.675e-01 2.516e+03
1.588e-01 7.558e+03
2.350e-01 2.961e+03
3.246e-01 2.084e+03
3.381e-01 2.162e+03
2.958e-01 2.447e+03
2.983e-01 2.301e+03
2.018e-01 3.624e+03
1.914e-01 4.616e+03
2.809e-01 2.483e+03
1.818e-01 5.562e+03
2.693e-01 2.488e+03
1.825e-01 4.289e+03
2.159e-01 3.414e+03
2.114e-01 3.902e+03
1.911e-01 4.041e+03
3.435e-01 2.020e+03
2.215e-01 2.983e+03
3.440e-01 2.077e+03
1.890e-01 4.335e+03
2.654e-01 2.718e+03
2.750e-01 2.453e+03
1.638e-01 7.160e+03
2.470e-01 2.770e+03
2.756e-01 2.590e+03
2.214e-01 3.259e+03
2.318e-01 3.068e+03
1.967e-01 3.623e+03
2.630e-01 2.645e+03
2.445e-01 2.853e+03
2.272e-01 2.892e+03
2.067e-01 3.684e+03
2.455e-01 2.766e+03
1.891e-01 4.881e+03
1.616e-01 6.908e+03
1.721e-01 6.268e+03
2.154e-01 3.139e+03
2.222e-01 3.077e+03
2.378e-01 2.727e+03
2.043e-01 3.604e+03
3.374e-01 2.102e+03
2.442e-01 2.974e+03
2.071e-01 3.724e+03
2.435e-01 2.743e+03
1.811e-01 5.254e+03
2.182e-01 3.252e+03
1.884e-01 4.140e+03
2.565e-01 2.540e+03
1.789e-01 5.001e+03
2.700e-01 2.603e+03
1.867e-01 4.398e+03
2.578e-01 2.741e+03
2.536e-01 2.645e+03
2.429e-01 2.873e+03
2.246e-01 3.232e+03
2.217e-01 3.116e+03
2.512e-01 2.779e+03
1.911e-01 3.859e+03
2.343e-01 2.893e+03
2.343e-01 3.149e+03
2.151e-01 3.344e+03
2.406e-01 2.994e+03
2.028e-01 3.737e+03
3.321e-01 2.144e+03
2.093e-01 3.503e+03
2.754e-01 2.349e+03
2.341e-01 2.994e+03
2.635e-01 2.534e+03
1.907e-01 4.170e+03
2.534e-01 2.854e+03
2.434e-01 2.858e+03
2.137e-01 3.168e+03
2.499e-01 2.810e+03
2.176e-01 3.012e+03
2.107e-01 3.532e+03
2.694e-01 2.657e+03
2.560e-01 2.665e+03
3.852e-01 1.987e+03
2.494e-01 2.747e+03
2.699e-01 2.383e+03
2.432e-01 2.874e+03
2.513e-01 2.838e+03
2.647e-01 2.609e+03
2.897e-01 2.346e+03
2.803e-01 2.470e+03
2.722e-01 2.598e+03
2.259e-01 3.163e+03
2.372e-01 2.880e+03
2.148e-01 3.588e+03
2.262e-01 3.004e+03
1.780e-01 4.962e+03
1.761e-01 5.398e+03
2.123e-01 3.503e+03
3.089e-01 2.256e+03
2.123e-01 3.501e+03
2.840e-01 2.493e+03
2.753e-01 2.468e+03
1.862e-01 4.357e+03
2.311e-01 2.928e+03
2.692e-01 2.484e+03
2.556e-01 2.454e+03
2.292e-01 3.001e+03
2.728e-01 2.358e+03
2.129e-01 3.337e+03
2.604e-01 2.633e+03
2.648e-01 2.418e+03
2.343e-01 2.942e+03
1.958e-01 3.677e+03
1.709e-01 4.981e+03
2.777e-01 2.532e+03
2.328e-01 2.999e+03
2.441e-01 2.858e+03
2.534e-01 2.805e+03
1.737e-01 5.590e+03
2.955e-01 2.297e+03
2.430e-01 2.808e+03
2.060e-01 3.682e+03
1.678e-01 5.503e+03
2.857e-01 2.424e+03
2.815e-01 2.488e+03
2.294e-01 3.064e+03
2.521e-01 2.702e+03
2.161e-01 3.422e+03
2.503e-01 2.733e+03
2.400e-01 2.822e+03
2.118e-01 3.440e+03
1.988e-01 3.809e+03
1.929e-01 3.937e+03
2.023e-01 3.515e+03
2.680e-01 2.668e+03
1.910e-01 4.521e+03
2.519e-01 2.757e+03
3.186e-01 2.269e+03
2.195e-01 3.284e+03
2.589e-01 2.575e+03
3.371e-01 2.103e+03
2.022e-01 3.679e+03
2.067e-01 3.608e+03
1.702e-01 5.346e+03
2.710e-01 2.628e+03
2.501e-01 2.833e+03
2.130e-01 3.454e+03
2.511e-01 2.730e+03
2.577e-01 2.669e+03
2.628e-01 2.697e+03
2.562e-01 2.680e+03
2.127e-01 3.423e+03
2.584e-01 2.641e+03
2.464e-01 2.731e+03
2.355e-01 3.124e+03
1.781e-01 5.376e+03
2.205e-01 3.505e+03
2.358e-01 3.050e+03
2.902e-01 2.312e+03
2.044e-01 3.772e+03
1.721e-01 4.991e+03
2.367e-01 2.940e+03
2.808e-01 2.421e+03
2.259e-01 3.031e+03
2.293e-01 2.801e+03
2.002e-01 3.781e+03
2.557e-01 2.653e+03
2.357e-01 2.815e+03
2.043e-01 3.444e+03
1.725e-01 4.969e+03
2.021e-01 3.866e+03
2.395e-01 2.827e+03
2.257e-01 3.396e+03
2.256e-01 3.088e+03
2.146e-01 3.269e+03
2.390e-01 2.938e+03
2.340e-01 3.060e+03
2.282e-01 3.141e+03
2.625e-01 2.603e+03
2.234e-01 3.158e+03
2.563e-01 2.683e+03
2.640e-01 2.617e+03
1.844e-01 4.596e+03
1.989e-01 3.754e+03
3.126e-01 2.192e+03
2.821e-01 2.300e+03
2.160e-01 3.229e+03
2.233e-01 3.233e+03
2.731e-01 2.482e+03
1.727e-01 5.387e+03
2.713e-01 2.584e+03
2.555e-01 2.709e+03
2.534e-01 2.781e+03
1.988e-01 4.154e+03
3.139e-01 2.223e+03
2.385e-01 2.876e+03
2.170e-01 3.036e+03
2.201e-01 3.013e+03
2.273e-01 2.992e+03
1.979e-01 4.061e+03
2.342e-01 2.939e+03
2.346e-01 2.826e+03
2.422e-01 2.882e+03
2.267e-01 3.212e+03
2.076e-01 3.917e+03
1.912e-01 4.437e+03
2.674e-01 2.417e+03
1.622e-01 6.470e+03
2.269e-01 3.187e+03
2.118e-01 3.638e+03
2.861e-01 2.381e+03
2.335e-01 3.021e+03
1.969e-01 3.733e+03
1.940e-01 3.549e+03
1.881e-01 4.765e+03
1.854e-01 4.624e+03
2.401e-01 2.806e+03
1.789e-01 5.518e+03
2.210e-01 3.312e+03
1.963e-01 4.048e+03
2.114e-01 3.336e+03
1.917e-01 4.431e+03
2.573e-01 2.683e+03
2.725e-01 2.455e+03
2.199e-01 3.601e+03
2.479e-01 2.747e+03
1.821e-01 4.740e+03
1.910e-01 4.351e+03
2.239e-01 3.319e+03
2.151e-01 3.053e+03
1.808e-01 4.380e+03
2.300e-01 3.088e+03
1.883e-01 4.940e+03
1.864e-01 4.801e+03
1.624e-01 7.026e+03
2.483e-01 2.750e+03
2.444e-01 2.905e+03
1.803e-01 5.121e+03
1.702e-01 5.247e+03
2.865e-01 2.454e+03
2.453e-01 2.869e+03
3.003e-01 2.291e+03
2.516e-01 2.702e+03
2.326e-01 3.024e+03
2.358e-01 3.003e+03
2.301e-01 2.893e+03
2.166e-01 3.378e+03
2.646e-01 2.772e+03
2.825e-01 2.451e+03
2.317e-01 3.106e+03
2.236e-01 2.981e+03
2.021e-01 3.608e+03
2.172e-01 3.442e+03
2.108e-01 3.493e+03
2.568e-01 2.599e+03
2.062e-01 3.500e+03
2.283e-01 3.050e+03
2.836e-01 2.293e+03
1.675e-01 5.894e+03
2.632e-01 2.516e+03
2.084e-01 3.301e+03
2.706e-01 2.604e+03
3.172e-01 2.284e+03
2.341e-01 3.249e+03
2.104e-01 3.810e+03
2.353e-01 3.277e+03
1.871e-01 4.656e+03
2.568e-01 2.679e+03
1.770e-01 5.420e+03
2.774e-01 2.473e+03
2.386e-01 2.996e+03
3.007e-01 2.318e+03
2.463e-01 2.646e+03
3.036e-01 2.259e+03
2.079e-01 3.466e+03
2.005e-01 3.703e+03
2.552e-01 2.777e+03
2.552e-01 2.614e+03
2.578e-01 2.770e+03
1.899e-01 4.224e+03
2.710e-01 2.515e+03
1.750e-01 5.370e+03
3.257e-01 2.216e+03
2.066e-01 3.404e+03
2.085e-01 3.604e+03
1.792e-01 4.497e+03
3.036e-01 2.268e+03
2.265e-01 2.993e+03
2.134e-01 3.366e+03
2.280e-01 2.946e+03
2.407e-01 2.890e+03
1.909e-01 3.941e+03
2.943e-01 2.335e+03
2.207e-01 3.071e+03
1.777e-01 4.641e+03
2.004e-01 3.760e+03
2.194e-01 3.284e+03
2.658e-01 2.686e+03
2.287e-01 3.014e+03
2.621e-01 2.777e+03
1.797e-01 4.891e+03
2.043e-01 3.727e+03
1.815e-01 4.796e+03
1.907e-01 4.549e+03
2.147e-01 3.270e+03
2.042e-01 3.661e+03
1.956e-01 3.645e+03
2.359e-01 2.963e+03
2.502e-01 2.765e+03
2.839e-01 2.508e+03
3.254e-01 2.236e+03
2.079e-01 3.498e+03
2.281e-01 3.122e+03
2.558e-01 2.638e+03
3.107e-01 2.195e+03
2.573e-01 2.884e+03
2.305e-01 3.101e+03
1.895e-01 4.350e+03
2.027e-01 3.897e+03
3.058e-01 2.367e+03
3.031e-01 2.300e+03
1.819e-01 4.966e+03
2.110e-01 3.247e+03
2.254e-01 3.209e+03
1.890e-01 4.997e+03
2.157e-01 3.573e+03
1.938e-01 4.263e+03
2.313e-01 2.971e+03
2.185e-01 3.453e+03
2.148e-01 3.472e+03
2.188e-01 3.065e+03
2.052e-01 3.736e+03
1.644e-01 6.282e+03
2.229e-01 3.387e+03
1.630e-01 6.487e+03
2.676e-01 2.644e+03
1.619e-01 6.342e+03
1.807e-01 4.822e+03
2.295e-01 3.327e+03
2.524e-01 2.713e+03
2.697e-01 2.518e+03
2.695e-01 2.807e+03
2.832e-01 2.349e+03
1.879e-01 4.305e+03
1.867e-01 4.436e+03
2.613e-01 2.664e+03
1.850e-01 4.057e+03
2.268e-01 3.091e+03
2.283e-01 2.963e+03
2.132e-01 3.156e+03
2.767e-01 2.731e+03
2.608e-01 2.620e+03
1.844e-01 4.111e+03
2.084e-01 3.659e+03
2.878e-01 2.351e+03
2.423e-01 2.877e+03
2.280e-01 3.172e+03
2.126e-01 3.349e+03
3.301e-01 2.161e+03
1.935e-01 4.298e+03
2.789e-01 2.427e+03
2.759e-01 2.392e+03
1.893e-01 4.307e+03
2.019e-01 3.846e+03
2.368e-01 2.938e+03
2.834e-01 2.526e+03
2.413e-01 2.950e+03
2.669e-01 2.559e+03
1.942e-01 4.391e+03
1.736e-01 5.324e+03
1.563e-01 8.972e+03
1.900e-01 4.737e+03
2.692e-01 2.502e+03
2.439e-01 2.881e+03
2.646e-01 2.702e+03
2.947e-01 2.249e+03
2.287e-01 2.858e+03
2.416e-01 2.839e+03
2.022e-01 3.993e+03
1.820e-01 4.809e+03
2.127e-01 3.503e+03
1.965e-01 4.411e+03
2.826e-01 2.367e+03
2.643e-01 2.421e+03
1.887e-01 4.560e+03
2.101e-01 3.417e+03
2.245e-01 3.497e+03
3.415e-01 2.145e+03
2.357e-01 2.936e+03
1.955e-01 4.270e+03
2.708e-01 2.588e+03
2.375e-01 2.806e+03
2.851e-01 2.502e+03
2.827e-01 2.410e+03
2.878e-01 2.305e+03
2.241e-01 3.244e+03
2.227e-01 3.193e+03
2.312e-01 3.195e+03
2.572e-01 2.589e+03
2.977e-01 2.304e+03
1.814e-01 5.511e+03
2.661e-01 2.524e+03
2.380e-01 2.882e+03
2.586e-01 2.739e+03
3.134e-01 2.130e+03
2.309e-01 2.932e+03
2.892e-01 2.429e+03
3.132e-01 2.255e+03
2.355e-01 2.899e+03
2.597e-01 2.910e+03
1.858e-01 4.198e+03
2.164e-01 3.291e+03
1.852e-01 4.293e+03
2.731e-01 2.496e+03
1.651e-01 5.678e+03
1.649e-01 6.909e+03
1.810e-01 5.172e+03
2.326e-01 2.991e+03
2.386e-01 2.747e+03
1.715e-01 5.312e+03
1.564e-01 8.939e+03
3.141e-01 2.202e+03
2.492e-01 2.649e+03
2.281e-01 2.895e+03
2.334e-01 2.919e+03
2.296e-01 3.069e+03
2.055e-01 3.420e+03
1.973e-01 3.745e+03
1.905e-01 4.589e+03
2.451e-01 2.967e+03
2.677e-01 2.375e+03
1.868e-01 4.138e+03
2.735e-01 2.525e+03
2.927e-01 2.286e+03
3.119e-01 2.353e+03
2.433e-01 2.837e+03
2.350e-01 2.860e+03
2.015e-01 3.720e+03
1.781e-01 5.312e+03
2.311e-01 2.908e+03
2.442e-01 2.646e+03
2.480e-01 2.766e+03
2.411e-01 3.039e+03
3.070e-01 2.331e+03
1.775e-01 4.924e+03
3.008e-01 2.437e+03
2.935e-01 2.354e+03
2.525e-01 2.904e+03
2.406e-01 2.721e+03
2.488e-01 2.827e+03
2.277e-01 3.016e+03
2.024e-01 3.581e+03
3.043e-01 2.360e+03
2.658e-01 2.619e+03
1.915e-01 4.814e+03
2.067e-01 3.591e+03
1.627e-01 6.973e+03
2.337e-01 2.891e+03
1.782e-01 4.478e+03
3.025e-01 2.298e+03
2.717e-01 2.706e+03
2.411e-01 2.847e+03
2.397e-01 2.683e+03
2.156e-01 3.419e+03
2.202e-01 3.084e+03
2.236e-01 3.301e+03
2.712e-01 2.480e+03
2.851e-01 2.449e+03
2.102e-01 3.417e+03
2.688e-01 2.594e+03
2.265e-01 3.125e+03
2.216e-01 3.279e+03
2.715e-01 2.384e+03
2.065e-01 3.811e+03
1.773e-01 4.957e+03
2.781e-01 2.490e+03
2.183e-01 3.456e+03
2.173e-01 3.738e+03
2.501e-01 2.600e+03
2.920e-01 2.251e+03
3.108e-01 2.250e+03
2.612e-01 2.578e+03
2.129e-01 3.665e+03
2.433e-01 2.806e+03
2.555e-01 2.698e+03
2.774e-01 2.594e+03
1.950e-01 3.737e+03
1.918e-01 4.695e+03
1.962e-01 3.658e+03
2.105e-01 3.382e+03
1.872e-01 4.482e+03
1.751e-01 5.310e+03
2.361e-01 2.909e+03
2.031e-01 4.014e+03
2.284e-01 2.993e+03
2.292e-01 2.939e+03
1.973e-01 4.736e+03
2.217e-01 3.169e+03
2.892e-01 2.394e+03
2.486e-01 2.770e+03
1.901e-01 3.721e+03
2.070e-01 3.723e+03
1.821e-01 5.476e+03
2.064e-01 3.453e+03
2.187e-01 3.197e+03
2.877e-01 2.397e+03
2.791e-01 2.349e+03
2.464e-01 2.695e+03
3.086e-01 2.203e+03
2.026e-01 3.904e+03
2.217e-01 3.138e+03
3.138e-01 2.273e+03
2.714e-01 2.539e+03
2.545e-01 2.753e+03
2.270e-01 3.222e+03
2.077e-01 3.482e+03
1.835e-01 4.844e+03
2.637e-01 2.460e+03
2.685e-01 2.612e+03
2.445e-01 2.706e+03
2.114e-01 3.197e+03
1.664e-01 6.715e+03
2.868e-01 2.378e+03
2.512e-01 2.736e+03
1.760e-01 4.890e+03
2.794e-01 2.513e+03
1.814e-01 5.150e+03
2.059e-01 3.404e+03
2.965e-01 2.263e+03
2.220e-01 3.162e+03
1.995e-01 3.941e+03
3.254e-01 2.232e+03
2.993e-01 2.224e+03
1.873e-01 4.289e+03
1.968e-01 4.164e+03
2.260e-01 3.024e+03
2.597e-01 2.707e+03
2.171e-01 3.332e+03
2.507e-01 2.774e+03
2.191e-01 3.219e+03
2.681e-01 2.482e+03
3.333e-01 2.145e+03
1.766e-01 5.755e+03
2.311e-01 3.217e+03
2.616e-01 2.665e+03
1.963e-01 3.689e+03
1.863e-01 4.192e+03
2.150e-01 3.377e+03
2.534e-01 2.720e+03
3.009e-01 2.190e+03
2.427e-01 2.989e+03
2.004e-01 3.547e+03
2.079e-01 3.180e+03
4.200e-01 1.980e+03
2.184e-01 3.552e+03
2.433e-01 2.935e+03
1.860e-01 4.816e+03
2.827e-01 2.426e+03
2.141e-01 3.498e+03
2.033e-01 3.824e+03
2.282e-01 2.972e+03
2.676e-01 2.576e+03
3.146e-01 2.274e+03
2.642e-01 2.546e+03
2.852e-01 2.443e+03
2.328e-01 3.000e+03
2.575e-01 2.649e+03
3.120e-01 2.204e+03
2.874e-01 2.362e+03
2.435e-01 2.652e+03
1.904e-01 4.024e+03
2.509e-01 2.877e+03
2.524e-01 2.756e+03
2.581e-01 2.667e+03
3.182e-01 2.259e+03
2.818e-01 2.359e+03
2.074e-01 3.521e+03
3.355e-01 2.029e+03
2.580e-01 2.704e+03
2.383e-01 2.647e+03
2.600e-01 2.793e+03
3.373e-01 2.124e+03
2.063e-01 3.513e+03
3.054e-01 2.293e+03
2.294e-01 3.107e+03
2.449e-01 2.816e+03
2.437e-01 2.815e+03
2.023e-01 3.501e+03
1.824e-01 5.007e+03
1.961e-01 4.026e+03
2.317e-01 2.851e+03
2.602e-01 2.609e+03
2.788e-01 2.410e+03
2.047e-01 3.731e+03
2.641e-01 2.511e+03
2.417e-01 2.863e+03
1.886e-01 4.392e+03
3.016e-01 2.252e+03
2.768e-01 2.490e+03
2.328e-01 3.029e+03
1.757e-01 5.514e+03
2.336e-01 2.894e+03
2.645e-01 2.628e+03
3.023e-01 2.371e+03
1.965e-01 4.452e+03
2.997e-01 2.304e+03
1.719e-01 6.170e+03
1.927e-01 4.078e+03
2.313e-01 2.996e+03
2.528e-01 2.897e+03
2.372e-01 3.000e+03
1.796e-01 5.293e+03
1.829e-01 4.829e+03
2.930e-01 2.353e+03
2.118e-01 3.638e+03
1.941e-01 4.246e+03
2.194e-01 3.088e+03
2.410e-01 2.890e+03
2.120e-01 3.657e+03
2.241e-01 3.135e+03
2.486e-01 2.552e+03
2.819e-01 2.393e+03
1.911e-01 4.142e+03
2.021e-01 3.733e+03
2.360e-01 3.017e+03
2.690e-01 2.587e+03
2.739e-01 2.461e+03
1.819e-01 4.404e+03
2.652e-01 2.640e+03
2.585e-01 2.648e+03
2.082e-01 3.537e+03
2.512e-01 2.836e+03
2.968e-01 2.318e+03
1.959e-01 3.986e+03
2.138e-01 3.219e+03
2.537e-01 2.743e+03
2.383e-01 3.001e+03
2.358e-01 2.933e+03
1.870e-01 4.530e+03
2.208e-01 3.077e+03
2.623e-01 2.764e+03
1.692e-01 5.897e+03
2.071e-01 3.556e+03
2.400e-01 2.734e+03
2.502e-01 2.737e+03
2.494e-01 2.990e+03
2.008e-01 3.985e+03
2.224e-01 3.100e+03
2.080e-01 3.498e+03
1.640e-01 6.889e+03
2.125e-01 3.304e+03
3.408e-01 2.080e+03
2.282e-01 2.915e+03
2.009e-01 3.645e+03
1.879e-01 4.192e+03
2.030e-01 3.596e+03
2.229e-01 3.075e+03
2.449e-01 2.784e+03
2.111e-01 3.574e+03
2.626e-01 2.551e+03
2.457e-01 2.724e+03
3.846e-01 1.918e+03
1.709e-01 6.913e+03
3.021e-01 2.423e+03
2.492e-01 2.823e+03
2.880e-01 2.443e+03
2.512e-01 2.823e+03
2.226e-01 3.059e+03
2.330e-01 3.159e+03
2.051e-01 3.740e+03
2.009e-01 3.763e+03
2.617e-01 2.574e+03
2.150e-01 3.438e+03
2.016e-01 3.943e+03
2.108e-01 3.455e+03
2.016e-01 3.832e+03
3.254e-01 2.136e+03
1.823e-01 4.787e+03
1.744e-01 4.634e+03
3.016e-01 2.364e+03
2.663e-01 2.571e+03
1.860e-01 4.183e+03
1.825e-01 4.608e+03
2.144e-01 3.414e+03
2.306e-01 2.971e+03
2.322e-01 3.144e+03
2.512e-01 2.852e+03
2.227e-01 3.211e+03
2.465e-01 2.889e+03
1.703e-01 6.045e+03
2.881e-01 2.478e+03
2.290e-01 2.839e+03
2.216e-01 3.150e+03
2.697e-01 2.569e+03
2.319e-01 2.929e+03
2.195e-01 3.143e+03
2.126e-01 3.212e+03
2.047e-01 3.841e+03
1.842e-01 5.273e+03
2.227e-01 3.332e+03
1.750e-01 5.977e+03
1.767e-01 5.156e+03
3.175e-01 2.211e+03
3.133e-01 2.204e+03
1.923e-01 4.425e+03
2.425e-01 2.816e+03
2.161e-01 3.124e+03
2.390e-01 2.835e+03
2.580e-01 2.709e+03
2.741e-01 2.442e+03
2.059e-01 3.468e+03
1.699e-01 5.364e+03
2.289e-01 3.022e+03
2.363e-01 3.027e+03
2.356e-01 3.121e+03
1.822e-01 4.940e+03
3.050e-01 2.183e+03
1.720e-01 5.218e+03
2.700e-01 2.721e+03
2.473e-01 2.670e+03
3.149e-01 2.305e+03
2.579e-01 2.587e+03
2.657e-01 2.644e+03
1.847e-01 4.760e+03
2.831e-01 2.381e+03
1.965e-01 3.745e+03
2.406e-01 2.840e+03
2.778e-01 2.478e+03
2.284e-01 3.064e+03
1.735e-01 5.225e+03
1.948e-01 3.752e+03
2.395e-01 3.062e+03
1.865e-01 4.953e+03
1.891e-01 3.920e+03
2.006e-01 3.918e+03
2.558e-01 2.861e+03
1.624e-01 6.779e+03
2.296e-01 3.030e+03
1.982e-01 3.925e+03
2.310e-01 3.176e+03
2.587e-01 2.676e+03
2.303e-01 3.175e+03
2.878e-01 2.542e+03
1.917e-01 4.169e+03
2.099e-01 3.477e+03
1.900e-01 3.560e+03
2.432e-01 2.919e+03
2.362e-01 3.026e+03
1.880e-01 4.529e+03
2.912e-01 2.324e+03
2.032e-01 3.566e+03
2.967e-01 2.286e+03
1.960e-01 3.995e+03
2.596e-01 2.786e+03
1.838e-01 5.046e+03
2.468e-01 2.898e+03
2.415e-01 2.758e+03
1.915e-01 4.194e+03
2.602e-01 2.664e+03
2.435e-01 2.946e+03
2.342e-01 3.091e+03
2.001e-01 3.697e+03
2.671e-01 2.688e+03
2.944e-01 2.390e+03
1.855e-01 4.180e+03
2.135e-01 3.631e+03
2.158e-01 3.260e+03
2.176e-01 3.242e+03
2.188e-01 3.188e+03
2.601e-01 2.597e+03
1.803e-01 4.427e+03
2.604e-01 2.658e+03
2.389e-01 3.195e+03
2.054e-01 3.868e+03
2.557e-01 2.698e+03
2.159e-01 3.569e+03
2.211e-01 3.428e+03
2.241e-01 3.159e+03
2.449e-01 2.697e+03
2.401e-01 2.980e+03
2.067e-01 3.864e+03
2.831e-01 2.421e+03
1.912e-01 4.043e+03
1.984e-01 4.044e+03
2.893e-01 2.447e+03
3.224e-01 2.193e+03
1.846e-01 4.239e+03
2.630e-01 2.625e+03
2.140e-01 3.264e+03
1.702e-01 5.795e+03
2.764e-01 2.513e+03
2.943e-01 2.361e+03
2.304e-01 2.929e+03
2.462e-01 2.717e+03
1.640e-01 6.452e+03
2.228e-01 3.190e+03
2.320e-01 2.933e+03
2.868e-01 2.357e+03
2.948e-01 2.387e+03
2.341e-01 2.936e+03
2.020e-01 3.903e+03
2.349e-01 3.061e+03
2.506e-01 2.717e+03
2.356e-01 3.004e+03
1.724e-01 5.965e+03
2.060e-01 3.635e+03
2.088e-01 3.409e+03
2.632e-01 2.548e+03
2.082e-01 3.674e+03
2.112e-01 3.567e+03
2.077e-01 3.354e+03
2.703e-01 2.554e+03
1.901e-01 4.604e+03
2.565e-01 2.435e+03
2.783e-01 2.424e+03
2.672e-01 2.587e+03
2.555e-01 2.732e+03
2.599e-01 2.645e+03
2.869e-01 2.370e+03
2.693e-01 2.568e+03
2.126e-01 3.569e+03
2.758e-01 2.512e+03
2.740e-01 2.644e+03
1.819e-01 4.964e+03
2.227e-01 2.949e+03
2.420e-01 2.735e+03
1.810e-01 5.079e+03
1.935e-01 3.875e+03
2.853e-01 2.418e+03
1.980e-01 4.233e+03
1.991e-01 4.249e+03
2.092e-01 3.572e+03
2.052e-01 3.716e+03
2.493e-01 2.879e+03
2.690e-01 2.469e+03
2.207e-01 3.111e+03
2.744e-01 2.471e+03
2.816e-01 2.358e+03
2.447e-01 2.652e+03
2.780e-01 2.467e+03
2.929e-01 2.335e+03
2.500e-01 2.798e+03
2.378e-01 2.874e+03
1.882e-01 4.503e+03
2.206e-01 3.260e+03
2.246e-01 3.145e+03
2.284e-01 3.232e+03
2.833e-01 2.451e+03
2.923e-01 2.414e+03
2.588e-01 2.729e+03
2.536e-01 2.630e+03
1.851e-01 4.810e+03
2.224e-01 3.488e+03
2.166e-01 3.023e+03
2.946e-01 2.316e+03
2.110e-01 3.414e+03
2.545e-01 2.578e+03
3.012e-01 2.363e+03
2.048e-01 3.807e+03
1.804e-01 5.023e+03
2.618e-01 2.558e+03
2.394e-01 3.114e+03
1.878e-01 4.155e+03
2.376e-01 3.071e+03
1.869e-01 4.466e+03
2.418e-01 2.942e+03
2.198e-01 3.348e+03
2.118e-01 3.417e+03
1.790e-01 5.965e+03
2.062e-01 3.761e+03
2.393e-01 2.872e+03
1.790e-01 4.583e+03
2.294e-01 2.962e+03
1.990e-01 4.084e+03
2.713e-01 2.623e+03
2.421e-01 2.873e+03
2.080e-01 3.435e+03
2.683e-01 2.585e+03
2.205e-01 3.113e+03
3.286e-01 2.124e+03
2.089e-01 3.449e+03
2.636e-01 2.481e+03
2.458e-01 2.658e+03
2.167e-01 3.009e+03
2.212e-01 2.948e+03
1.705e-01 5.639e+03
2.007e-01 3.484e+03
2.733e-01 2.500e+03
1.936e-01 4.022e+03
1.765e-01 5.242e+03
2.312e-01 2.896e+03
1.973e-01 4.076e+03
1.662e-01 6.750e+03
2.089e-01 3.644e+03
3.184e-01 2.311e+03
1.896e-01 4.176e+03
2.057e-01 3.736e+03
1.981e-01 3.894e+03
3.163e-01 2.179e+03
1.616e-01 6.719e+03
2.334e-01 2.995e+03
2.469e-01 2.733e+03
3.121e-01 2.236e+03
2.034e-01 3.970e+03
2.882e-01 2.507e+03
2.767e-01 2.489e+03
2.504e-01 2.730e+03
1.802e-01 4.899e+03
2.221e-01 3.265e+03
1.668e-01 5.637e+03
2.143e-01 3.522e+03
2.128e-01 3.537e+03
2.462e-01 2.903e+03
2.859e-01 2.540e+03
1.714e-01 5.972e+03
2.094e-01 3.299e+03
3.014e-01 2.211e+03
1.907e-01 4.180e+03
2.124e-01 3.370e+03
2.616e-01 2.551e+03
2.641e-01 2.657e+03
1.902e-01 4.112e+03
2.493e-01 2.648e+03
2.317e-01 2.959e+03
2.052e-01 3.701e+03
2.519e-01 2.583e+03
2.390e-01 2.726e+03
2.312e-01 3.141e+03
2.358e-01 2.950e+03
2.052e-01 3.529e+03
2.670e-01 2.589e+03
1.967e-01 3.787e+03
1.893e-01 4.325e+03
2.483e-01 2.720e+03
3.234e-01 2.213e+03
4.038e-01 1.982e+03
2.123e-01 3.405e+03
2.406e-01 2.747e+03
2.006e-01 4.036e+03
2.812e-01 2.518e+03
1.934e-01 4.400e+03
2.915e-01 2.391e+03
1.929e-01 4.425e+03
2.356e-01 2.874e+03
2.275e-01 3.350e+03
2.298e-01 3.356e+03
2.102e-01 3.489e+03
3.166e-01 2.243e+03
2.057e-01 3.720e+03
2.267e-01 3.048e+03
2.817e-01 2.458e+03
1.997e-01 3.716e+03
2.623e-01 2.678e+03
2.168e-01 3.405e+03
2.686e-01 2.457e+03
3.081e-01 2.341e+03
2.049e-01 3.576e+03
2.342e-01 2.895e+03
2.549e-01 2.665e+03
2.868e-01 2.402e+03
2.250e-01 2.992e+03
1.851e-01 4.154e+03
1.666e-01 7.265e+03
2.331e-01 2.797e+03
1.800e-01 4.461e+03
1.805e-01 4.802e+03
2.558e-01 2.699e+03
2.850e-01 2.432e+03
2.395e-01 2.942e+03
2.378e-01 2.872e+03
2.847e-01 2.500e+03
1.934e-01 4.222e+03
1.905e-01 4.654e+03
2.047e-01 3.895e+03
2.150e-01 3.551e+03
2.097e-01 3.366e+03
2.339e-01 3.123e+03
2.419e-01 2.963e+03
2.751e-01 2.463e+03
3.289e-01 2.133e+03
2.035e-01 3.960e+03
2.242e-01 3.148e+03
2.889e-01 2.344e+03
2.221e-01 3.276e+03
1.883e-01 4.297e+03
1.785e-01 5.143e+03
2.074e-01 3.511e+03
2.019e-01 3.854e+03
1.956e-01 4.338e+03
1.767e-01 6.017e+03
2.512e-01 2.659e+03
2.766e-01 2.490e+03
2.434e-01 2.766e+03
2.825e-01 2.410e+03
2.313e-01 3.182e+03
2.335e-01 3.064e+03
3.348e-01 2.263e+03
2.301e-01 3.136e+03
2.135e-01 3.349e+03
2.050e-01 3.645e+03
2.940e-01 2.364e+03
2.365e-01 3.010e+03
1.796e-01 4.637e+03
2.505e-01 2.665e+03
2.419e-01 3.042e+03
2.689e-01 2.666e+03
2.712e-01 2.408e+03
2.275e-01 2.867e+03
1.872e-01 4.104e+03
2.053e-01 3.633e+03
2.166e-01 3.400e+03
2.269e-01 3.094e+03
2.199e-01 3.024e+03
2.324e-01 3.105e+03
2.125e-01 3.451e+03
2.399e-01 2.801e+03
2.388e-01 2.871e+03
2.219e-01 2.801e+03
2.693e-01 2.663e+03
1.741e-01 5.461e+03
1.981e-01 3.841e+03
2.750e-01 2.400e+03
2.029e-01 3.719e+03
2.018e-01 4.313e+03
1.829e-01 4.636e+03
2.007e-01 3.699e+03
2.671e-01 2.531e+03
2.158e-01 3.472e+03
2.679e-01 2.602e+03
2.638e-01 2.564e+03
2.935e-01 2.402e+03
1.720e-01 5.503e+03
1.869e-01 3.914e+03
2.618e-01 2.600e+03
2.014e-01 3.741e+03
3.325e-01 2.042e+03
2.203e-01 3.421e+03
2.733e-01 2.626e+03
2.508e-01 2.734e+03
2.129e-01 3.599e+03
2.283e-01 3.069e+03
1.992e-01 4.115e+03
2.800e-01 2.494e+03
2.750e-01 2.421e+03
2.402e-01 2.774e+03
2.165e-01 3.096e+03
2.486e-01 2.728e+03
1.686e-01 5.224e+03
2.343e-01 2.954e+03
2.269e-01 3.009e+03
2.350e-01 2.986e+03
2.791e-01 2.479e+03
2.501e-01 2.845e+03
1.666e-01 6.707e+03
2.610e-01 2.661e+03
2.434e-01 2.703e+03
2.704e-01 2.580e+03
2.812e-01 2.463e+03
2.188e-01 3.244e+03
1.990e-01 3.650e+03
2.578e-01 2.551e+03
2.218e-01 3.137e+03
2.218e-01 3.178e+03
2.870e-01 2.511e+03
1.877e-01 4.414e+03
1.791e-01 5.363e+03
1.793e-01 5.838e+03
2.726e-01 2.440e+03
2.633e-01 2.601e+03
2.576e-01 2.658e+03
2.181e-01 3.231e+03
2.617e-01 2.687e+03
2.129e-01 3.425e+03
3.334e-01 2.223e+03
2.715e-01 2.624e+03
2.087e-01 3.399e+03
2.290e-01 2.915e+03
2.406e-01 2.917e+03
2.947e-01 2.337e+03
2.411e-01 2.792e+03
3.018e-01 2.191e+03
1.816e-01 4.855e+03
2.807e-01 2.531e+03
2.271e-01 3.213e+03
2.628e-01 2.555e+03
3.610e-01 1.994e+03
2.193e-01 3.444e+03
3.036e-01 2.291e+03
1.908e-01 3.988e+03
1.813e-01 4.559e+03
2.484e-01 2.846e+03
1.626e-01 8.938e+03
2.951e-01 2.325e+03
1.817e-01 4.837e+03
1.769e-01 4.903e+03
2.815e-01 2.555e+03
2.254e-01 3.162e+03
1.970e-01 4.015e+03
2.108e-01 3.402e+03
2.601e-01 2.666e+03
2.012e-01 3.721e+03
2.040e-01 3.829e+03
2.106e-01 3.043e+03
2.261e-01 3.051e+03
2.481e-01 2.719e+03
1.976e-01 3.857e+03
2.123e-01 3.108e+03
1.740e-01 5.572e+03
2.089e-01 3.665e+03
2.118e-01 3.641e+03
1.952e-01 3.851e+03
1.854e-01 4.753e+03
2.438e-01 2.818e+03
1.959e-01 4.357e+03
2.886e-01 2.356e+03
2.108e-01 3.430e+03
1.610e-01 7.352e+03
2.033e-01 3.898e+03
2.106e-01 3.447e+03
1.980e-01 4.430e+03
1.713e-01 5.267e+03
2.220e-01 3.345e+03
2.251e-01 3.010e+03
1.765e-01 4.437e+03
1.962e-01 4.627e+03
2.143e-01 3.621e+03
1.919e-01 4.135e+03
2.754e-01 2.429e+03
1.741e-01 5.835e+03
1.923e-01 4.432e+03
2.372e-01 3.108e+03
2.125e-01 3.306e+03
2.545e-01 2.698e+03
2.552e-01 2.746e+03
2.088e-01 3.401e+03
2.417e-01 2.882e+03
3.435e-01 2.074e+03
2.000e-01 3.902e+03
1.854e-01 4.708e+03
1.922e-01 3.679e+03
2.610e-01 2.694e+03
2.083e-01 3.422e+03
2.656e-01 2.610e+03
2.190e-01 3.354e+03
3.629e-01 2.051e+03
2.918e-01 2.261e+03
2.698e-01 2.435e+03
3.200e-01 2.109e+03
2.289e-01 2.946e+03
2.476e-01 2.752e+03
2.252e-01 3.169e+03
2.137e-01 3.062e+03
2.728e-01 2.510e+03
2.130e-01 3.327e+03
3.109e-01 2.260e+03
3.202e-01 2.209e+03
2.109e-01 3.505e+03
2.094e-01 3.370e+03
2.944e-01 2.462e+03
2.010e-01 4.234e+03
1.606e-01 6.510e+03
1.924e-01 4.438e+03
1.819e-01 4.747e+03
1.754e-01 5.689e+03
2.707e-01 2.535e+03
2.395e-01 2.975e+03
1.755e-01 6.431e+03
1.781e-01 4.966e+03
1.973e-01 4.075e+03
2.422e-01 2.858e+03
2.504e-01 2.572e+03
2.014e-01 3.518e+03
2.420e-01 2.967e+03
2.217e-01 3.165e+03
2.300e-01 2.933e+03
1.765e-01 4.435e+03
3.008e-01 2.335e+03
2.806e-01 2.523e+03
1.781e-01 5.779e+03
2.308e-01 3.086e+03
3.173e-01 2.201e+03
2.405e-01 2.808e+03
3.383e-01 2.083e+03
2.024e-01 3.976e+03
1.860e-01 4.923e+03
1.695e-01 5.041e+03
2.005e-01 3.835e+03
2.147e-01 3.245e+03
2.396e-01 2.933e+03
2.463e-01 2.749e+03
2.572e-01 2.737e+03
2.738e-01 2.395e+03
1.959e-01 3.726e+03
2.760e-01 2.406e+03
2.157e-01 3.364e+03
2.325e-01 3.069e+03
2.355e-01 2.927e+03
2.511e-01 2.761e+03
2.105e-01 3.603e+03
2.003e-01 4.088e+03
2.202e-01 3.397e+03
3.428e-01 2.113e+03
2.177e-01 3.540e+03
2.812e-01 2.395e+03
1.915e-01 3.964e+03
1.715e-01 5.364e+03
2.388e-01 2.686e+03
1.922e-01 3.999e+03
2.236e-01 2.932e+03
2.054e-01 3.719e+03
2.153e-01 3.410e+03
1.746e-01 4.615e+03
2.811e-01 2.418e+03
2.526e-01 2.684e+03
2.816e-01 2.484e+03
2.371e-01 2.851e+03
2.042e-01 3.715e+03
2.723e-01 2.450e+03
2.207e-01 3.054e+03
2.208e-01 3.137e+03
2.306e-01 3.085e+03
1.983e-01 4.316e+03
2.649e-01 2.584e+03
2.254e-01 3.051e+03
2.303e-01 3.208e+03
2.617e-01 2.594e+03
2.080e-01 4.059e+03
1.919e-01 4.571e+03
2.345e-01 3.094e+03
2.449e-01 2.777e+03
2.137e-01 3.479e+03
2.140e-01 3.369e+03
2.431e-01 2.769e+03
2.560e-01 2.952e+03
2.810e-01 2.555e+03
1.845e-01 4.858e+03
3.708e-01 2.124e+03
1.762e-01 5.837e+03
1.799e-01 4.893e+03
2.048e-01 3.670e+03
2.408e-01 2.788e+03
3.666e-01 1.961e+03
2.513e-01 2.776e+03
2.791e-01 2.523e+03
1.875e-01 3.995e+03
1.732e-01 5.512e+03
2.461e-01 2.693e+03
2.121e-01 3.402e+03
2.774e-01 2.533e+03
1.875e-01 4.344e+03
2.079e-01 3.552e+03
2.189e-01 3.220e+03
2.850e-01 2.496e+03
1.775e-01 5.190e+03
2.157e-01 3.594e+03
2.824e-01 2.329e+03
1.823e-01 5.142e+03
2.047e-01 3.754e+03
2.724e-01 2.459e+03
2.496e-01 2.618e+03
2.114e-01 3.446e+03
2.237e-01 3.181e+03
1.954e-01 3.931e+03
3.258e-01 2.172e+03
2.653e-01 2.604e+03
2.348e-01 3.092e+03
2.062e-01 3.318e+03
2.110e-01 3.358e+03
2.062e-01 3.685e+03
2.742e-01 2.485e+03
2.399e-01 2.885e+03
2.296e-01 3.116e+03
2.300e-01 2.967e+03
1.902e-01 4.359e+03
1.942e-01 3.936e+03
2.101e-01 3.689e+03
3.129e-01 2.286e+03
2.877e-01 2.232e+03
1.892e-01 4.182e+03
2.667e-01 2.568e+03
2.544e-01 2.544e+03
2.048e-01 3.635e+03
2.063e-01 3.446e+03
3.260e-01 2.164e+03
2.132e-01 3.473e+03
1.890e-01 4.116e+03
2.684e-01 2.574e+03
2.566e-01 2.517e+03
2.035e-01 3.295e+03
2.665e-01 2.557e+03
2.619e-01 2.609e+03
1.889e-01 3.911e+03
2.379e-01 2.996e+03
2.152e-01 3.353e+03
2.238e-01 3.229e+03
2.745e-01 2.476e+03
2.604e-01 2.566e+03
2.557e-01 2.633e+03
3.162e-01 2.186e+03
2.628e-01 2.663e+03
3.290e-01 2.196e+03
2.768e-01 2.390e+03
2.117e-01 3.754e+03
1.782e-01 5.149e+03
2.002e-01 4.036e+03
2.299e-01 3.075e+03
2.194e-01 3.306e+03
2.042e-01 3.912e+03
2.827e-01 2.493e+03
2.728e-01 2.475e+03
2.181e-01 3.295e+03
2.964e-01 2.329e+03
2.236e-01 3.180e+03
2.228e-01 3.207e+03
2.078e-01 3.303e+03
1.920e-01 4.068e+03
1.693e-01 5.339e+03
2.987e-01 2.369e+03
3.075e-01 2.201e+03
2.751e-01 2.418e+03
2.050e-01 3.966e+03
1.932e-01 4.121e+03
2.169e-01 3.538e+03
2.485e-01 2.800e+03
3.149e-01 2.204e+03
2.573e-01 2.689e+03
2.116e-01 3.208e+03
2.397e-01 2.898e+03
2.443e-01 2.989e+03
2.611e-01 2.540e+03
2.404e-01 2.797e+03
2.108e-01 3.630e+03
2.214e-01 3.381e+03
3.291e-01 2.100e+03
2.624e-01 2.670e+03
2.209e-01 3.250e+03
2.438e-01 2.939e+03
2.445e-01 2.774e+03
2.035e-01 3.622e+03
2.536e-01 2.551e+03
2.417e-01 2.805e+03
1.962e-01 3.888e+03
2.241e-01 3.187e+03
3.250e-01 2.235e+03
2.828e-01 2.390e+03
2.005e-01 3.955e+03
2.351e-01 2.812e+03
2.400e-01 2.939e+03
1.877e-01 4.546e+03
2.402e-01 2.777e+03
2.295e-01 3.296e+03
1.784e-01 4.683e+03
2.421e-01 2.824e+03
2.220e-01 3.216e+03
1.973e-01 4.206e+03
2.835e-01 2.441e+03
1.673e-01 6.072e+03
2.308e-01 2.892e+03
2.444e-01 2.946e+03
2.135e-01 3.307e+03
2.750e-01 2.395e+03
2.026e-01 3.378e+03
2.796e-01 2.474e+03
3.151e-01 2.324e+03
2.028e-01 3.408e+03
1.814e-01 4.951e+03
2.250e-01 2.939e+03
3.052e-01 2.283e+03
2.181e-01 3.463e+03
2.049e-01 3.787e+03
2.497e-01 2.637e+03
3.560e-01 2.125e+03
2.595e-01 2.565e+03
3.128e-01 2.232e+03
2.006e-01 3.902e+03
1.960e-01 4.068e+03
2.101e-01 3.737e+03
2.639e-01 2.587e+03
2.308e-01 3.070e+03
2.167e-01 3.513e+03
2.751e-01 2.474e+03
2.410e-01 2.863e+03
1.841e-01 4.383e+03
2.280e-01 3.097e+03
2.003e-01 3.542e+03
2.770e-01 2.443e+03
1.675e-01 6.008e+03
3.017e-01 2.262e+03
2.156e-01 3.415e+03
2.447e-01 2.666e+03
3.273e-01 2.147e+03
1.722e-01 5.661e+03
2.565e-01 2.559e+03
2.560e-01 2.738e+03
2.207e-01 3.056e+03
2.280e-01 3.042e+03
1.661e-01 5.963e+03
2.085e-01 3.689e+03
1.933e-01 4.166e+03
2.605e-01 2.630e+03
1.858e-01 4.205e+03
1.614e-01 5.599e+03
2.447e-01 2.774e+03
2.232e-01 2.990e+03
2.330e-01 3.074e+03
2.008e-01 3.736e+03
2.247e-01 3.346e+03
1.762e-01 5.877e+03
2.178e-01 3.449e+03
2.009e-01 4.043e+03
2.409e-01 3.061e+03
1.869e-01 4.293e+03
2.128e-01 3.307e+03
2.450e-01 2.721e+03
2.422e-01 2.777e+03
2.513e-01 2.949e+03
2.331e-01 2.976e+03
2.262e-01 3.010e+03
2.521e-01 2.854e+03
1.753e-01 5.099e+03
2.908e-01 2.524e+03
3.339e-01 2.090e+03
2.506e-01 2.883e+03
2.432e-01 2.787e+03
2.030e-01 3.867e+03
1.868e-01 5.354e+03
2.042e-01 3.261e+03
1.890e-01 4.274e+03
2.206e-01 3.383e+03
2.078e-01 3.505e+03
1.739e-01 4.855e+03
2.307e-01 2.954e+03
2.231e-01 2.880e+03
2.935e-01 2.431e+03
1.888e-01 3.706e+03
2.442e-01 2.811e+03
2.494e-01 2.843e+03
2.302e-01 3.166e+03
1.878e-01 4.230e+03
2.139e-01 3.269e+03
2.795e-01 2.495e+03
3.034e-01 2.236e+03
1.901e-01 4.120e+03
2.366e-01 2.914e+03
2.089e-01 3.333e+03
2.542e-01 2.758e+03
2.476e-01 2.748e+03
2.091e-01 3.605e+03
1.994e-01 3.505e+03
2.555e-01 2.684e+03
2.197e-01 3.342e+03
2.204e-01 3.346e+03
2.607e-01 2.562e+03
1.989e-01 4.057e+03
2.491e-01 2.824e+03
1.629e-01 5.936e+03
1.906e-01 4.418e+03
2.228e-01 3.061e+03
1.872e-01 4.280e+03
1.859e-01 4.834e+03
2.426e-01 2.913e+03
2.524e-01 2.646e+03
2.013e-01 3.885e+03
2.352e-01 3.035e+03
1.644e-01 6.669e+03
2.028e-01 3.677e+03
2.745e-01 2.513e+03
2.104e-01 3.611e+03
3.343e-01 2.128e+03
2.082e-01 3.326e+03
2.812e-01 2.469e+03
2.332e-01 2.772e+03
2.707e-01 2.535e+03
3.415e-01 2.041e+03
2.806e-01 2.493e+03
2.281e-01 3.169e+03
2.467e-01 2.958e+03
2.680e-01 2.653e+03
1.854e-01 4.891e+03
2.693e-01 2.643e+03
2.526e-01 2.709e+03
2.308e-01 3.145e+03
2.462e-01 2.838e+03
2.213e-01 3.028e+03
1.675e-01 6.021e+03
2.868e-01 2.406e+03
2.732e-01 2.364e+03
3.207e-01 2.194e+03
1.818e-01 4.858e+03
2.844e-01 2.560e+03
2.658e-01 2.624e+03
2.887e-01 2.399e+03
2.194e-01 3.240e+03
1.808e-01 4.355e+03
2.254e-01 2.982e+03
1.789e-01 4.760e+03
2.306e-01 3.006e+03
1.872e-01 4.722e+03
2.313e-01 2.863e+03
2.141e-01 3.284e+03
2.008e-01 3.933e+03
2.509e-01 2.716e+03
2.213e-01 3.139e+03
2.717e-01 2.712e+03
2.515e-01 2.761e+03
2.450e-01 3.053e+03
2.216e-01 3.178e+03
1.943e-01 3.808e+03
2.640e-01 2.590e+03
2.690e-01 2.549e+03
2.796e-01 2.431e+03
3.155e-01 2.182e+03
1.810e-01 4.878e+03
2.145e-01 3.329e+03
2.253e-01 3.388e+03
1.994e-01 3.582e+03
1.885e-01 4.366e+03
2.532e-01 2.840e+03
2.364e-01 2.917e+03
2.399e-01 2.963e+03
2.724e-01 2.560e+03
2.615e-01 2.446e+03
2.777e-01 2.597e+03
1.813e-01 6.082e+03
1.753e-01 4.992e+03
2.320e-01 3.259e+03
2.378e-01 2.833e+03
2.914e-01 2.347e+03
2.258e-01 3.201e+03
3.131e-01 2.295e+03
3.003e-01 2.277e+03
2.923e-01 2.310e+03
2.150e-01 3.474e+03
1.893e-01 4.598e+03
2.496e-01 2.727e+03
2.399e-01 3.034e+03
2.015e-01 3.978e+03
2.490e-01 2.697e+03
2.768e-01 2.386e+03
2.251e-01 3.040e+03
1.650e-01 5.900e+03
1.953e-01 3.983e+03
1.979e-01 3.841e+03
2.675e-01 2.600e+03
2.051e-01 3.274e+03
2.629e-01 2.603e+03
2.617e-01 2.613e+03
3.150e-01 2.227e+03
2.573e-01 2.753e+03
2.424e-01 2.835e+03
2.704e-01 2.516e+03
2.313e-01 3.221e+03
2.586e-01 2.733e+03
1.941e-01 4.152e+03
3.247e-01 2.229e+03
2.732e-01 2.405e+03
1.831e-01 4.977e+03
1.936e-01 3.968e+03
2.558e-01 2.843e+03
2.802e-01 2.552e+03
2.267e-01 3.108e+03
2.285e-01 2.868e+03
2.635e-01 2.776e+03
1.762e-01 4.882e+03
2.567e-01 2.647e+03
3.394e-01 2.165e+03
2.103e-01 3.681e+03
3.706e-01 2.086e+03
2.119e-01 3.223e+03
2.796e-01 2.388e+03
2.218e-01 2.881e+03
2.208e-01 3.221e+03
1.973e-01 4.215e+03
2.975e-01 2.325e+03
2.823e-01 2.338e+03
2.231e-01 3.150e+03
2.211e-01 3.370e+03
2.481e-01 2.925e+03
1.603e-01 7.734e+03
3.083e-01 2.205e+03
2.325e-01 3.117e+03
2.757e-01 2.566e+03
2.344e-01 2.909e+03
2.097e-01 3.683e+03
2.015e-01 3.756e+03
2.560e-01 2.657e+03
2.506e-01 2.707e+03
2.053e-01 3.257e+03
2.283e-01 2.975e+03
2.240e-01 3.086e+03
1.991e-01 4.042e+03
2.390e-01 2.941e+03
2.358e-01 3.120e+03
3.232e-01 2.233e+03
1.905e-01 4.346e+03
2.987e-01 2.345e+03
2.405e-01 2.592e+03
2.225e-01 3.254e+03
2.207e-01 3.405e+03
3.127e-01 2.291e+03
1.753e-01 6.254e+03
2.758e-01 2.406e+03
2.053e-01 3.435e+03
1.934e-01 4.560e+03
1.872e-01 3.933e+03
2.363e-01 3.016e+03
2.679e-01 2.441e+03
2.331e-01 2.954e+03
2.825e-01 2.389e+03
2.959e-01 2.323e+03
1.750e-01 5.314e+03
1.886e-01 4.985e+03
2.066e-01 3.266e+03
2.546e-01 2.669e+03
2.576e-01 2.671e+03
1.924e-01 4.246e+03
2.636e-01 2.600e+03
2.140e-01 3.041e+03
3.090e-01 2.368e+03
2.091e-01 3.529e+03
2.281e-01 3.184e+03
2.155e-01 3.499e+03
1.578e-01 7.209e+03
2.042e-01 3.580e+03
2.690e-01 2.456e+03
1.951e-01 4.381e+03
1.734e-01 5.369e+03
2.271e-01 3.102e+03
3.027e-01 2.327e+03
1.674e-01 5.723e+03
2.432e-01 2.815e+03
2.615e-01 2.507e+03
3.069e-01 2.320e+03
1.948e-01 4.094e+03
2.499e-01 2.649e+03
2.012e-01 3.897e+03
2.511e-01 2.699e+03
2.166e-01 3.198e+03
3.096e-01 2.248e+03
2.050e-01 3.279e+03
2.486e-01 2.544e+03
3.191e-01 2.155e+03
2.047e-01 3.659e+03
1.884e-01 4.260e+03
2.665e-01 2.423e+03
3.125e-01 2.250e+03
2.825e-01 2.389e+03
2.876e-01 2.350e+03
2.627e-01 2.599e+03
2.267e-01 3.046e+03
1.731e-01 5.202e+03
2.907e-01 2.326e+03
2.283e-01 3.032e+03
2.696e-01 2.515e+03
2.651e-01 2.538e+03
2.086e-01 3.141e+03
2.705e-01 2.583e+03
2.057e-01 3.577e+03
1.842e-01 5.070e+03
1.932e-01 3.863e+03
2.061e-01 3.772e+03
2.142e-01 3.392e+03
2.086e-01 3.441e+03
2.155e-01 3.228e+03
1.850e-01 4.687e+03
2.729e-01 2.388e+03
2.272e-01 3.090e+03
2.521e-01 2.871e+03
2.652e-01 2.582e+03
2.569e-01 2.582e+03
2.180e-01 3.062e+03
2.511e-01 2.847e+03
2.547e-01 2.837e+03
1.948e-01 4.189e+03
2.642e-01 2.570e+03
2.562e-01 2.672e+03
2.506e-01 2.784e+03
2.142e-01 3.492e+03
2.444e-01 2.833e+03
1.949e-01 3.774e+03
1.784e-01 4.830e+03
1.825e-01 4.808e+03
1.761e-01 5.613e+03
3.126e-01 2.200e+03
2.959e-01 2.293e+03
2.606e-01 2.520e+03
1.969e-01 3.630e+03
2.677e-01 2.607e+03
2.319e-01 3.045e+03
2.769e-01 2.454e+03
1.767e-01 5.569e+03
1.820e-01 4.925e+03
2.548e-01 2.726e+03
2.446e-01 2.695e+03
1.847e-01 4.419e+03
2.009e-01 3.402e+03
1.844e-01 5.101e+03
2.029e-01 3.933e+03
2.359e-01 2.929e+03
2.667e-01 2.559e+03
2.014e-01 3.859e+03
2.921e-01 2.501e+03
2.039e-01 3.676e+03
2.424e-01 2.855e+03
2.061e-01 3.760e+03
2.272e-01 3.328e+03
2.646e-01 2.714e+03
2.344e-01 3.165e+03
2.954e-01 2.386e+03
2.321e-01 2.832e+03
2.674e-01 2.605e+03
2.838e-01 2.409e+03
2.691e-01 2.467e+03
2.382e-01 3.007e+03
1.795e-01 4.332e+03
3.230e-01 2.167e+03
2.415e-01 2.955e+03
1.630e-01 7.327e+03
1.973e-01 3.782e+03
2.308e-01 2.948e+03
1.599e-01 6.775e+03
2.443e-01 2.710e+03
2.349e-01 3.010e+03
3.174e-01 2.270e+03
2.693e-01 2.610e+03
2.436e-01 2.819e+03
2.567e-01 2.774e+03
2.638e-01 2.633e+03
2.034e-01 3.991e+03
2.232e-01 3.257e+03
1.935e-01 3.993e+03
1.956e-01 3.753e+03
2.082e-01 3.607e+03
2.104e-01 3.177e+03
2.070e-01 3.613e+03
2.427e-01 3.046e+03
2.073e-01 3.685e+03
2.457e-01 3.032e+03
1.780e-01 5.043e+03
2.755e-01 2.410e+03
2.051e-01 3.775e+03
3.192e-01 2.137e+03
2.168e-01 2.973e+03
2.225e-01 3.417e+03
2.510e-01 2.600e+03
2.732e-01 2.573e+03
2.235e-01 3.146e+03
1.746e-01 5.044e+03
2.559e-01 2.663e+03
2.732e-01 2.632e+03
2.560e-01 2.746e+03
1.944e-01 4.118e+03
2.356e-01 2.997e+03
2.588e-01 2.791e+03
2.013e-01 3.646e+03
1.694e-01 6.521e+03
2.271e-01 3.350e+03
2.381e-01 2.964e+03
3.024e-01 2.298e+03
2.954e-01 2.319e+03
2.538e-01 2.671e+03
2.296e-01 3.127e+03
2.750e-01 2.423e+03
2.251e-01 3.055e+03
2.093e-01 3.539e+03
2.384e-01 2.977e+03
1.959e-01 4.423e+03
2.311e-01 2.884e+03
3.020e-01 2.246e+03
2.902e-01 2.428e+03
3.039e-01 2.280e+03
1.946e-01 3.509e+03
2.493e-01 2.937e+03
1.921e-01 4.083e+03
1.975e-01 3.847e+03
2.254e-01 3.163e+03
2.308e-01 3.321e+03
1.886e-01 4.099e+03
2.406e-01 2.745e+03
2.248e-01 3.209e+03
2.694e-01 2.510e+03
2.275e-01 3.097e+03
1.793e-01 5.147e+03
2.458e-01 3.076e+03
2.785e-01 2.363e+03
2.820e-01 2.385e+03
2.002e-01 3.768e+03
2.111e-01 3.365e+03
2.384e-01 2.834e+03
2.941e-01 2.498e+03
2.225e-01 3.270e+03
1.745e-01 5.512e+03
2.484e-01 2.966e+03
1.749e-01 4.830e+03
2.942e-01 2.451e+03
1.913e-01 3.820e+03
2.882e-01 2.369e+03
2.743e-01 2.624e+03
2.328e-01 2.945e+03
2.441e-01 2.753e+03
2.819e-01 2.373e+03
2.248e-01 3.175e+03
2.796e-01 2.447e+03
3.008e-01 2.360e+03
2.134e-01 3.695e+03
2.688e-01 2.458e+03
2.846e-01 2.557e+03
1.943e-01 4.135e+03
1.895e-01 3.736e+03
2.020e-01 3.611e+03
2.364e-01 2.916e+03
2.061e-01 3.591e+03
2.667e-01 2.626e+03
2.390e-01 2.847e+03
1.750e-01 5.623e+03
2.042e-01 3.846e+03
2.869e-01 2.448e+03
2.634e-01 2.614e+03
3.009e-01 2.342e+03
1.768e-01 5.361e+03
1.951e-01 3.953e+03
2.387e-01 2.905e+03
2.213e-01 3.306e+03
2.074e-01 3.821e+03
2.153e-01 3.423e+03
2.243e-01 3.065e+03
1.788e-01 5.073e+03
2.254e-01 3.100e+03
1.793e-01 5.107e+03
2.899e-01 2.395e+03
1.924e-01 3.907e+03
1.834e-01 3.910e+03
2.729e-01 2.430e+03
2.635e-01 2.752e+03
1.673e-01 5.881e+03
1.870e-01 4.704e+03
1.730e-01 6.015e+03
1.966e-01 4.588e+03
2.816e-01 2.589e+03
2.110e-01 3.705e+03
2.082e-01 3.518e+03
2.550e-01 2.613e+03
2.386e-01 2.868e+03
2.952e-01 2.332e+03
2.279e-01 2.874e+03
1.956e-01 3.405e+03
2.029e-01 3.746e+03
1.860e-01 4.426e+03
2.097e-01 3.478e+03
2.309e-01 3.310e+03
3.196e-01 2.201e+03
2.592e-01 2.677e+03
2.045e-01 3.901e+03
2.174e-01 3.257e+03
1.718e-01 4.920e+03
2.313e-01 3.361e+03
2.792e-01 2.456e+03
2.733e-01 2.476e+03
2.547e-01 2.746e+03
3.290e-01 2.149e+03
3.162e-01 2.312e+03
2.421e-01 2.774e+03
1.839e-01 4.920e+03
2.739e-01 2.533e+03
2.334e-01 2.971e+03
1.977e-01 3.680e+03
1.823e-01 5.860e+03
1.771e-01 5.053e+03
2.760e-01 2.492e+03
2.178e-01 3.242e+03
2.259e-01 3.283e+03
2.488e-01 2.587e+03
2.155e-01 3.405e+03
2.586e-01 2.760e+03
1.884e-01 4.354e+03
2.874e-01 2.405e+03
2.249e-01 3.095e+03
2.011e-01 3.791e+03
3.109e-01 2.197e+03
2.278e-01 3.095e+03
1.891e-01 4.009e+03
2.299e-01 2.862e+03
2.270e-01 2.988e+03
2.871e-01 2.364e+03
2.138e-01 3.427e+03
2.536e-01 2.575e+03
2.460e-01 2.781e+03
2.767e-01 2.635e+03
3.158e-01 2.236e+03
2.224e-01 3.213e+03
2.770e-01 2.528e+03
1.696e-01 5.941e+03
2.145e-01 3.435e+03
3.064e-01 2.256e+03
2.378e-01 2.985e+03
2.029e-01 3.929e+03
1.908e-01 4.551e+03
2.278e-01 3.141e+03
2.265e-01 3.126e+03
2.030e-01 4.004e+03
2.246e-01 3.107e+03
2.123e-01 3.518e+03
2.313e-01 2.721e+03
1.881e-01 3.839e+03
1.997e-01 3.717e+03
2.236e-01 3.504e+03
1.823e-01 5.113e+03
2.059e-01 3.463e+03
2.576e-01 2.774e+03
2.311e-01 2.911e+03
3.176e-01 2.252e+03
3.714e-01 2.012e+03
1.888e-01 4.384e+03
1.935e-01 3.302e+03
2.894e-01 2.343e+03
1.994e-01 3.775e+03
3.356e-01 2.124e+03
2.343e-01 3.020e+03
2.217e-01 3.181e+03
2.585e-01 2.700e+03
1.969e-01 4.001e+03
3.163e-01 2.278e+03
1.590e-01 6.793e+03
2.501e-01 2.794e+03
2.148e-01 3.476e+03
2.367e-01 2.793e+03
1.817e-01 5.067e+03
1.815e-01 5.051e+03
2.031e-01 3.477e+03
