1 13155
2 13833
3 14496
4 15147
5 15784
6 16408
7 17019
8 17618
9 18205
10 18780
11 19342
12 19894
13 20434
14 20963
15 21481
16 21988
17 22485
18 22972
19 23449
20 23916
21 24373
22 24821
23 25259
24 25689
25 26110
26 26522
27 26926
28 27321
29 27708
30 28087
31 28458
32 28822
33 29178
34 29527
35 29868
36 30203
37 30530
38 30851
39 31165
40 31473
41 31774
42 32069
43 32358
44 32641
45 32918
46 33190
47 33455
48 33716
49 33971
50 34220
51 34465
52 34704
53 34938
54 35168
55 35393
56 35613
57 35828
58 36040
59 36246
60 36449
61 36647
