1 13155
2 13860
3 14548
4 15221
5 15879
6 16522
7 17151
8 17767
9 18370
10 18960
11 19538
12 20104
13 20658
14 21201
15 21733
16 22255
17 22766
18 23266
19 23757
20 24238
21 24710
22 25172
23 25626
24 26070
25 26506
26 26934
27 27353
28 27765
29 28168
30 28564
31 28952
32 29333
33 29707
34 30074
35 30433
36 30787
37 31133
38 31473
39 31807
40 32134
41 32455
42 32771
43 33080
44 33384
45 33682
46 33975
47 34262
48 34544
49 34821
50 35093
51 35359
52 35621
53 35878
54 36131
55 36378
56 36622
57 36860
58 37095
59 37325
60 37551
61 37773
