1.956e-01 1.383e+05
1.969e-01 1.277e+05
2.257e-01 1.010e+05
1.906e-01 1.403e+05
2.018e-01 1.327e+05
1.964e-01 1.374e+05
1.897e-01 1.298e+05
1.990e-01 1.336e+05
1.894e-01 1.406e+05
1.923e-01 1.472e+05
1.911e-01 1.473e+05
2.001e-01 1.317e+05
1.922e-01 1.395e+05
1.924e-01 1.377e+05
1.967e-01 1.356e+05
1.932e-01 1.445e+05
1.883e-01 1.461e+05
1.938e-01 1.455e+05
1.917e-01 1.401e+05
1.904e-01 1.486e+05
1.973e-01 1.287e+05
1.905e-01 1.467e+05
1.969e-01 1.364e+05
1.892e-01 1.462e+05
1.936e-01 1.444e+05
1.900e-01 1.423e+05
1.929e-01 1.424e+05
1.970e-01 1.359e+05
1.897e-01 1.439e+05
1.882e-01 1.472e+05
1.932e-01 1.410e+05
2.342e-01 9.261e+04
2.021e-01 1.367e+05
2.155e-01 8.755e+04
1.865e-01 1.490e+05
2.322e-01 8.520e+04
2.198e-01 8.342e+04
2.005e-01 1.313e+05
1.943e-01 1.430e+05
1.945e-01 1.417e+05
1.933e-01 1.373e+05
1.911e-01 1.400e+05
2.183e-01 9.977e+04
2.015e-01 1.371e+05
1.945e-01 1.425e+05
1.897e-01 1.417e+05
1.954e-01 1.395e+05
1.967e-01 1.415e+05
1.898e-01 1.420e+05
1.901e-01 1.488e+05
1.902e-01 1.312e+05
1.897e-01 1.356e+05
1.866e-01 1.488e+05
1.890e-01 1.415e+05
2.317e-01 7.588e+04
1.956e-01 1.399e+05
1.912e-01 1.398e+05
1.880e-01 1.444e+05
1.926e-01 1.330e+05
2.113e-01 1.044e+05
1.982e-01 1.422e+05
1.944e-01 1.406e+05
1.910e-01 1.434e+05
1.945e-01 1.371e+05
1.924e-01 1.345e+05
1.934e-01 1.405e+05
1.950e-01 1.334e+05
1.951e-01 1.408e+05
1.876e-01 1.417e+05
1.972e-01 1.386e+05
1.931e-01 1.399e+05
1.945e-01 1.365e+05
1.919e-01 1.388e+05
2.151e-01 1.003e+05
1.885e-01 1.497e+05
1.929e-01 1.395e+05
1.974e-01 1.367e+05
2.012e-01 1.293e+05
1.942e-01 1.376e+05
2.260e-01 9.941e+04
2.022e-01 1.195e+05
1.946e-01 1.393e+05
1.906e-01 1.432e+05
1.962e-01 1.420e+05
1.968e-01 1.355e+05
1.926e-01 1.377e+05
1.988e-01 1.309e+05
1.876e-01 1.407e+05
1.945e-01 1.419e+05
1.974e-01 1.318e+05
2.199e-01 9.519e+04
1.929e-01 1.414e+05
1.898e-01 1.379e+05
1.901e-01 1.459e+05
2.250e-01 9.737e+04
1.942e-01 1.430e+05
1.959e-01 1.406e+05
1.874e-01 1.432e+05
1.964e-01 1.357e+05
1.963e-01 1.369e+05
1.926e-01 1.297e+05
1.975e-01 1.420e+05
1.977e-01 1.377e+05
1.882e-01 1.473e+05
1.995e-01 1.329e+05
2.210e-01 8.397e+04
1.970e-01 1.378e+05
1.980e-01 1.427e+05
1.907e-01 1.255e+05
1.920e-01 1.376e+05
1.954e-01 1.340e+05
1.943e-01 1.368e+05
1.871e-01 1.448e+05
1.905e-01 1.431e+05
1.930e-01 1.409e+05
1.904e-01 1.453e+05
2.337e-01 9.447e+04
1.958e-01 1.340e+05
1.967e-01 1.360e+05
1.920e-01 1.405e+05
2.300e-01 8.788e+04
1.977e-01 1.311e+05
1.937e-01 1.415e+05
2.280e-01 1.025e+05
1.900e-01 1.485e+05
1.947e-01 1.420e+05
1.917e-01 1.402e+05
1.974e-01 1.381e+05
1.920e-01 1.455e+05
1.963e-01 1.350e+05
1.921e-01 1.410e+05
1.945e-01 1.398e+05
1.915e-01 1.429e+05
1.946e-01 1.367e+05
2.184e-01 9.975e+04
1.920e-01 1.387e+05
1.967e-01 1.409e+05
1.947e-01 1.393e+05
1.934e-01 1.377e+05
1.958e-01 1.439e+05
1.920e-01 1.409e+05
1.928e-01 1.396e+05
1.995e-01 1.347e+05
2.061e-01 1.314e+05
1.998e-01 1.256e+05
1.948e-01 1.418e+05
1.957e-01 1.431e+05
1.871e-01 1.443e+05
1.956e-01 1.365e+05
1.939e-01 1.441e+05
1.896e-01 1.433e+05
1.940e-01 1.332e+05
1.937e-01 1.406e+05
1.943e-01 1.358e+05
1.916e-01 1.461e+05
1.942e-01 1.351e+05
1.941e-01 1.361e+05
1.933e-01 1.378e+05
1.914e-01 1.401e+05
1.964e-01 1.397e+05
2.281e-01 8.613e+04
1.916e-01 1.400e+05
1.980e-01 1.364e+05
1.934e-01 1.400e+05
1.912e-01 1.380e+05
1.876e-01 1.449e+05
1.919e-01 1.417e+05
2.012e-01 1.166e+05
1.918e-01 1.434e+05
1.863e-01 1.455e+05
1.941e-01 1.384e+05
1.931e-01 1.416e+05
1.912e-01 1.389e+05
1.948e-01 1.349e+05
1.955e-01 1.410e+05
1.892e-01 1.368e+05
1.928e-01 1.406e+05
1.938e-01 1.443e+05
1.928e-01 1.437e+05
1.960e-01 1.260e+05
1.920e-01 1.364e+05
2.131e-01 1.105e+05
1.939e-01 1.378e+05
1.896e-01 1.409e+05
1.935e-01 1.373e+05
1.904e-01 1.435e+05
2.202e-01 1.033e+05
2.000e-01 1.305e+05
1.931e-01 1.395e+05
1.944e-01 1.404e+05
1.926e-01 1.396e+05
1.924e-01 1.390e+05
2.018e-01 1.324e+05
1.999e-01 1.359e+05
1.937e-01 1.394e+05
1.991e-01 1.359e+05
1.951e-01 1.443e+05
1.966e-01 1.372e+05
1.960e-01 1.352e+05
1.948e-01 1.406e+05
1.925e-01 1.315e+05
1.972e-01 1.391e+05
1.988e-01 1.330e+05
1.925e-01 1.411e+05
2.136e-01 1.000e+05
1.859e-01 1.445e+05
1.930e-01 1.448e+05
1.942e-01 1.423e+05
1.925e-01 1.442e+05
1.882e-01 1.437e+05
1.925e-01 1.405e+05
1.965e-01 1.420e+05
2.227e-01 7.740e+04
1.949e-01 1.342e+05
1.909e-01 1.420e+05
1.871e-01 1.469e+05
2.062e-01 1.189e+05
1.862e-01 1.475e+05
1.858e-01 1.458e+05
1.936e-01 1.351e+05
1.956e-01 1.380e+05
2.144e-01 9.825e+04
1.929e-01 1.397e+05
1.990e-01 1.328e+05
1.971e-01 1.366e+05
1.978e-01 1.364e+05
1.952e-01 1.391e+05
2.105e-01 1.243e+05
1.930e-01 1.420e+05
1.949e-01 1.413e+05
2.318e-01 7.578e+04
1.902e-01 1.420e+05
2.367e-01 7.012e+04
1.931e-01 1.312e+05
1.902e-01 1.426e+05
1.996e-01 1.252e+05
1.922e-01 1.389e+05
1.891e-01 1.414e+05
1.953e-01 1.428e+05
2.033e-01 1.201e+05
2.250e-01 7.965e+04
2.108e-01 1.226e+05
2.084e-01 1.114e+05
1.862e-01 1.455e+05
1.976e-01 1.322e+05
1.922e-01 1.436e+05
1.897e-01 1.437e+05
1.932e-01 1.353e+05
1.956e-01 1.406e+05
1.867e-01 1.384e+05
1.889e-01 1.397e+05
1.926e-01 1.352e+05
1.974e-01 1.314e+05
2.071e-01 1.243e+05
1.976e-01 1.323e+05
1.972e-01 1.378e+05
1.920e-01 1.417e+05
1.914e-01 1.416e+05
1.926e-01 1.404e+05
1.969e-01 1.317e+05
1.984e-01 1.313e+05
1.907e-01 1.476e+05
1.980e-01 1.232e+05
1.921e-01 1.445e+05
1.935e-01 1.426e+05
1.921e-01 1.464e+05
1.911e-01 1.393e+05
1.984e-01 1.392e+05
2.004e-01 1.221e+05
1.935e-01 1.467e+05
1.943e-01 1.452e+05
2.061e-01 1.055e+05
1.912e-01 1.435e+05
2.177e-01 1.060e+05
1.931e-01 1.403e+05
1.981e-01 1.344e+05
1.947e-01 1.416e+05
2.151e-01 1.095e+05
2.142e-01 9.882e+04
1.872e-01 1.417e+05
1.961e-01 1.367e+05
1.935e-01 1.327e+05
1.908e-01 1.412e+05
1.919e-01 1.448e+05
1.923e-01 1.416e+05
1.930e-01 1.360e+05
2.122e-01 9.814e+04
1.911e-01 1.424e+05
1.942e-01 1.452e+05
1.923e-01 1.393e+05
1.929e-01 1.408e+05
2.007e-01 1.386e+05
1.897e-01 1.367e+05
1.913e-01 1.418e+05
1.967e-01 1.368e+05
1.907e-01 1.476e+05
2.373e-01 7.774e+04
1.896e-01 1.435e+05
1.948e-01 1.375e+05
1.961e-01 1.342e+05
1.970e-01 1.334e+05
2.106e-01 1.177e+05
1.912e-01 1.420e+05
1.979e-01 1.398e+05
1.877e-01 1.427e+05
1.991e-01 1.371e+05
1.974e-01 1.360e+05
1.951e-01 1.410e+05
2.277e-01 8.163e+04
1.887e-01 1.423e+05
1.910e-01 1.456e+05
1.916e-01 1.411e+05
1.988e-01 1.300e+05
1.873e-01 1.430e+05
2.077e-01 1.085e+05
1.908e-01 1.445e+05
2.168e-01 8.721e+04
1.935e-01 1.345e+05
1.928e-01 1.444e+05
1.929e-01 1.408e+05
2.008e-01 1.184e+05
1.881e-01 1.461e+05
1.938e-01 1.380e+05
1.906e-01 1.408e+05
1.915e-01 1.446e+05
1.948e-01 1.450e+05
2.343e-01 7.606e+04
1.909e-01 1.478e+05
1.931e-01 1.390e+05
1.914e-01 1.430e+05
1.954e-01 1.394e+05
1.939e-01 1.406e+05
2.011e-01 1.322e+05
1.958e-01 1.388e+05
1.883e-01 1.467e+05
2.080e-01 9.387e+04
2.304e-01 7.676e+04
1.873e-01 1.454e+05
1.910e-01 1.421e+05
1.919e-01 1.420e+05
1.869e-01 1.439e+05
1.958e-01 1.389e+05
2.137e-01 1.040e+05
1.917e-01 1.407e+05
1.921e-01 1.399e+05
2.035e-01 1.341e+05
1.879e-01 1.448e+05
2.264e-01 7.741e+04
1.941e-01 1.373e+05
1.941e-01 1.350e+05
1.937e-01 1.399e+05
2.198e-01 9.136e+04
1.878e-01 1.492e+05
1.928e-01 1.379e+05
2.027e-01 1.348e+05
1.978e-01 1.345e+05
1.886e-01 1.467e+05
1.987e-01 1.352e+05
1.895e-01 1.485e+05
1.887e-01 1.415e+05
1.934e-01 1.445e+05
1.931e-01 1.421e+05
2.134e-01 1.013e+05
1.899e-01 1.453e+05
1.984e-01 1.344e+05
1.920e-01 1.369e+05
1.941e-01 1.440e+05
2.331e-01 7.347e+04
1.969e-01 1.322e+05
2.247e-01 7.505e+04
1.918e-01 1.346e+05
1.996e-01 1.307e+05
1.927e-01 1.406e+05
2.159e-01 1.137e+05
2.462e-01 6.975e+04
2.123e-01 1.017e+05
1.923e-01 1.416e+05
2.019e-01 1.376e+05
2.003e-01 1.315e+05
1.987e-01 1.333e+05
1.988e-01 1.374e+05
1.923e-01 1.416e+05
1.934e-01 1.431e+05
1.882e-01 1.441e+05
1.879e-01 1.359e+05
2.002e-01 1.372e+05
1.919e-01 1.402e+05
2.033e-01 1.266e+05
1.930e-01 1.360e+05
1.924e-01 1.422e+05
1.964e-01 1.341e+05
2.022e-01 1.316e+05
1.965e-01 1.338e+05
1.972e-01 1.422e+05
1.897e-01 1.431e+05
1.982e-01 1.412e+05
2.058e-01 1.008e+05
1.907e-01 1.423e+05
1.895e-01 1.366e+05
1.907e-01 1.352e+05
1.985e-01 1.338e+05
1.881e-01 1.473e+05
2.368e-01 7.256e+04
1.949e-01 1.391e+05
1.908e-01 1.376e+05
2.012e-01 1.363e+05
1.953e-01 1.395e+05
1.946e-01 1.409e+05
2.007e-01 1.237e+05
1.922e-01 1.409e+05
1.917e-01 1.373e+05
1.935e-01 1.388e+05
1.947e-01 1.433e+05
1.874e-01 1.487e+05
1.945e-01 1.379e+05
2.574e-01 6.779e+04
2.235e-01 8.227e+04
1.945e-01 1.395e+05
2.114e-01 9.413e+04
1.902e-01 1.412e+05
1.968e-01 1.396e+05
1.878e-01 1.359e+05
2.030e-01 1.237e+05
1.910e-01 1.372e+05
2.310e-01 8.448e+04
1.928e-01 1.357e+05
2.016e-01 1.324e+05
2.006e-01 1.375e+05
1.912e-01 1.417e+05
1.959e-01 1.402e+05
1.897e-01 1.366e+05
2.050e-01 1.250e+05
2.213e-01 9.488e+04
1.948e-01 1.378e+05
1.905e-01 1.345e+05
1.940e-01 1.385e+05
1.943e-01 1.419e+05
1.966e-01 1.353e+05
1.975e-01 1.342e+05
1.876e-01 1.488e+05
2.234e-01 1.089e+05
1.913e-01 1.417e+05
1.912e-01 1.417e+05
1.904e-01 1.493e+05
1.948e-01 1.376e+05
1.924e-01 1.468e+05
1.930e-01 1.400e+05
2.110e-01 1.184e+05
1.991e-01 1.381e+05
1.908e-01 1.361e+05
1.930e-01 1.364e+05
1.950e-01 1.370e+05
1.885e-01 1.347e+05
1.954e-01 1.236e+05
1.863e-01 1.432e+05
1.963e-01 1.345e+05
1.883e-01 1.391e+05
1.938e-01 1.344e+05
1.892e-01 1.442e+05
1.977e-01 1.314e+05
1.922e-01 1.435e+05
1.944e-01 1.376e+05
1.905e-01 1.375e+05
1.922e-01 1.405e+05
1.909e-01 1.424e+05
1.986e-01 1.362e+05
1.935e-01 1.290e+05
1.950e-01 1.379e+05
1.959e-01 1.438e+05
1.900e-01 1.464e+05
1.903e-01 1.439e+05
1.940e-01 1.450e+05
1.872e-01 1.394e+05
1.896e-01 1.417e+05
1.880e-01 1.494e+05
2.119e-01 1.141e+05
1.934e-01 1.358e+05
1.898e-01 1.383e+05
1.920e-01 1.389e+05
2.124e-01 1.144e+05
1.928e-01 1.419e+05
1.918e-01 1.431e+05
1.924e-01 1.442e+05
1.939e-01 1.348e+05
1.884e-01 1.434e+05
1.907e-01 1.341e+05
2.162e-01 1.081e+05
1.944e-01 1.400e+05
1.907e-01 1.429e+05
1.975e-01 1.358e+05
1.937e-01 1.436e+05
2.356e-01 7.481e+04
1.929e-01 1.453e+05
1.864e-01 1.453e+05
1.917e-01 1.380e+05
1.900e-01 1.438e+05
1.970e-01 1.343e+05
1.960e-01 1.298e+05
1.943e-01 1.417e+05
1.911e-01 1.440e+05
2.038e-01 1.235e+05
1.988e-01 1.355e+05
1.954e-01 1.444e+05
1.943e-01 1.381e+05
1.994e-01 1.285e+05
1.975e-01 1.368e+05
2.038e-01 1.229e+05
2.019e-01 1.194e+05
1.951e-01 1.418e+05
1.936e-01 1.388e+05
1.955e-01 1.399e+05
1.897e-01 1.387e+05
1.983e-01 1.397e+05
1.873e-01 1.422e+05
1.895e-01 1.354e+05
1.996e-01 1.339e+05
1.925e-01 1.437e+05
1.971e-01 1.354e+05
2.017e-01 1.298e+05
2.246e-01 9.333e+04
2.316e-01 8.318e+04
1.910e-01 1.416e+05
1.897e-01 1.458e+05
1.905e-01 1.371e+05
1.923e-01 1.365e+05
2.269e-01 7.771e+04
1.921e-01 1.453e+05
1.972e-01 1.367e+05
1.932e-01 1.399e+05
1.971e-01 1.322e+05
1.981e-01 1.390e+05
2.055e-01 1.199e+05
1.958e-01 1.302e+05
1.935e-01 1.401e+05
1.906e-01 1.427e+05
1.990e-01 1.315e+05
1.874e-01 1.378e+05
1.970e-01 1.388e+05
1.923e-01 1.393e+05
1.888e-01 1.441e+05
2.267e-01 7.930e+04
1.911e-01 1.419e+05
1.991e-01 1.359e+05
2.029e-01 9.994e+04
2.047e-01 1.228e+05
1.892e-01 1.354e+05
1.882e-01 1.431e+05
1.909e-01 1.440e+05
2.085e-01 1.152e+05
1.929e-01 1.425e+05
1.932e-01 1.405e+05
1.935e-01 1.456e+05
1.988e-01 1.395e+05
1.967e-01 1.432e+05
1.971e-01 1.421e+05
1.989e-01 1.309e+05
2.012e-01 1.354e+05
1.967e-01 1.394e+05
2.303e-01 7.386e+04
1.924e-01 1.426e+05
2.134e-01 1.083e+05
1.988e-01 1.339e+05
1.911e-01 1.368e+05
1.928e-01 1.380e+05
1.920e-01 1.442e+05
1.986e-01 1.317e+05
1.886e-01 1.456e+05
1.907e-01 1.400e+05
1.914e-01 1.418e+05
1.938e-01 1.398e+05
1.896e-01 1.476e+05
1.929e-01 1.395e+05
1.965e-01 1.315e+05
1.951e-01 1.442e+05
1.994e-01 1.372e+05
1.982e-01 1.392e+05
2.427e-01 6.949e+04
1.924e-01 1.407e+05
2.151e-01 9.231e+04
1.992e-01 1.267e+05
2.026e-01 1.318e+05
1.907e-01 1.416e+05
1.972e-01 1.387e+05
1.931e-01 1.399e+05
1.932e-01 1.415e+05
1.941e-01 1.414e+05
1.915e-01 1.429e+05
1.885e-01 1.454e+05
1.976e-01 1.302e+05
1.957e-01 1.325e+05
1.911e-01 1.426e+05
1.947e-01 1.450e+05
2.040e-01 1.235e+05
1.894e-01 1.485e+05
1.918e-01 1.413e+05
2.095e-01 1.020e+05
1.905e-01 1.434e+05
2.005e-01 1.315e+05
1.899e-01 1.417e+05
1.936e-01 1.344e+05
1.897e-01 1.466e+05
1.977e-01 1.383e+05
1.942e-01 1.353e+05
1.938e-01 1.399e+05
2.078e-01 1.181e+05
1.915e-01 1.434e+05
1.950e-01 1.388e+05
1.893e-01 1.412e+05
1.928e-01 1.433e+05
1.973e-01 1.380e+05
1.949e-01 1.423e+05
2.025e-01 1.340e+05
1.918e-01 1.408e+05
1.943e-01 1.408e+05
1.926e-01 1.422e+05
1.960e-01 1.337e+05
1.937e-01 1.254e+05
1.859e-01 1.473e+05
1.925e-01 1.391e+05
1.919e-01 1.479e+05
2.052e-01 1.222e+05
1.941e-01 1.350e+05
1.930e-01 1.422e+05
1.897e-01 1.416e+05
1.925e-01 1.395e+05
2.032e-01 1.216e+05
1.906e-01 1.463e+05
1.925e-01 1.469e+05
1.864e-01 1.446e+05
1.985e-01 1.314e+05
1.955e-01 1.415e+05
1.925e-01 1.389e+05
1.935e-01 1.424e+05
1.933e-01 1.427e+05
1.929e-01 1.413e+05
1.882e-01 1.374e+05
1.903e-01 1.459e+05
1.948e-01 1.394e+05
1.905e-01 1.462e+05
1.929e-01 1.385e+05
1.988e-01 1.316e+05
2.169e-01 1.144e+05
1.913e-01 1.468e+05
1.877e-01 1.501e+05
1.885e-01 1.447e+05
1.892e-01 1.454e+05
2.015e-01 1.216e+05
1.997e-01 1.402e+05
1.940e-01 1.375e+05
1.898e-01 1.393e+05
2.186e-01 7.647e+04
1.877e-01 1.418e+05
2.241e-01 7.084e+04
1.947e-01 1.389e+05
1.905e-01 1.412e+05
1.929e-01 1.357e+05
1.961e-01 1.347e+05
1.928e-01 1.412e+05
1.984e-01 1.352e+05
1.899e-01 1.402e+05
1.991e-01 1.332e+05
1.912e-01 1.352e+05
2.399e-01 7.055e+04
1.926e-01 1.388e+05
2.205e-01 1.113e+05
1.884e-01 1.453e+05
2.061e-01 1.298e+05
2.015e-01 1.186e+05
1.875e-01 1.429e+05
1.943e-01 1.404e+05
1.899e-01 1.462e+05
1.894e-01 1.381e+05
1.957e-01 1.398e+05
2.055e-01 1.180e+05
2.292e-01 7.694e+04
1.919e-01 1.425e+05
2.185e-01 1.082e+05
2.005e-01 1.296e+05
1.886e-01 1.446e+05
1.901e-01 1.439e+05
1.935e-01 1.383e+05
1.863e-01 1.454e+05
2.061e-01 1.144e+05
1.880e-01 1.495e+05
1.887e-01 1.374e+05
2.053e-01 1.154e+05
1.989e-01 1.300e+05
1.923e-01 1.428e+05
1.989e-01 1.363e+05
1.895e-01 1.358e+05
1.927e-01 1.423e+05
1.915e-01 1.355e+05
1.899e-01 1.366e+05
1.960e-01 1.339e+05
1.947e-01 1.238e+05
1.965e-01 1.378e+05
1.930e-01 1.397e+05
1.902e-01 1.401e+05
1.872e-01 1.390e+05
1.915e-01 1.445e+05
1.894e-01 1.410e+05
1.921e-01 1.415e+05
1.931e-01 1.406e+05
1.953e-01 1.345e+05
1.901e-01 1.472e+05
1.972e-01 1.396e+05
1.923e-01 1.416e+05
1.980e-01 1.238e+05
1.884e-01 1.318e+05
2.030e-01 1.352e+05
1.943e-01 1.408e+05
1.895e-01 1.423e+05
2.137e-01 9.599e+04
2.047e-01 1.329e+05
1.899e-01 1.413e+05
1.972e-01 1.384e+05
2.300e-01 8.748e+04
1.959e-01 1.364e+05
1.981e-01 1.348e+05
1.912e-01 1.404e+05
1.969e-01 1.353e+05
1.942e-01 1.425e+05
1.929e-01 1.411e+05
2.000e-01 1.295e+05
2.110e-01 1.120e+05
2.355e-01 7.154e+04
1.899e-01 1.388e+05
1.888e-01 1.378e+05
1.985e-01 1.317e+05
1.934e-01 1.445e+05
1.958e-01 1.364e+05
1.930e-01 1.433e+05
2.254e-01 7.916e+04
1.983e-01 1.317e+05
1.884e-01 1.479e+05
1.948e-01 1.425e+05
1.893e-01 1.410e+05
1.899e-01 1.444e+05
1.953e-01 1.397e+05
2.022e-01 1.357e+05
1.948e-01 1.383e+05
1.926e-01 1.377e+05
1.866e-01 1.431e+05
1.951e-01 1.383e+05
1.867e-01 1.437e+05
1.938e-01 1.328e+05
1.904e-01 1.423e+05
1.917e-01 1.435e+05
1.885e-01 1.490e+05
1.913e-01 1.439e+05
1.907e-01 1.344e+05
1.997e-01 1.257e+05
2.447e-01 7.344e+04
1.949e-01 1.311e+05
1.917e-01 1.412e+05
1.937e-01 1.369e+05
1.998e-01 1.359e+05
1.900e-01 1.467e+05
1.942e-01 1.384e+05
1.924e-01 1.383e+05
1.919e-01 1.360e+05
1.984e-01 1.396e+05
1.902e-01 1.449e+05
1.931e-01 1.292e+05
1.899e-01 1.291e+05
1.921e-01 1.480e+05
1.950e-01 1.421e+05
1.879e-01 1.419e+05
1.965e-01 1.357e+05
1.923e-01 1.341e+05
1.916e-01 1.412e+05
1.943e-01 1.402e+05
2.009e-01 1.361e+05
1.892e-01 1.408e+05
1.914e-01 1.419e+05
1.937e-01 1.358e+05
1.916e-01 1.320e+05
2.243e-01 9.200e+04
1.881e-01 1.412e+05
1.995e-01 1.351e+05
1.941e-01 1.447e+05
2.425e-01 7.487e+04
1.967e-01 1.357e+05
1.893e-01 1.412e+05
1.909e-01 1.437e+05
1.942e-01 1.361e+05
1.908e-01 1.433e+05
1.949e-01 1.363e+05
1.954e-01 1.317e+05
1.940e-01 1.281e+05
1.861e-01 1.467e+05
1.873e-01 1.456e+05
1.949e-01 1.357e+05
1.921e-01 1.337e+05
1.902e-01 1.435e+05
1.941e-01 1.339e+05
1.903e-01 1.434e+05
1.903e-01 1.406e+05
1.904e-01 1.382e+05
2.082e-01 1.141e+05
1.981e-01 1.372e+05
1.892e-01 1.401e+05
1.903e-01 1.491e+05
1.911e-01 1.434e+05
1.881e-01 1.455e+05
1.943e-01 1.364e+05
2.080e-01 1.064e+05
1.917e-01 1.408e+05
1.927e-01 1.360e+05
1.943e-01 1.393e+05
2.113e-01 1.245e+05
2.357e-01 8.340e+04
1.911e-01 1.421e+05
1.870e-01 1.359e+05
1.968e-01 1.376e+05
1.892e-01 1.469e+05
1.882e-01 1.495e+05
2.287e-01 7.805e+04
1.883e-01 1.467e+05
1.905e-01 1.368e+05
2.267e-01 8.983e+04
1.914e-01 1.478e+05
1.962e-01 1.390e+05
1.892e-01 1.426e+05
2.336e-01 7.900e+04
2.101e-01 9.601e+04
1.919e-01 1.393e+05
1.869e-01 1.494e+05
1.910e-01 1.456e+05
1.860e-01 1.458e+05
1.963e-01 1.426e+05
1.904e-01 1.437e+05
1.872e-01 1.490e+05
2.002e-01 1.308e+05
2.333e-01 6.935e+04
2.136e-01 1.016e+05
1.895e-01 1.446e+05
1.961e-01 1.360e+05
1.970e-01 1.347e+05
2.092e-01 1.070e+05
2.008e-01 1.236e+05
1.963e-01 1.373e+05
2.110e-01 1.220e+05
1.931e-01 1.341e+05
2.081e-01 1.301e+05
1.905e-01 1.395e+05
1.927e-01 1.309e+05
1.934e-01 1.373e+05
1.910e-01 1.368e+05
1.951e-01 1.370e+05
1.972e-01 1.294e+05
1.910e-01 1.456e+05
1.892e-01 1.382e+05
1.886e-01 1.455e+05
1.917e-01 1.400e+05
1.891e-01 1.429e+05
1.878e-01 1.372e+05
2.024e-01 1.196e+05
1.908e-01 1.401e+05
1.869e-01 1.482e+05
1.984e-01 1.211e+05
1.929e-01 1.402e+05
1.895e-01 1.396e+05
2.042e-01 1.053e+05
1.922e-01 1.433e+05
1.934e-01 1.378e+05
2.282e-01 8.626e+04
1.904e-01 1.356e+05
1.916e-01 1.407e+05
1.939e-01 1.343e+05
1.985e-01 1.286e+05
1.922e-01 1.423e+05
1.889e-01 1.435e+05
1.883e-01 1.478e+05
1.991e-01 1.388e+05
1.958e-01 1.336e+05
1.928e-01 1.385e+05
1.890e-01 1.392e+05
1.918e-01 1.377e+05
1.905e-01 1.411e+05
1.941e-01 1.399e+05
1.953e-01 1.342e+05
2.261e-01 1.054e+05
1.892e-01 1.476e+05
2.126e-01 1.105e+05
1.951e-01 1.332e+05
1.945e-01 1.391e+05
1.936e-01 1.408e+05
1.905e-01 1.425e+05
1.946e-01 1.390e+05
2.216e-01 9.543e+04
1.948e-01 1.378e+05
1.948e-01 1.422e+05
1.913e-01 1.416e+05
1.938e-01 1.440e+05
1.963e-01 1.408e+05
1.912e-01 1.430e+05
1.931e-01 1.225e+05
1.973e-01 1.265e+05
1.912e-01 1.414e+05
1.914e-01 1.456e+05
1.952e-01 1.345e+05
1.937e-01 1.384e+05
1.936e-01 1.419e+05
1.955e-01 1.387e+05
1.921e-01 1.413e+05
1.936e-01 1.414e+05
1.879e-01 1.403e+05
2.001e-01 1.343e+05
1.944e-01 1.431e+05
1.908e-01 1.457e+05
1.903e-01 1.464e+05
1.927e-01 1.467e+05
1.962e-01 1.328e+05
1.906e-01 1.438e+05
1.952e-01 1.383e+05
1.945e-01 1.415e+05
1.925e-01 1.435e+05
1.952e-01 1.440e+05
1.907e-01 1.403e+05
1.946e-01 1.420e+05
1.869e-01 1.486e+05
1.961e-01 1.405e+05
1.941e-01 1.347e+05
2.026e-01 1.198e+05
1.891e-01 1.418e+05
1.896e-01 1.450e+05
1.929e-01 1.345e+05
1.998e-01 1.390e+05
2.013e-01 1.238e+05
1.983e-01 1.405e+05
2.122e-01 1.019e+05
1.932e-01 1.449e+05
1.997e-01 1.241e+05
2.023e-01 1.327e+05
2.003e-01 1.359e+05
2.284e-01 9.217e+04
2.058e-01 1.178e+05
1.960e-01 1.346e+05
1.987e-01 1.357e+05
1.908e-01 1.466e+05
1.927e-01 1.443e+05
1.970e-01 1.376e+05
1.924e-01 1.394e+05
2.232e-01 8.394e+04
1.983e-01 1.398e+05
1.900e-01 1.407e+05
1.911e-01 1.395e+05
1.876e-01 1.439e+05
1.895e-01 1.382e+05
1.950e-01 1.331e+05
1.924e-01 1.413e+05
1.896e-01 1.480e+05
1.946e-01 1.397e+05
2.079e-01 1.133e+05
1.872e-01 1.478e+05
1.979e-01 1.361e+05
1.925e-01 1.428e+05
1.872e-01 1.474e+05
1.923e-01 1.439e+05
2.024e-01 1.271e+05
1.910e-01 1.408e+05
1.898e-01 1.391e+05
1.960e-01 1.437e+05
1.970e-01 1.291e+05
1.882e-01 1.451e+05
1.968e-01 1.364e+05
1.887e-01 1.398e+05
1.889e-01 1.414e+05
1.940e-01 1.289e+05
1.940e-01 1.381e+05
1.911e-01 1.361e+05
1.921e-01 1.445e+05
1.923e-01 1.478e+05
1.927e-01 1.419e+05
1.965e-01 1.350e+05
1.962e-01 1.351e+05
2.192e-01 7.735e+04
2.162e-01 1.027e+05
1.956e-01 1.372e+05
2.345e-01 7.375e+04
2.196e-01 7.971e+04
1.901e-01 1.436e+05
1.959e-01 1.347e+05
1.867e-01 1.478e+05
1.883e-01 1.500e+05
1.942e-01 1.441e+05
1.924e-01 1.386e+05
1.923e-01 1.439e+05
1.932e-01 1.415e+05
1.897e-01 1.439e+05
1.903e-01 1.432e+05
1.898e-01 1.360e+05
1.930e-01 1.410e+05
1.947e-01 1.341e+05
1.893e-01 1.354e+05
1.962e-01 1.347e+05
2.234e-01 9.734e+04
1.932e-01 1.436e+05
1.936e-01 1.386e+05
2.119e-01 1.066e+05
1.912e-01 1.408e+05
1.979e-01 1.360e+05
1.964e-01 1.424e+05
2.163e-01 1.179e+05
1.965e-01 1.427e+05
2.107e-01 1.018e+05
1.883e-01 1.501e+05
1.906e-01 1.420e+05
1.980e-01 1.365e+05
1.929e-01 1.466e+05
1.951e-01 1.378e+05
2.240e-01 8.390e+04
1.886e-01 1.471e+05
2.201e-01 9.592e+04
1.953e-01 1.369e+05
1.954e-01 1.336e+05
1.927e-01 1.332e+05
1.917e-01 1.427e+05
2.007e-01 1.362e+05
1.917e-01 1.375e+05
1.986e-01 1.362e+05
2.158e-01 9.589e+04
1.894e-01 1.316e+05
1.897e-01 1.412e+05
1.928e-01 1.415e+05
1.922e-01 1.326e+05
1.926e-01 1.439e+05
1.921e-01 1.426e+05
2.023e-01 1.251e+05
1.932e-01 1.468e+05
1.900e-01 1.378e+05
1.916e-01 1.404e+05
1.952e-01 1.343e+05
1.991e-01 1.365e+05
2.007e-01 1.309e+05
2.025e-01 1.245e+05
1.936e-01 1.461e+05
1.964e-01 1.335e+05
1.954e-01 1.367e+05
1.905e-01 1.432e+05
1.948e-01 1.367e+05
1.896e-01 1.391e+05
1.893e-01 1.402e+05
2.016e-01 1.255e+05
2.012e-01 1.190e+05
1.953e-01 1.408e+05
1.870e-01 1.461e+05
1.917e-01 1.419e+05
1.930e-01 1.432e+05
1.914e-01 1.433e+05
2.076e-01 1.079e+05
1.891e-01 1.373e+05
1.942e-01 1.385e+05
1.933e-01 1.463e+05
1.883e-01 1.408e+05
1.920e-01 1.424e+05
2.272e-01 7.322e+04
1.970e-01 1.276e+05
1.963e-01 1.366e+05
1.913e-01 1.332e+05
1.986e-01 1.324e+05
1.909e-01 1.421e+05
1.930e-01 1.411e+05
2.396e-01 7.950e+04
1.925e-01 1.424e+05
1.918e-01 1.417e+05
1.870e-01 1.458e+05
1.895e-01 1.420e+05
1.904e-01 1.470e+05
1.984e-01 1.355e+05
1.904e-01 1.358e+05
1.935e-01 1.406e+05
2.007e-01 1.217e+05
1.966e-01 1.370e+05
1.930e-01 1.427e+05
1.908e-01 1.422e+05
1.922e-01 1.459e+05
1.940e-01 1.411e+05
1.900e-01 1.438e+05
1.886e-01 1.448e+05
1.976e-01 1.333e+05
1.896e-01 1.432e+05
1.913e-01 1.391e+05
1.951e-01 1.293e+05
1.990e-01 1.329e+05
2.033e-01 1.213e+05
1.942e-01 1.434e+05
1.900e-01 1.461e+05
1.886e-01 1.465e+05
1.979e-01 1.321e+05
1.932e-01 1.393e+05
1.917e-01 1.401e+05
1.933e-01 1.439e+05
1.902e-01 1.430e+05
2.089e-01 1.288e+05
1.923e-01 1.426e+05
1.972e-01 1.319e+05
1.914e-01 1.332e+05
2.003e-01 1.203e+05
2.021e-01 1.342e+05
1.908e-01 1.377e+05
1.891e-01 1.383e+05
1.886e-01 1.455e+05
1.945e-01 1.417e+05
1.901e-01 1.446e+05
1.898e-01 1.432e+05
1.914e-01 1.374e+05
1.957e-01 1.377e+05
1.929e-01 1.406e+05
1.888e-01 1.390e+05
1.904e-01 1.392e+05
1.862e-01 1.455e+05
1.981e-01 1.387e+05
1.892e-01 1.383e+05
1.919e-01 1.430e+05
1.951e-01 1.396e+05
1.919e-01 1.377e+05
1.939e-01 1.415e+05
1.970e-01 1.376e+05
1.959e-01 1.398e+05
2.369e-01 7.671e+04
1.910e-01 1.450e+05
1.943e-01 1.369e+05
2.009e-01 1.278e+05
1.981e-01 1.390e+05
1.932e-01 1.399e+05
1.922e-01 1.425e+05
1.869e-01 1.477e+05
1.932e-01 1.342e+05
2.087e-01 1.108e+05
1.904e-01 1.380e+05
1.889e-01 1.458e+05
1.924e-01 1.256e+05
2.219e-01 8.662e+04
1.948e-01 1.415e+05
1.956e-01 1.387e+05
2.003e-01 1.334e+05
1.954e-01 1.311e+05
1.938e-01 1.449e+05
1.984e-01 1.359e+05
1.912e-01 1.454e+05
2.266e-01 7.912e+04
2.001e-01 1.324e+05
2.213e-01 8.405e+04
1.952e-01 1.371e+05
1.954e-01 1.366e+05
1.871e-01 1.491e+05
1.927e-01 1.439e+05
2.278e-01 9.411e+04
1.956e-01 1.359e+05
1.927e-01 1.366e+05
1.930e-01 1.420e+05
1.950e-01 1.387e+05
1.876e-01 1.442e+05
1.907e-01 1.433e+05
1.973e-01 1.384e+05
1.911e-01 1.417e+05
1.953e-01 1.440e+05
1.964e-01 1.402e+05
1.926e-01 1.383e+05
1.908e-01 1.378e+05
1.933e-01 1.391e+05
1.923e-01 1.407e+05
1.900e-01 1.456e+05
1.927e-01 1.401e+05
2.358e-01 6.963e+04
1.966e-01 1.340e+05
2.417e-01 8.164e+04
1.969e-01 1.417e+05
1.940e-01 1.369e+05
1.873e-01 1.370e+05
1.985e-01 1.369e+05
1.930e-01 1.411e+05
1.959e-01 1.395e+05
1.930e-01 1.421e+05
2.033e-01 1.272e+05
1.902e-01 1.386e+05
1.941e-01 1.415e+05
1.908e-01 1.393e+05
1.982e-01 1.324e+05
2.030e-01 1.283e+05
2.153e-01 9.020e+04
1.997e-01 1.309e+05
2.144e-01 1.086e+05
1.924e-01 1.393e+05
2.015e-01 1.326e+05
1.899e-01 1.426e+05
1.938e-01 1.464e+05
1.914e-01 1.387e+05
1.968e-01 1.360e+05
1.908e-01 1.418e+05
1.928e-01 1.373e+05
2.221e-01 9.413e+04
1.901e-01 1.416e+05
1.989e-01 1.320e+05
1.910e-01 1.362e+05
2.138e-01 1.043e+05
1.910e-01 1.426e+05
1.925e-01 1.394e+05
1.909e-01 1.434e+05
1.923e-01 1.413e+05
1.893e-01 1.363e+05
1.928e-01 1.454e+05
1.980e-01 1.382e+05
1.979e-01 1.362e+05
1.928e-01 1.299e+05
1.907e-01 1.384e+05
1.907e-01 1.441e+05
1.917e-01 1.412e+05
1.932e-01 1.345e+05
1.984e-01 1.343e+05
1.957e-01 1.280e+05
2.240e-01 8.947e+04
1.925e-01 1.340e+05
1.967e-01 1.343e+05
1.936e-01 1.378e+05
1.921e-01 1.442e+05
1.944e-01 1.354e+05
1.968e-01 1.322e+05
2.128e-01 1.066e+05
1.903e-01 1.431e+05
2.288e-01 9.055e+04
1.885e-01 1.392e+05
2.275e-01 9.562e+04
1.958e-01 1.443e+05
1.967e-01 1.369e+05
1.929e-01 1.331e+05
1.954e-01 1.398e+05
2.155e-01 9.653e+04
1.909e-01 1.411e+05
1.948e-01 1.385e+05
1.910e-01 1.390e+05
1.970e-01 1.387e+05
2.060e-01 1.235e+05
1.927e-01 1.406e+05
1.931e-01 1.391e+05
2.011e-01 1.346e+05
1.981e-01 1.361e+05
1.935e-01 1.408e+05
1.868e-01 1.415e+05
1.974e-01 1.402e+05
1.899e-01 1.394e+05
1.881e-01 1.377e+05
1.999e-01 1.319e+05
1.972e-01 1.404e+05
1.876e-01 1.495e+05
1.967e-01 1.425e+05
1.972e-01 1.374e+05
1.885e-01 1.450e+05
1.881e-01 1.412e+05
1.938e-01 1.406e+05
2.240e-01 8.583e+04
1.924e-01 1.415e+05
1.958e-01 1.419e+05
1.876e-01 1.464e+05
2.133e-01 9.736e+04
1.913e-01 1.409e+05
1.990e-01 1.260e+05
1.929e-01 1.350e+05
1.907e-01 1.361e+05
1.958e-01 1.404e+05
2.073e-01 1.057e+05
1.888e-01 1.467e+05
1.947e-01 1.446e+05
1.876e-01 1.426e+05
1.920e-01 1.401e+05
1.947e-01 1.348e+05
1.931e-01 1.398e+05
1.965e-01 1.357e+05
1.871e-01 1.487e+05
1.988e-01 1.407e+05
1.949e-01 1.356e+05
1.901e-01 1.406e+05
1.937e-01 1.426e+05
2.382e-01 7.460e+04
1.888e-01 1.426e+05
1.892e-01 1.413e+05
2.414e-01 6.793e+04
2.358e-01 8.045e+04
1.965e-01 1.337e+05
2.203e-01 8.622e+04
1.868e-01 1.466e+05
1.895e-01 1.428e+05
2.352e-01 7.063e+04
1.962e-01 1.391e+05
1.911e-01 1.422e+05
1.967e-01 1.369e+05
1.916e-01 1.414e+05
1.979e-01 1.381e+05
2.100e-01 1.032e+05
1.978e-01 1.236e+05
1.923e-01 1.356e+05
1.944e-01 1.269e+05
1.964e-01 1.353e+05
1.910e-01 1.428e+05
2.097e-01 1.044e+05
1.952e-01 1.385e+05
1.992e-01 1.382e+05
1.942e-01 1.366e+05
1.910e-01 1.412e+05
1.914e-01 1.460e+05
1.871e-01 1.479e+05
1.859e-01 1.457e+05
1.859e-01 1.437e+05
1.927e-01 1.376e+05
1.925e-01 1.386e+05
1.870e-01 1.468e+05
1.989e-01 1.395e+05
1.955e-01 1.380e+05
1.981e-01 1.310e+05
1.894e-01 1.449e+05
2.051e-01 1.308e+05
2.252e-01 1.015e+05
1.928e-01 1.411e+05
2.002e-01 1.339e+05
2.085e-01 1.166e+05
1.928e-01 1.434e+05
1.945e-01 1.413e+05
1.938e-01 1.394e+05
1.946e-01 1.389e+05
1.918e-01 1.375e+05
2.004e-01 1.386e+05
2.008e-01 1.364e+05
1.908e-01 1.420e+05
2.011e-01 1.367e+05
1.962e-01 1.397e+05
1.952e-01 1.379e+05
1.873e-01 1.413e+05
2.335e-01 8.321e+04
2.042e-01 1.137e+05
1.893e-01 1.450e+05
1.862e-01 1.452e+05
1.915e-01 1.420e+05
1.909e-01 1.431e+05
1.976e-01 1.337e+05
2.252e-01 9.471e+04
1.936e-01 1.420e+05
1.876e-01 1.467e+05
1.977e-01 1.348e+05
1.941e-01 1.351e+05
1.942e-01 1.406e+05
1.956e-01 1.346e+05
1.896e-01 1.371e+05
1.929e-01 1.403e+05
1.949e-01 1.407e+05
1.911e-01 1.427e+05
1.900e-01 1.460e+05
1.917e-01 1.437e+05
2.062e-01 1.244e+05
1.977e-01 1.360e+05
1.872e-01 1.426e+05
1.902e-01 1.437e+05
1.935e-01 1.412e+05
1.891e-01 1.445e+05
1.975e-01 1.357e+05
1.874e-01 1.478e+05
2.066e-01 1.284e+05
1.894e-01 1.424e+05
1.905e-01 1.427e+05
1.880e-01 1.500e+05
1.860e-01 1.480e+05
1.950e-01 1.337e+05
1.920e-01 1.393e+05
1.958e-01 1.417e+05
1.996e-01 1.398e+05
1.913e-01 1.480e+05
1.959e-01 1.351e+05
2.082e-01 1.197e+05
2.226e-01 9.164e+04
1.986e-01 1.398e+05
1.914e-01 1.450e+05
2.233e-01 7.653e+04
1.963e-01 1.367e+05
1.922e-01 1.428e+05
1.965e-01 1.345e+05
1.883e-01 1.421e+05
1.923e-01 1.416e+05
1.874e-01 1.486e+05
1.932e-01 1.371e+05
1.954e-01 1.327e+05
1.903e-01 1.393e+05
2.184e-01 1.097e+05
2.216e-01 1.038e+05
1.962e-01 1.417e+05
1.925e-01 1.365e+05
1.921e-01 1.372e+05
1.932e-01 1.375e+05
1.946e-01 1.359e+05
1.900e-01 1.398e+05
1.875e-01 1.456e+05
1.949e-01 1.377e+05
1.961e-01 1.394e+05
2.095e-01 1.127e+05
1.960e-01 1.293e+05
2.017e-01 1.251e+05
1.974e-01 1.194e+05
2.129e-01 9.895e+04
1.935e-01 1.346e+05
1.905e-01 1.406e+05
1.906e-01 1.372e+05
1.927e-01 1.399e+05
1.877e-01 1.434e+05
2.017e-01 1.290e+05
2.011e-01 1.298e+05
1.900e-01 1.420e+05
1.937e-01 1.406e+05
1.928e-01 1.444e+05
1.979e-01 1.419e+05
2.239e-01 7.060e+04
1.954e-01 1.430e+05
1.995e-01 1.328e+05
1.902e-01 1.406e+05
1.904e-01 1.437e+05
1.898e-01 1.423e+05
1.980e-01 1.380e+05
2.010e-01 1.246e+05
1.898e-01 1.452e+05
1.948e-01 1.317e+05
2.154e-01 9.751e+04
1.963e-01 1.305e+05
2.012e-01 1.227e+05
1.955e-01 1.332e+05
1.950e-01 1.363e+05
1.956e-01 1.405e+05
1.997e-01 1.367e+05
2.154e-01 1.040e+05
1.901e-01 1.422e+05
2.030e-01 1.254e+05
2.375e-01 8.548e+04
1.930e-01 1.417e+05
1.903e-01 1.475e+05
1.927e-01 1.394e+05
1.935e-01 1.430e+05
1.905e-01 1.399e+05
2.043e-01 1.190e+05
1.951e-01 1.391e+05
1.893e-01 1.437e+05
1.952e-01 1.411e+05
2.318e-01 7.962e+04
1.910e-01 1.375e+05
1.927e-01 1.394e+05
1.903e-01 1.448e+05
1.929e-01 1.403e+05
2.095e-01 1.221e+05
1.875e-01 1.492e+05
2.415e-01 8.201e+04
1.924e-01 1.412e+05
1.895e-01 1.439e+05
1.924e-01 1.391e+05
1.880e-01 1.409e+05
1.881e-01 1.472e+05
1.923e-01 1.382e+05
1.901e-01 1.353e+05
2.275e-01 7.965e+04
1.931e-01 1.416e+05
1.994e-01 1.256e+05
1.995e-01 1.339e+05
1.942e-01 1.354e+05
1.907e-01 1.414e+05
1.870e-01 1.430e+05
1.898e-01 1.411e+05
1.971e-01 1.330e+05
1.991e-01 1.328e+05
1.926e-01 1.342e+05
1.934e-01 1.380e+05
1.928e-01 1.414e+05
1.931e-01 1.398e+05
1.877e-01 1.381e+05
1.971e-01 1.403e+05
1.874e-01 1.409e+05
1.894e-01 1.500e+05
1.904e-01 1.428e+05
1.900e-01 1.489e+05
2.019e-01 1.357e+05
1.952e-01 1.367e+05
2.033e-01 1.300e+05
1.920e-01 1.442e+05
1.903e-01 1.366e+05
1.911e-01 1.440e+05
2.362e-01 7.979e+04
1.951e-01 1.404e+05
1.948e-01 1.409e+05
2.288e-01 8.665e+04
1.900e-01 1.426e+05
1.935e-01 1.372e+05
1.916e-01 1.433e+05
1.920e-01 1.430e+05
2.095e-01 1.209e+05
2.004e-01 1.308e+05
1.974e-01 1.407e+05
1.889e-01 1.394e+05
1.916e-01 1.412e+05
1.938e-01 1.409e+05
1.938e-01 1.320e+05
1.919e-01 1.413e+05
1.924e-01 1.320e+05
2.011e-01 1.301e+05
1.888e-01 1.345e+05
1.991e-01 1.391e+05
1.900e-01 1.407e+05
1.983e-01 1.410e+05
2.293e-01 7.451e+04
1.917e-01 1.303e+05
2.128e-01 1.064e+05
1.890e-01 1.487e+05
1.956e-01 1.219e+05
2.197e-01 8.812e+04
1.927e-01 1.395e+05
1.971e-01 1.326e+05
1.921e-01 1.390e+05
1.901e-01 1.421e+05
1.953e-01 1.314e+05
1.915e-01 1.377e+05
1.941e-01 1.449e+05
1.929e-01 1.389e+05
1.924e-01 1.445e+05
1.956e-01 1.352e+05
1.988e-01 1.294e+05
2.036e-01 1.295e+05
1.915e-01 1.422e+05
1.943e-01 1.415e+05
1.937e-01 1.391e+05
2.097e-01 1.229e+05
1.861e-01 1.423e+05
1.892e-01 1.408e+05
2.423e-01 6.848e+04
1.928e-01 1.408e+05
1.878e-01 1.450e+05
1.957e-01 1.386e+05
1.947e-01 1.366e+05
1.951e-01 1.352e+05
1.981e-01 1.333e+05
1.918e-01 1.426e+05
1.928e-01 1.306e+05
1.905e-01 1.412e+05
2.357e-01 7.202e+04
1.961e-01 1.365e+05
1.951e-01 1.414e+05
1.944e-01 1.427e+05
1.922e-01 1.416e+05
1.933e-01 1.406e+05
1.961e-01 1.386e+05
1.896e-01 1.462e+05
1.909e-01 1.448e+05
2.026e-01 1.268e+05
2.066e-01 1.163e+05
1.867e-01 1.429e+05
1.931e-01 1.396e+05
1.991e-01 1.282e+05
1.916e-01 1.424e+05
1.996e-01 1.344e+05
1.933e-01 1.305e+05
1.949e-01 1.378e+05
1.986e-01 1.319e+05
1.939e-01 1.415e+05
1.998e-01 1.307e+05
2.111e-01 1.015e+05
1.956e-01 1.372e+05
2.065e-01 1.058e+05
2.223e-01 8.506e+04
1.930e-01 1.418e+05
1.905e-01 1.425e+05
1.906e-01 1.388e+05
1.965e-01 1.334e+05
1.895e-01 1.465e+05
1.884e-01 1.458e+05
1.905e-01 1.459e+05
2.179e-01 9.307e+04
1.996e-01 1.282e+05
1.946e-01 1.416e+05
1.875e-01 1.417e+05
1.962e-01 1.388e+05
1.942e-01 1.339e+05
1.924e-01 1.425e+05
1.935e-01 1.395e+05
1.994e-01 1.360e+05
1.944e-01 1.425e+05
2.010e-01 1.315e+05
2.035e-01 1.214e+05
1.945e-01 1.441e+05
1.957e-01 1.341e+05
1.993e-01 1.306e+05
1.948e-01 1.428e+05
1.876e-01 1.414e+05
1.938e-01 1.390e+05
1.923e-01 1.438e+05
2.075e-01 1.311e+05
1.974e-01 1.356e+05
1.896e-01 1.449e+05
1.945e-01 1.391e+05
1.962e-01 1.415e+05
1.896e-01 1.425e+05
1.899e-01 1.378e+05
1.934e-01 1.410e+05
1.940e-01 1.410e+05
2.098e-01 9.494e+04
1.942e-01 1.393e+05
1.925e-01 1.425e+05
1.926e-01 1.386e+05
1.971e-01 1.424e+05
1.949e-01 1.375e+05
1.964e-01 1.345e+05
1.947e-01 1.397e+05
1.918e-01 1.415e+05
1.988e-01 1.392e+05
1.915e-01 1.416e+05
1.948e-01 1.294e+05
1.889e-01 1.384e+05
2.108e-01 9.921e+04
1.906e-01 1.363e+05
1.926e-01 1.363e+05
1.887e-01 1.483e+05
1.995e-01 1.375e+05
1.961e-01 1.403e+05
2.072e-01 1.208e+05
1.985e-01 1.388e+05
2.391e-01 7.417e+04
1.924e-01 1.419e+05
1.866e-01 1.465e+05
1.982e-01 1.419e+05
1.897e-01 1.425e+05
1.908e-01 1.432e+05
1.948e-01 1.376e+05
1.863e-01 1.435e+05
1.925e-01 1.383e+05
1.891e-01 1.423e+05
1.914e-01 1.412e+05
2.021e-01 1.186e+05
1.957e-01 1.329e+05
1.925e-01 1.411e+05
1.973e-01 1.409e+05
2.015e-01 1.363e+05
2.102e-01 1.061e+05
2.173e-01 1.093e+05
1.919e-01 1.403e+05
1.858e-01 1.466e+05
1.953e-01 1.378e+05
1.919e-01 1.413e+05
1.979e-01 1.365e+05
1.924e-01 1.410e+05
1.987e-01 1.413e+05
1.951e-01 1.394e+05
1.905e-01 1.377e+05
2.188e-01 1.006e+05
1.895e-01 1.425e+05
2.244e-01 9.825e+04
1.947e-01 1.366e+05
1.954e-01 1.409e+05
1.912e-01 1.443e+05
2.219e-01 1.012e+05
1.865e-01 1.435e+05
1.901e-01 1.357e+05
2.065e-01 1.224e+05
1.950e-01 1.363e+05
1.864e-01 1.446e+05
1.954e-01 1.429e+05
1.940e-01 1.391e+05
1.962e-01 1.408e+05
1.991e-01 1.330e+05
1.981e-01 1.351e+05
2.020e-01 1.220e+05
1.899e-01 1.424e+05
1.981e-01 1.358e+05
1.931e-01 1.415e+05
2.066e-01 1.286e+05
1.958e-01 1.344e+05
2.181e-01 1.132e+05
1.988e-01 1.333e+05
1.867e-01 1.415e+05
1.933e-01 1.411e+05
1.887e-01 1.361e+05
1.918e-01 1.425e+05
1.885e-01 1.384e+05
1.919e-01 1.420e+05
1.939e-01 1.432e+05
1.881e-01 1.476e+05
1.877e-01 1.437e+05
1.997e-01 1.324e+05
1.930e-01 1.447e+05
2.079e-01 1.177e+05
1.977e-01 1.387e+05
2.129e-01 1.004e+05
2.156e-01 9.259e+04
1.949e-01 1.398e+05
1.965e-01 1.414e+05
1.912e-01 1.427e+05
1.941e-01 1.379e+05
1.928e-01 1.354e+05
1.956e-01 1.380e+05
2.319e-01 7.583e+04
1.957e-01 1.370e+05
1.932e-01 1.411e+05
1.897e-01 1.497e+05
1.871e-01 1.378e+05
1.898e-01 1.449e+05
1.992e-01 1.335e+05
1.947e-01 1.439e+05
1.928e-01 1.426e+05
1.869e-01 1.485e+05
1.883e-01 1.463e+05
1.894e-01 1.437e+05
1.879e-01 1.413e+05
1.890e-01 1.457e+05
1.883e-01 1.429e+05
2.054e-01 1.176e+05
2.014e-01 1.302e+05
2.162e-01 9.399e+04
2.017e-01 1.157e+05
1.936e-01 1.396e+05
1.929e-01 1.413e+05
1.945e-01 1.367e+05
2.070e-01 1.150e+05
1.985e-01 1.308e+05
1.933e-01 1.366e+05
1.931e-01 1.354e+05
2.015e-01 1.237e+05
2.352e-01 8.097e+04
1.874e-01 1.474e+05
1.905e-01 1.401e+05
1.928e-01 1.402e+05
1.915e-01 1.415e+05
1.894e-01 1.422e+05
1.934e-01 1.378e+05
1.916e-01 1.360e+05
1.882e-01 1.447e+05
2.201e-01 7.430e+04
2.534e-01 7.641e+04
1.983e-01 1.342e+05
1.960e-01 1.375e+05
1.881e-01 1.423e+05
2.191e-01 1.019e+05
1.913e-01 1.438e+05
1.876e-01 1.406e+05
1.915e-01 1.369e+05
1.931e-01 1.420e+05
2.212e-01 9.432e+04
1.885e-01 1.407e+05
2.038e-01 1.219e+05
1.957e-01 1.426e+05
1.968e-01 1.338e+05
1.907e-01 1.433e+05
1.932e-01 1.441e+05
1.956e-01 1.364e+05
1.887e-01 1.394e+05
1.906e-01 1.423e+05
1.894e-01 1.461e+05
2.292e-01 9.124e+04
2.223e-01 8.102e+04
2.354e-01 7.704e+04
1.890e-01 1.420e+05
1.953e-01 1.366e+05
1.947e-01 1.419e+05
2.276e-01 8.845e+04
2.147e-01 1.070e+05
2.151e-01 1.067e+05
1.931e-01 1.406e+05
1.948e-01 1.369e+05
1.910e-01 1.413e+05
1.924e-01 1.413e+05
1.879e-01 1.393e+05
1.958e-01 1.261e+05
1.977e-01 1.349e+05
1.903e-01 1.363e+05
1.903e-01 1.420e+05
1.902e-01 1.321e+05
1.933e-01 1.405e+05
2.033e-01 1.087e+05
1.960e-01 1.344e+05
1.917e-01 1.431e+05
1.964e-01 1.435e+05
2.331e-01 8.573e+04
1.958e-01 1.302e+05
2.026e-01 1.081e+05
1.893e-01 1.427e+05
1.864e-01 1.398e+05
1.984e-01 1.357e+05
1.909e-01 1.430e+05
1.869e-01 1.463e+05
1.905e-01 1.480e+05
1.911e-01 1.431e+05
1.917e-01 1.405e+05
1.916e-01 1.444e+05
1.912e-01 1.453e+05
2.120e-01 1.164e+05
2.009e-01 1.235e+05
1.935e-01 1.358e+05
2.008e-01 1.325e+05
1.953e-01 1.375e+05
1.978e-01 1.391e+05
1.903e-01 1.439e+05
1.913e-01 1.431e+05
1.931e-01 1.390e+05
1.987e-01 1.260e+05
1.973e-01 1.377e+05
1.894e-01 1.402e+05
1.942e-01 1.371e+05
1.947e-01 1.387e+05
1.948e-01 1.374e+05
1.931e-01 1.369e+05
2.045e-01 1.194e+05
1.909e-01 1.409e+05
1.950e-01 1.425e+05
1.907e-01 1.358e+05
1.944e-01 1.422e+05
1.916e-01 1.417e+05
1.941e-01 1.370e+05
1.880e-01 1.375e+05
1.896e-01 1.450e+05
1.949e-01 1.314e+05
2.002e-01 1.321e+05
1.878e-01 1.459e+05
1.909e-01 1.445e+05
2.022e-01 1.322e+05
1.935e-01 1.300e+05
1.988e-01 1.093e+05
2.018e-01 1.338e+05
1.941e-01 1.421e+05
1.968e-01 1.380e+05
2.487e-01 7.519e+04
1.861e-01 1.454e+05
1.991e-01 1.369e+05
1.943e-01 1.397e+05
2.007e-01 1.345e+05
1.873e-01 1.428e+05
1.875e-01 1.443e+05
1.869e-01 1.439e+05
2.261e-01 8.053e+04
1.992e-01 1.315e+05
1.995e-01 1.332e+05
1.975e-01 1.306e+05
1.890e-01 1.430e+05
2.009e-01 1.347e+05
1.982e-01 1.369e+05
2.006e-01 1.241e+05
1.917e-01 1.424e+05
1.929e-01 1.420e+05
1.908e-01 1.478e+05
1.961e-01 1.341e+05
2.081e-01 1.191e+05
2.278e-01 7.345e+04
1.892e-01 1.493e+05
2.036e-01 1.242e+05
2.222e-01 8.949e+04
1.952e-01 1.377e+05
1.916e-01 1.428e+05
1.911e-01 1.413e+05
1.942e-01 1.308e+05
2.074e-01 1.072e+05
1.968e-01 1.333e+05
1.922e-01 1.431e+05
1.912e-01 1.392e+05
2.019e-01 1.219e+05
1.932e-01 1.422e+05
1.922e-01 1.373e+05
1.926e-01 1.440e+05
1.940e-01 1.413e+05
1.953e-01 1.366e+05
1.917e-01 1.416e+05
1.907e-01 1.482e+05
1.958e-01 1.338e+05
1.908e-01 1.414e+05
1.965e-01 1.354e+05
1.914e-01 1.367e+05
1.904e-01 1.410e+05
1.936e-01 1.327e+05
1.954e-01 1.417e+05
1.927e-01 1.368e+05
1.916e-01 1.308e+05
1.892e-01 1.495e+05
2.010e-01 1.326e+05
2.055e-01 1.265e+05
2.181e-01 9.756e+04
1.881e-01 1.418e+05
1.923e-01 1.428e+05
2.365e-01 7.532e+04
1.997e-01 1.284e+05
1.935e-01 1.419e+05
1.969e-01 1.325e+05
2.178e-01 1.089e+05
1.910e-01 1.472e+05
1.943e-01 1.439e+05
1.866e-01 1.475e+05
1.925e-01 1.421e+05
2.107e-01 1.120e+05
1.914e-01 1.398e+05
2.154e-01 1.075e+05
2.007e-01 1.366e+05
1.873e-01 1.383e+05
1.943e-01 1.394e+05
1.865e-01 1.433e+05
1.930e-01 1.391e+05
1.921e-01 1.425e+05
1.987e-01 1.349e+05
1.948e-01 1.382e+05
2.516e-01 7.419e+04
2.034e-01 1.305e+05
2.091e-01 1.153e+05
1.987e-01 1.389e+05
1.864e-01 1.452e+05
1.919e-01 1.361e+05
2.059e-01 1.068e+05
1.924e-01 1.332e+05
1.919e-01 1.403e+05
1.881e-01 1.438e+05
1.980e-01 1.310e+05
1.881e-01 1.485e+05
1.871e-01 1.446e+05
2.120e-01 9.438e+04
2.000e-01 1.107e+05
2.033e-01 1.314e+05
2.212e-01 1.016e+05
2.295e-01 8.557e+04
1.984e-01 1.352e+05
1.873e-01 1.479e+05
1.877e-01 1.473e+05
1.921e-01 1.391e+05
1.930e-01 1.370e+05
2.003e-01 1.362e+05
1.979e-01 1.363e+05
1.923e-01 1.365e+05
1.896e-01 1.452e+05
1.942e-01 1.381e+05
1.904e-01 1.433e+05
1.915e-01 1.367e+05
1.916e-01 1.389e+05
2.080e-01 1.140e+05
1.935e-01 1.415e+05
1.920e-01 1.331e+05
2.008e-01 1.367e+05
1.899e-01 1.400e+05
1.944e-01 1.378e+05
1.934e-01 1.432e+05
1.955e-01 1.421e+05
1.887e-01 1.394e+05
1.893e-01 1.426e+05
1.956e-01 1.379e+05
2.218e-01 9.721e+04
1.914e-01 1.411e+05
2.116e-01 1.110e+05
2.253e-01 8.431e+04
1.926e-01 1.398e+05
1.878e-01 1.451e+05
1.918e-01 1.400e+05
1.926e-01 1.380e+05
1.962e-01 1.387e+05
1.974e-01 1.344e+05
1.909e-01 1.440e+05
1.928e-01 1.396e+05
1.907e-01 1.484e+05
1.928e-01 1.464e+05
1.958e-01 1.333e+05
1.957e-01 1.374e+05
1.935e-01 1.392e+05
1.907e-01 1.383e+05
1.914e-01 1.430e+05
1.933e-01 1.422e+05
1.944e-01 1.354e+05
1.907e-01 1.411e+05
1.949e-01 1.448e+05
1.950e-01 1.356e+05
1.955e-01 1.130e+05
1.927e-01 1.402e+05
1.886e-01 1.401e+05
1.908e-01 1.421e+05
1.929e-01 1.341e+05
1.898e-01 1.364e+05
1.895e-01 1.327e+05
1.941e-01 1.424e+05
1.880e-01 1.446e+05
1.940e-01 1.357e+05
1.866e-01 1.453e+05
1.949e-01 1.378e+05
1.889e-01 1.398e+05
2.127e-01 1.060e+05
2.010e-01 1.336e+05
1.890e-01 1.499e+05
1.877e-01 1.409e+05
2.001e-01 1.368e+05
1.981e-01 1.359e+05
1.932e-01 1.369e+05
1.966e-01 1.389e+05
1.892e-01 1.451e+05
1.895e-01 1.451e+05
1.920e-01 1.418e+05
1.912e-01 1.416e+05
1.966e-01 1.345e+05
1.927e-01 1.429e+05
2.023e-01 1.169e+05
1.970e-01 1.384e+05
1.883e-01 1.399e+05
1.898e-01 1.406e+05
1.929e-01 1.368e+05
1.918e-01 1.405e+05
1.907e-01 1.428e+05
1.955e-01 1.379e+05
1.974e-01 1.328e+05
2.017e-01 1.240e+05
1.954e-01 1.425e+05
1.894e-01 1.444e+05
2.193e-01 9.431e+04
1.894e-01 1.435e+05
1.926e-01 1.422e+05
1.977e-01 1.257e+05
1.957e-01 1.352e+05
1.939e-01 1.386e+05
1.922e-01 1.384e+05
1.941e-01 1.365e+05
1.994e-01 1.239e+05
1.980e-01 1.280e+05
1.922e-01 1.318e+05
1.943e-01 1.380e+05
1.932e-01 1.373e+05
1.862e-01 1.485e+05
1.937e-01 1.451e+05
1.882e-01 1.442e+05
1.965e-01 1.367e+05
1.967e-01 1.253e+05
1.949e-01 1.352e+05
1.993e-01 1.356e+05
1.937e-01 1.378e+05
1.901e-01 1.445e+05
1.968e-01 1.368e+05
1.935e-01 1.372e+05
1.877e-01 1.443e+05
1.911e-01 1.445e+05
2.192e-01 1.019e+05
2.217e-01 8.427e+04
1.944e-01 1.406e+05
2.026e-01 1.338e+05
2.016e-01 1.358e+05
1.944e-01 1.326e+05
2.078e-01 1.263e+05
2.041e-01 1.321e+05
1.976e-01 1.397e+05
1.917e-01 1.437e+05
1.970e-01 1.373e+05
1.897e-01 1.419e+05
1.940e-01 1.401e+05
1.947e-01 1.425e+05
1.907e-01 1.459e+05
1.870e-01 1.443e+05
1.953e-01 1.420e+05
1.946e-01 1.390e+05
2.233e-01 7.957e+04
1.940e-01 1.412e+05
2.087e-01 1.143e+05
1.894e-01 1.448e+05
1.893e-01 1.350e+05
1.942e-01 1.395e+05
1.971e-01 1.370e+05
1.944e-01 1.387e+05
1.951e-01 1.418e+05
1.945e-01 1.336e+05
1.875e-01 1.477e+05
1.876e-01 1.437e+05
1.947e-01 1.403e+05
1.897e-01 1.441e+05
1.906e-01 1.457e+05
2.067e-01 1.284e+05
1.930e-01 1.370e+05
2.093e-01 1.084e+05
2.052e-01 1.300e+05
1.922e-01 1.438e+05
2.009e-01 1.225e+05
1.897e-01 1.432e+05
1.926e-01 1.445e+05
1.972e-01 1.366e+05
1.934e-01 1.345e+05
1.896e-01 1.377e+05
2.018e-01 1.334e+05
1.998e-01 1.359e+05
2.163e-01 8.392e+04
1.985e-01 1.318e+05
1.918e-01 1.419e+05
1.898e-01 1.407e+05
1.954e-01 1.378e+05
1.910e-01 1.391e+05
2.038e-01 1.301e+05
1.945e-01 1.384e+05
1.986e-01 1.348e+05
1.959e-01 1.344e+05
1.915e-01 1.469e+05
1.999e-01 1.362e+05
1.972e-01 1.345e+05
1.859e-01 1.480e+05
2.005e-01 1.307e+05
2.115e-01 1.030e+05
1.987e-01 1.253e+05
1.923e-01 1.432e+05
1.913e-01 1.380e+05
1.930e-01 1.423e+05
1.960e-01 1.188e+05
1.944e-01 1.417e+05
1.908e-01 1.431e+05
2.236e-01 9.670e+04
1.947e-01 1.333e+05
2.165e-01 9.724e+04
1.930e-01 1.368e+05
1.924e-01 1.408e+05
1.956e-01 1.387e+05
1.885e-01 1.380e+05
1.865e-01 1.487e+05
1.893e-01 1.433e+05
1.936e-01 1.395e+05
1.961e-01 1.417e+05
1.919e-01 1.434e+05
1.977e-01 1.310e+05
2.212e-01 1.021e+05
1.894e-01 1.458e+05
1.861e-01 1.443e+05
2.003e-01 1.325e+05
2.037e-01 1.285e+05
1.910e-01 1.345e+05
1.905e-01 1.426e+05
2.012e-01 1.267e+05
2.011e-01 1.385e+05
1.938e-01 1.403e+05
1.983e-01 1.375e+05
1.954e-01 1.408e+05
1.924e-01 1.426e+05
1.976e-01 1.298e+05
1.925e-01 1.452e+05
1.909e-01 1.376e+05
2.109e-01 1.228e+05
1.940e-01 1.450e+05
1.975e-01 1.282e+05
1.937e-01 1.428e+05
1.938e-01 1.324e+05
1.900e-01 1.441e+05
1.926e-01 1.371e+05
1.894e-01 1.411e+05
1.932e-01 1.383e+05
1.973e-01 1.334e+05
1.923e-01 1.420e+05
1.923e-01 1.374e+05
1.905e-01 1.430e+05
1.923e-01 1.424e+05
1.944e-01 1.441e+05
2.137e-01 1.162e+05
1.954e-01 1.314e+05
1.887e-01 1.423e+05
1.986e-01 1.322e+05
1.948e-01 1.390e+05
1.908e-01 1.377e+05
1.905e-01 1.420e+05
1.924e-01 1.370e+05
1.885e-01 1.439e+05
1.890e-01 1.489e+05
1.971e-01 1.345e+05
1.950e-01 1.373e+05
1.961e-01 1.384e+05
2.280e-01 7.835e+04
1.912e-01 1.410e+05
1.882e-01 1.376e+05
1.893e-01 1.438e+05
1.922e-01 1.421e+05
1.901e-01 1.359e+05
1.942e-01 1.373e+05
1.925e-01 1.401e+05
1.888e-01 1.383e+05
1.892e-01 1.423e+05
1.945e-01 1.350e+05
1.968e-01 1.336e+05
1.981e-01 1.311e+05
1.979e-01 1.365e+05
1.883e-01 1.449e+05
2.352e-01 8.383e+04
1.972e-01 1.285e+05
1.891e-01 1.424e+05
2.035e-01 1.247e+05
1.954e-01 1.325e+05
1.919e-01 1.393e+05
1.946e-01 1.353e+05
1.933e-01 1.406e+05
1.982e-01 1.332e+05
1.887e-01 1.461e+05
1.942e-01 1.382e+05
1.964e-01 1.343e+05
1.943e-01 1.390e+05
1.936e-01 1.407e+05
1.953e-01 1.337e+05
1.955e-01 1.360e+05
2.244e-01 8.934e+04
1.955e-01 1.441e+05
1.908e-01 1.412e+05
1.895e-01 1.471e+05
1.933e-01 1.399e+05
1.916e-01 1.317e+05
1.892e-01 1.460e+05
2.180e-01 1.039e+05
1.956e-01 1.435e+05
1.947e-01 1.363e+05
1.876e-01 1.448e+05
1.956e-01 1.396e+05
1.872e-01 1.479e+05
1.910e-01 1.359e+05
1.935e-01 1.374e+05
1.932e-01 1.391e+05
1.978e-01 1.384e+05
1.864e-01 1.461e+05
1.924e-01 1.387e+05
1.896e-01 1.409e+05
1.907e-01 1.411e+05
1.942e-01 1.305e+05
1.930e-01 1.369e+05
1.921e-01 1.377e+05
2.017e-01 1.162e+05
1.928e-01 1.387e+05
1.957e-01 1.413e+05
1.936e-01 1.418e+05
1.948e-01 1.368e+05
1.942e-01 1.367e+05
1.960e-01 1.384e+05
1.972e-01 1.332e+05
1.951e-01 1.356e+05
1.901e-01 1.422e+05
1.924e-01 1.297e+05
2.368e-01 7.156e+04
2.079e-01 1.158e+05
1.959e-01 1.337e+05
1.922e-01 1.406e+05
1.862e-01 1.447e+05
1.983e-01 1.367e+05
2.241e-01 9.788e+04
1.931e-01 1.375e+05
2.106e-01 1.092e+05
1.897e-01 1.429e+05
1.884e-01 1.456e+05
1.917e-01 1.406e+05
1.897e-01 1.457e+05
1.977e-01 1.322e+05
1.931e-01 1.418e+05
2.024e-01 1.270e+05
1.974e-01 1.361e+05
1.873e-01 1.483e+05
1.998e-01 1.330e+05
1.868e-01 1.469e+05
1.934e-01 1.307e+05
1.900e-01 1.409e+05
1.971e-01 1.342e+05
1.882e-01 1.486e+05
1.903e-01 1.399e+05
1.971e-01 1.354e+05
2.233e-01 8.627e+04
1.920e-01 1.386e+05
1.860e-01 1.463e+05
1.967e-01 1.428e+05
1.984e-01 1.376e+05
1.939e-01 1.281e+05
1.924e-01 1.426e+05
1.866e-01 1.484e+05
2.243e-01 1.003e+05
1.972e-01 1.367e+05
1.964e-01 1.441e+05
2.359e-01 7.707e+04
1.900e-01 1.410e+05
1.941e-01 1.388e+05
1.935e-01 1.375e+05
1.935e-01 1.337e+05
1.877e-01 1.434e+05
2.504e-01 7.320e+04
1.941e-01 1.380e+05
1.961e-01 1.344e+05
1.994e-01 1.312e+05
1.872e-01 1.435e+05
2.016e-01 1.366e+05
1.950e-01 1.360e+05
1.932e-01 1.358e+05
1.944e-01 1.343e+05
1.993e-01 1.393e+05
1.922e-01 1.436e+05
1.966e-01 1.423e+05
1.993e-01 1.178e+05
1.932e-01 1.351e+05
1.957e-01 1.353e+05
1.956e-01 1.371e+05
2.316e-01 8.097e+04
2.002e-01 1.353e+05
1.920e-01 1.409e+05
1.976e-01 1.355e+05
1.941e-01 1.374e+05
2.137e-01 9.275e+04
1.876e-01 1.360e+05
1.940e-01 1.402e+05
1.958e-01 1.366e+05
1.874e-01 1.501e+05
1.919e-01 1.425e+05
1.954e-01 1.317e+05
2.044e-01 1.264e+05
1.934e-01 1.379e+05
1.994e-01 1.375e+05
1.882e-01 1.440e+05
1.978e-01 1.384e+05
1.896e-01 1.440e+05
1.946e-01 1.441e+05
1.955e-01 1.391e+05
1.901e-01 1.420e+05
1.930e-01 1.348e+05
2.119e-01 1.046e+05
1.982e-01 1.338e+05
1.892e-01 1.445e+05
1.977e-01 1.419e+05
1.889e-01 1.347e+05
1.907e-01 1.448e+05
1.946e-01 1.376e+05
1.892e-01 1.404e+05
1.983e-01 1.302e+05
1.928e-01 1.419e+05
1.878e-01 1.479e+05
1.960e-01 1.441e+05
1.964e-01 1.425e+05
1.936e-01 1.378e+05
1.878e-01 1.453e+05
1.884e-01 1.454e+05
2.197e-01 1.105e+05
1.922e-01 1.474e+05
1.934e-01 1.369e+05
2.230e-01 1.025e+05
1.983e-01 1.377e+05
1.947e-01 1.377e+05
1.952e-01 1.372e+05
1.931e-01 1.451e+05
1.962e-01 1.373e+05
1.923e-01 1.473e+05
1.888e-01 1.457e+05
1.925e-01 1.371e+05
1.963e-01 1.389e+05
1.926e-01 1.395e+05
2.236e-01 9.131e+04
1.973e-01 1.420e+05
1.954e-01 1.391e+05
1.951e-01 1.397e+05
1.957e-01 1.391e+05
1.930e-01 1.410e+05
1.982e-01 1.358e+05
1.917e-01 1.429e+05
1.888e-01 1.422e+05
1.945e-01 1.415e+05
1.963e-01 1.315e+05
2.182e-01 9.382e+04
1.915e-01 1.422e+05
1.933e-01 1.424e+05
2.084e-01 1.140e+05
1.966e-01 1.208e+05
1.942e-01 1.402e+05
1.989e-01 1.335e+05
1.889e-01 1.494e+05
1.913e-01 1.440e+05
1.929e-01 1.429e+05
1.937e-01 1.398e+05
1.885e-01 1.420e+05
1.981e-01 1.339e+05
1.987e-01 1.370e+05
2.119e-01 9.243e+04
2.028e-01 1.353e+05
1.947e-01 1.395e+05
1.869e-01 1.426e+05
1.904e-01 1.362e+05
1.941e-01 1.444e+05
1.901e-01 1.395e+05
1.960e-01 1.396e+05
2.229e-01 1.010e+05
1.913e-01 1.360e+05
1.932e-01 1.397e+05
1.930e-01 1.343e+05
1.941e-01 1.385e+05
1.896e-01 1.491e+05
1.926e-01 1.397e+05
1.944e-01 1.322e+05
2.059e-01 1.113e+05
1.918e-01 1.411e+05
2.333e-01 7.307e+04
1.917e-01 1.442e+05
1.906e-01 1.415e+05
1.887e-01 1.502e+05
2.077e-01 1.235e+05
1.991e-01 1.330e+05
1.925e-01 1.417e+05
2.382e-01 8.474e+04
1.896e-01 1.479e+05
1.885e-01 1.501e+05
1.937e-01 1.432e+05
1.917e-01 1.463e+05
1.930e-01 1.375e+05
1.905e-01 1.437e+05
1.894e-01 1.410e+05
1.874e-01 1.483e+05
1.932e-01 1.395e+05
1.947e-01 1.418e+05
1.905e-01 1.397e+05
1.961e-01 1.326e+05
2.303e-01 9.037e+04
1.911e-01 1.464e+05
2.326e-01 8.027e+04
1.877e-01 1.494e+05
1.952e-01 1.398e+05
1.895e-01 1.437e+05
1.972e-01 1.409e+05
1.924e-01 1.364e+05
1.866e-01 1.458e+05
2.337e-01 8.409e+04
1.888e-01 1.419e+05
1.863e-01 1.441e+05
1.932e-01 1.418e+05
1.922e-01 1.335e+05
1.955e-01 1.394e+05
1.930e-01 1.310e+05
2.064e-01 1.208e+05
1.883e-01 1.404e+05
1.984e-01 1.359e+05
1.947e-01 1.397e+05
1.924e-01 1.361e+05
1.980e-01 1.348e+05
2.186e-01 8.925e+04
1.890e-01 1.440e+05
1.912e-01 1.398e+05
1.898e-01 1.484e+05
1.880e-01 1.407e+05
1.960e-01 1.353e+05
1.931e-01 1.414e+05
1.934e-01 1.397e+05
1.953e-01 1.350e+05
1.961e-01 1.407e+05
1.882e-01 1.358e+05
1.913e-01 1.420e+05
2.221e-01 1.024e+05
1.920e-01 1.422e+05
1.919e-01 1.447e+05
1.882e-01 1.457e+05
1.941e-01 1.431e+05
1.869e-01 1.431e+05
1.920e-01 1.433e+05
1.877e-01 1.366e+05
1.902e-01 1.435e+05
1.905e-01 1.426e+05
1.939e-01 1.404e+05
1.961e-01 1.245e+05
2.287e-01 8.335e+04
1.915e-01 1.444e+05
1.925e-01 1.408e+05
2.285e-01 7.984e+04
1.960e-01 1.384e+05
2.106e-01 1.179e+05
1.940e-01 1.413e+05
1.944e-01 1.369e+05
1.902e-01 1.338e+05
1.925e-01 1.447e+05
1.988e-01 1.349e+05
2.170e-01 9.820e+04
2.039e-01 1.323e+05
1.911e-01 1.459e+05
2.050e-01 1.219e+05
1.869e-01 1.494e+05
1.995e-01 1.282e+05
1.986e-01 1.305e+05
1.971e-01 1.332e+05
1.914e-01 1.409e+05
1.918e-01 1.305e+05
1.986e-01 1.224e+05
2.378e-01 7.215e+04
1.963e-01 1.374e+05
1.882e-01 1.455e+05
1.938e-01 1.425e+05
1.917e-01 1.395e+05
1.923e-01 1.407e+05
2.164e-01 1.113e+05
1.968e-01 1.333e+05
1.960e-01 1.338e+05
1.984e-01 1.375e+05
2.134e-01 1.034e+05
1.900e-01 1.461e+05
1.930e-01 1.412e+05
1.889e-01 1.409e+05
1.927e-01 1.387e+05
1.957e-01 1.396e+05
1.881e-01 1.448e+05
1.934e-01 1.323e+05
1.958e-01 1.365e+05
1.961e-01 1.387e+05
1.958e-01 1.391e+05
1.924e-01 1.372e+05
1.915e-01 1.389e+05
1.950e-01 1.399e+05
2.005e-01 1.342e+05
1.913e-01 1.415e+05
1.925e-01 1.429e+05
1.917e-01 1.414e+05
1.955e-01 1.414e+05
1.984e-01 1.353e+05
1.880e-01 1.444e+05
1.909e-01 1.443e+05
1.878e-01 1.505e+05
1.932e-01 1.395e+05
1.920e-01 1.410e+05
1.890e-01 1.420e+05
1.912e-01 1.426e+05
1.908e-01 1.436e+05
1.940e-01 1.421e+05
1.994e-01 1.319e+05
1.904e-01 1.422e+05
1.963e-01 1.335e+05
1.975e-01 1.346e+05
1.988e-01 1.303e+05
1.928e-01 1.393e+05
1.934e-01 1.428e+05
1.930e-01 1.439e+05
1.883e-01 1.453e+05
1.958e-01 1.372e+05
2.000e-01 1.243e+05
1.982e-01 1.388e+05
1.922e-01 1.409e+05
1.915e-01 1.350e+05
1.979e-01 1.360e+05
1.958e-01 1.389e+05
1.894e-01 1.388e+05
1.874e-01 1.424e+05
2.090e-01 1.058e+05
1.966e-01 1.356e+05
1.883e-01 1.447e+05
1.914e-01 1.442e+05
2.002e-01 1.309e+05
1.928e-01 1.465e+05
1.904e-01 1.414e+05
1.892e-01 1.423e+05
1.942e-01 1.419e+05
1.903e-01 1.451e+05
1.889e-01 1.393e+05
1.972e-01 1.357e+05
2.264e-01 8.725e+04
2.064e-01 1.276e+05
1.991e-01 1.381e+05
2.133e-01 1.040e+05
1.929e-01 1.416e+05
1.951e-01 1.445e+05
1.882e-01 1.450e+05
1.933e-01 1.383e+05
1.937e-01 1.452e+05
1.919e-01 1.449e+05
1.861e-01 1.440e+05
1.952e-01 1.406e+05
2.056e-01 1.307e+05
2.055e-01 1.329e+05
1.928e-01 1.381e+05
2.051e-01 1.216e+05
1.985e-01 1.368e+05
1.915e-01 1.472e+05
1.875e-01 1.456e+05
1.909e-01 1.379e+05
1.971e-01 1.370e+05
1.956e-01 1.439e+05
1.910e-01 1.419e+05
2.144e-01 1.047e+05
1.968e-01 1.233e+05
2.109e-01 1.238e+05
1.871e-01 1.496e+05
1.965e-01 1.309e+05
1.937e-01 1.461e+05
2.076e-01 1.162e+05
1.913e-01 1.358e+05
2.223e-01 9.403e+04
1.953e-01 1.388e+05
1.982e-01 1.336e+05
1.890e-01 1.450e+05
1.936e-01 1.383e+05
1.894e-01 1.425e+05
1.989e-01 1.314e+05
1.879e-01 1.453e+05
1.956e-01 1.384e+05
1.969e-01 1.332e+05
1.952e-01 1.382e+05
1.890e-01 1.416e+05
2.137e-01 1.175e+05
1.877e-01 1.485e+05
2.009e-01 1.358e+05
1.892e-01 1.430e+05
1.974e-01 1.327e+05
1.888e-01 1.441e+05
1.930e-01 1.431e+05
1.885e-01 1.414e+05
2.190e-01 9.581e+04
1.887e-01 1.406e+05
1.897e-01 1.411e+05
1.915e-01 1.372e+05
1.876e-01 1.433e+05
1.939e-01 1.401e+05
1.882e-01 1.427e+05
1.929e-01 1.449e+05
1.911e-01 1.433e+05
1.902e-01 1.447e+05
1.987e-01 1.331e+05
1.877e-01 1.434e+05
1.866e-01 1.483e+05
1.961e-01 1.436e+05
1.928e-01 1.413e+05
1.944e-01 1.339e+05
1.949e-01 1.412e+05
1.924e-01 1.241e+05
2.159e-01 1.013e+05
1.885e-01 1.397e+05
1.966e-01 1.342e+05
1.936e-01 1.366e+05
2.030e-01 1.272e+05
2.063e-01 1.235e+05
2.220e-01 8.241e+04
1.866e-01 1.458e+05
2.090e-01 1.285e+05
2.135e-01 1.157e+05
1.919e-01 1.381e+05
1.933e-01 1.427e+05
1.982e-01 1.371e+05
1.888e-01 1.423e+05
1.973e-01 1.357e+05
1.949e-01 1.359e+05
2.241e-01 9.348e+04
1.935e-01 1.370e+05
1.925e-01 1.412e+05
1.911e-01 1.408e+05
1.907e-01 1.439e+05
2.178e-01 8.302e+04
1.927e-01 1.439e+05
1.938e-01 1.366e+05
1.964e-01 1.354e+05
1.916e-01 1.439e+05
1.890e-01 1.436e+05
1.973e-01 1.420e+05
1.887e-01 1.425e+05
2.074e-01 1.070e+05
1.894e-01 1.374e+05
2.130e-01 1.155e+05
2.063e-01 1.274e+05
2.094e-01 1.097e+05
1.946e-01 1.447e+05
2.122e-01 8.686e+04
1.949e-01 1.373e+05
1.914e-01 1.364e+05
1.950e-01 1.422e+05
1.952e-01 1.390e+05
1.910e-01 1.424e+05
1.907e-01 1.433e+05
1.914e-01 1.449e+05
1.968e-01 1.426e+05
1.909e-01 1.420e+05
1.913e-01 1.374e+05
1.890e-01 1.374e+05
1.888e-01 1.441e+05
1.956e-01 1.433e+05
1.872e-01 1.464e+05
1.925e-01 1.386e+05
1.957e-01 1.411e+05
2.013e-01 1.178e+05
1.967e-01 1.313e+05
1.948e-01 1.346e+05
1.959e-01 1.435e+05
1.947e-01 1.426e+05
1.963e-01 1.386e+05
1.924e-01 1.393e+05
1.955e-01 1.363e+05
1.879e-01 1.376e+05
1.944e-01 1.412e+05
2.087e-01 1.135e+05
2.181e-01 9.880e+04
2.256e-01 8.196e+04
1.923e-01 1.445e+05
2.292e-01 8.964e+04
1.877e-01 1.444e+05
2.191e-01 1.087e+05
1.966e-01 1.370e+05
1.963e-01 1.346e+05
1.911e-01 1.425e+05
1.913e-01 1.404e+05
1.918e-01 1.374e+05
2.066e-01 1.203e+05
2.067e-01 1.140e+05
1.956e-01 1.330e+05
1.941e-01 1.406e+05
1.915e-01 1.450e+05
2.133e-01 1.097e+05
1.919e-01 1.405e+05
1.880e-01 1.447e+05
1.859e-01 1.449e+05
1.924e-01 1.414e+05
1.981e-01 1.344e+05
1.885e-01 1.399e+05
1.926e-01 1.413e+05
1.930e-01 1.403e+05
2.029e-01 1.245e+05
1.931e-01 1.400e+05
2.098e-01 9.833e+04
1.924e-01 1.361e+05
1.886e-01 1.444e+05
1.900e-01 1.463e+05
1.951e-01 1.417e+05
1.993e-01 1.342e+05
1.889e-01 1.386e+05
1.948e-01 1.386e+05
1.914e-01 1.357e+05
1.975e-01 1.307e+05
2.300e-01 7.490e+04
1.869e-01 1.410e+05
1.958e-01 1.343e+05
1.874e-01 1.495e+05
1.947e-01 1.410e+05
1.895e-01 1.415e+05
1.921e-01 1.426e+05
2.036e-01 1.323e+05
1.983e-01 1.328e+05
1.967e-01 1.231e+05
1.937e-01 1.382e+05
1.976e-01 1.395e+05
1.933e-01 1.442e+05
1.956e-01 1.413e+05
1.932e-01 1.357e+05
1.970e-01 1.396e+05
1.901e-01 1.407e+05
2.055e-01 1.284e+05
1.973e-01 1.314e+05
1.960e-01 1.336e+05
1.971e-01 1.160e+05
1.936e-01 1.421e+05
1.946e-01 1.456e+05
1.933e-01 1.310e+05
2.029e-01 1.287e+05
1.972e-01 1.351e+05
1.939e-01 1.395e+05
1.916e-01 1.390e+05
1.876e-01 1.464e+05
1.882e-01 1.462e+05
1.959e-01 1.439e+05
1.918e-01 1.455e+05
1.951e-01 1.417e+05
1.978e-01 1.379e+05
1.952e-01 1.360e+05
1.908e-01 1.371e+05
1.930e-01 1.428e+05
1.962e-01 1.360e+05
2.169e-01 9.154e+04
2.131e-01 8.190e+04
1.910e-01 1.443e+05
1.986e-01 1.255e+05
1.877e-01 1.425e+05
2.377e-01 7.190e+04
1.918e-01 1.412e+05
1.897e-01 1.400e+05
1.958e-01 1.425e+05
1.935e-01 1.413e+05
1.885e-01 1.461e+05
1.945e-01 1.329e+05
1.907e-01 1.340e+05
1.902e-01 1.360e+05
1.970e-01 1.331e+05
1.962e-01 1.398e+05
1.887e-01 1.428e+05
1.920e-01 1.429e+05
2.198e-01 9.223e+04
2.260e-01 8.677e+04
1.937e-01 1.419e+05
2.028e-01 1.304e+05
1.895e-01 1.437e+05
2.003e-01 1.336e+05
1.886e-01 1.440e+05
1.938e-01 1.357e+05
1.874e-01 1.380e+05
1.899e-01 1.343e+05
2.001e-01 1.235e+05
1.990e-01 1.354e+05
1.947e-01 1.407e+05
1.923e-01 1.466e+05
1.892e-01 1.440e+05
1.909e-01 1.381e+05
1.957e-01 1.389e+05
1.962e-01 1.422e+05
1.893e-01 1.466e+05
1.865e-01 1.442e+05
1.880e-01 1.445e+05
1.954e-01 1.411e+05
1.873e-01 1.422e+05
1.985e-01 1.339e+05
1.872e-01 1.478e+05
2.320e-01 9.164e+04
1.872e-01 1.496e+05
1.912e-01 1.385e+05
1.975e-01 1.315e+05
1.944e-01 1.420e+05
2.007e-01 1.309e+05
2.032e-01 1.282e+05
1.862e-01 1.443e+05
1.952e-01 1.352e+05
1.919e-01 1.454e+05
1.895e-01 1.417e+05
1.903e-01 1.383e+05
1.947e-01 1.406e+05
1.960e-01 1.398e+05
1.877e-01 1.388e+05
1.962e-01 1.432e+05
1.934e-01 1.310e+05
1.871e-01 1.407e+05
1.974e-01 1.426e+05
1.879e-01 1.505e+05
1.906e-01 1.382e+05
2.151e-01 9.320e+04
1.880e-01 1.417e+05
1.918e-01 1.389e+05
1.911e-01 1.385e+05
1.991e-01 1.322e+05
1.892e-01 1.407e+05
1.913e-01 1.426e+05
1.980e-01 1.342e+05
2.024e-01 1.281e+05
1.947e-01 1.404e+05
1.998e-01 1.375e+05
1.987e-01 1.371e+05
1.931e-01 1.404e+05
2.329e-01 7.793e+04
2.374e-01 7.085e+04
1.968e-01 1.349e+05
1.911e-01 1.449e+05
1.903e-01 1.359e+05
1.948e-01 1.374e+05
1.893e-01 1.428e+05
1.913e-01 1.434e+05
1.893e-01 1.407e+05
1.947e-01 1.352e+05
1.861e-01 1.441e+05
1.974e-01 1.359e+05
1.929e-01 1.447e+05
1.917e-01 1.464e+05
1.924e-01 1.329e+05
1.876e-01 1.476e+05
2.194e-01 8.803e+04
1.966e-01 1.296e+05
1.930e-01 1.381e+05
1.887e-01 1.420e+05
2.317e-01 9.205e+04
1.979e-01 1.344e+05
1.889e-01 1.401e+05
1.936e-01 1.406e+05
1.860e-01 1.445e+05
1.936e-01 1.346e+05
1.881e-01 1.495e+05
1.928e-01 1.419e+05
1.888e-01 1.446e+05
1.986e-01 1.339e+05
1.901e-01 1.418e+05
1.913e-01 1.429e+05
1.904e-01 1.355e+05
1.945e-01 1.398e+05
1.936e-01 1.366e+05
1.951e-01 1.369e+05
2.324e-01 9.382e+04
2.133e-01 9.776e+04
1.917e-01 1.470e+05
1.916e-01 1.430e+05
2.284e-01 8.354e+04
1.907e-01 1.359e+05
1.896e-01 1.368e+05
2.300e-01 8.006e+04
1.910e-01 1.391e+05
2.355e-01 8.342e+04
1.934e-01 1.333e+05
1.902e-01 1.349e+05
1.892e-01 1.474e+05
1.957e-01 1.311e+05
1.876e-01 1.431e+05
1.880e-01 1.411e+05
2.004e-01 1.352e+05
1.922e-01 1.370e+05
1.910e-01 1.385e+05
1.927e-01 1.364e+05
1.991e-01 1.330e+05
1.969e-01 1.395e+05
1.966e-01 1.435e+05
1.932e-01 1.391e+05
1.903e-01 1.376e+05
1.897e-01 1.408e+05
2.185e-01 9.932e+04
2.337e-01 8.337e+04
2.051e-01 1.300e+05
1.940e-01 1.349e+05
1.935e-01 1.419e+05
1.929e-01 1.424e+05
1.976e-01 1.194e+05
2.332e-01 7.956e+04
1.936e-01 1.388e+05
1.919e-01 1.388e+05
1.948e-01 1.393e+05
1.878e-01 1.452e+05
1.982e-01 1.347e+05
1.900e-01 1.377e+05
1.892e-01 1.494e+05
1.934e-01 1.436e+05
1.935e-01 1.353e+05
1.927e-01 1.412e+05
1.929e-01 1.426e+05
1.993e-01 1.358e+05
2.226e-01 1.094e+05
1.926e-01 1.403e+05
1.911e-01 1.416e+05
2.175e-01 1.040e+05
2.239e-01 8.550e+04
1.929e-01 1.427e+05
1.902e-01 1.402e+05
1.892e-01 1.438e+05
1.924e-01 1.387e+05
1.938e-01 1.360e+05
1.930e-01 1.420e+05
1.876e-01 1.361e+05
2.120e-01 1.180e+05
1.934e-01 1.313e+05
1.896e-01 1.413e+05
1.976e-01 1.320e+05
1.955e-01 1.347e+05
1.900e-01 1.413e+05
2.043e-01 1.180e+05
2.108e-01 1.174e+05
1.947e-01 1.364e+05
1.862e-01 1.468e+05
2.012e-01 1.359e+05
1.893e-01 1.420e+05
2.009e-01 1.360e+05
1.907e-01 1.449e+05
1.937e-01 1.418e+05
1.992e-01 1.305e+05
1.970e-01 1.430e+05
1.891e-01 1.487e+05
1.944e-01 1.351e+05
2.042e-01 1.275e+05
1.935e-01 1.395e+05
1.938e-01 1.373e+05
1.993e-01 1.330e+05
2.050e-01 1.276e+05
1.861e-01 1.418e+05
1.977e-01 1.393e+05
1.979e-01 1.340e+05
1.933e-01 1.415e+05
1.951e-01 1.381e+05
1.894e-01 1.494e+05
1.935e-01 1.424e+05
1.955e-01 1.392e+05
1.930e-01 1.410e+05
1.991e-01 1.300e+05
1.923e-01 1.355e+05
1.977e-01 1.360e+05
1.913e-01 1.384e+05
1.946e-01 1.351e+05
1.966e-01 1.369e+05
1.923e-01 1.440e+05
1.976e-01 1.308e+05
2.008e-01 1.373e+05
1.958e-01 1.348e+05
2.027e-01 1.321e+05
1.881e-01 1.426e+05
1.932e-01 1.449e+05
1.967e-01 1.361e+05
2.352e-01 7.278e+04
2.310e-01 8.595e+04
1.954e-01 1.389e+05
1.970e-01 1.378e+05
1.907e-01 1.410e+05
1.884e-01 1.399e+05
2.084e-01 1.041e+05
1.936e-01 1.402e+05
1.928e-01 1.441e+05
1.912e-01 1.394e+05
1.917e-01 1.396e+05
1.958e-01 1.439e+05
2.112e-01 1.079e+05
2.047e-01 1.090e+05
1.937e-01 1.358e+05
1.932e-01 1.433e+05
1.939e-01 1.444e+05
1.956e-01 1.401e+05
1.912e-01 1.436e+05
1.921e-01 1.412e+05
2.012e-01 1.314e+05
1.921e-01 1.415e+05
1.930e-01 1.437e+05
1.881e-01 1.455e+05
1.956e-01 1.363e+05
1.927e-01 1.401e+05
1.938e-01 1.389e+05
1.887e-01 1.461e+05
1.930e-01 1.406e+05
1.914e-01 1.421e+05
1.931e-01 1.442e+05
1.872e-01 1.425e+05
1.987e-01 1.271e+05
1.927e-01 1.350e+05
1.944e-01 1.407e+05
1.974e-01 1.285e+05
1.887e-01 1.416e+05
2.087e-01 1.125e+05
1.963e-01 1.382e+05
2.331e-01 7.593e+04
1.935e-01 1.369e+05
1.966e-01 1.400e+05
2.318e-01 9.641e+04
1.968e-01 1.299e+05
1.899e-01 1.381e+05
2.253e-01 7.721e+04
1.862e-01 1.441e+05
1.895e-01 1.392e+05
2.299e-01 8.271e+04
1.916e-01 1.365e+05
2.029e-01 1.119e+05
2.365e-01 6.853e+04
2.344e-01 8.406e+04
1.907e-01 1.408e+05
2.364e-01 7.723e+04
1.898e-01 1.409e+05
1.871e-01 1.486e+05
2.020e-01 1.290e+05
1.887e-01 1.423e+05
1.903e-01 1.423e+05
1.940e-01 1.414e+05
1.947e-01 1.330e+05
1.907e-01 1.417e+05
1.981e-01 1.358e+05
1.871e-01 1.445e+05
1.898e-01 1.440e+05
2.188e-01 9.730e+04
2.405e-01 7.923e+04
2.183e-01 8.588e+04
2.066e-01 1.218e+05
1.887e-01 1.384e+05
2.220e-01 1.010e+05
2.126e-01 1.064e+05
2.157e-01 1.054e+05
2.085e-01 1.134e+05
1.953e-01 1.382e+05
2.305e-01 7.366e+04
1.928e-01 1.405e+05
1.983e-01 1.402e+05
1.923e-01 1.446e+05
1.949e-01 1.374e+05
1.957e-01 1.365e+05
1.922e-01 1.423e+05
1.964e-01 1.290e+05
1.899e-01 1.408e+05
1.932e-01 1.451e+05
1.953e-01 1.381e+05
1.953e-01 1.438e+05
1.889e-01 1.491e+05
1.961e-01 1.389e+05
1.866e-01 1.480e+05
1.898e-01 1.399e+05
1.905e-01 1.394e+05
1.900e-01 1.499e+05
1.955e-01 1.403e+05
1.938e-01 1.387e+05
1.937e-01 1.340e+05
1.948e-01 1.434e+05
1.883e-01 1.421e+05
1.884e-01 1.489e+05
1.940e-01 1.400e+05
1.949e-01 1.402e+05
2.141e-01 9.573e+04
1.974e-01 1.394e+05
1.868e-01 1.431e+05
2.128e-01 9.911e+04
1.933e-01 1.431e+05
1.988e-01 1.321e+05
1.935e-01 1.375e+05
1.865e-01 1.419e+05
1.861e-01 1.486e+05
1.932e-01 1.414e+05
1.861e-01 1.469e+05
2.083e-01 1.079e+05
1.880e-01 1.419e+05
1.966e-01 1.319e+05
1.979e-01 1.335e+05
1.975e-01 1.301e+05
1.898e-01 1.445e+05
2.301e-01 9.350e+04
1.955e-01 1.342e+05
1.888e-01 1.486e+05
2.015e-01 1.256e+05
2.078e-01 1.186e+05
1.902e-01 1.434e+05
1.869e-01 1.414e+05
2.122e-01 1.110e+05
1.962e-01 1.383e+05
2.197e-01 9.087e+04
2.007e-01 1.291e+05
1.934e-01 1.338e+05
1.969e-01 1.350e+05
1.942e-01 1.422e+05
1.960e-01 1.368e+05
1.871e-01 1.481e+05
1.894e-01 1.429e+05
1.987e-01 1.337e+05
1.946e-01 1.387e+05
2.006e-01 1.274e+05
1.995e-01 1.095e+05
1.927e-01 1.416e+05
1.889e-01 1.440e+05
1.930e-01 1.428e+05
1.950e-01 1.364e+05
1.905e-01 1.420e+05
1.923e-01 1.415e+05
2.272e-01 8.327e+04
1.911e-01 1.446e+05
1.863e-01 1.437e+05
2.015e-01 1.354e+05
1.870e-01 1.474e+05
1.929e-01 1.439e+05
1.967e-01 1.352e+05
1.900e-01 1.457e+05
1.988e-01 1.344e+05
1.920e-01 1.409e+05
1.901e-01 1.465e+05
1.920e-01 1.398e+05
1.917e-01 1.428e+05
2.012e-01 1.281e+05
2.359e-01 7.333e+04
1.912e-01 1.419e+05
1.959e-01 1.365e+05
1.916e-01 1.430e+05
1.900e-01 1.436e+05
1.901e-01 1.494e+05
1.946e-01 1.379e+05
1.936e-01 1.388e+05
1.920e-01 1.436e+05
1.883e-01 1.430e+05
2.004e-01 1.371e+05
1.913e-01 1.400e+05
1.938e-01 1.203e+05
1.950e-01 1.336e+05
1.991e-01 1.364e+05
1.901e-01 1.438e+05
1.956e-01 1.410e+05
1.907e-01 1.468e+05
1.886e-01 1.432e+05
1.882e-01 1.467e+05
1.950e-01 1.400e+05
1.951e-01 1.307e+05
1.939e-01 1.414e+05
1.919e-01 1.433e+05
1.889e-01 1.451e+05
1.880e-01 1.499e+05
1.915e-01 1.429e+05
1.962e-01 1.381e+05
1.940e-01 1.378e+05
2.153e-01 9.794e+04
1.893e-01 1.421e+05
2.278e-01 8.637e+04
2.010e-01 1.328e+05
1.902e-01 1.318e+05
1.925e-01 1.325e+05
1.925e-01 1.441e+05
2.136e-01 1.103e+05
1.917e-01 1.436e+05
1.932e-01 1.343e+05
1.955e-01 1.369e+05
1.930e-01 1.368e+05
1.906e-01 1.414e+05
1.900e-01 1.325e+05
1.948e-01 1.391e+05
1.907e-01 1.401e+05
2.182e-01 1.041e+05
2.024e-01 1.357e+05
2.327e-01 7.341e+04
1.958e-01 1.405e+05
1.905e-01 1.392e+05
1.960e-01 1.398e+05
1.966e-01 1.393e+05
1.886e-01 1.376e+05
1.894e-01 1.404e+05
1.941e-01 1.336e+05
1.935e-01 1.324e+05
2.180e-01 1.134e+05
1.958e-01 1.388e+05
1.929e-01 1.442e+05
1.917e-01 1.379e+05
1.970e-01 1.322e+05
2.322e-01 7.227e+04
1.916e-01 1.401e+05
1.864e-01 1.474e+05
1.894e-01 1.395e+05
1.943e-01 1.364e+05
1.865e-01 1.444e+05
1.929e-01 1.472e+05
2.208e-01 8.435e+04
2.001e-01 1.382e+05
1.871e-01 1.484e+05
1.959e-01 1.360e+05
1.956e-01 1.397e+05
2.145e-01 1.018e+05
1.899e-01 1.460e+05
1.989e-01 1.301e+05
1.984e-01 1.345e+05
1.913e-01 1.413e+05
2.016e-01 1.332e+05
1.958e-01 1.369e+05
1.928e-01 1.411e+05
2.047e-01 1.218e+05
1.885e-01 1.485e+05
1.944e-01 1.415e+05
1.897e-01 1.365e+05
1.941e-01 1.410e+05
1.935e-01 1.413e+05
2.041e-01 1.170e+05
1.924e-01 1.433e+05
1.951e-01 1.377e+05
2.366e-01 7.621e+04
1.948e-01 1.411e+05
1.907e-01 1.368e+05
1.921e-01 1.439e+05
1.973e-01 1.315e+05
1.926e-01 1.369e+05
1.911e-01 1.428e+05
1.978e-01 1.388e+05
1.966e-01 1.407e+05
1.880e-01 1.500e+05
1.962e-01 1.357e+05
1.883e-01 1.475e+05
1.867e-01 1.463e+05
1.937e-01 1.403e+05
2.014e-01 1.348e+05
1.926e-01 1.365e+05
2.075e-01 1.135e+05
1.910e-01 1.410e+05
1.938e-01 1.329e+05
2.002e-01 1.229e+05
1.871e-01 1.410e+05
1.868e-01 1.461e+05
1.948e-01 1.369e+05
2.226e-01 8.594e+04
1.882e-01 1.488e+05
1.950e-01 1.363e+05
1.955e-01 1.425e+05
1.931e-01 1.392e+05
1.993e-01 1.290e+05
1.924e-01 1.385e+05
1.972e-01 1.376e+05
1.970e-01 1.372e+05
1.981e-01 1.151e+05
1.998e-01 1.261e+05
2.052e-01 1.051e+05
1.954e-01 1.313e+05
1.922e-01 1.402e+05
2.030e-01 1.355e+05
1.942e-01 1.425e+05
1.973e-01 1.384e+05
1.960e-01 1.394e+05
1.949e-01 1.346e+05
1.984e-01 1.326e+05
1.947e-01 1.427e+05
1.902e-01 1.416e+05
1.902e-01 1.438e+05
1.987e-01 1.362e+05
1.934e-01 1.360e+05
1.877e-01 1.403e+05
1.889e-01 1.434e+05
2.041e-01 1.188e+05
2.004e-01 1.371e+05
1.923e-01 1.432e+05
1.938e-01 1.369e+05
1.920e-01 1.387e+05
1.963e-01 1.395e+05
2.203e-01 9.114e+04
1.957e-01 1.374e+05
1.876e-01 1.441e+05
1.971e-01 1.416e+05
2.192e-01 8.048e+04
1.873e-01 1.452e+05
2.033e-01 1.073e+05
1.926e-01 1.408e+05
1.931e-01 1.264e+05
1.978e-01 1.377e+05
2.291e-01 8.858e+04
1.934e-01 1.417e+05
1.922e-01 1.420e+05
1.916e-01 1.406e+05
1.984e-01 1.343e+05
1.945e-01 1.372e+05
2.241e-01 8.957e+04
1.901e-01 1.417e+05
1.942e-01 1.358e+05
1.931e-01 1.418e+05
1.869e-01 1.441e+05
1.922e-01 1.406e+05
1.925e-01 1.396e+05
1.998e-01 1.356e+05
2.090e-01 9.988e+04
1.936e-01 1.372e+05
1.870e-01 1.471e+05
1.950e-01 1.344e+05
1.975e-01 1.368e+05
2.011e-01 1.309e+05
1.945e-01 1.451e+05
1.929e-01 1.387e+05
1.901e-01 1.428e+05
1.933e-01 1.472e+05
1.944e-01 1.385e+05
1.998e-01 1.339e+05
1.921e-01 1.379e+05
1.915e-01 1.432e+05
1.956e-01 1.372e+05
1.947e-01 1.416e+05
1.958e-01 1.401e+05
1.948e-01 1.396e+05
1.859e-01 1.453e+05
2.148e-01 9.877e+04
2.079e-01 1.298e+05
1.887e-01 1.435e+05
1.883e-01 1.455e+05
1.956e-01 1.377e+05
1.881e-01 1.409e+05
1.862e-01 1.467e+05
1.882e-01 1.441e+05
1.934e-01 1.390e+05
1.895e-01 1.419e+05
2.042e-01 1.223e+05
1.920e-01 1.460e+05
1.943e-01 1.428e+05
1.954e-01 1.363e+05
1.885e-01 1.492e+05
1.920e-01 1.346e+05
1.957e-01 1.338e+05
2.119e-01 9.927e+04
1.875e-01 1.469e+05
1.946e-01 1.387e+05
1.916e-01 1.426e+05
1.974e-01 1.417e+05
1.923e-01 1.358e+05
1.941e-01 1.458e+05
1.890e-01 1.436e+05
1.866e-01 1.475e+05
1.906e-01 1.403e+05
2.318e-01 9.041e+04
1.960e-01 1.401e+05
1.955e-01 1.422e+05
1.918e-01 1.427e+05
2.003e-01 1.345e+05
1.949e-01 1.275e+05
1.965e-01 1.403e+05
2.192e-01 1.072e+05
1.891e-01 1.434e+05
1.981e-01 1.341e+05
1.925e-01 1.361e+05
2.211e-01 1.010e+05
1.877e-01 1.467e+05
2.111e-01 1.188e+05
1.946e-01 1.369e+05
1.892e-01 1.402e+05
2.130e-01 1.011e+05
1.921e-01 1.400e+05
1.885e-01 1.428e+05
1.959e-01 1.362e+05
1.940e-01 1.406e+05
2.302e-01 7.481e+04
1.925e-01 1.426e+05
1.915e-01 1.473e+05
1.962e-01 1.404e+05
1.966e-01 1.357e+05
1.961e-01 1.343e+05
1.901e-01 1.363e+05
1.943e-01 1.416e+05
1.894e-01 1.425e+05
1.988e-01 1.279e+05
1.958e-01 1.348e+05
1.908e-01 1.437e+05
1.907e-01 1.430e+05
1.928e-01 1.445e+05
1.930e-01 1.392e+05
1.920e-01 1.432e+05
1.946e-01 1.335e+05
1.916e-01 1.478e+05
1.966e-01 1.355e+05
2.041e-01 1.297e+05
2.005e-01 1.353e+05
1.876e-01 1.447e+05
1.941e-01 1.398e+05
1.891e-01 1.469e+05
2.009e-01 1.261e+05
1.956e-01 1.363e+05
1.921e-01 1.424e+05
1.935e-01 1.354e+05
1.922e-01 1.419e+05
2.151e-01 1.134e+05
1.958e-01 1.387e+05
1.959e-01 1.308e+05
1.861e-01 1.477e+05
1.925e-01 1.429e+05
1.922e-01 1.435e+05
2.056e-01 1.137e+05
1.890e-01 1.416e+05
1.870e-01 1.454e+05
1.897e-01 1.475e+05
2.271e-01 8.809e+04
2.005e-01 1.311e+05
1.939e-01 1.308e+05
1.946e-01 1.247e+05
1.911e-01 1.417e+05
1.911e-01 1.472e+05
1.939e-01 1.405e+05
1.901e-01 1.427e+05
1.979e-01 1.401e+05
2.142e-01 1.133e+05
1.938e-01 1.354e+05
1.953e-01 1.375e+05
1.920e-01 1.387e+05
1.880e-01 1.436e+05
1.927e-01 1.398e+05
2.024e-01 1.371e+05
1.915e-01 1.424e+05
1.976e-01 1.427e+05
1.970e-01 1.342e+05
1.948e-01 1.336e+05
2.004e-01 1.273e+05
1.922e-01 1.420e+05
1.907e-01 1.450e+05
2.007e-01 1.320e+05
2.019e-01 1.360e+05
1.965e-01 1.337e+05
2.139e-01 1.143e+05
1.964e-01 1.380e+05
1.934e-01 1.385e+05
1.911e-01 1.482e+05
1.913e-01 1.431e+05
1.924e-01 1.440e+05
1.939e-01 1.285e+05
1.923e-01 1.450e+05
1.917e-01 1.429e+05
1.953e-01 1.377e+05
2.263e-01 1.038e+05
2.114e-01 1.070e+05
1.989e-01 1.349e+05
1.931e-01 1.384e+05
1.933e-01 1.407e+05
1.911e-01 1.462e+05
1.908e-01 1.428e+05
1.934e-01 1.369e+05
2.018e-01 1.322e+05
2.009e-01 1.305e+05
1.998e-01 1.301e+05
1.896e-01 1.428e+05
1.923e-01 1.426e+05
1.930e-01 1.426e+05
1.985e-01 1.349e+05
1.887e-01 1.368e+05
1.961e-01 1.413e+05
1.876e-01 1.415e+05
1.968e-01 1.397e+05
1.875e-01 1.436e+05
1.938e-01 1.400e+05
1.929e-01 1.343e+05
1.912e-01 1.441e+05
2.009e-01 1.272e+05
1.910e-01 1.403e+05
1.951e-01 1.348e+05
1.981e-01 1.366e+05
1.872e-01 1.491e+05
1.984e-01 1.281e+05
2.005e-01 1.263e+05
1.998e-01 1.310e+05
1.964e-01 1.332e+05
1.955e-01 1.348e+05
1.940e-01 1.379e+05
1.972e-01 1.419e+05
1.907e-01 1.402e+05
1.916e-01 1.379e+05
2.047e-01 1.270e+05
1.935e-01 1.410e+05
1.952e-01 1.352e+05
1.897e-01 1.462e+05
1.883e-01 1.499e+05
1.885e-01 1.422e+05
1.903e-01 1.391e+05
1.882e-01 1.475e+05
1.904e-01 1.434e+05
1.871e-01 1.460e+05
1.877e-01 1.490e+05
1.951e-01 1.417e+05
1.983e-01 1.205e+05
1.949e-01 1.346e+05
1.929e-01 1.373e+05
1.884e-01 1.435e+05
1.919e-01 1.463e+05
1.956e-01 1.422e+05
1.957e-01 1.386e+05
1.886e-01 1.386e+05
2.219e-01 8.956e+04
1.887e-01 1.395e+05
1.997e-01 1.343e+05
1.877e-01 1.437e+05
1.974e-01 1.420e+05
1.905e-01 1.432e+05
1.955e-01 1.306e+05
1.936e-01 1.402e+05
1.903e-01 1.409e+05
1.902e-01 1.428e+05
1.895e-01 1.473e+05
1.877e-01 1.505e+05
1.901e-01 1.394e+05
1.885e-01 1.424e+05
1.949e-01 1.435e+05
1.910e-01 1.479e+05
1.938e-01 1.213e+05
2.006e-01 1.379e+05
1.941e-01 1.386e+05
1.951e-01 1.421e+05
1.887e-01 1.390e+05
1.946e-01 1.436e+05
1.866e-01 1.451e+05
1.943e-01 1.340e+05
1.948e-01 1.420e+05
1.958e-01 1.312e+05
1.948e-01 1.371e+05
1.912e-01 1.428e+05
2.407e-01 7.600e+04
1.957e-01 1.310e+05
2.135e-01 1.042e+05
1.927e-01 1.411e+05
1.896e-01 1.449e+05
1.936e-01 1.373e+05
1.913e-01 1.415e+05
2.101e-01 1.232e+05
2.052e-01 1.335e+05
1.964e-01 1.288e+05
1.885e-01 1.430e+05
2.112e-01 1.038e+05
1.965e-01 1.353e+05
1.994e-01 1.361e+05
1.927e-01 1.359e+05
1.921e-01 1.415e+05
1.895e-01 1.430e+05
1.910e-01 1.478e+05
1.891e-01 1.450e+05
1.936e-01 1.349e+05
1.939e-01 1.272e+05
1.899e-01 1.469e+05
1.899e-01 1.436e+05
1.903e-01 1.391e+05
1.926e-01 1.400e+05
1.895e-01 1.340e+05
1.925e-01 1.385e+05
1.935e-01 1.397e+05
1.962e-01 1.379e+05
1.946e-01 1.417e+05
1.902e-01 1.416e+05
1.889e-01 1.436e+05
1.938e-01 1.408e+05
2.097e-01 1.015e+05
1.919e-01 1.397e+05
2.013e-01 1.323e+05
1.926e-01 1.411e+05
1.977e-01 1.415e+05
1.927e-01 1.415e+05
1.864e-01 1.482e+05
1.964e-01 1.403e+05
1.901e-01 1.473e+05
1.945e-01 1.335e+05
1.873e-01 1.432e+05
1.902e-01 1.439e+05
1.969e-01 1.419e+05
1.918e-01 1.399e+05
2.008e-01 1.277e+05
1.983e-01 1.292e+05
1.910e-01 1.479e+05
1.899e-01 1.367e+05
2.096e-01 1.221e+05
1.947e-01 1.408e+05
1.974e-01 1.367e+05
2.131e-01 1.016e+05
1.933e-01 1.358e+05
2.260e-01 8.437e+04
1.862e-01 1.453e+05
1.971e-01 1.349e+05
1.972e-01 1.340e+05
1.942e-01 1.409e+05
1.925e-01 1.391e+05
2.118e-01 1.175e+05
1.907e-01 1.393e+05
1.903e-01 1.444e+05
1.902e-01 1.460e+05
1.965e-01 1.231e+05
2.191e-01 1.048e+05
1.938e-01 1.441e+05
2.019e-01 1.323e+05
1.871e-01 1.441e+05
1.888e-01 1.471e+05
1.993e-01 1.172e+05
1.904e-01 1.466e+05
1.881e-01 1.424e+05
1.917e-01 1.394e+05
1.931e-01 1.422e+05
1.919e-01 1.429e+05
1.939e-01 1.384e+05
1.951e-01 1.354e+05
1.971e-01 1.344e+05
2.003e-01 1.280e+05
1.898e-01 1.410e+05
1.897e-01 1.466e+05
2.137e-01 1.032e+05
2.173e-01 9.328e+04
2.033e-01 1.283e+05
1.891e-01 1.468e+05
1.936e-01 1.355e+05
1.924e-01 1.398e+05
2.174e-01 9.546e+04
2.002e-01 1.356e+05
1.950e-01 1.347e+05
2.200e-01 1.036e+05
2.128e-01 8.737e+04
2.228e-01 1.041e+05
1.889e-01 1.404e+05
1.962e-01 1.403e+05
2.028e-01 1.214e+05
1.904e-01 1.425e+05
1.910e-01 1.388e+05
1.991e-01 1.275e+05
2.070e-01 1.212e+05
1.967e-01 1.368e+05
1.888e-01 1.398e+05
1.925e-01 1.439e+05
1.902e-01 1.488e+05
1.884e-01 1.481e+05
1.960e-01 1.438e+05
2.270e-01 7.559e+04
1.957e-01 1.410e+05
1.925e-01 1.437e+05
2.193e-01 1.034e+05
1.983e-01 1.328e+05
1.883e-01 1.398e+05
1.909e-01 1.392e+05
1.988e-01 1.326e+05
2.016e-01 1.273e+05
1.939e-01 1.425e+05
2.259e-01 8.890e+04
1.904e-01 1.434e+05
1.926e-01 1.368e+05
2.040e-01 1.287e+05
1.909e-01 1.404e+05
1.941e-01 1.382e+05
2.131e-01 1.107e+05
1.931e-01 1.387e+05
2.127e-01 1.114e+05
1.961e-01 1.359e+05
1.940e-01 1.399e+05
1.932e-01 1.406e+05
1.953e-01 1.358e+05
1.930e-01 1.409e+05
1.874e-01 1.426e+05
1.974e-01 1.362e+05
1.938e-01 1.410e+05
1.963e-01 1.317e+05
1.864e-01 1.469e+05
2.024e-01 1.189e+05
1.923e-01 1.400e+05
1.992e-01 1.304e+05
1.936e-01 1.345e+05
1.901e-01 1.319e+05
2.091e-01 1.178e+05
1.950e-01 1.434e+05
1.962e-01 1.292e+05
1.949e-01 1.359e+05
2.001e-01 1.291e+05
1.945e-01 1.406e+05
2.212e-01 9.150e+04
2.114e-01 1.125e+05
2.285e-01 7.342e+04
1.887e-01 1.431e+05
2.199e-01 8.792e+04
1.965e-01 1.430e+05
2.228e-01 9.369e+04
1.908e-01 1.418e+05
1.983e-01 1.366e+05
1.906e-01 1.295e+05
2.401e-01 7.680e+04
1.896e-01 1.414e+05
1.867e-01 1.452e+05
1.933e-01 1.358e+05
1.947e-01 1.401e+05
1.919e-01 1.330e+05
1.910e-01 1.440e+05
1.980e-01 1.398e+05
1.927e-01 1.388e+05
2.000e-01 1.329e+05
1.932e-01 1.404e+05
1.897e-01 1.387e+05
1.914e-01 1.411e+05
1.924e-01 1.390e+05
1.931e-01 1.412e+05
1.946e-01 1.365e+05
1.944e-01 1.398e+05
1.916e-01 1.453e+05
1.905e-01 1.409e+05
1.945e-01 1.347e+05
1.964e-01 1.341e+05
1.875e-01 1.424e+05
1.898e-01 1.489e+05
1.891e-01 1.431e+05
2.284e-01 9.228e+04
1.938e-01 1.382e+05
1.988e-01 1.351e+05
1.960e-01 1.413e+05
2.015e-01 1.346e+05
1.933e-01 1.416e+05
1.932e-01 1.382e+05
1.951e-01 1.354e+05
1.990e-01 1.304e+05
2.191e-01 9.094e+04
2.287e-01 8.869e+04
2.293e-01 8.608e+04
2.006e-01 1.161e+05
2.056e-01 1.182e+05
1.948e-01 1.302e+05
1.981e-01 1.383e+05
1.944e-01 1.363e+05
1.919e-01 1.430e+05
1.861e-01 1.449e+05
1.947e-01 1.426e+05
2.016e-01 1.218e+05
1.952e-01 1.432e+05
1.914e-01 1.423e+05
1.925e-01 1.408e+05
1.954e-01 1.327e+05
2.016e-01 1.355e+05
1.954e-01 1.395e+05
1.955e-01 1.435e+05
1.913e-01 1.436e+05
2.356e-01 7.337e+04
1.918e-01 1.379e+05
1.945e-01 1.395e+05
1.948e-01 1.438e+05
2.284e-01 8.735e+04
1.958e-01 1.421e+05
1.950e-01 1.422e+05
2.030e-01 1.306e+05
1.973e-01 1.323e+05
1.987e-01 1.397e+05
1.914e-01 1.436e+05
1.914e-01 1.475e+05
1.956e-01 1.352e+05
1.909e-01 1.408e+05
1.933e-01 1.354e+05
1.901e-01 1.388e+05
1.963e-01 1.412e+05
1.936e-01 1.414e+05
2.067e-01 1.111e+05
1.892e-01 1.399e+05
1.939e-01 1.452e+05
1.921e-01 1.411e+05
1.993e-01 1.331e+05
1.887e-01 1.476e+05
1.908e-01 1.426e+05
2.046e-01 1.145e+05
1.881e-01 1.437e+05
1.959e-01 1.331e+05
1.914e-01 1.365e+05
1.945e-01 1.389e+05
1.961e-01 1.289e+05
1.934e-01 1.376e+05
1.960e-01 1.357e+05
1.997e-01 1.379e+05
1.902e-01 1.455e+05
1.996e-01 1.370e+05
1.959e-01 1.323e+05
1.924e-01 1.407e+05
1.965e-01 1.379e+05
1.972e-01 1.370e+05
1.941e-01 1.369e+05
1.972e-01 1.375e+05
1.947e-01 1.409e+05
1.926e-01 1.400e+05
2.403e-01 7.508e+04
1.992e-01 1.308e+05
1.891e-01 1.502e+05
1.914e-01 1.421e+05
1.875e-01 1.494e+05
1.961e-01 1.421e+05
1.922e-01 1.424e+05
1.911e-01 1.417e+05
1.928e-01 1.379e+05
1.859e-01 1.459e+05
1.960e-01 1.362e+05
1.989e-01 1.309e+05
1.974e-01 1.414e+05
2.105e-01 1.010e+05
1.955e-01 1.432e+05
1.916e-01 1.299e+05
1.979e-01 1.394e+05
2.374e-01 7.065e+04
1.902e-01 1.433e+05
2.186e-01 1.021e+05
2.378e-01 6.858e+04
1.896e-01 1.447e+05
1.930e-01 1.370e+05
1.902e-01 1.426e+05
1.943e-01 1.312e+05
1.928e-01 1.426e+05
1.879e-01 1.403e+05
1.866e-01 1.428e+05
1.925e-01 1.368e+05
2.205e-01 8.634e+04
1.914e-01 1.359e+05
1.973e-01 1.328e+05
1.905e-01 1.479e+05
2.029e-01 1.295e+05
2.012e-01 1.096e+05
1.980e-01 1.369e+05
2.057e-01 1.275e+05
1.927e-01 1.330e+05
1.930e-01 1.375e+05
1.914e-01 1.410e+05
1.909e-01 1.378e+05
1.868e-01 1.440e+05
1.888e-01 1.396e+05
1.927e-01 1.414e+05
1.930e-01 1.420e+05
1.932e-01 1.402e+05
2.086e-01 1.102e+05
2.032e-01 1.218e+05
2.287e-01 9.252e+04
1.992e-01 1.319e+05
2.003e-01 1.336e+05
1.931e-01 1.366e+05
1.961e-01 1.347e+05
1.934e-01 1.420e+05
1.928e-01 1.408e+05
1.924e-01 1.366e+05
2.009e-01 1.267e+05
1.914e-01 1.379e+05
2.133e-01 1.126e+05
1.902e-01 1.433e+05
1.879e-01 1.469e+05
2.128e-01 9.726e+04
1.955e-01 1.425e+05
1.947e-01 1.378e+05
1.909e-01 1.450e+05
2.155e-01 1.057e+05
2.069e-01 1.210e+05
2.274e-01 8.978e+04
1.969e-01 1.405e+05
1.904e-01 1.366e+05
1.982e-01 1.325e+05
2.038e-01 1.309e+05
1.933e-01 1.381e+05
1.976e-01 1.324e+05
1.910e-01 1.474e+05
1.930e-01 1.436e+05
1.979e-01 1.303e+05
1.924e-01 1.436e+05
1.882e-01 1.423e+05
1.918e-01 1.424e+05
2.260e-01 8.745e+04
2.159e-01 9.015e+04
1.893e-01 1.443e+05
1.911e-01 1.444e+05
1.937e-01 1.398e+05
1.902e-01 1.343e+05
1.927e-01 1.426e+05
2.122e-01 1.118e+05
1.936e-01 1.361e+05
1.966e-01 1.385e+05
1.908e-01 1.471e+05
1.946e-01 1.384e+05
1.886e-01 1.407e+05
1.914e-01 1.323e+05
1.939e-01 1.410e+05
1.963e-01 1.372e+05
1.933e-01 1.402e+05
1.944e-01 1.422e+05
1.936e-01 1.318e+05
1.908e-01 1.385e+05
1.895e-01 1.421e+05
1.906e-01 1.415e+05
1.917e-01 1.357e+05
2.153e-01 1.019e+05
1.948e-01 1.448e+05
1.927e-01 1.439e+05
1.947e-01 1.440e+05
1.974e-01 1.426e+05
1.991e-01 1.344e+05
1.937e-01 1.390e+05
2.253e-01 8.651e+04
2.025e-01 1.342e+05
1.991e-01 1.352e+05
1.982e-01 1.244e+05
2.029e-01 1.284e+05
1.882e-01 1.400e+05
1.982e-01 1.286e+05
1.910e-01 1.479e+05
1.951e-01 1.386e+05
2.191e-01 9.191e+04
1.915e-01 1.433e+05
1.944e-01 1.394e+05
1.998e-01 1.333e+05
1.960e-01 1.349e+05
1.946e-01 1.387e+05
2.293e-01 9.194e+04
1.955e-01 1.416e+05
1.978e-01 1.380e+05
1.937e-01 1.425e+05
1.960e-01 1.416e+05
1.896e-01 1.433e+05
1.927e-01 1.363e+05
1.889e-01 1.492e+05
1.967e-01 1.353e+05
1.963e-01 1.201e+05
2.134e-01 1.119e+05
1.945e-01 1.369e+05
2.013e-01 1.267e+05
2.228e-01 1.018e+05
1.930e-01 1.343e+05
1.892e-01 1.460e+05
2.024e-01 1.355e+05
1.911e-01 1.352e+05
1.965e-01 1.345e+05
1.925e-01 1.443e+05
1.890e-01 1.423e+05
1.899e-01 1.408e+05
1.900e-01 1.444e+05
1.883e-01 1.411e+05
1.928e-01 1.391e+05
2.159e-01 9.501e+04
1.930e-01 1.400e+05
2.039e-01 1.251e+05
1.905e-01 1.449e+05
1.878e-01 1.427e+05
1.959e-01 1.403e+05
2.191e-01 1.035e+05
1.912e-01 1.428e+05
1.879e-01 1.415e+05
1.919e-01 1.397e+05
2.182e-01 9.940e+04
1.963e-01 1.349e+05
1.897e-01 1.388e+05
1.910e-01 1.407e+05
1.928e-01 1.394e+05
1.928e-01 1.413e+05
1.958e-01 1.329e+05
1.952e-01 1.416e+05
1.923e-01 1.309e+05
1.902e-01 1.414e+05
1.890e-01 1.378e+05
1.954e-01 1.263e+05
1.894e-01 1.397e+05
2.015e-01 1.272e+05
1.887e-01 1.415e+05
1.974e-01 1.308e+05
1.951e-01 1.397e+05
1.956e-01 1.385e+05
1.894e-01 1.496e+05
2.223e-01 9.022e+04
1.950e-01 1.371e+05
2.092e-01 1.099e+05
1.929e-01 1.449e+05
1.911e-01 1.421e+05
2.279e-01 9.100e+04
1.898e-01 1.398e+05
1.984e-01 1.372e+05
1.937e-01 1.303e+05
2.004e-01 1.257e+05
1.887e-01 1.431e+05
1.976e-01 1.365e+05
1.948e-01 1.362e+05
1.994e-01 1.338e+05
1.901e-01 1.493e+05
1.889e-01 1.469e+05
1.926e-01 1.439e+05
1.881e-01 1.489e+05
1.952e-01 1.356e+05
1.973e-01 1.421e+05
2.061e-01 1.164e+05
2.364e-01 7.313e+04
2.134e-01 1.065e+05
1.873e-01 1.475e+05
1.898e-01 1.356e+05
1.958e-01 1.374e+05
1.935e-01 1.446e+05
1.970e-01 1.388e+05
1.959e-01 1.350e+05
2.095e-01 9.232e+04
1.886e-01 1.467e+05
2.022e-01 1.270e+05
1.929e-01 1.385e+05
2.101e-01 1.205e+05
1.884e-01 1.476e+05
1.937e-01 1.389e+05
2.083e-01 1.274e+05
2.373e-01 8.730e+04
1.935e-01 1.404e+05
1.930e-01 1.376e+05
1.937e-01 1.435e+05
1.900e-01 1.406e+05
2.515e-01 7.069e+04
1.911e-01 1.418e+05
1.990e-01 1.387e+05
1.870e-01 1.459e+05
1.891e-01 1.433e+05
2.121e-01 1.119e+05
1.898e-01 1.392e+05
1.981e-01 1.335e+05
1.952e-01 1.422e+05
1.999e-01 1.346e+05
1.972e-01 1.413e+05
1.928e-01 1.471e+05
