2.264e-01 1.234e+05
2.236e-01 1.204e+05
2.222e-01 1.250e+05
2.159e-01 1.251e+05
2.260e-01 1.164e+05
2.159e-01 1.240e+05
2.522e-01 9.393e+04
2.188e-01 1.262e+05
2.211e-01 1.293e+05
2.421e-01 1.017e+05
2.218e-01 1.282e+05
2.242e-01 1.228e+05
2.188e-01 1.240e+05
2.786e-01 7.186e+04
2.345e-01 1.063e+05
2.181e-01 1.277e+05
2.218e-01 1.254e+05
2.326e-01 1.116e+05
2.221e-01 1.240e+05
2.183e-01 1.284e+05
2.151e-01 1.266e+05
2.189e-01 1.248e+05
2.474e-01 9.422e+04
2.178e-01 1.258e+05
2.203e-01 1.211e+05
2.235e-01 1.143e+05
2.168e-01 1.293e+05
2.189e-01 1.251e+05
2.296e-01 1.201e+05
2.262e-01 1.171e+05
2.214e-01 1.232e+05
2.212e-01 1.270e+05
2.254e-01 1.198e+05
2.228e-01 1.237e+05
2.205e-01 1.257e+05
2.221e-01 1.197e+05
2.243e-01 1.219e+05
2.170e-01 1.225e+05
2.234e-01 1.219e+05
2.155e-01 1.264e+05
2.160e-01 1.299e+05
2.177e-01 1.233e+05
2.264e-01 1.235e+05
2.250e-01 1.178e+05
2.212e-01 1.260e+05
2.313e-01 1.125e+05
2.319e-01 1.170e+05
2.142e-01 1.285e+05
2.270e-01 1.229e+05
2.175e-01 1.278e+05
2.225e-01 1.230e+05
2.246e-01 1.213e+05
2.320e-01 1.173e+05
2.681e-01 8.601e+04
2.275e-01 1.141e+05
2.212e-01 1.245e+05
2.244e-01 1.216e+05
2.148e-01 1.287e+05
2.234e-01 1.210e+05
2.241e-01 1.221e+05
2.185e-01 1.277e+05
2.213e-01 1.279e+05
2.252e-01 1.189e+05
2.276e-01 1.233e+05
2.296e-01 1.195e+05
2.209e-01 1.273e+05
2.256e-01 1.218e+05
2.280e-01 1.149e+05
2.218e-01 1.217e+05
2.186e-01 1.240e+05
2.201e-01 1.232e+05
2.811e-01 7.376e+04
2.276e-01 1.147e+05
2.231e-01 1.176e+05
2.716e-01 8.459e+04
2.226e-01 1.248e+05
2.180e-01 1.240e+05
2.234e-01 1.240e+05
2.281e-01 1.153e+05
2.227e-01 1.260e+05
2.206e-01 1.237e+05
2.169e-01 1.251e+05
2.152e-01 1.313e+05
2.742e-01 7.205e+04
2.214e-01 1.180e+05
2.178e-01 1.228e+05
2.192e-01 1.253e+05
2.192e-01 1.243e+05
2.169e-01 1.249e+05
2.186e-01 1.263e+05
2.202e-01 1.168e+05
2.230e-01 1.238e+05
2.198e-01 1.249e+05
2.184e-01 1.276e+05
2.174e-01 1.239e+05
2.252e-01 1.209e+05
2.170e-01 1.271e+05
2.156e-01 1.316e+05
2.239e-01 1.230e+05
2.211e-01 1.239e+05
2.227e-01 1.240e+05
2.172e-01 1.266e+05
2.192e-01 1.247e+05
2.274e-01 1.238e+05
2.243e-01 1.219e+05
2.181e-01 1.271e+05
2.229e-01 1.260e+05
2.218e-01 1.219e+05
2.617e-01 8.169e+04
2.441e-01 1.009e+05
2.211e-01 1.168e+05
2.200e-01 1.269e+05
2.176e-01 1.247e+05
2.190e-01 1.287e+05
2.251e-01 1.225e+05
2.200e-01 1.268e+05
2.206e-01 1.232e+05
2.237e-01 1.165e+05
2.242e-01 1.225e+05
2.183e-01 1.261e+05
2.236e-01 1.192e+05
2.192e-01 1.195e+05
2.252e-01 1.220e+05
2.225e-01 1.226e+05
2.149e-01 1.269e+05
2.178e-01 1.278e+05
2.214e-01 1.237e+05
2.275e-01 1.197e+05
2.159e-01 1.242e+05
2.274e-01 1.214e+05
2.145e-01 1.285e+05
2.225e-01 1.224e+05
2.210e-01 1.225e+05
2.222e-01 1.261e+05
2.206e-01 1.248e+05
2.167e-01 1.254e+05
2.162e-01 1.250e+05
2.261e-01 1.181e+05
2.197e-01 1.207e+05
2.263e-01 1.195e+05
2.503e-01 9.408e+04
2.244e-01 1.209e+05
2.268e-01 1.209e+05
2.234e-01 1.210e+05
2.183e-01 1.278e+05
2.271e-01 1.166e+05
2.498e-01 8.170e+04
2.230e-01 1.254e+05
2.194e-01 1.256e+05
2.192e-01 1.237e+05
2.304e-01 1.147e+05
2.243e-01 1.216e+05
2.181e-01 1.302e+05
2.150e-01 1.301e+05
2.201e-01 1.250e+05
2.618e-01 7.553e+04
2.187e-01 1.275e+05
2.514e-01 1.023e+05
2.205e-01 1.275e+05
2.203e-01 1.190e+05
2.217e-01 1.251e+05
2.242e-01 1.250e+05
2.198e-01 1.193e+05
2.168e-01 1.268e+05
2.256e-01 1.249e+05
2.255e-01 1.208e+05
2.259e-01 1.202e+05
2.221e-01 1.202e+05
2.328e-01 1.134e+05
2.209e-01 1.233e+05
2.190e-01 1.267e+05
2.205e-01 1.260e+05
2.343e-01 1.041e+05
2.165e-01 1.264e+05
2.229e-01 1.270e+05
2.230e-01 1.249e+05
2.164e-01 1.255e+05
2.159e-01 1.263e+05
2.292e-01 1.184e+05
2.178e-01 1.239e+05
2.181e-01 1.237e+05
2.185e-01 1.213e+05
2.190e-01 1.263e+05
2.159e-01 1.309e+05
2.388e-01 1.126e+05
2.156e-01 1.276e+05
2.166e-01 1.289e+05
2.219e-01 1.189e+05
2.267e-01 1.161e+05
2.155e-01 1.264e+05
2.219e-01 1.283e+05
2.725e-01 8.495e+04
2.272e-01 1.222e+05
2.230e-01 1.227e+05
2.221e-01 1.240e+05
2.197e-01 1.260e+05
2.485e-01 9.918e+04
2.189e-01 1.280e+05
2.258e-01 1.234e+05
2.710e-01 8.506e+04
2.166e-01 1.261e+05
2.198e-01 1.247e+05
2.166e-01 1.212e+05
2.257e-01 1.070e+05
2.252e-01 1.208e+05
2.207e-01 1.178e+05
2.177e-01 1.263e+05
2.312e-01 1.185e+05
2.160e-01 1.266e+05
2.237e-01 1.257e+05
2.211e-01 1.262e+05
2.251e-01 1.246e+05
2.261e-01 1.200e+05
2.220e-01 1.212e+05
2.218e-01 1.235e+05
2.234e-01 1.175e+05
2.195e-01 1.239e+05
2.149e-01 1.294e+05
2.197e-01 1.212e+05
2.181e-01 1.301e+05
2.252e-01 1.185e+05
2.240e-01 1.204e+05
2.242e-01 1.249e+05
2.241e-01 1.219e+05
2.232e-01 1.211e+05
2.200e-01 1.239e+05
2.233e-01 1.241e+05
2.436e-01 1.023e+05
2.159e-01 1.287e+05
2.215e-01 1.271e+05
2.293e-01 1.220e+05
2.283e-01 1.228e+05
2.201e-01 1.251e+05
2.236e-01 1.202e+05
2.231e-01 1.211e+05
2.272e-01 1.114e+05
2.180e-01 1.256e+05
2.268e-01 1.217e+05
2.179e-01 1.238e+05
2.201e-01 1.245e+05
2.184e-01 1.213e+05
2.186e-01 1.257e+05
2.199e-01 1.254e+05
2.326e-01 1.185e+05
2.268e-01 1.161e+05
2.188e-01 1.236e+05
2.244e-01 1.248e+05
2.177e-01 1.299e+05
2.273e-01 1.197e+05
2.205e-01 1.253e+05
2.579e-01 9.116e+04
2.168e-01 1.265e+05
2.166e-01 1.266e+05
2.160e-01 1.279e+05
2.251e-01 1.192e+05
2.212e-01 1.231e+05
2.194e-01 1.258e+05
2.264e-01 1.186e+05
2.219e-01 1.268e+05
2.159e-01 1.273e+05
2.198e-01 1.271e+05
2.191e-01 1.251e+05
2.203e-01 1.246e+05
2.181e-01 1.297e+05
2.206e-01 1.252e+05
2.261e-01 1.237e+05
2.462e-01 9.520e+04
2.178e-01 1.250e+05
2.186e-01 1.263e+05
2.268e-01 1.235e+05
2.278e-01 1.116e+05
2.170e-01 1.240e+05
2.136e-01 1.306e+05
2.357e-01 1.082e+05
2.194e-01 1.247e+05
2.232e-01 1.226e+05
2.536e-01 7.863e+04
2.262e-01 1.234e+05
2.219e-01 1.216e+05
2.144e-01 1.300e+05
2.193e-01 1.219e+05
2.248e-01 1.254e+05
2.234e-01 1.210e+05
2.489e-01 9.538e+04
2.194e-01 1.215e+05
2.245e-01 1.202e+05
2.543e-01 9.023e+04
2.153e-01 1.255e+05
2.348e-01 1.131e+05
2.177e-01 1.253e+05
2.170e-01 1.290e+05
2.173e-01 1.253e+05
2.202e-01 1.277e+05
2.160e-01 1.248e+05
2.499e-01 1.044e+05
2.395e-01 1.024e+05
2.211e-01 1.214e+05
2.216e-01 1.235e+05
2.268e-01 1.223e+05
2.229e-01 1.244e+05
2.198e-01 1.247e+05
2.530e-01 9.289e+04
2.763e-01 7.421e+04
2.305e-01 1.169e+05
2.244e-01 1.206e+05
2.635e-01 8.552e+04
2.230e-01 1.233e+05
2.199e-01 1.274e+05
2.217e-01 1.230e+05
2.180e-01 1.235e+05
2.321e-01 1.153e+05
2.200e-01 1.248e+05
2.198e-01 1.249e+05
2.216e-01 1.175e+05
2.240e-01 1.182e+05
2.335e-01 1.171e+05
2.490e-01 9.737e+04
2.134e-01 1.307e+05
2.206e-01 1.259e+05
2.306e-01 1.086e+05
2.207e-01 1.242e+05
2.249e-01 1.207e+05
2.263e-01 1.250e+05
2.224e-01 1.222e+05
2.203e-01 1.255e+05
2.200e-01 1.264e+05
2.150e-01 1.291e+05
2.190e-01 1.249e+05
2.140e-01 1.309e+05
2.212e-01 1.269e+05
2.151e-01 1.313e+05
2.152e-01 1.254e+05
2.363e-01 9.492e+04
2.244e-01 1.232e+05
2.241e-01 1.225e+05
2.203e-01 1.260e+05
2.193e-01 1.300e+05
2.220e-01 1.218e+05
2.317e-01 1.136e+05
2.229e-01 1.208e+05
2.224e-01 1.192e+05
2.215e-01 1.231e+05
2.222e-01 1.223e+05
2.150e-01 1.271e+05
2.580e-01 8.913e+04
2.966e-01 6.948e+04
2.247e-01 1.239e+05
2.289e-01 1.178e+05
2.209e-01 1.229e+05
2.455e-01 1.047e+05
2.219e-01 1.218e+05
2.346e-01 1.122e+05
2.238e-01 1.213e+05
2.288e-01 1.139e+05
2.271e-01 1.200e+05
2.194e-01 1.272e+05
2.186e-01 1.265e+05
2.184e-01 1.208e+05
2.260e-01 1.192e+05
2.265e-01 1.202e+05
2.254e-01 1.186e+05
2.212e-01 1.228e+05
2.190e-01 1.242e+05
2.343e-01 1.135e+05
2.227e-01 1.258e+05
2.233e-01 1.202e+05
2.218e-01 1.244e+05
2.175e-01 1.251e+05
2.183e-01 1.277e+05
2.490e-01 9.902e+04
2.207e-01 1.287e+05
2.245e-01 1.210e+05
2.246e-01 1.188e+05
2.153e-01 1.247e+05
2.162e-01 1.294e+05
2.194e-01 1.221e+05
2.167e-01 1.298e+05
2.245e-01 1.218e+05
2.207e-01 1.271e+05
2.197e-01 1.230e+05
2.242e-01 1.164e+05
2.243e-01 1.213e+05
2.199e-01 1.288e+05
2.848e-01 7.400e+04
2.226e-01 1.252e+05
2.149e-01 1.320e+05
2.232e-01 1.189e+05
2.191e-01 1.233e+05
2.183e-01 1.250e+05
2.202e-01 1.264e+05
2.148e-01 1.279e+05
2.177e-01 1.210e+05
2.184e-01 1.267e+05
2.185e-01 1.276e+05
2.277e-01 1.181e+05
2.207e-01 1.211e+05
2.277e-01 1.160e+05
2.192e-01 1.231e+05
2.184e-01 1.267e+05
2.806e-01 7.954e+04
2.189e-01 1.259e+05
2.265e-01 1.239e+05
2.164e-01 1.235e+05
2.233e-01 1.235e+05
2.203e-01 1.260e+05
2.224e-01 1.178e+05
2.212e-01 1.247e+05
2.277e-01 1.216e+05
2.153e-01 1.255e+05
2.222e-01 1.261e+05
2.235e-01 1.251e+05
2.149e-01 1.323e+05
2.214e-01 1.275e+05
2.226e-01 1.159e+05
2.227e-01 1.187e+05
2.219e-01 1.258e+05
2.261e-01 1.244e+05
2.232e-01 1.211e+05
2.219e-01 1.279e+05
2.237e-01 1.224e+05
2.180e-01 1.309e+05
2.257e-01 1.191e+05
2.221e-01 1.245e+05
2.215e-01 1.286e+05
2.228e-01 1.220e+05
2.168e-01 1.255e+05
2.288e-01 1.213e+05
2.201e-01 1.236e+05
2.189e-01 1.291e+05
2.203e-01 1.251e+05
2.176e-01 1.268e+05
2.231e-01 1.218e+05
2.917e-01 7.284e+04
2.192e-01 1.259e+05
2.186e-01 1.224e+05
2.267e-01 1.239e+05
2.255e-01 1.225e+05
2.173e-01 1.274e+05
2.205e-01 1.215e+05
2.206e-01 1.232e+05
2.149e-01 1.272e+05
2.195e-01 1.258e+05
2.152e-01 1.316e+05
2.155e-01 1.276e+05
2.189e-01 1.242e+05
2.190e-01 1.231e+05
2.176e-01 1.209e+05
2.234e-01 1.254e+05
2.225e-01 1.235e+05
2.175e-01 1.267e+05
2.158e-01 1.321e+05
2.424e-01 1.077e+05
2.280e-01 1.206e+05
2.221e-01 1.226e+05
2.289e-01 1.205e+05
2.241e-01 1.250e+05
2.213e-01 1.197e+05
2.196e-01 1.255e+05
2.289e-01 1.197e+05
2.517e-01 9.244e+04
2.220e-01 1.225e+05
2.379e-01 9.719e+04
2.247e-01 1.208e+05
2.158e-01 1.273e+05
2.320e-01 1.060e+05
2.597e-01 9.518e+04
2.234e-01 1.242e+05
2.260e-01 1.189e+05
2.249e-01 1.193e+05
2.207e-01 1.246e+05
2.204e-01 1.248e+05
2.254e-01 1.222e+05
2.187e-01 1.289e+05
2.236e-01 1.267e+05
2.197e-01 1.265e+05
2.298e-01 1.124e+05
2.209e-01 1.216e+05
2.286e-01 1.171e+05
2.527e-01 9.258e+04
2.164e-01 1.270e+05
2.233e-01 1.249e+05
2.291e-01 1.184e+05
2.289e-01 1.144e+05
2.225e-01 1.179e+05
2.160e-01 1.251e+05
2.268e-01 1.211e+05
2.143e-01 1.288e+05
2.155e-01 1.290e+05
2.201e-01 1.218e+05
2.196e-01 1.286e+05
2.139e-01 1.294e+05
2.156e-01 1.291e+05
2.150e-01 1.318e+05
2.311e-01 1.172e+05
2.207e-01 1.228e+05
2.178e-01 1.281e+05
2.272e-01 1.171e+05
2.323e-01 1.122e+05
2.182e-01 1.287e+05
2.220e-01 1.229e+05
2.268e-01 1.154e+05
2.220e-01 1.225e+05
2.165e-01 1.289e+05
2.208e-01 1.262e+05
2.249e-01 1.130e+05
2.268e-01 1.185e+05
2.226e-01 1.258e+05
2.219e-01 1.181e+05
2.303e-01 1.100e+05
2.280e-01 1.204e+05
2.166e-01 1.296e+05
2.447e-01 1.011e+05
2.305e-01 1.177e+05
2.170e-01 1.248e+05
2.159e-01 1.254e+05
2.190e-01 1.267e+05
2.252e-01 1.259e+05
2.239e-01 1.207e+05
2.257e-01 1.174e+05
2.191e-01 1.252e+05
2.283e-01 1.152e+05
2.217e-01 1.247e+05
2.268e-01 1.200e+05
2.247e-01 1.243e+05
2.192e-01 1.250e+05
2.240e-01 1.207e+05
2.175e-01 1.299e+05
2.206e-01 1.224e+05
2.172e-01 1.223e+05
2.197e-01 1.247e+05
2.220e-01 1.249e+05
2.188e-01 1.299e+05
2.202e-01 1.201e+05
2.181e-01 1.298e+05
2.245e-01 1.258e+05
2.212e-01 1.210e+05
2.366e-01 1.055e+05
2.195e-01 1.262e+05
2.240e-01 1.215e+05
2.179e-01 1.269e+05
2.311e-01 1.158e+05
2.180e-01 1.270e+05
2.264e-01 1.202e+05
2.225e-01 1.258e+05
2.203e-01 1.214e+05
2.160e-01 1.316e+05
2.196e-01 1.248e+05
2.196e-01 1.259e+05
2.188e-01 1.250e+05
2.276e-01 1.131e+05
2.171e-01 1.210e+05
2.196e-01 1.241e+05
2.184e-01 1.253e+05
2.256e-01 1.138e+05
2.252e-01 1.184e+05
2.179e-01 1.265e+05
2.203e-01 1.276e+05
2.247e-01 1.174e+05
2.343e-01 1.119e+05
2.180e-01 1.279e+05
2.346e-01 1.019e+05
2.242e-01 1.211e+05
2.194e-01 1.261e+05
2.262e-01 1.174e+05
2.283e-01 1.215e+05
2.205e-01 1.267e+05
2.161e-01 1.312e+05
2.159e-01 1.286e+05
2.355e-01 1.142e+05
2.357e-01 9.804e+04
2.221e-01 1.241e+05
2.297e-01 1.178e+05
2.205e-01 1.249e+05
2.181e-01 1.261e+05
2.195e-01 1.282e+05
2.164e-01 1.273e+05
2.225e-01 1.224e+05
2.210e-01 1.273e+05
2.364e-01 1.160e+05
2.388e-01 1.106e+05
2.201e-01 1.231e+05
2.216e-01 1.231e+05
2.216e-01 1.260e+05
2.330e-01 1.127e+05
2.419e-01 1.050e+05
2.217e-01 1.273e+05
2.357e-01 1.154e+05
2.210e-01 1.250e+05
2.265e-01 1.185e+05
2.150e-01 1.260e+05
2.147e-01 1.311e+05
2.246e-01 1.199e+05
2.232e-01 1.226e+05
2.195e-01 1.220e+05
2.305e-01 1.207e+05
2.152e-01 1.280e+05
2.237e-01 1.244e+05
2.218e-01 1.229e+05
2.149e-01 1.314e+05
2.225e-01 1.193e+05
2.201e-01 1.251e+05
2.798e-01 7.648e+04
2.275e-01 1.230e+05
2.243e-01 1.258e+05
2.196e-01 1.254e+05
2.206e-01 1.258e+05
2.185e-01 1.271e+05
2.197e-01 1.260e+05
2.184e-01 1.262e+05
2.219e-01 1.265e+05
2.181e-01 1.257e+05
2.233e-01 1.236e+05
2.255e-01 1.210e+05
2.214e-01 1.237e+05
2.225e-01 1.252e+05
2.235e-01 1.247e+05
2.336e-01 1.056e+05
2.248e-01 1.213e+05
2.175e-01 1.257e+05
2.195e-01 1.281e+05
2.249e-01 1.198e+05
2.625e-01 7.965e+04
2.234e-01 1.231e+05
2.154e-01 1.301e+05
2.173e-01 1.265e+05
2.297e-01 1.140e+05
2.188e-01 1.268e+05
2.285e-01 1.168e+05
2.219e-01 1.228e+05
2.230e-01 1.216e+05
2.160e-01 1.250e+05
2.142e-01 1.290e+05
2.206e-01 1.242e+05
2.180e-01 1.261e+05
2.285e-01 1.186e+05
2.339e-01 1.079e+05
2.311e-01 1.104e+05
2.203e-01 1.227e+05
2.186e-01 1.234e+05
2.225e-01 1.246e+05
2.214e-01 1.224e+05
2.225e-01 1.222e+05
2.237e-01 1.206e+05
2.155e-01 1.282e+05
2.204e-01 1.256e+05
2.298e-01 1.113e+05
2.180e-01 1.288e+05
2.262e-01 1.201e+05
2.543e-01 9.477e+04
2.270e-01 1.217e+05
2.211e-01 1.239e+05
2.220e-01 1.279e+05
2.259e-01 1.190e+05
2.628e-01 7.741e+04
2.169e-01 1.288e+05
2.166e-01 1.270e+05
2.196e-01 1.263e+05
2.289e-01 1.140e+05
2.269e-01 1.199e+05
2.225e-01 1.225e+05
2.195e-01 1.217e+05
2.212e-01 1.205e+05
2.191e-01 1.241e+05
2.242e-01 1.190e+05
2.534e-01 1.002e+05
2.195e-01 1.292e+05
2.257e-01 1.210e+05
2.329e-01 1.182e+05
2.256e-01 1.248e+05
2.240e-01 1.207e+05
2.214e-01 1.180e+05
2.222e-01 1.222e+05
2.212e-01 1.243e+05
2.232e-01 1.206e+05
2.176e-01 1.283e+05
2.184e-01 1.259e+05
2.222e-01 1.259e+05
2.269e-01 1.150e+05
2.270e-01 1.199e+05
2.527e-01 9.617e+04
2.226e-01 1.221e+05
2.186e-01 1.246e+05
2.227e-01 1.155e+05
2.192e-01 1.262e+05
2.183e-01 1.250e+05
2.198e-01 1.276e+05
2.217e-01 1.250e+05
2.182e-01 1.269e+05
2.227e-01 1.173e+05
2.205e-01 1.266e+05
2.169e-01 1.311e+05
2.151e-01 1.319e+05
2.216e-01 1.235e+05
2.311e-01 1.148e+05
2.809e-01 7.006e+04
2.301e-01 1.148e+05
2.269e-01 1.200e+05
2.661e-01 8.054e+04
2.201e-01 1.225e+05
2.158e-01 1.285e+05
2.245e-01 1.211e+05
2.339e-01 1.108e+05
2.237e-01 1.255e+05
2.219e-01 1.280e+05
2.304e-01 1.199e+05
2.184e-01 1.239e+05
2.316e-01 1.126e+05
2.183e-01 1.232e+05
2.243e-01 1.207e+05
2.207e-01 1.221e+05
2.212e-01 1.177e+05
2.231e-01 1.193e+05
2.211e-01 1.246e+05
2.268e-01 1.191e+05
2.276e-01 1.224e+05
2.200e-01 1.236e+05
2.221e-01 1.264e+05
2.225e-01 1.220e+05
2.201e-01 1.261e+05
2.278e-01 1.231e+05
2.216e-01 1.223e+05
2.255e-01 1.256e+05
2.353e-01 1.125e+05
2.208e-01 1.240e+05
2.224e-01 1.221e+05
2.291e-01 1.141e+05
2.385e-01 1.145e+05
2.351e-01 1.158e+05
2.269e-01 1.177e+05
2.206e-01 1.248e+05
2.499e-01 9.531e+04
2.503e-01 9.347e+04
2.195e-01 1.252e+05
2.244e-01 1.205e+05
2.219e-01 1.220e+05
2.256e-01 1.223e+05
2.202e-01 1.240e+05
2.551e-01 8.564e+04
2.192e-01 1.238e+05
2.225e-01 1.243e+05
2.608e-01 8.633e+04
2.238e-01 1.233e+05
2.629e-01 7.708e+04
2.239e-01 1.209e+05
2.231e-01 1.256e+05
2.553e-01 9.051e+04
2.220e-01 1.185e+05
2.251e-01 1.217e+05
2.215e-01 1.182e+05
2.175e-01 1.237e+05
2.297e-01 1.153e+05
2.187e-01 1.237e+05
2.211e-01 1.228e+05
2.218e-01 1.222e+05
2.168e-01 1.270e+05
2.280e-01 1.140e+05
2.275e-01 1.170e+05
2.248e-01 1.195e+05
2.248e-01 1.173e+05
2.158e-01 1.302e+05
2.232e-01 1.221e+05
2.407e-01 9.687e+04
2.232e-01 1.233e+05
2.231e-01 1.222e+05
2.185e-01 1.254e+05
2.252e-01 1.215e+05
2.347e-01 1.127e+05
2.282e-01 1.173e+05
2.534e-01 9.459e+04
2.145e-01 1.275e+05
2.410e-01 1.077e+05
2.181e-01 1.235e+05
2.263e-01 1.232e+05
2.151e-01 1.304e+05
2.842e-01 7.327e+04
2.163e-01 1.289e+05
2.257e-01 1.151e+05
2.166e-01 1.279e+05
2.187e-01 1.266e+05
2.536e-01 8.992e+04
2.229e-01 1.220e+05
2.334e-01 1.096e+05
2.503e-01 9.124e+04
2.172e-01 1.289e+05
2.186e-01 1.292e+05
2.196e-01 1.246e+05
2.229e-01 1.172e+05
2.255e-01 1.216e+05
2.193e-01 1.246e+05
2.156e-01 1.288e+05
2.153e-01 1.264e+05
2.221e-01 1.219e+05
2.184e-01 1.261e+05
2.619e-01 8.786e+04
2.260e-01 1.191e+05
2.212e-01 1.204e+05
2.179e-01 1.266e+05
2.172e-01 1.251e+05
2.282e-01 1.200e+05
2.201e-01 1.266e+05
2.163e-01 1.287e+05
2.494e-01 9.828e+04
2.296e-01 1.208e+05
2.242e-01 1.225e+05
2.187e-01 1.277e+05
2.189e-01 1.267e+05
2.198e-01 1.246e+05
2.273e-01 1.189e+05
2.248e-01 1.190e+05
2.230e-01 1.241e+05
2.173e-01 1.297e+05
2.239e-01 1.231e+05
2.206e-01 1.231e+05
2.211e-01 1.220e+05
2.323e-01 1.050e+05
2.305e-01 1.175e+05
2.217e-01 1.217e+05
2.235e-01 1.212e+05
2.213e-01 1.252e+05
2.214e-01 1.258e+05
2.245e-01 1.235e+05
2.456e-01 8.864e+04
2.216e-01 1.213e+05
2.209e-01 1.252e+05
2.212e-01 1.233e+05
2.523e-01 9.418e+04
2.205e-01 1.244e+05
2.207e-01 1.242e+05
2.907e-01 7.194e+04
2.261e-01 1.221e+05
2.225e-01 1.256e+05
2.314e-01 1.170e+05
2.221e-01 1.247e+05
2.303e-01 1.218e+05
2.238e-01 1.246e+05
2.221e-01 1.198e+05
2.172e-01 1.259e+05
2.297e-01 1.168e+05
2.223e-01 1.218e+05
2.670e-01 8.572e+04
2.518e-01 9.557e+04
2.163e-01 1.274e+05
2.170e-01 1.252e+05
2.236e-01 1.207e+05
2.189e-01 1.243e+05
2.141e-01 1.288e+05
2.184e-01 1.251e+05
2.234e-01 1.210e+05
2.159e-01 1.281e+05
2.166e-01 1.312e+05
2.270e-01 1.186e+05
2.193e-01 1.235e+05
2.249e-01 1.242e+05
2.266e-01 1.176e+05
2.189e-01 1.248e+05
2.199e-01 1.244e+05
2.216e-01 1.275e+05
2.240e-01 1.240e+05
2.166e-01 1.258e+05
2.175e-01 1.271e+05
2.238e-01 1.209e+05
2.151e-01 1.266e+05
2.232e-01 1.272e+05
2.172e-01 1.300e+05
2.157e-01 1.250e+05
2.201e-01 1.254e+05
2.597e-01 8.618e+04
2.168e-01 1.284e+05
2.392e-01 1.078e+05
2.219e-01 1.216e+05
2.222e-01 1.220e+05
2.255e-01 1.197e+05
2.210e-01 1.264e+05
2.226e-01 1.247e+05
2.244e-01 1.249e+05
2.191e-01 1.268e+05
2.143e-01 1.315e+05
2.172e-01 1.282e+05
2.156e-01 1.289e+05
2.180e-01 1.222e+05
2.617e-01 7.621e+04
2.233e-01 1.190e+05
2.258e-01 1.182e+05
2.193e-01 1.219e+05
2.154e-01 1.273e+05
2.272e-01 1.234e+05
2.208e-01 1.187e+05
2.201e-01 1.243e+05
2.141e-01 1.305e+05
2.179e-01 1.279e+05
2.198e-01 1.230e+05
2.259e-01 1.151e+05
2.343e-01 1.098e+05
2.633e-01 8.449e+04
2.251e-01 1.242e+05
2.145e-01 1.279e+05
2.212e-01 1.245e+05
2.178e-01 1.264e+05
2.156e-01 1.251e+05
2.230e-01 1.234e+05
2.253e-01 1.187e+05
2.422e-01 9.781e+04
2.236e-01 1.241e+05
2.242e-01 1.226e+05
2.213e-01 1.228e+05
2.204e-01 1.226e+05
2.197e-01 1.296e+05
2.235e-01 1.239e+05
2.271e-01 1.192e+05
2.161e-01 1.232e+05
2.232e-01 1.239e+05
2.243e-01 1.236e+05
2.217e-01 1.258e+05
2.282e-01 1.192e+05
2.299e-01 1.181e+05
2.175e-01 1.254e+05
2.238e-01 1.193e+05
2.305e-01 1.192e+05
2.224e-01 1.282e+05
2.215e-01 1.238e+05
2.480e-01 9.116e+04
2.175e-01 1.253e+05
2.235e-01 1.231e+05
2.158e-01 1.317e+05
2.214e-01 1.266e+05
2.263e-01 1.163e+05
2.252e-01 1.202e+05
2.281e-01 1.179e+05
2.246e-01 1.214e+05
2.257e-01 1.212e+05
2.183e-01 1.222e+05
2.205e-01 1.285e+05
2.255e-01 1.189e+05
2.264e-01 1.210e+05
2.668e-01 8.337e+04
2.234e-01 1.230e+05
2.199e-01 1.273e+05
2.230e-01 1.202e+05
2.237e-01 1.231e+05
2.181e-01 1.194e+05
2.235e-01 1.202e+05
2.208e-01 1.233e+05
2.223e-01 1.227e+05
2.138e-01 1.301e+05
2.251e-01 1.194e+05
2.547e-01 9.333e+04
2.206e-01 1.245e+05
2.394e-01 1.090e+05
2.195e-01 1.254e+05
2.194e-01 1.219e+05
2.205e-01 1.203e+05
2.189e-01 1.259e+05
2.425e-01 1.073e+05
2.564e-01 9.260e+04
2.262e-01 1.203e+05
2.213e-01 1.232e+05
2.282e-01 1.124e+05
2.199e-01 1.250e+05
2.264e-01 1.182e+05
2.200e-01 1.270e+05
2.671e-01 8.644e+04
2.226e-01 1.220e+05
2.229e-01 1.227e+05
2.239e-01 1.166e+05
2.252e-01 1.139e+05
2.182e-01 1.235e+05
2.275e-01 1.179e+05
2.211e-01 1.257e+05
2.227e-01 1.254e+05
2.171e-01 1.285e+05
2.380e-01 1.001e+05
2.178e-01 1.281e+05
2.145e-01 1.295e+05
2.268e-01 1.174e+05
2.246e-01 1.211e+05
2.212e-01 1.238e+05
2.301e-01 1.185e+05
2.449e-01 1.016e+05
2.490e-01 1.041e+05
2.168e-01 1.242e+05
2.242e-01 1.237e+05
2.272e-01 1.189e+05
2.204e-01 1.211e+05
2.271e-01 1.199e+05
2.186e-01 1.255e+05
2.213e-01 1.219e+05
2.202e-01 1.246e+05
2.207e-01 1.138e+05
2.199e-01 1.239e+05
2.260e-01 1.220e+05
2.211e-01 1.225e+05
2.407e-01 9.512e+04
2.293e-01 1.205e+05
2.242e-01 1.236e+05
2.206e-01 1.274e+05
2.210e-01 1.248e+05
2.254e-01 1.223e+05
2.499e-01 9.201e+04
2.190e-01 1.237e+05
2.402e-01 1.076e+05
2.198e-01 1.256e+05
2.361e-01 1.016e+05
2.265e-01 1.215e+05
2.160e-01 1.289e+05
2.376e-01 1.130e+05
2.200e-01 1.262e+05
2.161e-01 1.288e+05
2.198e-01 1.231e+05
2.557e-01 9.707e+04
2.173e-01 1.270e+05
2.198e-01 1.229e+05
2.295e-01 1.180e+05
2.238e-01 1.235e+05
2.253e-01 1.196e+05
2.215e-01 1.184e+05
2.314e-01 1.149e+05
2.231e-01 1.224e+05
2.222e-01 1.218e+05
2.226e-01 1.263e+05
2.220e-01 1.226e+05
2.277e-01 1.188e+05
2.237e-01 1.240e+05
2.248e-01 1.202e+05
2.232e-01 1.254e+05
2.257e-01 1.245e+05
2.357e-01 1.120e+05
2.582e-01 7.752e+04
2.317e-01 1.076e+05
2.152e-01 1.269e+05
2.236e-01 1.234e+05
2.207e-01 1.272e+05
2.209e-01 1.230e+05
2.255e-01 1.208e+05
2.214e-01 1.258e+05
2.211e-01 1.230e+05
2.222e-01 1.257e+05
2.142e-01 1.281e+05
2.257e-01 1.200e+05
2.233e-01 1.237e+05
2.179e-01 1.265e+05
2.206e-01 1.220e+05
2.213e-01 1.229e+05
2.202e-01 1.243e+05
2.190e-01 1.254e+05
2.173e-01 1.267e+05
2.230e-01 1.214e+05
2.239e-01 1.219e+05
2.221e-01 1.247e+05
2.214e-01 1.203e+05
2.268e-01 1.194e+05
2.548e-01 8.882e+04
2.137e-01 1.316e+05
2.218e-01 1.273e+05
2.713e-01 8.458e+04
2.431e-01 9.650e+04
2.200e-01 1.262e+05
2.220e-01 1.230e+05
2.240e-01 1.234e+05
2.262e-01 1.192e+05
2.210e-01 1.245e+05
2.221e-01 1.181e+05
2.206e-01 1.253e+05
2.221e-01 1.241e+05
2.163e-01 1.252e+05
2.178e-01 1.298e+05
2.214e-01 1.229e+05
2.227e-01 1.261e+05
2.237e-01 1.207e+05
2.252e-01 1.246e+05
2.172e-01 1.300e+05
2.225e-01 1.214e+05
2.867e-01 7.620e+04
2.216e-01 1.282e+05
2.476e-01 1.021e+05
2.169e-01 1.261e+05
2.236e-01 1.226e+05
2.278e-01 1.189e+05
2.202e-01 1.249e+05
2.227e-01 1.228e+05
2.248e-01 1.214e+05
2.178e-01 1.281e+05
2.236e-01 1.251e+05
2.205e-01 1.247e+05
2.205e-01 1.237e+05
2.157e-01 1.269e+05
2.283e-01 1.226e+05
2.442e-01 1.019e+05
2.532e-01 8.870e+04
2.193e-01 1.248e+05
2.223e-01 1.233e+05
2.153e-01 1.271e+05
2.168e-01 1.274e+05
2.171e-01 1.264e+05
2.287e-01 1.188e+05
2.283e-01 1.138e+05
2.202e-01 1.282e+05
2.232e-01 1.217e+05
2.181e-01 1.259e+05
2.154e-01 1.276e+05
2.265e-01 1.207e+05
2.236e-01 1.241e+05
2.191e-01 1.242e+05
2.206e-01 1.232e+05
2.199e-01 1.203e+05
2.215e-01 1.214e+05
2.191e-01 1.265e+05
2.276e-01 1.161e+05
2.167e-01 1.264e+05
2.228e-01 1.256e+05
2.144e-01 1.310e+05
2.212e-01 1.285e+05
2.220e-01 1.198e+05
2.180e-01 1.240e+05
2.303e-01 1.069e+05
2.171e-01 1.260e+05
2.185e-01 1.302e+05
2.169e-01 1.299e+05
2.268e-01 1.222e+05
2.210e-01 1.200e+05
2.206e-01 1.225e+05
2.227e-01 1.223e+05
2.390e-01 9.761e+04
2.220e-01 1.240e+05
2.155e-01 1.290e+05
2.163e-01 1.302e+05
2.433e-01 1.016e+05
2.299e-01 1.158e+05
2.233e-01 1.243e+05
2.592e-01 8.763e+04
2.229e-01 1.211e+05
2.276e-01 1.204e+05
2.209e-01 1.242e+05
2.210e-01 1.228e+05
2.254e-01 1.226e+05
2.288e-01 1.176e+05
2.307e-01 1.115e+05
2.213e-01 1.236e+05
2.184e-01 1.251e+05
2.164e-01 1.270e+05
2.607e-01 8.228e+04
2.264e-01 1.199e+05
2.227e-01 1.256e+05
2.209e-01 1.254e+05
2.198e-01 1.234e+05
2.188e-01 1.259e+05
2.240e-01 1.248e+05
2.411e-01 1.015e+05
2.232e-01 1.230e+05
2.268e-01 1.180e+05
2.187e-01 1.261e+05
2.179e-01 1.260e+05
2.173e-01 1.272e+05
2.228e-01 1.248e+05
2.230e-01 1.211e+05
2.517e-01 9.302e+04
2.161e-01 1.280e+05
2.242e-01 1.250e+05
2.168e-01 1.289e+05
2.149e-01 1.276e+05
2.225e-01 1.278e+05
2.303e-01 1.193e+05
2.233e-01 1.209e+05
2.334e-01 1.177e+05
2.195e-01 1.295e+05
2.399e-01 9.476e+04
2.161e-01 1.269e+05
2.264e-01 1.176e+05
2.299e-01 1.138e+05
2.198e-01 1.268e+05
2.223e-01 1.237e+05
2.183e-01 1.252e+05
2.231e-01 1.208e+05
2.231e-01 1.262e+05
2.178e-01 1.295e+05
2.209e-01 1.271e+05
2.237e-01 1.221e+05
2.597e-01 8.388e+04
2.153e-01 1.306e+05
2.245e-01 1.236e+05
2.692e-01 7.627e+04
2.748e-01 7.255e+04
2.188e-01 1.265e+05
2.215e-01 1.238e+05
2.208e-01 1.222e+05
2.236e-01 1.230e+05
2.237e-01 1.179e+05
2.420e-01 1.004e+05
2.175e-01 1.274e+05
2.225e-01 1.250e+05
2.166e-01 1.313e+05
2.277e-01 1.207e+05
2.353e-01 1.019e+05
2.150e-01 1.285e+05
2.197e-01 1.260e+05
2.229e-01 1.238e+05
2.271e-01 1.160e+05
2.221e-01 1.162e+05
2.200e-01 1.256e+05
2.577e-01 8.982e+04
2.521e-01 9.562e+04
2.253e-01 1.223e+05
2.179e-01 1.258e+05
2.252e-01 1.207e+05
2.214e-01 1.249e+05
2.263e-01 1.217e+05
2.191e-01 1.307e+05
2.590e-01 7.785e+04
2.235e-01 1.182e+05
2.193e-01 1.270e+05
2.253e-01 1.187e+05
2.191e-01 1.258e+05
2.205e-01 1.262e+05
2.199e-01 1.222e+05
2.175e-01 1.287e+05
2.209e-01 1.244e+05
2.187e-01 1.241e+05
2.289e-01 1.176e+05
2.166e-01 1.256e+05
2.213e-01 1.209e+05
2.159e-01 1.290e+05
2.285e-01 1.132e+05
2.211e-01 1.143e+05
2.228e-01 1.182e+05
2.266e-01 1.205e+05
2.185e-01 1.261e+05
2.700e-01 7.488e+04
2.229e-01 1.221e+05
2.151e-01 1.261e+05
2.150e-01 1.274e+05
2.623e-01 8.008e+04
2.211e-01 1.231e+05
2.175e-01 1.286e+05
2.197e-01 1.218e+05
2.371e-01 1.057e+05
2.414e-01 1.034e+05
2.167e-01 1.237e+05
2.742e-01 6.932e+04
2.206e-01 1.224e+05
2.256e-01 1.225e+05
2.690e-01 7.697e+04
2.147e-01 1.270e+05
2.228e-01 1.176e+05
2.222e-01 1.225e+05
2.182e-01 1.301e+05
2.232e-01 1.238e+05
2.510e-01 9.517e+04
2.269e-01 1.186e+05
2.214e-01 1.237e+05
2.134e-01 1.294e+05
2.228e-01 1.237e+05
2.513e-01 9.142e+04
2.166e-01 1.225e+05
2.180e-01 1.302e+05
2.206e-01 1.239e+05
2.199e-01 1.227e+05
2.194e-01 1.212e+05
2.199e-01 1.219e+05
2.153e-01 1.303e+05
2.255e-01 1.216e+05
2.208e-01 1.244e+05
2.191e-01 1.259e+05
2.263e-01 1.194e+05
2.188e-01 1.240e+05
2.211e-01 1.230e+05
2.200e-01 1.247e+05
2.240e-01 1.227e+05
2.178e-01 1.262e+05
2.216e-01 1.243e+05
2.222e-01 1.257e+05
2.198e-01 1.257e+05
2.191e-01 1.227e+05
2.236e-01 1.214e+05
2.227e-01 1.207e+05
2.234e-01 1.202e+05
2.269e-01 1.151e+05
2.158e-01 1.284e+05
2.143e-01 1.280e+05
2.253e-01 1.205e+05
2.215e-01 1.270e+05
2.225e-01 1.203e+05
2.220e-01 1.277e+05
2.318e-01 1.176e+05
2.184e-01 1.253e+05
2.331e-01 1.006e+05
2.214e-01 1.242e+05
2.189e-01 1.255e+05
2.284e-01 1.208e+05
2.225e-01 1.226e+05
2.218e-01 1.182e+05
2.256e-01 1.244e+05
2.236e-01 1.251e+05
2.243e-01 1.252e+05
2.440e-01 9.965e+04
2.589e-01 8.091e+04
2.193e-01 1.249e+05
2.212e-01 1.194e+05
2.261e-01 1.182e+05
2.280e-01 1.175e+05
2.492e-01 9.221e+04
2.198e-01 1.246e+05
2.163e-01 1.272e+05
2.197e-01 1.221e+05
2.162e-01 1.256e+05
2.206e-01 1.213e+05
2.170e-01 1.313e+05
2.231e-01 1.227e+05
2.199e-01 1.283e+05
2.231e-01 1.220e+05
2.215e-01 1.248e+05
2.149e-01 1.280e+05
2.179e-01 1.300e+05
2.255e-01 1.155e+05
2.279e-01 1.207e+05
2.226e-01 1.162e+05
2.207e-01 1.253e+05
2.217e-01 1.218e+05
2.189e-01 1.267e+05
2.606e-01 9.237e+04
2.216e-01 1.259e+05
2.206e-01 1.254e+05
2.247e-01 1.229e+05
2.172e-01 1.279e+05
2.404e-01 1.098e+05
2.274e-01 1.197e+05
2.491e-01 9.269e+04
2.242e-01 1.190e+05
2.210e-01 1.260e+05
2.183e-01 1.254e+05
2.194e-01 1.197e+05
2.271e-01 1.186e+05
2.225e-01 1.207e+05
2.259e-01 1.191e+05
2.227e-01 1.271e+05
2.373e-01 9.946e+04
2.237e-01 1.219e+05
2.221e-01 1.188e+05
2.218e-01 1.235e+05
2.177e-01 1.281e+05
2.182e-01 1.282e+05
2.228e-01 1.203e+05
2.239e-01 1.228e+05
2.157e-01 1.257e+05
2.181e-01 1.276e+05
2.134e-01 1.286e+05
2.218e-01 1.223e+05
2.147e-01 1.280e+05
2.215e-01 1.267e+05
2.309e-01 1.119e+05
2.183e-01 1.205e+05
2.242e-01 1.220e+05
2.265e-01 1.179e+05
2.283e-01 1.155e+05
2.169e-01 1.309e+05
2.313e-01 1.189e+05
2.854e-01 7.664e+04
2.201e-01 1.258e+05
2.167e-01 1.234e+05
2.261e-01 1.200e+05
2.251e-01 1.176e+05
2.236e-01 1.197e+05
2.243e-01 1.210e+05
2.241e-01 1.206e+05
2.219e-01 1.214e+05
2.214e-01 1.216e+05
2.232e-01 1.233e+05
2.874e-01 7.228e+04
2.179e-01 1.289e+05
2.251e-01 1.228e+05
2.207e-01 1.274e+05
2.172e-01 1.245e+05
2.207e-01 1.239e+05
2.187e-01 1.250e+05
2.255e-01 1.212e+05
2.220e-01 1.249e+05
2.171e-01 1.224e+05
2.196e-01 1.269e+05
2.305e-01 1.182e+05
2.175e-01 1.262e+05
2.176e-01 1.250e+05
2.244e-01 1.249e+05
2.202e-01 1.275e+05
2.182e-01 1.231e+05
2.286e-01 1.167e+05
2.197e-01 1.253e+05
2.184e-01 1.261e+05
2.248e-01 1.216e+05
2.286e-01 1.183e+05
2.287e-01 1.199e+05
2.503e-01 9.694e+04
2.208e-01 1.245e+05
2.178e-01 1.254e+05
2.166e-01 1.265e+05
2.457e-01 9.027e+04
2.168e-01 1.282e+05
2.157e-01 1.238e+05
2.181e-01 1.261e+05
2.229e-01 1.253e+05
2.206e-01 1.180e+05
2.149e-01 1.274e+05
2.333e-01 1.195e+05
2.201e-01 1.261e+05
2.324e-01 1.158e+05
2.238e-01 1.216e+05
2.426e-01 1.028e+05
2.239e-01 1.214e+05
2.226e-01 1.244e+05
2.188e-01 1.280e+05
2.264e-01 1.240e+05
2.237e-01 1.236e+05
2.289e-01 1.190e+05
2.180e-01 1.213e+05
2.216e-01 1.249e+05
2.237e-01 1.203e+05
2.265e-01 1.219e+05
2.259e-01 1.225e+05
2.447e-01 1.037e+05
2.346e-01 1.152e+05
2.210e-01 1.263e+05
2.206e-01 1.239e+05
2.227e-01 1.216e+05
2.298e-01 1.096e+05
2.429e-01 9.781e+04
2.728e-01 7.551e+04
2.541e-01 8.003e+04
2.201e-01 1.240e+05
2.264e-01 1.173e+05
2.198e-01 1.232e+05
2.235e-01 1.196e+05
2.252e-01 1.146e+05
2.219e-01 1.254e+05
2.165e-01 1.282e+05
2.151e-01 1.297e+05
2.176e-01 1.264e+05
2.182e-01 1.304e+05
2.243e-01 1.185e+05
2.168e-01 1.237e+05
2.236e-01 1.208e+05
2.146e-01 1.272e+05
2.207e-01 1.247e+05
2.205e-01 1.249e+05
2.300e-01 1.173e+05
2.182e-01 1.265e+05
2.198e-01 1.265e+05
2.514e-01 9.055e+04
2.219e-01 1.227e+05
2.206e-01 1.253e+05
2.168e-01 1.287e+05
2.229e-01 1.228e+05
2.151e-01 1.289e+05
2.177e-01 1.261e+05
2.230e-01 1.207e+05
2.211e-01 1.238e+05
2.222e-01 1.209e+05
2.157e-01 1.289e+05
2.192e-01 1.268e+05
2.228e-01 1.190e+05
2.182e-01 1.252e+05
2.397e-01 1.118e+05
2.824e-01 7.344e+04
2.242e-01 1.221e+05
2.192e-01 1.230e+05
2.154e-01 1.262e+05
2.223e-01 1.244e+05
2.217e-01 1.255e+05
2.199e-01 1.236e+05
2.203e-01 1.265e+05
2.212e-01 1.241e+05
2.209e-01 1.254e+05
2.262e-01 1.115e+05
2.172e-01 1.268e+05
2.308e-01 1.143e+05
2.377e-01 9.809e+04
2.244e-01 1.230e+05
2.229e-01 1.249e+05
2.178e-01 1.305e+05
2.189e-01 1.295e+05
2.185e-01 1.265e+05
2.230e-01 1.278e+05
2.580e-01 8.068e+04
2.186e-01 1.269e+05
2.226e-01 1.252e+05
2.263e-01 1.201e+05
2.270e-01 1.184e+05
2.228e-01 1.241e+05
2.223e-01 1.237e+05
2.223e-01 1.268e+05
2.238e-01 1.182e+05
2.198e-01 1.220e+05
2.265e-01 1.219e+05
2.192e-01 1.247e+05
2.263e-01 1.203e+05
2.245e-01 1.214e+05
2.185e-01 1.264e+05
2.224e-01 1.219e+05
2.411e-01 1.086e+05
2.275e-01 1.162e+05
2.201e-01 1.256e+05
2.256e-01 1.178e+05
2.342e-01 1.147e+05
2.230e-01 1.168e+05
2.308e-01 1.140e+05
2.216e-01 1.233e+05
2.189e-01 1.268e+05
2.554e-01 9.194e+04
2.255e-01 1.192e+05
2.230e-01 1.218e+05
2.235e-01 1.222e+05
2.214e-01 1.232e+05
2.201e-01 1.247e+05
2.235e-01 1.195e+05
2.226e-01 1.241e+05
2.230e-01 1.247e+05
2.287e-01 1.206e+05
2.205e-01 1.266e+05
2.177e-01 1.281e+05
2.171e-01 1.310e+05
2.222e-01 1.220e+05
2.197e-01 1.282e+05
2.176e-01 1.261e+05
2.186e-01 1.218e+05
2.179e-01 1.268e+05
2.201e-01 1.255e+05
2.199e-01 1.255e+05
2.175e-01 1.229e+05
2.253e-01 1.197e+05
2.223e-01 1.252e+05
2.204e-01 1.267e+05
2.406e-01 1.095e+05
2.266e-01 1.178e+05
2.213e-01 1.217e+05
2.673e-01 7.776e+04
2.221e-01 1.279e+05
2.203e-01 1.250e+05
2.265e-01 1.208e+05
2.222e-01 1.269e+05
2.204e-01 1.228e+05
2.194e-01 1.233e+05
2.187e-01 1.255e+05
2.220e-01 1.245e+05
2.268e-01 1.198e+05
2.184e-01 1.248e+05
2.198e-01 1.240e+05
2.272e-01 1.149e+05
2.185e-01 1.278e+05
2.780e-01 7.640e+04
2.289e-01 1.191e+05
2.145e-01 1.252e+05
2.199e-01 1.230e+05
2.223e-01 1.243e+05
2.217e-01 1.237e+05
2.156e-01 1.286e+05
2.322e-01 1.127e+05
2.224e-01 1.213e+05
2.240e-01 1.139e+05
2.253e-01 1.216e+05
2.171e-01 1.219e+05
2.243e-01 1.222e+05
2.282e-01 1.167e+05
2.402e-01 1.017e+05
2.216e-01 1.226e+05
2.175e-01 1.265e+05
2.217e-01 1.272e+05
2.400e-01 1.016e+05
2.186e-01 1.260e+05
2.186e-01 1.282e+05
2.220e-01 1.252e+05
2.153e-01 1.317e+05
2.266e-01 1.199e+05
2.234e-01 1.184e+05
2.211e-01 1.258e+05
2.233e-01 1.224e+05
2.290e-01 1.208e+05
2.235e-01 1.247e+05
2.280e-01 1.191e+05
2.182e-01 1.254e+05
2.322e-01 1.146e+05
2.232e-01 1.225e+05
2.165e-01 1.275e+05
2.245e-01 1.194e+05
2.182e-01 1.304e+05
2.214e-01 1.245e+05
2.223e-01 1.267e+05
2.171e-01 1.311e+05
2.214e-01 1.238e+05
2.285e-01 1.229e+05
2.219e-01 1.238e+05
2.195e-01 1.241e+05
2.392e-01 1.063e+05
2.176e-01 1.241e+05
2.205e-01 1.273e+05
2.209e-01 1.255e+05
2.268e-01 1.211e+05
2.258e-01 1.198e+05
2.331e-01 1.057e+05
2.262e-01 1.215e+05
2.177e-01 1.278e+05
2.232e-01 1.200e+05
2.167e-01 1.313e+05
2.652e-01 7.831e+04
2.286e-01 1.130e+05
2.176e-01 1.288e+05
2.191e-01 1.260e+05
2.753e-01 7.202e+04
2.234e-01 1.229e+05
2.222e-01 1.241e+05
2.213e-01 1.274e+05
2.190e-01 1.263e+05
2.148e-01 1.301e+05
2.204e-01 1.258e+05
2.165e-01 1.300e+05
2.280e-01 1.167e+05
2.242e-01 1.216e+05
2.204e-01 1.239e+05
2.285e-01 1.120e+05
2.210e-01 1.235e+05
2.202e-01 1.261e+05
2.254e-01 1.203e+05
2.713e-01 7.388e+04
2.242e-01 1.233e+05
2.263e-01 1.238e+05
2.231e-01 1.261e+05
2.254e-01 1.216e+05
2.404e-01 1.070e+05
2.223e-01 1.213e+05
2.737e-01 7.273e+04
2.313e-01 1.188e+05
2.209e-01 1.240e+05
2.151e-01 1.292e+05
2.247e-01 1.244e+05
2.163e-01 1.275e+05
2.168e-01 1.246e+05
2.452e-01 9.565e+04
2.223e-01 1.234e+05
2.221e-01 1.275e+05
2.281e-01 1.167e+05
2.503e-01 1.039e+05
2.155e-01 1.273e+05
2.164e-01 1.274e+05
2.195e-01 1.219e+05
2.217e-01 1.225e+05
2.266e-01 1.219e+05
2.238e-01 1.236e+05
2.219e-01 1.232e+05
2.707e-01 7.114e+04
2.179e-01 1.265e+05
2.235e-01 1.217e+05
2.294e-01 1.128e+05
2.204e-01 1.259e+05
2.544e-01 8.538e+04
2.192e-01 1.263e+05
2.177e-01 1.269e+05
2.253e-01 1.183e+05
2.218e-01 1.222e+05
2.221e-01 1.221e+05
2.185e-01 1.269e+05
2.199e-01 1.282e+05
2.230e-01 1.241e+05
2.216e-01 1.225e+05
2.152e-01 1.278e+05
2.228e-01 1.206e+05
2.514e-01 8.481e+04
2.248e-01 1.214e+05
2.227e-01 1.207e+05
2.196e-01 1.214e+05
2.195e-01 1.246e+05
2.248e-01 1.252e+05
2.287e-01 1.173e+05
2.184e-01 1.251e+05
2.385e-01 1.106e+05
2.178e-01 1.296e+05
2.239e-01 1.242e+05
2.227e-01 1.211e+05
2.241e-01 1.245e+05
2.207e-01 1.267e+05
2.155e-01 1.321e+05
2.219e-01 1.207e+05
2.213e-01 1.235e+05
2.199e-01 1.224e+05
2.437e-01 9.416e+04
2.210e-01 1.286e+05
2.241e-01 1.218e+05
2.215e-01 1.265e+05
2.198e-01 1.239e+05
2.227e-01 1.201e+05
2.258e-01 1.192e+05
2.222e-01 1.235e+05
2.178e-01 1.197e+05
2.326e-01 1.138e+05
2.185e-01 1.265e+05
2.291e-01 1.184e+05
2.224e-01 1.218e+05
2.284e-01 1.143e+05
2.232e-01 1.224e+05
2.192e-01 1.258e+05
2.179e-01 1.289e+05
2.204e-01 1.218e+05
2.277e-01 1.227e+05
2.223e-01 1.249e+05
2.260e-01 1.197e+05
2.216e-01 1.244e+05
2.222e-01 1.253e+05
2.694e-01 8.193e+04
2.162e-01 1.241e+05
2.198e-01 1.274e+05
2.238e-01 1.238e+05
2.227e-01 1.255e+05
2.200e-01 1.218e+05
2.157e-01 1.317e+05
2.239e-01 1.218e+05
2.198e-01 1.259e+05
2.467e-01 1.079e+05
2.209e-01 1.243e+05
2.263e-01 1.198e+05
2.243e-01 1.248e+05
2.161e-01 1.261e+05
2.227e-01 1.241e+05
2.321e-01 1.064e+05
2.206e-01 1.160e+05
2.171e-01 1.300e+05
2.540e-01 8.848e+04
2.194e-01 1.240e+05
2.417e-01 1.123e+05
2.266e-01 1.183e+05
2.207e-01 1.240e+05
2.231e-01 1.235e+05
2.160e-01 1.315e+05
2.254e-01 1.202e+05
2.342e-01 1.112e+05
2.229e-01 1.230e+05
2.216e-01 1.196e+05
2.408e-01 9.276e+04
2.472e-01 1.037e+05
2.217e-01 1.242e+05
2.242e-01 1.252e+05
2.188e-01 1.265e+05
2.211e-01 1.256e+05
2.218e-01 1.264e+05
2.470e-01 9.706e+04
2.783e-01 7.507e+04
2.433e-01 9.948e+04
2.209e-01 1.240e+05
2.185e-01 1.280e+05
2.191e-01 1.247e+05
2.288e-01 1.203e+05
2.229e-01 1.221e+05
2.198e-01 1.278e+05
2.187e-01 1.248e+05
2.240e-01 1.220e+05
2.265e-01 1.213e+05
2.174e-01 1.230e+05
2.181e-01 1.259e+05
2.177e-01 1.282e+05
2.216e-01 1.202e+05
2.167e-01 1.235e+05
2.237e-01 1.231e+05
2.210e-01 1.249e+05
2.232e-01 1.261e+05
2.501e-01 9.141e+04
2.160e-01 1.229e+05
2.193e-01 1.253e+05
2.167e-01 1.290e+05
2.203e-01 1.238e+05
2.297e-01 1.191e+05
2.228e-01 1.197e+05
2.710e-01 7.942e+04
2.221e-01 1.210e+05
2.265e-01 1.189e+05
2.197e-01 1.265e+05
2.211e-01 1.265e+05
2.212e-01 1.283e+05
2.270e-01 1.184e+05
2.171e-01 1.284e+05
2.204e-01 1.240e+05
2.221e-01 1.257e+05
2.163e-01 1.307e+05
2.194e-01 1.284e+05
2.202e-01 1.284e+05
2.187e-01 1.268e+05
2.300e-01 1.197e+05
2.426e-01 9.959e+04
2.228e-01 1.237e+05
2.210e-01 1.248e+05
2.176e-01 1.269e+05
2.651e-01 8.368e+04
2.255e-01 1.166e+05
2.238e-01 1.241e+05
2.206e-01 1.258e+05
2.240e-01 1.243e+05
2.240e-01 1.210e+05
2.339e-01 1.119e+05
2.205e-01 1.248e+05
2.246e-01 1.248e+05
2.166e-01 1.310e+05
2.223e-01 1.189e+05
2.240e-01 1.250e+05
2.311e-01 1.184e+05
2.649e-01 8.955e+04
2.231e-01 1.206e+05
2.212e-01 1.200e+05
2.201e-01 1.241e+05
2.177e-01 1.272e+05
2.204e-01 1.217e+05
2.213e-01 1.232e+05
2.160e-01 1.257e+05
2.252e-01 1.179e+05
2.262e-01 1.207e+05
2.218e-01 1.215e+05
2.239e-01 1.218e+05
2.180e-01 1.224e+05
2.144e-01 1.305e+05
2.451e-01 9.653e+04
2.203e-01 1.268e+05
2.198e-01 1.243e+05
2.196e-01 1.296e+05
2.187e-01 1.272e+05
2.327e-01 1.194e+05
2.248e-01 1.215e+05
2.257e-01 1.232e+05
2.813e-01 7.551e+04
2.202e-01 1.234e+05
2.178e-01 1.259e+05
2.239e-01 1.208e+05
2.831e-01 7.337e+04
2.226e-01 1.242e+05
2.164e-01 1.252e+05
2.259e-01 1.235e+05
2.238e-01 1.200e+05
2.299e-01 1.205e+05
2.252e-01 1.231e+05
2.253e-01 1.221e+05
2.199e-01 1.218e+05
2.236e-01 1.219e+05
2.264e-01 1.221e+05
2.256e-01 1.146e+05
2.280e-01 1.171e+05
2.180e-01 1.271e+05
2.203e-01 1.256e+05
2.235e-01 1.168e+05
2.204e-01 1.234e+05
2.301e-01 1.133e+05
2.199e-01 1.223e+05
2.181e-01 1.268e+05
2.225e-01 1.182e+05
2.202e-01 1.261e+05
2.257e-01 1.178e+05
2.187e-01 1.256e+05
2.350e-01 1.146e+05
2.232e-01 1.214e+05
2.288e-01 1.152e+05
2.875e-01 7.252e+04
2.291e-01 1.196e+05
2.256e-01 1.225e+05
2.193e-01 1.271e+05
2.184e-01 1.267e+05
2.187e-01 1.225e+05
2.195e-01 1.266e+05
2.408e-01 1.109e+05
2.170e-01 1.308e+05
2.143e-01 1.305e+05
2.226e-01 1.225e+05
2.169e-01 1.298e+05
2.424e-01 1.082e+05
2.155e-01 1.268e+05
2.146e-01 1.259e+05
2.763e-01 8.022e+04
2.262e-01 1.185e+05
2.269e-01 1.190e+05
2.355e-01 1.087e+05
2.179e-01 1.267e+05
2.176e-01 1.294e+05
2.250e-01 1.259e+05
2.547e-01 9.119e+04
2.193e-01 1.291e+05
2.222e-01 1.218e+05
2.250e-01 1.222e+05
2.272e-01 1.184e+05
2.245e-01 1.208e+05
2.290e-01 1.184e+05
2.484e-01 8.804e+04
2.247e-01 1.231e+05
2.266e-01 1.212e+05
2.233e-01 1.237e+05
2.236e-01 1.216e+05
2.130e-01 1.306e+05
2.241e-01 1.233e+05
2.191e-01 1.293e+05
2.243e-01 1.232e+05
2.195e-01 1.228e+05
2.226e-01 1.232e+05
2.226e-01 1.218e+05
2.192e-01 1.267e+05
2.387e-01 1.036e+05
2.239e-01 1.259e+05
2.201e-01 1.248e+05
2.207e-01 1.236e+05
2.169e-01 1.292e+05
2.304e-01 1.179e+05
2.269e-01 1.181e+05
2.207e-01 1.223e+05
2.423e-01 9.785e+04
2.306e-01 1.155e+05
2.172e-01 1.254e+05
2.183e-01 1.262e+05
2.339e-01 1.106e+05
2.249e-01 1.221e+05
2.208e-01 1.237e+05
2.215e-01 1.247e+05
2.188e-01 1.243e+05
2.245e-01 1.192e+05
2.209e-01 1.236e+05
2.723e-01 7.265e+04
2.236e-01 1.218e+05
2.243e-01 1.203e+05
2.276e-01 1.182e+05
2.316e-01 1.145e+05
2.283e-01 1.202e+05
2.175e-01 1.305e+05
2.181e-01 1.257e+05
2.226e-01 1.252e+05
2.179e-01 1.255e+05
2.324e-01 1.129e+05
2.180e-01 1.246e+05
2.503e-01 9.307e+04
2.211e-01 1.226e+05
2.175e-01 1.259e+05
2.263e-01 1.209e+05
2.279e-01 1.149e+05
2.231e-01 1.231e+05
2.161e-01 1.269e+05
2.265e-01 1.164e+05
2.175e-01 1.277e+05
2.204e-01 1.211e+05
2.242e-01 1.244e+05
2.200e-01 1.262e+05
2.198e-01 1.224e+05
2.707e-01 7.956e+04
2.149e-01 1.327e+05
2.276e-01 1.168e+05
2.152e-01 1.273e+05
2.238e-01 1.262e+05
2.228e-01 1.218e+05
2.189e-01 1.299e+05
2.239e-01 1.140e+05
2.218e-01 1.220e+05
2.164e-01 1.267e+05
2.801e-01 8.237e+04
2.310e-01 1.166e+05
2.181e-01 1.279e+05
2.180e-01 1.253e+05
2.305e-01 1.194e+05
2.206e-01 1.258e+05
2.198e-01 1.244e+05
2.169e-01 1.254e+05
2.206e-01 1.279e+05
2.443e-01 1.054e+05
2.618e-01 7.572e+04
2.210e-01 1.232e+05
2.300e-01 1.182e+05
2.335e-01 1.187e+05
2.176e-01 1.251e+05
2.209e-01 1.236e+05
2.193e-01 1.188e+05
2.397e-01 9.476e+04
2.297e-01 1.186e+05
2.147e-01 1.288e+05
2.393e-01 9.681e+04
2.271e-01 1.175e+05
2.227e-01 1.127e+05
2.148e-01 1.276e+05
2.200e-01 1.213e+05
2.185e-01 1.214e+05
2.172e-01 1.246e+05
2.161e-01 1.308e+05
2.503e-01 8.139e+04
2.224e-01 1.246e+05
2.179e-01 1.237e+05
2.146e-01 1.315e+05
2.249e-01 1.242e+05
2.165e-01 1.279e+05
2.143e-01 1.270e+05
2.231e-01 1.241e+05
2.208e-01 1.246e+05
2.233e-01 1.212e+05
2.534e-01 9.847e+04
2.136e-01 1.303e+05
2.185e-01 1.224e+05
2.240e-01 1.260e+05
2.160e-01 1.313e+05
2.274e-01 1.200e+05
2.207e-01 1.259e+05
2.143e-01 1.295e+05
2.192e-01 1.237e+05
2.803e-01 8.363e+04
2.141e-01 1.292e+05
2.207e-01 1.246e+05
2.179e-01 1.247e+05
2.179e-01 1.294e+05
2.240e-01 1.222e+05
2.236e-01 1.234e+05
2.170e-01 1.269e+05
2.191e-01 1.240e+05
2.194e-01 1.235e+05
2.251e-01 1.210e+05
2.176e-01 1.288e+05
2.218e-01 1.237e+05
2.286e-01 1.215e+05
2.188e-01 1.228e+05
2.187e-01 1.288e+05
2.198e-01 1.215e+05
2.217e-01 1.182e+05
2.270e-01 1.188e+05
2.158e-01 1.298e+05
2.286e-01 1.201e+05
2.274e-01 1.171e+05
2.253e-01 1.172e+05
2.487e-01 9.579e+04
2.239e-01 1.187e+05
2.190e-01 1.270e+05
2.174e-01 1.256e+05
2.519e-01 9.618e+04
2.204e-01 1.251e+05
2.231e-01 1.215e+05
2.202e-01 1.207e+05
2.249e-01 1.247e+05
2.215e-01 1.210e+05
2.281e-01 1.223e+05
2.191e-01 1.231e+05
2.234e-01 1.235e+05
2.188e-01 1.195e+05
2.198e-01 1.208e+05
2.250e-01 1.174e+05
2.206e-01 1.234e+05
2.623e-01 7.770e+04
2.649e-01 9.029e+04
2.216e-01 1.271e+05
2.252e-01 1.172e+05
2.239e-01 1.220e+05
2.209e-01 1.233e+05
2.142e-01 1.271e+05
2.177e-01 1.281e+05
2.261e-01 1.139e+05
2.174e-01 1.270e+05
2.143e-01 1.283e+05
2.198e-01 1.244e+05
2.204e-01 1.209e+05
2.231e-01 1.244e+05
2.234e-01 1.239e+05
2.276e-01 1.182e+05
2.171e-01 1.267e+05
2.213e-01 1.271e+05
2.719e-01 7.206e+04
2.278e-01 1.145e+05
2.279e-01 1.161e+05
2.172e-01 1.278e+05
2.183e-01 1.292e+05
2.210e-01 1.259e+05
2.218e-01 1.206e+05
2.225e-01 1.246e+05
2.216e-01 1.279e+05
2.180e-01 1.273e+05
2.290e-01 1.175e+05
2.271e-01 1.230e+05
2.151e-01 1.284e+05
2.183e-01 1.247e+05
2.502e-01 9.701e+04
2.289e-01 1.139e+05
2.188e-01 1.244e+05
2.190e-01 1.238e+05
2.216e-01 1.221e+05
2.273e-01 1.160e+05
2.157e-01 1.248e+05
2.175e-01 1.284e+05
2.173e-01 1.201e+05
2.868e-01 7.146e+04
2.247e-01 1.186e+05
2.206e-01 1.186e+05
2.249e-01 1.226e+05
2.208e-01 1.245e+05
2.199e-01 1.247e+05
2.235e-01 1.168e+05
2.198e-01 1.240e+05
2.355e-01 1.149e+05
2.226e-01 1.231e+05
2.264e-01 1.189e+05
2.207e-01 1.231e+05
2.180e-01 1.263e+05
2.186e-01 1.274e+05
2.208e-01 1.241e+05
2.210e-01 1.242e+05
2.239e-01 1.198e+05
2.217e-01 1.199e+05
2.213e-01 1.228e+05
2.252e-01 1.231e+05
2.285e-01 1.153e+05
2.237e-01 1.241e+05
2.202e-01 1.259e+05
2.245e-01 1.209e+05
2.199e-01 1.288e+05
2.206e-01 1.251e+05
2.200e-01 1.280e+05
2.479e-01 9.036e+04
2.287e-01 1.208e+05
2.154e-01 1.280e+05
2.176e-01 1.264e+05
2.334e-01 1.160e+05
2.287e-01 1.147e+05
2.262e-01 1.204e+05
2.200e-01 1.243e+05
2.200e-01 1.255e+05
2.200e-01 1.259e+05
2.593e-01 9.009e+04
2.153e-01 1.312e+05
2.179e-01 1.271e+05
2.332e-01 1.114e+05
2.190e-01 1.254e+05
2.145e-01 1.308e+05
2.229e-01 1.259e+05
2.168e-01 1.275e+05
2.184e-01 1.228e+05
2.192e-01 1.299e+05
2.209e-01 1.256e+05
2.157e-01 1.294e+05
2.247e-01 1.243e+05
2.289e-01 1.164e+05
2.555e-01 9.368e+04
2.243e-01 1.180e+05
2.233e-01 1.201e+05
2.263e-01 1.234e+05
2.163e-01 1.251e+05
2.212e-01 1.273e+05
2.254e-01 1.196e+05
2.250e-01 1.196e+05
2.230e-01 1.223e+05
2.205e-01 1.248e+05
2.238e-01 1.207e+05
2.526e-01 9.468e+04
2.303e-01 1.151e+05
2.194e-01 1.223e+05
2.282e-01 1.118e+05
2.398e-01 1.033e+05
2.199e-01 1.249e+05
2.228e-01 1.236e+05
2.263e-01 1.196e+05
2.210e-01 1.249e+05
2.269e-01 1.188e+05
2.183e-01 1.260e+05
2.204e-01 1.254e+05
2.269e-01 1.236e+05
2.237e-01 1.212e+05
2.377e-01 1.016e+05
2.138e-01 1.298e+05
2.226e-01 1.192e+05
2.181e-01 1.270e+05
2.223e-01 1.248e+05
2.226e-01 1.229e+05
2.215e-01 1.258e+05
2.282e-01 1.218e+05
2.303e-01 1.071e+05
2.390e-01 1.105e+05
2.196e-01 1.200e+05
2.226e-01 1.244e+05
2.737e-01 7.724e+04
2.231e-01 1.136e+05
2.199e-01 1.263e+05
2.306e-01 1.196e+05
2.219e-01 1.215e+05
2.209e-01 1.288e+05
2.206e-01 1.245e+05
2.222e-01 1.264e+05
2.219e-01 1.201e+05
2.259e-01 1.207e+05
2.226e-01 1.217e+05
2.232e-01 1.264e+05
2.499e-01 1.011e+05
2.192e-01 1.219e+05
2.217e-01 1.230e+05
2.183e-01 1.290e+05
2.210e-01 1.268e+05
2.260e-01 1.208e+05
2.243e-01 1.190e+05
2.221e-01 1.207e+05
2.822e-01 7.502e+04
2.352e-01 1.157e+05
2.255e-01 1.215e+05
2.226e-01 1.271e+05
2.201e-01 1.221e+05
2.193e-01 1.251e+05
2.244e-01 1.208e+05
2.815e-01 7.845e+04
2.300e-01 1.191e+05
2.229e-01 1.226e+05
2.395e-01 1.104e+05
2.245e-01 1.178e+05
2.254e-01 1.188e+05
2.201e-01 1.202e+05
2.176e-01 1.258e+05
2.335e-01 1.021e+05
2.251e-01 1.232e+05
2.202e-01 1.238e+05
2.223e-01 1.234e+05
2.203e-01 1.237e+05
2.236e-01 1.218e+05
2.172e-01 1.262e+05
2.199e-01 1.268e+05
2.176e-01 1.313e+05
2.558e-01 9.252e+04
2.265e-01 1.194e+05
2.204e-01 1.237e+05
2.209e-01 1.251e+05
2.198e-01 1.220e+05
2.234e-01 1.270e+05
2.223e-01 1.254e+05
2.218e-01 1.224e+05
2.153e-01 1.314e+05
2.281e-01 1.215e+05
2.135e-01 1.299e+05
2.241e-01 1.214e+05
2.184e-01 1.289e+05
2.259e-01 1.190e+05
2.262e-01 1.235e+05
2.438e-01 1.002e+05
2.228e-01 1.202e+05
2.231e-01 1.211e+05
2.225e-01 1.234e+05
2.251e-01 1.198e+05
2.210e-01 1.195e+05
2.333e-01 1.165e+05
2.224e-01 1.203e+05
2.198e-01 1.249e+05
2.225e-01 1.207e+05
2.228e-01 1.216e+05
2.187e-01 1.283e+05
2.270e-01 1.200e+05
2.228e-01 1.236e+05
2.277e-01 1.183e+05
2.215e-01 1.231e+05
2.245e-01 1.221e+05
2.208e-01 1.261e+05
2.158e-01 1.267e+05
2.174e-01 1.224e+05
2.257e-01 1.188e+05
2.135e-01 1.298e+05
2.295e-01 1.143e+05
2.156e-01 1.304e+05
2.166e-01 1.255e+05
2.141e-01 1.319e+05
2.217e-01 1.260e+05
2.196e-01 1.211e+05
2.204e-01 1.189e+05
2.213e-01 1.238e+05
2.237e-01 1.198e+05
2.186e-01 1.243e+05
2.197e-01 1.266e+05
2.751e-01 8.294e+04
2.377e-01 1.040e+05
2.185e-01 1.275e+05
2.196e-01 1.227e+05
2.451e-01 9.827e+04
2.218e-01 1.254e+05
2.239e-01 1.203e+05
2.206e-01 1.292e+05
2.415e-01 9.725e+04
2.176e-01 1.267e+05
2.205e-01 1.274e+05
2.145e-01 1.273e+05
2.231e-01 1.182e+05
2.247e-01 1.225e+05
2.349e-01 9.880e+04
2.213e-01 1.244e+05
2.233e-01 1.209e+05
2.282e-01 1.221e+05
2.194e-01 1.252e+05
2.223e-01 1.226e+05
2.159e-01 1.300e+05
2.140e-01 1.286e+05
2.260e-01 1.223e+05
2.169e-01 1.232e+05
2.447e-01 9.493e+04
2.437e-01 1.029e+05
2.181e-01 1.263e+05
2.239e-01 1.253e+05
2.178e-01 1.281e+05
2.276e-01 1.226e+05
2.181e-01 1.205e+05
2.675e-01 7.073e+04
2.210e-01 1.286e+05
2.156e-01 1.311e+05
2.217e-01 1.211e+05
2.193e-01 1.218e+05
2.215e-01 1.182e+05
2.358e-01 1.094e+05
2.199e-01 1.240e+05
2.303e-01 1.178e+05
2.217e-01 1.251e+05
2.182e-01 1.246e+05
2.338e-01 1.138e+05
2.398e-01 1.125e+05
2.208e-01 1.267e+05
2.596e-01 9.149e+04
2.258e-01 1.197e+05
2.178e-01 1.267e+05
2.178e-01 1.244e+05
2.174e-01 1.282e+05
2.271e-01 1.150e+05
2.253e-01 1.216e+05
2.195e-01 1.242e+05
2.432e-01 8.112e+04
2.241e-01 1.256e+05
2.217e-01 1.204e+05
2.178e-01 1.276e+05
2.288e-01 1.228e+05
2.154e-01 1.304e+05
2.213e-01 1.246e+05
2.237e-01 1.218e+05
2.246e-01 1.213e+05
2.667e-01 8.719e+04
2.286e-01 1.156e+05
2.221e-01 1.221e+05
2.150e-01 1.304e+05
2.208e-01 1.292e+05
2.208e-01 1.276e+05
2.314e-01 1.127e+05
2.610e-01 8.879e+04
2.201e-01 1.251e+05
2.296e-01 1.216e+05
2.238e-01 1.201e+05
2.220e-01 1.230e+05
2.170e-01 1.287e+05
2.252e-01 1.263e+05
2.187e-01 1.258e+05
2.163e-01 1.281e+05
2.168e-01 1.304e+05
2.204e-01 1.255e+05
2.178e-01 1.278e+05
2.210e-01 1.219e+05
2.166e-01 1.231e+05
2.163e-01 1.277e+05
2.156e-01 1.273e+05
2.246e-01 1.237e+05
2.616e-01 8.550e+04
2.178e-01 1.274e+05
2.208e-01 1.259e+05
2.355e-01 1.152e+05
2.212e-01 1.263e+05
2.184e-01 1.261e+05
2.182e-01 1.296e+05
2.234e-01 1.261e+05
2.197e-01 1.292e+05
2.177e-01 1.220e+05
2.227e-01 1.250e+05
2.420e-01 9.931e+04
2.192e-01 1.228e+05
2.288e-01 1.116e+05
2.207e-01 1.201e+05
2.713e-01 7.996e+04
2.225e-01 1.236e+05
2.177e-01 1.273e+05
2.328e-01 1.172e+05
2.265e-01 1.168e+05
2.256e-01 1.207e+05
2.242e-01 1.254e+05
2.761e-01 7.350e+04
2.214e-01 1.265e+05
2.177e-01 1.268e+05
2.327e-01 1.085e+05
2.156e-01 1.265e+05
2.220e-01 1.250e+05
2.220e-01 1.234e+05
2.313e-01 1.152e+05
2.155e-01 1.306e+05
2.253e-01 1.196e+05
2.762e-01 7.402e+04
2.186e-01 1.240e+05
2.248e-01 1.190e+05
2.302e-01 1.181e+05
2.608e-01 7.285e+04
2.190e-01 1.272e+05
2.158e-01 1.280e+05
2.181e-01 1.262e+05
2.280e-01 1.151e+05
2.568e-01 9.278e+04
2.211e-01 1.256e+05
2.236e-01 1.208e+05
2.291e-01 1.166e+05
2.166e-01 1.297e+05
2.205e-01 1.244e+05
2.299e-01 1.178e+05
2.199e-01 1.262e+05
2.318e-01 1.167e+05
2.195e-01 1.226e+05
2.305e-01 1.170e+05
2.195e-01 1.272e+05
2.248e-01 1.205e+05
2.227e-01 1.213e+05
2.245e-01 1.176e+05
2.270e-01 1.202e+05
2.260e-01 1.170e+05
2.192e-01 1.264e+05
2.222e-01 1.215e+05
2.204e-01 1.250e+05
2.223e-01 1.269e+05
2.264e-01 1.234e+05
2.242e-01 1.235e+05
2.161e-01 1.259e+05
2.249e-01 1.231e+05
2.326e-01 1.109e+05
2.209e-01 1.220e+05
2.137e-01 1.305e+05
2.206e-01 1.233e+05
2.134e-01 1.284e+05
2.175e-01 1.287e+05
2.187e-01 1.268e+05
2.307e-01 1.090e+05
2.297e-01 1.174e+05
2.269e-01 1.174e+05
2.151e-01 1.308e+05
2.154e-01 1.250e+05
2.169e-01 1.287e+05
2.230e-01 1.201e+05
2.199e-01 1.262e+05
2.152e-01 1.302e+05
2.183e-01 1.223e+05
2.605e-01 8.126e+04
2.209e-01 1.266e+05
2.249e-01 1.236e+05
2.222e-01 1.235e+05
2.280e-01 1.214e+05
2.182e-01 1.263e+05
2.390e-01 9.336e+04
2.196e-01 1.236e+05
2.172e-01 1.299e+05
2.200e-01 1.245e+05
2.198e-01 1.222e+05
2.608e-01 8.093e+04
2.154e-01 1.267e+05
2.252e-01 1.196e+05
2.165e-01 1.281e+05
2.168e-01 1.266e+05
2.217e-01 1.219e+05
2.358e-01 1.128e+05
2.169e-01 1.262e+05
2.173e-01 1.285e+05
2.212e-01 1.244e+05
2.211e-01 1.244e+05
2.190e-01 1.284e+05
2.206e-01 1.232e+05
2.222e-01 1.241e+05
2.179e-01 1.276e+05
2.155e-01 1.251e+05
2.220e-01 1.245e+05
2.262e-01 1.216e+05
2.261e-01 1.203e+05
2.183e-01 1.227e+05
2.168e-01 1.316e+05
2.583e-01 8.640e+04
2.347e-01 9.753e+04
2.249e-01 1.184e+05
2.215e-01 1.236e+05
2.190e-01 1.270e+05
2.212e-01 1.251e+05
2.533e-01 9.046e+04
2.454e-01 9.240e+04
2.203e-01 1.231e+05
2.203e-01 1.261e+05
2.285e-01 1.160e+05
2.229e-01 1.160e+05
2.213e-01 1.247e+05
2.260e-01 1.195e+05
2.225e-01 1.222e+05
2.565e-01 8.269e+04
2.248e-01 1.215e+05
2.234e-01 1.247e+05
2.180e-01 1.288e+05
2.243e-01 1.204e+05
2.178e-01 1.271e+05
2.217e-01 1.256e+05
2.730e-01 8.282e+04
2.339e-01 1.143e+05
2.148e-01 1.312e+05
2.288e-01 1.223e+05
2.204e-01 1.235e+05
2.167e-01 1.265e+05
2.248e-01 1.254e+05
2.342e-01 1.126e+05
2.187e-01 1.243e+05
2.192e-01 1.251e+05
2.168e-01 1.228e+05
2.218e-01 1.237e+05
2.184e-01 1.266e+05
2.288e-01 1.157e+05
2.384e-01 1.153e+05
2.236e-01 1.226e+05
2.226e-01 1.220e+05
2.225e-01 1.253e+05
2.200e-01 1.243e+05
2.216e-01 1.185e+05
2.140e-01 1.323e+05
2.266e-01 1.199e+05
2.241e-01 1.221e+05
2.345e-01 1.155e+05
2.231e-01 1.199e+05
2.754e-01 7.812e+04
2.229e-01 1.229e+05
2.151e-01 1.265e+05
2.722e-01 8.048e+04
2.267e-01 1.176e+05
2.226e-01 1.214e+05
2.197e-01 1.251e+05
2.308e-01 1.123e+05
2.187e-01 1.274e+05
2.196e-01 1.160e+05
2.213e-01 1.233e+05
2.160e-01 1.314e+05
2.453e-01 1.018e+05
2.208e-01 1.252e+05
2.173e-01 1.280e+05
2.237e-01 1.223e+05
2.172e-01 1.247e+05
2.173e-01 1.276e+05
2.204e-01 1.235e+05
2.182e-01 1.204e+05
2.203e-01 1.285e+05
2.161e-01 1.271e+05
2.211e-01 1.234e+05
2.206e-01 1.183e+05
2.194e-01 1.269e+05
2.205e-01 1.273e+05
2.255e-01 1.200e+05
2.278e-01 1.196e+05
2.577e-01 7.847e+04
2.153e-01 1.293e+05
2.220e-01 1.273e+05
2.220e-01 1.198e+05
2.236e-01 1.189e+05
2.478e-01 8.814e+04
2.147e-01 1.288e+05
2.228e-01 1.233e+05
2.171e-01 1.295e+05
2.361e-01 1.058e+05
2.970e-01 7.005e+04
2.190e-01 1.262e+05
2.525e-01 9.846e+04
2.236e-01 1.235e+05
2.233e-01 1.206e+05
2.154e-01 1.298e+05
2.182e-01 1.258e+05
2.280e-01 1.200e+05
2.213e-01 1.229e+05
2.231e-01 1.219e+05
2.188e-01 1.259e+05
2.393e-01 1.059e+05
2.234e-01 1.193e+05
2.214e-01 1.226e+05
2.229e-01 1.214e+05
2.330e-01 1.165e+05
2.286e-01 1.157e+05
2.193e-01 1.200e+05
2.246e-01 1.210e+05
2.193e-01 1.261e+05
2.158e-01 1.291e+05
2.161e-01 1.283e+05
2.239e-01 1.262e+05
2.190e-01 1.273e+05
2.269e-01 1.241e+05
2.236e-01 1.220e+05
2.236e-01 1.223e+05
2.175e-01 1.201e+05
2.647e-01 8.512e+04
2.683e-01 7.669e+04
2.247e-01 1.211e+05
2.209e-01 1.186e+05
2.171e-01 1.250e+05
2.143e-01 1.274e+05
2.229e-01 1.259e+05
2.216e-01 1.241e+05
2.354e-01 1.022e+05
2.209e-01 1.253e+05
2.321e-01 1.161e+05
2.183e-01 1.267e+05
2.211e-01 1.235e+05
2.444e-01 1.065e+05
2.216e-01 1.266e+05
2.191e-01 1.280e+05
2.240e-01 1.217e+05
2.192e-01 1.273e+05
2.254e-01 1.237e+05
2.155e-01 1.267e+05
2.185e-01 1.254e+05
2.279e-01 1.174e+05
2.153e-01 1.246e+05
2.230e-01 1.230e+05
2.185e-01 1.209e+05
2.199e-01 1.279e+05
2.189e-01 1.269e+05
2.146e-01 1.295e+05
2.702e-01 8.096e+04
2.714e-01 7.406e+04
2.201e-01 1.269e+05
2.187e-01 1.296e+05
2.228e-01 1.228e+05
2.208e-01 1.290e+05
2.354e-01 1.071e+05
2.219e-01 1.237e+05
2.216e-01 1.241e+05
2.609e-01 8.378e+04
2.186e-01 1.248e+05
2.201e-01 1.196e+05
2.326e-01 1.156e+05
2.239e-01 1.198e+05
2.212e-01 1.154e+05
2.237e-01 1.228e+05
2.355e-01 1.114e+05
2.300e-01 1.170e+05
2.219e-01 1.223e+05
2.204e-01 1.247e+05
2.294e-01 1.136e+05
2.217e-01 1.256e+05
2.165e-01 1.298e+05
2.246e-01 1.236e+05
2.247e-01 1.190e+05
2.171e-01 1.248e+05
2.240e-01 1.228e+05
2.186e-01 1.261e+05
2.208e-01 1.226e+05
2.205e-01 1.246e+05
2.146e-01 1.286e+05
2.611e-01 8.484e+04
2.262e-01 1.146e+05
2.221e-01 1.246e+05
2.212e-01 1.271e+05
2.233e-01 1.250e+05
2.158e-01 1.302e+05
2.220e-01 1.275e+05
2.184e-01 1.278e+05
2.209e-01 1.244e+05
2.216e-01 1.205e+05
2.182e-01 1.276e+05
2.205e-01 1.229e+05
2.220e-01 1.252e+05
2.210e-01 1.219e+05
2.204e-01 1.232e+05
2.137e-01 1.295e+05
2.232e-01 1.186e+05
2.212e-01 1.253e+05
2.234e-01 1.237e+05
2.178e-01 1.276e+05
2.207e-01 1.264e+05
2.231e-01 1.218e+05
2.212e-01 1.244e+05
2.212e-01 1.227e+05
2.252e-01 1.185e+05
2.229e-01 1.228e+05
2.232e-01 1.241e+05
2.243e-01 1.213e+05
2.136e-01 1.292e+05
2.196e-01 1.243e+05
2.284e-01 1.212e+05
2.207e-01 1.238e+05
2.291e-01 1.130e+05
2.531e-01 8.912e+04
2.252e-01 1.145e+05
2.264e-01 1.204e+05
2.201e-01 1.260e+05
2.249e-01 1.110e+05
2.172e-01 1.284e+05
2.168e-01 1.257e+05
2.198e-01 1.283e+05
2.160e-01 1.277e+05
2.214e-01 1.253e+05
2.187e-01 1.262e+05
2.193e-01 1.255e+05
2.178e-01 1.273e+05
2.182e-01 1.280e+05
2.214e-01 1.217e+05
2.208e-01 1.228e+05
2.182e-01 1.275e+05
2.190e-01 1.256e+05
2.192e-01 1.279e+05
2.246e-01 1.251e+05
2.210e-01 1.242e+05
2.278e-01 1.207e+05
2.208e-01 1.290e+05
2.191e-01 1.242e+05
2.212e-01 1.255e+05
2.186e-01 1.268e+05
2.272e-01 1.156e+05
2.598e-01 9.474e+04
2.725e-01 6.846e+04
2.203e-01 1.228e+05
2.512e-01 9.744e+04
2.257e-01 1.194e+05
2.217e-01 1.252e+05
2.228e-01 1.223e+05
2.324e-01 1.123e+05
2.200e-01 1.246e+05
2.202e-01 1.219e+05
2.179e-01 1.254e+05
2.192e-01 1.259e+05
2.450e-01 9.454e+04
2.177e-01 1.235e+05
2.177e-01 1.290e+05
2.150e-01 1.243e+05
2.192e-01 1.284e+05
2.225e-01 1.211e+05
2.228e-01 1.237e+05
2.186e-01 1.260e+05
2.213e-01 1.252e+05
2.249e-01 1.211e+05
2.231e-01 1.220e+05
2.161e-01 1.264e+05
2.250e-01 1.145e+05
2.210e-01 1.231e+05
2.226e-01 1.232e+05
2.293e-01 1.108e+05
2.180e-01 1.262e+05
2.215e-01 1.228e+05
2.138e-01 1.279e+05
2.228e-01 1.244e+05
2.172e-01 1.303e+05
2.247e-01 1.195e+05
2.141e-01 1.306e+05
2.216e-01 1.226e+05
2.294e-01 1.159e+05
2.198e-01 1.249e+05
2.187e-01 1.259e+05
2.211e-01 1.245e+05
2.163e-01 1.318e+05
2.180e-01 1.273e+05
2.229e-01 1.129e+05
2.749e-01 6.983e+04
2.191e-01 1.263e+05
2.301e-01 1.163e+05
2.161e-01 1.311e+05
2.331e-01 1.134e+05
2.203e-01 1.285e+05
2.235e-01 1.246e+05
2.162e-01 1.282e+05
2.202e-01 1.280e+05
2.226e-01 1.169e+05
2.375e-01 1.024e+05
2.170e-01 1.263e+05
2.196e-01 1.242e+05
2.775e-01 7.731e+04
2.229e-01 1.167e+05
2.254e-01 1.175e+05
2.158e-01 1.257e+05
2.198e-01 1.233e+05
2.210e-01 1.208e+05
2.739e-01 7.533e+04
2.264e-01 1.241e+05
2.214e-01 1.277e+05
2.252e-01 1.177e+05
2.247e-01 1.250e+05
2.303e-01 1.150e+05
2.180e-01 1.275e+05
2.157e-01 1.311e+05
2.200e-01 1.182e+05
2.190e-01 1.272e+05
2.227e-01 1.187e+05
2.205e-01 1.267e+05
2.201e-01 1.239e+05
2.217e-01 1.226e+05
2.280e-01 1.188e+05
2.257e-01 1.202e+05
2.206e-01 1.263e+05
2.175e-01 1.234e+05
2.297e-01 1.070e+05
2.268e-01 1.207e+05
2.162e-01 1.299e+05
2.276e-01 1.195e+05
2.229e-01 1.201e+05
2.216e-01 1.277e+05
2.236e-01 1.200e+05
2.173e-01 1.284e+05
2.238e-01 1.210e+05
2.189e-01 1.253e+05
2.220e-01 1.253e+05
2.400e-01 1.038e+05
2.297e-01 1.144e+05
2.227e-01 1.260e+05
2.234e-01 1.220e+05
2.244e-01 1.254e+05
2.249e-01 1.205e+05
2.168e-01 1.273e+05
2.249e-01 1.230e+05
2.223e-01 1.247e+05
2.144e-01 1.316e+05
2.199e-01 1.231e+05
2.281e-01 1.205e+05
2.376e-01 1.127e+05
2.232e-01 1.231e+05
2.246e-01 1.263e+05
2.204e-01 1.243e+05
2.319e-01 1.181e+05
2.296e-01 1.151e+05
2.162e-01 1.282e+05
2.224e-01 1.249e+05
2.186e-01 1.260e+05
2.185e-01 1.247e+05
2.216e-01 1.243e+05
2.260e-01 1.239e+05
2.210e-01 1.270e+05
2.176e-01 1.253e+05
2.235e-01 1.193e+05
2.252e-01 1.205e+05
2.258e-01 1.200e+05
2.159e-01 1.256e+05
2.343e-01 1.145e+05
2.258e-01 1.207e+05
2.408e-01 1.011e+05
2.222e-01 1.231e+05
2.212e-01 1.267e+05
2.168e-01 1.251e+05
2.466e-01 9.810e+04
2.251e-01 1.243e+05
2.254e-01 1.190e+05
2.204e-01 1.264e+05
2.255e-01 1.198e+05
2.236e-01 1.206e+05
2.241e-01 1.195e+05
2.164e-01 1.264e+05
2.265e-01 1.216e+05
2.218e-01 1.244e+05
2.283e-01 1.197e+05
2.214e-01 1.238e+05
2.204e-01 1.248e+05
2.225e-01 1.238e+05
2.195e-01 1.275e+05
2.280e-01 1.184e+05
2.277e-01 1.186e+05
2.234e-01 1.213e+05
2.168e-01 1.260e+05
2.230e-01 1.194e+05
2.249e-01 1.251e+05
2.216e-01 1.230e+05
2.159e-01 1.233e+05
2.190e-01 1.268e+05
2.252e-01 1.205e+05
2.236e-01 1.229e+05
2.245e-01 1.165e+05
2.295e-01 1.175e+05
2.231e-01 1.255e+05
2.191e-01 1.220e+05
2.197e-01 1.261e+05
2.143e-01 1.299e+05
2.184e-01 1.269e+05
2.226e-01 1.260e+05
2.276e-01 1.199e+05
2.237e-01 1.253e+05
2.202e-01 1.254e+05
2.195e-01 1.253e+05
2.236e-01 1.226e+05
2.165e-01 1.228e+05
2.173e-01 1.258e+05
2.235e-01 1.250e+05
2.180e-01 1.298e+05
2.713e-01 7.914e+04
2.258e-01 1.177e+05
2.480e-01 9.236e+04
2.202e-01 1.266e+05
2.231e-01 1.252e+05
2.232e-01 1.199e+05
2.172e-01 1.231e+05
2.181e-01 1.242e+05
2.228e-01 1.245e+05
2.205e-01 1.268e+05
2.161e-01 1.258e+05
2.181e-01 1.283e+05
2.164e-01 1.303e+05
2.261e-01 1.217e+05
2.233e-01 1.264e+05
2.201e-01 1.281e+05
2.191e-01 1.281e+05
2.206e-01 1.259e+05
2.277e-01 1.194e+05
2.272e-01 1.190e+05
2.269e-01 1.217e+05
2.265e-01 1.230e+05
2.251e-01 1.202e+05
2.225e-01 1.228e+05
2.233e-01 1.211e+05
2.277e-01 1.199e+05
2.240e-01 1.210e+05
2.328e-01 1.169e+05
2.335e-01 1.079e+05
2.238e-01 1.233e+05
2.330e-01 1.053e+05
2.220e-01 1.240e+05
2.235e-01 1.190e+05
2.150e-01 1.268e+05
2.207e-01 1.239e+05
2.151e-01 1.311e+05
2.178e-01 1.261e+05
2.210e-01 1.249e+05
2.180e-01 1.287e+05
2.218e-01 1.199e+05
2.256e-01 1.226e+05
2.748e-01 7.868e+04
2.207e-01 1.268e+05
2.239e-01 1.157e+05
2.222e-01 1.276e+05
2.655e-01 7.671e+04
2.193e-01 1.256e+05
2.206e-01 1.221e+05
2.246e-01 1.191e+05
2.568e-01 8.489e+04
2.234e-01 1.251e+05
2.297e-01 1.192e+05
2.158e-01 1.302e+05
2.223e-01 1.201e+05
2.180e-01 1.277e+05
2.291e-01 1.171e+05
2.301e-01 1.222e+05
2.293e-01 1.147e+05
2.254e-01 1.223e+05
2.304e-01 1.087e+05
2.245e-01 1.228e+05
2.220e-01 1.176e+05
2.198e-01 1.243e+05
2.166e-01 1.285e+05
2.194e-01 1.267e+05
2.146e-01 1.263e+05
2.518e-01 9.655e+04
2.370e-01 1.083e+05
2.161e-01 1.284e+05
2.189e-01 1.246e+05
2.220e-01 1.164e+05
2.210e-01 1.249e+05
2.373e-01 1.003e+05
2.899e-01 7.103e+04
2.235e-01 1.212e+05
2.271e-01 1.112e+05
2.243e-01 1.248e+05
2.209e-01 1.264e+05
2.275e-01 1.078e+05
2.188e-01 1.299e+05
2.206e-01 1.262e+05
2.241e-01 1.213e+05
2.212e-01 1.246e+05
2.242e-01 1.251e+05
2.201e-01 1.232e+05
2.264e-01 1.189e+05
2.260e-01 1.156e+05
2.190e-01 1.263e+05
2.233e-01 1.237e+05
2.149e-01 1.316e+05
2.235e-01 1.231e+05
2.221e-01 1.240e+05
2.227e-01 1.269e+05
2.207e-01 1.273e+05
2.194e-01 1.262e+05
2.191e-01 1.232e+05
2.350e-01 1.116e+05
2.206e-01 1.214e+05
2.292e-01 1.202e+05
2.226e-01 1.251e+05
2.154e-01 1.245e+05
2.233e-01 1.228e+05
2.208e-01 1.240e+05
2.206e-01 1.195e+05
2.265e-01 1.186e+05
2.280e-01 1.212e+05
2.154e-01 1.255e+05
2.242e-01 1.216e+05
2.259e-01 1.192e+05
2.445e-01 1.008e+05
2.195e-01 1.238e+05
2.210e-01 1.270e+05
2.319e-01 1.147e+05
2.247e-01 1.244e+05
2.208e-01 1.221e+05
2.186e-01 1.294e+05
2.150e-01 1.268e+05
2.260e-01 1.206e+05
2.148e-01 1.275e+05
2.192e-01 1.225e+05
2.221e-01 1.240e+05
2.143e-01 1.317e+05
2.239e-01 1.166e+05
2.198e-01 1.266e+05
2.230e-01 1.187e+05
2.215e-01 1.241e+05
2.235e-01 1.199e+05
2.210e-01 1.252e+05
2.225e-01 1.193e+05
2.151e-01 1.270e+05
2.157e-01 1.290e+05
2.244e-01 1.206e+05
2.227e-01 1.162e+05
2.185e-01 1.274e+05
2.227e-01 1.239e+05
2.181e-01 1.202e+05
2.159e-01 1.296e+05
2.604e-01 8.438e+04
2.211e-01 1.215e+05
2.269e-01 1.180e+05
2.162e-01 1.247e+05
2.209e-01 1.272e+05
2.234e-01 1.187e+05
2.250e-01 1.212e+05
2.345e-01 1.115e+05
2.221e-01 1.232e+05
2.286e-01 1.183e+05
2.187e-01 1.284e+05
2.228e-01 1.175e+05
2.239e-01 1.263e+05
2.499e-01 9.903e+04
2.168e-01 1.260e+05
2.151e-01 1.278e+05
2.219e-01 1.261e+05
2.203e-01 1.241e+05
2.148e-01 1.289e+05
2.321e-01 1.136e+05
2.354e-01 1.071e+05
2.230e-01 1.228e+05
2.197e-01 1.252e+05
2.183e-01 1.232e+05
2.203e-01 1.221e+05
2.227e-01 1.237e+05
2.218e-01 1.247e+05
2.171e-01 1.226e+05
2.248e-01 1.223e+05
2.229e-01 1.222e+05
2.148e-01 1.277e+05
2.246e-01 1.251e+05
2.216e-01 1.274e+05
2.231e-01 1.200e+05
2.328e-01 1.177e+05
2.265e-01 1.216e+05
2.285e-01 1.160e+05
2.544e-01 8.722e+04
2.252e-01 1.227e+05
2.258e-01 1.195e+05
2.237e-01 1.221e+05
2.180e-01 1.270e+05
2.211e-01 1.223e+05
2.326e-01 1.172e+05
2.223e-01 1.222e+05
2.274e-01 1.185e+05
2.230e-01 1.212e+05
2.182e-01 1.269e+05
2.204e-01 1.234e+05
2.144e-01 1.283e+05
2.219e-01 1.249e+05
2.237e-01 1.242e+05
2.231e-01 1.227e+05
2.160e-01 1.279e+05
2.149e-01 1.318e+05
2.158e-01 1.318e+05
2.239e-01 1.221e+05
2.216e-01 1.181e+05
2.153e-01 1.248e+05
2.149e-01 1.317e+05
2.235e-01 1.223e+05
2.213e-01 1.242e+05
2.144e-01 1.302e+05
2.242e-01 1.214e+05
2.491e-01 9.360e+04
2.223e-01 1.268e+05
2.319e-01 1.097e+05
2.297e-01 1.154e+05
2.186e-01 1.296e+05
2.203e-01 1.251e+05
2.157e-01 1.239e+05
2.249e-01 1.211e+05
2.183e-01 1.265e+05
2.163e-01 1.260e+05
2.185e-01 1.220e+05
2.158e-01 1.270e+05
2.316e-01 1.172e+05
2.229e-01 1.212e+05
2.198e-01 1.243e+05
2.264e-01 1.187e+05
2.212e-01 1.185e+05
2.279e-01 1.136e+05
2.206e-01 1.248e+05
2.293e-01 1.200e+05
2.221e-01 1.237e+05
2.269e-01 1.227e+05
2.201e-01 1.283e+05
2.185e-01 1.235e+05
2.258e-01 1.214e+05
2.515e-01 9.119e+04
2.200e-01 1.246e+05
2.140e-01 1.282e+05
2.219e-01 1.219e+05
2.261e-01 1.227e+05
2.200e-01 1.252e+05
2.243e-01 1.158e+05
2.203e-01 1.273e+05
2.157e-01 1.310e+05
2.245e-01 1.191e+05
2.159e-01 1.298e+05
2.215e-01 1.209e+05
2.211e-01 1.244e+05
2.243e-01 1.172e+05
2.211e-01 1.254e+05
2.197e-01 1.240e+05
2.228e-01 1.198e+05
2.176e-01 1.267e+05
2.155e-01 1.265e+05
2.180e-01 1.256e+05
2.166e-01 1.260e+05
2.199e-01 1.219e+05
2.200e-01 1.241e+05
2.169e-01 1.280e+05
2.214e-01 1.238e+05
2.210e-01 1.225e+05
2.196e-01 1.227e+05
2.222e-01 1.275e+05
2.202e-01 1.260e+05
2.210e-01 1.234e+05
2.201e-01 1.262e+05
2.501e-01 8.695e+04
2.420e-01 1.024e+05
2.173e-01 1.292e+05
2.206e-01 1.226e+05
2.169e-01 1.250e+05
2.250e-01 1.233e+05
2.186e-01 1.257e+05
2.445e-01 1.068e+05
2.244e-01 1.212e+05
2.201e-01 1.255e+05
2.446e-01 1.037e+05
2.169e-01 1.314e+05
2.208e-01 1.168e+05
2.243e-01 1.210e+05
2.267e-01 1.170e+05
2.268e-01 1.159e+05
2.190e-01 1.265e+05
2.265e-01 1.167e+05
2.176e-01 1.262e+05
2.202e-01 1.224e+05
2.370e-01 1.115e+05
2.244e-01 1.230e+05
2.162e-01 1.307e+05
2.188e-01 1.240e+05
2.228e-01 1.210e+05
2.203e-01 1.255e+05
2.177e-01 1.246e+05
2.217e-01 1.233e+05
2.246e-01 1.220e+05
2.264e-01 1.185e+05
2.545e-01 9.283e+04
2.520e-01 9.473e+04
2.232e-01 1.220e+05
2.243e-01 1.170e+05
2.217e-01 1.210e+05
2.331e-01 1.135e+05
2.160e-01 1.258e+05
2.263e-01 1.189e+05
2.180e-01 1.300e+05
2.188e-01 1.263e+05
2.358e-01 1.090e+05
2.561e-01 8.647e+04
2.220e-01 1.179e+05
2.191e-01 1.285e+05
2.204e-01 1.261e+05
2.808e-01 7.261e+04
2.497e-01 1.007e+05
2.288e-01 1.199e+05
2.207e-01 1.231e+05
2.472e-01 1.021e+05
2.482e-01 1.029e+05
2.190e-01 1.202e+05
2.236e-01 1.214e+05
2.180e-01 1.259e+05
2.234e-01 1.221e+05
2.177e-01 1.242e+05
2.401e-01 1.036e+05
2.213e-01 1.216e+05
2.245e-01 1.215e+05
2.159e-01 1.290e+05
2.259e-01 1.182e+05
2.268e-01 1.186e+05
2.231e-01 1.217e+05
2.412e-01 1.012e+05
2.197e-01 1.224e+05
2.288e-01 1.199e+05
2.209e-01 1.214e+05
2.209e-01 1.250e+05
2.250e-01 1.241e+05
2.217e-01 1.212e+05
2.341e-01 1.004e+05
2.236e-01 1.224e+05
2.212e-01 1.235e+05
2.254e-01 1.188e+05
2.413e-01 1.019e+05
2.243e-01 1.215e+05
2.376e-01 1.080e+05
2.384e-01 1.078e+05
2.227e-01 1.201e+05
2.539e-01 8.949e+04
2.180e-01 1.270e+05
2.251e-01 1.178e+05
2.172e-01 1.263e+05
2.240e-01 1.241e+05
2.217e-01 1.223e+05
2.175e-01 1.278e+05
2.253e-01 1.177e+05
2.210e-01 1.236e+05
2.185e-01 1.280e+05
2.197e-01 1.287e+05
2.269e-01 1.219e+05
2.170e-01 1.252e+05
2.157e-01 1.265e+05
2.740e-01 7.727e+04
2.354e-01 1.004e+05
2.603e-01 9.001e+04
2.281e-01 1.187e+05
2.222e-01 1.257e+05
2.203e-01 1.268e+05
2.223e-01 1.205e+05
2.276e-01 1.113e+05
2.318e-01 1.137e+05
2.380e-01 1.043e+05
2.169e-01 1.252e+05
2.284e-01 1.217e+05
2.207e-01 1.191e+05
2.284e-01 1.191e+05
2.274e-01 1.169e+05
2.150e-01 1.282e+05
2.168e-01 1.273e+05
2.234e-01 1.259e+05
2.196e-01 1.250e+05
2.183e-01 1.217e+05
2.244e-01 1.189e+05
2.220e-01 1.204e+05
2.205e-01 1.195e+05
2.258e-01 1.250e+05
2.256e-01 1.166e+05
2.629e-01 8.701e+04
2.214e-01 1.205e+05
2.189e-01 1.192e+05
2.213e-01 1.162e+05
2.156e-01 1.277e+05
2.228e-01 1.225e+05
2.216e-01 1.243e+05
2.182e-01 1.264e+05
2.271e-01 1.184e+05
2.266e-01 1.181e+05
2.204e-01 1.263e+05
2.177e-01 1.220e+05
2.191e-01 1.283e+05
2.219e-01 1.231e+05
2.525e-01 8.956e+04
2.153e-01 1.260e+05
2.206e-01 1.206e+05
2.221e-01 1.259e+05
2.221e-01 1.172e+05
2.189e-01 1.239e+05
2.245e-01 1.201e+05
2.220e-01 1.217e+05
2.152e-01 1.313e+05
2.209e-01 1.238e+05
2.238e-01 1.238e+05
2.449e-01 8.944e+04
2.164e-01 1.309e+05
2.162e-01 1.261e+05
2.210e-01 1.256e+05
2.295e-01 1.118e+05
2.170e-01 1.274e+05
2.223e-01 1.171e+05
2.212e-01 1.229e+05
2.214e-01 1.248e+05
2.334e-01 1.103e+05
2.762e-01 7.390e+04
2.367e-01 1.048e+05
2.269e-01 1.189e+05
2.190e-01 1.264e+05
2.220e-01 1.270e+05
2.602e-01 8.299e+04
2.249e-01 1.248e+05
2.146e-01 1.317e+05
2.144e-01 1.319e+05
2.209e-01 1.176e+05
2.342e-01 1.098e+05
2.234e-01 1.243e+05
2.194e-01 1.206e+05
2.631e-01 7.950e+04
2.214e-01 1.252e+05
2.237e-01 1.202e+05
2.194e-01 1.244e+05
2.164e-01 1.267e+05
2.205e-01 1.271e+05
2.198e-01 1.274e+05
2.212e-01 1.264e+05
2.319e-01 1.187e+05
2.365e-01 1.104e+05
2.398e-01 1.003e+05
2.199e-01 1.250e+05
2.218e-01 1.224e+05
2.140e-01 1.281e+05
2.159e-01 1.247e+05
2.624e-01 8.685e+04
2.498e-01 8.919e+04
2.285e-01 1.233e+05
2.214e-01 1.212e+05
2.738e-01 7.575e+04
2.176e-01 1.276e+05
2.460e-01 9.877e+04
2.198e-01 1.197e+05
2.176e-01 1.247e+05
2.624e-01 7.583e+04
2.216e-01 1.242e+05
2.232e-01 1.230e+05
2.229e-01 1.228e+05
2.375e-01 9.824e+04
2.207e-01 1.205e+05
2.766e-01 8.373e+04
2.251e-01 1.218e+05
2.211e-01 1.237e+05
2.660e-01 7.608e+04
2.203e-01 1.257e+05
2.264e-01 1.201e+05
2.195e-01 1.237e+05
2.195e-01 1.254e+05
2.255e-01 1.232e+05
2.192e-01 1.251e+05
2.262e-01 1.234e+05
2.222e-01 1.242e+05
2.214e-01 1.223e+05
2.200e-01 1.223e+05
2.242e-01 1.216e+05
2.186e-01 1.230e+05
2.232e-01 1.245e+05
2.226e-01 1.227e+05
2.194e-01 1.266e+05
2.266e-01 1.250e+05
2.179e-01 1.260e+05
2.273e-01 1.226e+05
2.170e-01 1.295e+05
2.179e-01 1.251e+05
2.229e-01 1.209e+05
2.201e-01 1.274e+05
2.173e-01 1.292e+05
2.292e-01 1.097e+05
2.266e-01 1.217e+05
2.287e-01 1.192e+05
2.193e-01 1.235e+05
2.423e-01 1.001e+05
2.282e-01 1.162e+05
2.291e-01 1.089e+05
2.222e-01 1.243e+05
2.224e-01 1.194e+05
2.212e-01 1.248e+05
2.158e-01 1.249e+05
2.217e-01 1.244e+05
2.260e-01 1.224e+05
2.147e-01 1.325e+05
2.256e-01 1.203e+05
2.224e-01 1.168e+05
2.230e-01 1.210e+05
2.227e-01 1.249e+05
2.192e-01 1.260e+05
2.235e-01 1.231e+05
2.293e-01 1.221e+05
2.145e-01 1.288e+05
2.210e-01 1.273e+05
2.642e-01 9.228e+04
2.333e-01 1.091e+05
2.201e-01 1.255e+05
2.269e-01 1.215e+05
2.197e-01 1.261e+05
2.225e-01 1.192e+05
2.328e-01 1.081e+05
2.247e-01 1.205e+05
2.203e-01 1.184e+05
2.211e-01 1.247e+05
2.221e-01 1.228e+05
2.211e-01 1.228e+05
2.235e-01 1.218e+05
2.233e-01 1.230e+05
2.241e-01 1.204e+05
2.259e-01 1.219e+05
2.150e-01 1.265e+05
2.381e-01 9.873e+04
2.304e-01 1.214e+05
2.262e-01 1.209e+05
2.199e-01 1.264e+05
2.181e-01 1.259e+05
2.214e-01 1.258e+05
2.223e-01 1.218e+05
2.230e-01 1.223e+05
2.661e-01 8.215e+04
2.413e-01 1.052e+05
2.168e-01 1.261e+05
2.232e-01 1.218e+05
2.610e-01 8.663e+04
2.216e-01 1.212e+05
2.322e-01 1.192e+05
2.205e-01 1.246e+05
2.280e-01 1.176e+05
2.228e-01 1.215e+05
2.379e-01 1.037e+05
2.278e-01 1.175e+05
2.172e-01 1.272e+05
2.241e-01 1.228e+05
2.220e-01 1.256e+05
2.264e-01 1.190e+05
2.234e-01 1.184e+05
2.206e-01 1.263e+05
2.184e-01 1.270e+05
2.233e-01 1.222e+05
2.221e-01 1.275e+05
2.166e-01 1.252e+05
2.262e-01 1.220e+05
2.228e-01 1.232e+05
2.231e-01 1.242e+05
2.177e-01 1.295e+05
2.211e-01 1.225e+05
2.277e-01 1.197e+05
2.262e-01 1.217e+05
2.207e-01 1.198e+05
2.178e-01 1.243e+05
2.295e-01 1.178e+05
2.212e-01 1.260e+05
2.194e-01 1.211e+05
2.179e-01 1.270e+05
2.222e-01 1.270e+05
2.137e-01 1.289e+05
2.233e-01 1.231e+05
2.212e-01 1.182e+05
2.314e-01 1.198e+05
2.449e-01 9.497e+04
2.297e-01 1.157e+05
2.209e-01 1.221e+05
2.154e-01 1.246e+05
2.347e-01 1.109e+05
2.186e-01 1.265e+05
2.308e-01 1.179e+05
2.278e-01 1.217e+05
2.258e-01 1.229e+05
2.186e-01 1.272e+05
2.242e-01 1.243e+05
2.603e-01 8.074e+04
2.275e-01 1.224e+05
2.228e-01 1.266e+05
2.187e-01 1.251e+05
2.256e-01 1.229e+05
2.717e-01 7.108e+04
2.383e-01 1.115e+05
2.443e-01 9.776e+04
2.253e-01 1.212e+05
2.198e-01 1.257e+05
2.244e-01 1.218e+05
2.202e-01 1.240e+05
2.207e-01 1.141e+05
2.202e-01 1.195e+05
2.657e-01 8.611e+04
2.225e-01 1.241e+05
2.237e-01 1.213e+05
2.205e-01 1.237e+05
2.299e-01 1.158e+05
2.293e-01 1.185e+05
2.197e-01 1.254e+05
2.180e-01 1.273e+05
2.287e-01 1.211e+05
2.276e-01 1.157e+05
2.207e-01 1.253e+05
2.178e-01 1.245e+05
2.173e-01 1.261e+05
2.197e-01 1.246e+05
2.167e-01 1.271e+05
2.202e-01 1.280e+05
2.206e-01 1.233e+05
2.192e-01 1.292e+05
2.134e-01 1.311e+05
2.283e-01 1.226e+05
2.254e-01 1.195e+05
2.371e-01 9.811e+04
2.184e-01 1.272e+05
2.236e-01 1.172e+05
2.513e-01 8.863e+04
2.254e-01 1.167e+05
2.215e-01 1.229e+05
2.257e-01 1.222e+05
2.172e-01 1.216e+05
2.766e-01 7.591e+04
2.189e-01 1.242e+05
2.271e-01 1.222e+05
2.239e-01 1.261e+05
2.816e-01 7.473e+04
2.197e-01 1.289e+05
2.157e-01 1.296e+05
2.284e-01 1.199e+05
2.176e-01 1.251e+05
2.219e-01 1.217e+05
2.222e-01 1.235e+05
2.207e-01 1.229e+05
2.143e-01 1.311e+05
2.218e-01 1.277e+05
2.239e-01 1.225e+05
2.210e-01 1.265e+05
2.632e-01 8.903e+04
2.164e-01 1.313e+05
2.274e-01 1.226e+05
2.258e-01 1.217e+05
2.213e-01 1.213e+05
2.206e-01 1.205e+05
2.248e-01 1.215e+05
2.212e-01 1.261e+05
2.194e-01 1.232e+05
2.185e-01 1.253e+05
2.174e-01 1.241e+05
2.207e-01 1.264e+05
2.212e-01 1.225e+05
2.360e-01 1.083e+05
2.249e-01 1.159e+05
2.175e-01 1.277e+05
2.287e-01 1.195e+05
2.268e-01 1.225e+05
2.345e-01 9.943e+04
2.159e-01 1.314e+05
2.228e-01 1.259e+05
2.153e-01 1.288e+05
2.272e-01 1.166e+05
2.321e-01 1.079e+05
2.189e-01 1.243e+05
2.255e-01 1.213e+05
2.238e-01 1.231e+05
2.211e-01 1.256e+05
2.255e-01 1.220e+05
2.229e-01 1.238e+05
2.296e-01 1.193e+05
2.175e-01 1.267e+05
2.304e-01 1.185e+05
2.171e-01 1.252e+05
2.160e-01 1.272e+05
2.190e-01 1.284e+05
2.702e-01 7.377e+04
2.177e-01 1.261e+05
2.208e-01 1.236e+05
2.230e-01 1.262e+05
2.217e-01 1.225e+05
2.167e-01 1.311e+05
2.229e-01 1.172e+05
2.220e-01 1.253e+05
2.297e-01 1.165e+05
2.701e-01 8.257e+04
2.156e-01 1.304e+05
2.188e-01 1.251e+05
2.215e-01 1.223e+05
2.193e-01 1.261e+05
2.230e-01 1.214e+05
2.270e-01 1.205e+05
2.189e-01 1.224e+05
2.310e-01 1.153e+05
2.207e-01 1.172e+05
2.442e-01 9.011e+04
2.200e-01 1.245e+05
2.303e-01 1.139e+05
2.459e-01 9.604e+04
2.238e-01 1.247e+05
2.230e-01 1.225e+05
2.286e-01 1.205e+05
2.233e-01 1.240e+05
2.269e-01 1.244e+05
2.225e-01 1.176e+05
2.200e-01 1.244e+05
2.171e-01 1.262e+05
2.238e-01 1.206e+05
2.283e-01 1.203e+05
2.285e-01 1.136e+05
2.258e-01 1.154e+05
2.194e-01 1.260e+05
2.339e-01 1.180e+05
2.242e-01 1.241e+05
2.279e-01 1.220e+05
2.276e-01 1.211e+05
2.190e-01 1.273e+05
2.173e-01 1.269e+05
2.216e-01 1.209e+05
2.245e-01 1.196e+05
2.265e-01 1.186e+05
2.211e-01 1.283e+05
2.214e-01 1.265e+05
2.579e-01 7.810e+04
2.215e-01 1.267e+05
2.247e-01 1.215e+05
2.142e-01 1.318e+05
2.241e-01 1.228e+05
2.149e-01 1.298e+05
2.211e-01 1.273e+05
2.242e-01 1.218e+05
2.178e-01 1.248e+05
2.213e-01 1.273e+05
2.175e-01 1.256e+05
2.254e-01 1.210e+05
2.257e-01 1.147e+05
2.234e-01 1.244e+05
2.258e-01 1.225e+05
2.246e-01 1.260e+05
2.305e-01 1.198e+05
2.190e-01 1.254e+05
2.189e-01 1.304e+05
2.372e-01 1.022e+05
2.215e-01 1.266e+05
2.353e-01 9.756e+04
2.154e-01 1.302e+05
2.170e-01 1.256e+05
2.205e-01 1.202e+05
2.259e-01 1.220e+05
2.248e-01 1.187e+05
2.164e-01 1.286e+05
2.251e-01 1.166e+05
2.247e-01 1.070e+05
2.199e-01 1.240e+05
2.162e-01 1.285e+05
2.223e-01 1.239e+05
2.223e-01 1.237e+05
2.211e-01 1.236e+05
2.239e-01 1.218e+05
2.141e-01 1.293e+05
2.205e-01 1.213e+05
2.203e-01 1.230e+05
2.248e-01 1.210e+05
2.226e-01 1.249e+05
2.305e-01 1.150e+05
2.201e-01 1.230e+05
2.170e-01 1.234e+05
2.191e-01 1.205e+05
2.246e-01 1.214e+05
2.258e-01 1.207e+05
2.199e-01 1.273e+05
2.167e-01 1.279e+05
2.237e-01 1.208e+05
2.201e-01 1.238e+05
2.195e-01 1.265e+05
2.202e-01 1.270e+05
2.240e-01 1.259e+05
2.259e-01 1.207e+05
2.177e-01 1.254e+05
2.235e-01 1.227e+05
2.280e-01 1.184e+05
2.262e-01 1.227e+05
2.282e-01 1.194e+05
2.600e-01 8.584e+04
2.195e-01 1.275e+05
2.226e-01 1.212e+05
2.283e-01 1.209e+05
2.211e-01 1.236e+05
2.222e-01 1.241e+05
2.199e-01 1.266e+05
2.152e-01 1.284e+05
2.169e-01 1.296e+05
2.185e-01 1.225e+05
2.258e-01 1.188e+05
2.402e-01 1.027e+05
2.236e-01 1.219e+05
2.236e-01 1.247e+05
2.226e-01 1.213e+05
2.229e-01 1.214e+05
2.216e-01 1.215e+05
2.140e-01 1.282e+05
2.216e-01 1.199e+05
2.214e-01 1.242e+05
2.205e-01 1.269e+05
2.231e-01 1.255e+05
2.201e-01 1.212e+05
2.257e-01 1.224e+05
2.308e-01 1.193e+05
2.455e-01 1.023e+05
2.507e-01 9.104e+04
2.437e-01 9.601e+04
2.215e-01 1.232e+05
2.529e-01 8.633e+04
2.212e-01 1.214e+05
2.249e-01 1.232e+05
2.171e-01 1.308e+05
2.158e-01 1.274e+05
2.184e-01 1.276e+05
2.232e-01 1.219e+05
2.218e-01 1.205e+05
2.274e-01 1.202e+05
2.225e-01 1.166e+05
2.229e-01 1.228e+05
2.205e-01 1.222e+05
2.222e-01 1.230e+05
2.283e-01 1.184e+05
2.255e-01 1.157e+05
2.202e-01 1.263e+05
2.159e-01 1.244e+05
2.280e-01 1.200e+05
2.216e-01 1.246e+05
2.243e-01 1.190e+05
2.257e-01 1.205e+05
2.765e-01 7.680e+04
2.178e-01 1.287e+05
2.151e-01 1.253e+05
2.227e-01 1.224e+05
2.181e-01 1.269e+05
2.243e-01 1.199e+05
2.377e-01 1.036e+05
2.774e-01 8.110e+04
2.211e-01 1.261e+05
2.263e-01 1.244e+05
2.202e-01 1.273e+05
2.225e-01 1.275e+05
2.228e-01 1.224e+05
2.217e-01 1.254e+05
2.249e-01 1.194e+05
2.526e-01 9.671e+04
2.225e-01 1.262e+05
2.272e-01 1.206e+05
2.202e-01 1.290e+05
2.149e-01 1.288e+05
2.218e-01 1.263e+05
2.194e-01 1.226e+05
2.338e-01 1.109e+05
2.252e-01 1.149e+05
2.215e-01 1.273e+05
2.183e-01 1.213e+05
2.266e-01 1.245e+05
2.153e-01 1.292e+05
2.234e-01 1.220e+05
2.199e-01 1.244e+05
2.625e-01 8.641e+04
2.494e-01 1.036e+05
2.212e-01 1.263e+05
2.150e-01 1.287e+05
2.316e-01 1.193e+05
2.375e-01 1.151e+05
2.194e-01 1.244e+05
2.248e-01 1.228e+05
2.244e-01 1.204e+05
2.211e-01 1.243e+05
2.216e-01 1.251e+05
2.626e-01 7.541e+04
2.699e-01 8.196e+04
2.194e-01 1.239e+05
2.751e-01 7.412e+04
2.240e-01 1.194e+05
2.210e-01 1.167e+05
2.259e-01 1.246e+05
2.160e-01 1.267e+05
2.200e-01 1.277e+05
2.228e-01 1.206e+05
2.178e-01 1.302e+05
2.204e-01 1.274e+05
2.191e-01 1.248e+05
2.223e-01 1.214e+05
2.201e-01 1.262e+05
2.273e-01 1.172e+05
2.236e-01 1.188e+05
2.273e-01 1.191e+05
2.241e-01 1.217e+05
2.161e-01 1.276e+05
2.164e-01 1.297e+05
2.157e-01 1.262e+05
2.208e-01 1.232e+05
2.528e-01 8.482e+04
2.227e-01 1.227e+05
2.503e-01 8.945e+04
2.240e-01 1.174e+05
2.175e-01 1.296e+05
2.243e-01 1.224e+05
2.205e-01 1.258e+05
2.306e-01 1.124e+05
2.213e-01 1.281e+05
2.169e-01 1.290e+05
2.196e-01 1.263e+05
2.207e-01 1.213e+05
2.173e-01 1.265e+05
2.145e-01 1.304e+05
2.196e-01 1.257e+05
2.194e-01 1.199e+05
2.210e-01 1.255e+05
2.287e-01 1.207e+05
2.239e-01 1.265e+05
2.190e-01 1.269e+05
2.242e-01 1.230e+05
2.175e-01 1.289e+05
2.213e-01 1.229e+05
2.210e-01 1.267e+05
2.237e-01 1.175e+05
2.213e-01 1.226e+05
2.321e-01 1.183e+05
2.322e-01 1.167e+05
2.167e-01 1.304e+05
2.233e-01 1.251e+05
2.426e-01 9.858e+04
2.158e-01 1.239e+05
2.216e-01 1.259e+05
2.228e-01 1.244e+05
2.244e-01 1.203e+05
2.223e-01 1.252e+05
2.182e-01 1.252e+05
2.171e-01 1.272e+05
2.251e-01 1.215e+05
2.185e-01 1.260e+05
2.169e-01 1.290e+05
2.161e-01 1.321e+05
2.195e-01 1.252e+05
2.216e-01 1.244e+05
2.207e-01 1.219e+05
2.175e-01 1.276e+05
2.461e-01 9.494e+04
2.279e-01 1.187e+05
2.352e-01 1.111e+05
2.432e-01 1.013e+05
2.184e-01 1.262e+05
2.192e-01 1.220e+05
2.311e-01 1.172e+05
2.184e-01 1.276e+05
2.196e-01 1.280e+05
2.236e-01 1.193e+05
2.165e-01 1.276e+05
2.175e-01 1.242e+05
2.179e-01 1.242e+05
2.167e-01 1.249e+05
2.384e-01 9.917e+04
2.176e-01 1.243e+05
2.204e-01 1.210e+05
2.174e-01 1.279e+05
2.247e-01 1.229e+05
2.303e-01 1.162e+05
2.169e-01 1.275e+05
2.432e-01 1.007e+05
2.247e-01 1.237e+05
2.219e-01 1.269e+05
2.204e-01 1.276e+05
2.214e-01 1.281e+05
2.160e-01 1.316e+05
2.742e-01 7.899e+04
2.184e-01 1.233e+05
2.197e-01 1.267e+05
2.239e-01 1.191e+05
2.245e-01 1.248e+05
2.273e-01 1.201e+05
2.218e-01 1.236e+05
2.270e-01 1.218e+05
2.304e-01 1.206e+05
2.232e-01 1.161e+05
2.281e-01 1.171e+05
2.532e-01 8.515e+04
2.288e-01 1.156e+05
2.387e-01 1.094e+05
2.192e-01 1.246e+05
2.289e-01 1.208e+05
2.183e-01 1.264e+05
2.242e-01 1.226e+05
2.145e-01 1.275e+05
2.153e-01 1.274e+05
2.167e-01 1.291e+05
2.179e-01 1.262e+05
2.248e-01 1.248e+05
2.305e-01 1.104e+05
2.184e-01 1.308e+05
2.270e-01 1.171e+05
2.241e-01 1.227e+05
2.197e-01 1.255e+05
2.234e-01 1.199e+05
2.173e-01 1.229e+05
2.249e-01 1.261e+05
2.193e-01 1.284e+05
2.272e-01 1.173e+05
2.231e-01 1.183e+05
2.243e-01 1.210e+05
2.294e-01 1.149e+05
2.158e-01 1.321e+05
2.277e-01 1.210e+05
2.282e-01 1.197e+05
2.164e-01 1.250e+05
2.417e-01 1.057e+05
2.215e-01 1.153e+05
2.227e-01 1.253e+05
2.212e-01 1.242e+05
2.233e-01 1.222e+05
2.222e-01 1.240e+05
2.191e-01 1.243e+05
2.187e-01 1.237e+05
2.159e-01 1.267e+05
2.243e-01 1.243e+05
2.241e-01 1.189e+05
2.236e-01 1.240e+05
2.204e-01 1.269e+05
2.145e-01 1.308e+05
2.637e-01 7.338e+04
2.232e-01 1.181e+05
2.215e-01 1.198e+05
2.219e-01 1.234e+05
2.147e-01 1.257e+05
2.220e-01 1.215e+05
2.219e-01 1.263e+05
2.316e-01 1.103e+05
2.219e-01 1.221e+05
2.232e-01 1.226e+05
2.206e-01 1.169e+05
2.159e-01 1.247e+05
2.206e-01 1.241e+05
2.277e-01 1.185e+05
2.179e-01 1.237e+05
2.173e-01 1.316e+05
2.155e-01 1.284e+05
2.211e-01 1.243e+05
2.260e-01 1.214e+05
2.168e-01 1.249e+05
2.283e-01 1.179e+05
2.264e-01 1.159e+05
2.199e-01 1.266e+05
2.185e-01 1.271e+05
2.434e-01 1.098e+05
2.255e-01 1.202e+05
2.413e-01 1.084e+05
2.285e-01 1.178e+05
2.222e-01 1.248e+05
2.233e-01 1.232e+05
2.237e-01 1.215e+05
2.221e-01 1.218e+05
2.195e-01 1.235e+05
2.231e-01 1.229e+05
2.189e-01 1.271e+05
2.256e-01 1.207e+05
2.276e-01 1.156e+05
2.216e-01 1.240e+05
2.534e-01 9.295e+04
2.179e-01 1.262e+05
2.201e-01 1.261e+05
2.188e-01 1.235e+05
2.150e-01 1.310e+05
2.241e-01 1.237e+05
2.248e-01 1.241e+05
2.240e-01 1.231e+05
2.192e-01 1.248e+05
2.249e-01 1.237e+05
2.178e-01 1.240e+05
2.280e-01 1.186e+05
2.195e-01 1.248e+05
2.204e-01 1.258e+05
2.233e-01 1.234e+05
2.269e-01 1.231e+05
2.520e-01 9.641e+04
2.276e-01 1.207e+05
2.241e-01 1.216e+05
2.171e-01 1.248e+05
2.259e-01 1.201e+05
2.193e-01 1.294e+05
2.244e-01 1.192e+05
2.261e-01 1.197e+05
2.180e-01 1.228e+05
2.222e-01 1.239e+05
2.201e-01 1.253e+05
2.309e-01 1.126e+05
2.616e-01 9.031e+04
2.362e-01 1.099e+05
2.192e-01 1.218e+05
2.269e-01 1.225e+05
2.211e-01 1.240e+05
2.831e-01 7.404e+04
2.245e-01 1.207e+05
2.201e-01 1.242e+05
2.206e-01 1.225e+05
2.153e-01 1.294e+05
2.184e-01 1.217e+05
2.249e-01 1.194e+05
2.155e-01 1.257e+05
2.204e-01 1.287e+05
2.147e-01 1.272e+05
2.238e-01 1.220e+05
2.258e-01 1.237e+05
2.195e-01 1.291e+05
2.183e-01 1.258e+05
2.286e-01 1.162e+05
2.174e-01 1.265e+05
2.221e-01 1.243e+05
2.200e-01 1.252e+05
2.791e-01 8.089e+04
2.180e-01 1.262e+05
2.166e-01 1.249e+05
2.178e-01 1.280e+05
2.189e-01 1.193e+05
2.206e-01 1.260e+05
2.208e-01 1.223e+05
2.165e-01 1.269e+05
2.253e-01 1.158e+05
2.215e-01 1.246e+05
2.208e-01 1.247e+05
2.226e-01 1.267e+05
2.629e-01 7.776e+04
2.653e-01 7.849e+04
2.170e-01 1.265e+05
2.270e-01 1.230e+05
2.238e-01 1.264e+05
2.365e-01 1.062e+05
2.182e-01 1.241e+05
2.184e-01 1.302e+05
2.292e-01 1.158e+05
2.205e-01 1.291e+05
2.216e-01 1.238e+05
2.185e-01 1.277e+05
2.237e-01 1.211e+05
2.278e-01 1.160e+05
2.239e-01 1.205e+05
2.169e-01 1.217e+05
2.213e-01 1.261e+05
2.505e-01 8.724e+04
2.238e-01 1.216e+05
2.234e-01 1.172e+05
2.176e-01 1.266e+05
