1.917e-01 1.391e+05
1.857e-01 1.422e+05
1.900e-01 1.357e+05
1.910e-01 1.360e+05
1.947e-01 1.363e+05
2.788e-01 8.125e+04
1.914e-01 1.342e+05
1.928e-01 1.359e+05
1.922e-01 1.394e+05
1.864e-01 1.398e+05
1.930e-01 1.352e+05
1.970e-01 1.303e+05
1.944e-01 1.336e+05
1.915e-01 1.337e+05
2.003e-01 1.326e+05
1.924e-01 1.370e+05
1.924e-01 1.344e+05
2.177e-01 1.170e+05
2.010e-01 1.268e+05
1.911e-01 1.351e+05
1.882e-01 1.406e+05
2.035e-01 1.271e+05
1.969e-01 1.350e+05
1.913e-01 1.391e+05
2.047e-01 1.224e+05
1.921e-01 1.356e+05
2.149e-01 1.192e+05
2.584e-01 8.779e+04
2.178e-01 1.195e+05
2.052e-01 1.206e+05
2.651e-01 7.738e+04
1.947e-01 1.339e+05
1.982e-01 1.326e+05
1.901e-01 1.364e+05
1.916e-01 1.368e+05
2.725e-01 8.485e+04
1.974e-01 1.348e+05
2.052e-01 1.254e+05
1.909e-01 1.361e+05
1.952e-01 1.341e+05
1.953e-01 1.324e+05
1.902e-01 1.366e+05
1.964e-01 1.302e+05
1.921e-01 1.374e+05
1.975e-01 1.298e+05
1.898e-01 1.402e+05
1.951e-01 1.320e+05
2.037e-01 1.276e+05
1.872e-01 1.382e+05
2.080e-01 1.255e+05
1.865e-01 1.434e+05
2.555e-01 8.348e+04
1.896e-01 1.351e+05
1.912e-01 1.355e+05
2.071e-01 1.193e+05
1.924e-01 1.379e+05
1.960e-01 1.340e+05
1.931e-01 1.383e+05
1.957e-01 1.337e+05
1.929e-01 1.347e+05
2.027e-01 1.288e+05
2.477e-01 9.827e+04
1.879e-01 1.343e+05
1.905e-01 1.346e+05
1.890e-01 1.382e+05
2.096e-01 1.138e+05
1.884e-01 1.375e+05
2.017e-01 1.289e+05
1.939e-01 1.354e+05
1.924e-01 1.336e+05
1.894e-01 1.332e+05
1.864e-01 1.428e+05
1.964e-01 1.336e+05
1.889e-01 1.373e+05
1.945e-01 1.290e+05
1.921e-01 1.379e+05
1.926e-01 1.327e+05
1.992e-01 1.307e+05
1.895e-01 1.353e+05
1.915e-01 1.382e+05
1.932e-01 1.354e+05
2.867e-01 7.636e+04
2.048e-01 1.207e+05
2.805e-01 8.201e+04
1.961e-01 1.320e+05
1.847e-01 1.406e+05
1.911e-01 1.361e+05
1.932e-01 1.350e+05
1.930e-01 1.389e+05
2.593e-01 8.144e+04
1.919e-01 1.371e+05
1.932e-01 1.366e+05
2.006e-01 1.286e+05
1.952e-01 1.380e+05
1.961e-01 1.341e+05
1.992e-01 1.246e+05
1.898e-01 1.379e+05
2.213e-01 1.152e+05
2.135e-01 1.151e+05
1.937e-01 1.378e+05
1.848e-01 1.426e+05
1.894e-01 1.387e+05
1.944e-01 1.359e+05
1.978e-01 1.358e+05
1.897e-01 1.385e+05
1.872e-01 1.419e+05
1.911e-01 1.400e+05
1.953e-01 1.352e+05
1.878e-01 1.368e+05
1.885e-01 1.383e+05
2.020e-01 1.280e+05
1.965e-01 1.344e+05
2.037e-01 1.241e+05
1.955e-01 1.342e+05
1.885e-01 1.369e+05
1.913e-01 1.365e+05
1.919e-01 1.383e+05
1.971e-01 1.329e+05
1.893e-01 1.336e+05
2.928e-01 7.519e+04
1.977e-01 1.292e+05
1.877e-01 1.409e+05
1.921e-01 1.338e+05
1.988e-01 1.332e+05
2.458e-01 9.122e+04
1.895e-01 1.400e+05
1.974e-01 1.321e+05
1.933e-01 1.378e+05
1.951e-01 1.334e+05
1.961e-01 1.300e+05
1.908e-01 1.376e+05
1.861e-01 1.408e+05
2.017e-01 1.293e+05
1.963e-01 1.332e+05
2.001e-01 1.327e+05
1.898e-01 1.364e+05
1.955e-01 1.291e+05
1.923e-01 1.340e+05
1.912e-01 1.323e+05
1.978e-01 1.338e+05
1.925e-01 1.375e+05
1.877e-01 1.397e+05
1.874e-01 1.392e+05
2.496e-01 9.980e+04
1.926e-01 1.356e+05
1.930e-01 1.359e+05
1.868e-01 1.393e+05
2.688e-01 8.674e+04
1.923e-01 1.380e+05
1.898e-01 1.412e+05
1.915e-01 1.390e+05
1.911e-01 1.369e+05
2.034e-01 1.248e+05
1.885e-01 1.427e+05
1.891e-01 1.342e+05
2.038e-01 1.317e+05
1.941e-01 1.328e+05
1.859e-01 1.413e+05
1.954e-01 1.310e+05
1.966e-01 1.314e+05
2.004e-01 1.277e+05
1.935e-01 1.312e+05
1.948e-01 1.324e+05
2.010e-01 1.330e+05
2.000e-01 1.197e+05
1.887e-01 1.427e+05
1.958e-01 1.329e+05
1.935e-01 1.348e+05
2.669e-01 8.095e+04
1.959e-01 1.326e+05
1.907e-01 1.369e+05
1.926e-01 1.372e+05
1.901e-01 1.400e+05
1.961e-01 1.307e+05
2.146e-01 1.155e+05
1.923e-01 1.358e+05
1.867e-01 1.432e+05
1.880e-01 1.383e+05
1.930e-01 1.378e+05
2.078e-01 1.211e+05
1.921e-01 1.382e+05
2.043e-01 1.260e+05
1.921e-01 1.366e+05
2.071e-01 1.166e+05
1.935e-01 1.342e+05
1.872e-01 1.428e+05
1.906e-01 1.392e+05
1.988e-01 1.319e+05
2.523e-01 9.175e+04
3.034e-01 7.822e+04
1.958e-01 1.320e+05
1.902e-01 1.347e+05
1.895e-01 1.394e+05
1.895e-01 1.374e+05
1.884e-01 1.401e+05
1.926e-01 1.346e+05
1.894e-01 1.368e+05
1.898e-01 1.360e+05
1.921e-01 1.335e+05
1.979e-01 1.317e+05
1.995e-01 1.263e+05
1.884e-01 1.365e+05
1.947e-01 1.365e+05
1.938e-01 1.326e+05
1.949e-01 1.337e+05
1.909e-01 1.360e+05
1.854e-01 1.414e+05
1.846e-01 1.413e+05
1.938e-01 1.377e+05
2.670e-01 8.878e+04
1.881e-01 1.399e+05
1.960e-01 1.298e+05
1.911e-01 1.372e+05
1.962e-01 1.327e+05
1.907e-01 1.366e+05
2.022e-01 1.264e+05
1.966e-01 1.306e+05
1.987e-01 1.319e+05
1.877e-01 1.409e+05
1.997e-01 1.315e+05
2.005e-01 1.292e+05
1.856e-01 1.418e+05
1.900e-01 1.365e+05
1.877e-01 1.366e+05
1.892e-01 1.369e+05
1.963e-01 1.355e+05
1.850e-01 1.394e+05
1.960e-01 1.318e+05
2.631e-01 8.558e+04
1.976e-01 1.296e+05
1.932e-01 1.371e+05
1.914e-01 1.374e+05
1.929e-01 1.313e+05
1.940e-01 1.351e+05
2.277e-01 1.061e+05
1.893e-01 1.376e+05
2.134e-01 1.158e+05
1.912e-01 1.404e+05
1.875e-01 1.394e+05
1.995e-01 1.301e+05
1.909e-01 1.367e+05
2.734e-01 7.790e+04
1.908e-01 1.394e+05
2.530e-01 9.396e+04
1.923e-01 1.379e+05
2.484e-01 9.502e+04
1.893e-01 1.379e+05
1.962e-01 1.343e+05
1.938e-01 1.337e+05
1.861e-01 1.434e+05
1.984e-01 1.291e+05
1.896e-01 1.372e+05
2.104e-01 1.182e+05
1.908e-01 1.386e+05
1.920e-01 1.359e+05
1.904e-01 1.367e+05
1.846e-01 1.427e+05
2.101e-01 1.167e+05
1.907e-01 1.364e+05
1.867e-01 1.393e+05
1.934e-01 1.326e+05
1.899e-01 1.404e+05
1.981e-01 1.278e+05
1.975e-01 1.308e+05
1.917e-01 1.355e+05
2.029e-01 1.226e+05
1.963e-01 1.361e+05
1.952e-01 1.377e+05
2.540e-01 9.217e+04
2.183e-01 1.158e+05
1.913e-01 1.383e+05
1.931e-01 1.365e+05
2.116e-01 1.208e+05
1.888e-01 1.377e+05
1.921e-01 1.383e+05
1.920e-01 1.375e+05
1.961e-01 1.316e+05
1.947e-01 1.351e+05
2.175e-01 1.109e+05
1.892e-01 1.368e+05
2.124e-01 1.157e+05
1.966e-01 1.325e+05
1.915e-01 1.362e+05
1.916e-01 1.377e+05
1.916e-01 1.318e+05
2.228e-01 1.134e+05
1.916e-01 1.316e+05
1.927e-01 1.368e+05
2.816e-01 7.993e+04
1.929e-01 1.353e+05
1.964e-01 1.351e+05
2.206e-01 1.154e+05
1.912e-01 1.366e+05
1.956e-01 1.342e+05
1.890e-01 1.375e+05
1.961e-01 1.348e+05
1.962e-01 1.366e+05
2.065e-01 1.243e+05
1.877e-01 1.374e+05
2.002e-01 1.325e+05
2.463e-01 1.008e+05
2.367e-01 9.600e+04
1.924e-01 1.377e+05
1.883e-01 1.384e+05
1.916e-01 1.311e+05
2.205e-01 1.134e+05
1.865e-01 1.391e+05
1.980e-01 1.298e+05
1.939e-01 1.383e+05
2.299e-01 1.037e+05
1.906e-01 1.361e+05
1.999e-01 1.336e+05
2.615e-01 9.238e+04
1.980e-01 1.346e+05
2.015e-01 1.333e+05
1.905e-01 1.369e+05
1.926e-01 1.353e+05
1.908e-01 1.368e+05
1.913e-01 1.350e+05
1.905e-01 1.367e+05
1.948e-01 1.346e+05
1.908e-01 1.369e+05
1.945e-01 1.313e+05
1.945e-01 1.300e+05
2.516e-01 9.192e+04
1.935e-01 1.380e+05
1.915e-01 1.376e+05
2.150e-01 1.186e+05
2.256e-01 1.121e+05
1.987e-01 1.298e+05
2.003e-01 1.279e+05
1.927e-01 1.348e+05
1.897e-01 1.378e+05
1.911e-01 1.377e+05
1.877e-01 1.365e+05
2.019e-01 1.281e+05
1.959e-01 1.329e+05
1.997e-01 1.342e+05
1.900e-01 1.390e+05
2.017e-01 1.254e+05
1.940e-01 1.359e+05
2.015e-01 1.293e+05
1.924e-01 1.356e+05
1.882e-01 1.409e+05
1.947e-01 1.326e+05
1.919e-01 1.370e+05
1.918e-01 1.349e+05
1.936e-01 1.341e+05
2.844e-01 8.003e+04
2.131e-01 1.203e+05
1.892e-01 1.396e+05
2.141e-01 1.231e+05
1.930e-01 1.360e+05
1.921e-01 1.329e+05
1.993e-01 1.337e+05
1.930e-01 1.350e+05
1.991e-01 1.318e+05
1.969e-01 1.320e+05
2.168e-01 1.130e+05
1.949e-01 1.329e+05
1.927e-01 1.337e+05
1.870e-01 1.390e+05
1.993e-01 1.309e+05
1.928e-01 1.354e+05
2.008e-01 1.281e+05
1.923e-01 1.328e+05
1.885e-01 1.380e+05
1.955e-01 1.340e+05
1.951e-01 1.344e+05
1.955e-01 1.357e+05
1.892e-01 1.408e+05
1.932e-01 1.297e+05
1.894e-01 1.335e+05
1.864e-01 1.406e+05
1.887e-01 1.351e+05
1.894e-01 1.380e+05
1.956e-01 1.331e+05
1.980e-01 1.300e+05
1.933e-01 1.366e+05
1.950e-01 1.345e+05
1.935e-01 1.365e+05
1.933e-01 1.354e+05
1.920e-01 1.366e+05
1.955e-01 1.368e+05
1.950e-01 1.299e+05
1.961e-01 1.296e+05
1.855e-01 1.411e+05
1.903e-01 1.364e+05
1.916e-01 1.383e+05
1.962e-01 1.301e+05
2.003e-01 1.252e+05
1.925e-01 1.357e+05
1.889e-01 1.377e+05
1.891e-01 1.351e+05
2.032e-01 1.251e+05
1.921e-01 1.372e+05
1.940e-01 1.355e+05
1.948e-01 1.317e+05
1.914e-01 1.340e+05
2.261e-01 1.082e+05
2.580e-01 9.028e+04
2.095e-01 1.197e+05
2.686e-01 8.081e+04
1.970e-01 1.321e+05
2.003e-01 1.337e+05
1.853e-01 1.421e+05
1.956e-01 1.339e+05
3.060e-01 7.120e+04
1.920e-01 1.360e+05
1.954e-01 1.333e+05
1.918e-01 1.361e+05
2.141e-01 1.158e+05
1.914e-01 1.352e+05
1.905e-01 1.349e+05
2.387e-01 9.494e+04
1.875e-01 1.380e+05
1.971e-01 1.338e+05
2.012e-01 1.328e+05
1.884e-01 1.405e+05
2.081e-01 1.195e+05
1.937e-01 1.361e+05
1.919e-01 1.379e+05
1.905e-01 1.388e+05
1.989e-01 1.249e+05
1.889e-01 1.390e+05
1.927e-01 1.381e+05
1.945e-01 1.325e+05
1.849e-01 1.428e+05
1.923e-01 1.373e+05
1.908e-01 1.379e+05
1.871e-01 1.437e+05
1.902e-01 1.393e+05
1.957e-01 1.303e+05
1.924e-01 1.351e+05
1.915e-01 1.373e+05
1.885e-01 1.429e+05
2.088e-01 1.265e+05
2.086e-01 1.209e+05
1.987e-01 1.299e+05
1.879e-01 1.416e+05
1.934e-01 1.354e+05
2.717e-01 8.177e+04
1.976e-01 1.327e+05
1.903e-01 1.341e+05
1.962e-01 1.357e+05
1.973e-01 1.312e+05
1.943e-01 1.344e+05
1.940e-01 1.364e+05
2.176e-01 1.144e+05
2.803e-01 7.813e+04
2.087e-01 1.179e+05
1.942e-01 1.323e+05
1.970e-01 1.291e+05
2.789e-01 7.862e+04
1.950e-01 1.322e+05
1.890e-01 1.361e+05
1.981e-01 1.317e+05
2.015e-01 1.282e+05
2.106e-01 1.182e+05
1.934e-01 1.317e+05
1.932e-01 1.347e+05
1.929e-01 1.362e+05
2.139e-01 1.112e+05
1.880e-01 1.362e+05
2.331e-01 1.084e+05
1.908e-01 1.323e+05
1.971e-01 1.284e+05
2.822e-01 7.713e+04
1.964e-01 1.317e+05
1.942e-01 1.313e+05
1.926e-01 1.370e+05
1.939e-01 1.357e+05
1.924e-01 1.280e+05
1.902e-01 1.387e+05
1.891e-01 1.400e+05
1.927e-01 1.347e+05
1.929e-01 1.364e+05
1.929e-01 1.358e+05
1.973e-01 1.289e+05
1.911e-01 1.370e+05
2.004e-01 1.317e+05
2.545e-01 9.599e+04
1.945e-01 1.325e+05
1.972e-01 1.275e+05
1.936e-01 1.389e+05
2.302e-01 1.113e+05
1.964e-01 1.263e+05
1.918e-01 1.376e+05
2.136e-01 1.097e+05
1.911e-01 1.387e+05
1.878e-01 1.353e+05
1.926e-01 1.363e+05
1.978e-01 1.334e+05
1.900e-01 1.386e+05
1.935e-01 1.347e+05
2.169e-01 1.155e+05
1.944e-01 1.339e+05
1.969e-01 1.330e+05
1.929e-01 1.364e+05
2.609e-01 8.664e+04
1.903e-01 1.372e+05
1.922e-01 1.339e+05
2.557e-01 9.071e+04
1.851e-01 1.436e+05
1.944e-01 1.359e+05
1.989e-01 1.296e+05
1.908e-01 1.351e+05
1.915e-01 1.374e+05
2.018e-01 1.244e+05
1.923e-01 1.375e+05
1.908e-01 1.374e+05
1.955e-01 1.351e+05
1.884e-01 1.367e+05
1.901e-01 1.385e+05
1.929e-01 1.330e+05
1.859e-01 1.406e+05
1.914e-01 1.407e+05
1.986e-01 1.293e+05
2.065e-01 1.181e+05
2.706e-01 7.297e+04
1.874e-01 1.387e+05
2.635e-01 8.377e+04
1.964e-01 1.328e+05
2.485e-01 9.261e+04
1.915e-01 1.371e+05
1.946e-01 1.325e+05
1.892e-01 1.334e+05
1.961e-01 1.317e+05
2.009e-01 1.258e+05
1.895e-01 1.375e+05
1.962e-01 1.320e+05
2.663e-01 9.079e+04
1.944e-01 1.331e+05
1.955e-01 1.317e+05
2.279e-01 1.099e+05
1.930e-01 1.321e+05
1.945e-01 1.331e+05
1.903e-01 1.349e+05
1.941e-01 1.347e+05
1.927e-01 1.349e+05
2.053e-01 1.211e+05
2.293e-01 1.036e+05
1.949e-01 1.282e+05
1.966e-01 1.343e+05
1.951e-01 1.340e+05
1.990e-01 1.316e+05
1.891e-01 1.391e+05
1.872e-01 1.379e+05
1.907e-01 1.348e+05
1.910e-01 1.372e+05
1.906e-01 1.380e+05
1.910e-01 1.393e+05
1.913e-01 1.311e+05
2.017e-01 1.326e+05
1.986e-01 1.312e+05
1.961e-01 1.321e+05
2.052e-01 1.238e+05
1.961e-01 1.314e+05
1.974e-01 1.342e+05
1.926e-01 1.366e+05
2.027e-01 1.295e+05
2.689e-01 7.803e+04
1.883e-01 1.387e+05
1.957e-01 1.326e+05
1.902e-01 1.402e+05
1.941e-01 1.305e+05
2.455e-01 9.364e+04
1.952e-01 1.361e+05
1.845e-01 1.432e+05
1.898e-01 1.375e+05
1.919e-01 1.358e+05
1.913e-01 1.369e+05
1.877e-01 1.397e+05
1.905e-01 1.333e+05
1.883e-01 1.396e+05
2.206e-01 1.068e+05
1.954e-01 1.321e+05
1.910e-01 1.393e+05
1.896e-01 1.399e+05
1.893e-01 1.362e+05
2.413e-01 9.703e+04
1.923e-01 1.392e+05
1.949e-01 1.333e+05
1.977e-01 1.348e+05
2.559e-01 9.072e+04
1.872e-01 1.398e+05
1.910e-01 1.373e+05
2.124e-01 1.187e+05
1.909e-01 1.391e+05
2.119e-01 1.192e+05
2.295e-01 1.124e+05
1.963e-01 1.330e+05
1.956e-01 1.326e+05
1.985e-01 1.301e+05
1.953e-01 1.349e+05
1.870e-01 1.426e+05
1.973e-01 1.324e+05
1.979e-01 1.323e+05
1.953e-01 1.358e+05
2.652e-01 8.536e+04
1.896e-01 1.360e+05
2.065e-01 1.247e+05
1.902e-01 1.375e+05
1.930e-01 1.348e+05
1.974e-01 1.292e+05
1.934e-01 1.342e+05
1.915e-01 1.369e+05
1.878e-01 1.373e+05
2.010e-01 1.237e+05
1.924e-01 1.342e+05
1.976e-01 1.263e+05
1.865e-01 1.399e+05
1.899e-01 1.341e+05
1.924e-01 1.390e+05
1.887e-01 1.365e+05
1.951e-01 1.347e+05
1.941e-01 1.325e+05
1.907e-01 1.349e+05
2.003e-01 1.273e+05
2.023e-01 1.195e+05
1.912e-01 1.385e+05
2.460e-01 1.016e+05
1.952e-01 1.344e+05
1.938e-01 1.327e+05
1.978e-01 1.287e+05
2.407e-01 1.000e+05
1.881e-01 1.385e+05
1.978e-01 1.344e+05
2.041e-01 1.285e+05
1.956e-01 1.335e+05
1.931e-01 1.353e+05
1.902e-01 1.357e+05
1.949e-01 1.313e+05
1.989e-01 1.352e+05
1.990e-01 1.290e+05
1.921e-01 1.392e+05
1.940e-01 1.291e+05
1.945e-01 1.354e+05
2.519e-01 8.821e+04
2.011e-01 1.292e+05
1.939e-01 1.327e+05
2.598e-01 8.906e+04
1.901e-01 1.397e+05
2.080e-01 1.158e+05
1.936e-01 1.346e+05
1.953e-01 1.296e+05
1.944e-01 1.339e+05
1.913e-01 1.337e+05
2.019e-01 1.295e+05
1.932e-01 1.311e+05
1.900e-01 1.410e+05
1.868e-01 1.401e+05
1.929e-01 1.374e+05
1.937e-01 1.323e+05
1.984e-01 1.308e+05
2.112e-01 1.241e+05
1.960e-01 1.349e+05
2.068e-01 1.202e+05
2.551e-01 9.297e+04
1.915e-01 1.372e+05
1.954e-01 1.353e+05
1.944e-01 1.331e+05
1.948e-01 1.313e+05
1.995e-01 1.343e+05
1.885e-01 1.363e+05
2.315e-01 1.052e+05
2.294e-01 9.916e+04
1.924e-01 1.360e+05
1.959e-01 1.341e+05
1.900e-01 1.386e+05
1.901e-01 1.377e+05
1.908e-01 1.375e+05
1.904e-01 1.369e+05
1.935e-01 1.380e+05
1.908e-01 1.411e+05
1.934e-01 1.376e+05
1.926e-01 1.360e+05
2.261e-01 1.019e+05
1.904e-01 1.374e+05
2.221e-01 1.114e+05
1.982e-01 1.312e+05
1.926e-01 1.354e+05
1.954e-01 1.346e+05
1.937e-01 1.373e+05
1.929e-01 1.315e+05
2.014e-01 1.289e+05
1.907e-01 1.343e+05
1.940e-01 1.343e+05
1.980e-01 1.353e+05
1.930e-01 1.391e+05
1.864e-01 1.435e+05
1.966e-01 1.328e+05
1.898e-01 1.338e+05
1.911e-01 1.339e+05
2.018e-01 1.273e+05
1.994e-01 1.248e+05
1.875e-01 1.436e+05
2.116e-01 1.196e+05
1.960e-01 1.286e+05
2.000e-01 1.217e+05
1.859e-01 1.436e+05
1.960e-01 1.293e+05
2.119e-01 1.174e+05
1.971e-01 1.334e+05
2.177e-01 1.130e+05
1.901e-01 1.408e+05
1.937e-01 1.348e+05
1.977e-01 1.322e+05
1.846e-01 1.421e+05
1.915e-01 1.356e+05
1.851e-01 1.438e+05
1.932e-01 1.364e+05
1.933e-01 1.383e+05
2.481e-01 1.027e+05
1.948e-01 1.264e+05
1.904e-01 1.383e+05
2.129e-01 1.091e+05
1.984e-01 1.292e+05
1.905e-01 1.351e+05
2.317e-01 9.952e+04
2.384e-01 1.014e+05
1.924e-01 1.314e+05
1.889e-01 1.356e+05
1.980e-01 1.320e+05
1.925e-01 1.351e+05
1.933e-01 1.343e+05
1.938e-01 1.340e+05
1.921e-01 1.371e+05
1.887e-01 1.411e+05
1.952e-01 1.321e+05
1.851e-01 1.420e+05
1.979e-01 1.296e+05
1.935e-01 1.320e+05
2.608e-01 8.677e+04
2.009e-01 1.260e+05
1.968e-01 1.292e+05
1.915e-01 1.381e+05
1.973e-01 1.298e+05
1.885e-01 1.387e+05
2.534e-01 8.776e+04
1.967e-01 1.302e+05
1.895e-01 1.327e+05
1.962e-01 1.324e+05
1.924e-01 1.342e+05
1.920e-01 1.360e+05
1.846e-01 1.432e+05
1.914e-01 1.405e+05
2.201e-01 1.176e+05
1.921e-01 1.321e+05
1.934e-01 1.363e+05
1.896e-01 1.361e+05
1.966e-01 1.314e+05
1.907e-01 1.385e+05
1.967e-01 1.315e+05
1.870e-01 1.436e+05
1.983e-01 1.345e+05
2.391e-01 9.531e+04
1.898e-01 1.369e+05
1.933e-01 1.347e+05
1.984e-01 1.346e+05
2.223e-01 1.177e+05
1.923e-01 1.381e+05
1.855e-01 1.418e+05
1.958e-01 1.324e+05
1.912e-01 1.396e+05
1.871e-01 1.369e+05
1.878e-01 1.432e+05
1.931e-01 1.362e+05
1.859e-01 1.387e+05
1.879e-01 1.427e+05
1.913e-01 1.357e+05
1.851e-01 1.412e+05
1.851e-01 1.437e+05
1.869e-01 1.404e+05
2.020e-01 1.301e+05
1.978e-01 1.333e+05
1.948e-01 1.329e+05
2.128e-01 1.230e+05
1.931e-01 1.351e+05
2.688e-01 8.370e+04
1.849e-01 1.418e+05
1.940e-01 1.355e+05
1.922e-01 1.384e+05
1.988e-01 1.337e+05
1.877e-01 1.395e+05
1.881e-01 1.359e+05
2.053e-01 1.269e+05
1.941e-01 1.338e+05
1.915e-01 1.399e+05
1.899e-01 1.413e+05
1.973e-01 1.314e+05
2.036e-01 1.256e+05
2.013e-01 1.294e+05
1.920e-01 1.365e+05
2.195e-01 1.039e+05
1.892e-01 1.414e+05
1.970e-01 1.316e+05
1.898e-01 1.371e+05
1.917e-01 1.403e+05
1.899e-01 1.362e+05
1.882e-01 1.391e+05
1.960e-01 1.344e+05
1.983e-01 1.263e+05
2.060e-01 1.213e+05
1.872e-01 1.380e+05
2.331e-01 9.755e+04
2.585e-01 8.172e+04
1.857e-01 1.410e+05
2.105e-01 1.243e+05
2.528e-01 8.692e+04
1.961e-01 1.304e+05
1.971e-01 1.359e+05
1.927e-01 1.336e+05
1.913e-01 1.377e+05
1.973e-01 1.342e+05
1.963e-01 1.314e+05
1.893e-01 1.388e+05
1.930e-01 1.350e+05
1.992e-01 1.295e+05
1.900e-01 1.371e+05
1.977e-01 1.311e+05
2.301e-01 1.022e+05
1.928e-01 1.366e+05
2.014e-01 1.268e+05
1.892e-01 1.410e+05
1.955e-01 1.350e+05
1.976e-01 1.285e+05
1.943e-01 1.319e+05
2.176e-01 1.207e+05
2.041e-01 1.233e+05
1.867e-01 1.378e+05
1.913e-01 1.327e+05
1.921e-01 1.365e+05
2.476e-01 1.021e+05
1.961e-01 1.359e+05
1.968e-01 1.298e+05
2.016e-01 1.289e+05
2.111e-01 1.179e+05
2.180e-01 1.152e+05
1.930e-01 1.377e+05
1.911e-01 1.368e+05
1.892e-01 1.395e+05
1.951e-01 1.355e+05
2.820e-01 7.688e+04
1.962e-01 1.301e+05
1.916e-01 1.383e+05
1.949e-01 1.322e+05
2.005e-01 1.306e+05
2.239e-01 1.149e+05
1.917e-01 1.369e+05
1.947e-01 1.335e+05
1.966e-01 1.369e+05
1.882e-01 1.417e+05
1.931e-01 1.370e+05
1.930e-01 1.371e+05
2.387e-01 8.986e+04
2.698e-01 7.592e+04
1.911e-01 1.363e+05
1.884e-01 1.418e+05
1.966e-01 1.325e+05
2.052e-01 1.296e+05
2.801e-01 7.652e+04
2.030e-01 1.268e+05
2.187e-01 1.093e+05
1.925e-01 1.358e+05
1.938e-01 1.346e+05
1.972e-01 1.298e+05
1.855e-01 1.433e+05
1.926e-01 1.369e+05
1.955e-01 1.362e+05
1.919e-01 1.395e+05
1.887e-01 1.380e+05
2.000e-01 1.317e+05
2.284e-01 1.086e+05
1.971e-01 1.315e+05
1.887e-01 1.394e+05
2.116e-01 1.180e+05
1.884e-01 1.391e+05
1.934e-01 1.335e+05
1.863e-01 1.413e+05
1.910e-01 1.391e+05
1.975e-01 1.346e+05
2.029e-01 1.263e+05
1.903e-01 1.407e+05
1.876e-01 1.409e+05
1.967e-01 1.277e+05
1.944e-01 1.326e+05
1.928e-01 1.345e+05
1.917e-01 1.370e+05
1.893e-01 1.401e+05
2.411e-01 9.509e+04
2.575e-01 9.037e+04
1.884e-01 1.387e+05
1.970e-01 1.304e+05
1.928e-01 1.388e+05
2.212e-01 1.133e+05
1.907e-01 1.398e+05
1.906e-01 1.353e+05
2.416e-01 9.527e+04
1.943e-01 1.335e+05
2.240e-01 1.119e+05
1.894e-01 1.369e+05
1.896e-01 1.352e+05
1.940e-01 1.353e+05
1.992e-01 1.284e+05
1.904e-01 1.362e+05
2.169e-01 1.083e+05
1.943e-01 1.336e+05
1.973e-01 1.302e+05
1.989e-01 1.275e+05
1.989e-01 1.293e+05
2.353e-01 1.033e+05
2.037e-01 1.233e+05
1.869e-01 1.386e+05
1.871e-01 1.421e+05
1.937e-01 1.360e+05
1.889e-01 1.362e+05
1.966e-01 1.348e+05
2.314e-01 1.038e+05
1.897e-01 1.308e+05
2.138e-01 1.195e+05
2.429e-01 9.993e+04
1.916e-01 1.363e+05
1.957e-01 1.345e+05
2.742e-01 8.410e+04
2.825e-01 7.969e+04
2.014e-01 1.259e+05
1.925e-01 1.374e+05
2.014e-01 1.273e+05
2.249e-01 1.110e+05
1.919e-01 1.366e+05
1.938e-01 1.359e+05
1.994e-01 1.307e+05
2.009e-01 1.332e+05
1.930e-01 1.335e+05
1.935e-01 1.324e+05
1.939e-01 1.293e+05
1.899e-01 1.330e+05
2.020e-01 1.285e+05
1.975e-01 1.297e+05
1.918e-01 1.351e+05
1.944e-01 1.326e+05
1.959e-01 1.289e+05
1.980e-01 1.293e+05
1.907e-01 1.363e+05
1.903e-01 1.377e+05
1.937e-01 1.366e+05
2.005e-01 1.272e+05
2.567e-01 8.573e+04
1.949e-01 1.325e+05
1.886e-01 1.388e+05
1.851e-01 1.419e+05
2.013e-01 1.298e+05
1.922e-01 1.364e+05
1.885e-01 1.370e+05
1.926e-01 1.358e+05
1.894e-01 1.363e+05
1.911e-01 1.344e+05
2.014e-01 1.303e+05
1.875e-01 1.413e+05
1.864e-01 1.400e+05
2.741e-01 7.663e+04
2.281e-01 1.003e+05
1.926e-01 1.381e+05
1.848e-01 1.406e+05
2.178e-01 1.094e+05
1.927e-01 1.368e+05
2.087e-01 1.147e+05
2.333e-01 1.011e+05
1.939e-01 1.354e+05
1.955e-01 1.345e+05
2.400e-01 9.698e+04
1.882e-01 1.408e+05
1.881e-01 1.389e+05
2.762e-01 7.829e+04
1.882e-01 1.400e+05
1.866e-01 1.369e+05
1.899e-01 1.394e+05
1.935e-01 1.367e+05
1.930e-01 1.368e+05
2.242e-01 1.032e+05
1.910e-01 1.315e+05
2.053e-01 1.190e+05
1.935e-01 1.339e+05
1.848e-01 1.413e+05
2.012e-01 1.277e+05
1.958e-01 1.361e+05
1.968e-01 1.323e+05
1.905e-01 1.377e+05
1.917e-01 1.361e+05
1.948e-01 1.297e+05
2.344e-01 1.018e+05
1.996e-01 1.263e+05
1.889e-01 1.388e+05
2.642e-01 7.850e+04
1.967e-01 1.322e+05
1.976e-01 1.339e+05
1.938e-01 1.334e+05
1.876e-01 1.369e+05
1.912e-01 1.380e+05
2.468e-01 9.130e+04
1.905e-01 1.386e+05
2.000e-01 1.329e+05
1.863e-01 1.405e+05
2.004e-01 1.284e+05
1.926e-01 1.363e+05
1.920e-01 1.359e+05
2.723e-01 8.295e+04
1.974e-01 1.332e+05
2.748e-01 8.670e+04
1.873e-01 1.394e+05
1.922e-01 1.379e+05
1.915e-01 1.371e+05
1.908e-01 1.361e+05
2.476e-01 9.134e+04
1.892e-01 1.352e+05
1.912e-01 1.378e+05
2.144e-01 1.192e+05
1.901e-01 1.375e+05
1.906e-01 1.371e+05
1.851e-01 1.435e+05
1.996e-01 1.238e+05
2.645e-01 8.794e+04
1.932e-01 1.341e+05
1.956e-01 1.349e+05
1.883e-01 1.382e+05
1.894e-01 1.349e+05
1.894e-01 1.372e+05
1.881e-01 1.388e+05
1.970e-01 1.297e+05
1.957e-01 1.314e+05
1.931e-01 1.347e+05
1.930e-01 1.364e+05
1.942e-01 1.363e+05
1.920e-01 1.352e+05
1.880e-01 1.412e+05
2.986e-01 7.730e+04
1.988e-01 1.310e+05
1.918e-01 1.355e+05
1.870e-01 1.361e+05
1.940e-01 1.384e+05
1.924e-01 1.391e+05
1.893e-01 1.357e+05
2.586e-01 8.899e+04
1.865e-01 1.409e+05
2.723e-01 9.110e+04
1.929e-01 1.341e+05
1.895e-01 1.423e+05
2.131e-01 1.217e+05
1.936e-01 1.379e+05
2.664e-01 8.603e+04
1.956e-01 1.275e+05
1.882e-01 1.374e+05
2.395e-01 1.081e+05
1.936e-01 1.270e+05
1.901e-01 1.379e+05
2.119e-01 1.152e+05
2.411e-01 9.755e+04
1.890e-01 1.362e+05
1.936e-01 1.346e+05
1.954e-01 1.359e+05
2.013e-01 1.243e+05
1.866e-01 1.402e+05
1.913e-01 1.363e+05
1.871e-01 1.414e+05
2.253e-01 1.023e+05
1.938e-01 1.329e+05
1.919e-01 1.348e+05
1.873e-01 1.375e+05
1.917e-01 1.354e+05
1.904e-01 1.394e+05
1.855e-01 1.424e+05
1.889e-01 1.400e+05
1.887e-01 1.371e+05
1.905e-01 1.364e+05
1.959e-01 1.315e+05
1.939e-01 1.265e+05
1.918e-01 1.383e+05
1.867e-01 1.413e+05
1.929e-01 1.333e+05
1.925e-01 1.361e+05
1.982e-01 1.266e+05
1.955e-01 1.330e+05
1.926e-01 1.340e+05
2.264e-01 1.008e+05
2.029e-01 1.226e+05
1.916e-01 1.376e+05
1.941e-01 1.351e+05
2.001e-01 1.281e+05
1.886e-01 1.397e+05
1.970e-01 1.297e+05
1.936e-01 1.365e+05
1.950e-01 1.337e+05
2.044e-01 1.269e+05
2.101e-01 1.215e+05
1.945e-01 1.374e+05
1.947e-01 1.307e+05
2.268e-01 1.064e+05
1.868e-01 1.410e+05
1.885e-01 1.358e+05
1.967e-01 1.309e+05
1.912e-01 1.383e+05
2.112e-01 1.199e+05
1.980e-01 1.315e+05
1.929e-01 1.341e+05
1.954e-01 1.323e+05
2.297e-01 1.069e+05
1.989e-01 1.285e+05
1.906e-01 1.358e+05
1.965e-01 1.321e+05
1.915e-01 1.382e+05
1.880e-01 1.350e+05
1.948e-01 1.378e+05
2.016e-01 1.283e+05
1.952e-01 1.336e+05
1.867e-01 1.398e+05
1.928e-01 1.344e+05
1.964e-01 1.317e+05
1.911e-01 1.357e+05
1.876e-01 1.383e+05
2.069e-01 1.205e+05
1.945e-01 1.348e+05
1.954e-01 1.372e+05
1.954e-01 1.345e+05
1.912e-01 1.382e+05
1.999e-01 1.281e+05
1.947e-01 1.370e+05
2.069e-01 1.260e+05
1.858e-01 1.405e+05
1.969e-01 1.327e+05
2.057e-01 1.157e+05
1.933e-01 1.352e+05
1.978e-01 1.300e+05
1.913e-01 1.376e+05
1.909e-01 1.359e+05
1.874e-01 1.396e+05
1.974e-01 1.355e+05
1.913e-01 1.393e+05
2.004e-01 1.262e+05
2.380e-01 1.007e+05
1.970e-01 1.288e+05
1.946e-01 1.361e+05
1.910e-01 1.357e+05
1.967e-01 1.321e+05
2.123e-01 1.191e+05
2.487e-01 9.396e+04
1.928e-01 1.346e+05
2.481e-01 9.625e+04
1.888e-01 1.392e+05
1.909e-01 1.389e+05
1.910e-01 1.360e+05
1.915e-01 1.378e+05
1.907e-01 1.366e+05
1.902e-01 1.322e+05
1.999e-01 1.289e+05
1.865e-01 1.377e+05
1.884e-01 1.419e+05
1.970e-01 1.349e+05
2.136e-01 1.218e+05
2.577e-01 9.385e+04
1.912e-01 1.331e+05
1.858e-01 1.391e+05
2.608e-01 8.245e+04
1.878e-01 1.353e+05
1.892e-01 1.392e+05
1.950e-01 1.318e+05
2.362e-01 9.825e+04
1.877e-01 1.348e+05
1.870e-01 1.429e+05
2.009e-01 1.323e+05
2.164e-01 1.081e+05
1.860e-01 1.399e+05
2.649e-01 8.556e+04
1.933e-01 1.337e+05
1.865e-01 1.378e+05
1.960e-01 1.316e+05
1.954e-01 1.333e+05
1.921e-01 1.403e+05
1.905e-01 1.372e+05
2.021e-01 1.298e+05
1.935e-01 1.364e+05
1.965e-01 1.342e+05
1.981e-01 1.341e+05
1.903e-01 1.410e+05
1.976e-01 1.292e+05
1.922e-01 1.362e+05
1.973e-01 1.324e+05
1.953e-01 1.329e+05
1.964e-01 1.334e+05
1.867e-01 1.415e+05
1.961e-01 1.316e+05
2.046e-01 1.311e+05
1.856e-01 1.411e+05
1.949e-01 1.344e+05
1.917e-01 1.351e+05
1.936e-01 1.318e+05
1.942e-01 1.339e+05
2.347e-01 9.284e+04
1.955e-01 1.346e+05
1.967e-01 1.307e+05
1.969e-01 1.317e+05
1.971e-01 1.320e+05
2.701e-01 8.604e+04
1.950e-01 1.355e+05
1.951e-01 1.355e+05
1.925e-01 1.346e+05
1.989e-01 1.314e+05
1.906e-01 1.400e+05
2.350e-01 1.037e+05
1.946e-01 1.383e+05
2.145e-01 1.224e+05
1.931e-01 1.359e+05
2.003e-01 1.317e+05
1.876e-01 1.382e+05
1.925e-01 1.353e+05
1.942e-01 1.342e+05
1.855e-01 1.434e+05
1.924e-01 1.365e+05
2.108e-01 1.209e+05
2.378e-01 1.012e+05
1.913e-01 1.352e+05
2.726e-01 8.234e+04
1.945e-01 1.333e+05
1.917e-01 1.386e+05
2.188e-01 1.110e+05
1.965e-01 1.315e+05
1.891e-01 1.420e+05
1.964e-01 1.308e+05
1.930e-01 1.381e+05
1.885e-01 1.426e+05
1.883e-01 1.380e+05
1.949e-01 1.378e+05
1.967e-01 1.342e+05
1.962e-01 1.306e+05
1.904e-01 1.392e+05
1.936e-01 1.342e+05
1.913e-01 1.337e+05
1.981e-01 1.296e+05
1.871e-01 1.420e+05
1.903e-01 1.352e+05
1.908e-01 1.397e+05
1.855e-01 1.400e+05
2.128e-01 1.192e+05
1.912e-01 1.339e+05
2.112e-01 1.256e+05
1.922e-01 1.348e+05
1.998e-01 1.320e+05
2.495e-01 9.920e+04
1.878e-01 1.413e+05
2.033e-01 1.220e+05
1.988e-01 1.292e+05
1.967e-01 1.317e+05
1.888e-01 1.360e+05
1.926e-01 1.385e+05
1.865e-01 1.388e+05
1.937e-01 1.292e+05
1.947e-01 1.341e+05
1.873e-01 1.394e+05
1.904e-01 1.366e+05
1.965e-01 1.352e+05
2.464e-01 9.443e+04
1.894e-01 1.359e+05
1.948e-01 1.332e+05
1.927e-01 1.369e+05
2.570e-01 9.535e+04
2.004e-01 1.303e+05
1.916e-01 1.371e+05
2.290e-01 1.093e+05
1.950e-01 1.302e+05
1.924e-01 1.364e+05
1.918e-01 1.366e+05
1.901e-01 1.391e+05
1.933e-01 1.372e+05
1.921e-01 1.361e+05
1.933e-01 1.342e+05
1.931e-01 1.327e+05
1.976e-01 1.325e+05
1.888e-01 1.388e+05
1.888e-01 1.378e+05
2.045e-01 1.199e+05
1.890e-01 1.375e+05
1.860e-01 1.394e+05
1.941e-01 1.331e+05
1.985e-01 1.331e+05
1.962e-01 1.305e+05
1.897e-01 1.361e+05
1.955e-01 1.379e+05
1.931e-01 1.319e+05
1.949e-01 1.316e+05
1.922e-01 1.363e+05
1.880e-01 1.406e+05
1.939e-01 1.337e+05
1.965e-01 1.294e+05
2.392e-01 9.591e+04
1.925e-01 1.340e+05
1.922e-01 1.358e+05
1.948e-01 1.262e+05
1.872e-01 1.357e+05
1.973e-01 1.331e+05
1.911e-01 1.357e+05
1.874e-01 1.365e+05
1.893e-01 1.380e+05
1.975e-01 1.358e+05
1.921e-01 1.358e+05
2.478e-01 9.167e+04
1.911e-01 1.388e+05
2.033e-01 1.310e+05
2.111e-01 1.149e+05
2.331e-01 9.576e+04
1.969e-01 1.322e+05
1.914e-01 1.368e+05
2.002e-01 1.298e+05
2.403e-01 8.860e+04
1.925e-01 1.370e+05
1.981e-01 1.294e+05
1.977e-01 1.328e+05
1.961e-01 1.323e+05
1.971e-01 1.357e+05
1.923e-01 1.341e+05
1.946e-01 1.315e+05
1.960e-01 1.362e+05
1.865e-01 1.419e+05
2.355e-01 1.073e+05
1.980e-01 1.327e+05
1.916e-01 1.374e+05
1.945e-01 1.378e+05
2.017e-01 1.250e+05
1.885e-01 1.362e+05
1.982e-01 1.321e+05
1.863e-01 1.438e+05
1.935e-01 1.363e+05
1.955e-01 1.323e+05
1.905e-01 1.368e+05
1.935e-01 1.357e+05
1.957e-01 1.320e+05
1.888e-01 1.349e+05
2.334e-01 9.799e+04
2.013e-01 1.304e+05
1.891e-01 1.387e+05
1.900e-01 1.359e+05
1.978e-01 1.310e+05
1.885e-01 1.428e+05
1.918e-01 1.365e+05
1.984e-01 1.316e+05
1.897e-01 1.361e+05
1.859e-01 1.399e+05
2.320e-01 9.856e+04
1.923e-01 1.397e+05
2.075e-01 1.180e+05
1.876e-01 1.391e+05
1.932e-01 1.347e+05
1.891e-01 1.377e+05
2.071e-01 1.198e+05
1.894e-01 1.386e+05
1.965e-01 1.348e+05
1.885e-01 1.381e+05
2.002e-01 1.318e+05
1.876e-01 1.372e+05
1.923e-01 1.386e+05
1.974e-01 1.307e+05
1.890e-01 1.375e+05
1.850e-01 1.421e+05
1.964e-01 1.316e+05
1.883e-01 1.384e+05
2.686e-01 8.687e+04
1.899e-01 1.364e+05
1.957e-01 1.321e+05
1.971e-01 1.355e+05
1.918e-01 1.383e+05
1.893e-01 1.387e+05
2.338e-01 1.009e+05
1.911e-01 1.375e+05
2.015e-01 1.280e+05
1.943e-01 1.342e+05
2.470e-01 9.716e+04
1.878e-01 1.387e+05
1.909e-01 1.395e+05
1.906e-01 1.403e+05
1.995e-01 1.263e+05
1.995e-01 1.272e+05
1.969e-01 1.362e+05
1.922e-01 1.351e+05
1.858e-01 1.426e+05
1.925e-01 1.348e+05
1.899e-01 1.376e+05
1.973e-01 1.331e+05
1.995e-01 1.324e+05
1.929e-01 1.349e+05
1.909e-01 1.366e+05
2.098e-01 1.223e+05
1.869e-01 1.382e+05
1.900e-01 1.399e+05
2.156e-01 1.134e+05
1.935e-01 1.388e+05
2.037e-01 1.221e+05
1.883e-01 1.405e+05
1.889e-01 1.354e+05
2.106e-01 1.173e+05
1.902e-01 1.331e+05
1.957e-01 1.314e+05
1.903e-01 1.379e+05
1.980e-01 1.312e+05
1.954e-01 1.323e+05
1.982e-01 1.314e+05
1.966e-01 1.360e+05
1.920e-01 1.330e+05
1.891e-01 1.334e+05
1.934e-01 1.354e+05
1.870e-01 1.407e+05
1.904e-01 1.374e+05
1.940e-01 1.305e+05
2.415e-01 1.006e+05
1.933e-01 1.353e+05
1.939e-01 1.344e+05
1.911e-01 1.340e+05
1.910e-01 1.349e+05
1.912e-01 1.371e+05
1.971e-01 1.327e+05
1.916e-01 1.338e+05
1.989e-01 1.312e+05
2.018e-01 1.319e+05
2.173e-01 1.073e+05
1.952e-01 1.322e+05
1.949e-01 1.335e+05
2.688e-01 8.386e+04
2.112e-01 1.178e+05
2.192e-01 1.089e+05
1.883e-01 1.385e+05
1.876e-01 1.417e+05
1.936e-01 1.364e+05
2.045e-01 1.288e+05
2.006e-01 1.311e+05
1.934e-01 1.385e+05
1.877e-01 1.381e+05
1.915e-01 1.379e+05
1.890e-01 1.375e+05
1.875e-01 1.430e+05
1.925e-01 1.372e+05
1.931e-01 1.268e+05
1.941e-01 1.330e+05
1.928e-01 1.369e+05
1.960e-01 1.342e+05
1.907e-01 1.387e+05
1.880e-01 1.369e+05
1.952e-01 1.344e+05
1.898e-01 1.363e+05
1.997e-01 1.319e+05
1.938e-01 1.388e+05
1.863e-01 1.411e+05
2.109e-01 1.184e+05
2.554e-01 8.414e+04
2.021e-01 1.293e+05
1.966e-01 1.299e+05
1.944e-01 1.342e+05
1.950e-01 1.354e+05
1.891e-01 1.358e+05
1.892e-01 1.391e+05
1.992e-01 1.326e+05
1.984e-01 1.343e+05
1.888e-01 1.377e+05
1.903e-01 1.318e+05
1.945e-01 1.362e+05
1.891e-01 1.380e+05
1.872e-01 1.421e+05
1.938e-01 1.335e+05
1.853e-01 1.413e+05
1.931e-01 1.350e+05
1.910e-01 1.361e+05
1.949e-01 1.329e+05
1.982e-01 1.347e+05
2.210e-01 1.193e+05
1.872e-01 1.420e+05
2.240e-01 1.061e+05
2.018e-01 1.287e+05
1.864e-01 1.394e+05
1.951e-01 1.330e+05
1.877e-01 1.389e+05
1.905e-01 1.403e+05
1.927e-01 1.343e+05
1.985e-01 1.303e+05
1.938e-01 1.351e+05
1.942e-01 1.342e+05
2.038e-01 1.289e+05
1.868e-01 1.409e+05
1.953e-01 1.345e+05
1.876e-01 1.417e+05
2.476e-01 9.363e+04
1.958e-01 1.349e+05
1.941e-01 1.353e+05
1.943e-01 1.360e+05
1.887e-01 1.408e+05
1.889e-01 1.386e+05
1.927e-01 1.325e+05
1.899e-01 1.336e+05
2.164e-01 1.101e+05
1.905e-01 1.362e+05
1.872e-01 1.355e+05
2.003e-01 1.315e+05
1.976e-01 1.315e+05
1.853e-01 1.420e+05
1.928e-01 1.328e+05
1.879e-01 1.385e+05
1.963e-01 1.320e+05
1.930e-01 1.371e+05
1.973e-01 1.298e+05
1.907e-01 1.324e+05
2.016e-01 1.282e+05
2.289e-01 1.106e+05
1.923e-01 1.365e+05
1.957e-01 1.252e+05
2.144e-01 1.170e+05
1.973e-01 1.306e+05
1.967e-01 1.322e+05
2.029e-01 1.308e+05
1.990e-01 1.277e+05
2.046e-01 1.234e+05
1.970e-01 1.318e+05
2.001e-01 1.311e+05
1.921e-01 1.378e+05
1.916e-01 1.390e+05
1.929e-01 1.367e+05
1.874e-01 1.370e+05
1.953e-01 1.309e+05
1.951e-01 1.282e+05
1.944e-01 1.327e+05
1.947e-01 1.341e+05
2.087e-01 1.211e+05
1.887e-01 1.387e+05
1.923e-01 1.399e+05
1.982e-01 1.312e+05
1.928e-01 1.366e+05
2.009e-01 1.306e+05
1.967e-01 1.324e+05
2.467e-01 1.015e+05
1.885e-01 1.355e+05
1.906e-01 1.365e+05
1.925e-01 1.382e+05
1.942e-01 1.383e+05
2.037e-01 1.264e+05
1.937e-01 1.336e+05
1.905e-01 1.385e+05
2.093e-01 1.184e+05
1.926e-01 1.359e+05
1.942e-01 1.359e+05
1.889e-01 1.416e+05
1.927e-01 1.336e+05
1.871e-01 1.408e+05
1.980e-01 1.285e+05
1.907e-01 1.369e+05
2.246e-01 9.936e+04
1.930e-01 1.356e+05
2.530e-01 9.249e+04
1.971e-01 1.347e+05
1.870e-01 1.401e+05
1.989e-01 1.301e+05
1.893e-01 1.357e+05
2.023e-01 1.215e+05
1.870e-01 1.423e+05
1.852e-01 1.401e+05
2.050e-01 1.271e+05
1.908e-01 1.335e+05
1.939e-01 1.330e+05
1.976e-01 1.302e+05
2.362e-01 1.034e+05
1.928e-01 1.355e+05
1.960e-01 1.366e+05
1.914e-01 1.345e+05
2.071e-01 1.174e+05
1.949e-01 1.299e+05
1.910e-01 1.363e+05
1.898e-01 1.381e+05
1.917e-01 1.340e+05
1.920e-01 1.397e+05
1.894e-01 1.384e+05
1.910e-01 1.384e+05
1.902e-01 1.371e+05
1.954e-01 1.337e+05
1.911e-01 1.351e+05
1.918e-01 1.325e+05
1.951e-01 1.307e+05
1.875e-01 1.364e+05
1.885e-01 1.381e+05
1.915e-01 1.386e+05
2.021e-01 1.283e+05
1.906e-01 1.385e+05
2.598e-01 8.310e+04
2.169e-01 1.213e+05
1.926e-01 1.358e+05
1.935e-01 1.374e+05
1.985e-01 1.319e+05
1.932e-01 1.347e+05
2.085e-01 1.221e+05
1.877e-01 1.388e+05
2.053e-01 1.267e+05
1.933e-01 1.320e+05
2.127e-01 1.180e+05
1.911e-01 1.330e+05
1.905e-01 1.385e+05
1.976e-01 1.336e+05
1.954e-01 1.336e+05
1.976e-01 1.325e+05
1.887e-01 1.361e+05
1.903e-01 1.327e+05
2.087e-01 1.119e+05
1.890e-01 1.379e+05
2.112e-01 1.183e+05
1.895e-01 1.356e+05
1.919e-01 1.341e+05
1.935e-01 1.385e+05
1.899e-01 1.412e+05
2.463e-01 9.465e+04
1.939e-01 1.363e+05
1.936e-01 1.361e+05
1.967e-01 1.311e+05
1.901e-01 1.378e+05
1.907e-01 1.372e+05
1.993e-01 1.311e+05
2.224e-01 1.097e+05
1.906e-01 1.377e+05
2.193e-01 1.186e+05
1.909e-01 1.376e+05
2.011e-01 1.279e+05
2.724e-01 7.806e+04
2.022e-01 1.261e+05
1.930e-01 1.364e+05
1.871e-01 1.385e+05
2.635e-01 8.746e+04
1.877e-01 1.403e+05
1.918e-01 1.376e+05
1.858e-01 1.410e+05
1.913e-01 1.365e+05
1.991e-01 1.302e+05
1.937e-01 1.285e+05
1.872e-01 1.369e+05
1.871e-01 1.368e+05
2.450e-01 9.298e+04
2.025e-01 1.250e+05
1.996e-01 1.276e+05
1.892e-01 1.343e+05
1.960e-01 1.335e+05
1.910e-01 1.338e+05
1.921e-01 1.377e+05
1.922e-01 1.362e+05
1.981e-01 1.269e+05
1.940e-01 1.349e+05
1.891e-01 1.401e+05
1.913e-01 1.322e+05
1.937e-01 1.329e+05
2.012e-01 1.330e+05
1.917e-01 1.335e+05
1.953e-01 1.363e+05
1.902e-01 1.395e+05
1.953e-01 1.320e+05
1.947e-01 1.380e+05
1.899e-01 1.367e+05
1.956e-01 1.308e+05
1.970e-01 1.296e+05
1.925e-01 1.364e+05
2.300e-01 1.074e+05
1.937e-01 1.350e+05
1.970e-01 1.327e+05
1.939e-01 1.356e+05
2.092e-01 1.231e+05
1.873e-01 1.411e+05
2.183e-01 1.075e+05
2.008e-01 1.338e+05
1.891e-01 1.377e+05
1.967e-01 1.313e+05
1.877e-01 1.410e+05
1.938e-01 1.358e+05
2.225e-01 1.042e+05
1.950e-01 1.340e+05
1.876e-01 1.392e+05
2.248e-01 1.036e+05
2.590e-01 8.191e+04
1.949e-01 1.345e+05
1.895e-01 1.399e+05
2.442e-01 9.157e+04
1.950e-01 1.335e+05
1.932e-01 1.354e+05
1.925e-01 1.348e+05
1.967e-01 1.281e+05
1.903e-01 1.365e+05
1.925e-01 1.367e+05
1.907e-01 1.340e+05
2.081e-01 1.232e+05
1.937e-01 1.304e+05
1.973e-01 1.323e+05
1.884e-01 1.375e+05
1.958e-01 1.359e+05
1.910e-01 1.348e+05
2.046e-01 1.207e+05
1.909e-01 1.386e+05
1.998e-01 1.287e+05
2.375e-01 1.033e+05
2.752e-01 7.710e+04
2.146e-01 1.141e+05
1.856e-01 1.430e+05
1.938e-01 1.303e+05
1.906e-01 1.369e+05
2.232e-01 1.073e+05
2.309e-01 1.007e+05
1.881e-01 1.414e+05
2.186e-01 1.115e+05
1.868e-01 1.390e+05
1.978e-01 1.348e+05
1.863e-01 1.382e+05
1.873e-01 1.403e+05
2.005e-01 1.299e+05
2.022e-01 1.295e+05
1.859e-01 1.382e+05
2.017e-01 1.223e+05
1.903e-01 1.378e+05
1.970e-01 1.329e+05
1.980e-01 1.303e+05
2.008e-01 1.241e+05
2.035e-01 1.273e+05
1.997e-01 1.319e+05
2.289e-01 1.045e+05
1.850e-01 1.445e+05
1.989e-01 1.338e+05
1.956e-01 1.316e+05
1.869e-01 1.367e+05
1.917e-01 1.356e+05
1.904e-01 1.384e+05
1.891e-01 1.380e+05
1.897e-01 1.381e+05
1.912e-01 1.369e+05
1.959e-01 1.349e+05
2.314e-01 1.107e+05
1.878e-01 1.383e+05
1.954e-01 1.328e+05
2.049e-01 1.177e+05
1.885e-01 1.382e+05
1.899e-01 1.345e+05
1.890e-01 1.340e+05
1.990e-01 1.282e+05
2.067e-01 1.256e+05
1.946e-01 1.365e+05
1.923e-01 1.322e+05
1.906e-01 1.391e+05
1.920e-01 1.356e+05
1.886e-01 1.398e+05
1.914e-01 1.333e+05
1.948e-01 1.332e+05
2.015e-01 1.281e+05
1.891e-01 1.347e+05
1.917e-01 1.313e+05
1.990e-01 1.309e+05
2.167e-01 1.121e+05
2.719e-01 8.169e+04
1.892e-01 1.414e+05
1.945e-01 1.322e+05
1.903e-01 1.356e+05
1.894e-01 1.384e+05
2.179e-01 1.055e+05
1.924e-01 1.367e+05
1.871e-01 1.422e+05
1.916e-01 1.331e+05
1.923e-01 1.340e+05
1.906e-01 1.340e+05
1.896e-01 1.372e+05
1.917e-01 1.403e+05
1.914e-01 1.358e+05
2.001e-01 1.269e+05
1.953e-01 1.331e+05
1.901e-01 1.361e+05
1.882e-01 1.346e+05
1.965e-01 1.307e+05
1.910e-01 1.369e+05
1.913e-01 1.386e+05
1.937e-01 1.314e+05
1.927e-01 1.364e+05
1.857e-01 1.398e+05
1.938e-01 1.384e+05
2.103e-01 1.141e+05
2.009e-01 1.274e+05
1.935e-01 1.377e+05
1.949e-01 1.329e+05
1.864e-01 1.436e+05
1.947e-01 1.321e+05
1.871e-01 1.402e+05
2.374e-01 1.060e+05
1.928e-01 1.380e+05
1.866e-01 1.374e+05
1.966e-01 1.321e+05
1.897e-01 1.373e+05
1.981e-01 1.311e+05
1.934e-01 1.382e+05
1.976e-01 1.344e+05
1.894e-01 1.368e+05
1.919e-01 1.373e+05
1.876e-01 1.371e+05
2.538e-01 9.308e+04
2.924e-01 8.347e+04
1.886e-01 1.374e+05
2.167e-01 1.147e+05
1.939e-01 1.359e+05
1.952e-01 1.350e+05
1.890e-01 1.362e+05
1.946e-01 1.319e+05
1.875e-01 1.372e+05
2.329e-01 1.095e+05
2.043e-01 1.208e+05
1.872e-01 1.359e+05
2.293e-01 1.087e+05
1.838e-01 1.436e+05
2.029e-01 1.283e+05
1.937e-01 1.298e+05
1.924e-01 1.378e+05
1.956e-01 1.343e+05
1.952e-01 1.347e+05
1.930e-01 1.391e+05
1.922e-01 1.354e+05
2.154e-01 1.220e+05
1.944e-01 1.348e+05
2.029e-01 1.302e+05
1.880e-01 1.374e+05
1.974e-01 1.295e+05
2.156e-01 1.164e+05
1.911e-01 1.399e+05
1.933e-01 1.313e+05
1.912e-01 1.344e+05
1.966e-01 1.305e+05
1.913e-01 1.363e+05
2.033e-01 1.193e+05
1.958e-01 1.326e+05
1.890e-01 1.359e+05
1.879e-01 1.388e+05
1.984e-01 1.302e+05
2.088e-01 1.218e+05
1.932e-01 1.341e+05
1.991e-01 1.279e+05
1.866e-01 1.397e+05
1.982e-01 1.297e+05
1.876e-01 1.397e+05
2.000e-01 1.286e+05
2.008e-01 1.230e+05
1.915e-01 1.376e+05
1.973e-01 1.271e+05
1.953e-01 1.362e+05
1.910e-01 1.367e+05
1.952e-01 1.333e+05
1.922e-01 1.375e+05
2.797e-01 7.435e+04
1.898e-01 1.395e+05
2.066e-01 1.244e+05
1.905e-01 1.382e+05
1.889e-01 1.416e+05
1.869e-01 1.390e+05
1.914e-01 1.358e+05
1.938e-01 1.325e+05
1.939e-01 1.296e+05
1.921e-01 1.319e+05
2.003e-01 1.248e+05
2.064e-01 1.256e+05
1.943e-01 1.364e+05
1.906e-01 1.370e+05
2.105e-01 1.138e+05
2.011e-01 1.298e+05
1.927e-01 1.328e+05
1.974e-01 1.348e+05
2.215e-01 1.141e+05
2.792e-01 8.382e+04
1.913e-01 1.372e+05
1.923e-01 1.386e+05
1.960e-01 1.356e+05
1.950e-01 1.333e+05
2.075e-01 1.218e+05
1.954e-01 1.292e+05
1.982e-01 1.288e+05
1.979e-01 1.294e+05
1.901e-01 1.373e+05
1.928e-01 1.284e+05
1.968e-01 1.290e+05
2.185e-01 1.073e+05
2.038e-01 1.263e+05
2.224e-01 1.173e+05
1.900e-01 1.376e+05
2.377e-01 9.560e+04
1.956e-01 1.323e+05
2.050e-01 1.266e+05
1.905e-01 1.383e+05
1.981e-01 1.283e+05
1.879e-01 1.352e+05
1.928e-01 1.364e+05
2.114e-01 1.208e+05
1.910e-01 1.383e+05
1.956e-01 1.339e+05
1.962e-01 1.365e+05
2.481e-01 8.738e+04
1.966e-01 1.315e+05
1.899e-01 1.409e+05
1.915e-01 1.389e+05
2.252e-01 1.036e+05
1.891e-01 1.379e+05
2.218e-01 1.150e+05
1.920e-01 1.386e+05
2.002e-01 1.319e+05
1.962e-01 1.324e+05
1.993e-01 1.316e+05
2.115e-01 1.233e+05
1.904e-01 1.368e+05
1.945e-01 1.365e+05
1.892e-01 1.393e+05
1.936e-01 1.329e+05
1.953e-01 1.351e+05
1.914e-01 1.347e+05
2.003e-01 1.309e+05
1.864e-01 1.431e+05
2.028e-01 1.264e+05
1.906e-01 1.397e+05
1.910e-01 1.366e+05
1.896e-01 1.378e+05
2.667e-01 8.191e+04
1.878e-01 1.379e+05
2.089e-01 1.216e+05
1.871e-01 1.391e+05
1.932e-01 1.371e+05
1.921e-01 1.371e+05
1.993e-01 1.309e+05
1.904e-01 1.358e+05
2.024e-01 1.305e+05
1.957e-01 1.354e+05
2.411e-01 8.414e+04
1.929e-01 1.387e+05
1.963e-01 1.315e+05
1.840e-01 1.437e+05
1.895e-01 1.373e+05
2.241e-01 1.065e+05
2.208e-01 1.114e+05
1.992e-01 1.313e+05
1.890e-01 1.354e+05
1.895e-01 1.379e+05
1.952e-01 1.351e+05
2.064e-01 1.268e+05
1.856e-01 1.431e+05
2.158e-01 1.194e+05
1.856e-01 1.412e+05
1.867e-01 1.395e+05
1.918e-01 1.381e+05
1.923e-01 1.370e+05
1.970e-01 1.347e+05
1.937e-01 1.354e+05
1.913e-01 1.343e+05
2.540e-01 9.808e+04
1.965e-01 1.288e+05
2.036e-01 1.268e+05
1.914e-01 1.359e+05
1.949e-01 1.348e+05
1.934e-01 1.370e+05
1.953e-01 1.339e+05
1.991e-01 1.298e+05
1.972e-01 1.341e+05
1.947e-01 1.382e+05
1.920e-01 1.381e+05
1.998e-01 1.257e+05
1.893e-01 1.389e+05
1.885e-01 1.377e+05
1.899e-01 1.375e+05
1.957e-01 1.259e+05
1.919e-01 1.359e+05
1.912e-01 1.362e+05
1.882e-01 1.411e+05
1.958e-01 1.342e+05
1.910e-01 1.363e+05
1.885e-01 1.396e+05
1.960e-01 1.332e+05
1.950e-01 1.354e+05
1.941e-01 1.322e+05
2.415e-01 8.775e+04
1.913e-01 1.374e+05
1.991e-01 1.325e+05
1.899e-01 1.375e+05
2.005e-01 1.288e+05
1.914e-01 1.359e+05
1.865e-01 1.383e+05
2.105e-01 1.248e+05
1.932e-01 1.365e+05
2.008e-01 1.307e+05
1.863e-01 1.427e+05
1.869e-01 1.428e+05
1.870e-01 1.421e+05
1.963e-01 1.344e+05
1.965e-01 1.318e+05
1.954e-01 1.363e+05
1.896e-01 1.371e+05
2.102e-01 1.225e+05
2.935e-01 7.743e+04
2.558e-01 8.836e+04
1.918e-01 1.372e+05
1.878e-01 1.393e+05
1.924e-01 1.340e+05
1.946e-01 1.329e+05
1.917e-01 1.361e+05
1.943e-01 1.314e+05
1.893e-01 1.345e+05
1.969e-01 1.310e+05
1.997e-01 1.333e+05
1.914e-01 1.394e+05
1.959e-01 1.305e+05
1.912e-01 1.369e+05
2.287e-01 1.156e+05
2.261e-01 1.051e+05
1.885e-01 1.388e+05
1.918e-01 1.403e+05
1.936e-01 1.294e+05
1.963e-01 1.347e+05
1.958e-01 1.356e+05
1.938e-01 1.344e+05
2.072e-01 1.199e+05
1.959e-01 1.330e+05
1.941e-01 1.384e+05
1.925e-01 1.394e+05
1.959e-01 1.319e+05
1.952e-01 1.378e+05
1.961e-01 1.353e+05
1.915e-01 1.368e+05
2.097e-01 1.247e+05
1.942e-01 1.338e+05
1.961e-01 1.317e+05
1.911e-01 1.388e+05
1.940e-01 1.314e+05
1.922e-01 1.359e+05
1.996e-01 1.285e+05
1.904e-01 1.374e+05
2.000e-01 1.310e+05
1.921e-01 1.349e+05
2.091e-01 1.154e+05
1.859e-01 1.421e+05
1.955e-01 1.319e+05
1.870e-01 1.359e+05
1.851e-01 1.426e+05
1.891e-01 1.420e+05
1.894e-01 1.377e+05
2.480e-01 9.313e+04
1.901e-01 1.367e+05
1.953e-01 1.351e+05
2.464e-01 1.001e+05
1.961e-01 1.292e+05
1.895e-01 1.345e+05
1.961e-01 1.358e+05
1.891e-01 1.407e+05
2.369e-01 9.750e+04
1.863e-01 1.405e+05
1.908e-01 1.407e+05
2.121e-01 1.098e+05
1.898e-01 1.356e+05
1.889e-01 1.388e+05
1.972e-01 1.311e+05
1.912e-01 1.395e+05
2.714e-01 8.037e+04
1.971e-01 1.313e+05
2.021e-01 1.282e+05
2.012e-01 1.307e+05
1.946e-01 1.331e+05
1.932e-01 1.373e+05
1.948e-01 1.320e+05
1.967e-01 1.335e+05
1.888e-01 1.391e+05
1.965e-01 1.302e+05
1.895e-01 1.378e+05
1.993e-01 1.284e+05
1.956e-01 1.378e+05
1.881e-01 1.372e+05
1.965e-01 1.353e+05
1.931e-01 1.347e+05
1.975e-01 1.342e+05
1.921e-01 1.359e+05
2.203e-01 1.110e+05
2.138e-01 1.107e+05
2.150e-01 1.129e+05
1.973e-01 1.350e+05
1.948e-01 1.375e+05
1.923e-01 1.374e+05
1.990e-01 1.292e+05
1.852e-01 1.433e+05
2.014e-01 1.319e+05
1.942e-01 1.380e+05
1.934e-01 1.358e+05
1.850e-01 1.403e+05
1.924e-01 1.403e+05
1.930e-01 1.355e+05
2.025e-01 1.292e+05
2.061e-01 1.258e+05
1.904e-01 1.410e+05
1.952e-01 1.295e+05
1.980e-01 1.328e+05
2.040e-01 1.202e+05
1.923e-01 1.379e+05
2.199e-01 1.133e+05
1.966e-01 1.316e+05
1.885e-01 1.423e+05
1.924e-01 1.382e+05
1.946e-01 1.367e+05
2.409e-01 1.003e+05
2.142e-01 1.142e+05
2.085e-01 1.167e+05
2.319e-01 1.064e+05
1.972e-01 1.319e+05
1.886e-01 1.347e+05
1.853e-01 1.417e+05
1.955e-01 1.352e+05
1.843e-01 1.440e+05
1.935e-01 1.294e+05
1.915e-01 1.338e+05
1.898e-01 1.331e+05
1.934e-01 1.305e+05
1.929e-01 1.370e+05
1.891e-01 1.367e+05
1.951e-01 1.309e+05
1.905e-01 1.330e+05
1.850e-01 1.408e+05
1.898e-01 1.400e+05
1.919e-01 1.346e+05
1.849e-01 1.432e+05
2.615e-01 7.751e+04
2.885e-01 7.707e+04
1.902e-01 1.380e+05
2.786e-01 8.114e+04
1.995e-01 1.344e+05
1.957e-01 1.351e+05
1.914e-01 1.359e+05
1.914e-01 1.373e+05
2.104e-01 1.110e+05
1.847e-01 1.440e+05
1.888e-01 1.338e+05
1.970e-01 1.316e+05
2.326e-01 9.814e+04
1.970e-01 1.308e+05
1.917e-01 1.356e+05
2.207e-01 1.153e+05
1.863e-01 1.380e+05
1.963e-01 1.306e+05
1.862e-01 1.415e+05
1.967e-01 1.327e+05
1.940e-01 1.361e+05
1.917e-01 1.382e+05
1.984e-01 1.337e+05
2.470e-01 9.410e+04
1.938e-01 1.355e+05
1.935e-01 1.351e+05
1.912e-01 1.370e+05
2.215e-01 1.125e+05
2.396e-01 9.976e+04
1.973e-01 1.330e+05
1.895e-01 1.370e+05
1.947e-01 1.349e+05
1.998e-01 1.282e+05
1.994e-01 1.326e+05
2.823e-01 7.314e+04
2.255e-01 1.100e+05
1.980e-01 1.287e+05
1.939e-01 1.358e+05
1.911e-01 1.342e+05
1.954e-01 1.327e+05
1.983e-01 1.272e+05
2.643e-01 9.250e+04
1.978e-01 1.312e+05
1.942e-01 1.327e+05
2.496e-01 9.064e+04
1.937e-01 1.382e+05
1.933e-01 1.360e+05
1.974e-01 1.336e+05
2.122e-01 1.115e+05
2.392e-01 9.435e+04
1.963e-01 1.320e+05
1.873e-01 1.378e+05
2.050e-01 1.237e+05
1.848e-01 1.401e+05
2.452e-01 8.907e+04
1.916e-01 1.350e+05
1.968e-01 1.322e+05
1.889e-01 1.399e+05
1.909e-01 1.363e+05
2.007e-01 1.303e+05
1.899e-01 1.359e+05
1.899e-01 1.410e+05
1.938e-01 1.352e+05
1.959e-01 1.318e+05
1.902e-01 1.358e+05
1.944e-01 1.292e+05
1.935e-01 1.356e+05
2.195e-01 1.189e+05
2.455e-01 8.802e+04
1.954e-01 1.324e+05
1.850e-01 1.427e+05
1.906e-01 1.373e+05
1.892e-01 1.373e+05
1.945e-01 1.348e+05
1.891e-01 1.414e+05
1.858e-01 1.381e+05
1.981e-01 1.348e+05
1.917e-01 1.347e+05
1.889e-01 1.391e+05
1.963e-01 1.337e+05
1.866e-01 1.429e+05
1.956e-01 1.345e+05
1.942e-01 1.383e+05
1.844e-01 1.410e+05
2.124e-01 1.157e+05
1.868e-01 1.404e+05
1.936e-01 1.334e+05
1.872e-01 1.372e+05
1.951e-01 1.342e+05
1.919e-01 1.374e+05
1.874e-01 1.406e+05
2.065e-01 1.263e+05
1.993e-01 1.274e+05
2.431e-01 9.073e+04
2.474e-01 9.314e+04
1.951e-01 1.289e+05
2.096e-01 1.201e+05
1.965e-01 1.364e+05
1.919e-01 1.396e+05
2.564e-01 9.679e+04
1.877e-01 1.427e+05
2.191e-01 1.077e+05
2.010e-01 1.293e+05
1.852e-01 1.424e+05
1.875e-01 1.389e+05
1.855e-01 1.391e+05
1.862e-01 1.424e+05
1.894e-01 1.382e+05
1.883e-01 1.387e+05
2.069e-01 1.248e+05
1.965e-01 1.359e+05
1.896e-01 1.367e+05
1.998e-01 1.311e+05
1.896e-01 1.363e+05
1.917e-01 1.376e+05
2.037e-01 1.179e+05
2.011e-01 1.280e+05
1.961e-01 1.344e+05
2.371e-01 1.097e+05
2.045e-01 1.216e+05
2.080e-01 1.153e+05
2.061e-01 1.160e+05
1.924e-01 1.340e+05
1.969e-01 1.321e+05
1.986e-01 1.301e+05
2.353e-01 9.873e+04
1.968e-01 1.283e+05
1.914e-01 1.363e+05
2.727e-01 8.039e+04
1.887e-01 1.393e+05
1.921e-01 1.339e+05
2.033e-01 1.254e+05
2.180e-01 1.170e+05
1.954e-01 1.355e+05
1.886e-01 1.381e+05
2.892e-01 7.777e+04
1.995e-01 1.311e+05
1.982e-01 1.283e+05
1.908e-01 1.389e+05
1.903e-01 1.358e+05
1.926e-01 1.357e+05
2.053e-01 1.301e+05
1.984e-01 1.279e+05
1.990e-01 1.257e+05
1.963e-01 1.318e+05
2.282e-01 1.157e+05
2.415e-01 9.568e+04
1.858e-01 1.388e+05
1.895e-01 1.336e+05
1.955e-01 1.329e+05
2.028e-01 1.295e+05
1.941e-01 1.324e+05
1.907e-01 1.407e+05
1.850e-01 1.406e+05
2.534e-01 8.994e+04
2.758e-01 7.745e+04
1.922e-01 1.362e+05
2.079e-01 1.268e+05
1.887e-01 1.366e+05
2.048e-01 1.278e+05
1.946e-01 1.374e+05
1.890e-01 1.374e+05
1.872e-01 1.424e+05
2.711e-01 8.294e+04
1.960e-01 1.321e+05
1.919e-01 1.347e+05
1.938e-01 1.377e+05
1.954e-01 1.378e+05
1.861e-01 1.405e+05
1.887e-01 1.346e+05
1.876e-01 1.392e+05
1.888e-01 1.349e+05
1.930e-01 1.354e+05
1.886e-01 1.329e+05
1.990e-01 1.321e+05
1.992e-01 1.299e+05
2.033e-01 1.245e+05
2.014e-01 1.295e+05
2.056e-01 1.192e+05
1.942e-01 1.351e+05
2.495e-01 9.228e+04
1.956e-01 1.346e+05
1.931e-01 1.372e+05
1.857e-01 1.436e+05
2.477e-01 9.426e+04
1.911e-01 1.349e+05
1.916e-01 1.343e+05
1.962e-01 1.335e+05
1.895e-01 1.345e+05
1.929e-01 1.382e+05
1.896e-01 1.415e+05
1.925e-01 1.389e+05
1.915e-01 1.371e+05
1.988e-01 1.302e+05
2.018e-01 1.259e+05
1.963e-01 1.350e+05
1.910e-01 1.380e+05
2.175e-01 1.065e+05
1.959e-01 1.353e+05
1.900e-01 1.372e+05
1.954e-01 1.366e+05
2.546e-01 9.302e+04
1.867e-01 1.402e+05
1.958e-01 1.335e+05
2.557e-01 9.679e+04
1.954e-01 1.326e+05
1.850e-01 1.425e+05
2.043e-01 1.206e+05
2.030e-01 1.266e+05
2.121e-01 1.203e+05
1.960e-01 1.356e+05
1.961e-01 1.333e+05
1.871e-01 1.367e+05
2.181e-01 1.082e+05
2.183e-01 1.146e+05
1.888e-01 1.371e+05
2.244e-01 1.131e+05
2.844e-01 8.140e+04
1.899e-01 1.381e+05
2.038e-01 1.246e+05
1.915e-01 1.366e+05
1.853e-01 1.396e+05
2.385e-01 9.406e+04
1.946e-01 1.342e+05
2.225e-01 1.082e+05
2.049e-01 1.238e+05
1.945e-01 1.332e+05
2.490e-01 9.894e+04
1.955e-01 1.340e+05
1.911e-01 1.376e+05
1.930e-01 1.360e+05
1.940e-01 1.333e+05
2.448e-01 1.011e+05
1.938e-01 1.386e+05
1.948e-01 1.320e+05
1.924e-01 1.384e+05
1.870e-01 1.430e+05
1.975e-01 1.320e+05
1.923e-01 1.388e+05
1.886e-01 1.362e+05
1.948e-01 1.364e+05
1.950e-01 1.365e+05
1.893e-01 1.349e+05
1.998e-01 1.318e+05
1.953e-01 1.308e+05
1.966e-01 1.360e+05
1.884e-01 1.377e+05
1.972e-01 1.279e+05
2.018e-01 1.307e+05
2.031e-01 1.229e+05
1.914e-01 1.380e+05
1.999e-01 1.276e+05
1.997e-01 1.296e+05
2.039e-01 1.267e+05
1.917e-01 1.323e+05
2.002e-01 1.286e+05
2.527e-01 9.085e+04
1.973e-01 1.297e+05
1.904e-01 1.409e+05
1.882e-01 1.377e+05
1.862e-01 1.429e+05
1.927e-01 1.374e+05
2.113e-01 1.129e+05
1.911e-01 1.407e+05
1.931e-01 1.357e+05
1.975e-01 1.310e+05
1.916e-01 1.372e+05
1.894e-01 1.381e+05
2.648e-01 8.168e+04
1.896e-01 1.345e+05
1.900e-01 1.351e+05
1.869e-01 1.392e+05
1.935e-01 1.323e+05
1.861e-01 1.413e+05
1.963e-01 1.300e+05
1.911e-01 1.341e+05
1.955e-01 1.309e+05
1.849e-01 1.419e+05
1.909e-01 1.374e+05
1.971e-01 1.343e+05
2.414e-01 1.031e+05
2.833e-01 7.516e+04
1.996e-01 1.339e+05
1.890e-01 1.388e+05
1.982e-01 1.319e+05
1.891e-01 1.363e+05
1.867e-01 1.376e+05
1.940e-01 1.280e+05
1.969e-01 1.359e+05
2.421e-01 8.863e+04
1.957e-01 1.319e+05
1.961e-01 1.315e+05
1.918e-01 1.374e+05
1.932e-01 1.342e+05
1.868e-01 1.416e+05
1.947e-01 1.354e+05
1.946e-01 1.351e+05
1.962e-01 1.320e+05
1.968e-01 1.316e+05
1.997e-01 1.287e+05
1.894e-01 1.379e+05
1.910e-01 1.404e+05
1.962e-01 1.361e+05
1.942e-01 1.311e+05
1.921e-01 1.372e+05
1.930e-01 1.358e+05
1.957e-01 1.297e+05
2.711e-01 8.470e+04
1.926e-01 1.359e+05
1.959e-01 1.340e+05
1.929e-01 1.350e+05
1.893e-01 1.330e+05
2.061e-01 1.182e+05
1.903e-01 1.370e+05
1.891e-01 1.365e+05
1.874e-01 1.393e+05
1.904e-01 1.349e+05
1.960e-01 1.290e+05
1.975e-01 1.314e+05
1.926e-01 1.369e+05
2.392e-01 9.386e+04
2.626e-01 8.578e+04
1.992e-01 1.228e+05
1.898e-01 1.375e+05
1.891e-01 1.336e+05
2.291e-01 1.010e+05
2.117e-01 1.156e+05
2.579e-01 8.684e+04
1.896e-01 1.378e+05
1.963e-01 1.357e+05
2.065e-01 1.243e+05
1.882e-01 1.389e+05
2.573e-01 8.999e+04
1.959e-01 1.312e+05
1.870e-01 1.386e+05
2.169e-01 1.130e+05
1.939e-01 1.357e+05
1.988e-01 1.285e+05
1.936e-01 1.346e+05
1.925e-01 1.345e+05
1.942e-01 1.339e+05
2.592e-01 9.230e+04
1.916e-01 1.338e+05
1.919e-01 1.324e+05
1.906e-01 1.380e+05
2.088e-01 1.213e+05
2.183e-01 1.159e+05
2.048e-01 1.283e+05
1.927e-01 1.360e+05
1.926e-01 1.360e+05
1.871e-01 1.371e+05
1.977e-01 1.315e+05
1.913e-01 1.366e+05
1.852e-01 1.432e+05
1.947e-01 1.340e+05
1.910e-01 1.374e+05
1.922e-01 1.333e+05
1.964e-01 1.297e+05
2.032e-01 1.260e+05
1.990e-01 1.339e+05
1.871e-01 1.399e+05
1.955e-01 1.329e+05
1.936e-01 1.336e+05
1.927e-01 1.372e+05
1.948e-01 1.370e+05
1.924e-01 1.342e+05
1.941e-01 1.373e+05
2.233e-01 1.077e+05
1.950e-01 1.349e+05
1.939e-01 1.349e+05
1.897e-01 1.348e+05
1.982e-01 1.350e+05
1.949e-01 1.338e+05
2.431e-01 9.220e+04
1.865e-01 1.432e+05
1.941e-01 1.361e+05
1.988e-01 1.281e+05
1.971e-01 1.325e+05
1.927e-01 1.359e+05
1.915e-01 1.369e+05
1.927e-01 1.358e+05
1.956e-01 1.313e+05
1.992e-01 1.289e+05
1.975e-01 1.354e+05
1.886e-01 1.387e+05
2.089e-01 1.248e+05
2.017e-01 1.223e+05
1.932e-01 1.320e+05
1.906e-01 1.382e+05
1.967e-01 1.362e+05
1.861e-01 1.408e+05
2.049e-01 1.166e+05
1.941e-01 1.368e+05
1.919e-01 1.378e+05
1.994e-01 1.321e+05
1.909e-01 1.357e+05
1.901e-01 1.364e+05
1.953e-01 1.362e+05
1.943e-01 1.334e+05
1.930e-01 1.294e+05
1.899e-01 1.418e+05
1.930e-01 1.339e+05
2.307e-01 1.079e+05
2.009e-01 1.310e+05
1.919e-01 1.368e+05
2.400e-01 9.348e+04
1.948e-01 1.351e+05
1.949e-01 1.334e+05
1.901e-01 1.365e+05
1.981e-01 1.306e+05
1.908e-01 1.378e+05
1.904e-01 1.362e+05
2.116e-01 1.200e+05
1.897e-01 1.377e+05
1.918e-01 1.350e+05
2.033e-01 1.279e+05
2.145e-01 1.164e+05
1.974e-01 1.354e+05
1.981e-01 1.317e+05
1.908e-01 1.399e+05
1.936e-01 1.372e+05
1.859e-01 1.434e+05
1.937e-01 1.327e+05
1.936e-01 1.364e+05
1.903e-01 1.394e+05
2.224e-01 9.875e+04
1.889e-01 1.396e+05
2.543e-01 8.712e+04
1.873e-01 1.405e+05
1.945e-01 1.345e+05
1.896e-01 1.405e+05
1.973e-01 1.306e+05
2.275e-01 9.967e+04
2.184e-01 1.115e+05
1.999e-01 1.318e+05
1.889e-01 1.325e+05
2.136e-01 1.216e+05
1.968e-01 1.335e+05
1.868e-01 1.411e+05
2.094e-01 1.163e+05
2.048e-01 1.221e+05
1.884e-01 1.368e+05
2.044e-01 1.286e+05
1.943e-01 1.340e+05
1.933e-01 1.340e+05
1.938e-01 1.309e+05
1.934e-01 1.356e+05
2.389e-01 9.157e+04
1.906e-01 1.384e+05
1.869e-01 1.392e+05
1.960e-01 1.343e+05
1.944e-01 1.354e+05
1.967e-01 1.283e+05
1.987e-01 1.340e+05
1.982e-01 1.326e+05
1.855e-01 1.405e+05
1.855e-01 1.416e+05
1.917e-01 1.329e+05
1.865e-01 1.408e+05
2.082e-01 1.084e+05
1.863e-01 1.380e+05
1.898e-01 1.360e+05
2.323e-01 9.805e+04
2.286e-01 1.016e+05
1.930e-01 1.347e+05
1.897e-01 1.377e+05
2.127e-01 1.117e+05
2.219e-01 1.076e+05
1.968e-01 1.308e+05
1.903e-01 1.374e+05
2.369e-01 9.588e+04
1.896e-01 1.390e+05
1.942e-01 1.373e+05
1.874e-01 1.392e+05
2.142e-01 1.182e+05
1.918e-01 1.307e+05
1.953e-01 1.356e+05
2.040e-01 1.312e+05
1.880e-01 1.385e+05
1.903e-01 1.345e+05
2.419e-01 9.025e+04
1.932e-01 1.333e+05
1.861e-01 1.389e+05
1.935e-01 1.383e+05
1.844e-01 1.441e+05
1.996e-01 1.255e+05
2.009e-01 1.297e+05
2.363e-01 9.778e+04
1.873e-01 1.368e+05
3.022e-01 7.346e+04
1.879e-01 1.369e+05
1.998e-01 1.299e+05
1.922e-01 1.330e+05
1.938e-01 1.345e+05
1.976e-01 1.311e+05
1.865e-01 1.392e+05
2.144e-01 1.037e+05
2.375e-01 9.949e+04
1.914e-01 1.378e+05
1.958e-01 1.338e+05
1.958e-01 1.307e+05
2.513e-01 9.582e+04
1.862e-01 1.388e+05
1.946e-01 1.330e+05
1.954e-01 1.348e+05
1.937e-01 1.352e+05
2.007e-01 1.288e+05
2.480e-01 8.370e+04
1.889e-01 1.381e+05
1.884e-01 1.377e+05
2.488e-01 9.178e+04
2.610e-01 8.618e+04
1.899e-01 1.399e+05
1.949e-01 1.333e+05
1.926e-01 1.341e+05
1.962e-01 1.329e+05
1.882e-01 1.423e+05
2.310e-01 1.037e+05
2.023e-01 1.271e+05
1.951e-01 1.306e+05
1.883e-01 1.367e+05
1.969e-01 1.316e+05
1.946e-01 1.342e+05
1.966e-01 1.350e+05
1.869e-01 1.367e+05
1.907e-01 1.380e+05
1.909e-01 1.378e+05
1.962e-01 1.317e+05
1.861e-01 1.423e+05
2.449e-01 8.449e+04
1.926e-01 1.337e+05
1.951e-01 1.369e+05
1.998e-01 1.314e+05
2.018e-01 1.272e+05
1.919e-01 1.380e+05
2.161e-01 1.201e+05
1.858e-01 1.380e+05
2.043e-01 1.203e+05
2.381e-01 9.704e+04
1.975e-01 1.311e+05
1.901e-01 1.379e+05
1.996e-01 1.328e+05
1.920e-01 1.367e+05
1.875e-01 1.366e+05
1.906e-01 1.370e+05
1.951e-01 1.312e+05
1.863e-01 1.416e+05
2.159e-01 1.179e+05
1.974e-01 1.343e+05
1.905e-01 1.364e+05
1.980e-01 1.309e+05
1.861e-01 1.424e+05
1.900e-01 1.368e+05
2.049e-01 1.251e+05
1.993e-01 1.290e+05
1.859e-01 1.399e+05
1.866e-01 1.386e+05
1.901e-01 1.397e+05
2.123e-01 1.100e+05
1.897e-01 1.351e+05
1.935e-01 1.346e+05
1.973e-01 1.349e+05
2.061e-01 1.258e+05
1.957e-01 1.247e+05
1.899e-01 1.373e+05
1.919e-01 1.385e+05
1.858e-01 1.394e+05
2.118e-01 1.094e+05
1.958e-01 1.331e+05
1.892e-01 1.368e+05
1.952e-01 1.365e+05
1.915e-01 1.396e+05
1.915e-01 1.342e+05
1.890e-01 1.416e+05
1.919e-01 1.332e+05
1.903e-01 1.331e+05
2.184e-01 1.115e+05
1.880e-01 1.428e+05
2.062e-01 1.283e+05
1.952e-01 1.322e+05
1.999e-01 1.313e+05
1.945e-01 1.328e+05
2.800e-01 8.063e+04
1.928e-01 1.326e+05
1.988e-01 1.286e+05
1.920e-01 1.350e+05
1.914e-01 1.371e+05
1.906e-01 1.367e+05
1.928e-01 1.368e+05
2.623e-01 9.396e+04
2.357e-01 9.976e+04
1.921e-01 1.375e+05
1.956e-01 1.348e+05
1.893e-01 1.378e+05
1.911e-01 1.361e+05
1.945e-01 1.329e+05
1.983e-01 1.308e+05
1.958e-01 1.294e+05
1.938e-01 1.339e+05
1.874e-01 1.425e+05
2.722e-01 7.784e+04
2.581e-01 8.596e+04
1.945e-01 1.307e+05
1.931e-01 1.381e+05
1.928e-01 1.333e+05
1.932e-01 1.354e+05
2.110e-01 1.167e+05
1.884e-01 1.385e+05
1.937e-01 1.343e+05
2.009e-01 1.243e+05
2.057e-01 1.263e+05
1.977e-01 1.315e+05
1.925e-01 1.327e+05
1.899e-01 1.330e+05
2.458e-01 9.619e+04
1.895e-01 1.375e+05
1.946e-01 1.374e+05
1.905e-01 1.356e+05
2.015e-01 1.313e+05
1.883e-01 1.374e+05
1.969e-01 1.256e+05
1.948e-01 1.362e+05
1.962e-01 1.323e+05
1.949e-01 1.344e+05
1.936e-01 1.312e+05
1.969e-01 1.298e+05
1.903e-01 1.408e+05
2.709e-01 7.977e+04
1.878e-01 1.372e+05
2.093e-01 1.151e+05
1.972e-01 1.316e+05
1.947e-01 1.338e+05
1.917e-01 1.368e+05
1.940e-01 1.360e+05
1.914e-01 1.351e+05
1.968e-01 1.319e+05
2.379e-01 1.070e+05
1.938e-01 1.335e+05
1.910e-01 1.402e+05
1.896e-01 1.392e+05
1.927e-01 1.352e+05
2.323e-01 1.039e+05
1.867e-01 1.387e+05
1.962e-01 1.372e+05
1.936e-01 1.354e+05
2.025e-01 1.312e+05
1.919e-01 1.369e+05
2.372e-01 1.006e+05
1.879e-01 1.436e+05
1.965e-01 1.285e+05
1.897e-01 1.331e+05
2.028e-01 1.270e+05
1.919e-01 1.349e+05
1.950e-01 1.363e+05
1.956e-01 1.342e+05
1.992e-01 1.348e+05
2.028e-01 1.273e+05
2.508e-01 9.288e+04
1.936e-01 1.345e+05
1.875e-01 1.396e+05
1.909e-01 1.377e+05
1.970e-01 1.296e+05
1.933e-01 1.350e+05
1.946e-01 1.330e+05
1.852e-01 1.397e+05
1.912e-01 1.362e+05
1.940e-01 1.336e+05
2.520e-01 8.858e+04
2.048e-01 1.244e+05
1.901e-01 1.317e+05
1.856e-01 1.420e+05
1.951e-01 1.303e+05
1.902e-01 1.405e+05
1.955e-01 1.337e+05
2.142e-01 1.155e+05
1.848e-01 1.409e+05
2.197e-01 1.143e+05
1.860e-01 1.437e+05
1.905e-01 1.379e+05
1.884e-01 1.408e+05
1.921e-01 1.364e+05
2.501e-01 9.845e+04
1.918e-01 1.357e+05
1.884e-01 1.383e+05
2.045e-01 1.250e+05
1.993e-01 1.260e+05
1.946e-01 1.363e+05
1.897e-01 1.353e+05
1.927e-01 1.356e+05
2.702e-01 8.270e+04
1.952e-01 1.360e+05
2.722e-01 8.035e+04
1.983e-01 1.295e+05
1.976e-01 1.294e+05
1.911e-01 1.325e+05
1.871e-01 1.405e+05
1.885e-01 1.399e+05
1.959e-01 1.230e+05
2.332e-01 9.894e+04
2.035e-01 1.282e+05
1.941e-01 1.342e+05
1.970e-01 1.315e+05
1.907e-01 1.388e+05
1.930e-01 1.374e+05
1.908e-01 1.363e+05
1.899e-01 1.372e+05
1.874e-01 1.415e+05
1.942e-01 1.297e+05
1.952e-01 1.344e+05
1.880e-01 1.389e+05
1.901e-01 1.375e+05
1.866e-01 1.376e+05
1.920e-01 1.329e+05
1.955e-01 1.335e+05
2.443e-01 9.537e+04
2.667e-01 8.447e+04
2.117e-01 1.236e+05
1.979e-01 1.337e+05
2.459e-01 9.134e+04
1.993e-01 1.259e+05
2.313e-01 9.542e+04
2.217e-01 1.050e+05
2.747e-01 7.753e+04
1.878e-01 1.409e+05
1.974e-01 1.316e+05
1.968e-01 1.344e+05
1.922e-01 1.375e+05
1.915e-01 1.372e+05
2.068e-01 1.258e+05
1.937e-01 1.309e+05
1.959e-01 1.349e+05
2.228e-01 1.077e+05
1.933e-01 1.386e+05
1.970e-01 1.282e+05
2.034e-01 1.303e+05
1.930e-01 1.351e+05
1.905e-01 1.338e+05
1.972e-01 1.323e+05
1.937e-01 1.356e+05
1.862e-01 1.411e+05
1.928e-01 1.354e+05
1.856e-01 1.407e+05
1.903e-01 1.399e+05
1.959e-01 1.334e+05
1.906e-01 1.380e+05
1.953e-01 1.341e+05
2.006e-01 1.273e+05
1.897e-01 1.412e+05
1.937e-01 1.328e+05
2.396e-01 9.724e+04
2.407e-01 9.613e+04
1.874e-01 1.428e+05
1.921e-01 1.356e+05
1.895e-01 1.375e+05
2.337e-01 1.000e+05
2.159e-01 1.087e+05
1.939e-01 1.346e+05
1.914e-01 1.389e+05
1.969e-01 1.349e+05
1.974e-01 1.322e+05
1.951e-01 1.331e+05
1.895e-01 1.372e+05
1.925e-01 1.357e+05
1.857e-01 1.391e+05
2.011e-01 1.285e+05
1.925e-01 1.362e+05
1.995e-01 1.296e+05
2.227e-01 1.184e+05
1.923e-01 1.343e+05
1.881e-01 1.391e+05
1.916e-01 1.406e+05
1.944e-01 1.330e+05
2.019e-01 1.313e+05
1.964e-01 1.290e+05
1.943e-01 1.323e+05
2.281e-01 1.087e+05
2.486e-01 8.372e+04
2.481e-01 9.590e+04
1.993e-01 1.351e+05
1.937e-01 1.336e+05
2.141e-01 1.217e+05
1.955e-01 1.345e+05
2.384e-01 9.351e+04
1.967e-01 1.356e+05
2.519e-01 9.383e+04
2.165e-01 1.134e+05
2.066e-01 1.207e+05
2.040e-01 1.308e+05
1.993e-01 1.308e+05
1.968e-01 1.301e+05
1.908e-01 1.351e+05
1.857e-01 1.392e+05
1.921e-01 1.325e+05
1.899e-01 1.401e+05
2.496e-01 9.137e+04
1.912e-01 1.350e+05
1.935e-01 1.299e+05
1.991e-01 1.317e+05
1.946e-01 1.351e+05
1.948e-01 1.350e+05
1.923e-01 1.369e+05
1.975e-01 1.338e+05
2.171e-01 1.208e+05
1.942e-01 1.359e+05
1.972e-01 1.280e+05
1.887e-01 1.399e+05
1.947e-01 1.367e+05
1.912e-01 1.394e+05
1.890e-01 1.395e+05
1.952e-01 1.317e+05
2.597e-01 9.402e+04
1.984e-01 1.327e+05
1.912e-01 1.380e+05
1.972e-01 1.315e+05
2.319e-01 9.955e+04
2.080e-01 1.141e+05
1.890e-01 1.389e+05
1.952e-01 1.333e+05
1.896e-01 1.383e+05
1.928e-01 1.347e+05
1.980e-01 1.258e+05
1.919e-01 1.381e+05
1.890e-01 1.368e+05
2.017e-01 1.262e+05
1.941e-01 1.352e+05
2.299e-01 1.041e+05
1.889e-01 1.396e+05
1.918e-01 1.383e+05
2.003e-01 1.299e+05
1.950e-01 1.356e+05
2.151e-01 1.162e+05
1.923e-01 1.377e+05
1.938e-01 1.358e+05
1.960e-01 1.302e+05
1.969e-01 1.342e+05
1.897e-01 1.377e+05
1.913e-01 1.371e+05
1.934e-01 1.356e+05
1.906e-01 1.353e+05
1.894e-01 1.371e+05
1.925e-01 1.346e+05
2.093e-01 1.261e+05
1.877e-01 1.375e+05
1.941e-01 1.319e+05
2.096e-01 1.218e+05
1.911e-01 1.379e+05
1.963e-01 1.344e+05
1.985e-01 1.319e+05
1.956e-01 1.314e+05
1.904e-01 1.361e+05
1.993e-01 1.302e+05
1.941e-01 1.290e+05
1.996e-01 1.329e+05
1.931e-01 1.342e+05
2.733e-01 8.669e+04
1.919e-01 1.366e+05
2.014e-01 1.292e+05
2.006e-01 1.272e+05
1.870e-01 1.386e+05
1.932e-01 1.353e+05
1.952e-01 1.362e+05
2.001e-01 1.306e+05
1.945e-01 1.340e+05
1.904e-01 1.396e+05
1.949e-01 1.302e+05
1.903e-01 1.370e+05
2.001e-01 1.286e+05
2.639e-01 8.327e+04
2.004e-01 1.285e+05
1.931e-01 1.362e+05
2.433e-01 9.732e+04
2.015e-01 1.281e+05
1.973e-01 1.304e+05
1.982e-01 1.278e+05
2.012e-01 1.290e+05
1.958e-01 1.301e+05
1.955e-01 1.328e+05
1.905e-01 1.398e+05
2.012e-01 1.271e+05
2.112e-01 1.225e+05
2.075e-01 1.233e+05
2.000e-01 1.316e+05
1.898e-01 1.356e+05
1.968e-01 1.301e+05
1.991e-01 1.322e+05
2.530e-01 8.371e+04
1.912e-01 1.412e+05
1.936e-01 1.368e+05
2.377e-01 1.056e+05
1.877e-01 1.394e+05
1.950e-01 1.334e+05
1.864e-01 1.404e+05
1.935e-01 1.362e+05
1.859e-01 1.421e+05
1.925e-01 1.346e+05
1.996e-01 1.314e+05
1.962e-01 1.315e+05
2.026e-01 1.238e+05
2.619e-01 7.935e+04
2.756e-01 7.676e+04
1.950e-01 1.310e+05
1.933e-01 1.377e+05
2.378e-01 1.011e+05
1.998e-01 1.279e+05
1.988e-01 1.270e+05
1.947e-01 1.317e+05
1.925e-01 1.332e+05
1.894e-01 1.363e+05
1.940e-01 1.338e+05
1.895e-01 1.371e+05
1.931e-01 1.338e+05
1.965e-01 1.235e+05
1.960e-01 1.334e+05
1.973e-01 1.313e+05
1.910e-01 1.336e+05
1.914e-01 1.354e+05
1.896e-01 1.415e+05
2.051e-01 1.230e+05
1.935e-01 1.308e+05
1.941e-01 1.339e+05
1.945e-01 1.333e+05
1.910e-01 1.386e+05
1.891e-01 1.382e+05
1.925e-01 1.350e+05
1.858e-01 1.402e+05
1.906e-01 1.359e+05
1.974e-01 1.312e+05
1.983e-01 1.284e+05
1.928e-01 1.323e+05
2.013e-01 1.269e+05
1.967e-01 1.302e+05
2.058e-01 1.251e+05
1.954e-01 1.313e+05
1.874e-01 1.418e+05
2.188e-01 1.151e+05
1.845e-01 1.436e+05
1.947e-01 1.329e+05
1.904e-01 1.373e+05
1.890e-01 1.374e+05
1.975e-01 1.324e+05
2.189e-01 1.161e+05
2.237e-01 1.135e+05
1.880e-01 1.412e+05
1.928e-01 1.316e+05
1.902e-01 1.407e+05
1.877e-01 1.432e+05
2.184e-01 1.081e+05
1.938e-01 1.391e+05
1.897e-01 1.402e+05
1.858e-01 1.404e+05
1.933e-01 1.353e+05
1.920e-01 1.366e+05
1.873e-01 1.425e+05
1.908e-01 1.382e+05
1.944e-01 1.306e+05
1.950e-01 1.326e+05
1.927e-01 1.348e+05
2.568e-01 8.284e+04
1.964e-01 1.295e+05
1.971e-01 1.331e+05
1.922e-01 1.390e+05
1.920e-01 1.366e+05
2.755e-01 7.846e+04
1.978e-01 1.316e+05
1.915e-01 1.373e+05
1.949e-01 1.347e+05
1.904e-01 1.377e+05
1.912e-01 1.352e+05
2.224e-01 1.070e+05
2.222e-01 1.051e+05
1.888e-01 1.404e+05
1.916e-01 1.312e+05
1.857e-01 1.377e+05
2.832e-01 7.349e+04
1.911e-01 1.365e+05
1.978e-01 1.225e+05
1.980e-01 1.310e+05
2.325e-01 1.012e+05
2.009e-01 1.275e+05
1.948e-01 1.356e+05
1.925e-01 1.362e+05
1.975e-01 1.355e+05
1.941e-01 1.320e+05
2.148e-01 1.137e+05
1.948e-01 1.326e+05
1.980e-01 1.304e+05
1.875e-01 1.428e+05
2.505e-01 8.957e+04
1.876e-01 1.387e+05
1.950e-01 1.351e+05
2.169e-01 1.067e+05
1.920e-01 1.332e+05
2.400e-01 1.025e+05
1.920e-01 1.355e+05
1.901e-01 1.417e+05
2.016e-01 1.282e+05
2.134e-01 1.134e+05
2.077e-01 1.217e+05
1.919e-01 1.361e+05
1.941e-01 1.320e+05
1.912e-01 1.338e+05
1.861e-01 1.404e+05
1.922e-01 1.373e+05
1.981e-01 1.307e+05
1.965e-01 1.308e+05
1.915e-01 1.381e+05
1.860e-01 1.394e+05
2.811e-01 8.053e+04
1.922e-01 1.324e+05
1.981e-01 1.273e+05
1.865e-01 1.413e+05
1.853e-01 1.390e+05
1.935e-01 1.337e+05
1.926e-01 1.367e+05
2.322e-01 1.024e+05
1.946e-01 1.335e+05
2.131e-01 1.117e+05
1.994e-01 1.271e+05
1.935e-01 1.386e+05
1.877e-01 1.412e+05
1.943e-01 1.358e+05
1.869e-01 1.427e+05
2.385e-01 1.023e+05
1.907e-01 1.375e+05
2.433e-01 9.714e+04
1.931e-01 1.336e+05
1.910e-01 1.383e+05
1.904e-01 1.371e+05
2.096e-01 1.239e+05
1.875e-01 1.375e+05
1.976e-01 1.320e+05
1.925e-01 1.340e+05
1.890e-01 1.417e+05
2.211e-01 1.013e+05
1.891e-01 1.387e+05
2.353e-01 1.018e+05
1.929e-01 1.279e+05
1.965e-01 1.277e+05
2.028e-01 1.291e+05
2.170e-01 1.065e+05
1.872e-01 1.379e+05
2.388e-01 9.390e+04
2.285e-01 1.102e+05
2.027e-01 1.235e+05
1.895e-01 1.329e+05
2.678e-01 7.841e+04
1.935e-01 1.351e+05
2.031e-01 1.292e+05
2.753e-01 8.591e+04
1.947e-01 1.364e+05
1.919e-01 1.383e+05
1.904e-01 1.377e+05
2.648e-01 8.736e+04
1.920e-01 1.390e+05
1.844e-01 1.428e+05
1.914e-01 1.369e+05
1.906e-01 1.363e+05
1.889e-01 1.386e+05
1.922e-01 1.365e+05
1.913e-01 1.385e+05
2.648e-01 8.326e+04
1.867e-01 1.397e+05
1.998e-01 1.307e+05
1.956e-01 1.373e+05
1.920e-01 1.336e+05
1.852e-01 1.410e+05
1.857e-01 1.429e+05
1.917e-01 1.341e+05
1.981e-01 1.293e+05
1.912e-01 1.352e+05
2.014e-01 1.274e+05
1.905e-01 1.369e+05
1.972e-01 1.333e+05
1.976e-01 1.293e+05
2.025e-01 1.283e+05
2.025e-01 1.311e+05
1.974e-01 1.302e+05
1.866e-01 1.433e+05
1.947e-01 1.357e+05
2.000e-01 1.271e+05
2.647e-01 8.560e+04
1.847e-01 1.412e+05
1.930e-01 1.342e+05
1.872e-01 1.426e+05
1.962e-01 1.323e+05
1.950e-01 1.346e+05
1.941e-01 1.339e+05
1.911e-01 1.355e+05
1.922e-01 1.366e+05
1.897e-01 1.387e+05
1.952e-01 1.332e+05
1.932e-01 1.345e+05
2.250e-01 1.014e+05
1.894e-01 1.365e+05
2.226e-01 1.162e+05
1.984e-01 1.300e+05
1.888e-01 1.350e+05
1.862e-01 1.389e+05
2.001e-01 1.305e+05
2.556e-01 9.077e+04
2.677e-01 8.388e+04
1.906e-01 1.376e+05
1.893e-01 1.400e+05
2.006e-01 1.319e+05
1.971e-01 1.331e+05
2.264e-01 1.092e+05
2.067e-01 1.188e+05
1.889e-01 1.349e+05
1.855e-01 1.428e+05
1.912e-01 1.369e+05
1.951e-01 1.307e+05
1.980e-01 1.309e+05
1.944e-01 1.342e+05
2.017e-01 1.282e+05
3.024e-01 7.603e+04
1.937e-01 1.346e+05
1.925e-01 1.369e+05
2.065e-01 1.222e+05
1.906e-01 1.364e+05
1.940e-01 1.388e+05
1.924e-01 1.343e+05
2.648e-01 8.262e+04
1.988e-01 1.291e+05
2.103e-01 1.234e+05
1.932e-01 1.332e+05
1.918e-01 1.368e+05
2.004e-01 1.284e+05
1.969e-01 1.324e+05
1.906e-01 1.356e+05
1.981e-01 1.295e+05
1.980e-01 1.294e+05
1.909e-01 1.345e+05
1.891e-01 1.383e+05
2.030e-01 1.312e+05
1.960e-01 1.337e+05
1.909e-01 1.358e+05
1.949e-01 1.322e+05
1.920e-01 1.389e+05
1.950e-01 1.276e+05
1.893e-01 1.377e+05
2.328e-01 1.120e+05
1.885e-01 1.390e+05
1.984e-01 1.299e+05
2.165e-01 1.092e+05
1.842e-01 1.433e+05
1.933e-01 1.348e+05
1.944e-01 1.319e+05
1.904e-01 1.354e+05
1.912e-01 1.383e+05
1.980e-01 1.325e+05
1.930e-01 1.352e+05
1.921e-01 1.370e+05
2.322e-01 1.045e+05
2.193e-01 1.112e+05
1.964e-01 1.321e+05
2.501e-01 8.926e+04
1.934e-01 1.375e+05
1.899e-01 1.374e+05
2.443e-01 1.037e+05
1.953e-01 1.359e+05
2.665e-01 8.973e+04
1.955e-01 1.360e+05
1.918e-01 1.374e+05
1.932e-01 1.339e+05
1.982e-01 1.334e+05
2.156e-01 1.161e+05
1.938e-01 1.362e+05
2.032e-01 1.294e+05
1.975e-01 1.342e+05
2.033e-01 1.277e+05
1.928e-01 1.356e+05
1.936e-01 1.332e+05
1.909e-01 1.360e+05
1.928e-01 1.363e+05
1.932e-01 1.341e+05
1.925e-01 1.354e+05
1.913e-01 1.396e+05
1.907e-01 1.370e+05
1.949e-01 1.354e+05
2.111e-01 1.198e+05
1.943e-01 1.350e+05
1.909e-01 1.349e+05
1.968e-01 1.335e+05
1.871e-01 1.423e+05
2.514e-01 8.084e+04
1.893e-01 1.356e+05
1.881e-01 1.365e+05
2.001e-01 1.287e+05
1.965e-01 1.319e+05
1.908e-01 1.394e+05
1.925e-01 1.357e+05
1.910e-01 1.361e+05
1.951e-01 1.312e+05
1.942e-01 1.343e+05
2.030e-01 1.257e+05
1.947e-01 1.305e+05
1.983e-01 1.265e+05
1.902e-01 1.374e+05
2.868e-01 7.907e+04
1.925e-01 1.350e+05
1.939e-01 1.325e+05
1.869e-01 1.396e+05
1.870e-01 1.431e+05
1.917e-01 1.397e+05
1.965e-01 1.305e+05
1.928e-01 1.340e+05
2.065e-01 1.246e+05
1.941e-01 1.333e+05
1.865e-01 1.437e+05
2.109e-01 1.259e+05
1.966e-01 1.315e+05
1.941e-01 1.337e+05
2.013e-01 1.317e+05
1.920e-01 1.384e+05
1.882e-01 1.419e+05
1.946e-01 1.324e+05
1.874e-01 1.364e+05
1.891e-01 1.342e+05
1.961e-01 1.351e+05
1.905e-01 1.390e+05
1.843e-01 1.440e+05
1.902e-01 1.360e+05
2.161e-01 1.167e+05
1.899e-01 1.372e+05
1.941e-01 1.339e+05
1.903e-01 1.373e+05
1.984e-01 1.324e+05
1.962e-01 1.298e+05
1.879e-01 1.379e+05
1.929e-01 1.390e+05
1.956e-01 1.325e+05
1.932e-01 1.356e+05
1.890e-01 1.422e+05
2.058e-01 1.243e+05
1.893e-01 1.348e+05
1.908e-01 1.326e+05
1.853e-01 1.439e+05
1.908e-01 1.352e+05
1.947e-01 1.341e+05
1.989e-01 1.299e+05
2.288e-01 1.078e+05
1.940e-01 1.350e+05
1.868e-01 1.430e+05
2.857e-01 7.505e+04
1.868e-01 1.397e+05
1.867e-01 1.379e+05
2.066e-01 1.190e+05
1.912e-01 1.363e+05
1.909e-01 1.365e+05
1.937e-01 1.334e+05
1.865e-01 1.434e+05
1.942e-01 1.326e+05
2.068e-01 1.249e+05
1.931e-01 1.378e+05
1.947e-01 1.358e+05
1.944e-01 1.375e+05
1.961e-01 1.323e+05
1.888e-01 1.396e+05
1.859e-01 1.389e+05
1.894e-01 1.377e+05
1.916e-01 1.369e+05
1.939e-01 1.343e+05
1.947e-01 1.347e+05
1.980e-01 1.328e+05
1.975e-01 1.366e+05
1.903e-01 1.315e+05
1.956e-01 1.315e+05
1.929e-01 1.339e+05
1.942e-01 1.362e+05
2.641e-01 8.317e+04
1.919e-01 1.383e+05
1.953e-01 1.318e+05
1.950e-01 1.348e+05
1.894e-01 1.355e+05
2.141e-01 1.237e+05
1.944e-01 1.348e+05
1.914e-01 1.328e+05
1.974e-01 1.286e+05
2.048e-01 1.291e+05
1.871e-01 1.386e+05
1.889e-01 1.415e+05
1.924e-01 1.367e+05
1.997e-01 1.296e+05
2.345e-01 9.724e+04
1.853e-01 1.430e+05
1.873e-01 1.378e+05
1.973e-01 1.364e+05
1.988e-01 1.332e+05
1.914e-01 1.366e+05
1.945e-01 1.354e+05
1.896e-01 1.393e+05
1.964e-01 1.316e+05
1.972e-01 1.331e+05
2.614e-01 8.940e+04
2.361e-01 1.045e+05
1.935e-01 1.349e+05
1.865e-01 1.377e+05
1.887e-01 1.370e+05
1.956e-01 1.321e+05
1.904e-01 1.390e+05
1.907e-01 1.361e+05
1.949e-01 1.369e+05
1.877e-01 1.434e+05
2.691e-01 8.736e+04
1.907e-01 1.389e+05
2.556e-01 8.250e+04
1.924e-01 1.348e+05
1.942e-01 1.367e+05
2.438e-01 1.020e+05
1.872e-01 1.355e+05
1.913e-01 1.365e+05
1.991e-01 1.329e+05
1.987e-01 1.321e+05
1.921e-01 1.333e+05
1.964e-01 1.336e+05
2.034e-01 1.284e+05
1.863e-01 1.404e+05
1.907e-01 1.374e+05
1.987e-01 1.297e+05
1.954e-01 1.330e+05
1.997e-01 1.282e+05
1.903e-01 1.398e+05
1.927e-01 1.337e+05
1.929e-01 1.347e+05
1.883e-01 1.365e+05
2.009e-01 1.270e+05
1.993e-01 1.303e+05
1.948e-01 1.338e+05
1.972e-01 1.307e+05
1.910e-01 1.315e+05
1.916e-01 1.354e+05
1.916e-01 1.326e+05
1.917e-01 1.324e+05
2.352e-01 1.030e+05
1.949e-01 1.333e+05
1.940e-01 1.315e+05
1.907e-01 1.353e+05
2.545e-01 8.341e+04
2.007e-01 1.298e+05
2.469e-01 9.555e+04
2.439e-01 9.818e+04
1.979e-01 1.311e+05
2.108e-01 1.171e+05
1.882e-01 1.402e+05
1.900e-01 1.354e+05
1.932e-01 1.354e+05
1.907e-01 1.370e+05
1.899e-01 1.352e+05
1.965e-01 1.341e+05
1.935e-01 1.326e+05
2.903e-01 8.241e+04
1.928e-01 1.315e+05
1.998e-01 1.325e+05
1.934e-01 1.311e+05
2.278e-01 1.143e+05
1.851e-01 1.418e+05
1.975e-01 1.311e+05
1.937e-01 1.311e+05
1.978e-01 1.287e+05
1.944e-01 1.324e+05
1.922e-01 1.372e+05
1.898e-01 1.384e+05
1.881e-01 1.380e+05
1.987e-01 1.318e+05
1.917e-01 1.344e+05
1.975e-01 1.312e+05
1.934e-01 1.368e+05
1.949e-01 1.340e+05
1.919e-01 1.386e+05
1.899e-01 1.351e+05
1.954e-01 1.327e+05
1.975e-01 1.278e+05
1.928e-01 1.371e+05
1.911e-01 1.393e+05
1.929e-01 1.377e+05
2.647e-01 8.941e+04
1.920e-01 1.362e+05
2.756e-01 8.627e+04
2.049e-01 1.301e+05
1.941e-01 1.342e+05
1.911e-01 1.368e+05
1.842e-01 1.430e+05
1.959e-01 1.349e+05
1.902e-01 1.352e+05
1.881e-01 1.415e+05
1.909e-01 1.364e+05
1.899e-01 1.324e+05
1.901e-01 1.364e+05
1.906e-01 1.377e+05
1.950e-01 1.324e+05
1.862e-01 1.430e+05
1.899e-01 1.331e+05
1.956e-01 1.303e+05
1.903e-01 1.359e+05
1.985e-01 1.330e+05
2.008e-01 1.246e+05
1.967e-01 1.318e+05
1.964e-01 1.321e+05
2.343e-01 1.045e+05
2.000e-01 1.273e+05
1.924e-01 1.334e+05
2.039e-01 1.278e+05
1.993e-01 1.304e+05
2.648e-01 7.763e+04
2.203e-01 1.051e+05
1.918e-01 1.356e+05
1.923e-01 1.363e+05
1.950e-01 1.362e+05
2.480e-01 9.783e+04
1.986e-01 1.304e+05
2.581e-01 8.024e+04
1.949e-01 1.353e+05
1.871e-01 1.379e+05
1.935e-01 1.338e+05
1.899e-01 1.374e+05
1.971e-01 1.312e+05
1.875e-01 1.379e+05
2.081e-01 1.261e+05
2.204e-01 1.117e+05
1.955e-01 1.346e+05
1.853e-01 1.406e+05
1.910e-01 1.350e+05
2.018e-01 1.248e+05
1.950e-01 1.314e+05
1.925e-01 1.368e+05
2.459e-01 9.469e+04
1.939e-01 1.317e+05
1.967e-01 1.288e+05
1.934e-01 1.348e+05
1.900e-01 1.362e+05
1.926e-01 1.321e+05
1.978e-01 1.299e+05
1.949e-01 1.328e+05
2.407e-01 8.765e+04
1.959e-01 1.319e+05
1.925e-01 1.356e+05
2.728e-01 8.133e+04
2.381e-01 1.038e+05
1.998e-01 1.263e+05
1.944e-01 1.377e+05
1.954e-01 1.310e+05
1.913e-01 1.360e+05
1.998e-01 1.286e+05
1.939e-01 1.303e+05
1.950e-01 1.355e+05
1.886e-01 1.382e+05
1.944e-01 1.345e+05
1.860e-01 1.371e+05
1.850e-01 1.425e+05
2.466e-01 9.069e+04
1.918e-01 1.356e+05
1.932e-01 1.353e+05
1.917e-01 1.360e+05
1.966e-01 1.318e+05
1.933e-01 1.364e+05
1.853e-01 1.414e+05
1.906e-01 1.346e+05
2.396e-01 1.054e+05
1.972e-01 1.289e+05
1.921e-01 1.371e+05
1.987e-01 1.307e+05
1.892e-01 1.415e+05
1.880e-01 1.404e+05
1.989e-01 1.299e+05
1.925e-01 1.355e+05
1.916e-01 1.368e+05
1.911e-01 1.373e+05
1.892e-01 1.381e+05
1.893e-01 1.413e+05
1.931e-01 1.355e+05
1.955e-01 1.339e+05
2.278e-01 1.028e+05
2.256e-01 1.093e+05
1.987e-01 1.326e+05
1.884e-01 1.353e+05
1.914e-01 1.365e+05
1.888e-01 1.335e+05
1.856e-01 1.399e+05
1.964e-01 1.305e+05
2.153e-01 1.149e+05
1.952e-01 1.331e+05
1.990e-01 1.266e+05
1.948e-01 1.307e+05
1.964e-01 1.306e+05
1.947e-01 1.364e+05
2.101e-01 1.134e+05
1.885e-01 1.399e+05
1.930e-01 1.373e+05
2.176e-01 1.061e+05
2.051e-01 1.221e+05
1.923e-01 1.389e+05
1.867e-01 1.405e+05
1.917e-01 1.391e+05
1.909e-01 1.387e+05
1.951e-01 1.336e+05
1.895e-01 1.420e+05
2.038e-01 1.255e+05
1.883e-01 1.353e+05
1.876e-01 1.378e+05
1.937e-01 1.357e+05
1.942e-01 1.337e+05
1.946e-01 1.317e+05
1.922e-01 1.353e+05
1.899e-01 1.368e+05
1.974e-01 1.331e+05
1.935e-01 1.338e+05
2.010e-01 1.292e+05
2.163e-01 1.166e+05
1.908e-01 1.358e+05
1.890e-01 1.381e+05
1.954e-01 1.349e+05
2.005e-01 1.330e+05
1.905e-01 1.387e+05
1.912e-01 1.361e+05
1.913e-01 1.353e+05
1.942e-01 1.323e+05
1.867e-01 1.382e+05
1.965e-01 1.344e+05
1.913e-01 1.387e+05
2.250e-01 1.089e+05
1.967e-01 1.343e+05
1.870e-01 1.407e+05
1.895e-01 1.419e+05
1.924e-01 1.377e+05
2.042e-01 1.281e+05
1.976e-01 1.328e+05
1.964e-01 1.324e+05
1.983e-01 1.301e+05
2.030e-01 1.288e+05
1.895e-01 1.392e+05
1.874e-01 1.413e+05
2.680e-01 8.241e+04
2.469e-01 9.619e+04
1.897e-01 1.367e+05
1.941e-01 1.368e+05
1.907e-01 1.353e+05
1.904e-01 1.397e+05
1.889e-01 1.366e+05
1.973e-01 1.354e+05
1.896e-01 1.375e+05
1.974e-01 1.304e+05
2.468e-01 9.950e+04
2.588e-01 7.882e+04
1.863e-01 1.426e+05
2.535e-01 9.491e+04
1.899e-01 1.405e+05
2.008e-01 1.292e+05
2.537e-01 9.982e+04
2.088e-01 1.197e+05
1.938e-01 1.354e+05
2.244e-01 1.110e+05
1.965e-01 1.337e+05
1.920e-01 1.360e+05
1.994e-01 1.327e+05
1.856e-01 1.429e+05
1.920e-01 1.374e+05
1.959e-01 1.255e+05
1.893e-01 1.378e+05
1.887e-01 1.388e+05
1.856e-01 1.390e+05
1.889e-01 1.375e+05
2.002e-01 1.332e+05
1.873e-01 1.430e+05
1.921e-01 1.384e+05
1.940e-01 1.355e+05
1.894e-01 1.350e+05
1.982e-01 1.293e+05
1.932e-01 1.393e+05
1.921e-01 1.364e+05
1.921e-01 1.362e+05
1.957e-01 1.342e+05
2.169e-01 1.120e+05
1.949e-01 1.328e+05
2.405e-01 9.319e+04
1.955e-01 1.334e+05
1.911e-01 1.376e+05
2.619e-01 8.603e+04
2.006e-01 1.302e+05
1.973e-01 1.325e+05
1.939e-01 1.376e+05
1.884e-01 1.376e+05
1.886e-01 1.393e+05
1.904e-01 1.352e+05
1.921e-01 1.361e+05
1.970e-01 1.364e+05
1.900e-01 1.380e+05
1.883e-01 1.398e+05
1.941e-01 1.339e+05
1.909e-01 1.300e+05
1.950e-01 1.321e+05
1.872e-01 1.368e+05
1.935e-01 1.365e+05
1.912e-01 1.313e+05
1.951e-01 1.343e+05
2.003e-01 1.292e+05
1.904e-01 1.354e+05
1.992e-01 1.343e+05
1.930e-01 1.290e+05
1.996e-01 1.289e+05
1.902e-01 1.383e+05
1.899e-01 1.339e+05
2.085e-01 1.221e+05
1.976e-01 1.332e+05
1.924e-01 1.354e+05
1.876e-01 1.360e+05
1.969e-01 1.295e+05
1.922e-01 1.345e+05
2.823e-01 7.722e+04
2.076e-01 1.204e+05
1.964e-01 1.338e+05
2.164e-01 1.204e+05
2.033e-01 1.316e+05
1.889e-01 1.390e+05
1.926e-01 1.393e+05
1.944e-01 1.356e+05
1.918e-01 1.399e+05
1.930e-01 1.366e+05
1.926e-01 1.363e+05
1.955e-01 1.329e+05
1.983e-01 1.294e+05
1.909e-01 1.339e+05
1.936e-01 1.374e+05
1.926e-01 1.351e+05
1.942e-01 1.346e+05
1.945e-01 1.345e+05
1.978e-01 1.315e+05
1.986e-01 1.315e+05
1.978e-01 1.337e+05
2.179e-01 1.142e+05
1.981e-01 1.324e+05
1.917e-01 1.375e+05
1.942e-01 1.362e+05
1.953e-01 1.305e+05
1.910e-01 1.386e+05
1.937e-01 1.359e+05
2.301e-01 9.601e+04
2.788e-01 7.871e+04
2.217e-01 1.078e+05
2.782e-01 7.553e+04
1.940e-01 1.329e+05
1.906e-01 1.361e+05
2.098e-01 1.238e+05
2.347e-01 1.074e+05
1.851e-01 1.398e+05
3.069e-01 7.550e+04
1.863e-01 1.439e+05
1.972e-01 1.323e+05
1.921e-01 1.340e+05
1.915e-01 1.381e+05
1.989e-01 1.351e+05
1.936e-01 1.372e+05
1.939e-01 1.358e+05
2.087e-01 1.170e+05
1.933e-01 1.379e+05
1.864e-01 1.386e+05
1.910e-01 1.344e+05
1.905e-01 1.347e+05
2.002e-01 1.277e+05
1.950e-01 1.344e+05
1.944e-01 1.389e+05
2.045e-01 1.246e+05
1.911e-01 1.372e+05
1.970e-01 1.335e+05
1.938e-01 1.350e+05
1.959e-01 1.310e+05
1.939e-01 1.358e+05
1.874e-01 1.381e+05
2.019e-01 1.248e+05
1.977e-01 1.337e+05
1.879e-01 1.352e+05
1.925e-01 1.348e+05
1.864e-01 1.429e+05
2.444e-01 9.132e+04
1.984e-01 1.206e+05
2.042e-01 1.292e+05
2.395e-01 1.015e+05
2.006e-01 1.246e+05
1.914e-01 1.370e+05
1.969e-01 1.333e+05
1.927e-01 1.367e+05
1.972e-01 1.309e+05
2.378e-01 9.610e+04
1.995e-01 1.256e+05
2.406e-01 9.402e+04
2.050e-01 1.290e+05
1.922e-01 1.371e+05
2.034e-01 1.225e+05
1.955e-01 1.324e+05
1.924e-01 1.351e+05
1.861e-01 1.397e+05
1.913e-01 1.362e+05
2.166e-01 1.145e+05
1.999e-01 1.284e+05
1.931e-01 1.333e+05
1.925e-01 1.366e+05
2.028e-01 1.281e+05
1.853e-01 1.386e+05
1.961e-01 1.304e+05
1.957e-01 1.364e+05
1.967e-01 1.316e+05
2.082e-01 1.201e+05
1.921e-01 1.354e+05
1.982e-01 1.331e+05
2.210e-01 1.103e+05
1.864e-01 1.397e+05
1.874e-01 1.394e+05
1.889e-01 1.384e+05
1.939e-01 1.346e+05
1.887e-01 1.376e+05
1.983e-01 1.330e+05
1.916e-01 1.315e+05
1.922e-01 1.349e+05
1.939e-01 1.350e+05
1.964e-01 1.315e+05
1.911e-01 1.342e+05
1.933e-01 1.352e+05
1.931e-01 1.334e+05
1.985e-01 1.288e+05
1.926e-01 1.341e+05
1.992e-01 1.299e+05
1.944e-01 1.327e+05
1.866e-01 1.349e+05
1.937e-01 1.349e+05
2.408e-01 9.034e+04
1.941e-01 1.341e+05
1.911e-01 1.379e+05
1.927e-01 1.363e+05
1.995e-01 1.289e+05
2.056e-01 1.299e+05
1.865e-01 1.403e+05
1.965e-01 1.312e+05
1.964e-01 1.343e+05
1.935e-01 1.343e+05
1.867e-01 1.382e+05
1.858e-01 1.421e+05
1.932e-01 1.375e+05
1.878e-01 1.407e+05
2.789e-01 8.749e+04
1.910e-01 1.383e+05
1.949e-01 1.300e+05
1.973e-01 1.301e+05
1.894e-01 1.369e+05
1.949e-01 1.322e+05
1.864e-01 1.400e+05
2.003e-01 1.314e+05
1.948e-01 1.370e+05
1.901e-01 1.382e+05
1.928e-01 1.377e+05
2.021e-01 1.236e+05
1.943e-01 1.320e+05
2.008e-01 1.224e+05
1.995e-01 1.297e+05
1.916e-01 1.382e+05
1.904e-01 1.380e+05
1.948e-01 1.355e+05
2.077e-01 1.213e+05
2.046e-01 1.235e+05
2.007e-01 1.305e+05
1.917e-01 1.383e+05
1.926e-01 1.335e+05
1.919e-01 1.360e+05
2.011e-01 1.284e+05
2.721e-01 8.764e+04
2.238e-01 1.153e+05
1.918e-01 1.373e+05
2.019e-01 1.268e+05
1.911e-01 1.370e+05
1.989e-01 1.308e+05
1.919e-01 1.349e+05
1.927e-01 1.398e+05
1.930e-01 1.322e+05
1.915e-01 1.405e+05
1.893e-01 1.359e+05
1.925e-01 1.355e+05
2.012e-01 1.272e+05
1.908e-01 1.369e+05
1.896e-01 1.398e+05
1.928e-01 1.316e+05
1.916e-01 1.370e+05
1.971e-01 1.312e+05
1.927e-01 1.351e+05
2.088e-01 1.217e+05
1.900e-01 1.394e+05
1.926e-01 1.346e+05
1.955e-01 1.354e+05
1.948e-01 1.325e+05
1.845e-01 1.445e+05
1.932e-01 1.344e+05
1.901e-01 1.402e+05
1.923e-01 1.319e+05
1.998e-01 1.316e+05
2.482e-01 9.683e+04
2.323e-01 1.046e+05
1.894e-01 1.370e+05
1.904e-01 1.365e+05
2.477e-01 8.915e+04
2.623e-01 9.438e+04
2.552e-01 9.472e+04
1.940e-01 1.366e+05
2.062e-01 1.257e+05
1.970e-01 1.324e+05
2.004e-01 1.313e+05
1.971e-01 1.338e+05
1.918e-01 1.389e+05
1.866e-01 1.386e+05
1.930e-01 1.353e+05
1.965e-01 1.303e+05
1.921e-01 1.330e+05
1.901e-01 1.378e+05
1.999e-01 1.288e+05
1.894e-01 1.414e+05
2.086e-01 1.177e+05
1.920e-01 1.393e+05
1.977e-01 1.321e+05
1.965e-01 1.340e+05
1.999e-01 1.340e+05
2.429e-01 9.894e+04
1.896e-01 1.317e+05
1.851e-01 1.425e+05
1.916e-01 1.348e+05
1.920e-01 1.361e+05
1.972e-01 1.253e+05
1.938e-01 1.386e+05
1.906e-01 1.353e+05
1.870e-01 1.432e+05
1.885e-01 1.383e+05
1.953e-01 1.288e+05
1.908e-01 1.359e+05
1.879e-01 1.413e+05
1.977e-01 1.286e+05
1.937e-01 1.307e+05
2.473e-01 9.599e+04
1.938e-01 1.370e+05
1.871e-01 1.412e+05
2.284e-01 9.892e+04
1.909e-01 1.404e+05
1.962e-01 1.343e+05
2.184e-01 1.136e+05
1.933e-01 1.349e+05
2.772e-01 7.990e+04
1.918e-01 1.378e+05
2.117e-01 1.180e+05
1.857e-01 1.426e+05
2.117e-01 1.202e+05
1.974e-01 1.315e+05
1.902e-01 1.358e+05
1.987e-01 1.327e+05
1.847e-01 1.430e+05
1.908e-01 1.386e+05
1.975e-01 1.291e+05
1.952e-01 1.370e+05
2.859e-01 8.105e+04
1.931e-01 1.347e+05
1.947e-01 1.339e+05
2.039e-01 1.219e+05
1.969e-01 1.311e+05
1.912e-01 1.345e+05
1.862e-01 1.384e+05
1.938e-01 1.349e+05
1.967e-01 1.337e+05
1.943e-01 1.341e+05
2.258e-01 1.112e+05
1.954e-01 1.280e+05
2.329e-01 9.259e+04
1.933e-01 1.325e+05
1.966e-01 1.308e+05
2.966e-01 7.614e+04
1.944e-01 1.337e+05
1.847e-01 1.407e+05
1.929e-01 1.397e+05
1.904e-01 1.345e+05
1.898e-01 1.373e+05
1.875e-01 1.398e+05
1.995e-01 1.242e+05
1.898e-01 1.384e+05
1.962e-01 1.321e+05
1.949e-01 1.344e+05
1.893e-01 1.392e+05
2.040e-01 1.220e+05
1.862e-01 1.388e+05
1.932e-01 1.332e+05
1.862e-01 1.403e+05
1.944e-01 1.328e+05
1.961e-01 1.339e+05
