1.849e-01 1.380e+05
1.894e-01 1.365e+05
1.807e-01 1.393e+05
1.770e-01 1.470e+05
1.813e-01 1.500e+05
1.720e-01 1.542e+05
1.733e-01 1.481e+05
1.765e-01 1.517e+05
1.766e-01 1.453e+05
1.943e-01 1.314e+05
2.384e-01 8.757e+04
1.784e-01 1.475e+05
1.818e-01 1.428e+05
1.865e-01 1.243e+05
1.763e-01 1.498e+05
1.735e-01 1.438e+05
1.766e-01 1.496e+05
1.799e-01 1.454e+05
1.870e-01 1.357e+05
1.798e-01 1.457e+05
2.496e-01 8.815e+04
1.854e-01 1.300e+05
1.778e-01 1.460e+05
1.770e-01 1.461e+05
1.755e-01 1.518e+05
1.794e-01 1.469e+05
1.760e-01 1.522e+05
1.747e-01 1.437e+05
1.744e-01 1.475e+05
1.697e-01 1.468e+05
2.076e-01 1.246e+05
1.740e-01 1.500e+05
1.831e-01 1.429e+05
1.780e-01 1.514e+05
2.481e-01 8.811e+04
2.336e-01 9.948e+04
1.752e-01 1.508e+05
1.795e-01 1.496e+05
1.712e-01 1.548e+05
1.766e-01 1.486e+05
1.804e-01 1.435e+05
1.799e-01 1.468e+05
2.385e-01 8.973e+04
1.753e-01 1.478e+05
1.745e-01 1.483e+05
2.603e-01 8.512e+04
1.715e-01 1.442e+05
2.212e-01 1.175e+05
1.701e-01 1.503e+05
1.786e-01 1.494e+05
1.711e-01 1.504e+05
1.780e-01 1.363e+05
1.822e-01 1.492e+05
1.685e-01 1.537e+05
1.789e-01 1.477e+05
2.209e-01 9.681e+04
2.233e-01 1.123e+05
2.399e-01 8.059e+04
1.799e-01 1.467e+05
1.719e-01 1.494e+05
1.739e-01 1.534e+05
1.863e-01 1.354e+05
1.871e-01 1.397e+05
2.029e-01 1.330e+05
1.830e-01 1.473e+05
2.489e-01 9.333e+04
1.746e-01 1.471e+05
2.302e-01 1.008e+05
1.768e-01 1.463e+05
2.502e-01 8.590e+04
1.773e-01 1.460e+05
1.783e-01 1.449e+05
1.761e-01 1.471e+05
2.233e-01 1.116e+05
1.711e-01 1.554e+05
1.736e-01 1.441e+05
1.728e-01 1.463e+05
1.698e-01 1.552e+05
1.732e-01 1.477e+05
1.733e-01 1.518e+05
1.758e-01 1.501e+05
2.537e-01 8.183e+04
1.770e-01 1.466e+05
1.782e-01 1.480e+05
1.838e-01 1.426e+05
1.697e-01 1.510e+05
1.838e-01 1.467e+05
1.760e-01 1.464e+05
1.775e-01 1.456e+05
2.455e-01 9.078e+04
2.011e-01 1.153e+05
1.766e-01 1.434e+05
2.314e-01 9.191e+04
2.373e-01 9.516e+04
1.790e-01 1.446e+05
1.827e-01 1.327e+05
1.696e-01 1.524e+05
2.035e-01 1.250e+05
1.834e-01 1.371e+05
1.768e-01 1.470e+05
1.755e-01 1.450e+05
1.847e-01 1.370e+05
1.781e-01 1.481e+05
1.719e-01 1.494e+05
1.703e-01 1.488e+05
1.683e-01 1.550e+05
1.831e-01 1.428e+05
1.764e-01 1.446e+05
1.697e-01 1.540e+05
1.888e-01 1.412e+05
1.784e-01 1.464e+05
1.854e-01 1.403e+05
1.763e-01 1.488e+05
1.746e-01 1.458e+05
2.197e-01 1.086e+05
1.760e-01 1.467e+05
1.739e-01 1.454e+05
1.740e-01 1.497e+05
2.204e-01 1.142e+05
1.850e-01 1.384e+05
1.693e-01 1.499e+05
1.862e-01 1.432e+05
1.742e-01 1.457e+05
1.877e-01 1.401e+05
2.224e-01 1.075e+05
1.809e-01 1.464e+05
1.796e-01 1.428e+05
1.823e-01 1.464e+05
1.813e-01 1.437e+05
1.799e-01 1.464e+05
1.825e-01 1.474e+05
1.803e-01 1.454e+05
1.793e-01 1.510e+05
1.754e-01 1.486e+05
1.707e-01 1.553e+05
1.766e-01 1.425e+05
1.737e-01 1.501e+05
1.833e-01 1.432e+05
2.390e-01 9.006e+04
1.759e-01 1.454e+05
1.761e-01 1.434e+05
1.748e-01 1.467e+05
1.935e-01 1.310e+05
1.750e-01 1.468e+05
1.886e-01 1.372e+05
2.035e-01 1.292e+05
1.861e-01 1.350e+05
1.838e-01 1.476e+05
1.782e-01 1.457e+05
1.851e-01 1.437e+05
1.790e-01 1.471e+05
1.767e-01 1.517e+05
2.432e-01 9.324e+04
1.820e-01 1.415e+05
1.754e-01 1.481e+05
1.746e-01 1.466e+05
1.796e-01 1.480e+05
1.844e-01 1.407e+05
1.877e-01 1.354e+05
1.886e-01 1.405e+05
1.949e-01 1.340e+05
1.711e-01 1.488e+05
1.747e-01 1.438e+05
1.864e-01 1.385e+05
1.804e-01 1.431e+05
1.726e-01 1.479e+05
1.900e-01 1.398e+05
1.856e-01 1.356e+05
1.836e-01 1.282e+05
1.780e-01 1.485e+05
1.878e-01 1.374e+05
1.764e-01 1.470e+05
1.942e-01 1.323e+05
1.791e-01 1.457e+05
1.734e-01 1.507e+05
1.818e-01 1.409e+05
1.768e-01 1.499e+05
2.083e-01 1.287e+05
1.803e-01 1.500e+05
1.819e-01 1.429e+05
1.768e-01 1.497e+05
1.944e-01 1.346e+05
1.749e-01 1.512e+05
1.819e-01 1.472e+05
1.806e-01 1.445e+05
1.784e-01 1.488e+05
1.741e-01 1.457e+05
1.781e-01 1.469e+05
1.726e-01 1.532e+05
1.817e-01 1.487e+05
1.774e-01 1.438e+05
2.332e-01 1.001e+05
1.765e-01 1.409e+05
1.862e-01 1.390e+05
1.716e-01 1.502e+05
1.745e-01 1.450e+05
1.858e-01 1.460e+05
1.854e-01 1.437e+05
1.760e-01 1.488e+05
1.809e-01 1.399e+05
2.259e-01 1.082e+05
1.785e-01 1.433e+05
1.767e-01 1.407e+05
1.762e-01 1.501e+05
1.736e-01 1.519e+05
1.930e-01 1.373e+05
1.797e-01 1.454e+05
2.484e-01 8.070e+04
2.272e-01 1.030e+05
1.832e-01 1.450e+05
1.786e-01 1.502e+05
1.749e-01 1.494e+05
1.825e-01 1.428e+05
1.832e-01 1.420e+05
1.752e-01 1.391e+05
1.711e-01 1.455e+05
1.744e-01 1.510e+05
1.858e-01 1.453e+05
1.789e-01 1.513e+05
1.894e-01 1.440e+05
1.838e-01 1.424e+05
1.748e-01 1.447e+05
2.555e-01 7.238e+04
1.831e-01 1.456e+05
1.781e-01 1.418e+05
1.766e-01 1.425e+05
1.762e-01 1.492e+05
1.883e-01 1.399e+05
2.193e-01 9.649e+04
1.782e-01 1.494e+05
1.717e-01 1.453e+05
1.798e-01 1.448e+05
1.779e-01 1.490e+05
1.956e-01 1.235e+05
1.713e-01 1.561e+05
1.773e-01 1.458e+05
1.826e-01 1.415e+05
1.934e-01 1.226e+05
1.678e-01 1.545e+05
1.763e-01 1.486e+05
2.074e-01 1.281e+05
1.747e-01 1.480e+05
1.758e-01 1.463e+05
1.731e-01 1.479e+05
1.716e-01 1.449e+05
2.350e-01 9.765e+04
1.799e-01 1.426e+05
1.803e-01 1.452e+05
1.698e-01 1.549e+05
1.837e-01 1.420e+05
1.807e-01 1.426e+05
1.780e-01 1.494e+05
1.734e-01 1.501e+05
2.308e-01 1.031e+05
1.823e-01 1.394e+05
2.121e-01 1.249e+05
1.776e-01 1.456e+05
1.778e-01 1.412e+05
1.682e-01 1.538e+05
1.981e-01 1.173e+05
2.010e-01 1.138e+05
1.829e-01 1.408e+05
1.776e-01 1.519e+05
1.775e-01 1.512e+05
1.711e-01 1.559e+05
2.081e-01 1.169e+05
1.690e-01 1.499e+05
1.819e-01 1.480e+05
1.777e-01 1.532e+05
1.754e-01 1.528e+05
1.791e-01 1.441e+05
1.770e-01 1.440e+05
1.701e-01 1.559e+05
1.832e-01 1.363e+05
1.841e-01 1.383e+05
1.806e-01 1.449e+05
1.945e-01 1.271e+05
1.980e-01 1.362e+05
1.747e-01 1.511e+05
1.750e-01 1.476e+05
2.027e-01 1.129e+05
1.873e-01 1.384e+05
1.722e-01 1.553e+05
1.752e-01 1.480e+05
1.777e-01 1.488e+05
1.817e-01 1.440e+05
1.879e-01 1.313e+05
1.767e-01 1.467e+05
1.784e-01 1.394e+05
1.748e-01 1.441e+05
1.695e-01 1.550e+05
1.828e-01 1.424e+05
1.846e-01 1.333e+05
1.767e-01 1.476e+05
1.827e-01 1.389e+05
1.683e-01 1.502e+05
1.747e-01 1.503e+05
1.828e-01 1.413e+05
1.846e-01 1.363e+05
1.751e-01 1.448e+05
1.704e-01 1.530e+05
1.796e-01 1.402e+05
1.765e-01 1.488e+05
1.679e-01 1.520e+05
1.817e-01 1.455e+05
1.881e-01 1.415e+05
1.925e-01 1.274e+05
2.286e-01 1.050e+05
1.791e-01 1.451e+05
1.749e-01 1.502e+05
1.863e-01 1.440e+05
1.759e-01 1.494e+05
1.732e-01 1.514e+05
1.844e-01 1.426e+05
1.944e-01 1.292e+05
1.774e-01 1.499e+05
1.719e-01 1.489e+05
1.810e-01 1.459e+05
1.692e-01 1.527e+05
1.808e-01 1.422e+05
1.748e-01 1.483e+05
1.749e-01 1.409e+05
1.831e-01 1.394e+05
1.803e-01 1.434e+05
1.752e-01 1.459e+05
1.773e-01 1.480e+05
1.751e-01 1.453e+05
1.795e-01 1.477e+05
1.937e-01 1.181e+05
1.784e-01 1.451e+05
1.823e-01 1.469e+05
1.800e-01 1.469e+05
1.784e-01 1.505e+05
1.717e-01 1.522e+05
1.813e-01 1.387e+05
1.913e-01 1.397e+05
1.765e-01 1.512e+05
1.726e-01 1.545e+05
2.181e-01 1.121e+05
1.978e-01 1.278e+05
1.775e-01 1.528e+05
1.720e-01 1.509e+05
1.785e-01 1.450e+05
1.767e-01 1.492e+05
1.883e-01 1.366e+05
2.268e-01 1.048e+05
1.994e-01 1.314e+05
2.119e-01 1.125e+05
2.088e-01 1.078e+05
1.718e-01 1.561e+05
1.762e-01 1.485e+05
1.853e-01 1.355e+05
1.872e-01 1.353e+05
1.750e-01 1.457e+05
1.743e-01 1.489e+05
1.742e-01 1.494e+05
1.759e-01 1.488e+05
1.768e-01 1.471e+05
2.623e-01 7.987e+04
1.753e-01 1.481e+05
1.721e-01 1.504e+05
1.722e-01 1.547e+05
1.783e-01 1.360e+05
1.741e-01 1.529e+05
1.723e-01 1.520e+05
1.750e-01 1.423e+05
1.799e-01 1.462e+05
1.859e-01 1.373e+05
2.636e-01 7.908e+04
1.792e-01 1.359e+05
1.816e-01 1.438e+05
1.848e-01 1.379e+05
1.736e-01 1.501e+05
1.765e-01 1.501e+05
1.745e-01 1.488e+05
1.804e-01 1.458e+05
1.780e-01 1.495e+05
1.689e-01 1.528e+05
2.185e-01 9.512e+04
1.785e-01 1.412e+05
1.822e-01 1.455e+05
1.784e-01 1.464e+05
1.708e-01 1.558e+05
1.788e-01 1.516e+05
2.056e-01 1.145e+05
1.845e-01 1.459e+05
1.839e-01 1.385e+05
2.426e-01 1.077e+05
1.838e-01 1.481e+05
1.742e-01 1.449e+05
1.763e-01 1.476e+05
1.808e-01 1.428e+05
1.696e-01 1.526e+05
1.809e-01 1.506e+05
1.793e-01 1.492e+05
1.744e-01 1.462e+05
1.760e-01 1.452e+05
1.785e-01 1.498e+05
1.725e-01 1.537e+05
1.783e-01 1.424e+05
1.738e-01 1.498e+05
1.882e-01 1.324e+05
2.520e-01 9.243e+04
1.701e-01 1.535e+05
1.798e-01 1.444e+05
1.745e-01 1.500e+05
1.754e-01 1.517e+05
1.732e-01 1.496e+05
1.895e-01 1.331e+05
1.766e-01 1.476e+05
1.758e-01 1.471e+05
1.798e-01 1.447e+05
1.783e-01 1.480e+05
1.773e-01 1.429e+05
1.803e-01 1.470e+05
1.781e-01 1.449e+05
1.828e-01 1.480e+05
2.235e-01 1.019e+05
1.771e-01 1.479e+05
1.765e-01 1.450e+05
2.122e-01 1.163e+05
1.697e-01 1.503e+05
1.855e-01 1.467e+05
2.465e-01 8.162e+04
1.754e-01 1.488e+05
1.930e-01 1.329e+05
1.776e-01 1.467e+05
1.797e-01 1.453e+05
1.765e-01 1.484e+05
1.715e-01 1.493e+05
1.876e-01 1.444e+05
1.754e-01 1.513e+05
1.714e-01 1.506e+05
1.791e-01 1.437e+05
1.790e-01 1.454e+05
1.802e-01 1.486e+05
1.791e-01 1.474e+05
1.832e-01 1.453e+05
1.793e-01 1.458e+05
1.718e-01 1.496e+05
1.873e-01 1.382e+05
2.447e-01 9.030e+04
2.625e-01 7.068e+04
1.766e-01 1.462e+05
1.692e-01 1.531e+05
1.841e-01 1.449e+05
1.824e-01 1.492e+05
1.914e-01 1.420e+05
1.758e-01 1.477e+05
1.926e-01 1.250e+05
2.442e-01 8.649e+04
2.195e-01 1.010e+05
1.844e-01 1.463e+05
1.719e-01 1.511e+05
1.897e-01 1.390e+05
1.857e-01 1.375e+05
1.765e-01 1.448e+05
1.685e-01 1.536e+05
1.841e-01 1.419e+05
2.152e-01 1.168e+05
1.819e-01 1.270e+05
1.803e-01 1.440e+05
1.706e-01 1.462e+05
1.764e-01 1.535e+05
1.734e-01 1.561e+05
1.742e-01 1.481e+05
2.042e-01 1.244e+05
2.458e-01 1.067e+05
1.741e-01 1.487e+05
1.771e-01 1.429e+05
1.886e-01 1.301e+05
1.747e-01 1.473e+05
1.981e-01 1.245e+05
1.845e-01 1.432e+05
1.743e-01 1.535e+05
1.725e-01 1.455e+05
2.470e-01 9.382e+04
1.797e-01 1.439e+05
2.019e-01 1.231e+05
1.771e-01 1.502e+05
2.047e-01 1.283e+05
2.093e-01 1.216e+05
1.858e-01 1.351e+05
2.369e-01 1.013e+05
1.830e-01 1.421e+05
2.681e-01 7.991e+04
1.709e-01 1.468e+05
1.756e-01 1.443e+05
1.719e-01 1.567e+05
1.716e-01 1.486e+05
1.723e-01 1.519e+05
1.728e-01 1.499e+05
1.779e-01 1.461e+05
1.770e-01 1.422e+05
1.829e-01 1.420e+05
1.815e-01 1.469e+05
2.598e-01 7.749e+04
1.990e-01 1.258e+05
1.769e-01 1.387e+05
1.723e-01 1.485e+05
1.725e-01 1.517e+05
1.888e-01 1.409e+05
1.906e-01 1.224e+05
1.808e-01 1.454e+05
1.768e-01 1.456e+05
1.696e-01 1.470e+05
1.826e-01 1.429e+05
2.183e-01 1.105e+05
2.181e-01 1.108e+05
1.868e-01 1.384e+05
1.875e-01 1.370e+05
1.779e-01 1.449e+05
1.764e-01 1.538e+05
1.761e-01 1.443e+05
1.766e-01 1.484e+05
1.693e-01 1.509e+05
1.725e-01 1.517e+05
1.698e-01 1.530e+05
1.833e-01 1.436e+05
1.804e-01 1.362e+05
2.299e-01 1.098e+05
1.867e-01 1.375e+05
1.878e-01 1.375e+05
1.691e-01 1.514e+05
1.746e-01 1.488e+05
2.087e-01 1.181e+05
2.242e-01 9.381e+04
1.730e-01 1.481e+05
1.841e-01 1.456e+05
1.795e-01 1.441e+05
1.864e-01 1.445e+05
1.743e-01 1.421e+05
1.745e-01 1.480e+05
1.754e-01 1.494e+05
1.714e-01 1.539e+05
1.880e-01 1.437e+05
1.781e-01 1.514e+05
2.187e-01 1.143e+05
1.780e-01 1.463e+05
2.427e-01 1.018e+05
1.790e-01 1.456e+05
1.759e-01 1.490e+05
1.840e-01 1.304e+05
1.691e-01 1.527e+05
1.783e-01 1.496e+05
1.772e-01 1.406e+05
1.774e-01 1.491e+05
2.089e-01 1.214e+05
2.194e-01 8.366e+04
1.803e-01 1.414e+05
1.735e-01 1.536e+05
2.553e-01 8.331e+04
1.745e-01 1.496e+05
1.697e-01 1.515e+05
1.715e-01 1.515e+05
1.758e-01 1.498e+05
2.449e-01 7.892e+04
1.823e-01 1.450e+05
1.812e-01 1.393e+05
1.780e-01 1.437e+05
1.710e-01 1.531e+05
1.739e-01 1.505e+05
1.740e-01 1.511e+05
1.877e-01 1.410e+05
1.789e-01 1.473e+05
1.860e-01 1.367e+05
1.778e-01 1.480e+05
1.816e-01 1.363e+05
1.698e-01 1.552e+05
1.857e-01 1.391e+05
1.840e-01 1.376e+05
1.758e-01 1.486e+05
2.503e-01 9.418e+04
1.816e-01 1.444e+05
1.947e-01 1.333e+05
1.819e-01 1.400e+05
1.930e-01 1.302e+05
1.829e-01 1.404e+05
1.806e-01 1.329e+05
1.715e-01 1.519e+05
1.718e-01 1.490e+05
1.752e-01 1.463e+05
1.870e-01 1.413e+05
2.842e-01 7.882e+04
1.765e-01 1.525e+05
1.896e-01 1.425e+05
1.797e-01 1.481e+05
2.190e-01 1.131e+05
1.804e-01 1.363e+05
1.737e-01 1.476e+05
1.814e-01 1.448e+05
1.760e-01 1.473e+05
2.048e-01 1.225e+05
1.848e-01 1.456e+05
1.816e-01 1.449e+05
1.875e-01 1.449e+05
1.843e-01 1.432e+05
1.755e-01 1.508e+05
1.762e-01 1.442e+05
1.787e-01 1.470e+05
1.797e-01 1.445e+05
1.780e-01 1.474e+05
1.777e-01 1.513e+05
1.709e-01 1.491e+05
1.710e-01 1.538e+05
1.778e-01 1.477e+05
1.839e-01 1.430e+05
1.815e-01 1.462e+05
1.764e-01 1.469e+05
1.874e-01 1.409e+05
2.098e-01 1.175e+05
1.822e-01 1.279e+05
2.003e-01 1.275e+05
1.759e-01 1.476e+05
2.308e-01 1.018e+05
2.179e-01 8.994e+04
1.750e-01 1.468e+05
1.706e-01 1.489e+05
1.874e-01 1.392e+05
1.770e-01 1.433e+05
1.816e-01 1.470e+05
2.299e-01 1.097e+05
2.283e-01 1.028e+05
1.772e-01 1.495e+05
1.776e-01 1.473e+05
1.759e-01 1.479e+05
2.257e-01 1.058e+05
1.735e-01 1.502e+05
1.800e-01 1.427e+05
1.805e-01 1.443e+05
1.799e-01 1.397e+05
1.863e-01 1.413e+05
1.794e-01 1.460e+05
1.800e-01 1.433e+05
1.776e-01 1.476e+05
1.856e-01 1.468e+05
1.794e-01 1.406e+05
1.819e-01 1.421e+05
1.750e-01 1.475e+05
1.708e-01 1.498e+05
1.845e-01 1.401e+05
1.921e-01 1.331e+05
1.762e-01 1.485e+05
1.680e-01 1.566e+05
1.738e-01 1.472e+05
1.783e-01 1.490e+05
1.782e-01 1.457e+05
1.830e-01 1.419e+05
1.690e-01 1.486e+05
1.782e-01 1.385e+05
1.767e-01 1.460e+05
1.823e-01 1.495e+05
1.721e-01 1.484e+05
1.795e-01 1.460e+05
1.747e-01 1.494e+05
1.767e-01 1.535e+05
1.886e-01 1.327e+05
1.765e-01 1.480e+05
1.819e-01 1.397e+05
1.881e-01 1.450e+05
1.932e-01 1.388e+05
1.716e-01 1.466e+05
1.786e-01 1.473e+05
1.793e-01 1.448e+05
1.768e-01 1.399e+05
2.465e-01 8.339e+04
1.694e-01 1.544e+05
2.222e-01 1.133e+05
1.795e-01 1.442e+05
1.925e-01 1.354e+05
1.678e-01 1.553e+05
1.769e-01 1.445e+05
1.808e-01 1.422e+05
1.789e-01 1.482e+05
2.086e-01 1.107e+05
1.686e-01 1.571e+05
2.491e-01 8.911e+04
1.714e-01 1.495e+05
2.526e-01 8.543e+04
1.792e-01 1.438e+05
1.768e-01 1.461e+05
1.752e-01 1.465e+05
1.725e-01 1.461e+05
2.054e-01 1.003e+05
1.874e-01 1.455e+05
1.785e-01 1.442e+05
1.788e-01 1.466e+05
1.802e-01 1.440e+05
1.801e-01 1.490e+05
2.017e-01 1.223e+05
2.156e-01 1.083e+05
1.783e-01 1.475e+05
1.743e-01 1.502e+05
1.741e-01 1.498e+05
1.705e-01 1.512e+05
1.695e-01 1.556e+05
1.728e-01 1.508e+05
1.765e-01 1.541e+05
1.780e-01 1.483e+05
1.824e-01 1.409e+05
1.759e-01 1.493e+05
1.758e-01 1.506e+05
1.878e-01 1.452e+05
1.738e-01 1.456e+05
1.834e-01 1.469e+05
1.765e-01 1.493e+05
1.738e-01 1.514e+05
1.813e-01 1.317e+05
1.787e-01 1.439e+05
1.744e-01 1.505e+05
1.735e-01 1.468e+05
1.790e-01 1.442e+05
1.828e-01 1.432e+05
1.888e-01 1.389e+05
1.737e-01 1.550e+05
1.834e-01 1.431e+05
1.820e-01 1.439e+05
2.094e-01 1.177e+05
1.886e-01 1.335e+05
1.766e-01 1.443e+05
1.725e-01 1.502e+05
1.946e-01 1.401e+05
1.715e-01 1.510e+05
2.181e-01 1.166e+05
2.157e-01 1.108e+05
1.796e-01 1.471e+05
1.837e-01 1.363e+05
1.805e-01 1.453e+05
1.766e-01 1.499e+05
2.117e-01 1.086e+05
2.298e-01 9.875e+04
1.833e-01 1.423e+05
1.769e-01 1.479e+05
1.743e-01 1.479e+05
1.713e-01 1.550e+05
1.717e-01 1.480e+05
1.726e-01 1.448e+05
1.818e-01 1.407e+05
1.820e-01 1.394e+05
1.916e-01 1.317e+05
1.770e-01 1.459e+05
1.696e-01 1.541e+05
1.715e-01 1.541e+05
1.729e-01 1.468e+05
1.736e-01 1.543e+05
1.969e-01 1.185e+05
1.756e-01 1.489e+05
2.199e-01 1.079e+05
1.815e-01 1.455e+05
1.951e-01 1.314e+05
2.075e-01 1.072e+05
1.850e-01 1.363e+05
2.303e-01 9.847e+04
1.776e-01 1.403e+05
1.771e-01 1.473e+05
1.893e-01 1.372e+05
1.762e-01 1.464e+05
1.866e-01 1.386e+05
1.798e-01 1.475e+05
1.958e-01 1.392e+05
1.778e-01 1.440e+05
1.796e-01 1.419e+05
1.685e-01 1.514e+05
1.843e-01 1.420e+05
1.747e-01 1.474e+05
1.730e-01 1.520e+05
1.850e-01 1.417e+05
1.838e-01 1.484e+05
1.750e-01 1.498e+05
2.142e-01 1.069e+05
1.785e-01 1.460e+05
1.834e-01 1.428e+05
1.689e-01 1.554e+05
2.108e-01 1.212e+05
1.826e-01 1.472e+05
1.834e-01 1.460e+05
1.862e-01 1.449e+05
1.810e-01 1.449e+05
1.765e-01 1.531e+05
1.821e-01 1.432e+05
1.893e-01 1.331e+05
1.782e-01 1.502e+05
1.855e-01 1.399e+05
1.757e-01 1.429e+05
1.812e-01 1.482e+05
2.022e-01 1.273e+05
1.767e-01 1.416e+05
1.758e-01 1.479e+05
1.843e-01 1.394e+05
1.846e-01 1.416e+05
1.772e-01 1.466e+05
1.997e-01 1.238e+05
1.786e-01 1.464e+05
2.287e-01 8.928e+04
1.842e-01 1.395e+05
2.035e-01 1.206e+05
1.695e-01 1.569e+05
1.798e-01 1.426e+05
2.091e-01 1.207e+05
2.248e-01 1.020e+05
1.779e-01 1.430e+05
1.829e-01 1.418e+05
1.799e-01 1.437e+05
1.716e-01 1.501e+05
1.820e-01 1.403e+05
1.828e-01 1.403e+05
1.783e-01 1.519e+05
1.707e-01 1.565e+05
1.806e-01 1.476e+05
2.071e-01 1.131e+05
2.608e-01 8.331e+04
1.782e-01 1.458e+05
1.805e-01 1.433e+05
1.772e-01 1.473e+05
1.858e-01 1.412e+05
1.703e-01 1.530e+05
1.732e-01 1.474e+05
1.782e-01 1.423e+05
1.682e-01 1.549e+05
1.692e-01 1.503e+05
1.815e-01 1.420e+05
1.681e-01 1.497e+05
2.116e-01 1.114e+05
1.692e-01 1.555e+05
1.777e-01 1.445e+05
2.156e-01 1.004e+05
1.814e-01 1.443e+05
1.767e-01 1.443e+05
1.825e-01 1.403e+05
1.780e-01 1.464e+05
1.785e-01 1.475e+05
1.798e-01 1.454e+05
1.809e-01 1.392e+05
1.752e-01 1.533e+05
1.971e-01 1.302e+05
1.718e-01 1.444e+05
1.789e-01 1.478e+05
1.767e-01 1.474e+05
1.873e-01 1.267e+05
1.780e-01 1.482e+05
1.828e-01 1.430e+05
1.856e-01 1.407e+05
1.849e-01 1.418e+05
1.843e-01 1.387e+05
1.769e-01 1.487e+05
1.807e-01 1.442e+05
1.748e-01 1.423e+05
1.770e-01 1.472e+05
1.774e-01 1.505e+05
1.776e-01 1.436e+05
1.823e-01 1.445e+05
1.789e-01 1.404e+05
1.731e-01 1.498e+05
2.683e-01 7.699e+04
1.727e-01 1.512e+05
1.769e-01 1.488e+05
1.726e-01 1.552e+05
1.702e-01 1.574e+05
1.776e-01 1.441e+05
1.712e-01 1.493e+05
1.793e-01 1.455e+05
1.965e-01 1.379e+05
2.100e-01 1.187e+05
1.839e-01 1.401e+05
1.854e-01 1.393e+05
1.791e-01 1.429e+05
2.054e-01 1.124e+05
1.825e-01 1.475e+05
1.700e-01 1.503e+05
2.579e-01 7.906e+04
1.724e-01 1.449e+05
2.296e-01 9.054e+04
1.791e-01 1.499e+05
1.763e-01 1.515e+05
2.447e-01 8.362e+04
1.827e-01 1.407e+05
2.295e-01 8.691e+04
1.753e-01 1.500e+05
1.785e-01 1.445e+05
1.729e-01 1.505e+05
1.711e-01 1.565e+05
1.827e-01 1.449e+05
1.755e-01 1.519e+05
2.393e-01 8.719e+04
1.780e-01 1.472e+05
1.783e-01 1.450e+05
1.720e-01 1.458e+05
1.989e-01 1.260e+05
1.747e-01 1.497e+05
2.048e-01 1.265e+05
1.836e-01 1.419e+05
1.797e-01 1.465e+05
1.822e-01 1.305e+05
1.742e-01 1.496e+05
1.733e-01 1.491e+05
1.829e-01 1.469e+05
1.875e-01 1.383e+05
1.768e-01 1.481e+05
1.726e-01 1.539e+05
1.777e-01 1.466e+05
1.790e-01 1.423e+05
1.820e-01 1.495e+05
1.846e-01 1.446e+05
1.700e-01 1.511e+05
1.679e-01 1.548e+05
2.110e-01 1.001e+05
1.746e-01 1.430e+05
1.754e-01 1.511e+05
2.390e-01 7.994e+04
1.804e-01 1.452e+05
2.548e-01 7.771e+04
1.847e-01 1.403e+05
1.861e-01 1.458e+05
1.759e-01 1.500e+05
1.932e-01 1.250e+05
1.853e-01 1.391e+05
2.568e-01 7.706e+04
1.834e-01 1.395e+05
1.953e-01 1.392e+05
1.791e-01 1.457e+05
1.822e-01 1.388e+05
1.829e-01 1.357e+05
1.742e-01 1.463e+05
1.776e-01 1.461e+05
1.789e-01 1.437e+05
1.928e-01 1.355e+05
1.826e-01 1.455e+05
1.708e-01 1.489e+05
1.818e-01 1.404e+05
1.823e-01 1.425e+05
1.868e-01 1.420e+05
1.769e-01 1.500e+05
1.821e-01 1.469e+05
1.723e-01 1.556e+05
1.782e-01 1.510e+05
1.774e-01 1.498e+05
1.742e-01 1.459e+05
1.780e-01 1.517e+05
1.788e-01 1.418e+05
1.754e-01 1.499e+05
1.776e-01 1.487e+05
2.087e-01 1.206e+05
1.844e-01 1.409e+05
1.811e-01 1.468e+05
1.756e-01 1.475e+05
1.740e-01 1.508e+05
1.746e-01 1.499e+05
1.799e-01 1.404e+05
1.760e-01 1.476e+05
1.730e-01 1.456e+05
1.767e-01 1.443e+05
1.751e-01 1.486e+05
1.724e-01 1.418e+05
1.797e-01 1.499e+05
1.829e-01 1.424e+05
2.011e-01 1.279e+05
1.803e-01 1.413e+05
2.056e-01 1.194e+05
1.863e-01 1.375e+05
1.827e-01 1.392e+05
1.776e-01 1.389e+05
1.850e-01 1.420e+05
1.812e-01 1.442e+05
1.967e-01 1.372e+05
1.890e-01 1.343e+05
1.699e-01 1.569e+05
1.746e-01 1.423e+05
1.861e-01 1.413e+05
1.759e-01 1.521e+05
1.867e-01 1.399e+05
1.811e-01 1.396e+05
1.747e-01 1.476e+05
1.750e-01 1.501e+05
1.801e-01 1.421e+05
1.812e-01 1.460e+05
1.788e-01 1.465e+05
1.866e-01 1.379e+05
1.771e-01 1.448e+05
1.793e-01 1.421e+05
2.044e-01 1.332e+05
2.431e-01 9.194e+04
1.830e-01 1.472e+05
1.766e-01 1.505e+05
1.717e-01 1.495e+05
1.795e-01 1.463e+05
1.781e-01 1.508e+05
1.779e-01 1.481e+05
1.803e-01 1.423e+05
1.749e-01 1.517e+05
1.819e-01 1.450e+05
1.834e-01 1.465e+05
1.775e-01 1.440e+05
2.004e-01 1.253e+05
1.846e-01 1.456e+05
1.812e-01 1.423e+05
1.749e-01 1.526e+05
1.697e-01 1.473e+05
1.800e-01 1.391e+05
1.773e-01 1.497e+05
1.702e-01 1.480e+05
1.753e-01 1.481e+05
1.817e-01 1.496e+05
1.739e-01 1.479e+05
1.791e-01 1.518e+05
1.774e-01 1.409e+05
1.885e-01 1.403e+05
1.899e-01 1.346e+05
1.736e-01 1.549e+05
2.205e-01 9.054e+04
2.420e-01 8.666e+04
1.796e-01 1.359e+05
2.224e-01 9.975e+04
2.537e-01 8.034e+04
1.946e-01 1.287e+05
1.725e-01 1.547e+05
1.756e-01 1.464e+05
1.744e-01 1.500e+05
1.760e-01 1.498e+05
1.792e-01 1.421e+05
1.747e-01 1.467e+05
1.729e-01 1.515e+05
2.181e-01 1.147e+05
1.788e-01 1.473e+05
1.842e-01 1.394e+05
2.540e-01 9.292e+04
1.771e-01 1.470e+05
1.858e-01 1.420e+05
1.860e-01 1.342e+05
2.465e-01 9.015e+04
1.772e-01 1.517e+05
2.020e-01 1.208e+05
1.698e-01 1.504e+05
1.780e-01 1.459e+05
1.765e-01 1.510e+05
1.830e-01 1.434e+05
1.791e-01 1.438e+05
1.736e-01 1.491e+05
1.811e-01 1.429e+05
1.752e-01 1.415e+05
1.806e-01 1.495e+05
1.819e-01 1.486e+05
1.847e-01 1.420e+05
1.702e-01 1.521e+05
1.885e-01 1.364e+05
1.892e-01 1.390e+05
1.834e-01 1.425e+05
1.834e-01 1.416e+05
2.327e-01 8.638e+04
1.760e-01 1.476e+05
1.746e-01 1.501e+05
1.806e-01 1.483e+05
2.575e-01 7.946e+04
1.729e-01 1.488e+05
1.827e-01 1.370e+05
2.276e-01 1.001e+05
1.838e-01 1.471e+05
1.794e-01 1.493e+05
1.812e-01 1.412e+05
1.772e-01 1.433e+05
1.790e-01 1.497e+05
2.062e-01 1.166e+05
1.991e-01 1.282e+05
1.737e-01 1.539e+05
1.783e-01 1.346e+05
1.715e-01 1.486e+05
1.790e-01 1.455e+05
1.723e-01 1.489e+05
1.718e-01 1.478e+05
1.771e-01 1.482e+05
1.678e-01 1.540e+05
1.838e-01 1.384e+05
2.754e-01 8.159e+04
2.491e-01 8.504e+04
1.706e-01 1.572e+05
1.753e-01 1.496e+05
2.002e-01 1.236e+05
1.877e-01 1.448e+05
1.729e-01 1.497e+05
1.741e-01 1.482e+05
1.717e-01 1.450e+05
1.799e-01 1.484e+05
1.827e-01 1.461e+05
1.959e-01 1.316e+05
1.865e-01 1.441e+05
1.695e-01 1.487e+05
1.757e-01 1.427e+05
1.779e-01 1.504e+05
2.013e-01 1.234e+05
2.082e-01 1.175e+05
1.764e-01 1.503e+05
1.733e-01 1.441e+05
1.792e-01 1.499e+05
1.781e-01 1.513e+05
1.721e-01 1.525e+05
1.760e-01 1.497e+05
1.747e-01 1.478e+05
2.193e-01 1.191e+05
1.778e-01 1.506e+05
1.831e-01 1.408e+05
1.705e-01 1.503e+05
1.777e-01 1.466e+05
1.757e-01 1.479e+05
1.996e-01 1.287e+05
1.750e-01 1.491e+05
1.696e-01 1.498e+05
1.861e-01 1.257e+05
1.814e-01 1.432e+05
1.779e-01 1.472e+05
1.884e-01 1.411e+05
1.797e-01 1.447e+05
1.823e-01 1.434e+05
1.815e-01 1.415e+05
1.801e-01 1.472e+05
1.859e-01 1.375e+05
1.764e-01 1.504e+05
1.787e-01 1.481e+05
2.161e-01 1.042e+05
1.678e-01 1.529e+05
1.818e-01 1.449e+05
1.820e-01 1.355e+05
1.785e-01 1.442e+05
1.791e-01 1.426e+05
1.761e-01 1.468e+05
1.771e-01 1.485e+05
1.719e-01 1.526e+05
1.806e-01 1.436e+05
2.111e-01 1.228e+05
1.782e-01 1.450e+05
1.771e-01 1.461e+05
1.776e-01 1.405e+05
1.747e-01 1.544e+05
1.757e-01 1.535e+05
1.793e-01 1.423e+05
1.766e-01 1.499e+05
1.828e-01 1.448e+05
2.152e-01 1.014e+05
1.759e-01 1.494e+05
1.834e-01 1.417e+05
1.687e-01 1.521e+05
1.733e-01 1.533e+05
1.755e-01 1.462e+05
1.717e-01 1.478e+05
1.776e-01 1.479e+05
1.742e-01 1.490e+05
1.770e-01 1.465e+05
2.485e-01 7.935e+04
1.734e-01 1.532e+05
1.731e-01 1.499e+05
1.743e-01 1.463e+05
1.696e-01 1.542e+05
1.725e-01 1.472e+05
1.880e-01 1.377e+05
1.787e-01 1.464e+05
1.782e-01 1.453e+05
1.773e-01 1.482e+05
1.834e-01 1.452e+05
1.896e-01 1.395e+05
2.226e-01 1.069e+05
1.827e-01 1.472e+05
1.699e-01 1.479e+05
1.842e-01 1.415e+05
1.736e-01 1.463e+05
2.052e-01 1.199e+05
1.705e-01 1.528e+05
1.801e-01 1.362e+05
1.727e-01 1.527e+05
1.771e-01 1.513e+05
1.843e-01 1.385e+05
2.230e-01 1.003e+05
1.807e-01 1.376e+05
1.757e-01 1.470e+05
1.783e-01 1.322e+05
1.833e-01 1.404e+05
1.898e-01 1.433e+05
1.724e-01 1.487e+05
1.830e-01 1.442e+05
1.818e-01 1.471e+05
1.759e-01 1.449e+05
1.804e-01 1.470e+05
1.814e-01 1.456e+05
1.709e-01 1.508e+05
1.775e-01 1.513e+05
1.781e-01 1.519e+05
2.617e-01 7.614e+04
1.773e-01 1.532e+05
1.847e-01 1.286e+05
1.847e-01 1.449e+05
1.815e-01 1.486e+05
1.804e-01 1.437e+05
2.358e-01 9.948e+04
1.797e-01 1.418e+05
1.795e-01 1.438e+05
1.795e-01 1.479e+05
1.766e-01 1.532e+05
1.791e-01 1.520e+05
1.711e-01 1.558e+05
2.113e-01 1.143e+05
1.781e-01 1.427e+05
1.904e-01 1.387e+05
1.717e-01 1.549e+05
1.759e-01 1.530e+05
2.092e-01 1.117e+05
2.275e-01 1.076e+05
1.981e-01 1.172e+05
1.702e-01 1.459e+05
1.859e-01 1.456e+05
1.762e-01 1.508e+05
1.794e-01 1.513e+05
1.726e-01 1.475e+05
1.772e-01 1.507e+05
1.811e-01 1.439e+05
1.736e-01 1.538e+05
1.697e-01 1.532e+05
1.724e-01 1.539e+05
1.806e-01 1.387e+05
1.759e-01 1.493e+05
1.787e-01 1.456e+05
1.753e-01 1.530e+05
1.829e-01 1.468e+05
1.698e-01 1.512e+05
1.789e-01 1.449e+05
2.149e-01 1.162e+05
1.849e-01 1.386e+05
1.766e-01 1.452e+05
1.789e-01 1.310e+05
1.749e-01 1.537e+05
1.950e-01 1.105e+05
1.787e-01 1.478e+05
1.699e-01 1.485e+05
1.849e-01 1.407e+05
1.791e-01 1.430e+05
2.371e-01 1.029e+05
1.777e-01 1.454e+05
2.775e-01 7.833e+04
2.010e-01 1.176e+05
1.860e-01 1.443e+05
2.489e-01 8.477e+04
1.904e-01 1.336e+05
1.781e-01 1.450e+05
1.711e-01 1.560e+05
2.275e-01 1.090e+05
1.686e-01 1.500e+05
1.684e-01 1.526e+05
1.742e-01 1.385e+05
1.793e-01 1.494e+05
1.727e-01 1.502e+05
1.690e-01 1.502e+05
2.278e-01 1.141e+05
1.833e-01 1.383e+05
1.779e-01 1.469e+05
1.939e-01 1.372e+05
1.830e-01 1.443e+05
1.765e-01 1.437e+05
2.217e-01 9.224e+04
1.753e-01 1.477e+05
1.761e-01 1.496e+05
1.752e-01 1.462e+05
1.775e-01 1.459e+05
1.726e-01 1.442e+05
1.711e-01 1.479e+05
1.812e-01 1.379e+05
1.744e-01 1.497e+05
1.756e-01 1.507e+05
1.852e-01 1.373e+05
1.709e-01 1.516e+05
1.770e-01 1.494e+05
1.823e-01 1.488e+05
1.823e-01 1.321e+05
1.803e-01 1.437e+05
1.806e-01 1.500e+05
1.782e-01 1.502e+05
2.476e-01 8.623e+04
1.822e-01 1.445e+05
1.751e-01 1.498e+05
2.005e-01 1.218e+05
1.761e-01 1.436e+05
1.832e-01 1.380e+05
2.613e-01 8.550e+04
1.756e-01 1.485e+05
1.874e-01 1.425e+05
1.845e-01 1.451e+05
1.779e-01 1.512e+05
1.801e-01 1.461e+05
1.795e-01 1.506e+05
1.764e-01 1.462e+05
1.779e-01 1.467e+05
1.785e-01 1.467e+05
1.939e-01 1.318e+05
1.820e-01 1.485e+05
1.781e-01 1.478e+05
1.820e-01 1.412e+05
2.302e-01 9.148e+04
1.772e-01 1.501e+05
1.895e-01 1.245e+05
2.103e-01 1.265e+05
1.825e-01 1.429e+05
1.790e-01 1.280e+05
1.698e-01 1.507e+05
2.482e-01 8.656e+04
1.722e-01 1.515e+05
1.790e-01 1.425e+05
1.814e-01 1.487e+05
1.735e-01 1.470e+05
1.744e-01 1.464e+05
1.759e-01 1.493e+05
1.805e-01 1.423e+05
2.185e-01 1.045e+05
1.725e-01 1.557e+05
1.838e-01 1.380e+05
1.885e-01 1.261e+05
1.686e-01 1.508e+05
1.721e-01 1.497e+05
1.739e-01 1.445e+05
1.813e-01 1.367e+05
1.777e-01 1.485e+05
1.777e-01 1.467e+05
1.740e-01 1.487e+05
1.695e-01 1.499e+05
1.812e-01 1.441e+05
1.825e-01 1.462e+05
1.782e-01 1.426e+05
1.814e-01 1.499e+05
1.826e-01 1.424e+05
1.719e-01 1.458e+05
2.678e-01 8.858e+04
1.869e-01 1.446e+05
2.179e-01 1.205e+05
2.017e-01 1.339e+05
2.207e-01 1.032e+05
2.281e-01 1.113e+05
1.764e-01 1.518e+05
1.714e-01 1.446e+05
1.833e-01 1.433e+05
1.779e-01 1.412e+05
1.842e-01 1.368e+05
1.789e-01 1.420e+05
1.762e-01 1.498e+05
1.830e-01 1.431e+05
1.812e-01 1.442e+05
1.749e-01 1.487e+05
2.411e-01 8.512e+04
2.520e-01 9.163e+04
1.815e-01 1.471e+05
1.794e-01 1.431e+05
2.211e-01 1.169e+05
2.205e-01 9.347e+04
1.828e-01 1.402e+05
1.839e-01 1.439e+05
2.061e-01 1.202e+05
1.776e-01 1.500e+05
2.116e-01 1.238e+05
1.732e-01 1.475e+05
1.792e-01 1.516e+05
2.508e-01 9.434e+04
2.101e-01 1.084e+05
1.795e-01 1.454e+05
1.703e-01 1.530e+05
1.830e-01 1.435e+05
1.840e-01 1.342e+05
1.736e-01 1.513e+05
1.764e-01 1.462e+05
1.982e-01 1.360e+05
1.709e-01 1.523e+05
1.816e-01 1.398e+05
2.128e-01 1.140e+05
1.792e-01 1.469e+05
1.755e-01 1.480e+05
1.813e-01 1.495e+05
1.734e-01 1.515e+05
1.875e-01 1.335e+05
1.903e-01 1.382e+05
1.798e-01 1.509e+05
1.895e-01 1.297e+05
1.794e-01 1.389e+05
1.689e-01 1.524e+05
1.811e-01 1.431e+05
1.804e-01 1.432e+05
2.380e-01 8.372e+04
1.815e-01 1.440e+05
1.989e-01 1.343e+05
1.785e-01 1.486e+05
1.693e-01 1.575e+05
2.256e-01 1.038e+05
1.855e-01 1.381e+05
1.780e-01 1.484e+05
2.167e-01 1.045e+05
1.753e-01 1.407e+05
2.474e-01 8.482e+04
1.836e-01 1.468e+05
1.715e-01 1.468e+05
1.857e-01 1.380e+05
1.726e-01 1.551e+05
1.746e-01 1.456e+05
1.790e-01 1.459e+05
1.824e-01 1.445e+05
2.166e-01 1.190e+05
1.773e-01 1.475e+05
1.719e-01 1.492e+05
1.730e-01 1.513e+05
1.775e-01 1.404e+05
1.872e-01 1.207e+05
1.894e-01 1.329e+05
1.746e-01 1.449e+05
1.859e-01 1.402e+05
1.769e-01 1.525e+05
2.201e-01 1.073e+05
1.702e-01 1.550e+05
1.778e-01 1.478e+05
1.704e-01 1.491e+05
1.848e-01 1.413e+05
1.773e-01 1.476e+05
1.841e-01 1.442e+05
1.803e-01 1.416e+05
1.949e-01 1.289e+05
1.795e-01 1.476e+05
1.878e-01 1.401e+05
1.714e-01 1.532e+05
1.754e-01 1.491e+05
2.012e-01 1.130e+05
1.844e-01 1.456e+05
1.801e-01 1.509e+05
1.710e-01 1.537e+05
1.801e-01 1.449e+05
1.794e-01 1.429e+05
1.716e-01 1.491e+05
1.898e-01 1.335e+05
1.758e-01 1.473e+05
1.780e-01 1.505e+05
1.760e-01 1.474e+05
1.776e-01 1.492e+05
1.883e-01 1.322e+05
1.739e-01 1.499e+05
2.237e-01 9.877e+04
1.753e-01 1.493e+05
1.831e-01 1.451e+05
1.697e-01 1.478e+05
1.737e-01 1.476e+05
1.768e-01 1.413e+05
1.777e-01 1.410e+05
2.252e-01 1.040e+05
1.802e-01 1.404e+05
1.806e-01 1.500e+05
1.737e-01 1.457e+05
2.017e-01 1.135e+05
2.086e-01 1.216e+05
1.955e-01 1.253e+05
1.737e-01 1.488e+05
2.214e-01 1.011e+05
1.957e-01 1.225e+05
1.762e-01 1.470e+05
1.979e-01 1.167e+05
1.714e-01 1.489e+05
1.800e-01 1.336e+05
1.760e-01 1.450e+05
1.698e-01 1.502e+05
1.827e-01 1.413e+05
1.787e-01 1.468e+05
1.968e-01 1.259e+05
1.753e-01 1.501e+05
1.711e-01 1.526e+05
1.802e-01 1.460e+05
2.203e-01 1.049e+05
1.776e-01 1.465e+05
1.747e-01 1.506e+05
1.720e-01 1.457e+05
1.800e-01 1.447e+05
1.856e-01 1.380e+05
1.906e-01 1.358e+05
1.769e-01 1.389e+05
1.744e-01 1.507e+05
1.741e-01 1.501e+05
1.997e-01 1.263e+05
1.718e-01 1.478e+05
1.770e-01 1.476e+05
1.838e-01 1.456e+05
2.854e-01 7.806e+04
1.806e-01 1.431e+05
1.764e-01 1.472e+05
1.711e-01 1.480e+05
1.831e-01 1.385e+05
1.794e-01 1.446e+05
1.719e-01 1.490e+05
1.741e-01 1.503e+05
1.751e-01 1.476e+05
1.709e-01 1.488e+05
1.716e-01 1.561e+05
1.856e-01 1.440e+05
1.770e-01 1.502e+05
2.337e-01 1.058e+05
1.744e-01 1.485e+05
1.776e-01 1.470e+05
1.735e-01 1.486e+05
2.004e-01 1.282e+05
2.359e-01 9.671e+04
1.742e-01 1.377e+05
2.122e-01 1.222e+05
1.768e-01 1.501e+05
1.723e-01 1.405e+05
1.774e-01 1.483e+05
1.740e-01 1.476e+05
1.765e-01 1.491e+05
1.798e-01 1.477e+05
1.831e-01 1.473e+05
1.746e-01 1.532e+05
1.736e-01 1.517e+05
1.732e-01 1.444e+05
1.803e-01 1.336e+05
1.737e-01 1.500e+05
1.772e-01 1.457e+05
1.991e-01 1.271e+05
1.737e-01 1.517e+05
2.053e-01 1.226e+05
1.867e-01 1.375e+05
1.767e-01 1.454e+05
1.774e-01 1.476e+05
1.776e-01 1.405e+05
1.809e-01 1.466e+05
1.850e-01 1.457e+05
1.752e-01 1.485e+05
1.929e-01 1.361e+05
1.949e-01 1.311e+05
1.855e-01 1.457e+05
1.705e-01 1.569e+05
1.780e-01 1.504e+05
1.855e-01 1.407e+05
1.757e-01 1.483e+05
1.866e-01 1.373e+05
1.814e-01 1.410e+05
1.711e-01 1.508e+05
1.758e-01 1.477e+05
1.858e-01 1.439e+05
2.496e-01 7.749e+04
1.732e-01 1.491e+05
1.769e-01 1.487e+05
1.862e-01 1.391e+05
1.792e-01 1.480e+05
1.703e-01 1.440e+05
1.756e-01 1.488e+05
1.768e-01 1.477e+05
1.811e-01 1.424e+05
1.772e-01 1.450e+05
2.336e-01 9.478e+04
1.742e-01 1.489e+05
2.211e-01 1.170e+05
1.709e-01 1.534e+05
1.789e-01 1.420e+05
1.865e-01 1.435e+05
1.830e-01 1.424e+05
1.732e-01 1.549e+05
1.839e-01 1.463e+05
1.738e-01 1.485e+05
1.771e-01 1.485e+05
1.775e-01 1.473e+05
1.996e-01 1.283e+05
1.702e-01 1.513e+05
2.460e-01 8.699e+04
1.797e-01 1.462e+05
1.848e-01 1.452e+05
1.856e-01 1.441e+05
1.856e-01 1.453e+05
1.736e-01 1.475e+05
1.775e-01 1.514e+05
1.799e-01 1.482e+05
1.935e-01 1.381e+05
1.830e-01 1.464e+05
1.712e-01 1.486e+05
1.795e-01 1.457e+05
1.852e-01 1.465e+05
1.724e-01 1.507e+05
1.778e-01 1.481e+05
1.744e-01 1.482e+05
2.397e-01 8.093e+04
1.718e-01 1.464e+05
2.372e-01 8.281e+04
1.777e-01 1.463e+05
1.690e-01 1.553e+05
1.730e-01 1.435e+05
2.124e-01 1.231e+05
1.768e-01 1.488e+05
1.755e-01 1.536e+05
1.871e-01 1.358e+05
1.813e-01 1.371e+05
1.779e-01 1.450e+05
1.696e-01 1.532e+05
1.803e-01 1.443e+05
1.859e-01 1.358e+05
2.274e-01 1.113e+05
1.789e-01 1.439e+05
2.350e-01 1.015e+05
1.771e-01 1.471e+05
1.887e-01 1.322e+05
1.763e-01 1.477e+05
1.892e-01 1.435e+05
1.735e-01 1.555e+05
1.751e-01 1.540e+05
1.818e-01 1.483e+05
1.983e-01 1.339e+05
1.848e-01 1.395e+05
1.842e-01 1.411e+05
1.722e-01 1.500e+05
1.711e-01 1.501e+05
1.799e-01 1.385e+05
1.724e-01 1.493e+05
1.709e-01 1.531e+05
1.841e-01 1.396e+05
1.716e-01 1.513e+05
1.994e-01 1.080e+05
1.687e-01 1.538e+05
1.769e-01 1.459e+05
1.758e-01 1.454e+05
1.739e-01 1.466e+05
1.716e-01 1.506e+05
1.771e-01 1.447e+05
1.757e-01 1.468e+05
1.776e-01 1.469e+05
1.828e-01 1.439e+05
1.851e-01 1.251e+05
1.931e-01 1.292e+05
2.379e-01 7.851e+04
1.899e-01 1.324e+05
1.764e-01 1.499e+05
2.280e-01 9.207e+04
1.762e-01 1.465e+05
2.109e-01 1.191e+05
1.681e-01 1.517e+05
1.776e-01 1.449e+05
1.711e-01 1.473e+05
1.785e-01 1.450e+05
2.029e-01 1.253e+05
2.002e-01 1.303e+05
1.789e-01 1.476e+05
1.730e-01 1.474e+05
1.750e-01 1.531e+05
1.737e-01 1.490e+05
1.712e-01 1.538e+05
2.279e-01 1.004e+05
1.725e-01 1.477e+05
1.791e-01 1.468e+05
1.984e-01 1.190e+05
2.613e-01 8.072e+04
1.858e-01 1.377e+05
1.711e-01 1.451e+05
1.858e-01 1.452e+05
1.800e-01 1.511e+05
1.838e-01 1.349e+05
1.835e-01 1.421e+05
1.828e-01 1.436e+05
1.762e-01 1.460e+05
1.758e-01 1.476e+05
1.711e-01 1.486e+05
1.729e-01 1.524e+05
1.718e-01 1.493e+05
1.856e-01 1.392e+05
1.747e-01 1.507e+05
1.744e-01 1.434e+05
2.463e-01 9.982e+04
2.019e-01 1.112e+05
2.008e-01 1.126e+05
1.827e-01 1.434e+05
1.729e-01 1.494e+05
2.271e-01 8.882e+04
1.780e-01 1.492e+05
1.801e-01 1.470e+05
1.709e-01 1.439e+05
1.820e-01 1.407e+05
2.092e-01 1.175e+05
2.372e-01 1.015e+05
1.779e-01 1.455e+05
1.811e-01 1.437e+05
1.794e-01 1.478e+05
1.715e-01 1.455e+05
1.753e-01 1.482e+05
2.270e-01 1.074e+05
1.777e-01 1.466e+05
1.728e-01 1.495e+05
2.172e-01 1.088e+05
1.902e-01 1.352e+05
1.852e-01 1.426e+05
2.708e-01 8.485e+04
1.812e-01 1.407e+05
1.844e-01 1.434e+05
1.694e-01 1.496e+05
1.894e-01 1.354e+05
1.866e-01 1.396e+05
2.042e-01 1.149e+05
1.819e-01 1.440e+05
2.259e-01 1.050e+05
1.832e-01 1.432e+05
1.753e-01 1.489e+05
1.834e-01 1.395e+05
1.987e-01 1.129e+05
1.736e-01 1.443e+05
1.832e-01 1.420e+05
1.870e-01 1.453e+05
1.731e-01 1.503e+05
1.779e-01 1.462e+05
1.869e-01 1.378e+05
1.829e-01 1.424e+05
1.750e-01 1.488e+05
1.795e-01 1.432e+05
1.820e-01 1.461e+05
1.789e-01 1.488e+05
1.853e-01 1.397e+05
1.769e-01 1.427e+05
1.771e-01 1.484e+05
1.764e-01 1.445e+05
1.823e-01 1.409e+05
1.676e-01 1.554e+05
1.751e-01 1.485e+05
1.782e-01 1.462e+05
1.746e-01 1.473e+05
1.707e-01 1.493e+05
1.731e-01 1.482e+05
1.791e-01 1.464e+05
1.800e-01 1.439e+05
2.403e-01 8.744e+04
1.795e-01 1.475e+05
1.752e-01 1.395e+05
1.767e-01 1.502e+05
1.729e-01 1.465e+05
1.780e-01 1.493e+05
1.765e-01 1.501e+05
1.771e-01 1.463e+05
1.772e-01 1.487e+05
1.700e-01 1.480e+05
1.761e-01 1.478e+05
2.536e-01 9.559e+04
2.177e-01 1.064e+05
2.759e-01 8.206e+04
1.818e-01 1.442e+05
1.730e-01 1.495e+05
1.836e-01 1.485e+05
1.687e-01 1.552e+05
1.910e-01 1.402e+05
1.811e-01 1.429e+05
1.797e-01 1.310e+05
1.819e-01 1.429e+05
1.800e-01 1.464e+05
1.828e-01 1.490e+05
1.836e-01 1.438e+05
1.718e-01 1.507e+05
1.823e-01 1.444e+05
1.829e-01 1.402e+05
1.777e-01 1.498e+05
1.779e-01 1.452e+05
1.858e-01 1.380e+05
1.796e-01 1.452e+05
2.319e-01 9.434e+04
2.361e-01 9.229e+04
1.824e-01 1.427e+05
1.798e-01 1.489e+05
1.736e-01 1.437e+05
1.697e-01 1.546e+05
1.995e-01 1.294e+05
1.910e-01 1.353e+05
1.846e-01 1.424e+05
1.849e-01 1.354e+05
1.732e-01 1.470e+05
1.756e-01 1.479e+05
1.810e-01 1.469e+05
1.856e-01 1.433e+05
1.785e-01 1.504e+05
2.757e-01 8.446e+04
1.712e-01 1.542e+05
1.873e-01 1.458e+05
1.748e-01 1.479e+05
1.778e-01 1.484e+05
1.754e-01 1.478e+05
2.539e-01 8.034e+04
1.771e-01 1.489e+05
1.767e-01 1.458e+05
1.878e-01 1.392e+05
1.811e-01 1.381e+05
1.849e-01 1.374e+05
1.786e-01 1.476e+05
1.739e-01 1.469e+05
1.852e-01 1.389e+05
2.507e-01 9.487e+04
1.957e-01 1.201e+05
1.799e-01 1.420e+05
1.713e-01 1.481e+05
1.751e-01 1.497e+05
1.791e-01 1.457e+05
2.371e-01 9.577e+04
1.719e-01 1.460e+05
1.801e-01 1.488e+05
2.326e-01 9.804e+04
1.749e-01 1.471e+05
1.749e-01 1.516e+05
2.260e-01 1.002e+05
1.846e-01 1.415e+05
2.247e-01 1.100e+05
1.781e-01 1.460e+05
1.694e-01 1.499e+05
1.849e-01 1.426e+05
1.787e-01 1.485e+05
1.770e-01 1.458e+05
1.720e-01 1.456e+05
1.777e-01 1.461e+05
1.699e-01 1.510e+05
1.750e-01 1.491e+05
1.780e-01 1.452e+05
2.281e-01 9.337e+04
1.717e-01 1.517e+05
1.768e-01 1.453e+05
1.819e-01 1.428e+05
1.709e-01 1.502e+05
1.797e-01 1.471e+05
2.053e-01 1.275e+05
1.703e-01 1.562e+05
1.873e-01 1.349e+05
1.755e-01 1.402e+05
1.831e-01 1.321e+05
2.748e-01 7.766e+04
1.784e-01 1.441e+05
2.427e-01 9.230e+04
2.368e-01 9.207e+04
1.750e-01 1.508e+05
1.721e-01 1.510e+05
1.773e-01 1.493e+05
1.941e-01 1.327e+05
1.743e-01 1.478e+05
1.775e-01 1.452e+05
1.782e-01 1.502e+05
1.707e-01 1.542e+05
1.762e-01 1.484e+05
1.765e-01 1.473e+05
1.869e-01 1.397e+05
1.758e-01 1.443e+05
1.815e-01 1.427e+05
1.860e-01 1.381e+05
2.551e-01 8.771e+04
2.087e-01 1.080e+05
1.692e-01 1.567e+05
1.716e-01 1.463e+05
1.798e-01 1.480e+05
1.759e-01 1.481e+05
1.809e-01 1.465e+05
1.777e-01 1.505e+05
1.836e-01 1.488e+05
1.858e-01 1.451e+05
1.794e-01 1.515e+05
1.709e-01 1.522e+05
1.851e-01 1.399e+05
1.821e-01 1.413e+05
1.771e-01 1.447e+05
1.814e-01 1.489e+05
1.837e-01 1.390e+05
1.860e-01 1.408e+05
1.886e-01 1.382e+05
1.706e-01 1.529e+05
1.746e-01 1.538e+05
1.865e-01 1.449e+05
1.763e-01 1.379e+05
2.137e-01 9.356e+04
1.915e-01 1.223e+05
1.849e-01 1.424e+05
1.766e-01 1.506e+05
1.777e-01 1.459e+05
1.713e-01 1.525e+05
1.797e-01 1.398e+05
1.754e-01 1.512e+05
1.748e-01 1.503e+05
1.706e-01 1.508e+05
1.720e-01 1.520e+05
1.713e-01 1.534e+05
1.808e-01 1.463e+05
1.744e-01 1.493e+05
1.717e-01 1.435e+05
1.763e-01 1.429e+05
2.581e-01 8.294e+04
1.831e-01 1.451e+05
2.033e-01 1.197e+05
1.789e-01 1.488e+05
2.573e-01 8.699e+04
1.806e-01 1.496e+05
1.810e-01 1.437e+05
2.267e-01 1.067e+05
2.217e-01 1.063e+05
2.007e-01 1.188e+05
1.796e-01 1.406e+05
2.524e-01 7.723e+04
1.804e-01 1.490e+05
1.805e-01 1.446e+05
1.729e-01 1.505e+05
1.817e-01 1.423e+05
1.759e-01 1.492e+05
1.752e-01 1.520e+05
1.919e-01 1.374e+05
2.245e-01 1.031e+05
1.712e-01 1.518e+05
1.752e-01 1.497e+05
2.360e-01 1.056e+05
1.921e-01 1.320e+05
1.836e-01 1.432e+05
1.925e-01 1.292e+05
2.014e-01 1.192e+05
1.791e-01 1.474e+05
2.288e-01 1.013e+05
2.293e-01 1.033e+05
1.889e-01 1.285e+05
1.749e-01 1.508e+05
1.806e-01 1.445e+05
1.768e-01 1.526e+05
1.762e-01 1.465e+05
1.866e-01 1.380e+05
1.788e-01 1.432e+05
1.766e-01 1.457e+05
1.746e-01 1.474e+05
1.790e-01 1.463e+05
1.764e-01 1.494e+05
1.825e-01 1.436e+05
1.799e-01 1.474e+05
1.699e-01 1.540e+05
1.897e-01 1.280e+05
1.869e-01 1.425e+05
1.743e-01 1.378e+05
1.697e-01 1.498e+05
1.734e-01 1.512e+05
1.758e-01 1.452e+05
1.797e-01 1.341e+05
1.750e-01 1.486e+05
1.793e-01 1.474e+05
1.830e-01 1.431e+05
1.693e-01 1.560e+05
1.874e-01 1.356e+05
1.785e-01 1.454e+05
1.755e-01 1.506e+05
1.818e-01 1.344e+05
1.849e-01 1.436e+05
1.702e-01 1.512e+05
1.813e-01 1.409e+05
1.826e-01 1.450e+05
1.769e-01 1.508e+05
2.037e-01 1.301e+05
1.811e-01 1.417e+05
2.322e-01 1.068e+05
1.705e-01 1.551e+05
1.762e-01 1.483e+05
1.708e-01 1.511e+05
1.798e-01 1.470e+05
1.687e-01 1.528e+05
1.946e-01 1.211e+05
1.745e-01 1.496e+05
1.863e-01 1.467e+05
1.694e-01 1.520e+05
2.031e-01 1.200e+05
1.800e-01 1.402e+05
1.787e-01 1.506e+05
1.812e-01 1.468e+05
1.748e-01 1.480e+05
1.863e-01 1.420e+05
1.798e-01 1.453e+05
1.777e-01 1.446e+05
2.041e-01 1.190e+05
1.782e-01 1.434e+05
1.761e-01 1.461e+05
2.278e-01 1.068e+05
1.817e-01 1.458e+05
1.864e-01 1.353e+05
1.786e-01 1.423e+05
1.751e-01 1.361e+05
1.743e-01 1.482e+05
1.879e-01 1.390e+05
1.930e-01 1.397e+05
1.816e-01 1.449e+05
1.872e-01 1.406e+05
1.807e-01 1.341e+05
1.751e-01 1.458e+05
1.851e-01 1.359e+05
1.802e-01 1.425e+05
1.710e-01 1.503e+05
1.821e-01 1.488e+05
1.730e-01 1.461e+05
1.734e-01 1.450e+05
1.772e-01 1.403e+05
1.823e-01 1.417e+05
1.780e-01 1.467e+05
1.990e-01 1.146e+05
1.694e-01 1.472e+05
1.784e-01 1.383e+05
2.213e-01 1.169e+05
1.720e-01 1.501e+05
1.821e-01 1.414e+05
2.260e-01 1.139e+05
1.795e-01 1.396e+05
1.771e-01 1.485e+05
1.746e-01 1.500e+05
1.814e-01 1.434e+05
1.870e-01 1.445e+05
1.810e-01 1.458e+05
1.736e-01 1.502e+05
1.795e-01 1.464e+05
1.859e-01 1.450e+05
1.809e-01 1.482e+05
1.870e-01 1.439e+05
1.862e-01 1.427e+05
1.865e-01 1.443e+05
1.714e-01 1.449e+05
1.926e-01 1.307e+05
1.712e-01 1.516e+05
2.471e-01 1.011e+05
1.824e-01 1.449e+05
1.750e-01 1.466e+05
1.752e-01 1.469e+05
1.833e-01 1.476e+05
1.827e-01 1.351e+05
1.761e-01 1.501e+05
1.768e-01 1.462e+05
1.721e-01 1.528e+05
1.739e-01 1.513e+05
1.806e-01 1.459e+05
1.831e-01 1.421e+05
1.735e-01 1.461e+05
1.722e-01 1.523e+05
1.749e-01 1.444e+05
1.739e-01 1.506e+05
1.685e-01 1.526e+05
1.755e-01 1.537e+05
2.224e-01 1.027e+05
1.760e-01 1.407e+05
1.702e-01 1.553e+05
1.731e-01 1.538e+05
2.237e-01 9.858e+04
1.756e-01 1.525e+05
2.345e-01 1.057e+05
1.713e-01 1.468e+05
1.772e-01 1.487e+05
1.736e-01 1.449e+05
1.819e-01 1.404e+05
1.843e-01 1.422e+05
1.845e-01 1.453e+05
1.974e-01 1.240e+05
1.762e-01 1.482e+05
2.422e-01 8.911e+04
2.267e-01 1.145e+05
1.790e-01 1.431e+05
1.808e-01 1.449e+05
2.010e-01 1.158e+05
1.989e-01 1.252e+05
1.856e-01 1.355e+05
1.777e-01 1.433e+05
1.705e-01 1.555e+05
2.046e-01 1.139e+05
1.762e-01 1.531e+05
1.770e-01 1.396e+05
1.760e-01 1.363e+05
1.786e-01 1.422e+05
1.716e-01 1.559e+05
1.799e-01 1.469e+05
1.766e-01 1.532e+05
2.177e-01 1.203e+05
1.770e-01 1.451e+05
2.017e-01 1.183e+05
1.812e-01 1.450e+05
1.755e-01 1.506e+05
1.720e-01 1.505e+05
1.755e-01 1.468e+05
1.714e-01 1.505e+05
1.814e-01 1.450e+05
1.755e-01 1.482e+05
1.691e-01 1.562e+05
1.716e-01 1.508e+05
1.740e-01 1.469e+05
2.722e-01 8.732e+04
1.789e-01 1.451e+05
1.794e-01 1.450e+05
1.890e-01 1.385e+05
1.867e-01 1.367e+05
1.851e-01 1.381e+05
1.885e-01 1.368e+05
2.075e-01 1.185e+05
1.692e-01 1.563e+05
1.806e-01 1.454e+05
1.741e-01 1.489e+05
2.333e-01 9.848e+04
1.849e-01 1.398e+05
1.713e-01 1.483e+05
1.809e-01 1.505e+05
2.062e-01 1.242e+05
2.285e-01 1.127e+05
1.806e-01 1.435e+05
1.844e-01 1.400e+05
2.376e-01 9.314e+04
2.622e-01 8.778e+04
2.093e-01 1.231e+05
1.753e-01 1.548e+05
1.804e-01 1.458e+05
1.730e-01 1.486e+05
2.435e-01 7.943e+04
1.762e-01 1.485e+05
1.805e-01 1.452e+05
1.847e-01 1.472e+05
1.787e-01 1.444e+05
2.400e-01 9.032e+04
1.866e-01 1.384e+05
1.793e-01 1.458e+05
1.780e-01 1.488e+05
1.707e-01 1.471e+05
1.816e-01 1.467e+05
1.762e-01 1.474e+05
1.808e-01 1.460e+05
1.762e-01 1.485e+05
1.684e-01 1.535e+05
1.747e-01 1.508e+05
2.424e-01 9.749e+04
1.868e-01 1.441e+05
1.902e-01 1.316e+05
1.724e-01 1.505e+05
1.739e-01 1.483e+05
1.805e-01 1.426e+05
2.605e-01 7.999e+04
1.849e-01 1.420e+05
1.851e-01 1.379e+05
1.845e-01 1.377e+05
1.813e-01 1.501e+05
1.855e-01 1.413e+05
1.728e-01 1.540e+05
1.931e-01 1.290e+05
1.805e-01 1.437e+05
1.725e-01 1.496e+05
1.775e-01 1.479e+05
1.785e-01 1.464e+05
2.532e-01 7.902e+04
1.741e-01 1.533e+05
1.854e-01 1.432e+05
1.712e-01 1.445e+05
1.759e-01 1.520e+05
1.788e-01 1.495e+05
1.700e-01 1.487e+05
1.750e-01 1.507e+05
1.842e-01 1.420e+05
1.785e-01 1.435e+05
1.814e-01 1.400e+05
1.832e-01 1.448e+05
1.766e-01 1.456e+05
1.739e-01 1.495e+05
1.940e-01 1.229e+05
1.775e-01 1.449e+05
1.725e-01 1.456e+05
1.846e-01 1.460e+05
1.758e-01 1.443e+05
2.345e-01 9.400e+04
1.840e-01 1.402e+05
1.993e-01 1.326e+05
1.854e-01 1.417e+05
1.842e-01 1.431e+05
1.757e-01 1.460e+05
1.782e-01 1.456e+05
1.748e-01 1.468e+05
1.806e-01 1.458e+05
1.785e-01 1.471e+05
2.168e-01 1.005e+05
1.751e-01 1.460e+05
1.696e-01 1.501e+05
2.601e-01 9.063e+04
1.811e-01 1.443e+05
1.782e-01 1.449e+05
1.716e-01 1.457e+05
1.784e-01 1.455e+05
1.708e-01 1.527e+05
1.702e-01 1.504e+05
1.848e-01 1.315e+05
1.942e-01 1.388e+05
1.756e-01 1.518e+05
1.872e-01 1.461e+05
1.734e-01 1.409e+05
1.744e-01 1.539e+05
1.784e-01 1.476e+05
1.784e-01 1.469e+05
2.226e-01 9.264e+04
1.769e-01 1.494e+05
1.758e-01 1.488e+05
2.007e-01 1.125e+05
2.395e-01 9.092e+04
1.798e-01 1.438e+05
2.207e-01 1.099e+05
1.765e-01 1.491e+05
1.792e-01 1.463e+05
1.800e-01 1.393e+05
1.785e-01 1.510e+05
1.799e-01 1.456e+05
1.849e-01 1.432e+05
2.231e-01 9.738e+04
1.775e-01 1.449e+05
1.782e-01 1.478e+05
1.706e-01 1.502e+05
1.839e-01 1.409e+05
1.761e-01 1.462e+05
1.870e-01 1.361e+05
1.769e-01 1.458e+05
1.820e-01 1.388e+05
2.832e-01 7.345e+04
1.801e-01 1.457e+05
1.788e-01 1.516e+05
1.717e-01 1.451e+05
1.797e-01 1.462e+05
2.103e-01 1.134e+05
1.911e-01 1.421e+05
1.810e-01 1.464e+05
1.762e-01 1.503e+05
1.791e-01 1.332e+05
1.741e-01 1.553e+05
1.765e-01 1.436e+05
1.793e-01 1.447e+05
1.693e-01 1.543e+05
1.765e-01 1.479e+05
1.755e-01 1.442e+05
2.341e-01 7.925e+04
1.764e-01 1.484e+05
1.954e-01 1.301e+05
1.877e-01 1.394e+05
2.086e-01 1.236e+05
1.816e-01 1.419e+05
1.808e-01 1.406e+05
2.174e-01 8.926e+04
1.768e-01 1.518e+05
1.776e-01 1.448e+05
1.721e-01 1.439e+05
1.770e-01 1.483e+05
2.162e-01 1.200e+05
1.819e-01 1.438e+05
1.781e-01 1.464e+05
1.777e-01 1.400e+05
1.764e-01 1.474e+05
1.744e-01 1.462e+05
1.732e-01 1.481e+05
1.809e-01 1.437e+05
1.797e-01 1.392e+05
2.088e-01 1.105e+05
1.834e-01 1.429e+05
1.788e-01 1.486e+05
1.759e-01 1.469e+05
1.748e-01 1.516e+05
1.830e-01 1.487e+05
1.852e-01 1.428e+05
1.833e-01 1.477e+05
1.724e-01 1.505e+05
1.710e-01 1.529e+05
1.692e-01 1.535e+05
1.694e-01 1.542e+05
1.755e-01 1.479e+05
1.747e-01 1.503e+05
1.767e-01 1.440e+05
1.801e-01 1.491e+05
1.905e-01 1.318e+05
1.993e-01 1.303e+05
1.753e-01 1.471e+05
1.792e-01 1.470e+05
1.800e-01 1.438e+05
2.095e-01 1.211e+05
2.280e-01 9.615e+04
1.744e-01 1.538e+05
2.393e-01 8.960e+04
1.716e-01 1.499e+05
1.846e-01 1.397e+05
1.767e-01 1.445e+05
1.796e-01 1.427e+05
1.773e-01 1.501e+05
1.744e-01 1.453e+05
2.138e-01 1.187e+05
1.797e-01 1.479e+05
1.777e-01 1.433e+05
1.760e-01 1.514e+05
1.788e-01 1.420e+05
1.704e-01 1.487e+05
2.158e-01 1.185e+05
1.802e-01 1.484e+05
1.933e-01 1.408e+05
1.915e-01 1.374e+05
1.850e-01 1.374e+05
1.778e-01 1.496e+05
1.880e-01 1.359e+05
1.807e-01 1.375e+05
1.744e-01 1.451e+05
2.685e-01 8.266e+04
1.716e-01 1.509e+05
1.785e-01 1.482e+05
1.848e-01 1.309e+05
1.838e-01 1.474e+05
2.406e-01 8.759e+04
2.415e-01 8.461e+04
1.894e-01 1.338e+05
2.195e-01 1.149e+05
1.708e-01 1.482e+05
1.763e-01 1.356e+05
2.827e-01 7.481e+04
1.817e-01 1.390e+05
1.895e-01 1.383e+05
1.766e-01 1.482e+05
1.714e-01 1.508e+05
1.857e-01 1.405e+05
1.805e-01 1.453e+05
2.043e-01 1.291e+05
1.764e-01 1.479e+05
1.757e-01 1.473e+05
2.004e-01 1.161e+05
2.232e-01 8.785e+04
1.794e-01 1.500e+05
1.768e-01 1.490e+05
1.735e-01 1.464e+05
2.605e-01 8.326e+04
1.711e-01 1.549e+05
1.713e-01 1.533e+05
1.872e-01 1.350e+05
1.775e-01 1.417e+05
1.891e-01 1.388e+05
2.600e-01 8.214e+04
1.751e-01 1.474e+05
1.768e-01 1.463e+05
1.692e-01 1.546e+05
1.732e-01 1.494e+05
1.808e-01 1.450e+05
1.841e-01 1.438e+05
1.700e-01 1.550e+05
1.805e-01 1.489e+05
1.928e-01 1.324e+05
1.869e-01 1.439e+05
2.305e-01 9.562e+04
1.766e-01 1.504e+05
1.833e-01 1.410e+05
1.718e-01 1.512e+05
1.816e-01 1.435e+05
2.452e-01 9.035e+04
1.881e-01 1.423e+05
1.782e-01 1.458e+05
1.807e-01 1.500e+05
1.763e-01 1.481e+05
1.823e-01 1.425e+05
1.987e-01 1.265e+05
1.790e-01 1.461e+05
1.801e-01 1.477e+05
2.447e-01 9.687e+04
1.769e-01 1.427e+05
1.831e-01 1.424e+05
1.855e-01 1.438e+05
1.775e-01 1.442e+05
1.786e-01 1.462e+05
2.388e-01 1.003e+05
1.726e-01 1.533e+05
2.458e-01 8.462e+04
1.825e-01 1.374e+05
2.368e-01 8.253e+04
1.808e-01 1.502e+05
1.780e-01 1.458e+05
1.685e-01 1.521e+05
1.807e-01 1.407e+05
1.820e-01 1.442e+05
1.882e-01 1.415e+05
1.828e-01 1.382e+05
1.772e-01 1.508e+05
1.925e-01 1.258e+05
1.795e-01 1.397e+05
1.869e-01 1.442e+05
1.798e-01 1.466e+05
1.730e-01 1.512e+05
1.803e-01 1.486e+05
1.733e-01 1.510e+05
2.411e-01 9.452e+04
1.699e-01 1.553e+05
1.752e-01 1.501e+05
1.848e-01 1.352e+05
1.735e-01 1.443e+05
1.789e-01 1.433e+05
1.716e-01 1.502e+05
1.681e-01 1.545e+05
1.852e-01 1.452e+05
1.743e-01 1.520e+05
1.752e-01 1.476e+05
1.698e-01 1.516e+05
1.759e-01 1.455e+05
1.804e-01 1.424e+05
1.773e-01 1.436e+05
2.089e-01 1.144e+05
1.774e-01 1.476e+05
2.444e-01 1.007e+05
1.822e-01 1.413e+05
1.731e-01 1.544e+05
1.737e-01 1.488e+05
1.768e-01 1.460e+05
1.694e-01 1.553e+05
1.817e-01 1.418e+05
1.761e-01 1.485e+05
1.786e-01 1.458e+05
1.806e-01 1.450e+05
1.827e-01 1.365e+05
2.313e-01 1.127e+05
1.872e-01 1.427e+05
1.751e-01 1.479e+05
2.168e-01 9.881e+04
1.713e-01 1.483e+05
1.740e-01 1.469e+05
1.781e-01 1.323e+05
1.796e-01 1.442e+05
1.836e-01 1.258e+05
2.470e-01 8.209e+04
1.809e-01 1.487e+05
1.788e-01 1.458e+05
1.867e-01 1.352e+05
1.771e-01 1.444e+05
1.797e-01 1.483e+05
1.775e-01 1.504e+05
1.713e-01 1.562e+05
2.429e-01 9.500e+04
1.960e-01 1.347e+05
1.834e-01 1.411e+05
1.915e-01 1.371e+05
1.784e-01 1.435e+05
1.754e-01 1.538e+05
1.856e-01 1.459e+05
1.777e-01 1.451e+05
1.983e-01 1.319e+05
1.880e-01 1.383e+05
1.807e-01 1.449e+05
1.711e-01 1.559e+05
1.876e-01 1.400e+05
1.989e-01 1.118e+05
1.788e-01 1.420e+05
1.862e-01 1.370e+05
1.808e-01 1.443e+05
1.811e-01 1.428e+05
1.746e-01 1.502e+05
1.751e-01 1.500e+05
1.738e-01 1.534e+05
1.769e-01 1.494e+05
1.755e-01 1.481e+05
1.815e-01 1.474e+05
1.742e-01 1.502e+05
2.273e-01 1.123e+05
1.794e-01 1.498e+05
1.789e-01 1.498e+05
1.696e-01 1.558e+05
1.714e-01 1.433e+05
2.040e-01 1.134e+05
1.798e-01 1.467e+05
1.735e-01 1.469e+05
1.938e-01 1.256e+05
1.798e-01 1.487e+05
1.832e-01 1.410e+05
1.774e-01 1.518e+05
1.736e-01 1.495e+05
2.297e-01 1.034e+05
1.771e-01 1.489e+05
1.748e-01 1.482e+05
1.898e-01 1.431e+05
1.768e-01 1.487e+05
1.818e-01 1.391e+05
1.992e-01 1.264e+05
2.119e-01 1.112e+05
1.740e-01 1.509e+05
1.773e-01 1.431e+05
1.789e-01 1.483e+05
1.747e-01 1.478e+05
1.768e-01 1.487e+05
1.813e-01 1.453e+05
1.774e-01 1.441e+05
1.726e-01 1.562e+05
1.698e-01 1.566e+05
1.753e-01 1.532e+05
1.774e-01 1.440e+05
1.698e-01 1.572e+05
1.821e-01 1.462e+05
1.845e-01 1.413e+05
1.726e-01 1.555e+05
1.791e-01 1.485e+05
1.703e-01 1.565e+05
2.152e-01 1.220e+05
1.720e-01 1.497e+05
1.742e-01 1.439e+05
1.907e-01 1.417e+05
1.837e-01 1.374e+05
1.891e-01 1.429e+05
1.800e-01 1.447e+05
1.743e-01 1.474e+05
1.779e-01 1.493e+05
1.694e-01 1.495e+05
1.816e-01 1.418e+05
1.776e-01 1.473e+05
1.717e-01 1.525e+05
1.698e-01 1.562e+05
1.890e-01 1.406e+05
1.763e-01 1.512e+05
1.854e-01 1.380e+05
1.785e-01 1.460e+05
1.798e-01 1.443e+05
1.795e-01 1.414e+05
1.815e-01 1.495e+05
1.733e-01 1.545e+05
1.784e-01 1.448e+05
1.766e-01 1.473e+05
1.789e-01 1.454e+05
1.734e-01 1.492e+05
1.836e-01 1.279e+05
1.923e-01 1.412e+05
2.344e-01 8.628e+04
1.832e-01 1.368e+05
1.834e-01 1.366e+05
1.812e-01 1.500e+05
1.795e-01 1.464e+05
1.852e-01 1.417e+05
1.752e-01 1.494e+05
1.740e-01 1.486e+05
1.807e-01 1.301e+05
1.698e-01 1.512e+05
1.724e-01 1.544e+05
1.733e-01 1.490e+05
1.747e-01 1.458e+05
1.770e-01 1.510e+05
1.734e-01 1.547e+05
1.788e-01 1.386e+05
1.718e-01 1.529e+05
2.506e-01 9.000e+04
1.768e-01 1.525e+05
1.946e-01 1.214e+05
1.800e-01 1.428e+05
1.753e-01 1.482e+05
2.242e-01 1.184e+05
1.732e-01 1.550e+05
1.745e-01 1.468e+05
1.782e-01 1.468e+05
1.843e-01 1.390e+05
1.714e-01 1.534e+05
1.773e-01 1.453e+05
1.734e-01 1.505e+05
2.471e-01 8.629e+04
1.768e-01 1.454e+05
1.848e-01 1.432e+05
1.840e-01 1.323e+05
1.772e-01 1.499e+05
1.697e-01 1.538e+05
1.844e-01 1.438e+05
1.789e-01 1.462e+05
2.262e-01 1.052e+05
1.782e-01 1.469e+05
1.932e-01 1.404e+05
1.709e-01 1.445e+05
1.805e-01 1.482e+05
2.388e-01 9.495e+04
1.793e-01 1.349e+05
1.750e-01 1.481e+05
1.833e-01 1.435e+05
1.799e-01 1.464e+05
1.692e-01 1.543e+05
1.712e-01 1.502e+05
1.761e-01 1.479e+05
1.801e-01 1.487e+05
1.767e-01 1.444e+05
1.834e-01 1.476e+05
2.432e-01 9.462e+04
1.732e-01 1.466e+05
1.818e-01 1.439e+05
1.798e-01 1.467e+05
1.778e-01 1.511e+05
1.842e-01 1.388e+05
2.269e-01 1.025e+05
1.787e-01 1.432e+05
1.813e-01 1.495e+05
1.783e-01 1.527e+05
1.713e-01 1.491e+05
1.789e-01 1.482e+05
1.774e-01 1.451e+05
1.716e-01 1.469e+05
1.723e-01 1.539e+05
1.976e-01 1.164e+05
1.852e-01 1.386e+05
1.765e-01 1.432e+05
1.677e-01 1.540e+05
1.765e-01 1.488e+05
1.804e-01 1.483e+05
1.696e-01 1.562e+05
1.834e-01 1.440e+05
1.869e-01 1.425e+05
1.776e-01 1.454e+05
1.729e-01 1.489e+05
1.734e-01 1.492e+05
1.758e-01 1.494e+05
1.690e-01 1.573e+05
1.780e-01 1.507e+05
1.929e-01 1.279e+05
2.102e-01 1.252e+05
2.012e-01 1.251e+05
2.449e-01 7.544e+04
1.752e-01 1.472e+05
1.781e-01 1.508e+05
1.809e-01 1.493e+05
1.704e-01 1.468e+05
2.456e-01 1.004e+05
1.862e-01 1.344e+05
1.768e-01 1.473e+05
2.129e-01 1.191e+05
1.780e-01 1.400e+05
1.708e-01 1.554e+05
2.545e-01 9.566e+04
1.764e-01 1.516e+05
2.218e-01 1.179e+05
1.746e-01 1.493e+05
1.689e-01 1.569e+05
1.716e-01 1.552e+05
1.768e-01 1.445e+05
1.723e-01 1.516e+05
1.770e-01 1.510e+05
1.840e-01 1.428e+05
1.767e-01 1.500e+05
2.086e-01 1.290e+05
1.731e-01 1.500e+05
2.250e-01 1.092e+05
1.771e-01 1.516e+05
1.842e-01 1.396e+05
1.802e-01 1.428e+05
1.803e-01 1.409e+05
1.713e-01 1.506e+05
1.784e-01 1.520e+05
1.780e-01 1.347e+05
1.732e-01 1.558e+05
1.790e-01 1.465e+05
1.737e-01 1.460e+05
1.784e-01 1.499e+05
1.776e-01 1.442e+05
1.874e-01 1.319e+05
2.134e-01 1.166e+05
1.912e-01 1.178e+05
1.805e-01 1.444e+05
1.733e-01 1.481e+05
1.763e-01 1.469e+05
1.787e-01 1.454e+05
1.777e-01 1.448e+05
1.766e-01 1.446e+05
1.766e-01 1.515e+05
1.762e-01 1.484e+05
1.776e-01 1.456e+05
1.843e-01 1.416e+05
1.804e-01 1.429e+05
1.764e-01 1.465e+05
2.063e-01 1.193e+05
1.783e-01 1.448e+05
1.780e-01 1.476e+05
1.764e-01 1.523e+05
1.695e-01 1.518e+05
1.765e-01 1.433e+05
2.472e-01 8.252e+04
1.720e-01 1.516e+05
1.757e-01 1.532e+05
1.846e-01 1.380e+05
1.747e-01 1.494e+05
1.735e-01 1.518e+05
1.872e-01 1.433e+05
1.726e-01 1.457e+05
1.851e-01 1.359e+05
1.911e-01 1.183e+05
1.853e-01 1.444e+05
1.953e-01 1.147e+05
1.827e-01 1.427e+05
1.811e-01 1.409e+05
2.057e-01 1.202e+05
1.751e-01 1.474e+05
1.738e-01 1.487e+05
1.863e-01 1.404e+05
1.753e-01 1.508e+05
1.772e-01 1.471e+05
1.733e-01 1.518e+05
1.729e-01 1.485e+05
1.751e-01 1.487e+05
1.923e-01 1.362e+05
1.903e-01 1.343e+05
1.749e-01 1.494e+05
1.771e-01 1.493e+05
1.992e-01 1.340e+05
1.780e-01 1.467e+05
1.679e-01 1.528e+05
1.753e-01 1.478e+05
1.762e-01 1.442e+05
1.779e-01 1.441e+05
2.175e-01 1.055e+05
1.981e-01 1.333e+05
1.766e-01 1.432e+05
1.830e-01 1.461e+05
1.773e-01 1.514e+05
1.730e-01 1.407e+05
1.825e-01 1.418e+05
1.809e-01 1.462e+05
1.813e-01 1.417e+05
1.716e-01 1.461e+05
1.795e-01 1.421e+05
2.019e-01 1.227e+05
1.830e-01 1.433e+05
1.800e-01 1.407e+05
1.738e-01 1.458e+05
1.736e-01 1.469e+05
1.800e-01 1.471e+05
1.693e-01 1.547e+05
1.726e-01 1.548e+05
1.815e-01 1.288e+05
1.859e-01 1.397e+05
1.721e-01 1.530e+05
1.802e-01 1.443e+05
1.755e-01 1.451e+05
1.777e-01 1.469e+05
1.738e-01 1.520e+05
1.680e-01 1.532e+05
1.713e-01 1.456e+05
1.799e-01 1.463e+05
1.770e-01 1.433e+05
1.903e-01 1.328e+05
1.856e-01 1.368e+05
1.766e-01 1.503e+05
1.742e-01 1.480e+05
1.882e-01 1.303e+05
1.805e-01 1.450e+05
1.790e-01 1.471e+05
2.082e-01 1.107e+05
1.685e-01 1.544e+05
1.796e-01 1.456e+05
2.439e-01 8.573e+04
2.380e-01 9.258e+04
1.815e-01 1.443e+05
1.773e-01 1.465e+05
1.754e-01 1.545e+05
1.734e-01 1.473e+05
1.749e-01 1.495e+05
1.900e-01 1.380e+05
1.984e-01 1.135e+05
2.040e-01 1.281e+05
1.773e-01 1.485e+05
1.728e-01 1.560e+05
1.735e-01 1.474e+05
1.773e-01 1.479e+05
1.874e-01 1.381e+05
1.787e-01 1.463e+05
1.795e-01 1.419e+05
1.908e-01 1.336e+05
1.768e-01 1.437e+05
1.831e-01 1.374e+05
1.875e-01 1.389e+05
1.848e-01 1.432e+05
1.715e-01 1.560e+05
2.185e-01 9.837e+04
1.885e-01 1.393e+05
1.773e-01 1.511e+05
1.824e-01 1.432e+05
1.854e-01 1.259e+05
1.694e-01 1.517e+05
1.824e-01 1.396e+05
1.825e-01 1.474e+05
2.125e-01 1.046e+05
1.750e-01 1.496e+05
1.785e-01 1.427e+05
1.869e-01 1.414e+05
2.067e-01 1.179e+05
1.744e-01 1.460e+05
1.702e-01 1.462e+05
1.758e-01 1.461e+05
1.977e-01 1.260e+05
2.346e-01 8.574e+04
1.786e-01 1.468e+05
1.946e-01 1.243e+05
1.944e-01 1.219e+05
1.760e-01 1.424e+05
2.111e-01 1.260e+05
1.948e-01 1.359e+05
1.849e-01 1.461e+05
1.742e-01 1.410e+05
2.031e-01 1.276e+05
1.753e-01 1.501e+05
1.810e-01 1.334e+05
2.079e-01 1.284e+05
1.786e-01 1.455e+05
2.052e-01 1.315e+05
2.508e-01 8.992e+04
1.923e-01 1.404e+05
1.878e-01 1.453e+05
1.744e-01 1.505e+05
1.770e-01 1.530e+05
1.789e-01 1.475e+05
1.802e-01 1.474e+05
1.742e-01 1.516e+05
1.819e-01 1.430e+05
1.770e-01 1.448e+05
2.568e-01 7.925e+04
1.761e-01 1.473e+05
1.729e-01 1.487e+05
1.940e-01 1.128e+05
1.744e-01 1.490e+05
1.707e-01 1.534e+05
2.117e-01 1.159e+05
1.743e-01 1.479e+05
1.804e-01 1.511e+05
1.783e-01 1.465e+05
1.855e-01 1.415e+05
1.806e-01 1.434e+05
1.756e-01 1.482e+05
2.141e-01 1.006e+05
2.592e-01 7.619e+04
1.810e-01 1.473e+05
1.682e-01 1.557e+05
1.821e-01 1.420e+05
1.721e-01 1.538e+05
1.774e-01 1.514e+05
1.805e-01 1.435e+05
1.766e-01 1.507e+05
1.843e-01 1.441e+05
1.717e-01 1.472e+05
1.747e-01 1.474e+05
1.948e-01 1.266e+05
1.844e-01 1.470e+05
1.762e-01 1.456e+05
1.816e-01 1.464e+05
1.771e-01 1.472e+05
1.731e-01 1.507e+05
1.921e-01 1.338e+05
1.812e-01 1.405e+05
2.395e-01 1.005e+05
1.715e-01 1.562e+05
1.798e-01 1.444e+05
2.206e-01 1.101e+05
1.707e-01 1.486e+05
1.712e-01 1.488e+05
1.765e-01 1.488e+05
2.412e-01 7.718e+04
1.832e-01 1.401e+05
1.728e-01 1.468e+05
1.761e-01 1.384e+05
1.742e-01 1.438e+05
1.816e-01 1.417e+05
2.464e-01 9.580e+04
2.289e-01 1.014e+05
1.728e-01 1.561e+05
1.785e-01 1.490e+05
1.781e-01 1.516e+05
1.796e-01 1.395e+05
1.753e-01 1.449e+05
1.835e-01 1.489e+05
1.797e-01 1.463e+05
1.804e-01 1.428e+05
1.926e-01 1.346e+05
1.736e-01 1.553e+05
1.844e-01 1.452e+05
1.749e-01 1.458e+05
1.776e-01 1.528e+05
1.922e-01 1.364e+05
1.773e-01 1.468e+05
1.776e-01 1.528e+05
1.785e-01 1.475e+05
1.873e-01 1.393e+05
1.801e-01 1.431e+05
1.742e-01 1.479e+05
1.742e-01 1.463e+05
1.714e-01 1.564e+05
1.788e-01 1.462e+05
1.764e-01 1.482e+05
1.849e-01 1.411e+05
1.766e-01 1.478e+05
2.308e-01 1.086e+05
1.736e-01 1.536e+05
1.877e-01 1.165e+05
1.880e-01 1.443e+05
1.889e-01 1.406e+05
2.319e-01 1.076e+05
1.814e-01 1.461e+05
2.360e-01 9.580e+04
1.725e-01 1.476e+05
1.704e-01 1.525e+05
1.718e-01 1.482e+05
1.699e-01 1.522e+05
1.895e-01 1.257e+05
1.803e-01 1.429e+05
1.769e-01 1.407e+05
1.841e-01 1.465e+05
1.810e-01 1.431e+05
1.788e-01 1.458e+05
1.679e-01 1.528e+05
2.200e-01 1.188e+05
1.784e-01 1.471e+05
1.793e-01 1.403e+05
1.801e-01 1.461e+05
1.739e-01 1.469e+05
1.699e-01 1.475e+05
1.790e-01 1.431e+05
1.901e-01 1.330e+05
1.718e-01 1.532e+05
1.775e-01 1.489e+05
1.793e-01 1.466e+05
1.722e-01 1.493e+05
1.749e-01 1.518e+05
1.813e-01 1.466e+05
1.820e-01 1.471e+05
1.721e-01 1.480e+05
1.785e-01 1.487e+05
1.722e-01 1.548e+05
1.805e-01 1.480e+05
1.711e-01 1.532e+05
1.807e-01 1.417e+05
1.882e-01 1.359e+05
1.787e-01 1.476e+05
1.795e-01 1.461e+05
2.147e-01 1.152e+05
1.752e-01 1.460e+05
1.697e-01 1.571e+05
1.747e-01 1.480e+05
1.816e-01 1.394e+05
1.910e-01 1.176e+05
2.005e-01 1.346e+05
1.781e-01 1.485e+05
2.378e-01 1.039e+05
1.916e-01 1.274e+05
1.695e-01 1.520e+05
1.744e-01 1.446e+05
1.756e-01 1.504e+05
1.934e-01 1.295e+05
1.686e-01 1.554e+05
1.800e-01 1.444e+05
1.841e-01 1.386e+05
1.727e-01 1.489e+05
1.800e-01 1.491e+05
1.893e-01 1.378e+05
1.753e-01 1.441e+05
1.748e-01 1.508e+05
2.350e-01 9.557e+04
1.791e-01 1.485e+05
1.930e-01 1.357e+05
1.756e-01 1.522e+05
1.856e-01 1.424e+05
1.771e-01 1.437e+05
1.770e-01 1.502e+05
2.041e-01 1.137e+05
1.799e-01 1.411e+05
1.750e-01 1.486e+05
1.824e-01 1.433e+05
1.794e-01 1.435e+05
2.393e-01 9.713e+04
1.992e-01 1.358e+05
1.803e-01 1.437e+05
1.870e-01 1.370e+05
2.191e-01 9.994e+04
1.778e-01 1.486e+05
2.510e-01 8.381e+04
1.724e-01 1.506e+05
2.163e-01 1.159e+05
1.739e-01 1.506e+05
1.736e-01 1.496e+05
2.413e-01 9.106e+04
1.851e-01 1.447e+05
1.715e-01 1.549e+05
2.184e-01 1.212e+05
1.804e-01 1.426e+05
1.756e-01 1.466e+05
1.690e-01 1.514e+05
1.802e-01 1.430e+05
1.781e-01 1.496e+05
1.755e-01 1.469e+05
1.760e-01 1.468e+05
1.736e-01 1.510e+05
1.907e-01 1.259e+05
1.707e-01 1.540e+05
1.734e-01 1.538e+05
1.802e-01 1.444e+05
1.739e-01 1.501e+05
1.790e-01 1.415e+05
1.757e-01 1.497e+05
1.792e-01 1.474e+05
1.824e-01 1.478e+05
1.791e-01 1.458e+05
1.822e-01 1.446e+05
1.766e-01 1.479e+05
1.764e-01 1.517e+05
1.831e-01 1.418e+05
1.850e-01 1.431e+05
1.745e-01 1.465e+05
1.710e-01 1.517e+05
1.875e-01 1.365e+05
1.743e-01 1.456e+05
1.753e-01 1.497e+05
2.388e-01 8.273e+04
1.830e-01 1.340e+05
1.813e-01 1.371e+05
1.740e-01 1.484e+05
1.697e-01 1.553e+05
1.753e-01 1.499e+05
2.507e-01 7.362e+04
1.803e-01 1.490e+05
1.844e-01 1.431e+05
1.792e-01 1.345e+05
1.802e-01 1.440e+05
1.854e-01 1.395e+05
2.324e-01 1.031e+05
2.521e-01 7.663e+04
1.722e-01 1.445e+05
1.807e-01 1.329e+05
1.839e-01 1.399e+05
1.843e-01 1.446e+05
1.823e-01 1.482e+05
1.829e-01 1.405e+05
1.853e-01 1.421e+05
1.748e-01 1.529e+05
1.791e-01 1.464e+05
1.767e-01 1.458e+05
1.805e-01 1.445e+05
1.730e-01 1.532e+05
1.789e-01 1.516e+05
1.773e-01 1.498e+05
2.202e-01 9.937e+04
1.778e-01 1.458e+05
2.121e-01 1.117e+05
1.701e-01 1.472e+05
1.765e-01 1.467e+05
1.726e-01 1.536e+05
1.896e-01 1.318e+05
1.766e-01 1.461e+05
1.801e-01 1.465e+05
1.735e-01 1.451e+05
1.801e-01 1.424e+05
2.231e-01 1.046e+05
1.733e-01 1.461e+05
1.783e-01 1.504e+05
1.709e-01 1.505e+05
1.711e-01 1.474e+05
1.848e-01 1.420e+05
1.707e-01 1.505e+05
1.955e-01 1.309e+05
2.329e-01 8.796e+04
2.268e-01 1.074e+05
1.823e-01 1.416e+05
1.820e-01 1.419e+05
1.762e-01 1.497e+05
1.895e-01 1.366e+05
1.770e-01 1.469e+05
1.704e-01 1.553e+05
1.762e-01 1.478e+05
1.794e-01 1.465e+05
1.788e-01 1.470e+05
1.803e-01 1.440e+05
1.824e-01 1.385e+05
1.753e-01 1.489e+05
1.799e-01 1.473e+05
1.735e-01 1.494e+05
2.166e-01 1.148e+05
2.221e-01 1.160e+05
1.770e-01 1.441e+05
1.680e-01 1.518e+05
1.708e-01 1.560e+05
1.881e-01 1.398e+05
2.048e-01 1.137e+05
1.799e-01 1.475e+05
1.835e-01 1.481e+05
1.748e-01 1.477e+05
1.840e-01 1.451e+05
1.965e-01 1.321e+05
1.761e-01 1.503e+05
1.729e-01 1.494e+05
1.773e-01 1.504e+05
1.732e-01 1.487e+05
1.737e-01 1.476e+05
1.806e-01 1.432e+05
2.567e-01 8.279e+04
1.820e-01 1.463e+05
1.765e-01 1.504e+05
2.287e-01 1.127e+05
2.144e-01 1.188e+05
1.757e-01 1.507e+05
1.804e-01 1.452e+05
1.751e-01 1.523e+05
1.763e-01 1.491e+05
1.751e-01 1.458e+05
1.715e-01 1.491e+05
2.307e-01 8.598e+04
1.719e-01 1.479e+05
1.774e-01 1.524e+05
1.716e-01 1.476e+05
1.858e-01 1.418e+05
1.864e-01 1.374e+05
1.852e-01 1.427e+05
1.726e-01 1.522e+05
1.897e-01 1.309e+05
1.860e-01 1.427e+05
1.782e-01 1.424e+05
1.790e-01 1.445e+05
1.987e-01 1.180e+05
1.913e-01 1.368e+05
1.766e-01 1.478e+05
1.780e-01 1.461e+05
1.687e-01 1.502e+05
2.546e-01 8.007e+04
1.719e-01 1.556e+05
1.760e-01 1.464e+05
1.771e-01 1.390e+05
1.935e-01 1.311e+05
1.812e-01 1.445e+05
1.790e-01 1.460e+05
1.801e-01 1.408e+05
1.832e-01 1.433e+05
1.839e-01 1.423e+05
2.152e-01 1.050e+05
1.859e-01 1.463e+05
2.077e-01 1.213e+05
1.714e-01 1.511e+05
1.827e-01 1.476e+05
1.747e-01 1.485e+05
1.714e-01 1.514e+05
1.830e-01 1.439e+05
1.729e-01 1.460e+05
2.397e-01 8.139e+04
1.793e-01 1.445e+05
1.886e-01 1.393e+05
1.711e-01 1.497e+05
1.870e-01 1.375e+05
1.820e-01 1.472e+05
1.833e-01 1.283e+05
2.383e-01 9.489e+04
1.737e-01 1.534e+05
1.699e-01 1.496e+05
1.791e-01 1.521e+05
1.777e-01 1.460e+05
2.144e-01 1.160e+05
2.492e-01 7.740e+04
1.843e-01 1.394e+05
1.810e-01 1.414e+05
2.035e-01 1.128e+05
1.789e-01 1.520e+05
1.770e-01 1.460e+05
1.782e-01 1.519e+05
1.818e-01 1.439e+05
1.792e-01 1.445e+05
1.790e-01 1.468e+05
1.740e-01 1.491e+05
1.710e-01 1.537e+05
1.834e-01 1.483e+05
1.979e-01 1.221e+05
2.479e-01 8.523e+04
1.735e-01 1.533e+05
1.703e-01 1.501e+05
1.866e-01 1.287e+05
1.890e-01 1.421e+05
1.740e-01 1.424e+05
2.006e-01 1.219e+05
1.797e-01 1.429e+05
2.089e-01 1.263e+05
1.809e-01 1.445e+05
1.762e-01 1.446e+05
1.793e-01 1.468e+05
1.692e-01 1.524e+05
1.980e-01 1.190e+05
1.849e-01 1.466e+05
1.741e-01 1.500e+05
1.957e-01 1.301e+05
1.756e-01 1.491e+05
1.753e-01 1.541e+05
2.273e-01 1.046e+05
1.837e-01 1.387e+05
1.726e-01 1.479e+05
1.819e-01 1.428e+05
1.810e-01 1.468e+05
2.194e-01 1.105e+05
1.946e-01 1.390e+05
1.711e-01 1.481e+05
1.735e-01 1.491e+05
1.772e-01 1.504e+05
1.718e-01 1.469e+05
1.786e-01 1.443e+05
1.853e-01 1.452e+05
1.895e-01 1.394e+05
1.721e-01 1.551e+05
1.765e-01 1.423e+05
1.724e-01 1.503e+05
2.438e-01 8.964e+04
1.754e-01 1.481e+05
1.812e-01 1.412e+05
1.778e-01 1.501e+05
1.780e-01 1.481e+05
1.810e-01 1.428e+05
1.695e-01 1.524e+05
1.717e-01 1.546e+05
2.125e-01 1.273e+05
1.728e-01 1.438e+05
1.817e-01 1.498e+05
1.763e-01 1.472e+05
1.741e-01 1.518e+05
2.226e-01 1.042e+05
1.779e-01 1.481e+05
2.380e-01 9.874e+04
1.722e-01 1.490e+05
1.782e-01 1.506e+05
1.813e-01 1.401e+05
1.749e-01 1.470e+05
1.863e-01 1.469e+05
1.743e-01 1.447e+05
1.751e-01 1.497e+05
1.943e-01 1.302e+05
1.797e-01 1.439e+05
1.853e-01 1.376e+05
1.758e-01 1.472e+05
2.128e-01 1.035e+05
1.764e-01 1.474e+05
1.775e-01 1.473e+05
1.843e-01 1.483e+05
1.948e-01 1.327e+05
1.773e-01 1.383e+05
1.789e-01 1.476e+05
1.788e-01 1.453e+05
1.754e-01 1.467e+05
1.758e-01 1.465e+05
1.761e-01 1.481e+05
1.728e-01 1.496e+05
1.748e-01 1.472e+05
1.858e-01 1.382e+05
1.801e-01 1.423e+05
2.116e-01 1.247e+05
1.806e-01 1.451e+05
1.734e-01 1.510e+05
1.961e-01 1.384e+05
1.775e-01 1.456e+05
1.746e-01 1.467e+05
1.829e-01 1.389e+05
2.059e-01 1.255e+05
1.865e-01 1.393e+05
1.799e-01 1.434e+05
2.118e-01 1.120e+05
1.811e-01 1.459e+05
2.318e-01 1.005e+05
1.780e-01 1.480e+05
1.787e-01 1.513e+05
1.720e-01 1.488e+05
1.863e-01 1.383e+05
1.840e-01 1.413e+05
1.791e-01 1.443e+05
1.749e-01 1.493e+05
2.400e-01 1.022e+05
1.873e-01 1.384e+05
1.730e-01 1.504e+05
1.833e-01 1.450e+05
1.755e-01 1.418e+05
2.461e-01 7.804e+04
1.833e-01 1.417e+05
1.841e-01 1.414e+05
1.758e-01 1.498e+05
1.704e-01 1.486e+05
1.811e-01 1.431e+05
1.896e-01 1.397e+05
1.834e-01 1.422e+05
1.792e-01 1.455e+05
1.797e-01 1.493e+05
1.676e-01 1.555e+05
1.783e-01 1.470e+05
1.816e-01 1.465e+05
1.876e-01 1.301e+05
1.775e-01 1.403e+05
1.707e-01 1.450e+05
1.776e-01 1.494e+05
1.833e-01 1.377e+05
1.999e-01 1.144e+05
2.349e-01 1.031e+05
2.130e-01 1.244e+05
1.797e-01 1.484e+05
1.727e-01 1.552e+05
1.698e-01 1.565e+05
1.738e-01 1.547e+05
1.793e-01 1.448e+05
1.674e-01 1.542e+05
1.763e-01 1.491e+05
1.897e-01 1.357e+05
1.978e-01 1.288e+05
1.725e-01 1.547e+05
2.161e-01 1.088e+05
1.792e-01 1.506e+05
1.735e-01 1.438e+05
1.813e-01 1.399e+05
1.711e-01 1.492e+05
1.752e-01 1.502e+05
1.747e-01 1.536e+05
1.793e-01 1.457e+05
1.757e-01 1.492e+05
1.686e-01 1.527e+05
2.356e-01 9.475e+04
1.726e-01 1.544e+05
1.785e-01 1.521e+05
1.726e-01 1.485e+05
1.843e-01 1.419e+05
1.790e-01 1.457e+05
1.728e-01 1.488e+05
1.821e-01 1.419e+05
1.814e-01 1.422e+05
1.799e-01 1.457e+05
1.856e-01 1.396e+05
1.739e-01 1.463e+05
1.747e-01 1.432e+05
1.862e-01 1.413e+05
1.739e-01 1.479e+05
1.805e-01 1.465e+05
1.778e-01 1.404e+05
1.791e-01 1.462e+05
1.776e-01 1.467e+05
1.717e-01 1.498e+05
1.779e-01 1.470e+05
1.849e-01 1.410e+05
2.038e-01 1.138e+05
1.931e-01 1.303e+05
1.765e-01 1.463e+05
1.958e-01 1.363e+05
1.786e-01 1.482e+05
1.844e-01 1.437e+05
1.817e-01 1.422e+05
1.698e-01 1.506e+05
1.821e-01 1.452e+05
2.608e-01 8.480e+04
1.830e-01 1.441e+05
1.894e-01 1.317e+05
1.774e-01 1.468e+05
1.764e-01 1.464e+05
1.821e-01 1.436e+05
1.785e-01 1.457e+05
1.825e-01 1.436e+05
1.712e-01 1.516e+05
1.834e-01 1.423e+05
1.729e-01 1.490e+05
2.592e-01 8.161e+04
1.720e-01 1.558e+05
2.196e-01 9.789e+04
1.735e-01 1.500e+05
1.786e-01 1.482e+05
1.743e-01 1.463e+05
1.748e-01 1.475e+05
1.755e-01 1.492e+05
1.748e-01 1.536e+05
1.745e-01 1.529e+05
1.707e-01 1.464e+05
1.727e-01 1.508e+05
1.713e-01 1.556e+05
1.770e-01 1.420e+05
1.775e-01 1.496e+05
1.870e-01 1.402e+05
1.816e-01 1.416e+05
1.811e-01 1.411e+05
1.728e-01 1.516e+05
1.721e-01 1.553e+05
1.694e-01 1.532e+05
1.833e-01 1.412e+05
2.253e-01 1.162e+05
1.763e-01 1.514e+05
1.730e-01 1.483e+05
1.808e-01 1.460e+05
1.796e-01 1.505e+05
1.799e-01 1.456e+05
1.859e-01 1.364e+05
1.855e-01 1.451e+05
1.751e-01 1.485e+05
1.796e-01 1.497e+05
1.683e-01 1.517e+05
1.803e-01 1.425e+05
1.831e-01 1.462e+05
1.879e-01 1.404e+05
1.834e-01 1.379e+05
1.758e-01 1.455e+05
1.781e-01 1.484e+05
1.791e-01 1.433e+05
2.497e-01 9.371e+04
1.740e-01 1.420e+05
2.200e-01 1.035e+05
2.218e-01 9.526e+04
1.744e-01 1.501e+05
1.858e-01 1.422e+05
1.878e-01 1.452e+05
1.735e-01 1.492e+05
1.705e-01 1.554e+05
2.008e-01 1.283e+05
1.828e-01 1.394e+05
2.619e-01 8.404e+04
1.915e-01 1.304e+05
1.786e-01 1.434e+05
1.822e-01 1.432e+05
1.801e-01 1.438e+05
2.387e-01 9.681e+04
1.815e-01 1.374e+05
1.724e-01 1.513e+05
1.817e-01 1.430e+05
1.773e-01 1.446e+05
1.795e-01 1.420e+05
1.821e-01 1.429e+05
1.898e-01 1.419e+05
2.161e-01 1.068e+05
2.137e-01 1.185e+05
1.771e-01 1.449e+05
1.795e-01 1.472e+05
1.791e-01 1.471e+05
1.784e-01 1.520e+05
1.852e-01 1.377e+05
1.821e-01 1.397e+05
1.790e-01 1.476e+05
2.590e-01 8.151e+04
1.803e-01 1.469e+05
1.713e-01 1.519e+05
1.776e-01 1.495e+05
1.821e-01 1.370e+05
1.832e-01 1.369e+05
1.781e-01 1.469e+05
1.934e-01 1.262e+05
1.802e-01 1.432e+05
1.699e-01 1.519e+05
1.736e-01 1.432e+05
1.779e-01 1.465e+05
1.856e-01 1.207e+05
1.773e-01 1.436e+05
1.717e-01 1.537e+05
1.683e-01 1.538e+05
1.895e-01 1.303e+05
1.804e-01 1.461e+05
1.902e-01 1.283e+05
1.857e-01 1.385e+05
1.734e-01 1.440e+05
1.797e-01 1.463e+05
1.795e-01 1.488e+05
1.891e-01 1.389e+05
2.245e-01 1.120e+05
1.937e-01 1.256e+05
1.761e-01 1.458e+05
1.773e-01 1.521e+05
1.694e-01 1.518e+05
1.708e-01 1.550e+05
1.760e-01 1.519e+05
1.732e-01 1.416e+05
1.765e-01 1.509e+05
2.246e-01 9.764e+04
1.785e-01 1.508e+05
2.058e-01 1.250e+05
2.028e-01 1.176e+05
1.766e-01 1.409e+05
1.814e-01 1.428e+05
1.901e-01 1.368e+05
1.834e-01 1.303e+05
1.812e-01 1.398e+05
1.722e-01 1.509e+05
1.751e-01 1.509e+05
2.115e-01 1.271e+05
1.821e-01 1.450e+05
1.814e-01 1.445e+05
1.838e-01 1.373e+05
1.721e-01 1.531e+05
1.805e-01 1.400e+05
2.320e-01 9.441e+04
1.745e-01 1.492e+05
1.834e-01 1.358e+05
1.787e-01 1.440e+05
1.836e-01 1.419e+05
1.747e-01 1.479e+05
1.799e-01 1.378e+05
1.817e-01 1.461e+05
2.293e-01 1.131e+05
1.731e-01 1.502e+05
1.874e-01 1.347e+05
1.760e-01 1.454e+05
1.823e-01 1.459e+05
1.721e-01 1.499e+05
1.713e-01 1.527e+05
1.757e-01 1.481e+05
1.796e-01 1.482e+05
1.801e-01 1.460e+05
1.742e-01 1.544e+05
1.743e-01 1.503e+05
2.176e-01 9.436e+04
2.288e-01 1.114e+05
1.791e-01 1.395e+05
1.793e-01 1.451e+05
1.692e-01 1.499e+05
1.820e-01 1.489e+05
1.710e-01 1.532e+05
1.741e-01 1.503e+05
1.675e-01 1.548e+05
1.806e-01 1.443e+05
1.772e-01 1.488e+05
1.811e-01 1.445e+05
1.713e-01 1.480e+05
1.735e-01 1.479e+05
1.719e-01 1.486e+05
1.826e-01 1.434e+05
1.790e-01 1.492e+05
1.745e-01 1.466e+05
1.949e-01 1.230e+05
1.720e-01 1.501e+05
1.825e-01 1.420e+05
2.053e-01 1.073e+05
1.708e-01 1.487e+05
1.772e-01 1.447e+05
2.125e-01 1.056e+05
1.792e-01 1.362e+05
1.774e-01 1.491e+05
1.824e-01 1.443e+05
1.689e-01 1.504e+05
1.885e-01 1.276e+05
1.747e-01 1.503e+05
1.830e-01 1.486e+05
1.779e-01 1.504e+05
2.032e-01 1.302e+05
1.848e-01 1.431e+05
2.449e-01 9.866e+04
1.773e-01 1.462e+05
1.691e-01 1.569e+05
2.301e-01 1.011e+05
1.724e-01 1.446e+05
1.715e-01 1.551e+05
1.758e-01 1.500e+05
1.753e-01 1.472e+05
2.286e-01 1.067e+05
1.766e-01 1.487e+05
1.801e-01 1.471e+05
1.789e-01 1.472e+05
1.681e-01 1.538e+05
1.786e-01 1.478e+05
1.752e-01 1.508e+05
1.824e-01 1.486e+05
1.775e-01 1.482e+05
1.721e-01 1.507e+05
1.854e-01 1.357e+05
1.692e-01 1.519e+05
1.865e-01 1.463e+05
2.133e-01 1.090e+05
2.128e-01 1.266e+05
1.711e-01 1.519e+05
1.836e-01 1.362e+05
1.871e-01 1.346e+05
1.707e-01 1.488e+05
1.730e-01 1.457e+05
1.962e-01 1.234e+05
1.774e-01 1.482e+05
1.701e-01 1.527e+05
1.937e-01 1.243e+05
1.856e-01 1.377e+05
1.787e-01 1.475e+05
1.801e-01 1.436e+05
1.967e-01 1.160e+05
1.724e-01 1.431e+05
1.848e-01 1.456e+05
1.850e-01 1.466e+05
1.735e-01 1.477e+05
1.798e-01 1.441e+05
1.835e-01 1.452e+05
1.772e-01 1.469e+05
1.806e-01 1.432e+05
1.746e-01 1.517e+05
2.214e-01 1.121e+05
1.748e-01 1.463e+05
1.814e-01 1.429e+05
2.512e-01 8.255e+04
1.770e-01 1.491e+05
1.829e-01 1.446e+05
2.031e-01 1.210e+05
1.704e-01 1.487e+05
1.716e-01 1.441e+05
1.777e-01 1.465e+05
1.887e-01 1.446e+05
2.661e-01 8.451e+04
1.750e-01 1.465e+05
1.718e-01 1.511e+05
1.753e-01 1.444e+05
1.772e-01 1.519e+05
1.680e-01 1.516e+05
2.165e-01 1.125e+05
2.864e-01 7.717e+04
2.028e-01 1.230e+05
1.825e-01 1.459e+05
1.754e-01 1.423e+05
1.708e-01 1.476e+05
1.692e-01 1.503e+05
1.723e-01 1.514e+05
1.768e-01 1.494e+05
1.984e-01 1.252e+05
1.831e-01 1.426e+05
1.776e-01 1.476e+05
1.902e-01 1.247e+05
1.753e-01 1.494e+05
1.777e-01 1.460e+05
1.853e-01 1.406e+05
1.817e-01 1.408e+05
1.716e-01 1.514e+05
1.811e-01 1.435e+05
1.756e-01 1.460e+05
1.718e-01 1.496e+05
2.257e-01 1.025e+05
1.777e-01 1.519e+05
1.818e-01 1.386e+05
1.769e-01 1.461e+05
1.828e-01 1.440e+05
1.843e-01 1.408e+05
1.697e-01 1.491e+05
1.727e-01 1.517e+05
1.706e-01 1.483e+05
1.763e-01 1.418e+05
1.799e-01 1.471e+05
1.800e-01 1.467e+05
1.760e-01 1.499e+05
1.848e-01 1.426e+05
1.767e-01 1.474e+05
1.805e-01 1.440e+05
1.758e-01 1.540e+05
1.762e-01 1.468e+05
1.745e-01 1.448e+05
2.097e-01 1.094e+05
1.787e-01 1.376e+05
2.266e-01 8.797e+04
1.881e-01 1.379e+05
2.619e-01 8.332e+04
1.733e-01 1.514e+05
1.725e-01 1.478e+05
1.712e-01 1.526e+05
1.751e-01 1.487e+05
1.687e-01 1.505e+05
1.780e-01 1.433e+05
1.832e-01 1.411e+05
1.739e-01 1.521e+05
1.816e-01 1.465e+05
1.726e-01 1.448e+05
2.011e-01 1.350e+05
1.753e-01 1.450e+05
1.791e-01 1.479e+05
1.780e-01 1.440e+05
1.818e-01 1.460e+05
1.805e-01 1.416e+05
1.699e-01 1.491e+05
1.843e-01 1.460e+05
1.774e-01 1.426e+05
1.753e-01 1.469e+05
2.468e-01 9.745e+04
1.914e-01 1.286e+05
1.756e-01 1.475e+05
1.793e-01 1.365e+05
1.736e-01 1.505e+05
1.760e-01 1.493e+05
2.093e-01 1.088e+05
1.807e-01 1.476e+05
2.082e-01 1.000e+05
2.553e-01 8.301e+04
1.861e-01 1.387e+05
1.711e-01 1.498e+05
1.772e-01 1.479e+05
1.762e-01 1.490e+05
1.868e-01 1.410e+05
1.823e-01 1.398e+05
1.975e-01 1.138e+05
1.741e-01 1.473e+05
1.816e-01 1.385e+05
1.788e-01 1.429e+05
1.763e-01 1.456e+05
1.722e-01 1.488e+05
1.732e-01 1.560e+05
1.821e-01 1.496e+05
1.820e-01 1.270e+05
1.869e-01 1.459e+05
1.822e-01 1.435e+05
2.007e-01 1.213e+05
1.713e-01 1.457e+05
2.326e-01 1.013e+05
1.745e-01 1.508e+05
2.144e-01 1.110e+05
1.754e-01 1.502e+05
1.841e-01 1.476e+05
2.322e-01 8.862e+04
1.783e-01 1.469e+05
1.815e-01 1.400e+05
1.780e-01 1.479e+05
1.818e-01 1.446e+05
1.728e-01 1.476e+05
1.770e-01 1.455e+05
2.457e-01 7.404e+04
1.842e-01 1.384e+05
1.989e-01 1.181e+05
1.795e-01 1.452e+05
1.889e-01 1.375e+05
1.774e-01 1.411e+05
1.791e-01 1.446e+05
1.773e-01 1.416e+05
1.753e-01 1.512e+05
1.862e-01 1.415e+05
1.809e-01 1.429e+05
1.797e-01 1.413e+05
1.735e-01 1.502e+05
1.770e-01 1.484e+05
1.775e-01 1.376e+05
1.759e-01 1.471e+05
1.814e-01 1.466e+05
1.737e-01 1.528e+05
1.787e-01 1.515e+05
1.720e-01 1.449e+05
1.813e-01 1.472e+05
2.246e-01 1.052e+05
1.828e-01 1.381e+05
1.764e-01 1.484e+05
1.736e-01 1.504e+05
1.705e-01 1.516e+05
2.202e-01 1.153e+05
1.898e-01 1.247e+05
1.823e-01 1.416e+05
1.856e-01 1.304e+05
1.800e-01 1.495e+05
1.780e-01 1.496e+05
1.731e-01 1.494e+05
1.705e-01 1.519e+05
1.719e-01 1.487e+05
1.739e-01 1.533e+05
1.881e-01 1.403e+05
1.801e-01 1.491e+05
1.832e-01 1.465e+05
1.706e-01 1.525e+05
1.692e-01 1.558e+05
1.766e-01 1.452e+05
1.771e-01 1.469e+05
1.756e-01 1.521e+05
1.745e-01 1.447e+05
2.315e-01 9.750e+04
1.785e-01 1.433e+05
1.718e-01 1.470e+05
1.980e-01 1.329e+05
1.823e-01 1.428e+05
1.860e-01 1.385e+05
1.780e-01 1.479e+05
2.134e-01 1.165e+05
1.778e-01 1.510e+05
1.717e-01 1.500e+05
1.794e-01 1.451e+05
1.995e-01 1.216e+05
1.803e-01 1.336e+05
1.682e-01 1.534e+05
1.737e-01 1.533e+05
1.797e-01 1.463e+05
2.446e-01 8.059e+04
1.760e-01 1.481e+05
2.528e-01 8.848e+04
1.768e-01 1.464e+05
1.863e-01 1.383e+05
1.810e-01 1.479e+05
1.734e-01 1.465e+05
1.712e-01 1.433e+05
1.861e-01 1.452e+05
1.730e-01 1.556e+05
1.731e-01 1.505e+05
1.746e-01 1.501e+05
1.758e-01 1.476e+05
1.933e-01 1.402e+05
1.775e-01 1.483e+05
1.809e-01 1.457e+05
1.790e-01 1.443e+05
1.762e-01 1.384e+05
1.903e-01 1.396e+05
1.691e-01 1.502e+05
1.849e-01 1.424e+05
1.787e-01 1.465e+05
1.847e-01 1.442e+05
1.830e-01 1.448e+05
2.534e-01 8.281e+04
1.851e-01 1.436e+05
1.784e-01 1.471e+05
1.789e-01 1.490e+05
2.432e-01 8.154e+04
1.688e-01 1.517e+05
1.792e-01 1.468e+05
1.855e-01 1.411e+05
1.842e-01 1.377e+05
1.942e-01 1.315e+05
1.764e-01 1.476e+05
1.793e-01 1.446e+05
1.845e-01 1.393e+05
1.736e-01 1.455e+05
1.786e-01 1.426e+05
1.714e-01 1.551e+05
1.760e-01 1.466e+05
1.760e-01 1.477e+05
2.087e-01 1.188e+05
1.822e-01 1.446e+05
1.920e-01 1.356e+05
1.741e-01 1.500e+05
1.692e-01 1.555e+05
1.755e-01 1.453e+05
1.722e-01 1.548e+05
1.750e-01 1.471e+05
2.460e-01 8.417e+04
1.694e-01 1.546e+05
2.173e-01 1.164e+05
1.851e-01 1.455e+05
1.713e-01 1.515e+05
1.760e-01 1.460e+05
1.778e-01 1.439e+05
1.816e-01 1.427e+05
1.746e-01 1.445e+05
1.833e-01 1.334e+05
1.704e-01 1.522e+05
1.699e-01 1.519e+05
1.725e-01 1.495e+05
1.843e-01 1.467e+05
1.816e-01 1.430e+05
1.766e-01 1.463e+05
1.783e-01 1.469e+05
1.821e-01 1.411e+05
1.948e-01 1.258e+05
1.976e-01 1.289e+05
1.755e-01 1.483e+05
1.775e-01 1.488e+05
1.745e-01 1.493e+05
1.760e-01 1.440e+05
1.711e-01 1.509e+05
1.755e-01 1.489e+05
1.717e-01 1.527e+05
1.778e-01 1.457e+05
1.740e-01 1.489e+05
1.833e-01 1.427e+05
1.900e-01 1.333e+05
1.749e-01 1.486e+05
1.721e-01 1.509e+05
1.820e-01 1.377e+05
1.841e-01 1.429e+05
1.823e-01 1.461e+05
1.928e-01 1.354e+05
1.769e-01 1.505e+05
1.738e-01 1.447e+05
1.822e-01 1.429e+05
1.736e-01 1.533e+05
1.812e-01 1.430e+05
1.873e-01 1.420e+05
2.661e-01 8.876e+04
1.774e-01 1.487e+05
1.825e-01 1.486e+05
1.784e-01 1.484e+05
1.693e-01 1.555e+05
1.792e-01 1.458e+05
1.748e-01 1.485e+05
1.866e-01 1.348e+05
1.723e-01 1.457e+05
1.777e-01 1.440e+05
2.133e-01 1.215e+05
1.791e-01 1.459e+05
1.754e-01 1.439e+05
1.782e-01 1.448e+05
1.861e-01 1.437e+05
1.790e-01 1.464e+05
1.702e-01 1.496e+05
1.751e-01 1.468e+05
1.800e-01 1.483e+05
1.799e-01 1.494e+05
2.346e-01 1.022e+05
1.827e-01 1.408e+05
1.816e-01 1.404e+05
1.815e-01 1.443e+05
1.776e-01 1.421e+05
1.839e-01 1.377e+05
2.442e-01 8.182e+04
2.368e-01 9.012e+04
1.889e-01 1.283e+05
1.805e-01 1.470e+05
1.786e-01 1.442e+05
1.817e-01 1.452e+05
1.718e-01 1.521e+05
1.727e-01 1.454e+05
1.912e-01 1.299e+05
1.761e-01 1.493e+05
1.789e-01 1.383e+05
1.768e-01 1.490e+05
1.826e-01 1.448e+05
1.898e-01 1.436e+05
1.689e-01 1.502e+05
1.697e-01 1.468e+05
1.764e-01 1.469e+05
1.780e-01 1.495e+05
1.731e-01 1.538e+05
1.756e-01 1.485e+05
1.681e-01 1.527e+05
1.828e-01 1.447e+05
1.790e-01 1.412e+05
1.706e-01 1.480e+05
1.704e-01 1.536e+05
1.715e-01 1.445e+05
1.754e-01 1.482e+05
1.741e-01 1.479e+05
1.700e-01 1.479e+05
1.788e-01 1.491e+05
1.785e-01 1.438e+05
1.796e-01 1.486e+05
1.757e-01 1.497e+05
1.937e-01 1.342e+05
1.791e-01 1.422e+05
1.703e-01 1.482e+05
1.740e-01 1.475e+05
1.710e-01 1.565e+05
1.704e-01 1.559e+05
1.762e-01 1.473e+05
1.747e-01 1.456e+05
2.053e-01 1.212e+05
1.729e-01 1.499e+05
1.794e-01 1.440e+05
1.786e-01 1.428e+05
1.849e-01 1.368e+05
2.050e-01 1.312e+05
1.795e-01 1.428e+05
2.166e-01 1.085e+05
1.870e-01 1.408e+05
1.791e-01 1.471e+05
1.710e-01 1.508e+05
1.777e-01 1.443e+05
1.822e-01 1.418e+05
2.248e-01 1.003e+05
2.107e-01 1.070e+05
1.781e-01 1.435e+05
1.820e-01 1.429e+05
1.761e-01 1.459e+05
1.840e-01 1.308e+05
1.762e-01 1.523e+05
1.801e-01 1.446e+05
1.797e-01 1.485e+05
2.485e-01 8.324e+04
1.759e-01 1.501e+05
1.802e-01 1.433e+05
1.756e-01 1.495e+05
1.777e-01 1.486e+05
1.777e-01 1.435e+05
1.944e-01 1.150e+05
1.698e-01 1.495e+05
1.824e-01 1.394e+05
1.728e-01 1.469e+05
2.111e-01 1.110e+05
1.780e-01 1.479e+05
1.700e-01 1.527e+05
1.800e-01 1.469e+05
1.772e-01 1.408e+05
1.833e-01 1.488e+05
1.755e-01 1.475e+05
1.858e-01 1.454e+05
1.796e-01 1.453e+05
1.740e-01 1.467e+05
1.791e-01 1.476e+05
1.811e-01 1.400e+05
2.352e-01 9.491e+04
1.780e-01 1.444e+05
1.761e-01 1.479e+05
1.950e-01 1.310e+05
1.893e-01 1.424e+05
1.762e-01 1.510e+05
1.719e-01 1.523e+05
1.849e-01 1.400e+05
1.804e-01 1.442e+05
1.759e-01 1.443e+05
1.754e-01 1.496e+05
1.891e-01 1.410e+05
2.702e-01 8.091e+04
1.694e-01 1.512e+05
2.368e-01 1.026e+05
1.784e-01 1.458e+05
1.720e-01 1.496e+05
1.693e-01 1.545e+05
1.867e-01 1.431e+05
1.799e-01 1.320e+05
2.149e-01 9.918e+04
1.824e-01 1.414e+05
1.781e-01 1.425e+05
1.715e-01 1.537e+05
2.139e-01 1.032e+05
1.709e-01 1.537e+05
2.550e-01 8.180e+04
2.030e-01 1.202e+05
1.851e-01 1.353e+05
1.725e-01 1.498e+05
1.732e-01 1.552e+05
1.772e-01 1.505e+05
1.873e-01 1.239e+05
1.900e-01 1.302e+05
1.817e-01 1.369e+05
1.768e-01 1.492e+05
1.737e-01 1.459e+05
1.781e-01 1.347e+05
1.771e-01 1.532e+05
2.322e-01 8.920e+04
1.775e-01 1.477e+05
2.261e-01 9.899e+04
2.392e-01 9.526e+04
2.347e-01 8.732e+04
1.777e-01 1.492e+05
1.762e-01 1.491e+05
1.788e-01 1.472e+05
1.742e-01 1.511e+05
1.830e-01 1.442e+05
1.801e-01 1.489e+05
1.778e-01 1.426e+05
1.783e-01 1.491e+05
2.469e-01 8.705e+04
1.785e-01 1.426e+05
1.797e-01 1.464e+05
1.774e-01 1.477e+05
1.787e-01 1.441e+05
1.676e-01 1.553e+05
1.751e-01 1.462e+05
2.045e-01 1.207e+05
1.779e-01 1.407e+05
1.803e-01 1.486e+05
1.759e-01 1.426e+05
1.889e-01 1.356e+05
1.977e-01 1.206e+05
2.004e-01 1.285e+05
1.863e-01 1.377e+05
1.771e-01 1.340e+05
1.735e-01 1.535e+05
1.764e-01 1.494e+05
1.697e-01 1.555e+05
1.767e-01 1.477e+05
1.719e-01 1.537e+05
1.791e-01 1.504e+05
1.697e-01 1.520e+05
1.775e-01 1.467e+05
1.702e-01 1.453e+05
