2.003e-01 1.263e+05
1.767e-01 1.475e+05
1.770e-01 1.474e+05
1.769e-01 1.419e+05
2.201e-01 1.117e+05
1.877e-01 1.402e+05
1.781e-01 1.411e+05
1.745e-01 1.476e+05
1.811e-01 1.396e+05
2.268e-01 1.157e+05
1.915e-01 1.370e+05
1.854e-01 1.381e+05
1.724e-01 1.479e+05
2.056e-01 1.269e+05
2.430e-01 1.092e+05
2.563e-01 1.007e+05
1.870e-01 1.368e+05
1.806e-01 1.407e+05
1.785e-01 1.465e+05
1.759e-01 1.444e+05
2.344e-01 1.115e+05
1.862e-01 1.343e+05
1.796e-01 1.451e+05
1.787e-01 1.447e+05
1.751e-01 1.475e+05
1.855e-01 1.393e+05
1.796e-01 1.429e+05
1.791e-01 1.407e+05
1.932e-01 1.283e+05
1.814e-01 1.423e+05
1.822e-01 1.416e+05
1.827e-01 1.413e+05
1.764e-01 1.431e+05
1.784e-01 1.450e+05
1.819e-01 1.391e+05
1.755e-01 1.434e+05
1.760e-01 1.419e+05
1.838e-01 1.405e+05
1.781e-01 1.436e+05
1.909e-01 1.334e+05
1.833e-01 1.400e+05
1.867e-01 1.400e+05
1.814e-01 1.403e+05
1.829e-01 1.423e+05
1.847e-01 1.379e+05
1.792e-01 1.446e+05
2.192e-01 1.178e+05
1.816e-01 1.418e+05
1.711e-01 1.512e+05
1.988e-01 1.272e+05
1.790e-01 1.417e+05
1.829e-01 1.394e+05
1.828e-01 1.431e+05
1.814e-01 1.388e+05
1.760e-01 1.427e+05
2.117e-01 1.137e+05
1.809e-01 1.429e+05
1.806e-01 1.452e+05
1.818e-01 1.410e+05
2.414e-01 9.610e+04
2.144e-01 1.201e+05
1.832e-01 1.407e+05
1.865e-01 1.390e+05
1.739e-01 1.479e+05
2.178e-01 1.123e+05
1.941e-01 1.335e+05
1.794e-01 1.439e+05
1.996e-01 1.269e+05
1.772e-01 1.441e+05
1.813e-01 1.420e+05
1.846e-01 1.404e+05
2.167e-01 1.198e+05
1.856e-01 1.418e+05
2.710e-01 9.299e+04
1.796e-01 1.405e+05
1.833e-01 1.413e+05
2.483e-01 1.010e+05
1.779e-01 1.436e+05
1.775e-01 1.431e+05
2.108e-01 1.234e+05
2.259e-01 1.185e+05
1.879e-01 1.342e+05
1.796e-01 1.390e+05
1.712e-01 1.494e+05
2.179e-01 1.176e+05
1.811e-01 1.408e+05
1.965e-01 1.303e+05
1.842e-01 1.412e+05
1.871e-01 1.360e+05
1.921e-01 1.307e+05
1.894e-01 1.347e+05
1.854e-01 1.361e+05
1.762e-01 1.461e+05
1.888e-01 1.384e+05
1.824e-01 1.438e+05
1.834e-01 1.441e+05
1.793e-01 1.440e+05
2.223e-01 1.060e+05
1.850e-01 1.393e+05
1.725e-01 1.459e+05
1.831e-01 1.415e+05
2.917e-01 8.508e+04
1.830e-01 1.419e+05
2.078e-01 1.263e+05
1.842e-01 1.382e+05
1.783e-01 1.452e+05
1.783e-01 1.439e+05
1.763e-01 1.471e+05
1.875e-01 1.352e+05
2.173e-01 1.184e+05
1.820e-01 1.391e+05
1.797e-01 1.422e+05
1.941e-01 1.369e+05
2.305e-01 1.107e+05
1.756e-01 1.485e+05
1.849e-01 1.384e+05
1.748e-01 1.493e+05
1.759e-01 1.446e+05
1.741e-01 1.488e+05
1.913e-01 1.329e+05
2.309e-01 1.082e+05
1.754e-01 1.452e+05
2.743e-01 9.835e+04
1.734e-01 1.485e+05
1.795e-01 1.425e+05
1.783e-01 1.457e+05
1.825e-01 1.412e+05
1.852e-01 1.399e+05
1.773e-01 1.442e+05
1.836e-01 1.388e+05
1.828e-01 1.428e+05
1.774e-01 1.415e+05
1.772e-01 1.415e+05
2.777e-01 8.544e+04
1.786e-01 1.450e+05
1.785e-01 1.463e+05
1.758e-01 1.464e+05
1.872e-01 1.403e+05
1.891e-01 1.335e+05
2.853e-01 9.652e+04
1.833e-01 1.396e+05
2.676e-01 9.610e+04
2.979e-01 9.110e+04
1.716e-01 1.512e+05
2.878e-01 7.945e+04
1.881e-01 1.381e+05
1.849e-01 1.380e+05
1.790e-01 1.422e+05
1.821e-01 1.447e+05
1.791e-01 1.432e+05
1.772e-01 1.471e+05
1.822e-01 1.411e+05
1.852e-01 1.378e+05
1.739e-01 1.460e+05
2.385e-01 1.119e+05
1.736e-01 1.463e+05
1.771e-01 1.443e+05
1.826e-01 1.401e+05
1.855e-01 1.392e+05
1.821e-01 1.397e+05
1.781e-01 1.452e+05
2.013e-01 1.285e+05
2.146e-01 1.201e+05
1.785e-01 1.451e+05
1.918e-01 1.334e+05
1.830e-01 1.348e+05
1.841e-01 1.395e+05
1.777e-01 1.446e+05
1.750e-01 1.430e+05
2.249e-01 1.174e+05
1.788e-01 1.430e+05
2.693e-01 8.874e+04
2.498e-01 1.101e+05
1.748e-01 1.488e+05
2.569e-01 9.888e+04
1.831e-01 1.389e+05
1.805e-01 1.441e+05
1.758e-01 1.417e+05
1.811e-01 1.418e+05
1.835e-01 1.426e+05
1.878e-01 1.368e+05
1.789e-01 1.409e+05
1.806e-01 1.406e+05
1.812e-01 1.424e+05
1.907e-01 1.343e+05
1.829e-01 1.403e+05
1.777e-01 1.385e+05
1.776e-01 1.450e+05
1.789e-01 1.410e+05
1.852e-01 1.359e+05
1.771e-01 1.441e+05
2.804e-01 8.566e+04
1.729e-01 1.461e+05
1.742e-01 1.491e+05
1.740e-01 1.453e+05
1.747e-01 1.443e+05
1.815e-01 1.405e+05
1.750e-01 1.479e+05
1.835e-01 1.338e+05
1.899e-01 1.364e+05
1.824e-01 1.420e+05
1.745e-01 1.470e+05
1.756e-01 1.433e+05
1.802e-01 1.419e+05
1.758e-01 1.442e+05
1.816e-01 1.434e+05
1.752e-01 1.448e+05
1.805e-01 1.399e+05
1.780e-01 1.411e+05
2.931e-01 8.533e+04
2.307e-01 1.069e+05
2.848e-01 9.223e+04
1.840e-01 1.403e+05
1.812e-01 1.364e+05
1.854e-01 1.385e+05
1.773e-01 1.448e+05
1.769e-01 1.449e+05
1.764e-01 1.438e+05
1.844e-01 1.409e+05
2.070e-01 1.230e+05
2.496e-01 1.055e+05
1.796e-01 1.454e+05
2.025e-01 1.240e+05
1.834e-01 1.387e+05
1.710e-01 1.508e+05
1.799e-01 1.444e+05
1.740e-01 1.467e+05
2.188e-01 1.165e+05
1.763e-01 1.448e+05
1.784e-01 1.405e+05
1.935e-01 1.342e+05
1.712e-01 1.484e+05
1.875e-01 1.362e+05
2.193e-01 1.161e+05
1.864e-01 1.367e+05
1.839e-01 1.420e+05
1.781e-01 1.420e+05
1.839e-01 1.390e+05
1.738e-01 1.478e+05
1.812e-01 1.449e+05
2.002e-01 1.221e+05
1.853e-01 1.394e+05
1.798e-01 1.434e+05
1.809e-01 1.413e+05
1.786e-01 1.434e+05
2.415e-01 1.135e+05
2.210e-01 1.128e+05
1.791e-01 1.439e+05
2.140e-01 1.266e+05
1.821e-01 1.423e+05
2.321e-01 1.064e+05
1.811e-01 1.414e+05
1.751e-01 1.458e+05
2.051e-01 1.234e+05
1.781e-01 1.445e+05
1.744e-01 1.456e+05
1.793e-01 1.457e+05
1.803e-01 1.427e+05
2.531e-01 1.028e+05
1.748e-01 1.474e+05
2.340e-01 1.125e+05
1.869e-01 1.372e+05
1.857e-01 1.379e+05
2.061e-01 1.267e+05
2.038e-01 1.311e+05
1.807e-01 1.430e+05
1.855e-01 1.382e+05
1.790e-01 1.432e+05
1.961e-01 1.197e+05
1.807e-01 1.406e+05
1.805e-01 1.420e+05
1.767e-01 1.469e+05
1.751e-01 1.461e+05
1.805e-01 1.417e+05
1.822e-01 1.404e+05
1.995e-01 1.296e+05
1.806e-01 1.443e+05
2.371e-01 1.041e+05
1.831e-01 1.386e+05
1.973e-01 1.204e+05
2.264e-01 1.152e+05
2.069e-01 1.234e+05
1.778e-01 1.441e+05
1.751e-01 1.476e+05
2.196e-01 1.133e+05
1.756e-01 1.414e+05
1.730e-01 1.485e+05
2.392e-01 1.037e+05
1.804e-01 1.408e+05
1.935e-01 1.313e+05
1.829e-01 1.363e+05
2.269e-01 1.136e+05
1.784e-01 1.441e+05
1.791e-01 1.397e+05
1.730e-01 1.447e+05
2.909e-01 9.072e+04
1.898e-01 1.377e+05
2.833e-01 9.166e+04
2.562e-01 9.857e+04
1.810e-01 1.413e+05
1.776e-01 1.458e+05
2.175e-01 1.161e+05
1.746e-01 1.460e+05
1.731e-01 1.452e+05
1.812e-01 1.448e+05
1.893e-01 1.355e+05
1.712e-01 1.503e+05
1.792e-01 1.392e+05
1.800e-01 1.446e+05
1.826e-01 1.424e+05
1.933e-01 1.328e+05
1.899e-01 1.377e+05
1.788e-01 1.421e+05
1.813e-01 1.414e+05
1.833e-01 1.402e+05
3.367e-01 8.308e+04
2.014e-01 1.240e+05
1.846e-01 1.406e+05
1.836e-01 1.392e+05
2.336e-01 1.082e+05
1.717e-01 1.507e+05
1.884e-01 1.339e+05
1.768e-01 1.402e+05
1.798e-01 1.399e+05
1.795e-01 1.448e+05
1.789e-01 1.465e+05
1.826e-01 1.391e+05
2.670e-01 9.864e+04
1.835e-01 1.435e+05
1.753e-01 1.453e+05
1.876e-01 1.371e+05
1.783e-01 1.445e+05
1.789e-01 1.442e+05
1.983e-01 1.261e+05
1.789e-01 1.442e+05
2.440e-01 1.041e+05
1.840e-01 1.408e+05
1.840e-01 1.402e+05
1.740e-01 1.457e+05
1.825e-01 1.384e+05
1.834e-01 1.417e+05
2.125e-01 1.189e+05
1.826e-01 1.409e+05
2.499e-01 1.020e+05
2.943e-01 9.040e+04
1.822e-01 1.376e+05
1.994e-01 1.290e+05
1.804e-01 1.424e+05
1.774e-01 1.464e+05
1.842e-01 1.381e+05
1.847e-01 1.398e+05
2.017e-01 1.294e+05
1.902e-01 1.352e+05
2.291e-01 1.087e+05
1.798e-01 1.390e+05
1.858e-01 1.379e+05
1.914e-01 1.383e+05
1.768e-01 1.449e+05
2.576e-01 1.002e+05
1.831e-01 1.361e+05
2.062e-01 1.205e+05
3.035e-01 8.517e+04
1.833e-01 1.402e+05
1.792e-01 1.407e+05
1.722e-01 1.460e+05
2.165e-01 1.165e+05
2.156e-01 1.122e+05
1.812e-01 1.408e+05
2.166e-01 1.209e+05
1.836e-01 1.409e+05
1.832e-01 1.399e+05
1.819e-01 1.412e+05
2.275e-01 1.194e+05
1.909e-01 1.364e+05
1.800e-01 1.456e+05
1.781e-01 1.423e+05
2.325e-01 1.093e+05
1.754e-01 1.439e+05
1.730e-01 1.466e+05
1.892e-01 1.332e+05
2.142e-01 1.240e+05
2.147e-01 1.188e+05
1.854e-01 1.364e+05
1.812e-01 1.380e+05
1.802e-01 1.425e+05
1.805e-01 1.436e+05
1.746e-01 1.489e+05
1.869e-01 1.379e+05
1.778e-01 1.426e+05
1.803e-01 1.421e+05
1.780e-01 1.385e+05
1.854e-01 1.405e+05
1.850e-01 1.393e+05
1.794e-01 1.452e+05
1.823e-01 1.410e+05
1.810e-01 1.425e+05
1.907e-01 1.357e+05
1.711e-01 1.484e+05
2.087e-01 1.225e+05
1.783e-01 1.449e+05
1.730e-01 1.504e+05
1.739e-01 1.466e+05
2.401e-01 1.101e+05
1.791e-01 1.427e+05
1.808e-01 1.450e+05
1.858e-01 1.294e+05
3.236e-01 7.929e+04
1.810e-01 1.416e+05
1.832e-01 1.386e+05
1.759e-01 1.452e+05
2.965e-01 8.337e+04
1.811e-01 1.416e+05
1.754e-01 1.470e+05
1.799e-01 1.428e+05
1.778e-01 1.437e+05
1.748e-01 1.477e+05
2.274e-01 1.100e+05
1.815e-01 1.411e+05
1.781e-01 1.412e+05
1.787e-01 1.443e+05
1.787e-01 1.407e+05
2.416e-01 1.076e+05
1.746e-01 1.472e+05
2.335e-01 1.047e+05
2.867e-01 8.955e+04
1.747e-01 1.453e+05
1.836e-01 1.343e+05
1.779e-01 1.450e+05
1.876e-01 1.410e+05
1.884e-01 1.371e+05
2.455e-01 1.107e+05
1.770e-01 1.427e+05
2.032e-01 1.274e+05
1.992e-01 1.215e+05
1.800e-01 1.425e+05
1.865e-01 1.400e+05
2.041e-01 1.255e+05
1.874e-01 1.374e+05
1.788e-01 1.454e+05
1.744e-01 1.460e+05
2.610e-01 9.699e+04
1.861e-01 1.342e+05
1.783e-01 1.445e+05
1.881e-01 1.392e+05
1.765e-01 1.452e+05
1.863e-01 1.368e+05
1.854e-01 1.376e+05
1.860e-01 1.371e+05
1.788e-01 1.427e+05
1.857e-01 1.415e+05
1.772e-01 1.432e+05
2.394e-01 1.109e+05
1.747e-01 1.460e+05
1.897e-01 1.343e+05
1.762e-01 1.457e+05
1.755e-01 1.482e+05
1.795e-01 1.460e+05
1.748e-01 1.484e+05
1.834e-01 1.409e+05
1.816e-01 1.408e+05
1.745e-01 1.444e+05
1.772e-01 1.445e+05
1.852e-01 1.411e+05
1.840e-01 1.410e+05
1.773e-01 1.421e+05
1.752e-01 1.438e+05
2.143e-01 1.232e+05
1.769e-01 1.406e+05
1.766e-01 1.459e+05
1.889e-01 1.356e+05
2.696e-01 9.616e+04
1.887e-01 1.357e+05
1.789e-01 1.447e+05
1.792e-01 1.469e+05
1.848e-01 1.431e+05
1.858e-01 1.376e+05
1.817e-01 1.418e+05
1.916e-01 1.338e+05
2.127e-01 1.254e+05
1.806e-01 1.414e+05
1.941e-01 1.326e+05
2.356e-01 9.994e+04
1.784e-01 1.428e+05
1.838e-01 1.397e+05
1.796e-01 1.415e+05
1.834e-01 1.411e+05
1.980e-01 1.281e+05
2.240e-01 1.198e+05
1.814e-01 1.411e+05
1.812e-01 1.399e+05
1.712e-01 1.502e+05
3.124e-01 8.074e+04
2.102e-01 1.246e+05
2.772e-01 9.806e+04
1.803e-01 1.381e+05
1.797e-01 1.386e+05
2.086e-01 1.235e+05
2.780e-01 9.670e+04
1.810e-01 1.439e+05
1.899e-01 1.346e+05
1.734e-01 1.497e+05
1.883e-01 1.329e+05
1.766e-01 1.434e+05
1.801e-01 1.451e+05
1.782e-01 1.432e+05
2.795e-01 9.202e+04
1.874e-01 1.388e+05
1.808e-01 1.410e+05
2.441e-01 1.054e+05
1.745e-01 1.456e+05
1.714e-01 1.492e+05
1.906e-01 1.369e+05
1.868e-01 1.313e+05
1.818e-01 1.419e+05
2.667e-01 9.899e+04
2.482e-01 1.029e+05
1.808e-01 1.425e+05
1.848e-01 1.412e+05
1.784e-01 1.452e+05
1.881e-01 1.336e+05
1.805e-01 1.428e+05
1.778e-01 1.427e+05
1.794e-01 1.454e+05
2.818e-01 8.844e+04
3.001e-01 8.303e+04
1.831e-01 1.403e+05
1.791e-01 1.450e+05
2.470e-01 9.461e+04
1.848e-01 1.370e+05
1.759e-01 1.473e+05
2.175e-01 1.117e+05
1.715e-01 1.496e+05
2.339e-01 1.040e+05
2.224e-01 1.164e+05
1.919e-01 1.303e+05
1.799e-01 1.417e+05
2.088e-01 1.283e+05
1.768e-01 1.478e+05
2.052e-01 1.240e+05
1.862e-01 1.383e+05
1.798e-01 1.402e+05
2.509e-01 1.066e+05
2.359e-01 1.156e+05
1.757e-01 1.413e+05
1.922e-01 1.353e+05
1.841e-01 1.401e+05
2.032e-01 1.279e+05
1.798e-01 1.412e+05
1.731e-01 1.464e+05
1.853e-01 1.400e+05
2.425e-01 1.031e+05
2.602e-01 1.014e+05
1.947e-01 1.357e+05
2.694e-01 9.386e+04
1.802e-01 1.453e+05
1.744e-01 1.443e+05
1.723e-01 1.494e+05
2.061e-01 1.262e+05
1.807e-01 1.435e+05
1.777e-01 1.420e+05
1.857e-01 1.406e+05
1.806e-01 1.400e+05
1.824e-01 1.406e+05
1.818e-01 1.443e+05
1.820e-01 1.411e+05
1.756e-01 1.434e+05
1.753e-01 1.485e+05
1.823e-01 1.422e+05
1.812e-01 1.428e+05
1.762e-01 1.481e+05
1.816e-01 1.382e+05
1.758e-01 1.472e+05
2.072e-01 1.237e+05
1.791e-01 1.414e+05
1.778e-01 1.473e+05
2.457e-01 1.061e+05
2.725e-01 1.003e+05
1.879e-01 1.404e+05
1.839e-01 1.400e+05
1.781e-01 1.407e+05
1.817e-01 1.418e+05
1.804e-01 1.409e+05
1.774e-01 1.407e+05
1.879e-01 1.383e+05
1.734e-01 1.478e+05
2.110e-01 1.235e+05
2.626e-01 1.010e+05
1.708e-01 1.498e+05
1.794e-01 1.415e+05
1.744e-01 1.460e+05
1.838e-01 1.395e+05
1.771e-01 1.446e+05
1.762e-01 1.468e+05
1.817e-01 1.448e+05
1.817e-01 1.368e+05
2.688e-01 8.926e+04
1.754e-01 1.475e+05
2.226e-01 1.127e+05
2.033e-01 1.314e+05
1.811e-01 1.414e+05
1.842e-01 1.386e+05
1.732e-01 1.457e+05
1.834e-01 1.383e+05
2.458e-01 1.063e+05
1.857e-01 1.351e+05
2.188e-01 1.156e+05
1.734e-01 1.480e+05
2.233e-01 1.191e+05
1.715e-01 1.479e+05
1.770e-01 1.437e+05
1.823e-01 1.398e+05
1.822e-01 1.447e+05
1.781e-01 1.399e+05
2.231e-01 1.136e+05
1.974e-01 1.264e+05
1.845e-01 1.414e+05
1.817e-01 1.402e+05
2.060e-01 1.222e+05
1.853e-01 1.411e+05
1.829e-01 1.407e+05
2.240e-01 1.150e+05
1.773e-01 1.443e+05
3.081e-01 8.039e+04
1.815e-01 1.381e+05
2.188e-01 1.160e+05
1.805e-01 1.447e+05
1.838e-01 1.396e+05
1.880e-01 1.365e+05
1.766e-01 1.469e+05
2.031e-01 1.211e+05
1.817e-01 1.391e+05
1.754e-01 1.445e+05
1.775e-01 1.407e+05
1.916e-01 1.335e+05
1.813e-01 1.425e+05
1.716e-01 1.491e+05
1.726e-01 1.478e+05
2.390e-01 1.090e+05
1.767e-01 1.463e+05
1.816e-01 1.410e+05
1.718e-01 1.476e+05
1.819e-01 1.386e+05
1.721e-01 1.505e+05
1.923e-01 1.378e+05
2.108e-01 1.280e+05
1.875e-01 1.344e+05
1.995e-01 1.228e+05
1.801e-01 1.437e+05
1.782e-01 1.405e+05
1.918e-01 1.374e+05
2.921e-01 9.382e+04
1.793e-01 1.466e+05
2.411e-01 1.060e+05
3.223e-01 8.484e+04
2.146e-01 1.187e+05
1.737e-01 1.445e+05
1.818e-01 1.420e+05
2.635e-01 9.487e+04
1.723e-01 1.509e+05
1.808e-01 1.434e+05
1.775e-01 1.442e+05
1.764e-01 1.437e+05
1.763e-01 1.460e+05
1.942e-01 1.239e+05
1.857e-01 1.395e+05
2.201e-01 1.180e+05
1.886e-01 1.376e+05
1.859e-01 1.378e+05
1.780e-01 1.423e+05
1.828e-01 1.425e+05
1.701e-01 1.504e+05
1.781e-01 1.437e+05
1.814e-01 1.426e+05
2.175e-01 1.156e+05
2.011e-01 1.250e+05
3.041e-01 8.541e+04
3.131e-01 8.716e+04
1.753e-01 1.456e+05
1.798e-01 1.405e+05
1.784e-01 1.420e+05
1.821e-01 1.397e+05
1.933e-01 1.316e+05
1.839e-01 1.370e+05
1.842e-01 1.406e+05
2.176e-01 1.135e+05
1.794e-01 1.417e+05
1.757e-01 1.463e+05
1.860e-01 1.380e+05
1.747e-01 1.465e+05
1.766e-01 1.468e+05
2.053e-01 1.257e+05
1.794e-01 1.405e+05
1.851e-01 1.381e+05
1.892e-01 1.402e+05
1.768e-01 1.456e+05
2.022e-01 1.315e+05
1.842e-01 1.386e+05
1.753e-01 1.482e+05
1.801e-01 1.432e+05
1.805e-01 1.426e+05
2.755e-01 9.929e+04
1.774e-01 1.471e+05
1.775e-01 1.448e+05
1.783e-01 1.430e+05
2.303e-01 1.101e+05
1.778e-01 1.431e+05
1.767e-01 1.471e+05
1.861e-01 1.387e+05
2.023e-01 1.230e+05
2.649e-01 1.002e+05
1.832e-01 1.343e+05
1.832e-01 1.400e+05
1.802e-01 1.427e+05
2.414e-01 1.112e+05
1.797e-01 1.423e+05
1.885e-01 1.394e+05
1.763e-01 1.450e+05
1.902e-01 1.344e+05
1.772e-01 1.459e+05
1.721e-01 1.496e+05
1.797e-01 1.441e+05
1.752e-01 1.447e+05
2.063e-01 1.232e+05
1.863e-01 1.369e+05
1.896e-01 1.343e+05
1.857e-01 1.355e+05
1.727e-01 1.491e+05
1.832e-01 1.392e+05
1.762e-01 1.440e+05
1.775e-01 1.412e+05
2.990e-01 8.796e+04
1.734e-01 1.480e+05
1.846e-01 1.395e+05
1.718e-01 1.464e+05
1.856e-01 1.399e+05
1.825e-01 1.400e+05
2.372e-01 1.123e+05
1.787e-01 1.398e+05
1.887e-01 1.332e+05
1.758e-01 1.441e+05
1.796e-01 1.460e+05
1.871e-01 1.353e+05
1.835e-01 1.399e+05
1.971e-01 1.340e+05
1.764e-01 1.478e+05
1.769e-01 1.432e+05
1.798e-01 1.401e+05
1.847e-01 1.389e+05
1.760e-01 1.450e+05
2.647e-01 1.003e+05
1.731e-01 1.472e+05
2.471e-01 1.037e+05
1.816e-01 1.446e+05
1.829e-01 1.384e+05
1.763e-01 1.408e+05
1.741e-01 1.485e+05
2.172e-01 1.173e+05
1.814e-01 1.375e+05
1.805e-01 1.412e+05
1.808e-01 1.416e+05
1.818e-01 1.412e+05
1.884e-01 1.340e+05
2.091e-01 1.203e+05
1.773e-01 1.439e+05
1.890e-01 1.388e+05
1.826e-01 1.381e+05
1.875e-01 1.379e+05
1.771e-01 1.422e+05
1.781e-01 1.428e+05
1.858e-01 1.382e+05
1.937e-01 1.338e+05
1.860e-01 1.416e+05
1.818e-01 1.416e+05
1.960e-01 1.268e+05
1.802e-01 1.406e+05
1.815e-01 1.406e+05
1.724e-01 1.506e+05
1.728e-01 1.495e+05
1.858e-01 1.356e+05
1.791e-01 1.464e+05
1.802e-01 1.382e+05
1.738e-01 1.445e+05
1.882e-01 1.399e+05
1.806e-01 1.430e+05
1.752e-01 1.445e+05
2.414e-01 1.056e+05
1.997e-01 1.322e+05
1.815e-01 1.403e+05
2.318e-01 1.078e+05
1.857e-01 1.373e+05
1.833e-01 1.428e+05
1.896e-01 1.379e+05
1.814e-01 1.405e+05
1.808e-01 1.410e+05
1.832e-01 1.352e+05
1.843e-01 1.401e+05
1.829e-01 1.405e+05
1.773e-01 1.458e+05
1.785e-01 1.434e+05
1.800e-01 1.411e+05
1.785e-01 1.446e+05
1.861e-01 1.381e+05
1.770e-01 1.436e+05
1.774e-01 1.444e+05
3.089e-01 8.473e+04
1.775e-01 1.472e+05
1.840e-01 1.402e+05
1.831e-01 1.377e+05
2.003e-01 1.186e+05
1.713e-01 1.484e+05
2.448e-01 1.065e+05
1.805e-01 1.438e+05
1.808e-01 1.415e+05
1.721e-01 1.501e+05
1.826e-01 1.396e+05
1.758e-01 1.409e+05
1.787e-01 1.440e+05
1.827e-01 1.408e+05
1.865e-01 1.347e+05
1.806e-01 1.412e+05
2.432e-01 1.042e+05
1.791e-01 1.434e+05
1.833e-01 1.405e+05
1.807e-01 1.454e+05
1.852e-01 1.375e+05
1.810e-01 1.423e+05
1.825e-01 1.391e+05
1.806e-01 1.431e+05
1.781e-01 1.448e+05
1.934e-01 1.354e+05
1.862e-01 1.416e+05
1.847e-01 1.379e+05
1.712e-01 1.505e+05
1.800e-01 1.429e+05
1.875e-01 1.375e+05
1.781e-01 1.437e+05
1.778e-01 1.441e+05
1.822e-01 1.395e+05
1.807e-01 1.430e+05
1.887e-01 1.400e+05
1.949e-01 1.280e+05
1.956e-01 1.330e+05
1.881e-01 1.355e+05
1.783e-01 1.376e+05
1.804e-01 1.368e+05
1.794e-01 1.442e+05
1.935e-01 1.307e+05
1.744e-01 1.438e+05
1.795e-01 1.381e+05
2.908e-01 9.222e+04
1.796e-01 1.368e+05
2.420e-01 1.022e+05
1.811e-01 1.425e+05
1.849e-01 1.389e+05
1.887e-01 1.353e+05
1.853e-01 1.350e+05
1.789e-01 1.443e+05
1.886e-01 1.373e+05
1.911e-01 1.348e+05
1.871e-01 1.403e+05
1.756e-01 1.427e+05
1.789e-01 1.414e+05
1.786e-01 1.419e+05
1.817e-01 1.411e+05
1.783e-01 1.434e+05
1.878e-01 1.374e+05
2.159e-01 1.180e+05
1.858e-01 1.397e+05
1.777e-01 1.467e+05
1.771e-01 1.458e+05
1.740e-01 1.441e+05
1.980e-01 1.337e+05
1.821e-01 1.428e+05
1.822e-01 1.426e+05
1.776e-01 1.461e+05
1.783e-01 1.444e+05
1.865e-01 1.379e+05
1.829e-01 1.383e+05
2.085e-01 1.240e+05
1.805e-01 1.421e+05
1.776e-01 1.431e+05
1.824e-01 1.394e+05
1.986e-01 1.270e+05
1.849e-01 1.389e+05
1.804e-01 1.374e+05
1.816e-01 1.424e+05
1.899e-01 1.362e+05
1.861e-01 1.367e+05
1.778e-01 1.449e+05
1.723e-01 1.501e+05
1.752e-01 1.452e+05
1.769e-01 1.451e+05
2.076e-01 1.220e+05
1.901e-01 1.351e+05
1.800e-01 1.398e+05
1.904e-01 1.390e+05
1.803e-01 1.430e+05
1.919e-01 1.334e+05
1.800e-01 1.455e+05
1.796e-01 1.456e+05
1.844e-01 1.342e+05
1.858e-01 1.407e+05
1.856e-01 1.410e+05
1.796e-01 1.424e+05
1.800e-01 1.431e+05
1.927e-01 1.345e+05
1.736e-01 1.485e+05
1.861e-01 1.399e+05
2.114e-01 1.257e+05
1.807e-01 1.413e+05
1.776e-01 1.475e+05
2.670e-01 9.067e+04
1.771e-01 1.477e+05
1.830e-01 1.432e+05
1.844e-01 1.365e+05
1.886e-01 1.293e+05
1.871e-01 1.372e+05
1.855e-01 1.394e+05
1.864e-01 1.364e+05
1.813e-01 1.444e+05
1.870e-01 1.406e+05
1.791e-01 1.404e+05
1.843e-01 1.381e+05
1.914e-01 1.378e+05
1.792e-01 1.444e+05
1.792e-01 1.419e+05
1.761e-01 1.458e+05
1.732e-01 1.489e+05
2.592e-01 1.045e+05
1.836e-01 1.383e+05
1.841e-01 1.405e+05
1.806e-01 1.453e+05
1.885e-01 1.379e+05
1.761e-01 1.448e+05
1.819e-01 1.426e+05
1.809e-01 1.421e+05
1.859e-01 1.375e+05
1.838e-01 1.393e+05
1.814e-01 1.422e+05
2.367e-01 1.060e+05
1.846e-01 1.349e+05
1.990e-01 1.187e+05
1.809e-01 1.405e+05
1.828e-01 1.371e+05
1.994e-01 1.261e+05
1.751e-01 1.465e+05
1.797e-01 1.432e+05
1.726e-01 1.493e+05
1.886e-01 1.364e+05
3.494e-01 7.797e+04
1.754e-01 1.442e+05
1.884e-01 1.364e+05
1.878e-01 1.371e+05
1.764e-01 1.467e+05
1.790e-01 1.440e+05
1.798e-01 1.449e+05
1.815e-01 1.417e+05
1.758e-01 1.481e+05
1.714e-01 1.486e+05
1.777e-01 1.446e+05
1.748e-01 1.431e+05
1.864e-01 1.366e+05
1.792e-01 1.454e+05
1.724e-01 1.471e+05
1.881e-01 1.346e+05
1.794e-01 1.415e+05
2.132e-01 1.206e+05
1.795e-01 1.397e+05
1.862e-01 1.411e+05
2.865e-01 8.997e+04
1.981e-01 1.283e+05
1.787e-01 1.429e+05
2.038e-01 1.247e+05
1.840e-01 1.391e+05
1.752e-01 1.486e+05
1.708e-01 1.516e+05
1.805e-01 1.392e+05
1.893e-01 1.280e+05
1.731e-01 1.477e+05
1.793e-01 1.437e+05
1.794e-01 1.420e+05
1.856e-01 1.386e+05
1.872e-01 1.360e+05
1.802e-01 1.423e+05
2.015e-01 1.218e+05
2.527e-01 1.089e+05
1.838e-01 1.395e+05
1.846e-01 1.412e+05
1.815e-01 1.412e+05
1.774e-01 1.447e+05
1.842e-01 1.412e+05
1.735e-01 1.457e+05
1.758e-01 1.482e+05
1.745e-01 1.473e+05
1.833e-01 1.430e+05
1.774e-01 1.420e+05
2.739e-01 9.634e+04
2.336e-01 9.941e+04
1.813e-01 1.423e+05
1.808e-01 1.418e+05
2.150e-01 1.117e+05
1.907e-01 1.355e+05
1.778e-01 1.445e+05
2.525e-01 9.621e+04
1.819e-01 1.414e+05
1.983e-01 1.282e+05
1.914e-01 1.301e+05
1.757e-01 1.457e+05
1.774e-01 1.411e+05
1.812e-01 1.416e+05
1.787e-01 1.390e+05
1.821e-01 1.369e+05
1.791e-01 1.439e+05
1.862e-01 1.381e+05
1.781e-01 1.472e+05
1.726e-01 1.475e+05
1.769e-01 1.427e+05
1.780e-01 1.473e+05
1.826e-01 1.405e+05
1.812e-01 1.407e+05
1.816e-01 1.440e+05
1.932e-01 1.337e+05
1.876e-01 1.347e+05
1.886e-01 1.389e+05
2.205e-01 1.140e+05
1.874e-01 1.394e+05
1.748e-01 1.458e+05
1.789e-01 1.445e+05
2.142e-01 1.193e+05
1.774e-01 1.426e+05
1.729e-01 1.475e+05
1.858e-01 1.369e+05
1.916e-01 1.352e+05
1.783e-01 1.468e+05
1.739e-01 1.466e+05
1.813e-01 1.387e+05
1.871e-01 1.372e+05
1.843e-01 1.391e+05
1.762e-01 1.466e+05
1.776e-01 1.456e+05
2.982e-01 9.557e+04
1.812e-01 1.401e+05
2.616e-01 1.057e+05
1.874e-01 1.398e+05
1.777e-01 1.458e+05
2.075e-01 1.250e+05
1.755e-01 1.425e+05
1.817e-01 1.419e+05
1.730e-01 1.484e+05
1.885e-01 1.349e+05
1.794e-01 1.435e+05
2.593e-01 1.031e+05
1.865e-01 1.374e+05
2.665e-01 1.027e+05
1.940e-01 1.340e+05
1.931e-01 1.363e+05
1.753e-01 1.455e+05
1.718e-01 1.512e+05
1.935e-01 1.328e+05
1.743e-01 1.428e+05
1.824e-01 1.362e+05
1.786e-01 1.441e+05
1.852e-01 1.374e+05
1.714e-01 1.510e+05
1.838e-01 1.382e+05
2.484e-01 1.034e+05
1.827e-01 1.353e+05
1.922e-01 1.331e+05
1.835e-01 1.397e+05
1.761e-01 1.438e+05
1.792e-01 1.429e+05
1.890e-01 1.366e+05
1.714e-01 1.475e+05
1.748e-01 1.459e+05
1.832e-01 1.396e+05
2.264e-01 1.129e+05
1.794e-01 1.412e+05
1.771e-01 1.442e+05
1.962e-01 1.275e+05
1.821e-01 1.413e+05
2.669e-01 9.994e+04
1.807e-01 1.422e+05
1.853e-01 1.382e+05
2.075e-01 1.181e+05
1.822e-01 1.435e+05
1.873e-01 1.356e+05
1.851e-01 1.382e+05
1.853e-01 1.374e+05
1.749e-01 1.427e+05
1.893e-01 1.389e+05
1.773e-01 1.441e+05
1.796e-01 1.421e+05
1.867e-01 1.409e+05
1.904e-01 1.341e+05
1.766e-01 1.475e+05
1.744e-01 1.458e+05
1.749e-01 1.494e+05
1.839e-01 1.401e+05
1.857e-01 1.364e+05
2.100e-01 1.172e+05
2.745e-01 9.524e+04
1.773e-01 1.425e+05
1.805e-01 1.422e+05
1.975e-01 1.291e+05
1.781e-01 1.451e+05
1.742e-01 1.442e+05
1.778e-01 1.425e+05
1.768e-01 1.452e+05
1.909e-01 1.342e+05
1.781e-01 1.392e+05
1.818e-01 1.428e+05
1.819e-01 1.391e+05
1.761e-01 1.440e+05
1.783e-01 1.426e+05
1.792e-01 1.410e+05
1.785e-01 1.430e+05
2.026e-01 1.288e+05
2.047e-01 1.255e+05
1.761e-01 1.417e+05
2.007e-01 1.231e+05
2.377e-01 1.114e+05
1.805e-01 1.417e+05
1.848e-01 1.401e+05
1.849e-01 1.392e+05
1.866e-01 1.377e+05
1.717e-01 1.469e+05
1.824e-01 1.393e+05
1.839e-01 1.410e+05
2.614e-01 9.369e+04
1.795e-01 1.450e+05
1.795e-01 1.464e+05
1.804e-01 1.437e+05
2.364e-01 1.055e+05
1.833e-01 1.392e+05
1.742e-01 1.494e+05
1.849e-01 1.403e+05
1.754e-01 1.434e+05
1.803e-01 1.429e+05
3.243e-01 8.410e+04
1.788e-01 1.436e+05
1.988e-01 1.287e+05
1.799e-01 1.443e+05
1.877e-01 1.364e+05
1.854e-01 1.371e+05
2.059e-01 1.240e+05
1.780e-01 1.462e+05
1.770e-01 1.458e+05
1.911e-01 1.349e+05
1.797e-01 1.452e+05
1.805e-01 1.434e+05
1.755e-01 1.466e+05
1.718e-01 1.484e+05
1.850e-01 1.384e+05
1.854e-01 1.385e+05
1.817e-01 1.397e+05
1.847e-01 1.371e+05
1.769e-01 1.414e+05
1.909e-01 1.329e+05
1.756e-01 1.435e+05
1.828e-01 1.428e+05
1.806e-01 1.419e+05
1.840e-01 1.355e+05
1.781e-01 1.472e+05
1.750e-01 1.485e+05
1.792e-01 1.440e+05
1.797e-01 1.430e+05
1.755e-01 1.422e+05
1.783e-01 1.455e+05
1.875e-01 1.371e+05
1.930e-01 1.377e+05
2.185e-01 1.176e+05
1.817e-01 1.415e+05
2.138e-01 1.219e+05
2.191e-01 1.241e+05
1.777e-01 1.443e+05
1.809e-01 1.430e+05
1.871e-01 1.368e+05
2.134e-01 1.189e+05
1.793e-01 1.428e+05
1.803e-01 1.410e+05
1.862e-01 1.404e+05
1.713e-01 1.495e+05
1.787e-01 1.440e+05
1.810e-01 1.448e+05
2.042e-01 1.156e+05
1.711e-01 1.510e+05
1.786e-01 1.430e+05
1.864e-01 1.363e+05
1.788e-01 1.413e+05
1.915e-01 1.338e+05
1.823e-01 1.407e+05
1.900e-01 1.375e+05
1.792e-01 1.448e+05
1.908e-01 1.352e+05
1.802e-01 1.445e+05
1.804e-01 1.412e+05
1.788e-01 1.414e+05
2.277e-01 1.013e+05
1.727e-01 1.489e+05
1.965e-01 1.361e+05
1.833e-01 1.412e+05
1.854e-01 1.377e+05
1.797e-01 1.452e+05
1.879e-01 1.376e+05
1.775e-01 1.471e+05
1.815e-01 1.389e+05
1.810e-01 1.399e+05
2.032e-01 1.297e+05
1.818e-01 1.400e+05
1.854e-01 1.372e+05
1.764e-01 1.432e+05
1.793e-01 1.423e+05
1.811e-01 1.394e+05
1.708e-01 1.497e+05
1.845e-01 1.384e+05
1.766e-01 1.443e+05
1.811e-01 1.431e+05
1.912e-01 1.339e+05
1.788e-01 1.426e+05
1.943e-01 1.243e+05
1.767e-01 1.435e+05
1.907e-01 1.391e+05
1.718e-01 1.495e+05
1.849e-01 1.337e+05
2.442e-01 1.041e+05
1.786e-01 1.435e+05
1.739e-01 1.485e+05
1.821e-01 1.438e+05
1.801e-01 1.424e+05
2.309e-01 1.061e+05
1.802e-01 1.426e+05
1.935e-01 1.333e+05
2.676e-01 9.438e+04
1.862e-01 1.344e+05
1.819e-01 1.381e+05
1.745e-01 1.464e+05
1.785e-01 1.446e+05
1.751e-01 1.492e+05
3.024e-01 8.901e+04
1.809e-01 1.407e+05
1.837e-01 1.414e+05
1.807e-01 1.443e+05
1.790e-01 1.440e+05
2.307e-01 1.146e+05
2.472e-01 9.755e+04
1.868e-01 1.380e+05
1.803e-01 1.429e+05
1.859e-01 1.388e+05
1.743e-01 1.456e+05
1.744e-01 1.449e+05
1.881e-01 1.356e+05
1.733e-01 1.496e+05
1.755e-01 1.435e+05
1.769e-01 1.441e+05
1.914e-01 1.385e+05
1.907e-01 1.373e+05
1.738e-01 1.454e+05
1.897e-01 1.328e+05
1.999e-01 1.302e+05
1.787e-01 1.440e+05
1.767e-01 1.447e+05
2.515e-01 1.048e+05
1.817e-01 1.401e+05
1.871e-01 1.384e+05
2.038e-01 1.280e+05
1.737e-01 1.503e+05
2.188e-01 1.135e+05
2.201e-01 1.161e+05
1.755e-01 1.444e+05
1.869e-01 1.350e+05
1.782e-01 1.445e+05
1.799e-01 1.414e+05
1.734e-01 1.478e+05
1.791e-01 1.448e+05
2.560e-01 1.020e+05
1.794e-01 1.438e+05
1.781e-01 1.442e+05
1.723e-01 1.493e+05
1.791e-01 1.450e+05
1.886e-01 1.389e+05
1.966e-01 1.322e+05
1.850e-01 1.395e+05
1.745e-01 1.446e+05
1.797e-01 1.460e+05
2.740e-01 1.036e+05
1.844e-01 1.369e+05
1.787e-01 1.422e+05
1.868e-01 1.381e+05
1.752e-01 1.460e+05
1.827e-01 1.346e+05
1.794e-01 1.435e+05
1.786e-01 1.415e+05
1.769e-01 1.464e+05
2.332e-01 1.026e+05
1.851e-01 1.417e+05
1.728e-01 1.478e+05
1.759e-01 1.483e+05
1.813e-01 1.432e+05
2.449e-01 1.065e+05
1.825e-01 1.422e+05
2.268e-01 1.034e+05
1.845e-01 1.400e+05
1.761e-01 1.425e+05
1.782e-01 1.439e+05
1.812e-01 1.421e+05
1.907e-01 1.385e+05
1.823e-01 1.374e+05
1.744e-01 1.441e+05
1.802e-01 1.420e+05
1.856e-01 1.384e+05
1.928e-01 1.346e+05
1.764e-01 1.421e+05
1.836e-01 1.402e+05
1.824e-01 1.387e+05
1.873e-01 1.392e+05
1.964e-01 1.299e+05
1.834e-01 1.362e+05
1.835e-01 1.396e+05
1.833e-01 1.433e+05
1.836e-01 1.367e+05
1.736e-01 1.461e+05
1.823e-01 1.410e+05
2.728e-01 1.001e+05
1.777e-01 1.431e+05
1.904e-01 1.359e+05
1.812e-01 1.416e+05
1.845e-01 1.388e+05
1.820e-01 1.432e+05
1.795e-01 1.409e+05
1.838e-01 1.360e+05
1.969e-01 1.286e+05
1.766e-01 1.444e+05
1.808e-01 1.408e+05
2.726e-01 9.837e+04
2.403e-01 1.061e+05
2.480e-01 9.590e+04
1.807e-01 1.394e+05
1.763e-01 1.446e+05
1.858e-01 1.366e+05
1.957e-01 1.250e+05
1.820e-01 1.405e+05
1.841e-01 1.412e+05
1.807e-01 1.407e+05
2.770e-01 9.231e+04
1.737e-01 1.446e+05
1.778e-01 1.438e+05
2.248e-01 1.200e+05
1.894e-01 1.349e+05
1.786e-01 1.395e+05
1.859e-01 1.376e+05
1.732e-01 1.486e+05
1.845e-01 1.383e+05
1.893e-01 1.363e+05
1.845e-01 1.393e+05
2.148e-01 1.163e+05
1.782e-01 1.417e+05
1.771e-01 1.461e+05
2.958e-01 8.312e+04
1.777e-01 1.453e+05
1.817e-01 1.425e+05
1.795e-01 1.443e+05
1.843e-01 1.424e+05
2.121e-01 1.244e+05
1.713e-01 1.497e+05
1.743e-01 1.495e+05
2.095e-01 1.188e+05
2.011e-01 1.281e+05
2.428e-01 1.043e+05
1.739e-01 1.460e+05
1.870e-01 1.373e+05
1.815e-01 1.379e+05
1.847e-01 1.427e+05
1.902e-01 1.368e+05
1.821e-01 1.408e+05
1.834e-01 1.380e+05
2.170e-01 1.149e+05
1.799e-01 1.429e+05
1.711e-01 1.502e+05
1.933e-01 1.349e+05
1.791e-01 1.414e+05
1.742e-01 1.448e+05
1.740e-01 1.470e+05
1.913e-01 1.319e+05
2.376e-01 1.103e+05
1.821e-01 1.406e+05
1.805e-01 1.423e+05
1.740e-01 1.434e+05
1.884e-01 1.365e+05
1.796e-01 1.438e+05
1.793e-01 1.433e+05
1.828e-01 1.394e+05
2.751e-01 9.935e+04
1.839e-01 1.407e+05
2.410e-01 1.096e+05
1.808e-01 1.436e+05
1.937e-01 1.294e+05
1.909e-01 1.303e+05
2.107e-01 1.178e+05
1.801e-01 1.418e+05
3.067e-01 8.893e+04
1.787e-01 1.420e+05
1.841e-01 1.378e+05
1.887e-01 1.376e+05
1.781e-01 1.435e+05
1.778e-01 1.417e+05
1.841e-01 1.407e+05
1.838e-01 1.389e+05
1.787e-01 1.423e+05
1.792e-01 1.429e+05
1.724e-01 1.469e+05
1.788e-01 1.431e+05
1.808e-01 1.404e+05
1.702e-01 1.503e+05
1.902e-01 1.361e+05
2.542e-01 1.030e+05
1.777e-01 1.438e+05
1.767e-01 1.448e+05
1.789e-01 1.419e+05
2.225e-01 1.187e+05
2.539e-01 1.078e+05
1.907e-01 1.350e+05
1.932e-01 1.354e+05
1.818e-01 1.407e+05
1.760e-01 1.439e+05
3.043e-01 8.481e+04
1.729e-01 1.459e+05
1.863e-01 1.396e+05
1.926e-01 1.293e+05
2.677e-01 9.685e+04
2.613e-01 9.711e+04
1.769e-01 1.420e+05
1.813e-01 1.402e+05
1.793e-01 1.444e+05
1.825e-01 1.361e+05
2.234e-01 1.185e+05
2.716e-01 9.361e+04
2.309e-01 1.115e+05
1.825e-01 1.420e+05
1.741e-01 1.440e+05
1.872e-01 1.402e+05
3.146e-01 7.889e+04
3.232e-01 8.669e+04
1.862e-01 1.369e+05
1.788e-01 1.448e+05
1.835e-01 1.433e+05
1.800e-01 1.443e+05
2.825e-01 8.702e+04
1.785e-01 1.456e+05
1.796e-01 1.424e+05
1.886e-01 1.380e+05
1.829e-01 1.412e+05
1.839e-01 1.407e+05
1.721e-01 1.478e+05
2.916e-01 8.666e+04
1.777e-01 1.430e+05
1.780e-01 1.420e+05
1.792e-01 1.424e+05
1.735e-01 1.449e+05
1.802e-01 1.387e+05
1.830e-01 1.400e+05
1.791e-01 1.397e+05
1.743e-01 1.453e+05
1.742e-01 1.470e+05
1.732e-01 1.498e+05
1.803e-01 1.417e+05
1.830e-01 1.375e+05
1.839e-01 1.357e+05
1.817e-01 1.415e+05
2.148e-01 1.167e+05
1.972e-01 1.293e+05
1.777e-01 1.444e+05
1.847e-01 1.406e+05
1.803e-01 1.432e+05
1.787e-01 1.429e+05
3.010e-01 8.211e+04
1.741e-01 1.482e+05
1.975e-01 1.307e+05
1.788e-01 1.389e+05
1.791e-01 1.433e+05
1.887e-01 1.323e+05
2.700e-01 9.641e+04
1.846e-01 1.401e+05
1.802e-01 1.401e+05
1.810e-01 1.404e+05
1.798e-01 1.458e+05
1.835e-01 1.403e+05
1.817e-01 1.429e+05
1.825e-01 1.430e+05
1.818e-01 1.420e+05
1.812e-01 1.426e+05
1.840e-01 1.352e+05
1.849e-01 1.393e+05
1.772e-01 1.446e+05
1.884e-01 1.362e+05
1.780e-01 1.412e+05
1.849e-01 1.372e+05
1.817e-01 1.410e+05
2.159e-01 1.143e+05
2.280e-01 1.131e+05
1.808e-01 1.429e+05
1.807e-01 1.421e+05
1.809e-01 1.398e+05
1.967e-01 1.287e+05
2.005e-01 1.321e+05
1.828e-01 1.401e+05
1.919e-01 1.352e+05
3.072e-01 7.911e+04
1.921e-01 1.356e+05
1.755e-01 1.434e+05
1.794e-01 1.420e+05
1.915e-01 1.359e+05
1.793e-01 1.445e+05
2.040e-01 1.192e+05
1.803e-01 1.436e+05
1.814e-01 1.404e+05
1.738e-01 1.477e+05
1.795e-01 1.429e+05
2.518e-01 1.006e+05
1.760e-01 1.409e+05
1.770e-01 1.478e+05
1.835e-01 1.399e+05
1.840e-01 1.405e+05
1.729e-01 1.494e+05
1.810e-01 1.377e+05
1.745e-01 1.451e+05
1.841e-01 1.407e+05
1.867e-01 1.360e+05
1.754e-01 1.442e+05
1.737e-01 1.479e+05
1.806e-01 1.447e+05
1.820e-01 1.408e+05
1.835e-01 1.400e+05
1.845e-01 1.382e+05
2.151e-01 1.211e+05
1.778e-01 1.443e+05
1.806e-01 1.417e+05
3.072e-01 9.150e+04
1.779e-01 1.437e+05
2.829e-01 8.807e+04
1.806e-01 1.418e+05
1.826e-01 1.442e+05
1.795e-01 1.433e+05
1.753e-01 1.441e+05
2.522e-01 1.049e+05
1.907e-01 1.339e+05
1.708e-01 1.503e+05
2.210e-01 1.221e+05
1.783e-01 1.432e+05
1.739e-01 1.472e+05
1.859e-01 1.363e+05
1.813e-01 1.443e+05
1.865e-01 1.358e+05
1.793e-01 1.420e+05
1.837e-01 1.375e+05
1.779e-01 1.444e+05
1.897e-01 1.347e+05
2.140e-01 1.159e+05
1.727e-01 1.446e+05
1.768e-01 1.419e+05
1.770e-01 1.461e+05
1.708e-01 1.498e+05
2.619e-01 9.685e+04
3.128e-01 8.693e+04
1.770e-01 1.427e+05
1.838e-01 1.417e+05
1.810e-01 1.386e+05
1.879e-01 1.404e+05
1.833e-01 1.405e+05
1.802e-01 1.434e+05
1.733e-01 1.494e+05
1.865e-01 1.384e+05
1.726e-01 1.471e+05
1.744e-01 1.492e+05
1.779e-01 1.433e+05
1.744e-01 1.453e+05
1.727e-01 1.497e+05
1.782e-01 1.462e+05
2.643e-01 9.431e+04
2.005e-01 1.332e+05
1.810e-01 1.398e+05
1.907e-01 1.363e+05
1.857e-01 1.404e+05
1.750e-01 1.482e+05
1.901e-01 1.362e+05
1.714e-01 1.476e+05
1.798e-01 1.441e+05
1.831e-01 1.394e+05
3.049e-01 8.638e+04
1.848e-01 1.404e+05
1.878e-01 1.372e+05
1.807e-01 1.456e+05
1.718e-01 1.504e+05
2.547e-01 9.841e+04
1.813e-01 1.436e+05
1.860e-01 1.369e+05
1.785e-01 1.392e+05
1.823e-01 1.412e+05
1.832e-01 1.404e+05
1.802e-01 1.420e+05
1.763e-01 1.425e+05
1.744e-01 1.485e+05
2.328e-01 1.087e+05
1.741e-01 1.437e+05
1.790e-01 1.433e+05
1.772e-01 1.447e+05
1.723e-01 1.488e+05
2.601e-01 9.895e+04
1.846e-01 1.405e+05
1.876e-01 1.361e+05
1.849e-01 1.365e+05
1.828e-01 1.387e+05
2.154e-01 1.174e+05
1.874e-01 1.372e+05
1.748e-01 1.492e+05
1.761e-01 1.447e+05
1.795e-01 1.435e+05
1.841e-01 1.394e+05
2.247e-01 1.051e+05
1.768e-01 1.446e+05
1.796e-01 1.463e+05
1.783e-01 1.436e+05
1.791e-01 1.438e+05
1.780e-01 1.444e+05
1.837e-01 1.416e+05
1.821e-01 1.397e+05
1.841e-01 1.430e+05
1.843e-01 1.410e+05
1.861e-01 1.378e+05
2.139e-01 1.181e+05
1.816e-01 1.437e+05
2.222e-01 1.147e+05
1.798e-01 1.435e+05
1.776e-01 1.439e+05
2.062e-01 1.244e+05
1.848e-01 1.413e+05
1.809e-01 1.446e+05
1.799e-01 1.463e+05
1.808e-01 1.419e+05
1.854e-01 1.392e+05
2.447e-01 1.048e+05
1.942e-01 1.296e+05
1.713e-01 1.497e+05
1.766e-01 1.426e+05
1.883e-01 1.373e+05
1.851e-01 1.370e+05
2.290e-01 1.105e+05
1.798e-01 1.389e+05
1.782e-01 1.417e+05
1.764e-01 1.485e+05
2.011e-01 1.271e+05
1.967e-01 1.324e+05
1.784e-01 1.414e+05
2.709e-01 9.431e+04
1.817e-01 1.404e+05
1.780e-01 1.444e+05
1.783e-01 1.386e+05
1.849e-01 1.367e+05
1.741e-01 1.485e+05
2.728e-01 9.716e+04
1.805e-01 1.393e+05
2.601e-01 1.024e+05
1.801e-01 1.439e+05
1.705e-01 1.513e+05
1.857e-01 1.366e+05
2.006e-01 1.298e+05
1.784e-01 1.432e+05
1.730e-01 1.499e+05
1.803e-01 1.421e+05
1.860e-01 1.389e+05
3.125e-01 8.633e+04
1.763e-01 1.432e+05
1.943e-01 1.341e+05
1.875e-01 1.359e+05
1.939e-01 1.351e+05
1.895e-01 1.357e+05
1.792e-01 1.428e+05
1.809e-01 1.408e+05
1.869e-01 1.383e+05
1.829e-01 1.427e+05
1.798e-01 1.423e+05
1.817e-01 1.392e+05
1.863e-01 1.375e+05
1.825e-01 1.400e+05
1.729e-01 1.486e+05
1.764e-01 1.438e+05
1.744e-01 1.498e+05
1.764e-01 1.425e+05
1.805e-01 1.390e+05
2.327e-01 9.948e+04
1.739e-01 1.463e+05
2.611e-01 9.522e+04
1.818e-01 1.438e+05
2.097e-01 1.198e+05
1.796e-01 1.418e+05
2.427e-01 1.123e+05
1.899e-01 1.373e+05
2.402e-01 9.866e+04
1.797e-01 1.407e+05
2.856e-01 9.459e+04
1.857e-01 1.365e+05
1.836e-01 1.395e+05
1.884e-01 1.326e+05
2.009e-01 1.252e+05
1.895e-01 1.363e+05
1.948e-01 1.329e+05
2.715e-01 9.546e+04
1.806e-01 1.404e+05
1.823e-01 1.376e+05
1.934e-01 1.332e+05
1.759e-01 1.458e+05
1.798e-01 1.375e+05
1.927e-01 1.311e+05
1.858e-01 1.354e+05
1.807e-01 1.450e+05
1.816e-01 1.402e+05
1.787e-01 1.433e+05
1.926e-01 1.330e+05
1.871e-01 1.361e+05
1.824e-01 1.396e+05
2.409e-01 1.109e+05
1.824e-01 1.412e+05
1.818e-01 1.413e+05
1.802e-01 1.426e+05
1.713e-01 1.493e+05
1.848e-01 1.420e+05
1.886e-01 1.356e+05
2.312e-01 1.150e+05
1.993e-01 1.306e+05
1.755e-01 1.462e+05
1.834e-01 1.389e+05
1.798e-01 1.460e+05
1.828e-01 1.384e+05
1.843e-01 1.368e+05
1.766e-01 1.439e+05
2.897e-01 8.673e+04
1.763e-01 1.473e+05
1.821e-01 1.408e+05
1.845e-01 1.387e+05
1.794e-01 1.429e+05
1.754e-01 1.452e+05
1.812e-01 1.432e+05
1.724e-01 1.484e+05
1.801e-01 1.412e+05
1.771e-01 1.470e+05
1.804e-01 1.401e+05
2.663e-01 9.130e+04
2.244e-01 1.177e+05
1.923e-01 1.378e+05
1.799e-01 1.459e+05
2.892e-01 8.173e+04
2.303e-01 1.109e+05
1.732e-01 1.458e+05
1.834e-01 1.409e+05
1.822e-01 1.407e+05
1.741e-01 1.460e+05
1.827e-01 1.396e+05
1.779e-01 1.430e+05
1.848e-01 1.352e+05
1.809e-01 1.361e+05
1.872e-01 1.339e+05
1.749e-01 1.447e+05
2.496e-01 9.450e+04
1.919e-01 1.318e+05
2.739e-01 9.061e+04
1.737e-01 1.496e+05
1.775e-01 1.427e+05
1.801e-01 1.444e+05
1.860e-01 1.391e+05
1.811e-01 1.417e+05
1.795e-01 1.440e+05
2.148e-01 1.087e+05
1.829e-01 1.427e+05
2.908e-01 8.450e+04
1.865e-01 1.395e+05
2.916e-01 9.446e+04
2.057e-01 1.241e+05
1.847e-01 1.385e+05
1.855e-01 1.377e+05
2.605e-01 1.050e+05
3.080e-01 8.389e+04
2.710e-01 9.420e+04
1.860e-01 1.414e+05
1.811e-01 1.435e+05
1.732e-01 1.504e+05
1.784e-01 1.465e+05
1.720e-01 1.493e+05
1.787e-01 1.412e+05
1.732e-01 1.479e+05
1.715e-01 1.494e+05
1.891e-01 1.358e+05
1.738e-01 1.448e+05
1.720e-01 1.476e+05
1.803e-01 1.419e+05
1.841e-01 1.397e+05
1.795e-01 1.443e+05
1.747e-01 1.471e+05
2.672e-01 9.822e+04
2.210e-01 1.118e+05
1.791e-01 1.437e+05
1.796e-01 1.430e+05
1.748e-01 1.471e+05
1.807e-01 1.425e+05
1.801e-01 1.434e+05
2.235e-01 1.191e+05
1.821e-01 1.437e+05
2.616e-01 1.065e+05
1.807e-01 1.428e+05
1.972e-01 1.329e+05
1.747e-01 1.461e+05
3.374e-01 8.663e+04
1.818e-01 1.429e+05
1.773e-01 1.446e+05
1.736e-01 1.479e+05
1.748e-01 1.444e+05
1.802e-01 1.430e+05
1.843e-01 1.354e+05
2.834e-01 7.994e+04
1.794e-01 1.435e+05
1.822e-01 1.442e+05
1.749e-01 1.439e+05
1.845e-01 1.376e+05
1.818e-01 1.373e+05
1.800e-01 1.428e+05
1.768e-01 1.451e+05
1.794e-01 1.434e+05
1.820e-01 1.415e+05
1.785e-01 1.423e+05
1.893e-01 1.343e+05
1.779e-01 1.447e+05
1.771e-01 1.410e+05
1.907e-01 1.357e+05
2.126e-01 1.146e+05
1.725e-01 1.466e+05
1.910e-01 1.354e+05
1.717e-01 1.503e+05
1.768e-01 1.441e+05
1.791e-01 1.440e+05
1.855e-01 1.408e+05
1.909e-01 1.358e+05
2.902e-01 9.163e+04
1.762e-01 1.424e+05
1.812e-01 1.438e+05
1.729e-01 1.469e+05
1.765e-01 1.476e+05
1.851e-01 1.372e+05
2.146e-01 1.152e+05
1.776e-01 1.422e+05
2.583e-01 9.653e+04
1.803e-01 1.426e+05
2.582e-01 9.945e+04
1.855e-01 1.408e+05
1.902e-01 1.365e+05
2.083e-01 1.261e+05
1.723e-01 1.466e+05
1.767e-01 1.422e+05
1.738e-01 1.456e+05
1.901e-01 1.373e+05
1.830e-01 1.429e+05
1.803e-01 1.402e+05
1.774e-01 1.427e+05
1.785e-01 1.438e+05
1.735e-01 1.455e+05
2.569e-01 8.928e+04
1.781e-01 1.452e+05
1.783e-01 1.433e+05
1.803e-01 1.408e+05
2.612e-01 9.119e+04
1.825e-01 1.408e+05
1.871e-01 1.337e+05
1.808e-01 1.421e+05
1.955e-01 1.296e+05
1.819e-01 1.424e+05
1.814e-01 1.353e+05
1.890e-01 1.346e+05
1.835e-01 1.425e+05
1.774e-01 1.458e+05
1.860e-01 1.379e+05
1.861e-01 1.412e+05
1.798e-01 1.457e+05
1.802e-01 1.446e+05
2.449e-01 1.037e+05
1.842e-01 1.400e+05
1.791e-01 1.434e+05
1.837e-01 1.396e+05
1.800e-01 1.425e+05
1.769e-01 1.404e+05
1.930e-01 1.278e+05
1.770e-01 1.477e+05
1.745e-01 1.445e+05
2.649e-01 9.546e+04
2.396e-01 1.025e+05
1.956e-01 1.333e+05
1.743e-01 1.469e+05
2.285e-01 1.123e+05
1.771e-01 1.445e+05
2.073e-01 1.183e+05
1.815e-01 1.432e+05
1.816e-01 1.437e+05
2.939e-01 8.768e+04
1.752e-01 1.468e+05
1.791e-01 1.444e+05
1.758e-01 1.456e+05
1.720e-01 1.472e+05
1.846e-01 1.369e+05
1.769e-01 1.417e+05
1.826e-01 1.367e+05
1.788e-01 1.428e+05
1.756e-01 1.493e+05
2.458e-01 1.022e+05
1.881e-01 1.369e+05
1.857e-01 1.380e+05
2.172e-01 1.229e+05
1.779e-01 1.433e+05
1.933e-01 1.367e+05
2.361e-01 1.063e+05
1.855e-01 1.395e+05
1.828e-01 1.420e+05
1.758e-01 1.439e+05
1.818e-01 1.403e+05
1.814e-01 1.416e+05
1.834e-01 1.404e+05
1.758e-01 1.441e+05
1.744e-01 1.465e+05
1.814e-01 1.428e+05
1.759e-01 1.452e+05
1.869e-01 1.395e+05
1.750e-01 1.460e+05
1.752e-01 1.454e+05
1.810e-01 1.422e+05
1.853e-01 1.390e+05
1.816e-01 1.406e+05
1.835e-01 1.390e+05
1.901e-01 1.308e+05
2.952e-01 8.684e+04
1.777e-01 1.435e+05
1.825e-01 1.378e+05
1.828e-01 1.400e+05
1.760e-01 1.454e+05
2.208e-01 1.158e+05
2.027e-01 1.196e+05
2.217e-01 1.116e+05
1.839e-01 1.408e+05
1.811e-01 1.403e+05
1.840e-01 1.315e+05
1.812e-01 1.400e+05
2.781e-01 9.275e+04
2.548e-01 9.839e+04
1.814e-01 1.370e+05
1.841e-01 1.404e+05
1.911e-01 1.273e+05
1.795e-01 1.432e+05
1.977e-01 1.297e+05
1.793e-01 1.428e+05
1.790e-01 1.437e+05
1.789e-01 1.442e+05
1.864e-01 1.360e+05
3.109e-01 8.678e+04
1.801e-01 1.417e+05
1.872e-01 1.367e+05
1.777e-01 1.435e+05
1.831e-01 1.413e+05
1.792e-01 1.446e+05
1.821e-01 1.392e+05
1.959e-01 1.314e+05
1.984e-01 1.299e+05
1.786e-01 1.391e+05
1.850e-01 1.386e+05
1.807e-01 1.411e+05
1.741e-01 1.473e+05
3.203e-01 8.649e+04
1.706e-01 1.502e+05
1.733e-01 1.451e+05
1.758e-01 1.480e+05
1.754e-01 1.481e+05
1.763e-01 1.407e+05
1.764e-01 1.462e+05
1.838e-01 1.433e+05
1.738e-01 1.458e+05
1.771e-01 1.419e+05
1.989e-01 1.322e+05
1.905e-01 1.359e+05
1.796e-01 1.403e+05
1.808e-01 1.448e+05
1.820e-01 1.422e+05
1.816e-01 1.436e+05
1.931e-01 1.296e+05
1.961e-01 1.310e+05
1.850e-01 1.388e+05
1.864e-01 1.396e+05
1.830e-01 1.426e+05
1.964e-01 1.271e+05
1.841e-01 1.415e+05
2.470e-01 1.010e+05
1.765e-01 1.434e+05
1.781e-01 1.427e+05
1.882e-01 1.333e+05
1.824e-01 1.388e+05
1.816e-01 1.409e+05
1.846e-01 1.369e+05
1.875e-01 1.363e+05
2.058e-01 1.201e+05
1.784e-01 1.423e+05
2.172e-01 1.197e+05
1.805e-01 1.410e+05
1.804e-01 1.441e+05
1.903e-01 1.361e+05
3.027e-01 8.019e+04
1.819e-01 1.411e+05
1.928e-01 1.280e+05
2.788e-01 9.652e+04
1.814e-01 1.403e+05
1.784e-01 1.458e+05
2.193e-01 1.147e+05
1.881e-01 1.384e+05
1.797e-01 1.434e+05
1.970e-01 1.202e+05
1.878e-01 1.335e+05
1.775e-01 1.464e+05
1.796e-01 1.424e+05
1.849e-01 1.407e+05
1.742e-01 1.494e+05
1.895e-01 1.358e+05
1.775e-01 1.407e+05
1.720e-01 1.501e+05
1.865e-01 1.365e+05
1.815e-01 1.399e+05
2.013e-01 1.298e+05
1.782e-01 1.389e+05
1.789e-01 1.390e+05
1.728e-01 1.491e+05
1.822e-01 1.383e+05
1.933e-01 1.253e+05
1.788e-01 1.429e+05
1.715e-01 1.474e+05
1.831e-01 1.420e+05
1.756e-01 1.449e+05
1.800e-01 1.430e+05
1.811e-01 1.432e+05
1.794e-01 1.433e+05
1.809e-01 1.424e+05
1.823e-01 1.388e+05
2.240e-01 1.141e+05
1.721e-01 1.486e+05
1.770e-01 1.453e+05
1.810e-01 1.400e+05
1.820e-01 1.418e+05
1.975e-01 1.215e+05
1.892e-01 1.385e+05
1.814e-01 1.379e+05
1.811e-01 1.441e+05
1.786e-01 1.431e+05
1.902e-01 1.380e+05
1.790e-01 1.429e+05
2.154e-01 1.179e+05
1.831e-01 1.434e+05
2.273e-01 1.079e+05
1.961e-01 1.295e+05
1.763e-01 1.456e+05
1.788e-01 1.427e+05
1.815e-01 1.416e+05
1.800e-01 1.442e+05
2.013e-01 1.296e+05
1.775e-01 1.435e+05
1.805e-01 1.418e+05
1.742e-01 1.488e+05
2.143e-01 1.173e+05
1.920e-01 1.353e+05
1.870e-01 1.344e+05
1.816e-01 1.419e+05
1.749e-01 1.467e+05
2.036e-01 1.175e+05
1.834e-01 1.364e+05
1.762e-01 1.440e+05
1.837e-01 1.396e+05
1.788e-01 1.427e+05
1.786e-01 1.440e+05
1.814e-01 1.437e+05
1.912e-01 1.327e+05
3.025e-01 9.190e+04
1.811e-01 1.413e+05
1.777e-01 1.438e+05
1.822e-01 1.393e+05
1.770e-01 1.440e+05
1.792e-01 1.449e+05
1.811e-01 1.422e+05
1.874e-01 1.397e+05
1.732e-01 1.505e+05
1.854e-01 1.414e+05
1.767e-01 1.430e+05
1.800e-01 1.411e+05
2.378e-01 1.085e+05
1.918e-01 1.344e+05
1.840e-01 1.395e+05
1.846e-01 1.389e+05
2.187e-01 1.082e+05
1.891e-01 1.319e+05
1.791e-01 1.422e+05
1.856e-01 1.398e+05
1.823e-01 1.400e+05
1.773e-01 1.450e+05
1.768e-01 1.417e+05
1.781e-01 1.446e+05
1.844e-01 1.360e+05
2.028e-01 1.163e+05
1.825e-01 1.422e+05
1.830e-01 1.409e+05
3.104e-01 8.389e+04
1.828e-01 1.397e+05
1.790e-01 1.439e+05
1.746e-01 1.458e+05
1.852e-01 1.383e+05
1.747e-01 1.442e+05
1.780e-01 1.383e+05
1.748e-01 1.434e+05
1.718e-01 1.474e+05
1.809e-01 1.421e+05
1.778e-01 1.440e+05
1.827e-01 1.416e+05
1.873e-01 1.353e+05
1.883e-01 1.342e+05
1.764e-01 1.453e+05
1.895e-01 1.342e+05
1.814e-01 1.421e+05
1.766e-01 1.463e+05
2.770e-01 9.128e+04
1.760e-01 1.448e+05
1.815e-01 1.429e+05
1.720e-01 1.497e+05
1.852e-01 1.412e+05
1.824e-01 1.425e+05
1.787e-01 1.418e+05
1.791e-01 1.431e+05
1.774e-01 1.447e+05
2.433e-01 1.062e+05
1.834e-01 1.408e+05
2.314e-01 1.150e+05
1.906e-01 1.373e+05
1.849e-01 1.409e+05
1.765e-01 1.472e+05
1.786e-01 1.387e+05
1.806e-01 1.419e+05
3.235e-01 8.553e+04
1.819e-01 1.409e+05
2.190e-01 1.126e+05
2.383e-01 1.124e+05
1.756e-01 1.441e+05
1.823e-01 1.397e+05
1.791e-01 1.433e+05
1.721e-01 1.478e+05
1.760e-01 1.457e+05
1.882e-01 1.395e+05
3.182e-01 8.063e+04
1.773e-01 1.453e+05
1.762e-01 1.433e+05
1.876e-01 1.383e+05
1.919e-01 1.348e+05
1.766e-01 1.420e+05
1.804e-01 1.447e+05
2.578e-01 1.024e+05
1.766e-01 1.439e+05
1.892e-01 1.357e+05
1.764e-01 1.431e+05
1.817e-01 1.395e+05
1.802e-01 1.442e+05
1.784e-01 1.446e+05
1.846e-01 1.396e+05
1.820e-01 1.380e+05
1.766e-01 1.418e+05
1.775e-01 1.408e+05
1.809e-01 1.398e+05
1.857e-01 1.387e+05
2.784e-01 8.643e+04
2.119e-01 1.240e+05
1.821e-01 1.414e+05
1.899e-01 1.380e+05
1.764e-01 1.484e+05
1.775e-01 1.466e+05
1.858e-01 1.388e+05
1.718e-01 1.489e+05
1.761e-01 1.444e+05
1.890e-01 1.333e+05
1.760e-01 1.422e+05
1.844e-01 1.374e+05
1.803e-01 1.433e+05
1.755e-01 1.435e+05
1.800e-01 1.413e+05
1.719e-01 1.502e+05
1.811e-01 1.411e+05
1.953e-01 1.320e+05
1.820e-01 1.428e+05
1.860e-01 1.387e+05
1.797e-01 1.395e+05
1.804e-01 1.447e+05
1.775e-01 1.427e+05
1.755e-01 1.476e+05
1.895e-01 1.360e+05
1.816e-01 1.396e+05
2.153e-01 1.157e+05
1.850e-01 1.386e+05
1.800e-01 1.436e+05
1.817e-01 1.416e+05
2.255e-01 1.171e+05
1.810e-01 1.409e+05
1.770e-01 1.436e+05
1.782e-01 1.456e+05
1.760e-01 1.460e+05
1.879e-01 1.371e+05
1.815e-01 1.416e+05
1.833e-01 1.429e+05
1.728e-01 1.504e+05
2.076e-01 1.276e+05
3.110e-01 8.943e+04
1.787e-01 1.448e+05
1.808e-01 1.405e+05
1.730e-01 1.499e+05
1.796e-01 1.420e+05
1.731e-01 1.500e+05
1.856e-01 1.365e+05
1.906e-01 1.367e+05
1.800e-01 1.449e+05
1.818e-01 1.395e+05
2.681e-01 9.465e+04
1.787e-01 1.392e+05
2.676e-01 9.129e+04
1.804e-01 1.379e+05
2.462e-01 1.011e+05
1.717e-01 1.504e+05
1.773e-01 1.451e+05
1.762e-01 1.453e+05
1.914e-01 1.327e+05
1.911e-01 1.361e+05
2.157e-01 1.171e+05
1.764e-01 1.443e+05
1.875e-01 1.393e+05
1.864e-01 1.399e+05
1.734e-01 1.447e+05
1.825e-01 1.389e+05
1.884e-01 1.327e+05
1.778e-01 1.397e+05
1.822e-01 1.419e+05
1.773e-01 1.413e+05
2.776e-01 9.415e+04
1.780e-01 1.404e+05
1.826e-01 1.431e+05
1.847e-01 1.428e+05
1.798e-01 1.398e+05
1.825e-01 1.369e+05
1.774e-01 1.427e+05
1.754e-01 1.486e+05
1.777e-01 1.412e+05
1.798e-01 1.426e+05
1.790e-01 1.448e+05
1.775e-01 1.448e+05
2.278e-01 1.163e+05
1.865e-01 1.305e+05
1.948e-01 1.352e+05
1.803e-01 1.424e+05
1.835e-01 1.359e+05
1.862e-01 1.400e+05
1.872e-01 1.369e+05
3.125e-01 8.245e+04
1.879e-01 1.352e+05
1.784e-01 1.417e+05
1.810e-01 1.402e+05
1.898e-01 1.359e+05
1.766e-01 1.442e+05
1.739e-01 1.464e+05
1.749e-01 1.447e+05
1.720e-01 1.479e+05
1.881e-01 1.372e+05
2.441e-01 1.108e+05
1.890e-01 1.370e+05
1.814e-01 1.421e+05
1.861e-01 1.343e+05
1.849e-01 1.401e+05
1.811e-01 1.410e+05
1.790e-01 1.418e+05
1.852e-01 1.377e+05
1.850e-01 1.369e+05
1.831e-01 1.443e+05
2.233e-01 1.161e+05
2.029e-01 1.221e+05
1.767e-01 1.455e+05
1.836e-01 1.437e+05
1.834e-01 1.423e+05
2.224e-01 1.132e+05
1.730e-01 1.467e+05
2.004e-01 1.278e+05
1.797e-01 1.462e+05
1.870e-01 1.377e+05
2.206e-01 1.088e+05
1.889e-01 1.375e+05
1.779e-01 1.455e+05
1.821e-01 1.400e+05
1.767e-01 1.437e+05
1.807e-01 1.416e+05
1.829e-01 1.414e+05
1.805e-01 1.413e+05
1.872e-01 1.366e+05
1.846e-01 1.398e+05
1.812e-01 1.417e+05
1.804e-01 1.406e+05
1.770e-01 1.429e+05
1.774e-01 1.475e+05
1.772e-01 1.417e+05
1.951e-01 1.273e+05
2.035e-01 1.245e+05
1.727e-01 1.505e+05
1.844e-01 1.420e+05
1.841e-01 1.380e+05
1.807e-01 1.419e+05
1.771e-01 1.446e+05
1.829e-01 1.392e+05
1.935e-01 1.239e+05
3.428e-01 8.124e+04
1.827e-01 1.418e+05
1.893e-01 1.357e+05
1.793e-01 1.356e+05
1.809e-01 1.410e+05
1.832e-01 1.409e+05
1.749e-01 1.454e+05
1.816e-01 1.383e+05
1.794e-01 1.424e+05
1.885e-01 1.342e+05
1.781e-01 1.432e+05
1.767e-01 1.441e+05
1.931e-01 1.328e+05
1.761e-01 1.457e+05
1.858e-01 1.394e+05
1.790e-01 1.462e+05
1.788e-01 1.430e+05
1.885e-01 1.374e+05
1.812e-01 1.444e+05
1.894e-01 1.349e+05
2.350e-01 1.165e+05
1.914e-01 1.352e+05
2.800e-01 9.209e+04
1.955e-01 1.311e+05
1.778e-01 1.384e+05
3.240e-01 8.306e+04
1.812e-01 1.427e+05
1.776e-01 1.457e+05
1.791e-01 1.445e+05
1.763e-01 1.447e+05
1.813e-01 1.371e+05
1.937e-01 1.349e+05
1.839e-01 1.391e+05
1.818e-01 1.391e+05
2.375e-01 1.115e+05
1.820e-01 1.425e+05
1.768e-01 1.462e+05
1.782e-01 1.415e+05
1.799e-01 1.438e+05
1.738e-01 1.488e+05
1.804e-01 1.454e+05
2.692e-01 1.022e+05
1.759e-01 1.457e+05
2.270e-01 1.165e+05
1.859e-01 1.419e+05
2.277e-01 1.057e+05
1.889e-01 1.359e+05
1.756e-01 1.439e+05
1.816e-01 1.378e+05
1.805e-01 1.395e+05
1.837e-01 1.396e+05
1.817e-01 1.396e+05
1.757e-01 1.460e+05
1.768e-01 1.442e+05
1.783e-01 1.427e+05
1.869e-01 1.364e+05
1.777e-01 1.463e+05
2.215e-01 1.172e+05
1.787e-01 1.451e+05
2.158e-01 1.242e+05
1.782e-01 1.444e+05
2.916e-01 9.055e+04
3.177e-01 8.449e+04
1.833e-01 1.394e+05
1.786e-01 1.402e+05
1.769e-01 1.445e+05
1.822e-01 1.394e+05
2.235e-01 1.048e+05
1.754e-01 1.478e+05
1.876e-01 1.354e+05
1.797e-01 1.445e+05
1.837e-01 1.423e+05
1.771e-01 1.458e+05
1.770e-01 1.461e+05
1.861e-01 1.364e+05
1.948e-01 1.328e+05
1.756e-01 1.446e+05
1.810e-01 1.430e+05
2.793e-01 8.672e+04
1.892e-01 1.307e+05
2.245e-01 1.150e+05
2.040e-01 1.248e+05
1.862e-01 1.394e+05
1.768e-01 1.439e+05
1.866e-01 1.358e+05
1.775e-01 1.439e+05
1.855e-01 1.416e+05
1.809e-01 1.409e+05
1.855e-01 1.387e+05
1.847e-01 1.375e+05
1.798e-01 1.428e+05
1.731e-01 1.491e+05
1.807e-01 1.351e+05
1.787e-01 1.440e+05
1.819e-01 1.400e+05
1.784e-01 1.419e+05
2.116e-01 1.201e+05
1.763e-01 1.434e+05
1.832e-01 1.406e+05
2.093e-01 1.194e+05
2.235e-01 1.097e+05
1.777e-01 1.416e+05
1.781e-01 1.438e+05
1.873e-01 1.376e+05
1.793e-01 1.442e+05
1.808e-01 1.415e+05
1.769e-01 1.444e+05
1.779e-01 1.409e+05
1.812e-01 1.448e+05
1.861e-01 1.400e+05
1.950e-01 1.307e+05
1.745e-01 1.490e+05
1.796e-01 1.427e+05
1.903e-01 1.363e+05
1.766e-01 1.445e+05
1.871e-01 1.369e+05
1.825e-01 1.411e+05
1.893e-01 1.362e+05
1.789e-01 1.447e+05
1.824e-01 1.418e+05
1.831e-01 1.423e+05
1.846e-01 1.393e+05
1.754e-01 1.484e+05
1.820e-01 1.407e+05
1.791e-01 1.419e+05
1.794e-01 1.456e+05
1.871e-01 1.365e+05
1.960e-01 1.235e+05
1.830e-01 1.403e+05
2.945e-01 8.919e+04
1.864e-01 1.348e+05
2.167e-01 1.183e+05
2.533e-01 9.759e+04
1.809e-01 1.442e+05
1.796e-01 1.426e+05
1.840e-01 1.433e+05
1.989e-01 1.309e+05
1.860e-01 1.401e+05
1.757e-01 1.427e+05
1.776e-01 1.459e+05
1.812e-01 1.406e+05
1.878e-01 1.330e+05
2.209e-01 1.116e+05
1.710e-01 1.494e+05
1.824e-01 1.437e+05
1.849e-01 1.404e+05
1.737e-01 1.486e+05
1.846e-01 1.316e+05
1.953e-01 1.304e+05
1.823e-01 1.411e+05
1.719e-01 1.487e+05
1.815e-01 1.409e+05
1.859e-01 1.378e+05
1.839e-01 1.403e+05
1.800e-01 1.457e+05
1.727e-01 1.497e+05
1.795e-01 1.459e+05
2.047e-01 1.200e+05
1.936e-01 1.321e+05
1.800e-01 1.416e+05
2.056e-01 1.235e+05
1.758e-01 1.475e+05
1.792e-01 1.402e+05
1.828e-01 1.394e+05
1.753e-01 1.446e+05
1.771e-01 1.406e+05
1.943e-01 1.348e+05
1.779e-01 1.385e+05
3.222e-01 7.817e+04
1.778e-01 1.449e+05
1.936e-01 1.285e+05
2.977e-01 8.846e+04
1.803e-01 1.391e+05
1.770e-01 1.456e+05
1.920e-01 1.343e+05
1.784e-01 1.383e+05
1.737e-01 1.496e+05
1.758e-01 1.446e+05
1.849e-01 1.375e+05
1.770e-01 1.430e+05
1.795e-01 1.417e+05
1.811e-01 1.389e+05
1.767e-01 1.445e+05
1.807e-01 1.430e+05
1.846e-01 1.396e+05
1.786e-01 1.443e+05
1.757e-01 1.482e+05
1.867e-01 1.407e+05
1.867e-01 1.314e+05
1.832e-01 1.397e+05
1.781e-01 1.451e+05
1.837e-01 1.438e+05
1.898e-01 1.364e+05
1.825e-01 1.426e+05
2.685e-01 9.543e+04
1.775e-01 1.419e+05
1.935e-01 1.319e+05
1.888e-01 1.371e+05
1.773e-01 1.416e+05
1.820e-01 1.414e+05
1.917e-01 1.339e+05
1.820e-01 1.403e+05
1.919e-01 1.304e+05
2.788e-01 9.200e+04
1.742e-01 1.492e+05
2.275e-01 1.156e+05
1.932e-01 1.302e+05
1.782e-01 1.442e+05
1.771e-01 1.455e+05
1.737e-01 1.496e+05
1.999e-01 1.302e+05
1.829e-01 1.364e+05
1.797e-01 1.438e+05
1.730e-01 1.458e+05
1.731e-01 1.457e+05
1.836e-01 1.398e+05
2.502e-01 1.022e+05
1.792e-01 1.414e+05
1.750e-01 1.474e+05
1.853e-01 1.366e+05
1.834e-01 1.392e+05
1.747e-01 1.438e+05
1.918e-01 1.353e+05
1.741e-01 1.454e+05
2.084e-01 1.174e+05
1.806e-01 1.405e+05
1.834e-01 1.391e+05
1.866e-01 1.406e+05
1.891e-01 1.373e+05
1.766e-01 1.437e+05
1.892e-01 1.314e+05
1.785e-01 1.427e+05
1.785e-01 1.435e+05
2.713e-01 1.038e+05
1.874e-01 1.362e+05
1.831e-01 1.368e+05
1.892e-01 1.305e+05
2.553e-01 1.019e+05
2.094e-01 1.245e+05
1.761e-01 1.414e+05
1.951e-01 1.338e+05
1.820e-01 1.358e+05
1.841e-01 1.405e+05
1.792e-01 1.416e+05
1.736e-01 1.492e+05
1.781e-01 1.424e+05
1.813e-01 1.410e+05
1.876e-01 1.383e+05
1.880e-01 1.397e+05
1.778e-01 1.441e+05
1.799e-01 1.433e+05
1.774e-01 1.416e+05
2.573e-01 1.035e+05
2.886e-01 8.781e+04
1.797e-01 1.424e+05
2.517e-01 1.010e+05
1.855e-01 1.352e+05
1.867e-01 1.365e+05
1.898e-01 1.355e+05
1.821e-01 1.404e+05
1.896e-01 1.368e+05
2.939e-01 8.898e+04
1.847e-01 1.416e+05
2.531e-01 1.065e+05
1.970e-01 1.339e+05
1.827e-01 1.436e+05
1.800e-01 1.447e+05
1.749e-01 1.455e+05
1.818e-01 1.408e+05
3.037e-01 8.773e+04
1.737e-01 1.457e+05
1.887e-01 1.357e+05
1.806e-01 1.418e+05
1.785e-01 1.423e+05
1.765e-01 1.450e+05
2.006e-01 1.181e+05
1.783e-01 1.417e+05
1.719e-01 1.468e+05
1.743e-01 1.458e+05
2.688e-01 9.451e+04
1.741e-01 1.423e+05
2.317e-01 1.092e+05
1.902e-01 1.361e+05
1.882e-01 1.364e+05
1.848e-01 1.396e+05
1.827e-01 1.407e+05
1.849e-01 1.388e+05
2.201e-01 1.143e+05
1.796e-01 1.411e+05
2.960e-01 8.727e+04
1.787e-01 1.443e+05
1.852e-01 1.384e+05
1.785e-01 1.431e+05
1.765e-01 1.472e+05
1.772e-01 1.406e+05
1.743e-01 1.479e+05
1.749e-01 1.430e+05
1.818e-01 1.413e+05
1.843e-01 1.376e+05
1.795e-01 1.434e+05
1.700e-01 1.503e+05
1.791e-01 1.468e+05
2.303e-01 1.125e+05
1.911e-01 1.324e+05
2.738e-01 9.518e+04
1.770e-01 1.446e+05
1.850e-01 1.399e+05
1.788e-01 1.468e+05
1.882e-01 1.375e+05
1.770e-01 1.429e+05
2.628e-01 9.117e+04
1.801e-01 1.409e+05
2.055e-01 1.243e+05
1.819e-01 1.425e+05
1.873e-01 1.365e+05
1.836e-01 1.400e+05
1.796e-01 1.439e+05
1.922e-01 1.325e+05
1.763e-01 1.430e+05
1.873e-01 1.369e+05
1.809e-01 1.417e+05
1.821e-01 1.403e+05
2.453e-01 9.842e+04
1.777e-01 1.398e+05
1.825e-01 1.375e+05
1.766e-01 1.456e+05
1.813e-01 1.439e+05
2.057e-01 1.248e+05
1.787e-01 1.425e+05
2.859e-01 8.431e+04
1.812e-01 1.415e+05
1.799e-01 1.441e+05
1.780e-01 1.431e+05
1.829e-01 1.411e+05
1.734e-01 1.478e+05
1.895e-01 1.354e+05
1.740e-01 1.491e+05
2.260e-01 1.208e+05
1.780e-01 1.469e+05
1.804e-01 1.426e+05
1.782e-01 1.393e+05
1.818e-01 1.400e+05
1.844e-01 1.401e+05
1.844e-01 1.374e+05
2.040e-01 1.270e+05
2.267e-01 1.110e+05
2.731e-01 9.752e+04
1.856e-01 1.335e+05
1.876e-01 1.386e+05
1.886e-01 1.390e+05
1.795e-01 1.440e+05
3.178e-01 8.078e+04
1.750e-01 1.466e+05
1.872e-01 1.380e+05
1.788e-01 1.451e+05
1.750e-01 1.488e+05
1.735e-01 1.448e+05
1.791e-01 1.420e+05
1.771e-01 1.429e+05
1.768e-01 1.438e+05
2.251e-01 1.181e+05
1.886e-01 1.323e+05
1.771e-01 1.454e+05
3.140e-01 8.882e+04
1.760e-01 1.477e+05
2.366e-01 1.056e+05
1.904e-01 1.317e+05
1.807e-01 1.443e+05
1.780e-01 1.446e+05
1.733e-01 1.462e+05
1.749e-01 1.479e+05
1.838e-01 1.402e+05
1.782e-01 1.444e+05
1.903e-01 1.334e+05
1.781e-01 1.435e+05
2.032e-01 1.196e+05
1.852e-01 1.394e+05
2.988e-01 8.750e+04
1.856e-01 1.386e+05
1.706e-01 1.503e+05
1.816e-01 1.417e+05
1.823e-01 1.412e+05
1.826e-01 1.430e+05
1.721e-01 1.462e+05
1.751e-01 1.467e+05
1.899e-01 1.347e+05
1.797e-01 1.466e+05
1.843e-01 1.399e+05
1.881e-01 1.349e+05
1.869e-01 1.358e+05
1.776e-01 1.471e+05
1.742e-01 1.459e+05
1.789e-01 1.438e+05
1.749e-01 1.477e+05
2.952e-01 8.626e+04
2.077e-01 1.219e+05
1.966e-01 1.312e+05
2.460e-01 9.514e+04
1.843e-01 1.373e+05
1.995e-01 1.301e+05
2.885e-01 9.018e+04
2.513e-01 9.286e+04
2.302e-01 1.081e+05
1.710e-01 1.502e+05
1.786e-01 1.470e+05
1.846e-01 1.416e+05
1.838e-01 1.434e+05
2.386e-01 1.022e+05
1.824e-01 1.405e+05
1.797e-01 1.392e+05
1.811e-01 1.445e+05
1.788e-01 1.437e+05
1.836e-01 1.383e+05
1.808e-01 1.377e+05
1.759e-01 1.453e+05
1.844e-01 1.338e+05
2.054e-01 1.283e+05
2.067e-01 1.284e+05
1.893e-01 1.394e+05
1.833e-01 1.365e+05
2.811e-01 8.592e+04
1.837e-01 1.403e+05
1.758e-01 1.462e+05
1.764e-01 1.436e+05
1.733e-01 1.490e+05
1.794e-01 1.436e+05
2.251e-01 1.204e+05
1.747e-01 1.424e+05
1.783e-01 1.451e+05
1.785e-01 1.403e+05
1.871e-01 1.399e+05
2.018e-01 1.244e+05
2.606e-01 1.034e+05
1.812e-01 1.424e+05
1.846e-01 1.403e+05
2.059e-01 1.212e+05
1.780e-01 1.449e+05
1.745e-01 1.456e+05
1.790e-01 1.433e+05
1.766e-01 1.445e+05
1.738e-01 1.466e+05
1.794e-01 1.392e+05
1.825e-01 1.398e+05
1.788e-01 1.457e+05
2.033e-01 1.167e+05
2.888e-01 9.321e+04
1.781e-01 1.424e+05
1.781e-01 1.441e+05
1.936e-01 1.228e+05
1.818e-01 1.408e+05
2.571e-01 9.304e+04
2.650e-01 9.456e+04
1.974e-01 1.343e+05
1.886e-01 1.395e+05
1.751e-01 1.460e+05
2.011e-01 1.313e+05
1.833e-01 1.419e+05
1.764e-01 1.449e+05
2.109e-01 1.210e+05
1.795e-01 1.402e+05
1.739e-01 1.445e+05
2.127e-01 1.183e+05
1.843e-01 1.422e+05
1.779e-01 1.431e+05
1.882e-01 1.363e+05
1.784e-01 1.432e+05
2.671e-01 9.394e+04
1.819e-01 1.416e+05
1.843e-01 1.428e+05
1.873e-01 1.400e+05
1.722e-01 1.491e+05
1.849e-01 1.366e+05
1.811e-01 1.426e+05
2.782e-01 8.623e+04
1.753e-01 1.448e+05
2.663e-01 1.060e+05
1.813e-01 1.407e+05
2.176e-01 1.188e+05
2.211e-01 1.147e+05
2.385e-01 1.093e+05
1.780e-01 1.451e+05
1.959e-01 1.302e+05
1.865e-01 1.402e+05
1.735e-01 1.478e+05
1.731e-01 1.496e+05
1.824e-01 1.341e+05
1.751e-01 1.464e+05
1.844e-01 1.390e+05
1.818e-01 1.425e+05
1.764e-01 1.463e+05
1.882e-01 1.368e+05
1.783e-01 1.431e+05
1.800e-01 1.420e+05
1.831e-01 1.428e+05
1.762e-01 1.453e+05
2.664e-01 9.974e+04
1.855e-01 1.385e+05
1.971e-01 1.301e+05
1.769e-01 1.430e+05
2.122e-01 1.183e+05
1.863e-01 1.337e+05
1.848e-01 1.384e+05
1.729e-01 1.486e+05
1.834e-01 1.419e+05
2.026e-01 1.229e+05
1.722e-01 1.461e+05
1.726e-01 1.475e+05
1.778e-01 1.433e+05
1.780e-01 1.436e+05
1.812e-01 1.438e+05
1.765e-01 1.468e+05
1.824e-01 1.413e+05
1.858e-01 1.377e+05
1.822e-01 1.401e+05
1.862e-01 1.402e+05
1.821e-01 1.426e+05
1.864e-01 1.378e+05
1.945e-01 1.216e+05
1.813e-01 1.429e+05
1.806e-01 1.416e+05
1.995e-01 1.266e+05
1.836e-01 1.392e+05
1.880e-01 1.362e+05
1.739e-01 1.473e+05
1.831e-01 1.409e+05
1.803e-01 1.407e+05
1.832e-01 1.417e+05
2.280e-01 1.077e+05
3.232e-01 8.010e+04
1.962e-01 1.305e+05
3.027e-01 8.321e+04
2.352e-01 1.132e+05
1.750e-01 1.494e+05
1.779e-01 1.442e+05
1.853e-01 1.381e+05
2.662e-01 1.049e+05
1.769e-01 1.465e+05
1.754e-01 1.450e+05
1.819e-01 1.420e+05
1.830e-01 1.385e+05
1.771e-01 1.454e+05
2.474e-01 1.008e+05
1.733e-01 1.488e+05
1.858e-01 1.381e+05
1.887e-01 1.286e+05
1.730e-01 1.495e+05
1.827e-01 1.407e+05
2.214e-01 1.089e+05
2.102e-01 1.209e+05
2.122e-01 1.168e+05
1.792e-01 1.428e+05
1.719e-01 1.489e+05
1.811e-01 1.438e+05
1.994e-01 1.258e+05
2.873e-01 9.262e+04
1.846e-01 1.391e+05
1.852e-01 1.373e+05
2.022e-01 1.231e+05
1.942e-01 1.323e+05
2.144e-01 1.162e+05
1.840e-01 1.393e+05
1.871e-01 1.345e+05
1.813e-01 1.418e+05
1.759e-01 1.464e+05
1.842e-01 1.423e+05
2.822e-01 1.003e+05
1.738e-01 1.461e+05
1.888e-01 1.384e+05
1.799e-01 1.384e+05
1.833e-01 1.439e+05
2.464e-01 1.020e+05
2.327e-01 1.126e+05
1.927e-01 1.335e+05
1.902e-01 1.359e+05
1.794e-01 1.427e+05
1.863e-01 1.379e+05
1.798e-01 1.445e+05
1.962e-01 1.242e+05
2.662e-01 1.040e+05
1.822e-01 1.394e+05
1.838e-01 1.395e+05
1.832e-01 1.350e+05
1.805e-01 1.436e+05
1.828e-01 1.380e+05
1.963e-01 1.323e+05
2.325e-01 1.109e+05
1.902e-01 1.372e+05
1.871e-01 1.375e+05
1.970e-01 1.312e+05
1.819e-01 1.418e+05
1.834e-01 1.366e+05
1.790e-01 1.431e+05
1.714e-01 1.505e+05
1.840e-01 1.407e+05
1.824e-01 1.402e+05
1.741e-01 1.433e+05
1.840e-01 1.421e+05
1.822e-01 1.435e+05
1.752e-01 1.464e+05
1.791e-01 1.444e+05
1.858e-01 1.359e+05
1.775e-01 1.470e+05
1.702e-01 1.511e+05
1.782e-01 1.435e+05
2.514e-01 9.767e+04
2.175e-01 1.130e+05
1.764e-01 1.465e+05
1.801e-01 1.445e+05
1.721e-01 1.480e+05
1.889e-01 1.347e+05
2.629e-01 9.003e+04
2.236e-01 1.060e+05
1.846e-01 1.392e+05
1.720e-01 1.466e+05
1.859e-01 1.393e+05
1.849e-01 1.366e+05
2.223e-01 1.099e+05
1.843e-01 1.400e+05
1.856e-01 1.421e+05
1.854e-01 1.408e+05
2.016e-01 1.246e+05
2.258e-01 1.119e+05
2.301e-01 1.076e+05
1.756e-01 1.428e+05
1.820e-01 1.448e+05
1.765e-01 1.434e+05
1.821e-01 1.447e+05
1.884e-01 1.380e+05
1.953e-01 1.317e+05
1.863e-01 1.394e+05
2.038e-01 1.246e+05
2.412e-01 1.021e+05
1.782e-01 1.442e+05
1.797e-01 1.418e+05
1.848e-01 1.375e+05
3.234e-01 8.321e+04
1.836e-01 1.392e+05
1.912e-01 1.341e+05
2.362e-01 1.042e+05
1.950e-01 1.329e+05
1.780e-01 1.463e+05
1.792e-01 1.433e+05
1.813e-01 1.397e+05
1.759e-01 1.489e+05
1.725e-01 1.454e+05
1.760e-01 1.457e+05
1.848e-01 1.369e+05
1.807e-01 1.431e+05
1.821e-01 1.393e+05
2.706e-01 9.175e+04
1.869e-01 1.375e+05
1.882e-01 1.342e+05
1.801e-01 1.421e+05
1.969e-01 1.283e+05
1.825e-01 1.402e+05
2.860e-01 9.228e+04
1.791e-01 1.451e+05
1.940e-01 1.367e+05
1.857e-01 1.380e+05
1.806e-01 1.455e+05
2.039e-01 1.293e+05
1.843e-01 1.387e+05
1.904e-01 1.316e+05
3.181e-01 8.433e+04
1.777e-01 1.467e+05
1.775e-01 1.430e+05
1.894e-01 1.366e+05
1.756e-01 1.468e+05
1.808e-01 1.414e+05
1.850e-01 1.374e+05
1.857e-01 1.385e+05
2.970e-01 8.830e+04
1.774e-01 1.449e+05
2.108e-01 1.148e+05
1.833e-01 1.373e+05
1.772e-01 1.412e+05
2.166e-01 1.205e+05
1.727e-01 1.500e+05
1.963e-01 1.278e+05
1.805e-01 1.438e+05
1.755e-01 1.487e+05
1.792e-01 1.427e+05
1.954e-01 1.306e+05
1.831e-01 1.422e+05
2.890e-01 8.581e+04
1.812e-01 1.375e+05
1.752e-01 1.447e+05
1.745e-01 1.472e+05
1.812e-01 1.417e+05
1.772e-01 1.448e+05
1.781e-01 1.445e+05
1.778e-01 1.406e+05
1.798e-01 1.440e+05
2.469e-01 1.032e+05
1.865e-01 1.385e+05
1.771e-01 1.468e+05
1.859e-01 1.389e+05
1.808e-01 1.402e+05
1.862e-01 1.384e+05
1.743e-01 1.476e+05
1.928e-01 1.331e+05
1.755e-01 1.463e+05
1.892e-01 1.379e+05
1.914e-01 1.343e+05
1.798e-01 1.429e+05
2.903e-01 8.943e+04
1.784e-01 1.408e+05
1.772e-01 1.444e+05
1.754e-01 1.488e+05
2.527e-01 9.535e+04
1.799e-01 1.430e+05
1.823e-01 1.396e+05
1.835e-01 1.412e+05
2.066e-01 1.235e+05
1.788e-01 1.434e+05
1.789e-01 1.448e+05
1.812e-01 1.397e+05
1.774e-01 1.467e+05
1.847e-01 1.395e+05
1.818e-01 1.423e+05
1.828e-01 1.427e+05
1.791e-01 1.469e+05
1.876e-01 1.379e+05
1.771e-01 1.442e+05
1.801e-01 1.414e+05
1.817e-01 1.420e+05
1.728e-01 1.466e+05
1.808e-01 1.454e+05
1.841e-01 1.388e+05
1.841e-01 1.383e+05
2.349e-01 1.067e+05
1.883e-01 1.341e+05
2.224e-01 1.157e+05
2.566e-01 1.009e+05
1.720e-01 1.486e+05
1.870e-01 1.388e+05
2.225e-01 1.110e+05
1.773e-01 1.411e+05
1.769e-01 1.433e+05
2.099e-01 1.214e+05
1.715e-01 1.514e+05
1.742e-01 1.459e+05
1.786e-01 1.428e+05
1.770e-01 1.448e+05
1.847e-01 1.391e+05
2.299e-01 1.085e+05
1.756e-01 1.443e+05
1.926e-01 1.292e+05
1.773e-01 1.436e+05
1.768e-01 1.429e+05
1.780e-01 1.441e+05
1.774e-01 1.473e+05
1.773e-01 1.474e+05
1.780e-01 1.424e+05
1.778e-01 1.441e+05
2.211e-01 1.092e+05
2.110e-01 1.231e+05
2.526e-01 1.058e+05
1.796e-01 1.442e+05
1.953e-01 1.312e+05
1.780e-01 1.462e+05
1.745e-01 1.477e+05
1.810e-01 1.424e+05
1.841e-01 1.398e+05
1.839e-01 1.394e+05
1.759e-01 1.438e+05
1.944e-01 1.334e+05
1.802e-01 1.391e+05
2.005e-01 1.267e+05
1.727e-01 1.472e+05
1.820e-01 1.435e+05
1.752e-01 1.473e+05
1.826e-01 1.440e+05
1.813e-01 1.439e+05
1.770e-01 1.434e+05
1.787e-01 1.444e+05
1.742e-01 1.473e+05
2.930e-01 8.942e+04
1.816e-01 1.388e+05
1.795e-01 1.421e+05
1.894e-01 1.362e+05
1.838e-01 1.392e+05
2.316e-01 1.103e+05
1.803e-01 1.383e+05
1.856e-01 1.318e+05
1.803e-01 1.404e+05
1.806e-01 1.423e+05
1.774e-01 1.452e+05
1.886e-01 1.353e+05
1.880e-01 1.353e+05
1.833e-01 1.360e+05
1.780e-01 1.426e+05
1.783e-01 1.447e+05
1.753e-01 1.453e+05
1.882e-01 1.334e+05
1.827e-01 1.402e+05
2.285e-01 1.154e+05
1.810e-01 1.406e+05
1.769e-01 1.437e+05
2.491e-01 1.022e+05
2.863e-01 9.285e+04
2.731e-01 9.061e+04
1.865e-01 1.360e+05
2.461e-01 9.711e+04
1.856e-01 1.355e+05
1.832e-01 1.424e+05
1.931e-01 1.335e+05
1.791e-01 1.429e+05
1.747e-01 1.442e+05
1.779e-01 1.440e+05
1.815e-01 1.415e+05
1.867e-01 1.352e+05
1.774e-01 1.457e+05
1.909e-01 1.367e+05
1.859e-01 1.383e+05
1.761e-01 1.441e+05
2.540e-01 9.362e+04
1.773e-01 1.449e+05
1.775e-01 1.453e+05
1.785e-01 1.420e+05
1.768e-01 1.439e+05
2.050e-01 1.189e+05
1.829e-01 1.370e+05
1.868e-01 1.373e+05
2.078e-01 1.278e+05
1.765e-01 1.453e+05
2.220e-01 1.143e+05
2.413e-01 1.030e+05
1.762e-01 1.457e+05
1.936e-01 1.352e+05
1.700e-01 1.511e+05
1.811e-01 1.437e+05
1.944e-01 1.335e+05
1.794e-01 1.396e+05
1.788e-01 1.443e+05
2.576e-01 9.885e+04
1.850e-01 1.423e+05
1.797e-01 1.410e+05
1.831e-01 1.371e+05
1.748e-01 1.436e+05
2.276e-01 1.160e+05
1.873e-01 1.410e+05
1.774e-01 1.448e+05
1.856e-01 1.339e+05
1.855e-01 1.393e+05
1.722e-01 1.497e+05
1.834e-01 1.386e+05
1.821e-01 1.408e+05
1.873e-01 1.376e+05
1.826e-01 1.442e+05
2.782e-01 9.807e+04
1.793e-01 1.430e+05
1.917e-01 1.337e+05
1.760e-01 1.454e+05
1.862e-01 1.372e+05
1.723e-01 1.467e+05
1.819e-01 1.416e+05
1.820e-01 1.404e+05
2.076e-01 1.142e+05
1.801e-01 1.422e+05
2.594e-01 9.683e+04
2.552e-01 9.885e+04
2.371e-01 9.844e+04
1.874e-01 1.382e+05
1.813e-01 1.396e+05
1.838e-01 1.424e+05
1.799e-01 1.444e+05
1.803e-01 1.451e+05
1.758e-01 1.444e+05
1.788e-01 1.467e+05
1.939e-01 1.349e+05
1.832e-01 1.405e+05
1.807e-01 1.418e+05
1.730e-01 1.461e+05
1.811e-01 1.389e+05
1.736e-01 1.440e+05
1.715e-01 1.484e+05
2.768e-01 9.600e+04
2.443e-01 1.027e+05
1.778e-01 1.432e+05
1.779e-01 1.450e+05
1.860e-01 1.371e+05
1.748e-01 1.457e+05
2.874e-01 9.474e+04
1.817e-01 1.415e+05
1.775e-01 1.441e+05
1.766e-01 1.468e+05
1.799e-01 1.378e+05
1.850e-01 1.416e+05
1.791e-01 1.443e+05
1.744e-01 1.472e+05
2.759e-01 1.011e+05
2.796e-01 9.928e+04
1.859e-01 1.393e+05
1.741e-01 1.443e+05
1.824e-01 1.400e+05
1.852e-01 1.369e+05
1.828e-01 1.425e+05
1.794e-01 1.460e+05
1.801e-01 1.407e+05
1.768e-01 1.448e+05
1.801e-01 1.426e+05
1.909e-01 1.335e+05
1.798e-01 1.448e+05
1.816e-01 1.438e+05
1.816e-01 1.419e+05
2.546e-01 1.019e+05
1.755e-01 1.478e+05
1.837e-01 1.403e+05
2.349e-01 1.071e+05
1.888e-01 1.362e+05
1.794e-01 1.422e+05
1.831e-01 1.412e+05
1.824e-01 1.414e+05
1.810e-01 1.367e+05
1.791e-01 1.449e+05
1.720e-01 1.490e+05
2.398e-01 1.057e+05
1.746e-01 1.463e+05
1.763e-01 1.451e+05
2.116e-01 1.264e+05
1.713e-01 1.508e+05
2.368e-01 1.125e+05
1.807e-01 1.421e+05
2.130e-01 1.199e+05
2.609e-01 1.041e+05
1.811e-01 1.407e+05
2.617e-01 9.116e+04
2.624e-01 9.885e+04
1.856e-01 1.392e+05
1.821e-01 1.408e+05
2.577e-01 9.791e+04
1.769e-01 1.483e+05
2.063e-01 1.232e+05
1.770e-01 1.466e+05
2.058e-01 1.242e+05
1.982e-01 1.306e+05
1.762e-01 1.453e+05
2.176e-01 1.141e+05
1.783e-01 1.446e+05
1.826e-01 1.398e+05
1.812e-01 1.431e+05
1.829e-01 1.438e+05
1.743e-01 1.468e+05
1.917e-01 1.358e+05
2.324e-01 1.132e+05
1.832e-01 1.389e+05
1.796e-01 1.392e+05
1.771e-01 1.466e+05
1.753e-01 1.485e+05
1.728e-01 1.457e+05
1.800e-01 1.447e+05
1.791e-01 1.429e+05
1.720e-01 1.505e+05
1.794e-01 1.403e+05
1.747e-01 1.475e+05
1.930e-01 1.338e+05
2.506e-01 1.063e+05
1.759e-01 1.452e+05
1.747e-01 1.456e+05
1.758e-01 1.457e+05
2.449e-01 1.117e+05
1.804e-01 1.425e+05
1.739e-01 1.498e+05
2.088e-01 1.202e+05
1.801e-01 1.450e+05
1.754e-01 1.429e+05
1.745e-01 1.442e+05
1.777e-01 1.420e+05
1.823e-01 1.417e+05
1.817e-01 1.391e+05
1.839e-01 1.399e+05
1.772e-01 1.438e+05
2.283e-01 1.060e+05
1.806e-01 1.454e+05
1.716e-01 1.471e+05
1.776e-01 1.453e+05
1.717e-01 1.485e+05
1.822e-01 1.421e+05
1.798e-01 1.430e+05
2.228e-01 1.118e+05
1.762e-01 1.462e+05
2.727e-01 9.348e+04
1.828e-01 1.425e+05
1.840e-01 1.402e+05
1.759e-01 1.439e+05
2.051e-01 1.147e+05
1.789e-01 1.438e+05
1.963e-01 1.293e+05
2.162e-01 1.214e+05
1.831e-01 1.395e+05
1.820e-01 1.365e+05
2.115e-01 1.104e+05
1.785e-01 1.412e+05
1.924e-01 1.340e+05
1.817e-01 1.427e+05
1.833e-01 1.373e+05
1.963e-01 1.311e+05
1.946e-01 1.345e+05
2.012e-01 1.315e+05
1.865e-01 1.386e+05
1.813e-01 1.427e+05
2.223e-01 1.152e+05
1.890e-01 1.381e+05
2.671e-01 9.909e+04
2.744e-01 9.697e+04
2.011e-01 1.255e+05
2.707e-01 8.759e+04
1.803e-01 1.417e+05
2.303e-01 1.160e+05
1.896e-01 1.338e+05
1.824e-01 1.403e+05
1.942e-01 1.285e+05
1.770e-01 1.437e+05
1.797e-01 1.421e+05
1.956e-01 1.320e+05
1.903e-01 1.397e+05
1.761e-01 1.441e+05
1.795e-01 1.407e+05
2.528e-01 1.013e+05
1.753e-01 1.448e+05
1.929e-01 1.368e+05
1.825e-01 1.407e+05
1.788e-01 1.421e+05
1.769e-01 1.428e+05
1.805e-01 1.440e+05
1.805e-01 1.451e+05
1.970e-01 1.311e+05
1.868e-01 1.395e+05
1.784e-01 1.430e+05
1.727e-01 1.477e+05
1.849e-01 1.378e+05
1.786e-01 1.428e+05
1.803e-01 1.410e+05
1.824e-01 1.426e+05
1.794e-01 1.414e+05
1.795e-01 1.426e+05
1.874e-01 1.379e+05
2.192e-01 1.108e+05
1.839e-01 1.337e+05
1.831e-01 1.403e+05
1.922e-01 1.323e+05
2.357e-01 1.111e+05
1.815e-01 1.412e+05
2.557e-01 9.742e+04
1.760e-01 1.453e+05
1.843e-01 1.386e+05
1.860e-01 1.396e+05
1.790e-01 1.438e+05
1.841e-01 1.377e+05
1.923e-01 1.337e+05
1.805e-01 1.417e+05
1.748e-01 1.450e+05
1.795e-01 1.420e+05
1.841e-01 1.362e+05
1.796e-01 1.436e+05
1.862e-01 1.403e+05
1.717e-01 1.506e+05
1.830e-01 1.376e+05
1.769e-01 1.433e+05
1.851e-01 1.387e+05
1.733e-01 1.483e+05
1.997e-01 1.201e+05
1.947e-01 1.304e+05
1.790e-01 1.440e+05
1.911e-01 1.333e+05
1.832e-01 1.421e+05
1.902e-01 1.321e+05
1.713e-01 1.496e+05
1.925e-01 1.342e+05
1.755e-01 1.479e+05
1.740e-01 1.490e+05
1.801e-01 1.396e+05
1.860e-01 1.396e+05
2.245e-01 1.183e+05
2.292e-01 1.062e+05
1.752e-01 1.451e+05
1.899e-01 1.327e+05
1.833e-01 1.402e+05
2.810e-01 9.281e+04
1.814e-01 1.428e+05
1.706e-01 1.488e+05
1.780e-01 1.452e+05
1.789e-01 1.451e+05
2.003e-01 1.305e+05
1.729e-01 1.485e+05
1.865e-01 1.359e+05
1.836e-01 1.398e+05
2.638e-01 1.000e+05
1.806e-01 1.409e+05
1.792e-01 1.431e+05
1.745e-01 1.475e+05
1.946e-01 1.233e+05
1.814e-01 1.420e+05
1.725e-01 1.498e+05
1.931e-01 1.312e+05
1.804e-01 1.363e+05
1.849e-01 1.345e+05
1.750e-01 1.457e+05
1.904e-01 1.342e+05
1.940e-01 1.335e+05
1.795e-01 1.422e+05
1.858e-01 1.345e+05
1.845e-01 1.414e+05
2.379e-01 1.139e+05
1.836e-01 1.381e+05
1.799e-01 1.437e+05
2.413e-01 1.057e+05
1.815e-01 1.437e+05
1.788e-01 1.440e+05
1.772e-01 1.420e+05
1.754e-01 1.423e+05
2.207e-01 1.154e+05
1.905e-01 1.264e+05
1.804e-01 1.394e+05
1.779e-01 1.466e+05
1.764e-01 1.447e+05
1.804e-01 1.387e+05
1.828e-01 1.410e+05
1.833e-01 1.438e+05
1.779e-01 1.443e+05
2.438e-01 1.079e+05
1.878e-01 1.357e+05
1.837e-01 1.423e+05
1.743e-01 1.457e+05
1.843e-01 1.431e+05
1.829e-01 1.403e+05
1.886e-01 1.341e+05
1.905e-01 1.371e+05
1.995e-01 1.202e+05
1.874e-01 1.361e+05
2.159e-01 1.167e+05
1.834e-01 1.392e+05
1.824e-01 1.408e+05
1.837e-01 1.420e+05
1.955e-01 1.324e+05
1.821e-01 1.363e+05
2.291e-01 1.041e+05
1.827e-01 1.393e+05
1.822e-01 1.398e+05
1.994e-01 1.292e+05
1.824e-01 1.403e+05
2.275e-01 1.188e+05
1.819e-01 1.426e+05
3.356e-01 8.155e+04
2.396e-01 1.109e+05
1.807e-01 1.383e+05
1.824e-01 1.367e+05
1.760e-01 1.461e+05
2.055e-01 1.254e+05
1.843e-01 1.387e+05
1.726e-01 1.504e+05
1.780e-01 1.428e+05
1.800e-01 1.425e+05
1.712e-01 1.482e+05
1.791e-01 1.431e+05
1.783e-01 1.382e+05
1.857e-01 1.398e+05
1.858e-01 1.389e+05
1.807e-01 1.455e+05
2.185e-01 1.120e+05
2.236e-01 1.124e+05
1.781e-01 1.422e+05
1.924e-01 1.332e+05
1.860e-01 1.371e+05
1.778e-01 1.445e+05
1.925e-01 1.301e+05
1.850e-01 1.376e+05
1.764e-01 1.466e+05
1.787e-01 1.440e+05
1.837e-01 1.419e+05
2.214e-01 1.166e+05
2.957e-01 8.996e+04
2.293e-01 1.112e+05
1.801e-01 1.431e+05
1.864e-01 1.392e+05
1.818e-01 1.389e+05
2.967e-01 9.102e+04
1.776e-01 1.479e+05
1.747e-01 1.491e+05
1.743e-01 1.453e+05
1.754e-01 1.438e+05
2.489e-01 9.771e+04
2.337e-01 1.093e+05
1.824e-01 1.407e+05
1.720e-01 1.470e+05
1.863e-01 1.332e+05
2.257e-01 1.073e+05
1.794e-01 1.416e+05
2.208e-01 1.160e+05
1.810e-01 1.430e+05
1.794e-01 1.438e+05
1.796e-01 1.444e+05
1.821e-01 1.382e+05
1.749e-01 1.425e+05
2.334e-01 1.013e+05
1.784e-01 1.446e+05
1.746e-01 1.448e+05
1.718e-01 1.504e+05
1.737e-01 1.445e+05
1.813e-01 1.392e+05
1.799e-01 1.440e+05
1.803e-01 1.409e+05
1.915e-01 1.283e+05
1.744e-01 1.448e+05
1.826e-01 1.416e+05
1.802e-01 1.425e+05
1.885e-01 1.355e+05
1.951e-01 1.312e+05
1.877e-01 1.391e+05
2.399e-01 1.016e+05
1.840e-01 1.434e+05
1.804e-01 1.455e+05
1.753e-01 1.431e+05
1.981e-01 1.284e+05
1.919e-01 1.324e+05
1.770e-01 1.450e+05
1.783e-01 1.452e+05
1.786e-01 1.418e+05
1.856e-01 1.401e+05
1.857e-01 1.371e+05
2.594e-01 9.243e+04
1.900e-01 1.368e+05
1.727e-01 1.487e+05
2.953e-01 8.124e+04
1.792e-01 1.402e+05
2.023e-01 1.286e+05
1.777e-01 1.445e+05
1.917e-01 1.361e+05
1.777e-01 1.438e+05
1.895e-01 1.355e+05
1.885e-01 1.362e+05
1.822e-01 1.430e+05
1.751e-01 1.439e+05
1.838e-01 1.420e+05
1.756e-01 1.428e+05
1.791e-01 1.428e+05
2.021e-01 1.198e+05
1.774e-01 1.446e+05
1.793e-01 1.428e+05
1.980e-01 1.294e+05
1.795e-01 1.422e+05
1.829e-01 1.382e+05
1.802e-01 1.430e+05
2.429e-01 9.945e+04
1.778e-01 1.449e+05
1.761e-01 1.407e+05
1.781e-01 1.443e+05
1.761e-01 1.416e+05
1.789e-01 1.428e+05
1.824e-01 1.409e+05
1.748e-01 1.449e+05
1.807e-01 1.457e+05
2.213e-01 1.190e+05
1.785e-01 1.418e+05
1.773e-01 1.437e+05
1.812e-01 1.407e+05
1.822e-01 1.391e+05
1.806e-01 1.433e+05
1.843e-01 1.406e+05
2.915e-01 8.997e+04
1.817e-01 1.440e+05
1.788e-01 1.437e+05
1.813e-01 1.404e+05
1.741e-01 1.468e+05
1.821e-01 1.411e+05
1.718e-01 1.514e+05
2.892e-01 8.887e+04
1.808e-01 1.446e+05
1.745e-01 1.457e+05
1.826e-01 1.385e+05
1.887e-01 1.360e+05
1.761e-01 1.436e+05
2.784e-01 9.322e+04
1.724e-01 1.483e+05
1.790e-01 1.442e+05
1.798e-01 1.430e+05
1.757e-01 1.432e+05
1.873e-01 1.381e+05
1.782e-01 1.433e+05
1.933e-01 1.274e+05
2.148e-01 1.161e+05
1.788e-01 1.438e+05
1.782e-01 1.438e+05
1.837e-01 1.397e+05
1.852e-01 1.377e+05
2.247e-01 1.156e+05
1.747e-01 1.476e+05
1.746e-01 1.443e+05
2.352e-01 1.087e+05
1.823e-01 1.426e+05
1.733e-01 1.496e+05
1.851e-01 1.411e+05
1.755e-01 1.484e+05
1.784e-01 1.450e+05
1.820e-01 1.433e+05
1.788e-01 1.447e+05
1.735e-01 1.460e+05
1.825e-01 1.380e+05
1.850e-01 1.399e+05
1.732e-01 1.472e+05
2.128e-01 1.244e+05
1.842e-01 1.378e+05
2.859e-01 9.071e+04
1.792e-01 1.433e+05
1.758e-01 1.438e+05
1.821e-01 1.430e+05
1.809e-01 1.414e+05
1.792e-01 1.416e+05
1.827e-01 1.398e+05
1.770e-01 1.449e+05
1.835e-01 1.386e+05
2.108e-01 1.263e+05
2.640e-01 9.724e+04
1.803e-01 1.408e+05
1.849e-01 1.424e+05
1.782e-01 1.435e+05
1.765e-01 1.436e+05
1.838e-01 1.419e+05
1.793e-01 1.429e+05
1.856e-01 1.397e+05
3.077e-01 8.504e+04
2.541e-01 9.448e+04
1.768e-01 1.440e+05
1.852e-01 1.397e+05
1.850e-01 1.387e+05
1.849e-01 1.396e+05
1.787e-01 1.438e+05
2.802e-01 8.676e+04
1.800e-01 1.439e+05
1.740e-01 1.475e+05
1.782e-01 1.446e+05
3.015e-01 7.878e+04
1.784e-01 1.471e+05
1.949e-01 1.270e+05
1.809e-01 1.393e+05
1.712e-01 1.494e+05
1.880e-01 1.363e+05
1.798e-01 1.423e+05
1.776e-01 1.476e+05
2.459e-01 9.402e+04
1.805e-01 1.423e+05
1.817e-01 1.420e+05
1.842e-01 1.403e+05
1.820e-01 1.418e+05
1.781e-01 1.416e+05
1.767e-01 1.444e+05
1.811e-01 1.421e+05
2.175e-01 1.129e+05
1.841e-01 1.392e+05
2.467e-01 1.102e+05
1.795e-01 1.401e+05
1.721e-01 1.490e+05
2.397e-01 1.051e+05
1.800e-01 1.414e+05
1.853e-01 1.398e+05
1.849e-01 1.373e+05
1.837e-01 1.385e+05
2.713e-01 9.727e+04
1.732e-01 1.471e+05
1.853e-01 1.398e+05
1.777e-01 1.451e+05
1.807e-01 1.398e+05
1.758e-01 1.417e+05
1.716e-01 1.512e+05
1.806e-01 1.430e+05
2.083e-01 1.237e+05
1.826e-01 1.399e+05
2.276e-01 1.128e+05
1.843e-01 1.424e+05
2.506e-01 9.821e+04
2.766e-01 8.680e+04
1.889e-01 1.373e+05
2.467e-01 1.056e+05
1.933e-01 1.296e+05
1.921e-01 1.331e+05
1.802e-01 1.412e+05
1.934e-01 1.219e+05
1.846e-01 1.374e+05
1.852e-01 1.371e+05
1.793e-01 1.392e+05
1.776e-01 1.460e+05
1.829e-01 1.404e+05
1.822e-01 1.410e+05
2.890e-01 9.470e+04
1.770e-01 1.448e+05
1.964e-01 1.316e+05
1.849e-01 1.414e+05
1.801e-01 1.384e+05
1.709e-01 1.501e+05
1.822e-01 1.430e+05
2.390e-01 1.043e+05
1.802e-01 1.424e+05
1.826e-01 1.413e+05
1.837e-01 1.411e+05
2.100e-01 1.201e+05
1.775e-01 1.443e+05
1.725e-01 1.493e+05
1.743e-01 1.470e+05
1.799e-01 1.371e+05
2.378e-01 1.106e+05
1.808e-01 1.396e+05
1.806e-01 1.368e+05
1.786e-01 1.423e+05
1.911e-01 1.381e+05
2.023e-01 1.245e+05
1.855e-01 1.383e+05
1.839e-01 1.398e+05
2.617e-01 9.776e+04
1.926e-01 1.345e+05
1.834e-01 1.393e+05
2.330e-01 1.158e+05
1.750e-01 1.458e+05
1.779e-01 1.447e+05
1.761e-01 1.451e+05
1.791e-01 1.424e+05
1.866e-01 1.330e+05
1.732e-01 1.464e+05
1.738e-01 1.493e+05
1.820e-01 1.414e+05
2.729e-01 9.529e+04
1.936e-01 1.342e+05
2.034e-01 1.271e+05
3.394e-01 8.030e+04
1.755e-01 1.427e+05
2.217e-01 1.201e+05
1.761e-01 1.488e+05
1.831e-01 1.404e+05
1.824e-01 1.411e+05
1.840e-01 1.382e+05
2.867e-01 8.148e+04
1.731e-01 1.463e+05
1.958e-01 1.308e+05
1.848e-01 1.374e+05
1.838e-01 1.431e+05
1.734e-01 1.451e+05
1.775e-01 1.455e+05
2.567e-01 9.577e+04
1.709e-01 1.500e+05
1.819e-01 1.395e+05
1.733e-01 1.470e+05
1.822e-01 1.418e+05
1.737e-01 1.494e+05
1.848e-01 1.403e+05
1.774e-01 1.450e+05
2.204e-01 1.186e+05
1.902e-01 1.351e+05
1.774e-01 1.451e+05
1.774e-01 1.455e+05
1.751e-01 1.446e+05
3.180e-01 7.400e+04
3.079e-01 8.748e+04
1.959e-01 1.300e+05
1.834e-01 1.415e+05
2.187e-01 1.115e+05
1.811e-01 1.417e+05
2.235e-01 1.112e+05
2.138e-01 1.219e+05
2.131e-01 1.188e+05
1.795e-01 1.441e+05
2.170e-01 1.170e+05
1.757e-01 1.479e+05
1.740e-01 1.462e+05
1.952e-01 1.326e+05
1.749e-01 1.488e+05
1.729e-01 1.498e+05
2.622e-01 9.556e+04
1.727e-01 1.496e+05
1.824e-01 1.436e+05
1.766e-01 1.452e+05
2.220e-01 1.140e+05
1.858e-01 1.389e+05
1.785e-01 1.437e+05
1.955e-01 1.265e+05
1.774e-01 1.442e+05
1.842e-01 1.372e+05
2.832e-01 9.365e+04
2.229e-01 1.116e+05
1.720e-01 1.490e+05
1.772e-01 1.462e+05
1.827e-01 1.376e+05
1.802e-01 1.428e+05
1.801e-01 1.408e+05
1.770e-01 1.449e+05
1.766e-01 1.458e+05
1.856e-01 1.392e+05
1.864e-01 1.368e+05
3.091e-01 8.305e+04
2.181e-01 1.218e+05
1.776e-01 1.425e+05
2.643e-01 9.216e+04
1.812e-01 1.394e+05
1.820e-01 1.381e+05
2.234e-01 1.158e+05
1.738e-01 1.451e+05
2.190e-01 1.119e+05
1.831e-01 1.416e+05
2.598e-01 1.014e+05
2.661e-01 9.725e+04
2.227e-01 1.095e+05
1.779e-01 1.455e+05
2.412e-01 1.046e+05
1.817e-01 1.395e+05
1.905e-01 1.294e+05
1.740e-01 1.447e+05
1.740e-01 1.494e+05
1.845e-01 1.385e+05
1.783e-01 1.437e+05
1.807e-01 1.417e+05
1.911e-01 1.352e+05
1.819e-01 1.408e+05
1.753e-01 1.476e+05
1.791e-01 1.466e+05
1.788e-01 1.417e+05
1.820e-01 1.373e+05
1.838e-01 1.398e+05
1.792e-01 1.462e+05
1.839e-01 1.387e+05
1.811e-01 1.423e+05
1.769e-01 1.395e+05
1.795e-01 1.442e+05
1.803e-01 1.429e+05
1.792e-01 1.468e+05
1.838e-01 1.396e+05
2.487e-01 1.032e+05
1.787e-01 1.456e+05
1.831e-01 1.397e+05
1.765e-01 1.446e+05
2.783e-01 8.748e+04
1.766e-01 1.449e+05
1.801e-01 1.428e+05
1.885e-01 1.366e+05
1.778e-01 1.447e+05
1.776e-01 1.437e+05
1.864e-01 1.366e+05
1.840e-01 1.402e+05
1.760e-01 1.447e+05
1.724e-01 1.490e+05
1.717e-01 1.512e+05
1.799e-01 1.417e+05
1.818e-01 1.418e+05
1.876e-01 1.402e+05
2.001e-01 1.262e+05
1.854e-01 1.364e+05
2.523e-01 1.100e+05
1.789e-01 1.445e+05
1.988e-01 1.232e+05
1.766e-01 1.454e+05
2.113e-01 1.202e+05
1.837e-01 1.403e+05
1.704e-01 1.505e+05
1.832e-01 1.400e+05
1.874e-01 1.352e+05
1.900e-01 1.344e+05
1.758e-01 1.441e+05
1.815e-01 1.424e+05
1.851e-01 1.403e+05
1.797e-01 1.439e+05
2.036e-01 1.265e+05
2.303e-01 1.069e+05
1.818e-01 1.423e+05
1.728e-01 1.467e+05
1.792e-01 1.462e+05
1.820e-01 1.439e+05
1.830e-01 1.403e+05
1.784e-01 1.435e+05
1.724e-01 1.480e+05
1.787e-01 1.421e+05
1.777e-01 1.457e+05
1.803e-01 1.411e+05
1.860e-01 1.381e+05
1.865e-01 1.391e+05
1.769e-01 1.474e+05
2.694e-01 9.764e+04
1.825e-01 1.413e+05
1.823e-01 1.433e+05
2.472e-01 1.080e+05
1.730e-01 1.490e+05
2.295e-01 1.078e+05
2.796e-01 9.467e+04
1.866e-01 1.377e+05
1.828e-01 1.402e+05
1.840e-01 1.371e+05
1.803e-01 1.379e+05
1.815e-01 1.435e+05
1.755e-01 1.468e+05
1.857e-01 1.368e+05
1.837e-01 1.394e+05
1.951e-01 1.351e+05
1.780e-01 1.439e+05
1.809e-01 1.442e+05
1.769e-01 1.423e+05
1.778e-01 1.409e+05
1.888e-01 1.342e+05
1.764e-01 1.451e+05
1.865e-01 1.370e+05
3.199e-01 7.869e+04
1.737e-01 1.469e+05
1.861e-01 1.414e+05
1.774e-01 1.439e+05
2.795e-01 9.370e+04
2.160e-01 1.148e+05
1.788e-01 1.435e+05
1.832e-01 1.409e+05
1.897e-01 1.387e+05
1.872e-01 1.380e+05
1.714e-01 1.478e+05
2.357e-01 1.029e+05
2.234e-01 1.155e+05
1.789e-01 1.434e+05
1.792e-01 1.437e+05
1.870e-01 1.377e+05
1.851e-01 1.391e+05
1.827e-01 1.422e+05
1.801e-01 1.408e+05
1.799e-01 1.431e+05
1.731e-01 1.503e+05
1.882e-01 1.397e+05
1.838e-01 1.373e+05
1.969e-01 1.302e+05
1.824e-01 1.422e+05
2.887e-01 8.962e+04
1.907e-01 1.375e+05
1.803e-01 1.408e+05
1.783e-01 1.406e+05
1.842e-01 1.382e+05
1.831e-01 1.402e+05
1.929e-01 1.309e+05
1.768e-01 1.453e+05
1.754e-01 1.421e+05
2.950e-01 8.805e+04
1.805e-01 1.449e+05
1.849e-01 1.389e+05
1.796e-01 1.442e+05
1.762e-01 1.430e+05
1.772e-01 1.468e+05
1.807e-01 1.418e+05
2.860e-01 8.576e+04
1.835e-01 1.402e+05
1.828e-01 1.354e+05
1.789e-01 1.422e+05
1.850e-01 1.391e+05
2.775e-01 9.267e+04
1.754e-01 1.417e+05
1.820e-01 1.390e+05
1.927e-01 1.329e+05
1.776e-01 1.426e+05
1.787e-01 1.408e+05
2.749e-01 9.258e+04
1.779e-01 1.471e+05
2.179e-01 1.095e+05
1.706e-01 1.510e+05
1.834e-01 1.424e+05
1.794e-01 1.431e+05
1.822e-01 1.429e+05
1.839e-01 1.376e+05
1.826e-01 1.418e+05
1.784e-01 1.454e+05
1.801e-01 1.419e+05
1.943e-01 1.261e+05
1.727e-01 1.504e+05
1.793e-01 1.422e+05
1.939e-01 1.338e+05
1.745e-01 1.458e+05
2.128e-01 1.217e+05
1.817e-01 1.376e+05
1.737e-01 1.467e+05
1.760e-01 1.441e+05
1.769e-01 1.436e+05
1.803e-01 1.430e+05
2.078e-01 1.203e+05
1.775e-01 1.391e+05
1.955e-01 1.351e+05
3.226e-01 8.171e+04
1.936e-01 1.362e+05
1.747e-01 1.449e+05
1.874e-01 1.369e+05
1.844e-01 1.383e+05
1.849e-01 1.352e+05
1.755e-01 1.429e+05
1.850e-01 1.396e+05
2.127e-01 1.251e+05
1.871e-01 1.339e+05
1.798e-01 1.443e+05
1.865e-01 1.356e+05
1.802e-01 1.450e+05
