1.636e-01 1.499e+05
1.621e-01 1.543e+05
1.596e-01 1.610e+05
1.684e-01 1.527e+05
1.985e-01 1.259e+05
2.426e-01 8.476e+04
1.652e-01 1.492e+05
1.666e-01 1.528e+05
1.672e-01 1.497e+05
1.649e-01 1.500e+05
1.670e-01 1.521e+05
1.691e-01 1.504e+05
1.720e-01 1.424e+05
1.764e-01 1.504e+05
1.681e-01 1.467e+05
1.845e-01 1.443e+05
1.617e-01 1.542e+05
1.707e-01 1.460e+05
1.876e-01 1.217e+05
1.672e-01 1.491e+05
1.861e-01 1.318e+05
2.143e-01 1.190e+05
1.638e-01 1.548e+05
1.666e-01 1.568e+05
1.738e-01 1.465e+05
1.647e-01 1.521e+05
1.715e-01 1.448e+05
1.873e-01 1.342e+05
1.699e-01 1.520e+05
1.633e-01 1.515e+05
1.642e-01 1.559e+05
1.791e-01 1.427e+05
1.709e-01 1.505e+05
1.747e-01 1.338e+05
1.643e-01 1.532e+05
1.681e-01 1.520e+05
1.719e-01 1.417e+05
1.697e-01 1.500e+05
1.692e-01 1.536e+05
1.663e-01 1.516e+05
1.658e-01 1.520e+05
1.680e-01 1.522e+05
2.297e-01 1.139e+05
2.265e-01 1.170e+05
1.620e-01 1.511e+05
2.661e-01 7.891e+04
1.689e-01 1.541e+05
1.694e-01 1.493e+05
1.640e-01 1.533e+05
1.675e-01 1.487e+05
1.651e-01 1.540e+05
1.625e-01 1.589e+05
1.736e-01 1.434e+05
1.897e-01 1.302e+05
1.611e-01 1.538e+05
1.684e-01 1.537e+05
1.652e-01 1.497e+05
2.578e-01 8.528e+04
1.609e-01 1.589e+05
1.658e-01 1.518e+05
2.452e-01 9.110e+04
1.691e-01 1.499e+05
1.974e-01 1.295e+05
1.779e-01 1.438e+05
1.882e-01 1.293e+05
1.605e-01 1.539e+05
1.693e-01 1.540e+05
1.978e-01 1.230e+05
1.785e-01 1.425e+05
1.611e-01 1.597e+05
1.629e-01 1.534e+05
1.667e-01 1.477e+05
1.712e-01 1.503e+05
1.699e-01 1.493e+05
1.635e-01 1.485e+05
1.832e-01 1.231e+05
1.713e-01 1.509e+05
1.744e-01 1.459e+05
1.660e-01 1.510e+05
1.652e-01 1.525e+05
1.651e-01 1.517e+05
1.784e-01 1.391e+05
1.677e-01 1.500e+05
1.870e-01 1.436e+05
2.170e-01 1.147e+05
1.658e-01 1.527e+05
1.655e-01 1.505e+05
1.817e-01 1.403e+05
1.647e-01 1.513e+05
1.835e-01 1.416e+05
1.692e-01 1.468e+05
2.653e-01 8.670e+04
1.869e-01 1.357e+05
1.686e-01 1.516e+05
1.685e-01 1.439e+05
1.600e-01 1.598e+05
1.690e-01 1.480e+05
1.743e-01 1.425e+05
2.521e-01 9.091e+04
1.654e-01 1.531e+05
1.642e-01 1.521e+05
1.616e-01 1.564e+05
1.691e-01 1.516e+05
1.768e-01 1.459e+05
1.758e-01 1.444e+05
1.736e-01 1.426e+05
2.018e-01 1.231e+05
1.719e-01 1.464e+05
1.593e-01 1.571e+05
1.677e-01 1.517e+05
1.596e-01 1.602e+05
1.816e-01 1.287e+05
1.764e-01 1.472e+05
2.094e-01 1.106e+05
1.705e-01 1.498e+05
1.684e-01 1.452e+05
1.664e-01 1.479e+05
1.908e-01 1.231e+05
2.130e-01 1.008e+05
1.716e-01 1.479e+05
1.674e-01 1.481e+05
1.680e-01 1.479e+05
1.592e-01 1.558e+05
1.713e-01 1.471e+05
1.761e-01 1.392e+05
1.643e-01 1.541e+05
1.799e-01 1.438e+05
1.735e-01 1.486e+05
1.641e-01 1.538e+05
1.693e-01 1.494e+05
1.767e-01 1.449e+05
1.704e-01 1.501e+05
2.090e-01 1.062e+05
1.670e-01 1.434e+05
1.734e-01 1.458e+05
1.680e-01 1.522e+05
1.687e-01 1.478e+05
1.696e-01 1.491e+05
1.665e-01 1.520e+05
2.259e-01 1.043e+05
1.630e-01 1.522e+05
1.770e-01 1.504e+05
1.898e-01 1.243e+05
1.734e-01 1.497e+05
1.736e-01 1.443e+05
1.604e-01 1.598e+05
1.611e-01 1.537e+05
2.021e-01 1.109e+05
1.753e-01 1.392e+05
2.224e-01 1.019e+05
1.591e-01 1.532e+05
1.666e-01 1.564e+05
1.669e-01 1.573e+05
1.723e-01 1.453e+05
1.634e-01 1.531e+05
2.430e-01 8.867e+04
1.709e-01 1.467e+05
1.752e-01 1.429e+05
2.190e-01 1.093e+05
1.617e-01 1.593e+05
1.664e-01 1.532e+05
2.221e-01 1.206e+05
1.702e-01 1.510e+05
1.773e-01 1.486e+05
1.618e-01 1.569e+05
1.783e-01 1.448e+05
1.703e-01 1.512e+05
1.623e-01 1.533e+05
2.055e-01 1.197e+05
1.724e-01 1.470e+05
1.629e-01 1.476e+05
1.859e-01 1.387e+05
1.652e-01 1.485e+05
1.690e-01 1.472e+05
1.705e-01 1.521e+05
1.663e-01 1.532e+05
1.699e-01 1.484e+05
2.838e-01 8.399e+04
1.651e-01 1.515e+05
1.669e-01 1.539e+05
1.709e-01 1.470e+05
2.123e-01 1.164e+05
1.750e-01 1.490e+05
1.737e-01 1.490e+05
1.771e-01 1.426e+05
1.766e-01 1.430e+05
1.635e-01 1.553e+05
2.040e-01 1.157e+05
1.710e-01 1.390e+05
2.019e-01 1.104e+05
2.110e-01 1.213e+05
1.908e-01 1.340e+05
1.641e-01 1.564e+05
1.667e-01 1.536e+05
1.998e-01 1.299e+05
1.729e-01 1.468e+05
1.890e-01 1.352e+05
1.671e-01 1.562e+05
1.795e-01 1.344e+05
1.630e-01 1.476e+05
2.389e-01 8.116e+04
1.691e-01 1.480e+05
1.707e-01 1.449e+05
1.950e-01 1.223e+05
1.647e-01 1.577e+05
2.240e-01 9.834e+04
1.719e-01 1.473e+05
1.637e-01 1.572e+05
1.715e-01 1.530e+05
2.213e-01 1.086e+05
1.626e-01 1.519e+05
1.618e-01 1.582e+05
1.633e-01 1.589e+05
1.811e-01 1.358e+05
1.692e-01 1.468e+05
1.715e-01 1.474e+05
1.633e-01 1.530e+05
1.639e-01 1.500e+05
1.672e-01 1.531e+05
1.824e-01 1.395e+05
1.736e-01 1.511e+05
1.622e-01 1.521e+05
2.148e-01 1.012e+05
1.745e-01 1.292e+05
1.774e-01 1.481e+05
1.903e-01 1.282e+05
1.709e-01 1.471e+05
1.618e-01 1.568e+05
1.628e-01 1.494e+05
2.019e-01 1.294e+05
2.421e-01 1.039e+05
1.944e-01 1.084e+05
1.708e-01 1.501e+05
1.711e-01 1.430e+05
1.680e-01 1.492e+05
2.499e-01 8.534e+04
2.347e-01 9.814e+04
1.736e-01 1.477e+05
1.682e-01 1.454e+05
2.023e-01 1.182e+05
2.327e-01 1.040e+05
1.732e-01 1.493e+05
1.643e-01 1.585e+05
1.776e-01 1.444e+05
1.669e-01 1.501e+05
1.597e-01 1.575e+05
2.110e-01 1.008e+05
1.961e-01 1.143e+05
2.050e-01 1.098e+05
1.946e-01 1.302e+05
1.716e-01 1.453e+05
1.667e-01 1.442e+05
1.677e-01 1.524e+05
1.756e-01 1.449e+05
1.667e-01 1.512e+05
1.689e-01 1.513e+05
1.815e-01 1.271e+05
1.689e-01 1.531e+05
1.744e-01 1.426e+05
1.667e-01 1.525e+05
2.238e-01 1.095e+05
1.654e-01 1.517e+05
1.611e-01 1.541e+05
1.696e-01 1.544e+05
1.660e-01 1.558e+05
1.679e-01 1.550e+05
1.684e-01 1.441e+05
1.667e-01 1.476e+05
1.689e-01 1.548e+05
1.672e-01 1.493e+05
1.697e-01 1.528e+05
1.782e-01 1.455e+05
1.872e-01 1.319e+05
1.673e-01 1.459e+05
1.778e-01 1.343e+05
1.943e-01 1.256e+05
1.651e-01 1.530e+05
1.658e-01 1.509e+05
2.678e-01 7.724e+04
1.682e-01 1.489e+05
2.582e-01 8.610e+04
2.076e-01 1.190e+05
1.719e-01 1.474e+05
2.212e-01 1.005e+05
1.627e-01 1.473e+05
1.908e-01 1.298e+05
2.089e-01 1.201e+05
1.797e-01 1.432e+05
1.740e-01 1.503e+05
1.708e-01 1.511e+05
1.789e-01 1.330e+05
1.662e-01 1.543e+05
1.667e-01 1.503e+05
1.675e-01 1.489e+05
1.623e-01 1.597e+05
1.729e-01 1.441e+05
1.685e-01 1.509e+05
1.623e-01 1.550e+05
1.634e-01 1.508e+05
1.643e-01 1.476e+05
1.947e-01 1.346e+05
1.666e-01 1.535e+05
1.666e-01 1.513e+05
1.689e-01 1.528e+05
1.655e-01 1.572e+05
1.730e-01 1.460e+05
1.677e-01 1.491e+05
1.635e-01 1.496e+05
1.730e-01 1.448e+05
1.659e-01 1.472e+05
2.449e-01 8.674e+04
1.686e-01 1.517e+05
1.689e-01 1.510e+05
1.619e-01 1.540e+05
2.577e-01 9.794e+04
1.706e-01 1.478e+05
1.738e-01 1.322e+05
1.693e-01 1.472e+05
1.702e-01 1.433e+05
1.614e-01 1.588e+05
1.643e-01 1.582e+05
2.216e-01 9.736e+04
1.674e-01 1.480e+05
1.716e-01 1.495e+05
1.666e-01 1.536e+05
1.730e-01 1.469e+05
1.692e-01 1.535e+05
1.642e-01 1.489e+05
1.692e-01 1.532e+05
1.648e-01 1.510e+05
2.265e-01 1.106e+05
1.727e-01 1.473e+05
1.751e-01 1.469e+05
2.577e-01 9.539e+04
1.648e-01 1.532e+05
1.663e-01 1.468e+05
1.812e-01 1.240e+05
1.616e-01 1.538e+05
1.711e-01 1.440e+05
1.681e-01 1.525e+05
1.660e-01 1.527e+05
1.651e-01 1.503e+05
1.613e-01 1.555e+05
1.634e-01 1.563e+05
1.629e-01 1.509e+05
1.751e-01 1.390e+05
2.003e-01 1.309e+05
2.431e-01 9.510e+04
1.765e-01 1.497e+05
1.723e-01 1.465e+05
2.060e-01 1.129e+05
2.291e-01 1.002e+05
1.718e-01 1.467e+05
1.762e-01 1.426e+05
1.942e-01 1.260e+05
1.703e-01 1.513e+05
1.704e-01 1.507e+05
1.723e-01 1.478e+05
1.624e-01 1.595e+05
1.723e-01 1.500e+05
2.363e-01 9.186e+04
1.677e-01 1.508e+05
1.718e-01 1.477e+05
2.337e-01 8.914e+04
1.662e-01 1.490e+05
1.630e-01 1.537e+05
1.640e-01 1.527e+05
1.770e-01 1.307e+05
1.776e-01 1.375e+05
1.595e-01 1.596e+05
1.731e-01 1.421e+05
1.876e-01 1.254e+05
1.756e-01 1.418e+05
1.992e-01 1.057e+05
1.690e-01 1.413e+05
1.679e-01 1.482e+05
1.684e-01 1.478e+05
1.645e-01 1.570e+05
1.641e-01 1.547e+05
1.653e-01 1.539e+05
1.679e-01 1.518e+05
2.029e-01 1.244e+05
1.598e-01 1.591e+05
1.728e-01 1.516e+05
1.761e-01 1.512e+05
2.220e-01 1.126e+05
1.772e-01 1.416e+05
1.663e-01 1.518e+05
2.269e-01 1.129e+05
1.634e-01 1.569e+05
1.615e-01 1.586e+05
1.974e-01 1.346e+05
1.642e-01 1.564e+05
1.700e-01 1.538e+05
2.212e-01 1.023e+05
1.681e-01 1.510e+05
1.674e-01 1.543e+05
1.695e-01 1.509e+05
2.293e-01 1.074e+05
1.633e-01 1.527e+05
1.707e-01 1.474e+05
1.644e-01 1.589e+05
1.697e-01 1.487e+05
1.636e-01 1.503e+05
1.616e-01 1.550e+05
1.690e-01 1.511e+05
1.673e-01 1.516e+05
1.739e-01 1.376e+05
1.666e-01 1.487e+05
1.624e-01 1.519e+05
2.456e-01 9.266e+04
1.594e-01 1.564e+05
1.701e-01 1.452e+05
1.654e-01 1.530e+05
1.692e-01 1.513e+05
1.688e-01 1.497e+05
1.665e-01 1.530e+05
1.646e-01 1.561e+05
1.625e-01 1.580e+05
1.691e-01 1.505e+05
1.660e-01 1.542e+05
1.754e-01 1.448e+05
1.616e-01 1.538e+05
1.712e-01 1.534e+05
2.256e-01 1.154e+05
1.607e-01 1.520e+05
1.605e-01 1.587e+05
1.746e-01 1.447e+05
2.575e-01 9.198e+04
1.678e-01 1.563e+05
1.718e-01 1.465e+05
1.797e-01 1.460e+05
1.602e-01 1.586e+05
1.613e-01 1.596e+05
1.666e-01 1.449e+05
1.721e-01 1.514e+05
1.661e-01 1.516e+05
1.669e-01 1.471e+05
1.795e-01 1.422e+05
1.680e-01 1.556e+05
1.743e-01 1.427e+05
1.670e-01 1.511e+05
2.052e-01 1.148e+05
1.988e-01 1.221e+05
1.758e-01 1.413e+05
1.628e-01 1.548e+05
1.614e-01 1.511e+05
1.696e-01 1.517e+05
1.746e-01 1.473e+05
1.720e-01 1.490e+05
1.994e-01 1.310e+05
1.733e-01 1.464e+05
1.754e-01 1.388e+05
1.641e-01 1.544e+05
2.096e-01 1.122e+05
1.727e-01 1.425e+05
1.936e-01 1.294e+05
1.663e-01 1.566e+05
1.779e-01 1.344e+05
1.606e-01 1.534e+05
1.787e-01 1.408e+05
1.695e-01 1.463e+05
1.796e-01 1.461e+05
1.638e-01 1.546e+05
1.624e-01 1.580e+05
1.774e-01 1.441e+05
1.657e-01 1.490e+05
1.646e-01 1.533e+05
1.672e-01 1.542e+05
1.695e-01 1.556e+05
1.593e-01 1.554e+05
1.636e-01 1.562e+05
1.629e-01 1.551e+05
2.177e-01 1.116e+05
1.589e-01 1.609e+05
1.963e-01 1.211e+05
1.689e-01 1.455e+05
1.672e-01 1.542e+05
1.731e-01 1.490e+05
1.736e-01 1.479e+05
1.718e-01 1.489e+05
1.666e-01 1.524e+05
1.865e-01 1.408e+05
1.677e-01 1.540e+05
1.626e-01 1.520e+05
1.679e-01 1.510e+05
1.763e-01 1.482e+05
1.654e-01 1.541e+05
2.083e-01 1.097e+05
1.646e-01 1.532e+05
2.229e-01 1.003e+05
1.601e-01 1.550e+05
1.666e-01 1.485e+05
1.682e-01 1.482e+05
1.678e-01 1.518e+05
1.623e-01 1.551e+05
1.681e-01 1.529e+05
1.706e-01 1.460e+05
1.635e-01 1.563e+05
1.703e-01 1.490e+05
1.801e-01 1.422e+05
1.663e-01 1.516e+05
1.680e-01 1.512e+05
1.654e-01 1.527e+05
1.707e-01 1.467e+05
1.635e-01 1.531e+05
1.661e-01 1.462e+05
1.681e-01 1.521e+05
1.668e-01 1.487e+05
1.642e-01 1.562e+05
1.709e-01 1.484e+05
1.688e-01 1.521e+05
2.466e-01 8.893e+04
1.651e-01 1.533e+05
1.643e-01 1.484e+05
1.706e-01 1.488e+05
2.421e-01 1.083e+05
2.519e-01 9.812e+04
1.713e-01 1.507e+05
1.705e-01 1.504e+05
2.215e-01 1.097e+05
2.083e-01 1.162e+05
2.012e-01 1.230e+05
2.130e-01 9.719e+04
2.110e-01 1.147e+05
1.690e-01 1.500e+05
1.618e-01 1.551e+05
1.780e-01 1.494e+05
2.565e-01 9.366e+04
1.710e-01 1.449e+05
1.708e-01 1.483e+05
1.784e-01 1.454e+05
1.686e-01 1.479e+05
1.776e-01 1.433e+05
1.679e-01 1.534e+05
1.718e-01 1.501e+05
2.381e-01 9.665e+04
2.647e-01 9.239e+04
1.739e-01 1.495e+05
1.978e-01 1.274e+05
1.746e-01 1.508e+05
1.662e-01 1.521e+05
1.822e-01 1.231e+05
1.653e-01 1.580e+05
1.734e-01 1.516e+05
1.597e-01 1.513e+05
1.716e-01 1.462e+05
1.640e-01 1.511e+05
1.754e-01 1.415e+05
1.700e-01 1.466e+05
1.656e-01 1.535e+05
1.608e-01 1.549e+05
1.710e-01 1.449e+05
1.697e-01 1.523e+05
1.650e-01 1.509e+05
1.708e-01 1.463e+05
1.700e-01 1.473e+05
1.669e-01 1.491e+05
1.602e-01 1.593e+05
1.750e-01 1.455e+05
1.666e-01 1.527e+05
2.413e-01 8.546e+04
1.713e-01 1.493e+05
1.609e-01 1.610e+05
1.753e-01 1.463e+05
1.657e-01 1.407e+05
1.675e-01 1.543e+05
1.693e-01 1.460e+05
1.711e-01 1.287e+05
2.155e-01 1.090e+05
1.692e-01 1.533e+05
1.683e-01 1.518e+05
1.723e-01 1.493e+05
1.678e-01 1.499e+05
2.663e-01 8.589e+04
1.721e-01 1.491e+05
2.492e-01 9.679e+04
1.756e-01 1.472e+05
1.702e-01 1.505e+05
1.724e-01 1.459e+05
1.721e-01 1.433e+05
1.818e-01 1.450e+05
1.685e-01 1.525e+05
2.071e-01 1.275e+05
2.460e-01 9.212e+04
1.695e-01 1.501e+05
1.933e-01 1.279e+05
1.678e-01 1.558e+05
2.156e-01 9.969e+04
2.289e-01 1.117e+05
1.599e-01 1.569e+05
1.657e-01 1.518e+05
1.681e-01 1.543e+05
1.683e-01 1.541e+05
1.689e-01 1.456e+05
1.725e-01 1.402e+05
1.710e-01 1.460e+05
1.689e-01 1.517e+05
1.723e-01 1.476e+05
1.656e-01 1.552e+05
1.631e-01 1.518e+05
1.664e-01 1.531e+05
1.695e-01 1.491e+05
1.656e-01 1.530e+05
1.644e-01 1.504e+05
1.689e-01 1.523e+05
2.532e-01 8.774e+04
1.680e-01 1.512e+05
1.658e-01 1.472e+05
1.626e-01 1.556e+05
1.653e-01 1.546e+05
1.683e-01 1.510e+05
2.251e-01 1.077e+05
1.699e-01 1.390e+05
1.678e-01 1.491e+05
1.650e-01 1.557e+05
2.314e-01 9.997e+04
1.691e-01 1.510e+05
3.042e-01 7.535e+04
1.671e-01 1.560e+05
1.822e-01 1.346e+05
1.677e-01 1.533e+05
2.101e-01 1.004e+05
1.758e-01 1.418e+05
1.760e-01 1.485e+05
1.804e-01 1.416e+05
1.722e-01 1.403e+05
1.692e-01 1.546e+05
1.707e-01 1.433e+05
1.695e-01 1.470e+05
1.736e-01 1.473e+05
1.618e-01 1.520e+05
1.705e-01 1.489e+05
1.743e-01 1.475e+05
1.736e-01 1.429e+05
1.706e-01 1.401e+05
1.710e-01 1.469e+05
1.633e-01 1.534e+05
1.717e-01 1.501e+05
1.690e-01 1.453e+05
1.655e-01 1.528e+05
2.367e-01 1.069e+05
1.681e-01 1.437e+05
1.590e-01 1.535e+05
1.645e-01 1.507e+05
1.624e-01 1.567e+05
1.639e-01 1.474e+05
1.744e-01 1.296e+05
1.656e-01 1.543e+05
1.798e-01 1.480e+05
1.675e-01 1.509e+05
1.584e-01 1.567e+05
1.627e-01 1.474e+05
1.878e-01 1.411e+05
1.675e-01 1.522e+05
1.665e-01 1.511e+05
2.196e-01 1.037e+05
2.361e-01 1.017e+05
1.725e-01 1.458e+05
1.614e-01 1.532e+05
1.704e-01 1.431e+05
1.660e-01 1.523e+05
1.681e-01 1.449e+05
1.816e-01 1.396e+05
1.697e-01 1.502e+05
1.673e-01 1.485e+05
1.707e-01 1.469e+05
2.377e-01 1.118e+05
1.679e-01 1.493e+05
1.752e-01 1.447e+05
1.757e-01 1.471e+05
1.841e-01 1.402e+05
1.728e-01 1.486e+05
1.736e-01 1.454e+05
1.669e-01 1.522e+05
1.668e-01 1.542e+05
1.702e-01 1.524e+05
1.627e-01 1.587e+05
1.684e-01 1.507e+05
1.835e-01 1.204e+05
1.663e-01 1.529e+05
2.475e-01 9.988e+04
1.730e-01 1.482e+05
1.720e-01 1.432e+05
1.670e-01 1.431e+05
2.453e-01 8.688e+04
1.768e-01 1.494e+05
1.652e-01 1.579e+05
1.626e-01 1.540e+05
1.700e-01 1.478e+05
1.679e-01 1.540e+05
1.705e-01 1.535e+05
1.610e-01 1.515e+05
1.664e-01 1.527e+05
1.985e-01 1.220e+05
2.093e-01 1.111e+05
1.898e-01 1.385e+05
1.718e-01 1.498e+05
1.669e-01 1.535e+05
1.697e-01 1.511e+05
1.691e-01 1.519e+05
1.669e-01 1.539e+05
1.674e-01 1.499e+05
1.719e-01 1.490e+05
1.689e-01 1.508e+05
1.639e-01 1.518e+05
1.622e-01 1.559e+05
1.721e-01 1.532e+05
1.665e-01 1.508e+05
1.650e-01 1.566e+05
1.720e-01 1.435e+05
1.687e-01 1.486e+05
2.021e-01 1.212e+05
2.095e-01 1.074e+05
1.647e-01 1.511e+05
1.666e-01 1.518e+05
1.653e-01 1.580e+05
1.736e-01 1.464e+05
1.617e-01 1.534e+05
1.688e-01 1.517e+05
1.647e-01 1.546e+05
1.626e-01 1.532e+05
2.678e-01 8.946e+04
1.802e-01 1.416e+05
1.646e-01 1.580e+05
1.681e-01 1.503e+05
2.310e-01 9.277e+04
1.667e-01 1.515e+05
1.753e-01 1.461e+05
1.695e-01 1.523e+05
1.747e-01 1.504e+05
1.693e-01 1.497e+05
1.990e-01 1.051e+05
1.771e-01 1.450e+05
1.766e-01 1.430e+05
1.761e-01 1.408e+05
1.687e-01 1.537e+05
1.799e-01 1.297e+05
1.663e-01 1.532e+05
1.626e-01 1.592e+05
2.579e-01 8.593e+04
2.323e-01 8.702e+04
1.745e-01 1.483e+05
1.788e-01 1.421e+05
1.873e-01 1.194e+05
1.693e-01 1.545e+05
1.832e-01 1.384e+05
1.878e-01 1.395e+05
1.675e-01 1.464e+05
1.661e-01 1.501e+05
1.655e-01 1.462e+05
1.728e-01 1.491e+05
1.775e-01 1.444e+05
1.683e-01 1.417e+05
1.671e-01 1.509e+05
1.647e-01 1.492e+05
1.693e-01 1.508e+05
2.470e-01 9.131e+04
1.623e-01 1.512e+05
1.709e-01 1.473e+05
1.639e-01 1.537e+05
1.722e-01 1.482e+05
2.325e-01 8.637e+04
1.581e-01 1.561e+05
1.697e-01 1.498e+05
1.632e-01 1.546e+05
1.676e-01 1.536e+05
1.817e-01 1.386e+05
1.705e-01 1.518e+05
1.651e-01 1.503e+05
1.679e-01 1.494e+05
2.076e-01 1.247e+05
1.682e-01 1.532e+05
1.739e-01 1.426e+05
1.662e-01 1.492e+05
1.690e-01 1.520e+05
1.646e-01 1.494e+05
1.761e-01 1.430e+05
2.029e-01 1.140e+05
1.714e-01 1.517e+05
1.900e-01 1.207e+05
1.669e-01 1.522e+05
2.118e-01 1.092e+05
1.717e-01 1.513e+05
1.734e-01 1.475e+05
1.699e-01 1.509e+05
1.699e-01 1.470e+05
1.725e-01 1.454e+05
1.634e-01 1.529e+05
1.599e-01 1.560e+05
1.702e-01 1.467e+05
1.653e-01 1.550e+05
2.256e-01 1.016e+05
1.709e-01 1.511e+05
1.636e-01 1.556e+05
1.698e-01 1.504e+05
1.593e-01 1.581e+05
1.756e-01 1.278e+05
1.675e-01 1.514e+05
1.642e-01 1.516e+05
1.670e-01 1.497e+05
1.593e-01 1.546e+05
1.703e-01 1.494e+05
1.648e-01 1.550e+05
1.695e-01 1.489e+05
1.900e-01 1.327e+05
1.656e-01 1.562e+05
1.619e-01 1.596e+05
1.655e-01 1.472e+05
1.690e-01 1.498e+05
1.777e-01 1.440e+05
1.778e-01 1.439e+05
1.627e-01 1.563e+05
1.719e-01 1.498e+05
1.586e-01 1.595e+05
1.670e-01 1.512e+05
1.712e-01 1.521e+05
1.608e-01 1.544e+05
1.634e-01 1.537e+05
1.659e-01 1.527e+05
1.614e-01 1.553e+05
1.671e-01 1.573e+05
1.614e-01 1.533e+05
1.856e-01 1.356e+05
1.657e-01 1.495e+05
1.716e-01 1.447e+05
1.743e-01 1.403e+05
1.722e-01 1.532e+05
1.760e-01 1.393e+05
1.899e-01 1.331e+05
1.651e-01 1.464e+05
1.693e-01 1.509e+05
1.691e-01 1.492e+05
1.705e-01 1.443e+05
1.693e-01 1.503e+05
1.766e-01 1.350e+05
1.720e-01 1.479e+05
1.648e-01 1.542e+05
1.680e-01 1.547e+05
2.927e-01 7.950e+04
1.654e-01 1.535e+05
2.455e-01 1.049e+05
1.640e-01 1.572e+05
2.001e-01 1.149e+05
1.850e-01 1.425e+05
1.767e-01 1.326e+05
2.118e-01 9.980e+04
1.775e-01 1.414e+05
1.667e-01 1.503e+05
1.742e-01 1.454e+05
1.692e-01 1.499e+05
2.107e-01 9.579e+04
1.603e-01 1.608e+05
1.719e-01 1.500e+05
1.678e-01 1.521e+05
1.713e-01 1.489e+05
1.668e-01 1.552e+05
1.652e-01 1.532e+05
1.918e-01 1.232e+05
1.690e-01 1.514e+05
1.600e-01 1.533e+05
1.852e-01 1.367e+05
1.640e-01 1.556e+05
1.773e-01 1.417e+05
1.682e-01 1.540e+05
2.232e-01 1.193e+05
1.663e-01 1.572e+05
1.670e-01 1.560e+05
1.661e-01 1.495e+05
1.824e-01 1.390e+05
2.661e-01 8.604e+04
1.699e-01 1.509e+05
1.695e-01 1.470e+05
1.753e-01 1.438e+05
1.587e-01 1.583e+05
1.742e-01 1.441e+05
1.681e-01 1.489e+05
1.656e-01 1.572e+05
1.678e-01 1.541e+05
1.884e-01 1.354e+05
1.654e-01 1.460e+05
1.695e-01 1.454e+05
1.691e-01 1.554e+05
1.711e-01 1.514e+05
2.274e-01 1.045e+05
1.599e-01 1.541e+05
1.671e-01 1.536e+05
1.732e-01 1.471e+05
1.645e-01 1.473e+05
1.628e-01 1.570e+05
1.635e-01 1.517e+05
1.726e-01 1.444e+05
1.689e-01 1.473e+05
2.263e-01 1.074e+05
1.877e-01 1.326e+05
2.224e-01 1.117e+05
1.597e-01 1.612e+05
2.260e-01 1.139e+05
1.739e-01 1.433e+05
1.630e-01 1.506e+05
1.623e-01 1.486e+05
1.717e-01 1.453e+05
1.649e-01 1.511e+05
1.614e-01 1.551e+05
1.966e-01 1.163e+05
1.677e-01 1.548e+05
1.881e-01 1.310e+05
1.726e-01 1.423e+05
1.748e-01 1.330e+05
1.780e-01 1.340e+05
1.663e-01 1.467e+05
1.711e-01 1.407e+05
1.657e-01 1.538e+05
1.926e-01 1.359e+05
2.233e-01 1.206e+05
1.710e-01 1.484e+05
1.700e-01 1.519e+05
1.706e-01 1.490e+05
1.627e-01 1.546e+05
1.643e-01 1.532e+05
1.586e-01 1.574e+05
1.714e-01 1.482e+05
1.687e-01 1.442e+05
1.632e-01 1.512e+05
2.639e-01 8.525e+04
1.652e-01 1.558e+05
1.644e-01 1.564e+05
1.668e-01 1.531e+05
1.622e-01 1.512e+05
1.687e-01 1.496e+05
1.741e-01 1.457e+05
1.674e-01 1.516e+05
1.671e-01 1.500e+05
2.537e-01 8.563e+04
1.635e-01 1.547e+05
1.730e-01 1.466e+05
1.957e-01 1.160e+05
1.631e-01 1.546e+05
1.633e-01 1.459e+05
2.241e-01 1.114e+05
1.761e-01 1.442e+05
1.699e-01 1.512e+05
1.760e-01 1.471e+05
1.751e-01 1.348e+05
1.594e-01 1.547e+05
1.736e-01 1.505e+05
1.616e-01 1.514e+05
1.701e-01 1.481e+05
1.590e-01 1.594e+05
1.691e-01 1.538e+05
1.660e-01 1.496e+05
1.592e-01 1.607e+05
1.633e-01 1.506e+05
1.681e-01 1.522e+05
1.668e-01 1.528e+05
1.847e-01 1.302e+05
1.647e-01 1.535e+05
1.582e-01 1.572e+05
1.689e-01 1.525e+05
1.684e-01 1.476e+05
2.112e-01 1.080e+05
2.011e-01 1.268e+05
1.706e-01 1.465e+05
1.656e-01 1.482e+05
1.737e-01 1.446e+05
1.647e-01 1.544e+05
1.667e-01 1.504e+05
1.648e-01 1.518e+05
1.630e-01 1.504e+05
1.736e-01 1.456e+05
1.595e-01 1.581e+05
1.666e-01 1.564e+05
1.652e-01 1.546e+05
1.645e-01 1.583e+05
1.684e-01 1.529e+05
1.647e-01 1.491e+05
1.614e-01 1.542e+05
1.612e-01 1.532e+05
1.787e-01 1.373e+05
1.647e-01 1.531e+05
1.651e-01 1.537e+05
1.698e-01 1.553e+05
1.664e-01 1.494e+05
1.640e-01 1.583e+05
2.107e-01 1.023e+05
1.660e-01 1.563e+05
1.816e-01 1.343e+05
1.827e-01 1.265e+05
1.707e-01 1.476e+05
1.636e-01 1.521e+05
1.711e-01 1.509e+05
2.137e-01 1.111e+05
1.721e-01 1.540e+05
1.671e-01 1.442e+05
1.728e-01 1.468e+05
1.667e-01 1.532e+05
1.672e-01 1.545e+05
1.822e-01 1.428e+05
1.840e-01 1.282e+05
1.672e-01 1.505e+05
1.654e-01 1.511e+05
1.669e-01 1.504e+05
1.945e-01 1.237e+05
1.766e-01 1.451e+05
1.690e-01 1.540e+05
1.664e-01 1.486e+05
1.696e-01 1.503e+05
1.917e-01 1.272e+05
1.602e-01 1.522e+05
1.722e-01 1.490e+05
1.727e-01 1.329e+05
1.606e-01 1.561e+05
1.683e-01 1.529e+05
1.704e-01 1.467e+05
1.645e-01 1.589e+05
1.727e-01 1.449e+05
1.689e-01 1.493e+05
1.699e-01 1.557e+05
2.192e-01 9.784e+04
2.197e-01 9.354e+04
1.690e-01 1.510e+05
1.690e-01 1.474e+05
1.737e-01 1.361e+05
1.746e-01 1.480e+05
1.649e-01 1.526e+05
2.626e-01 8.364e+04
2.450e-01 1.085e+05
1.645e-01 1.543e+05
1.755e-01 1.400e+05
1.717e-01 1.520e+05
2.472e-01 9.555e+04
2.479e-01 8.648e+04
1.752e-01 1.435e+05
2.311e-01 8.270e+04
1.727e-01 1.454e+05
1.668e-01 1.543e+05
1.699e-01 1.505e+05
1.663e-01 1.466e+05
2.036e-01 1.098e+05
2.155e-01 1.214e+05
1.756e-01 1.450e+05
1.714e-01 1.501e+05
2.057e-01 1.233e+05
1.840e-01 1.371e+05
1.704e-01 1.458e+05
1.586e-01 1.603e+05
1.689e-01 1.544e+05
1.635e-01 1.559e+05
1.590e-01 1.600e+05
2.464e-01 9.666e+04
1.622e-01 1.502e+05
1.888e-01 1.249e+05
1.707e-01 1.530e+05
1.635e-01 1.582e+05
1.752e-01 1.492e+05
1.686e-01 1.504e+05
1.762e-01 1.494e+05
1.689e-01 1.524e+05
1.672e-01 1.570e+05
1.704e-01 1.534e+05
1.690e-01 1.517e+05
1.611e-01 1.545e+05
1.759e-01 1.409e+05
1.647e-01 1.529e+05
1.817e-01 1.434e+05
1.677e-01 1.509e+05
1.674e-01 1.506e+05
1.719e-01 1.458e+05
2.338e-01 9.864e+04
2.325e-01 9.145e+04
1.769e-01 1.433e+05
2.004e-01 1.122e+05
1.669e-01 1.554e+05
1.668e-01 1.518e+05
1.631e-01 1.512e+05
1.637e-01 1.585e+05
1.602e-01 1.546e+05
1.659e-01 1.530e+05
1.698e-01 1.499e+05
2.087e-01 1.240e+05
1.727e-01 1.480e+05
1.701e-01 1.501e+05
1.827e-01 1.419e+05
1.751e-01 1.406e+05
1.738e-01 1.503e+05
1.823e-01 1.209e+05
1.606e-01 1.573e+05
1.677e-01 1.537e+05
2.027e-01 1.032e+05
1.702e-01 1.497e+05
1.753e-01 1.442e+05
1.633e-01 1.522e+05
1.584e-01 1.605e+05
1.853e-01 1.397e+05
1.693e-01 1.443e+05
1.742e-01 1.413e+05
1.614e-01 1.587e+05
1.648e-01 1.476e+05
2.357e-01 1.021e+05
1.700e-01 1.518e+05
2.065e-01 1.121e+05
2.284e-01 1.042e+05
1.744e-01 1.515e+05
1.798e-01 1.359e+05
1.643e-01 1.579e+05
1.761e-01 1.460e+05
1.620e-01 1.573e+05
1.734e-01 1.407e+05
1.745e-01 1.452e+05
1.989e-01 1.293e+05
1.901e-01 1.232e+05
1.653e-01 1.498e+05
1.624e-01 1.523e+05
1.681e-01 1.523e+05
1.987e-01 1.241e+05
1.621e-01 1.568e+05
1.769e-01 1.470e+05
1.677e-01 1.505e+05
1.691e-01 1.497e+05
1.628e-01 1.505e+05
1.692e-01 1.514e+05
1.745e-01 1.462e+05
1.602e-01 1.507e+05
1.708e-01 1.496e+05
1.675e-01 1.502e+05
1.836e-01 1.377e+05
1.682e-01 1.516e+05
1.663e-01 1.525e+05
1.681e-01 1.516e+05
1.715e-01 1.501e+05
2.443e-01 9.343e+04
2.057e-01 1.169e+05
1.660e-01 1.528e+05
1.766e-01 1.417e+05
1.616e-01 1.529e+05
1.622e-01 1.602e+05
1.655e-01 1.472e+05
1.937e-01 1.334e+05
1.675e-01 1.521e+05
1.690e-01 1.554e+05
2.220e-01 9.090e+04
1.673e-01 1.552e+05
1.697e-01 1.462e+05
1.735e-01 1.481e+05
1.680e-01 1.484e+05
1.688e-01 1.540e+05
1.736e-01 1.438e+05
1.779e-01 1.408e+05
1.681e-01 1.405e+05
1.692e-01 1.541e+05
1.662e-01 1.549e+05
1.717e-01 1.507e+05
1.936e-01 1.209e+05
1.713e-01 1.474e+05
2.417e-01 1.060e+05
1.675e-01 1.538e+05
1.697e-01 1.477e+05
1.708e-01 1.492e+05
1.599e-01 1.525e+05
1.646e-01 1.569e+05
1.648e-01 1.579e+05
1.746e-01 1.487e+05
1.743e-01 1.475e+05
2.644e-01 8.669e+04
1.870e-01 1.307e+05
1.616e-01 1.563e+05
1.788e-01 1.390e+05
2.451e-01 1.012e+05
1.685e-01 1.484e+05
1.653e-01 1.498e+05
1.681e-01 1.436e+05
1.724e-01 1.465e+05
1.580e-01 1.592e+05
1.657e-01 1.525e+05
1.720e-01 1.444e+05
1.662e-01 1.488e+05
1.669e-01 1.554e+05
1.658e-01 1.515e+05
1.650e-01 1.519e+05
1.632e-01 1.538e+05
1.702e-01 1.488e+05
1.616e-01 1.563e+05
1.789e-01 1.413e+05
1.626e-01 1.547e+05
1.644e-01 1.528e+05
1.622e-01 1.527e+05
1.669e-01 1.430e+05
1.908e-01 1.289e+05
1.855e-01 1.386e+05
1.628e-01 1.581e+05
1.807e-01 1.443e+05
2.462e-01 9.282e+04
1.675e-01 1.533e+05
1.691e-01 1.476e+05
1.619e-01 1.559e+05
2.387e-01 1.002e+05
1.995e-01 1.221e+05
1.634e-01 1.541e+05
2.718e-01 7.887e+04
2.349e-01 1.066e+05
1.667e-01 1.528e+05
1.603e-01 1.570e+05
1.668e-01 1.499e+05
1.753e-01 1.454e+05
1.746e-01 1.466e+05
2.372e-01 8.968e+04
1.587e-01 1.615e+05
1.724e-01 1.489e+05
1.793e-01 1.416e+05
1.896e-01 1.319e+05
1.751e-01 1.474e+05
1.714e-01 1.478e+05
1.760e-01 1.431e+05
1.725e-01 1.460e+05
2.164e-01 1.055e+05
1.677e-01 1.541e+05
1.721e-01 1.455e+05
1.787e-01 1.421e+05
1.860e-01 1.325e+05
1.649e-01 1.474e+05
1.669e-01 1.496e+05
1.611e-01 1.539e+05
2.661e-01 8.701e+04
1.602e-01 1.570e+05
1.675e-01 1.526e+05
1.597e-01 1.590e+05
1.656e-01 1.522e+05
1.706e-01 1.512e+05
1.738e-01 1.484e+05
1.680e-01 1.507e+05
1.803e-01 1.376e+05
1.726e-01 1.454e+05
1.605e-01 1.572e+05
2.018e-01 1.164e+05
1.750e-01 1.432e+05
1.713e-01 1.504e+05
2.481e-01 9.305e+04
1.678e-01 1.481e+05
1.707e-01 1.493e+05
1.636e-01 1.592e+05
1.725e-01 1.488e+05
1.689e-01 1.480e+05
1.617e-01 1.515e+05
2.584e-01 8.537e+04
1.757e-01 1.483e+05
1.728e-01 1.526e+05
1.708e-01 1.467e+05
1.590e-01 1.556e+05
1.710e-01 1.475e+05
1.688e-01 1.505e+05
1.773e-01 1.417e+05
1.671e-01 1.532e+05
1.691e-01 1.482e+05
1.694e-01 1.517e+05
1.642e-01 1.561e+05
1.673e-01 1.513e+05
1.708e-01 1.482e+05
1.661e-01 1.525e+05
1.623e-01 1.565e+05
1.629e-01 1.525e+05
1.669e-01 1.534e+05
1.622e-01 1.580e+05
1.609e-01 1.540e+05
1.716e-01 1.485e+05
1.697e-01 1.481e+05
1.686e-01 1.445e+05
1.737e-01 1.435e+05
2.100e-01 1.110e+05
1.685e-01 1.505e+05
1.983e-01 1.240e+05
1.649e-01 1.518e+05
1.700e-01 1.476e+05
1.754e-01 1.427e+05
1.681e-01 1.516e+05
1.647e-01 1.557e+05
1.679e-01 1.513e+05
2.308e-01 9.480e+04
1.660e-01 1.540e+05
1.666e-01 1.524e+05
1.681e-01 1.495e+05
1.577e-01 1.575e+05
2.031e-01 1.198e+05
1.635e-01 1.518e+05
2.157e-01 1.041e+05
1.625e-01 1.499e+05
1.658e-01 1.524e+05
2.666e-01 8.364e+04
1.719e-01 1.488e+05
1.675e-01 1.515e+05
1.758e-01 1.502e+05
1.791e-01 1.427e+05
1.650e-01 1.537e+05
2.161e-01 1.074e+05
1.913e-01 1.231e+05
1.672e-01 1.527e+05
1.632e-01 1.562e+05
1.733e-01 1.497e+05
1.607e-01 1.533e+05
1.693e-01 1.522e+05
1.632e-01 1.495e+05
1.703e-01 1.509e+05
2.172e-01 1.012e+05
1.658e-01 1.497e+05
2.152e-01 1.059e+05
2.110e-01 1.231e+05
1.703e-01 1.521e+05
1.739e-01 1.485e+05
1.861e-01 1.343e+05
1.709e-01 1.539e+05
1.676e-01 1.503e+05
1.628e-01 1.550e+05
1.755e-01 1.503e+05
1.639e-01 1.480e+05
1.936e-01 1.303e+05
1.638e-01 1.521e+05
1.663e-01 1.474e+05
1.617e-01 1.518e+05
1.701e-01 1.418e+05
1.651e-01 1.530e+05
1.649e-01 1.532e+05
1.633e-01 1.555e+05
1.670e-01 1.503e+05
1.812e-01 1.451e+05
2.171e-01 9.976e+04
1.750e-01 1.456e+05
1.687e-01 1.489e+05
1.645e-01 1.582e+05
1.855e-01 1.226e+05
1.709e-01 1.467e+05
2.134e-01 1.063e+05
1.633e-01 1.499e+05
1.871e-01 1.307e+05
1.670e-01 1.496e+05
1.647e-01 1.522e+05
1.704e-01 1.443e+05
1.737e-01 1.493e+05
1.730e-01 1.462e+05
1.592e-01 1.605e+05
1.691e-01 1.464e+05
1.780e-01 1.436e+05
1.652e-01 1.529e+05
1.931e-01 1.236e+05
1.645e-01 1.562e+05
1.784e-01 1.483e+05
1.916e-01 1.285e+05
1.736e-01 1.448e+05
1.658e-01 1.529e+05
1.634e-01 1.546e+05
1.662e-01 1.551e+05
1.699e-01 1.466e+05
1.679e-01 1.500e+05
1.738e-01 1.434e+05
1.772e-01 1.468e+05
1.659e-01 1.483e+05
1.695e-01 1.525e+05
1.763e-01 1.465e+05
1.761e-01 1.334e+05
1.661e-01 1.488e+05
1.695e-01 1.488e+05
1.732e-01 1.381e+05
1.752e-01 1.470e+05
1.990e-01 1.219e+05
2.066e-01 1.104e+05
1.824e-01 1.359e+05
1.733e-01 1.448e+05
1.666e-01 1.542e+05
1.759e-01 1.475e+05
1.652e-01 1.545e+05
1.675e-01 1.524e+05
1.622e-01 1.557e+05
1.869e-01 1.366e+05
1.689e-01 1.355e+05
1.673e-01 1.530e+05
1.674e-01 1.546e+05
1.876e-01 1.353e+05
1.653e-01 1.522e+05
1.780e-01 1.445e+05
1.806e-01 1.416e+05
1.714e-01 1.476e+05
1.613e-01 1.550e+05
1.671e-01 1.543e+05
1.664e-01 1.537e+05
1.697e-01 1.510e+05
1.718e-01 1.476e+05
1.704e-01 1.538e+05
1.645e-01 1.489e+05
2.167e-01 1.120e+05
1.769e-01 1.501e+05
1.666e-01 1.495e+05
1.669e-01 1.524e+05
1.596e-01 1.580e+05
1.711e-01 1.313e+05
2.116e-01 1.261e+05
2.279e-01 9.764e+04
1.771e-01 1.444e+05
1.793e-01 1.475e+05
1.695e-01 1.532e+05
1.696e-01 1.512e+05
1.824e-01 1.420e+05
1.675e-01 1.511e+05
1.650e-01 1.520e+05
1.964e-01 1.312e+05
2.657e-01 9.063e+04
1.744e-01 1.389e+05
1.861e-01 1.389e+05
2.106e-01 1.261e+05
2.208e-01 1.085e+05
1.797e-01 1.366e+05
1.704e-01 1.545e+05
1.591e-01 1.590e+05
1.645e-01 1.522e+05
1.682e-01 1.503e+05
1.674e-01 1.519e+05
1.691e-01 1.517e+05
1.633e-01 1.522e+05
1.627e-01 1.546e+05
1.652e-01 1.523e+05
1.687e-01 1.527e+05
1.661e-01 1.476e+05
1.655e-01 1.467e+05
1.724e-01 1.502e+05
1.702e-01 1.441e+05
2.035e-01 1.220e+05
2.092e-01 1.089e+05
1.710e-01 1.524e+05
2.467e-01 8.418e+04
1.589e-01 1.539e+05
1.665e-01 1.529e+05
1.676e-01 1.457e+05
1.632e-01 1.505e+05
1.735e-01 1.463e+05
1.726e-01 1.407e+05
1.805e-01 1.452e+05
1.670e-01 1.534e+05
1.759e-01 1.493e+05
1.699e-01 1.535e+05
1.671e-01 1.517e+05
1.632e-01 1.581e+05
1.715e-01 1.480e+05
1.687e-01 1.472e+05
2.270e-01 9.646e+04
2.320e-01 1.109e+05
1.615e-01 1.526e+05
1.764e-01 1.409e+05
1.584e-01 1.597e+05
1.614e-01 1.579e+05
1.804e-01 1.450e+05
1.676e-01 1.454e+05
1.661e-01 1.529e+05
1.757e-01 1.465e+05
2.039e-01 1.115e+05
2.043e-01 1.220e+05
1.617e-01 1.582e+05
1.637e-01 1.574e+05
1.713e-01 1.488e+05
1.627e-01 1.499e+05
1.684e-01 1.547e+05
1.794e-01 1.393e+05
1.686e-01 1.475e+05
1.590e-01 1.549e+05
2.155e-01 1.141e+05
1.688e-01 1.562e+05
1.773e-01 1.456e+05
1.690e-01 1.496e+05
1.618e-01 1.586e+05
1.705e-01 1.510e+05
1.667e-01 1.569e+05
1.700e-01 1.515e+05
1.639e-01 1.512e+05
2.604e-01 8.941e+04
1.715e-01 1.479e+05
2.114e-01 1.271e+05
1.708e-01 1.493e+05
1.773e-01 1.489e+05
1.661e-01 1.529e+05
2.105e-01 1.156e+05
1.768e-01 1.491e+05
1.717e-01 1.467e+05
1.651e-01 1.546e+05
1.583e-01 1.591e+05
1.787e-01 1.440e+05
1.688e-01 1.486e+05
1.599e-01 1.573e+05
1.664e-01 1.522e+05
1.643e-01 1.558e+05
2.109e-01 1.146e+05
1.676e-01 1.536e+05
1.980e-01 1.334e+05
1.620e-01 1.519e+05
1.664e-01 1.507e+05
1.744e-01 1.431e+05
1.684e-01 1.552e+05
1.749e-01 1.500e+05
1.633e-01 1.500e+05
1.683e-01 1.534e+05
1.637e-01 1.518e+05
1.716e-01 1.487e+05
2.632e-01 7.941e+04
1.643e-01 1.505e+05
1.719e-01 1.516e+05
1.590e-01 1.566e+05
1.732e-01 1.490e+05
1.663e-01 1.516e+05
1.702e-01 1.497e+05
1.642e-01 1.491e+05
2.235e-01 1.033e+05
1.902e-01 1.195e+05
1.690e-01 1.448e+05
1.730e-01 1.509e+05
1.851e-01 1.413e+05
1.671e-01 1.561e+05
1.741e-01 1.480e+05
1.723e-01 1.359e+05
1.666e-01 1.529e+05
1.752e-01 1.450e+05
2.311e-01 9.890e+04
1.694e-01 1.543e+05
1.624e-01 1.512e+05
1.715e-01 1.505e+05
1.656e-01 1.548e+05
1.672e-01 1.572e+05
1.765e-01 1.419e+05
1.712e-01 1.405e+05
2.336e-01 9.529e+04
1.756e-01 1.414e+05
1.699e-01 1.469e+05
1.729e-01 1.463e+05
1.834e-01 1.304e+05
1.662e-01 1.522e+05
1.698e-01 1.523e+05
1.645e-01 1.517e+05
1.761e-01 1.456e+05
1.666e-01 1.560e+05
1.973e-01 1.292e+05
1.678e-01 1.488e+05
1.919e-01 1.308e+05
1.833e-01 1.430e+05
1.725e-01 1.436e+05
1.961e-01 1.215e+05
1.638e-01 1.493e+05
2.265e-01 1.082e+05
1.650e-01 1.498e+05
1.721e-01 1.469e+05
1.662e-01 1.518e+05
1.669e-01 1.472e+05
1.707e-01 1.462e+05
1.687e-01 1.540e+05
1.678e-01 1.499e+05
1.654e-01 1.494e+05
1.632e-01 1.589e+05
1.776e-01 1.426e+05
1.680e-01 1.501e+05
1.586e-01 1.583e+05
1.702e-01 1.514e+05
1.702e-01 1.493e+05
1.715e-01 1.484e+05
1.647e-01 1.449e+05
1.648e-01 1.564e+05
1.663e-01 1.521e+05
1.799e-01 1.413e+05
1.643e-01 1.530e+05
1.625e-01 1.536e+05
1.623e-01 1.571e+05
1.742e-01 1.465e+05
1.658e-01 1.477e+05
1.702e-01 1.501e+05
1.655e-01 1.540e+05
1.642e-01 1.517e+05
2.044e-01 1.271e+05
1.677e-01 1.476e+05
1.750e-01 1.444e+05
1.642e-01 1.584e+05
1.613e-01 1.582e+05
1.651e-01 1.532e+05
1.625e-01 1.600e+05
1.633e-01 1.502e+05
1.744e-01 1.455e+05
1.599e-01 1.564e+05
1.723e-01 1.479e+05
1.767e-01 1.427e+05
1.902e-01 1.216e+05
1.716e-01 1.527e+05
1.670e-01 1.545e+05
2.303e-01 1.077e+05
2.182e-01 9.654e+04
2.287e-01 9.561e+04
1.762e-01 1.436e+05
1.879e-01 1.414e+05
1.733e-01 1.507e+05
1.710e-01 1.532e+05
1.665e-01 1.520e+05
1.702e-01 1.508e+05
1.629e-01 1.562e+05
1.644e-01 1.552e+05
1.744e-01 1.381e+05
1.723e-01 1.441e+05
1.688e-01 1.545e+05
1.688e-01 1.490e+05
1.720e-01 1.480e+05
1.647e-01 1.504e+05
1.603e-01 1.551e+05
1.753e-01 1.495e+05
1.599e-01 1.587e+05
1.601e-01 1.552e+05
1.903e-01 1.297e+05
2.663e-01 8.919e+04
2.308e-01 9.539e+04
1.597e-01 1.602e+05
1.972e-01 1.191e+05
1.725e-01 1.419e+05
1.639e-01 1.501e+05
1.721e-01 1.502e+05
1.781e-01 1.461e+05
1.752e-01 1.416e+05
1.673e-01 1.573e+05
1.674e-01 1.509e+05
1.659e-01 1.499e+05
1.657e-01 1.536e+05
1.852e-01 1.325e+05
1.784e-01 1.455e+05
1.672e-01 1.500e+05
2.156e-01 1.035e+05
1.919e-01 1.282e+05
2.380e-01 9.623e+04
1.660e-01 1.508e+05
1.683e-01 1.552e+05
1.736e-01 1.446e+05
2.117e-01 9.860e+04
2.118e-01 9.172e+04
1.592e-01 1.552e+05
1.726e-01 1.472e+05
1.712e-01 1.469e+05
1.666e-01 1.534e+05
1.864e-01 1.354e+05
1.672e-01 1.511e+05
1.662e-01 1.537e+05
1.683e-01 1.538e+05
1.861e-01 1.176e+05
1.715e-01 1.489e+05
1.609e-01 1.527e+05
1.652e-01 1.523e+05
1.671e-01 1.531e+05
1.765e-01 1.415e+05
1.632e-01 1.515e+05
1.681e-01 1.495e+05
1.736e-01 1.412e+05
1.675e-01 1.442e+05
1.690e-01 1.517e+05
2.505e-01 8.902e+04
1.724e-01 1.482e+05
1.837e-01 1.213e+05
1.948e-01 1.205e+05
2.161e-01 1.019e+05
1.629e-01 1.520e+05
1.623e-01 1.493e+05
1.672e-01 1.532e+05
1.948e-01 1.164e+05
2.143e-01 1.054e+05
1.620e-01 1.536e+05
1.628e-01 1.564e+05
1.620e-01 1.546e+05
1.654e-01 1.540e+05
1.675e-01 1.484e+05
2.311e-01 1.147e+05
1.591e-01 1.574e+05
1.590e-01 1.567e+05
2.046e-01 1.159e+05
1.742e-01 1.458e+05
1.658e-01 1.529e+05
2.220e-01 9.761e+04
1.760e-01 1.419e+05
2.012e-01 1.147e+05
2.516e-01 9.263e+04
1.795e-01 1.352e+05
1.669e-01 1.402e+05
2.048e-01 1.199e+05
2.129e-01 1.166e+05
1.897e-01 1.237e+05
1.727e-01 1.474e+05
1.662e-01 1.506e+05
1.673e-01 1.525e+05
1.732e-01 1.458e+05
1.714e-01 1.536e+05
1.617e-01 1.532e+05
1.717e-01 1.528e+05
1.584e-01 1.604e+05
1.628e-01 1.549e+05
1.679e-01 1.533e+05
1.690e-01 1.516e+05
1.706e-01 1.526e+05
2.063e-01 1.146e+05
1.705e-01 1.441e+05
1.703e-01 1.496e+05
1.678e-01 1.451e+05
2.168e-01 1.080e+05
1.778e-01 1.434e+05
2.241e-01 9.959e+04
1.617e-01 1.581e+05
2.479e-01 9.485e+04
1.686e-01 1.507e+05
1.611e-01 1.514e+05
1.652e-01 1.499e+05
1.619e-01 1.558e+05
1.845e-01 1.380e+05
1.719e-01 1.402e+05
2.712e-01 8.055e+04
1.684e-01 1.516e+05
1.705e-01 1.487e+05
1.684e-01 1.519e+05
1.684e-01 1.480e+05
1.639e-01 1.515e+05
1.647e-01 1.545e+05
2.130e-01 1.230e+05
1.696e-01 1.506e+05
2.030e-01 1.100e+05
1.644e-01 1.532e+05
1.694e-01 1.503e+05
1.674e-01 1.482e+05
1.743e-01 1.450e+05
2.247e-01 1.093e+05
1.785e-01 1.453e+05
1.614e-01 1.584e+05
1.676e-01 1.494e+05
1.602e-01 1.551e+05
1.629e-01 1.497e+05
1.713e-01 1.472e+05
1.699e-01 1.439e+05
1.691e-01 1.425e+05
1.744e-01 1.465e+05
1.942e-01 1.263e+05
1.655e-01 1.551e+05
1.959e-01 1.186e+05
1.680e-01 1.508e+05
1.847e-01 1.325e+05
1.951e-01 1.175e+05
1.653e-01 1.541e+05
1.762e-01 1.421e+05
1.688e-01 1.516e+05
2.116e-01 1.023e+05
1.674e-01 1.515e+05
1.723e-01 1.438e+05
1.734e-01 1.480e+05
2.155e-01 9.960e+04
1.707e-01 1.449e+05
1.706e-01 1.468e+05
1.782e-01 1.454e+05
1.711e-01 1.483e+05
1.725e-01 1.491e+05
1.636e-01 1.552e+05
1.653e-01 1.451e+05
1.658e-01 1.520e+05
2.002e-01 1.293e+05
1.694e-01 1.468e+05
1.805e-01 1.411e+05
1.611e-01 1.578e+05
1.664e-01 1.569e+05
1.647e-01 1.582e+05
1.629e-01 1.550e+05
1.649e-01 1.554e+05
1.930e-01 1.331e+05
1.620e-01 1.553e+05
1.651e-01 1.508e+05
1.683e-01 1.548e+05
1.954e-01 1.286e+05
1.625e-01 1.565e+05
1.686e-01 1.496e+05
1.826e-01 1.237e+05
1.638e-01 1.495e+05
1.631e-01 1.561e+05
1.641e-01 1.556e+05
1.594e-01 1.542e+05
1.678e-01 1.537e+05
1.747e-01 1.496e+05
1.927e-01 1.373e+05
1.649e-01 1.529e+05
1.731e-01 1.500e+05
2.194e-01 9.606e+04
1.679e-01 1.571e+05
1.598e-01 1.591e+05
1.706e-01 1.485e+05
1.658e-01 1.558e+05
1.861e-01 1.280e+05
1.595e-01 1.564e+05
1.685e-01 1.511e+05
1.650e-01 1.535e+05
1.694e-01 1.475e+05
1.791e-01 1.329e+05
1.743e-01 1.490e+05
1.643e-01 1.480e+05
1.653e-01 1.528e+05
1.723e-01 1.480e+05
1.610e-01 1.606e+05
2.278e-01 9.947e+04
1.764e-01 1.424e+05
1.657e-01 1.559e+05
1.699e-01 1.507e+05
1.752e-01 1.455e+05
2.044e-01 1.022e+05
1.665e-01 1.515e+05
1.660e-01 1.534e+05
1.699e-01 1.527e+05
1.958e-01 1.247e+05
1.733e-01 1.412e+05
2.040e-01 1.231e+05
1.912e-01 1.298e+05
2.047e-01 1.292e+05
2.037e-01 1.173e+05
1.623e-01 1.556e+05
1.810e-01 1.472e+05
1.617e-01 1.478e+05
1.677e-01 1.466e+05
1.609e-01 1.600e+05
1.694e-01 1.519e+05
1.720e-01 1.483e+05
1.833e-01 1.196e+05
1.637e-01 1.492e+05
1.627e-01 1.522e+05
1.686e-01 1.493e+05
1.630e-01 1.517e+05
1.747e-01 1.432e+05
1.665e-01 1.441e+05
1.738e-01 1.431e+05
1.699e-01 1.551e+05
1.623e-01 1.560e+05
1.679e-01 1.523e+05
1.743e-01 1.402e+05
1.696e-01 1.477e+05
1.637e-01 1.537e+05
1.669e-01 1.522e+05
1.677e-01 1.496e+05
1.628e-01 1.515e+05
1.609e-01 1.534e+05
1.634e-01 1.466e+05
1.647e-01 1.576e+05
1.745e-01 1.452e+05
1.674e-01 1.513e+05
1.665e-01 1.503e+05
1.761e-01 1.403e+05
1.833e-01 1.331e+05
1.648e-01 1.579e+05
1.656e-01 1.539e+05
1.708e-01 1.544e+05
2.073e-01 1.195e+05
1.774e-01 1.294e+05
1.695e-01 1.513e+05
1.736e-01 1.492e+05
1.675e-01 1.553e+05
1.729e-01 1.511e+05
1.714e-01 1.480e+05
1.674e-01 1.523e+05
1.740e-01 1.452e+05
1.999e-01 1.057e+05
1.624e-01 1.569e+05
1.734e-01 1.453e+05
1.724e-01 1.446e+05
1.678e-01 1.546e+05
1.747e-01 1.498e+05
1.805e-01 1.386e+05
1.676e-01 1.522e+05
1.700e-01 1.529e+05
1.756e-01 1.296e+05
1.651e-01 1.529e+05
2.504e-01 8.322e+04
2.294e-01 8.225e+04
2.492e-01 9.372e+04
1.661e-01 1.509e+05
1.627e-01 1.521e+05
2.016e-01 1.161e+05
1.940e-01 1.369e+05
1.777e-01 1.483e+05
1.654e-01 1.561e+05
1.635e-01 1.490e+05
1.639e-01 1.591e+05
1.623e-01 1.515e+05
2.194e-01 1.074e+05
1.738e-01 1.489e+05
2.070e-01 1.303e+05
2.718e-01 7.855e+04
1.751e-01 1.513e+05
1.638e-01 1.534e+05
1.632e-01 1.551e+05
1.617e-01 1.592e+05
1.641e-01 1.567e+05
1.658e-01 1.565e+05
1.593e-01 1.594e+05
2.264e-01 1.104e+05
1.690e-01 1.511e+05
1.624e-01 1.521e+05
1.726e-01 1.476e+05
2.525e-01 9.121e+04
1.639e-01 1.527e+05
1.748e-01 1.479e+05
1.710e-01 1.431e+05
1.629e-01 1.496e+05
1.734e-01 1.481e+05
1.687e-01 1.467e+05
1.732e-01 1.465e+05
1.669e-01 1.493e+05
1.669e-01 1.522e+05
1.673e-01 1.533e+05
1.675e-01 1.506e+05
1.724e-01 1.499e+05
1.782e-01 1.453e+05
2.336e-01 9.336e+04
1.602e-01 1.529e+05
1.663e-01 1.451e+05
1.643e-01 1.537e+05
1.699e-01 1.492e+05
1.701e-01 1.509e+05
1.738e-01 1.513e+05
1.590e-01 1.608e+05
1.629e-01 1.578e+05
1.842e-01 1.414e+05
2.391e-01 8.429e+04
1.676e-01 1.483e+05
1.622e-01 1.589e+05
1.725e-01 1.488e+05
1.743e-01 1.468e+05
1.654e-01 1.522e+05
1.721e-01 1.449e+05
1.861e-01 1.311e+05
1.647e-01 1.520e+05
1.687e-01 1.480e+05
1.830e-01 1.367e+05
2.361e-01 1.015e+05
1.754e-01 1.458e+05
1.738e-01 1.436e+05
1.676e-01 1.532e+05
1.727e-01 1.484e+05
1.664e-01 1.510e+05
2.265e-01 1.002e+05
1.670e-01 1.530e+05
1.700e-01 1.510e+05
1.784e-01 1.299e+05
2.326e-01 8.762e+04
1.703e-01 1.483e+05
2.760e-01 8.129e+04
1.638e-01 1.558e+05
1.953e-01 1.304e+05
1.612e-01 1.551e+05
1.739e-01 1.333e+05
1.626e-01 1.551e+05
1.729e-01 1.519e+05
1.660e-01 1.539e+05
1.683e-01 1.513e+05
1.664e-01 1.493e+05
1.623e-01 1.515e+05
2.883e-01 7.904e+04
1.711e-01 1.435e+05
1.692e-01 1.491e+05
2.255e-01 1.148e+05
1.761e-01 1.415e+05
1.669e-01 1.557e+05
2.347e-01 1.032e+05
1.671e-01 1.502e+05
1.729e-01 1.425e+05
1.694e-01 1.457e+05
2.055e-01 1.159e+05
1.671e-01 1.554e+05
1.689e-01 1.481e+05
1.697e-01 1.489e+05
1.622e-01 1.508e+05
1.668e-01 1.482e+05
1.605e-01 1.521e+05
2.174e-01 1.031e+05
1.595e-01 1.578e+05
1.738e-01 1.460e+05
1.594e-01 1.550e+05
1.715e-01 1.447e+05
2.202e-01 1.117e+05
1.620e-01 1.519e+05
1.800e-01 1.420e+05
1.629e-01 1.531e+05
1.686e-01 1.490e+05
1.661e-01 1.565e+05
1.659e-01 1.499e+05
1.785e-01 1.448e+05
1.590e-01 1.554e+05
1.607e-01 1.576e+05
1.744e-01 1.453e+05
1.893e-01 1.234e+05
2.319e-01 1.014e+05
1.711e-01 1.476e+05
1.699e-01 1.455e+05
1.751e-01 1.420e+05
1.716e-01 1.489e+05
1.634e-01 1.535e+05
1.714e-01 1.433e+05
1.614e-01 1.576e+05
1.627e-01 1.599e+05
1.676e-01 1.476e+05
1.696e-01 1.528e+05
2.054e-01 1.193e+05
1.662e-01 1.477e+05
2.071e-01 1.160e+05
1.677e-01 1.484e+05
1.701e-01 1.436e+05
1.727e-01 1.406e+05
2.296e-01 9.337e+04
1.683e-01 1.523e+05
1.626e-01 1.502e+05
1.658e-01 1.447e+05
1.704e-01 1.535e+05
1.895e-01 1.162e+05
1.681e-01 1.513e+05
1.889e-01 1.244e+05
1.664e-01 1.575e+05
1.634e-01 1.545e+05
2.142e-01 1.133e+05
1.771e-01 1.406e+05
1.976e-01 1.243e+05
1.817e-01 1.320e+05
1.743e-01 1.432e+05
1.672e-01 1.531e+05
1.737e-01 1.460e+05
1.725e-01 1.469e+05
1.705e-01 1.504e+05
1.742e-01 1.456e+05
1.697e-01 1.506e+05
1.729e-01 1.492e+05
1.681e-01 1.545e+05
1.689e-01 1.513e+05
2.030e-01 1.249e+05
1.685e-01 1.558e+05
1.694e-01 1.498e+05
2.402e-01 9.128e+04
1.859e-01 1.334e+05
1.650e-01 1.536e+05
1.672e-01 1.506e+05
1.677e-01 1.515e+05
1.624e-01 1.534e+05
1.815e-01 1.446e+05
1.662e-01 1.521e+05
1.689e-01 1.481e+05
2.130e-01 1.148e+05
1.623e-01 1.540e+05
1.790e-01 1.469e+05
2.014e-01 1.293e+05
1.651e-01 1.525e+05
1.677e-01 1.495e+05
1.678e-01 1.513e+05
1.697e-01 1.483e+05
1.647e-01 1.559e+05
1.739e-01 1.435e+05
2.034e-01 1.053e+05
1.802e-01 1.334e+05
1.725e-01 1.518e+05
1.645e-01 1.583e+05
1.707e-01 1.454e+05
1.620e-01 1.544e+05
1.658e-01 1.507e+05
1.621e-01 1.520e+05
1.759e-01 1.447e+05
1.630e-01 1.594e+05
1.618e-01 1.594e+05
1.885e-01 1.306e+05
1.656e-01 1.447e+05
1.918e-01 1.300e+05
2.230e-01 9.674e+04
1.696e-01 1.482e+05
1.836e-01 1.372e+05
1.770e-01 1.404e+05
2.111e-01 1.097e+05
1.812e-01 1.394e+05
1.702e-01 1.464e+05
1.722e-01 1.455e+05
1.611e-01 1.532e+05
1.850e-01 1.377e+05
1.803e-01 1.401e+05
1.702e-01 1.477e+05
1.691e-01 1.479e+05
1.725e-01 1.480e+05
1.889e-01 1.409e+05
1.645e-01 1.579e+05
1.751e-01 1.450e+05
1.949e-01 1.242e+05
1.753e-01 1.399e+05
1.709e-01 1.512e+05
1.606e-01 1.571e+05
1.809e-01 1.404e+05
1.682e-01 1.556e+05
1.725e-01 1.482e+05
1.606e-01 1.515e+05
1.622e-01 1.546e+05
1.653e-01 1.484e+05
1.686e-01 1.532e+05
1.776e-01 1.440e+05
2.323e-01 1.052e+05
1.619e-01 1.587e+05
1.926e-01 1.260e+05
1.700e-01 1.546e+05
1.692e-01 1.468e+05
1.686e-01 1.521e+05
1.604e-01 1.548e+05
1.906e-01 1.182e+05
1.715e-01 1.517e+05
1.859e-01 1.416e+05
1.676e-01 1.536e+05
1.641e-01 1.500e+05
1.653e-01 1.545e+05
1.727e-01 1.456e+05
1.688e-01 1.505e+05
1.706e-01 1.496e+05
1.637e-01 1.587e+05
1.669e-01 1.488e+05
1.774e-01 1.392e+05
1.700e-01 1.464e+05
1.765e-01 1.360e+05
1.646e-01 1.541e+05
1.662e-01 1.567e+05
1.662e-01 1.507e+05
1.715e-01 1.496e+05
1.633e-01 1.488e+05
1.680e-01 1.514e+05
2.359e-01 1.052e+05
1.718e-01 1.488e+05
1.683e-01 1.466e+05
1.654e-01 1.521e+05
1.616e-01 1.524e+05
1.593e-01 1.552e+05
2.191e-01 1.130e+05
1.655e-01 1.473e+05
1.943e-01 1.240e+05
1.663e-01 1.513e+05
1.714e-01 1.452e+05
1.630e-01 1.522e+05
1.658e-01 1.552e+05
2.288e-01 1.050e+05
1.680e-01 1.481e+05
2.074e-01 1.040e+05
1.676e-01 1.495e+05
1.672e-01 1.539e+05
1.717e-01 1.505e+05
1.745e-01 1.475e+05
1.907e-01 1.287e+05
1.993e-01 1.108e+05
2.465e-01 9.146e+04
2.355e-01 7.976e+04
1.680e-01 1.502e+05
1.694e-01 1.498e+05
1.760e-01 1.492e+05
1.675e-01 1.484e+05
1.672e-01 1.547e+05
2.047e-01 1.285e+05
1.609e-01 1.581e+05
1.599e-01 1.560e+05
2.258e-01 9.660e+04
2.268e-01 9.499e+04
2.395e-01 8.852e+04
1.707e-01 1.535e+05
1.675e-01 1.505e+05
1.703e-01 1.462e+05
1.617e-01 1.494e+05
1.684e-01 1.519e+05
1.699e-01 1.468e+05
1.694e-01 1.512e+05
1.754e-01 1.469e+05
1.670e-01 1.564e+05
1.871e-01 1.244e+05
1.615e-01 1.599e+05
1.713e-01 1.510e+05
1.773e-01 1.462e+05
1.944e-01 1.252e+05
1.790e-01 1.228e+05
1.714e-01 1.490e+05
1.650e-01 1.461e+05
1.657e-01 1.541e+05
1.637e-01 1.582e+05
1.781e-01 1.387e+05
1.691e-01 1.553e+05
1.694e-01 1.476e+05
1.719e-01 1.483e+05
1.663e-01 1.528e+05
1.618e-01 1.510e+05
1.857e-01 1.325e+05
1.634e-01 1.486e+05
1.751e-01 1.412e+05
1.695e-01 1.534e+05
1.792e-01 1.393e+05
1.629e-01 1.450e+05
2.033e-01 1.143e+05
1.618e-01 1.496e+05
1.629e-01 1.569e+05
1.698e-01 1.462e+05
1.689e-01 1.471e+05
1.739e-01 1.483e+05
2.176e-01 1.179e+05
1.813e-01 1.419e+05
1.603e-01 1.534e+05
1.989e-01 1.219e+05
2.274e-01 1.110e+05
2.167e-01 1.205e+05
1.628e-01 1.509e+05
1.611e-01 1.554e+05
1.851e-01 1.265e+05
1.780e-01 1.466e+05
1.655e-01 1.459e+05
1.752e-01 1.467e+05
2.041e-01 1.311e+05
1.650e-01 1.532e+05
1.630e-01 1.528e+05
1.667e-01 1.502e+05
2.501e-01 9.191e+04
1.744e-01 1.459e+05
1.668e-01 1.560e+05
1.688e-01 1.464e+05
1.679e-01 1.511e+05
1.724e-01 1.453e+05
1.772e-01 1.413e+05
1.756e-01 1.488e+05
1.684e-01 1.538e+05
1.644e-01 1.560e+05
1.750e-01 1.444e+05
1.646e-01 1.519e+05
2.627e-01 8.213e+04
1.695e-01 1.490e+05
1.751e-01 1.456e+05
1.841e-01 1.369e+05
1.732e-01 1.425e+05
1.863e-01 1.392e+05
1.588e-01 1.566e+05
1.755e-01 1.439e+05
1.667e-01 1.486e+05
1.731e-01 1.389e+05
1.814e-01 1.399e+05
1.811e-01 1.205e+05
2.138e-01 1.155e+05
1.707e-01 1.506e+05
2.526e-01 8.818e+04
1.616e-01 1.602e+05
1.716e-01 1.481e+05
1.709e-01 1.516e+05
1.684e-01 1.554e+05
1.657e-01 1.528e+05
1.689e-01 1.483e+05
1.603e-01 1.507e+05
1.706e-01 1.525e+05
1.795e-01 1.469e+05
1.800e-01 1.404e+05
1.725e-01 1.498e+05
1.672e-01 1.509e+05
2.279e-01 9.809e+04
2.451e-01 9.753e+04
1.666e-01 1.546e+05
1.704e-01 1.547e+05
1.953e-01 1.337e+05
2.599e-01 8.555e+04
2.031e-01 1.161e+05
1.644e-01 1.593e+05
1.900e-01 1.379e+05
2.253e-01 9.610e+04
1.688e-01 1.511e+05
1.695e-01 1.492e+05
1.743e-01 1.432e+05
2.153e-01 1.003e+05
2.379e-01 9.477e+04
1.838e-01 1.415e+05
1.691e-01 1.498e+05
2.532e-01 9.677e+04
1.672e-01 1.510e+05
1.647e-01 1.556e+05
1.671e-01 1.519e+05
1.644e-01 1.493e+05
1.713e-01 1.512e+05
1.656e-01 1.546e+05
1.717e-01 1.471e+05
1.682e-01 1.481e+05
1.624e-01 1.511e+05
1.647e-01 1.525e+05
1.691e-01 1.499e+05
2.349e-01 9.501e+04
1.668e-01 1.550e+05
1.697e-01 1.486e+05
1.706e-01 1.465e+05
1.728e-01 1.479e+05
1.686e-01 1.480e+05
1.619e-01 1.590e+05
1.753e-01 1.406e+05
1.840e-01 1.394e+05
1.664e-01 1.551e+05
1.706e-01 1.490e+05
1.712e-01 1.451e+05
1.606e-01 1.517e+05
1.776e-01 1.442e+05
2.645e-01 7.617e+04
1.666e-01 1.520e+05
1.597e-01 1.609e+05
1.667e-01 1.529e+05
1.650e-01 1.507e+05
1.646e-01 1.553e+05
2.481e-01 1.015e+05
2.329e-01 9.741e+04
1.740e-01 1.407e+05
1.596e-01 1.532e+05
1.659e-01 1.515e+05
1.753e-01 1.498e+05
1.585e-01 1.566e+05
1.688e-01 1.511e+05
1.778e-01 1.419e+05
1.657e-01 1.527e+05
1.706e-01 1.482e+05
1.665e-01 1.493e+05
1.703e-01 1.466e+05
1.640e-01 1.565e+05
1.606e-01 1.550e+05
1.704e-01 1.476e+05
1.742e-01 1.454e+05
1.771e-01 1.310e+05
1.717e-01 1.421e+05
1.615e-01 1.525e+05
2.080e-01 1.186e+05
1.695e-01 1.458e+05
1.976e-01 1.120e+05
1.649e-01 1.504e+05
1.676e-01 1.525e+05
1.683e-01 1.522e+05
1.599e-01 1.577e+05
1.643e-01 1.590e+05
2.037e-01 1.314e+05
2.597e-01 9.019e+04
1.696e-01 1.477e+05
2.498e-01 8.852e+04
1.725e-01 1.523e+05
1.661e-01 1.396e+05
1.909e-01 1.407e+05
1.584e-01 1.584e+05
2.230e-01 1.168e+05
1.732e-01 1.450e+05
1.663e-01 1.537e+05
1.637e-01 1.460e+05
1.695e-01 1.451e+05
2.366e-01 1.085e+05
1.706e-01 1.492e+05
1.604e-01 1.583e+05
1.668e-01 1.519e+05
1.670e-01 1.497e+05
1.707e-01 1.529e+05
1.741e-01 1.442e+05
1.586e-01 1.564e+05
1.654e-01 1.532e+05
1.804e-01 1.418e+05
1.750e-01 1.462e+05
1.641e-01 1.521e+05
1.645e-01 1.577e+05
1.714e-01 1.488e+05
1.597e-01 1.600e+05
1.648e-01 1.477e+05
1.663e-01 1.526e+05
1.710e-01 1.499e+05
1.793e-01 1.439e+05
1.688e-01 1.520e+05
1.686e-01 1.551e+05
1.608e-01 1.527e+05
1.686e-01 1.497e+05
1.655e-01 1.501e+05
1.765e-01 1.448e+05
1.637e-01 1.513e+05
1.638e-01 1.536e+05
1.737e-01 1.460e+05
1.729e-01 1.456e+05
1.746e-01 1.460e+05
1.620e-01 1.541e+05
1.662e-01 1.554e+05
1.677e-01 1.523e+05
1.687e-01 1.530e+05
1.739e-01 1.470e+05
1.820e-01 1.445e+05
1.650e-01 1.530e+05
1.715e-01 1.461e+05
1.691e-01 1.522e+05
1.762e-01 1.396e+05
1.672e-01 1.514e+05
1.594e-01 1.544e+05
1.678e-01 1.492e+05
1.657e-01 1.532e+05
1.609e-01 1.570e+05
1.917e-01 1.293e+05
1.697e-01 1.493e+05
1.655e-01 1.485e+05
1.669e-01 1.536e+05
1.784e-01 1.460e+05
1.643e-01 1.544e+05
1.987e-01 1.226e+05
1.673e-01 1.518e+05
1.724e-01 1.422e+05
2.311e-01 1.050e+05
2.716e-01 7.872e+04
1.726e-01 1.443e+05
1.957e-01 1.178e+05
1.866e-01 1.315e+05
1.678e-01 1.507e+05
1.685e-01 1.492e+05
1.701e-01 1.549e+05
1.657e-01 1.506e+05
1.674e-01 1.522e+05
1.669e-01 1.562e+05
1.687e-01 1.504e+05
1.699e-01 1.491e+05
1.660e-01 1.567e+05
1.697e-01 1.445e+05
1.741e-01 1.482e+05
1.694e-01 1.483e+05
1.665e-01 1.543e+05
1.700e-01 1.477e+05
1.702e-01 1.490e+05
1.650e-01 1.532e+05
1.800e-01 1.467e+05
1.712e-01 1.486e+05
1.836e-01 1.455e+05
1.653e-01 1.561e+05
1.672e-01 1.497e+05
2.390e-01 9.691e+04
1.667e-01 1.550e+05
1.690e-01 1.486e+05
1.616e-01 1.570e+05
1.652e-01 1.531e+05
1.868e-01 1.211e+05
1.676e-01 1.481e+05
2.440e-01 8.614e+04
1.724e-01 1.403e+05
1.745e-01 1.479e+05
2.677e-01 8.543e+04
1.616e-01 1.603e+05
1.635e-01 1.540e+05
1.665e-01 1.481e+05
1.652e-01 1.515e+05
1.678e-01 1.462e+05
1.753e-01 1.461e+05
1.655e-01 1.529e+05
1.638e-01 1.551e+05
1.654e-01 1.549e+05
1.736e-01 1.446e+05
1.644e-01 1.572e+05
1.793e-01 1.368e+05
2.002e-01 1.325e+05
1.830e-01 1.410e+05
2.027e-01 1.268e+05
1.599e-01 1.556e+05
1.698e-01 1.525e+05
1.674e-01 1.516e+05
1.695e-01 1.526e+05
1.787e-01 1.461e+05
2.391e-01 9.125e+04
1.881e-01 1.304e+05
1.679e-01 1.565e+05
1.740e-01 1.352e+05
1.624e-01 1.595e+05
1.779e-01 1.354e+05
2.110e-01 1.120e+05
2.083e-01 1.073e+05
1.703e-01 1.435e+05
1.767e-01 1.444e+05
1.711e-01 1.433e+05
1.830e-01 1.390e+05
2.302e-01 9.893e+04
1.683e-01 1.465e+05
1.645e-01 1.542e+05
1.951e-01 1.208e+05
2.420e-01 8.922e+04
1.691e-01 1.523e+05
1.923e-01 1.282e+05
1.699e-01 1.481e+05
1.780e-01 1.434e+05
1.734e-01 1.474e+05
1.610e-01 1.575e+05
2.229e-01 1.051e+05
1.740e-01 1.427e+05
1.634e-01 1.489e+05
1.629e-01 1.593e+05
1.783e-01 1.397e+05
1.871e-01 1.338e+05
2.223e-01 1.044e+05
1.659e-01 1.540e+05
1.715e-01 1.476e+05
1.687e-01 1.496e+05
1.744e-01 1.495e+05
1.932e-01 1.153e+05
1.668e-01 1.570e+05
1.682e-01 1.519e+05
1.596e-01 1.573e+05
1.694e-01 1.488e+05
1.714e-01 1.479e+05
1.680e-01 1.479e+05
2.356e-01 9.867e+04
2.017e-01 1.155e+05
1.600e-01 1.555e+05
2.184e-01 1.114e+05
1.598e-01 1.592e+05
1.608e-01 1.526e+05
1.707e-01 1.532e+05
1.795e-01 1.404e+05
1.653e-01 1.520e+05
1.789e-01 1.312e+05
1.636e-01 1.565e+05
2.555e-01 8.495e+04
1.733e-01 1.502e+05
1.624e-01 1.530e+05
1.600e-01 1.567e+05
1.614e-01 1.557e+05
1.755e-01 1.502e+05
1.632e-01 1.533e+05
1.719e-01 1.450e+05
1.972e-01 1.251e+05
2.054e-01 1.177e+05
2.343e-01 8.280e+04
1.760e-01 1.294e+05
2.518e-01 1.005e+05
2.451e-01 8.114e+04
1.647e-01 1.542e+05
1.595e-01 1.534e+05
1.667e-01 1.491e+05
1.721e-01 1.502e+05
1.639e-01 1.569e+05
1.755e-01 1.400e+05
1.763e-01 1.421e+05
2.021e-01 1.208e+05
1.786e-01 1.473e+05
1.689e-01 1.548e+05
1.691e-01 1.503e+05
1.632e-01 1.479e+05
1.682e-01 1.536e+05
1.704e-01 1.486e+05
1.652e-01 1.586e+05
1.688e-01 1.517e+05
1.926e-01 1.309e+05
1.709e-01 1.464e+05
1.676e-01 1.544e+05
1.708e-01 1.494e+05
2.638e-01 8.102e+04
1.657e-01 1.535e+05
1.946e-01 1.280e+05
2.255e-01 1.038e+05
1.879e-01 1.349e+05
1.782e-01 1.434e+05
1.936e-01 1.241e+05
1.631e-01 1.543e+05
1.695e-01 1.484e+05
1.684e-01 1.545e+05
1.659e-01 1.564e+05
2.504e-01 9.434e+04
1.792e-01 1.408e+05
1.705e-01 1.483e+05
1.725e-01 1.487e+05
2.077e-01 1.238e+05
1.866e-01 1.384e+05
1.669e-01 1.504e+05
1.712e-01 1.507e+05
1.727e-01 1.526e+05
1.753e-01 1.469e+05
1.669e-01 1.519e+05
1.624e-01 1.454e+05
1.707e-01 1.428e+05
1.667e-01 1.530e+05
1.665e-01 1.517e+05
1.694e-01 1.508e+05
2.051e-01 1.154e+05
1.775e-01 1.410e+05
1.688e-01 1.530e+05
1.611e-01 1.527e+05
1.690e-01 1.506e+05
1.677e-01 1.471e+05
1.687e-01 1.513e+05
1.644e-01 1.461e+05
1.705e-01 1.446e+05
1.736e-01 1.511e+05
1.710e-01 1.542e+05
1.836e-01 1.285e+05
2.307e-01 1.032e+05
1.635e-01 1.536e+05
1.713e-01 1.500e+05
1.680e-01 1.541e+05
1.665e-01 1.515e+05
1.591e-01 1.592e+05
1.677e-01 1.498e+05
1.614e-01 1.529e+05
1.722e-01 1.462e+05
2.581e-01 7.653e+04
1.725e-01 1.458e+05
1.756e-01 1.419e+05
2.464e-01 9.146e+04
2.710e-01 8.602e+04
1.596e-01 1.600e+05
1.733e-01 1.450e+05
1.583e-01 1.574e+05
1.713e-01 1.472e+05
1.699e-01 1.538e+05
1.641e-01 1.574e+05
1.693e-01 1.493e+05
2.339e-01 8.429e+04
1.644e-01 1.507e+05
1.723e-01 1.468e+05
1.717e-01 1.488e+05
1.632e-01 1.532e+05
1.702e-01 1.544e+05
1.612e-01 1.520e+05
1.631e-01 1.549e+05
1.606e-01 1.565e+05
1.810e-01 1.308e+05
1.642e-01 1.527e+05
1.924e-01 1.289e+05
1.803e-01 1.401e+05
1.724e-01 1.465e+05
1.667e-01 1.502e+05
1.634e-01 1.582e+05
1.678e-01 1.560e+05
1.620e-01 1.528e+05
1.673e-01 1.513e+05
2.483e-01 9.605e+04
1.721e-01 1.385e+05
1.664e-01 1.498e+05
1.605e-01 1.542e+05
1.684e-01 1.510e+05
1.590e-01 1.523e+05
1.747e-01 1.404e+05
1.777e-01 1.286e+05
1.700e-01 1.427e+05
2.548e-01 8.511e+04
1.653e-01 1.532e+05
1.672e-01 1.496e+05
1.602e-01 1.536e+05
1.589e-01 1.540e+05
1.636e-01 1.541e+05
1.727e-01 1.486e+05
1.702e-01 1.534e+05
1.696e-01 1.557e+05
1.729e-01 1.522e+05
1.723e-01 1.463e+05
1.643e-01 1.490e+05
2.398e-01 8.966e+04
1.774e-01 1.438e+05
1.724e-01 1.446e+05
1.607e-01 1.526e+05
1.690e-01 1.548e+05
1.769e-01 1.461e+05
2.972e-01 7.920e+04
1.644e-01 1.559e+05
1.744e-01 1.478e+05
2.496e-01 9.077e+04
1.990e-01 1.142e+05
1.856e-01 1.289e+05
1.587e-01 1.611e+05
1.594e-01 1.566e+05
1.727e-01 1.426e+05
1.713e-01 1.502e+05
1.976e-01 1.208e+05
1.702e-01 1.530e+05
1.743e-01 1.520e+05
1.877e-01 1.381e+05
1.617e-01 1.574e+05
1.903e-01 1.323e+05
1.724e-01 1.426e+05
1.705e-01 1.502e+05
1.704e-01 1.468e+05
1.751e-01 1.457e+05
1.731e-01 1.448e+05
1.974e-01 1.184e+05
1.620e-01 1.605e+05
1.610e-01 1.526e+05
1.679e-01 1.484e+05
1.648e-01 1.562e+05
1.715e-01 1.465e+05
1.695e-01 1.496e+05
1.584e-01 1.606e+05
2.488e-01 9.233e+04
1.682e-01 1.510e+05
1.724e-01 1.369e+05
1.607e-01 1.562e+05
1.608e-01 1.599e+05
1.683e-01 1.499e+05
1.651e-01 1.536e+05
1.646e-01 1.422e+05
1.701e-01 1.504e+05
1.659e-01 1.501e+05
1.769e-01 1.412e+05
2.434e-01 9.287e+04
1.652e-01 1.465e+05
1.620e-01 1.506e+05
1.904e-01 1.328e+05
1.677e-01 1.511e+05
1.696e-01 1.492e+05
1.719e-01 1.399e+05
1.971e-01 1.185e+05
1.675e-01 1.496e+05
1.621e-01 1.553e+05
1.632e-01 1.516e+05
1.691e-01 1.478e+05
1.767e-01 1.399e+05
1.763e-01 1.449e+05
1.611e-01 1.557e+05
1.770e-01 1.241e+05
1.674e-01 1.526e+05
1.722e-01 1.492e+05
1.707e-01 1.542e+05
1.675e-01 1.535e+05
1.641e-01 1.568e+05
1.624e-01 1.549e+05
1.741e-01 1.462e+05
1.581e-01 1.582e+05
1.720e-01 1.523e+05
1.761e-01 1.455e+05
1.695e-01 1.461e+05
1.691e-01 1.490e+05
1.640e-01 1.535e+05
1.711e-01 1.507e+05
1.730e-01 1.483e+05
1.660e-01 1.531e+05
1.695e-01 1.472e+05
2.330e-01 1.101e+05
1.798e-01 1.431e+05
2.262e-01 1.020e+05
2.513e-01 7.922e+04
2.369e-01 1.061e+05
1.598e-01 1.548e+05
1.586e-01 1.567e+05
1.631e-01 1.510e+05
2.688e-01 8.009e+04
2.282e-01 8.511e+04
1.594e-01 1.573e+05
2.511e-01 9.665e+04
1.738e-01 1.484e+05
1.678e-01 1.457e+05
1.621e-01 1.486e+05
1.883e-01 1.377e+05
1.932e-01 1.200e+05
1.625e-01 1.530e+05
1.769e-01 1.478e+05
1.711e-01 1.375e+05
1.673e-01 1.525e+05
2.076e-01 1.256e+05
1.873e-01 1.116e+05
1.691e-01 1.494e+05
1.725e-01 1.517e+05
1.646e-01 1.537e+05
1.687e-01 1.464e+05
2.578e-01 8.548e+04
1.625e-01 1.534e+05
1.703e-01 1.533e+05
1.842e-01 1.374e+05
2.309e-01 9.524e+04
1.769e-01 1.401e+05
1.593e-01 1.543e+05
1.997e-01 1.279e+05
1.869e-01 1.314e+05
1.713e-01 1.508e+05
1.660e-01 1.481e+05
1.650e-01 1.582e+05
1.695e-01 1.557e+05
1.923e-01 1.323e+05
1.712e-01 1.463e+05
1.616e-01 1.548e+05
1.674e-01 1.506e+05
1.674e-01 1.508e+05
1.788e-01 1.418e+05
2.003e-01 1.196e+05
1.645e-01 1.517e+05
1.708e-01 1.523e+05
1.664e-01 1.542e+05
2.960e-01 8.027e+04
1.657e-01 1.514e+05
1.737e-01 1.468e+05
1.618e-01 1.490e+05
1.640e-01 1.532e+05
1.708e-01 1.496e+05
1.752e-01 1.426e+05
2.063e-01 1.150e+05
1.715e-01 1.447e+05
1.838e-01 1.362e+05
2.355e-01 9.948e+04
1.780e-01 1.469e+05
1.688e-01 1.503e+05
1.623e-01 1.506e+05
1.779e-01 1.489e+05
1.739e-01 1.465e+05
1.677e-01 1.566e+05
1.630e-01 1.544e+05
2.212e-01 1.109e+05
1.703e-01 1.467e+05
1.653e-01 1.531e+05
1.654e-01 1.546e+05
1.880e-01 1.223e+05
1.969e-01 1.119e+05
1.788e-01 1.440e+05
1.638e-01 1.581e+05
1.616e-01 1.578e+05
1.687e-01 1.510e+05
1.705e-01 1.466e+05
1.705e-01 1.512e+05
1.679e-01 1.528e+05
1.792e-01 1.426e+05
1.703e-01 1.479e+05
1.656e-01 1.532e+05
1.651e-01 1.525e+05
1.687e-01 1.482e+05
1.826e-01 1.397e+05
1.819e-01 1.381e+05
2.145e-01 1.128e+05
1.657e-01 1.509e+05
1.714e-01 1.471e+05
1.676e-01 1.511e+05
1.612e-01 1.541e+05
1.686e-01 1.518e+05
2.422e-01 9.221e+04
1.687e-01 1.508e+05
1.613e-01 1.536e+05
1.714e-01 1.500e+05
1.661e-01 1.557e+05
1.656e-01 1.543e+05
1.707e-01 1.491e+05
1.741e-01 1.447e+05
1.730e-01 1.481e+05
1.933e-01 1.261e+05
1.764e-01 1.501e+05
1.580e-01 1.585e+05
1.663e-01 1.513e+05
1.645e-01 1.541e+05
1.662e-01 1.575e+05
1.690e-01 1.525e+05
1.812e-01 1.354e+05
1.908e-01 1.338e+05
1.826e-01 1.446e+05
1.642e-01 1.529e+05
1.621e-01 1.563e+05
1.634e-01 1.548e+05
1.763e-01 1.427e+05
1.631e-01 1.552e+05
1.691e-01 1.509e+05
2.351e-01 9.463e+04
1.664e-01 1.472e+05
1.701e-01 1.411e+05
1.863e-01 1.357e+05
1.656e-01 1.514e+05
1.768e-01 1.424e+05
1.637e-01 1.530e+05
1.640e-01 1.523e+05
2.179e-01 1.078e+05
1.629e-01 1.475e+05
1.729e-01 1.469e+05
1.678e-01 1.524e+05
1.673e-01 1.504e+05
2.559e-01 8.083e+04
1.673e-01 1.501e+05
1.695e-01 1.533e+05
1.584e-01 1.563e+05
1.658e-01 1.526e+05
1.706e-01 1.464e+05
1.851e-01 1.437e+05
1.661e-01 1.500e+05
1.711e-01 1.459e+05
1.850e-01 1.347e+05
1.660e-01 1.553e+05
1.689e-01 1.493e+05
1.634e-01 1.501e+05
1.720e-01 1.446e+05
1.677e-01 1.523e+05
1.723e-01 1.426e+05
1.688e-01 1.508e+05
1.599e-01 1.558e+05
1.780e-01 1.446e+05
1.874e-01 1.342e+05
1.771e-01 1.445e+05
1.711e-01 1.486e+05
1.662e-01 1.490e+05
2.222e-01 9.951e+04
2.222e-01 1.038e+05
1.723e-01 1.495e+05
1.706e-01 1.484e+05
1.692e-01 1.501e+05
1.721e-01 1.447e+05
1.610e-01 1.582e+05
2.116e-01 1.064e+05
1.627e-01 1.479e+05
1.650e-01 1.517e+05
1.685e-01 1.495e+05
2.572e-01 8.911e+04
1.636e-01 1.556e+05
1.711e-01 1.512e+05
1.685e-01 1.495e+05
1.749e-01 1.422e+05
1.705e-01 1.468e+05
1.751e-01 1.449e+05
1.663e-01 1.569e+05
1.709e-01 1.514e+05
1.601e-01 1.546e+05
1.636e-01 1.596e+05
1.670e-01 1.493e+05
2.388e-01 9.980e+04
1.848e-01 1.376e+05
1.650e-01 1.542e+05
1.663e-01 1.475e+05
1.663e-01 1.533e+05
1.603e-01 1.514e+05
1.680e-01 1.529e+05
1.727e-01 1.444e+05
1.756e-01 1.441e+05
1.768e-01 1.468e+05
1.675e-01 1.506e+05
1.676e-01 1.466e+05
1.723e-01 1.467e+05
1.649e-01 1.506e+05
1.646e-01 1.536e+05
1.832e-01 1.255e+05
1.650e-01 1.502e+05
2.080e-01 1.168e+05
1.619e-01 1.544e+05
1.856e-01 1.289e+05
1.767e-01 1.460e+05
1.702e-01 1.499e+05
1.690e-01 1.466e+05
1.655e-01 1.522e+05
1.771e-01 1.498e+05
1.710e-01 1.430e+05
1.675e-01 1.501e+05
1.625e-01 1.530e+05
1.586e-01 1.558e+05
1.794e-01 1.423e+05
1.620e-01 1.536e+05
1.702e-01 1.523e+05
1.741e-01 1.461e+05
2.019e-01 1.257e+05
1.663e-01 1.518e+05
1.874e-01 1.359e+05
2.378e-01 8.548e+04
1.583e-01 1.603e+05
1.614e-01 1.479e+05
2.071e-01 1.276e+05
1.602e-01 1.583e+05
1.653e-01 1.535e+05
1.908e-01 1.246e+05
1.689e-01 1.533e+05
1.759e-01 1.503e+05
2.034e-01 1.286e+05
1.588e-01 1.593e+05
1.639e-01 1.551e+05
1.631e-01 1.545e+05
1.673e-01 1.474e+05
1.994e-01 1.137e+05
1.976e-01 1.304e+05
1.610e-01 1.535e+05
1.672e-01 1.533e+05
1.616e-01 1.563e+05
1.719e-01 1.456e+05
1.754e-01 1.442e+05
1.827e-01 1.366e+05
1.672e-01 1.519e+05
1.583e-01 1.582e+05
1.717e-01 1.431e+05
2.427e-01 1.026e+05
1.623e-01 1.533e+05
1.742e-01 1.451e+05
2.538e-01 8.961e+04
1.716e-01 1.481e+05
1.650e-01 1.502e+05
1.840e-01 1.324e+05
1.799e-01 1.463e+05
2.126e-01 1.014e+05
1.704e-01 1.435e+05
1.706e-01 1.483e+05
1.628e-01 1.550e+05
1.773e-01 1.383e+05
1.611e-01 1.526e+05
1.701e-01 1.501e+05
1.743e-01 1.473e+05
1.828e-01 1.433e+05
1.671e-01 1.519e+05
2.669e-01 9.376e+04
1.853e-01 1.386e+05
1.839e-01 1.360e+05
1.897e-01 1.236e+05
1.653e-01 1.520e+05
1.655e-01 1.535e+05
1.733e-01 1.526e+05
1.662e-01 1.502e+05
1.687e-01 1.494e+05
1.801e-01 1.384e+05
1.750e-01 1.428e+05
1.583e-01 1.585e+05
1.708e-01 1.507e+05
1.818e-01 1.365e+05
1.686e-01 1.541e+05
1.697e-01 1.485e+05
1.686e-01 1.457e+05
1.666e-01 1.559e+05
2.115e-01 1.128e+05
2.046e-01 1.158e+05
1.591e-01 1.595e+05
1.782e-01 1.440e+05
1.654e-01 1.536e+05
1.665e-01 1.509e+05
2.262e-01 9.750e+04
1.658e-01 1.505e+05
2.220e-01 1.185e+05
1.648e-01 1.545e+05
1.690e-01 1.516e+05
1.665e-01 1.530e+05
1.873e-01 1.348e+05
1.611e-01 1.576e+05
1.653e-01 1.443e+05
1.646e-01 1.586e+05
1.676e-01 1.516e+05
1.699e-01 1.495e+05
1.753e-01 1.460e+05
1.680e-01 1.560e+05
1.671e-01 1.513e+05
1.715e-01 1.503e+05
2.001e-01 1.170e+05
1.588e-01 1.555e+05
1.691e-01 1.504e+05
1.699e-01 1.531e+05
1.651e-01 1.538e+05
1.648e-01 1.539e+05
1.890e-01 1.389e+05
1.908e-01 1.362e+05
1.644e-01 1.469e+05
1.739e-01 1.467e+05
1.707e-01 1.508e+05
1.674e-01 1.507e+05
1.644e-01 1.580e+05
1.743e-01 1.468e+05
1.642e-01 1.585e+05
1.665e-01 1.539e+05
1.961e-01 1.284e+05
2.216e-01 1.183e+05
1.773e-01 1.381e+05
1.872e-01 1.244e+05
1.711e-01 1.484e+05
2.485e-01 1.014e+05
2.120e-01 1.122e+05
1.606e-01 1.528e+05
1.687e-01 1.489e+05
1.662e-01 1.505e+05
2.183e-01 1.021e+05
1.665e-01 1.548e+05
1.708e-01 1.488e+05
1.683e-01 1.489e+05
1.773e-01 1.351e+05
1.742e-01 1.495e+05
1.612e-01 1.608e+05
1.792e-01 1.393e+05
1.701e-01 1.468e+05
2.118e-01 1.077e+05
1.671e-01 1.538e+05
1.712e-01 1.459e+05
1.599e-01 1.597e+05
1.734e-01 1.467e+05
1.682e-01 1.509e+05
1.743e-01 1.452e+05
1.709e-01 1.493e+05
1.638e-01 1.554e+05
1.686e-01 1.483e+05
1.638e-01 1.528e+05
1.611e-01 1.544e+05
1.677e-01 1.522e+05
1.888e-01 1.334e+05
1.685e-01 1.528e+05
1.669e-01 1.564e+05
1.749e-01 1.487e+05
2.462e-01 8.260e+04
1.659e-01 1.510e+05
1.676e-01 1.521e+05
1.782e-01 1.397e+05
1.603e-01 1.593e+05
1.716e-01 1.478e+05
1.707e-01 1.494e+05
1.689e-01 1.496e+05
1.702e-01 1.473e+05
1.683e-01 1.519e+05
1.614e-01 1.488e+05
1.944e-01 1.164e+05
1.807e-01 1.384e+05
1.741e-01 1.478e+05
1.760e-01 1.419e+05
1.752e-01 1.513e+05
1.661e-01 1.518e+05
1.664e-01 1.480e+05
1.598e-01 1.578e+05
1.670e-01 1.498e+05
1.785e-01 1.461e+05
1.884e-01 1.268e+05
1.586e-01 1.591e+05
2.192e-01 1.088e+05
1.624e-01 1.544e+05
1.605e-01 1.591e+05
1.610e-01 1.552e+05
1.639e-01 1.540e+05
2.444e-01 1.057e+05
1.769e-01 1.435e+05
1.611e-01 1.574e+05
1.759e-01 1.505e+05
1.638e-01 1.535e+05
1.781e-01 1.347e+05
1.990e-01 1.193e+05
1.674e-01 1.486e+05
2.318e-01 1.063e+05
1.685e-01 1.565e+05
1.638e-01 1.518e+05
1.606e-01 1.568e+05
1.701e-01 1.462e+05
1.825e-01 1.367e+05
1.620e-01 1.558e+05
1.741e-01 1.426e+05
1.992e-01 1.305e+05
1.679e-01 1.509e+05
2.095e-01 1.130e+05
1.640e-01 1.523e+05
1.646e-01 1.522e+05
1.655e-01 1.471e+05
1.719e-01 1.471e+05
1.680e-01 1.514e+05
1.686e-01 1.439e+05
1.652e-01 1.550e+05
1.781e-01 1.411e+05
1.609e-01 1.543e+05
1.644e-01 1.535e+05
1.715e-01 1.470e+05
1.729e-01 1.487e+05
1.607e-01 1.546e+05
1.614e-01 1.580e+05
1.720e-01 1.515e+05
1.686e-01 1.512e+05
1.703e-01 1.461e+05
1.696e-01 1.536e+05
1.725e-01 1.465e+05
1.702e-01 1.508e+05
1.651e-01 1.474e+05
1.640e-01 1.530e+05
1.753e-01 1.359e+05
1.671e-01 1.535e+05
2.268e-01 1.035e+05
1.667e-01 1.556e+05
1.648e-01 1.587e+05
1.659e-01 1.547e+05
1.655e-01 1.564e+05
1.627e-01 1.535e+05
1.648e-01 1.502e+05
1.721e-01 1.455e+05
1.663e-01 1.496e+05
1.727e-01 1.452e+05
1.713e-01 1.520e+05
1.598e-01 1.600e+05
2.218e-01 1.154e+05
1.706e-01 1.543e+05
1.628e-01 1.516e+05
1.637e-01 1.482e+05
2.090e-01 1.094e+05
2.235e-01 1.106e+05
1.589e-01 1.578e+05
1.659e-01 1.511e+05
1.645e-01 1.520e+05
1.661e-01 1.522e+05
1.583e-01 1.599e+05
1.718e-01 1.498e+05
1.623e-01 1.580e+05
1.735e-01 1.478e+05
1.780e-01 1.478e+05
1.699e-01 1.505e+05
1.670e-01 1.495e+05
1.649e-01 1.496e+05
1.644e-01 1.523e+05
2.054e-01 1.054e+05
1.703e-01 1.554e+05
1.623e-01 1.581e+05
1.602e-01 1.603e+05
1.641e-01 1.481e+05
1.733e-01 1.346e+05
1.699e-01 1.522e+05
1.674e-01 1.543e+05
1.927e-01 1.334e+05
1.677e-01 1.501e+05
1.698e-01 1.418e+05
1.591e-01 1.553e+05
1.593e-01 1.601e+05
1.596e-01 1.599e+05
1.688e-01 1.531e+05
1.740e-01 1.302e+05
1.697e-01 1.521e+05
2.103e-01 1.117e+05
1.721e-01 1.494e+05
1.697e-01 1.556e+05
1.784e-01 1.407e+05
1.613e-01 1.539e+05
2.022e-01 1.149e+05
1.711e-01 1.459e+05
1.734e-01 1.297e+05
1.649e-01 1.534e+05
1.655e-01 1.441e+05
1.679e-01 1.525e+05
1.595e-01 1.563e+05
1.857e-01 1.397e+05
1.690e-01 1.540e+05
1.708e-01 1.522e+05
1.611e-01 1.590e+05
1.639e-01 1.570e+05
1.706e-01 1.495e+05
1.788e-01 1.420e+05
1.748e-01 1.315e+05
1.665e-01 1.537e+05
1.623e-01 1.531e+05
1.709e-01 1.492e+05
1.708e-01 1.501e+05
1.777e-01 1.381e+05
1.658e-01 1.531e+05
1.865e-01 1.345e+05
1.660e-01 1.510e+05
1.958e-01 1.238e+05
1.719e-01 1.467e+05
1.718e-01 1.476e+05
1.991e-01 1.224e+05
1.756e-01 1.270e+05
1.675e-01 1.502e+05
1.696e-01 1.498e+05
1.610e-01 1.570e+05
1.582e-01 1.567e+05
1.685e-01 1.521e+05
1.705e-01 1.526e+05
1.676e-01 1.394e+05
2.286e-01 1.079e+05
1.606e-01 1.603e+05
1.656e-01 1.510e+05
1.670e-01 1.541e+05
1.752e-01 1.382e+05
1.611e-01 1.608e+05
1.672e-01 1.552e+05
1.680e-01 1.537e+05
1.756e-01 1.461e+05
1.735e-01 1.448e+05
1.699e-01 1.474e+05
2.024e-01 1.183e+05
1.782e-01 1.395e+05
1.626e-01 1.565e+05
1.579e-01 1.591e+05
1.610e-01 1.545e+05
1.708e-01 1.525e+05
1.810e-01 1.400e+05
2.277e-01 8.870e+04
2.476e-01 9.541e+04
1.654e-01 1.549e+05
1.752e-01 1.408e+05
1.604e-01 1.519e+05
2.264e-01 9.940e+04
1.670e-01 1.565e+05
1.772e-01 1.400e+05
1.605e-01 1.589e+05
1.671e-01 1.521e+05
1.674e-01 1.528e+05
1.692e-01 1.537e+05
1.857e-01 1.261e+05
1.717e-01 1.461e+05
2.128e-01 1.218e+05
1.625e-01 1.527e+05
1.575e-01 1.596e+05
1.720e-01 1.436e+05
1.820e-01 1.195e+05
1.746e-01 1.460e+05
1.603e-01 1.566e+05
2.181e-01 1.094e+05
1.710e-01 1.447e+05
1.740e-01 1.423e+05
1.697e-01 1.493e+05
1.692e-01 1.509e+05
1.716e-01 1.488e+05
1.688e-01 1.498e+05
1.721e-01 1.467e+05
1.697e-01 1.520e+05
1.662e-01 1.524e+05
1.623e-01 1.536e+05
1.792e-01 1.452e+05
1.619e-01 1.548e+05
1.864e-01 1.377e+05
1.670e-01 1.512e+05
1.618e-01 1.569e+05
1.605e-01 1.574e+05
1.700e-01 1.515e+05
1.688e-01 1.507e+05
1.664e-01 1.495e+05
1.691e-01 1.547e+05
1.681e-01 1.539e+05
1.647e-01 1.509e+05
2.045e-01 1.175e+05
1.670e-01 1.530e+05
1.910e-01 1.248e+05
1.718e-01 1.510e+05
2.360e-01 1.087e+05
1.616e-01 1.560e+05
1.694e-01 1.510e+05
1.668e-01 1.495e+05
1.698e-01 1.483e+05
1.861e-01 1.200e+05
1.682e-01 1.530e+05
1.592e-01 1.562e+05
1.660e-01 1.535e+05
1.663e-01 1.524e+05
2.202e-01 1.193e+05
1.872e-01 1.212e+05
1.640e-01 1.538e+05
1.672e-01 1.531e+05
1.657e-01 1.535e+05
1.618e-01 1.591e+05
1.764e-01 1.490e+05
1.770e-01 1.426e+05
1.641e-01 1.541e+05
1.723e-01 1.496e+05
1.686e-01 1.484e+05
1.590e-01 1.558e+05
1.678e-01 1.444e+05
2.105e-01 1.255e+05
1.789e-01 1.445e+05
1.882e-01 1.296e+05
1.699e-01 1.459e+05
1.642e-01 1.533e+05
1.626e-01 1.581e+05
1.610e-01 1.534e+05
1.598e-01 1.559e+05
1.667e-01 1.539e+05
1.687e-01 1.492e+05
1.709e-01 1.516e+05
1.681e-01 1.482e+05
1.715e-01 1.460e+05
1.674e-01 1.527e+05
1.693e-01 1.470e+05
1.674e-01 1.513e+05
1.736e-01 1.461e+05
1.639e-01 1.550e+05
2.217e-01 1.103e+05
2.240e-01 9.870e+04
1.856e-01 1.433e+05
1.693e-01 1.520e+05
1.696e-01 1.514e+05
1.649e-01 1.529e+05
1.591e-01 1.596e+05
1.652e-01 1.513e+05
1.752e-01 1.417e+05
1.626e-01 1.523e+05
1.659e-01 1.482e+05
2.005e-01 1.230e+05
1.639e-01 1.495e+05
1.797e-01 1.387e+05
1.646e-01 1.534e+05
1.755e-01 1.363e+05
2.065e-01 1.171e+05
1.771e-01 1.445e+05
1.635e-01 1.497e+05
1.695e-01 1.551e+05
1.770e-01 1.474e+05
1.685e-01 1.520e+05
1.656e-01 1.510e+05
1.667e-01 1.499e+05
1.606e-01 1.569e+05
1.629e-01 1.530e+05
1.655e-01 1.556e+05
2.614e-01 8.526e+04
1.692e-01 1.487e+05
1.682e-01 1.545e+05
1.680e-01 1.517e+05
1.617e-01 1.546e+05
2.359e-01 9.859e+04
2.529e-01 8.978e+04
2.040e-01 1.274e+05
1.729e-01 1.440e+05
1.614e-01 1.565e+05
1.706e-01 1.471e+05
1.650e-01 1.509e+05
1.585e-01 1.596e+05
1.713e-01 1.478e+05
1.725e-01 1.482e+05
1.617e-01 1.502e+05
1.882e-01 1.203e+05
1.687e-01 1.491e+05
1.648e-01 1.492e+05
2.587e-01 8.783e+04
1.631e-01 1.547e+05
1.616e-01 1.558e+05
1.729e-01 1.494e+05
1.686e-01 1.506e+05
1.794e-01 1.356e+05
1.832e-01 1.359e+05
2.447e-01 1.002e+05
2.719e-01 8.347e+04
1.823e-01 1.343e+05
1.664e-01 1.510e+05
1.658e-01 1.504e+05
1.747e-01 1.490e+05
1.652e-01 1.530e+05
1.618e-01 1.475e+05
1.701e-01 1.475e+05
1.703e-01 1.466e+05
1.707e-01 1.473e+05
1.713e-01 1.509e+05
2.039e-01 1.134e+05
1.652e-01 1.496e+05
1.664e-01 1.530e+05
1.701e-01 1.439e+05
1.659e-01 1.489e+05
1.661e-01 1.495e+05
2.728e-01 8.270e+04
1.992e-01 1.330e+05
1.720e-01 1.456e+05
1.713e-01 1.490e+05
1.649e-01 1.523e+05
1.623e-01 1.604e+05
1.720e-01 1.444e+05
2.240e-01 1.187e+05
1.776e-01 1.439e+05
1.782e-01 1.462e+05
1.777e-01 1.270e+05
1.674e-01 1.486e+05
1.785e-01 1.405e+05
1.640e-01 1.552e+05
1.609e-01 1.544e+05
1.675e-01 1.544e+05
2.476e-01 9.522e+04
1.579e-01 1.607e+05
2.405e-01 8.178e+04
1.913e-01 1.340e+05
1.585e-01 1.574e+05
1.644e-01 1.528e+05
1.594e-01 1.598e+05
1.722e-01 1.450e+05
1.756e-01 1.470e+05
1.837e-01 1.384e+05
1.685e-01 1.506e+05
1.645e-01 1.547e+05
1.666e-01 1.510e+05
2.246e-01 1.117e+05
1.686e-01 1.483e+05
1.663e-01 1.483e+05
2.113e-01 1.128e+05
1.705e-01 1.476e+05
1.708e-01 1.542e+05
1.710e-01 1.508e+05
1.708e-01 1.450e+05
1.682e-01 1.490e+05
1.675e-01 1.510e+05
1.757e-01 1.442e+05
1.733e-01 1.464e+05
1.728e-01 1.496e+05
1.599e-01 1.605e+05
1.811e-01 1.364e+05
1.608e-01 1.499e+05
1.712e-01 1.523e+05
1.711e-01 1.505e+05
2.447e-01 1.052e+05
2.504e-01 9.302e+04
1.755e-01 1.316e+05
2.806e-01 7.975e+04
1.708e-01 1.530e+05
1.666e-01 1.512e+05
1.620e-01 1.505e+05
1.653e-01 1.545e+05
1.664e-01 1.541e+05
1.724e-01 1.465e+05
1.654e-01 1.514e+05
1.619e-01 1.559e+05
1.722e-01 1.468e+05
1.931e-01 1.278e+05
1.664e-01 1.522e+05
1.644e-01 1.527e+05
1.685e-01 1.477e+05
1.879e-01 1.345e+05
1.649e-01 1.541e+05
1.759e-01 1.463e+05
1.647e-01 1.514e+05
1.668e-01 1.521e+05
1.630e-01 1.505e+05
1.687e-01 1.473e+05
1.685e-01 1.390e+05
1.612e-01 1.579e+05
1.678e-01 1.519e+05
1.713e-01 1.478e+05
1.635e-01 1.545e+05
1.726e-01 1.448e+05
1.639e-01 1.541e+05
1.672e-01 1.524e+05
1.671e-01 1.499e+05
1.920e-01 1.321e+05
1.612e-01 1.491e+05
1.713e-01 1.458e+05
1.826e-01 1.355e+05
1.622e-01 1.540e+05
1.688e-01 1.509e+05
1.930e-01 1.348e+05
2.401e-01 8.894e+04
1.636e-01 1.572e+05
1.754e-01 1.501e+05
1.695e-01 1.499e+05
1.737e-01 1.479e+05
1.605e-01 1.596e+05
1.720e-01 1.421e+05
1.740e-01 1.426e+05
1.706e-01 1.470e+05
1.748e-01 1.497e+05
1.728e-01 1.528e+05
1.690e-01 1.483e+05
2.313e-01 1.098e+05
1.754e-01 1.440e+05
2.442e-01 9.025e+04
2.462e-01 9.694e+04
1.712e-01 1.492e+05
1.795e-01 1.453e+05
1.670e-01 1.496e+05
1.713e-01 1.511e+05
1.693e-01 1.542e+05
1.650e-01 1.567e+05
1.683e-01 1.511e+05
1.735e-01 1.373e+05
1.626e-01 1.554e+05
1.662e-01 1.488e+05
1.645e-01 1.579e+05
1.697e-01 1.490e+05
1.658e-01 1.518e+05
1.693e-01 1.520e+05
1.683e-01 1.462e+05
1.667e-01 1.561e+05
1.626e-01 1.489e+05
1.729e-01 1.495e+05
1.688e-01 1.524e+05
1.703e-01 1.544e+05
1.622e-01 1.509e+05
1.643e-01 1.498e+05
1.708e-01 1.534e+05
1.668e-01 1.530e+05
1.627e-01 1.584e+05
1.703e-01 1.494e+05
1.677e-01 1.546e+05
1.715e-01 1.475e+05
1.647e-01 1.456e+05
1.646e-01 1.515e+05
2.045e-01 1.249e+05
1.714e-01 1.481e+05
1.975e-01 1.187e+05
1.735e-01 1.443e+05
1.687e-01 1.520e+05
1.781e-01 1.409e+05
1.712e-01 1.474e+05
1.679e-01 1.467e+05
1.650e-01 1.508e+05
1.633e-01 1.578e+05
1.785e-01 1.416e+05
1.704e-01 1.491e+05
1.836e-01 1.353e+05
2.115e-01 1.113e+05
1.634e-01 1.534e+05
1.714e-01 1.486e+05
1.692e-01 1.535e+05
2.116e-01 1.184e+05
2.922e-01 8.144e+04
1.697e-01 1.553e+05
1.710e-01 1.489e+05
1.682e-01 1.453e+05
1.657e-01 1.528e+05
2.437e-01 9.520e+04
1.752e-01 1.366e+05
1.983e-01 1.221e+05
1.692e-01 1.529e+05
1.687e-01 1.485e+05
1.683e-01 1.517e+05
1.679e-01 1.494e+05
1.819e-01 1.385e+05
1.648e-01 1.547e+05
1.644e-01 1.550e+05
1.684e-01 1.561e+05
1.699e-01 1.456e+05
1.727e-01 1.461e+05
1.650e-01 1.491e+05
1.833e-01 1.394e+05
1.675e-01 1.470e+05
1.787e-01 1.371e+05
1.791e-01 1.425e+05
2.269e-01 9.632e+04
1.785e-01 1.407e+05
1.642e-01 1.574e+05
1.673e-01 1.525e+05
1.972e-01 1.172e+05
1.770e-01 1.491e+05
1.667e-01 1.575e+05
1.607e-01 1.536e+05
1.678e-01 1.513e+05
1.775e-01 1.450e+05
1.774e-01 1.488e+05
1.648e-01 1.516e+05
1.659e-01 1.527e+05
1.765e-01 1.456e+05
1.741e-01 1.439e+05
1.656e-01 1.482e+05
2.105e-01 1.079e+05
2.444e-01 1.051e+05
1.643e-01 1.501e+05
1.700e-01 1.531e+05
1.720e-01 1.506e+05
1.687e-01 1.476e+05
1.622e-01 1.589e+05
1.751e-01 1.448e+05
1.636e-01 1.570e+05
2.542e-01 7.682e+04
2.199e-01 1.222e+05
1.656e-01 1.518e+05
1.670e-01 1.513e+05
1.671e-01 1.527e+05
1.669e-01 1.509e+05
1.682e-01 1.525e+05
2.244e-01 1.011e+05
1.755e-01 1.442e+05
1.650e-01 1.511e+05
1.673e-01 1.527e+05
1.626e-01 1.571e+05
2.193e-01 1.194e+05
1.635e-01 1.488e+05
1.634e-01 1.525e+05
1.679e-01 1.501e+05
1.664e-01 1.568e+05
1.754e-01 1.465e+05
2.324e-01 9.979e+04
2.231e-01 1.165e+05
1.680e-01 1.447e+05
1.665e-01 1.574e+05
1.657e-01 1.535e+05
1.711e-01 1.536e+05
2.434e-01 8.715e+04
1.946e-01 1.268e+05
1.656e-01 1.531e+05
2.146e-01 1.035e+05
1.693e-01 1.397e+05
1.622e-01 1.523e+05
1.631e-01 1.566e+05
1.674e-01 1.532e+05
1.685e-01 1.493e+05
1.728e-01 1.482e+05
1.693e-01 1.508e+05
1.741e-01 1.453e+05
1.601e-01 1.609e+05
2.035e-01 1.266e+05
1.652e-01 1.529e+05
1.613e-01 1.554e+05
1.614e-01 1.585e+05
1.708e-01 1.491e+05
1.731e-01 1.493e+05
1.664e-01 1.513e+05
1.684e-01 1.507e+05
1.692e-01 1.491e+05
1.701e-01 1.435e+05
1.664e-01 1.487e+05
1.718e-01 1.520e+05
1.696e-01 1.508e+05
1.618e-01 1.502e+05
1.604e-01 1.507e+05
2.075e-01 1.081e+05
1.717e-01 1.480e+05
1.609e-01 1.483e+05
1.738e-01 1.451e+05
1.651e-01 1.536e+05
1.640e-01 1.522e+05
1.657e-01 1.525e+05
1.652e-01 1.588e+05
1.896e-01 1.350e+05
1.762e-01 1.430e+05
1.640e-01 1.531e+05
1.697e-01 1.507e+05
2.255e-01 1.168e+05
2.390e-01 1.003e+05
2.114e-01 1.019e+05
2.041e-01 1.235e+05
1.741e-01 1.454e+05
1.693e-01 1.487e+05
1.962e-01 1.095e+05
1.887e-01 1.296e+05
1.636e-01 1.541e+05
1.579e-01 1.585e+05
1.630e-01 1.540e+05
1.665e-01 1.500e+05
1.635e-01 1.466e+05
1.711e-01 1.528e+05
2.041e-01 1.145e+05
1.675e-01 1.514e+05
1.630e-01 1.532e+05
1.619e-01 1.539e+05
1.693e-01 1.486e+05
1.644e-01 1.507e+05
2.110e-01 1.064e+05
1.661e-01 1.528e+05
1.663e-01 1.497e+05
1.637e-01 1.570e+05
1.738e-01 1.449e+05
1.718e-01 1.523e+05
2.435e-01 8.920e+04
1.700e-01 1.501e+05
1.750e-01 1.452e+05
1.675e-01 1.502e+05
1.693e-01 1.497e+05
1.642e-01 1.495e+05
1.679e-01 1.550e+05
1.880e-01 1.314e+05
1.604e-01 1.538e+05
1.667e-01 1.452e+05
1.683e-01 1.510e+05
1.901e-01 1.254e+05
1.962e-01 1.304e+05
1.689e-01 1.479e+05
1.670e-01 1.470e+05
2.501e-01 8.872e+04
1.927e-01 1.350e+05
1.743e-01 1.491e+05
1.641e-01 1.521e+05
1.706e-01 1.457e+05
1.711e-01 1.530e+05
1.670e-01 1.518e+05
1.719e-01 1.468e+05
1.657e-01 1.539e+05
2.228e-01 1.090e+05
1.636e-01 1.523e+05
1.685e-01 1.535e+05
1.708e-01 1.497e+05
1.737e-01 1.501e+05
2.049e-01 1.215e+05
1.848e-01 1.259e+05
1.656e-01 1.427e+05
1.580e-01 1.602e+05
1.908e-01 1.282e+05
1.683e-01 1.520e+05
1.850e-01 1.166e+05
1.660e-01 1.533e+05
1.719e-01 1.484e+05
1.725e-01 1.480e+05
1.697e-01 1.519e+05
1.749e-01 1.424e+05
1.666e-01 1.531e+05
1.684e-01 1.468e+05
1.666e-01 1.534e+05
1.753e-01 1.450e+05
1.715e-01 1.502e+05
1.671e-01 1.501e+05
1.611e-01 1.582e+05
1.787e-01 1.381e+05
2.400e-01 9.594e+04
2.253e-01 1.004e+05
1.682e-01 1.485e+05
1.917e-01 1.312e+05
1.617e-01 1.509e+05
1.627e-01 1.598e+05
2.235e-01 1.012e+05
1.685e-01 1.492e+05
1.661e-01 1.515e+05
1.671e-01 1.518e+05
1.839e-01 1.445e+05
1.672e-01 1.552e+05
1.639e-01 1.521e+05
1.685e-01 1.533e+05
1.685e-01 1.500e+05
1.653e-01 1.526e+05
1.861e-01 1.289e+05
1.726e-01 1.477e+05
1.674e-01 1.502e+05
1.662e-01 1.496e+05
1.605e-01 1.556e+05
1.672e-01 1.521e+05
1.932e-01 1.273e+05
1.678e-01 1.490e+05
1.658e-01 1.511e+05
1.677e-01 1.545e+05
1.681e-01 1.513e+05
1.705e-01 1.531e+05
1.691e-01 1.518e+05
1.776e-01 1.448e+05
1.675e-01 1.529e+05
1.877e-01 1.409e+05
1.612e-01 1.546e+05
1.813e-01 1.446e+05
1.734e-01 1.504e+05
1.734e-01 1.420e+05
1.669e-01 1.520e+05
1.742e-01 1.509e+05
2.002e-01 1.245e+05
1.779e-01 1.438e+05
1.618e-01 1.576e+05
2.602e-01 9.283e+04
1.919e-01 1.228e+05
1.684e-01 1.540e+05
1.611e-01 1.511e+05
1.781e-01 1.474e+05
2.124e-01 1.083e+05
1.941e-01 1.220e+05
2.548e-01 8.292e+04
1.738e-01 1.449e+05
1.822e-01 1.406e+05
1.663e-01 1.523e+05
1.644e-01 1.514e+05
1.760e-01 1.453e+05
1.694e-01 1.473e+05
1.762e-01 1.461e+05
1.666e-01 1.568e+05
1.968e-01 1.171e+05
1.650e-01 1.493e+05
2.046e-01 1.173e+05
2.129e-01 1.251e+05
1.990e-01 1.222e+05
1.636e-01 1.592e+05
1.704e-01 1.522e+05
1.705e-01 1.454e+05
1.660e-01 1.523e+05
2.005e-01 1.209e+05
1.746e-01 1.429e+05
1.677e-01 1.528e+05
2.617e-01 7.493e+04
1.758e-01 1.457e+05
1.669e-01 1.503e+05
1.729e-01 1.497e+05
1.676e-01 1.508e+05
1.660e-01 1.568e+05
1.647e-01 1.461e+05
1.660e-01 1.515e+05
1.829e-01 1.414e+05
2.119e-01 1.217e+05
1.770e-01 1.487e+05
1.612e-01 1.520e+05
1.593e-01 1.597e+05
1.644e-01 1.533e+05
1.643e-01 1.544e+05
2.086e-01 1.231e+05
1.621e-01 1.569e+05
2.090e-01 1.219e+05
1.734e-01 1.363e+05
1.784e-01 1.468e+05
1.688e-01 1.499e+05
1.657e-01 1.519e+05
2.097e-01 1.138e+05
1.636e-01 1.495e+05
2.821e-01 8.587e+04
1.620e-01 1.537e+05
1.649e-01 1.496e+05
1.704e-01 1.530e+05
1.742e-01 1.427e+05
1.744e-01 1.478e+05
2.392e-01 8.731e+04
1.643e-01 1.548e+05
1.696e-01 1.540e+05
1.624e-01 1.538e+05
2.329e-01 9.550e+04
1.627e-01 1.575e+05
1.798e-01 1.279e+05
1.785e-01 1.474e+05
1.645e-01 1.548e+05
2.402e-01 9.284e+04
1.661e-01 1.531e+05
1.681e-01 1.492e+05
1.675e-01 1.503e+05
1.617e-01 1.563e+05
1.634e-01 1.496e+05
2.481e-01 9.705e+04
1.730e-01 1.513e+05
1.595e-01 1.597e+05
2.277e-01 1.050e+05
1.718e-01 1.464e+05
1.633e-01 1.510e+05
1.723e-01 1.517e+05
1.673e-01 1.484e+05
2.324e-01 1.072e+05
1.661e-01 1.537e+05
1.699e-01 1.511e+05
1.714e-01 1.484e+05
1.666e-01 1.541e+05
1.687e-01 1.459e+05
1.662e-01 1.509e+05
1.730e-01 1.454e+05
2.441e-01 1.061e+05
1.735e-01 1.513e+05
2.286e-01 1.058e+05
1.598e-01 1.519e+05
1.809e-01 1.374e+05
1.599e-01 1.559e+05
1.858e-01 1.308e+05
1.708e-01 1.539e+05
1.853e-01 1.375e+05
1.596e-01 1.571e+05
1.708e-01 1.492e+05
1.681e-01 1.488e+05
1.602e-01 1.607e+05
2.388e-01 1.005e+05
1.676e-01 1.506e+05
1.704e-01 1.485e+05
1.679e-01 1.492e+05
1.882e-01 1.293e+05
1.704e-01 1.513e+05
1.755e-01 1.404e+05
1.746e-01 1.439e+05
1.630e-01 1.559e+05
1.633e-01 1.584e+05
1.657e-01 1.534e+05
1.613e-01 1.552e+05
1.643e-01 1.531e+05
1.710e-01 1.524e+05
1.679e-01 1.520e+05
1.735e-01 1.490e+05
1.696e-01 1.508e+05
1.824e-01 1.299e+05
1.687e-01 1.521e+05
1.586e-01 1.600e+05
1.759e-01 1.474e+05
1.653e-01 1.541e+05
1.705e-01 1.506e+05
1.644e-01 1.546e+05
1.749e-01 1.509e+05
1.708e-01 1.506e+05
2.660e-01 8.038e+04
1.685e-01 1.502e+05
1.596e-01 1.570e+05
1.863e-01 1.348e+05
1.585e-01 1.590e+05
1.723e-01 1.487e+05
1.666e-01 1.516e+05
1.663e-01 1.561e+05
1.664e-01 1.521e+05
1.682e-01 1.527e+05
1.693e-01 1.493e+05
1.721e-01 1.447e+05
1.720e-01 1.461e+05
1.599e-01 1.530e+05
1.756e-01 1.416e+05
1.706e-01 1.549e+05
2.540e-01 8.996e+04
1.847e-01 1.425e+05
1.702e-01 1.479e+05
1.840e-01 1.404e+05
1.701e-01 1.499e+05
1.784e-01 1.403e+05
2.528e-01 8.115e+04
1.655e-01 1.552e+05
2.290e-01 1.075e+05
1.675e-01 1.512e+05
1.804e-01 1.392e+05
1.611e-01 1.589e+05
1.674e-01 1.554e+05
1.700e-01 1.506e+05
2.284e-01 1.150e+05
1.736e-01 1.431e+05
1.738e-01 1.507e+05
1.719e-01 1.459e+05
1.580e-01 1.600e+05
2.190e-01 1.026e+05
1.668e-01 1.523e+05
1.975e-01 1.260e+05
1.706e-01 1.385e+05
1.773e-01 1.377e+05
1.645e-01 1.521e+05
1.697e-01 1.516e+05
1.738e-01 1.459e+05
1.619e-01 1.553e+05
1.700e-01 1.500e+05
1.647e-01 1.487e+05
1.793e-01 1.395e+05
1.611e-01 1.535e+05
1.616e-01 1.528e+05
1.599e-01 1.519e+05
2.183e-01 1.163e+05
2.153e-01 1.159e+05
1.644e-01 1.517e+05
1.702e-01 1.470e+05
1.727e-01 1.444e+05
1.719e-01 1.426e+05
1.585e-01 1.612e+05
1.623e-01 1.553e+05
1.614e-01 1.529e+05
1.672e-01 1.536e+05
2.226e-01 1.010e+05
1.749e-01 1.483e+05
1.950e-01 1.312e+05
1.632e-01 1.528e+05
2.470e-01 8.153e+04
1.700e-01 1.471e+05
1.677e-01 1.521e+05
1.675e-01 1.546e+05
1.683e-01 1.496e+05
2.115e-01 1.271e+05
1.815e-01 1.396e+05
1.779e-01 1.443e+05
1.690e-01 1.509e+05
1.965e-01 1.316e+05
1.711e-01 1.495e+05
1.610e-01 1.582e+05
1.768e-01 1.454e+05
1.804e-01 1.340e+05
1.733e-01 1.439e+05
1.651e-01 1.517e+05
1.658e-01 1.461e+05
1.617e-01 1.528e+05
1.775e-01 1.434e+05
1.595e-01 1.586e+05
1.615e-01 1.535e+05
1.636e-01 1.592e+05
1.662e-01 1.438e+05
1.649e-01 1.529e+05
1.697e-01 1.491e+05
2.080e-01 1.240e+05
1.646e-01 1.528e+05
1.663e-01 1.493e+05
1.638e-01 1.522e+05
1.708e-01 1.522e+05
1.694e-01 1.516e+05
1.609e-01 1.588e+05
1.607e-01 1.519e+05
1.755e-01 1.417e+05
1.982e-01 1.328e+05
2.460e-01 1.024e+05
