2.549e-01 1.141e+05
2.529e-01 1.147e+05
2.595e-01 1.075e+05
2.674e-01 1.018e+05
2.572e-01 1.171e+05
2.537e-01 1.176e+05
2.579e-01 1.094e+05
2.642e-01 1.067e+05
2.558e-01 1.140e+05
2.618e-01 1.065e+05
2.592e-01 1.085e+05
2.570e-01 1.174e+05
2.609e-01 1.119e+05
2.562e-01 1.176e+05
2.663e-01 1.020e+05
2.559e-01 1.130e+05
2.585e-01 1.118e+05
2.539e-01 1.137e+05
2.532e-01 1.210e+05
2.534e-01 1.169e+05
2.603e-01 1.131e+05
2.566e-01 1.136e+05
2.659e-01 1.045e+05
2.603e-01 1.137e+05
2.596e-01 1.150e+05
2.605e-01 1.098e+05
2.628e-01 1.084e+05
2.569e-01 1.130e+05
2.612e-01 1.037e+05
2.592e-01 1.103e+05
2.556e-01 1.174e+05
2.551e-01 1.150e+05
2.578e-01 1.083e+05
2.643e-01 1.061e+05
2.621e-01 1.046e+05
2.566e-01 1.155e+05
2.787e-01 7.910e+04
2.684e-01 8.980e+04
2.559e-01 1.083e+05
2.632e-01 1.080e+05
2.553e-01 1.117e+05
2.608e-01 1.026e+05
2.583e-01 1.132e+05
2.593e-01 1.084e+05
2.549e-01 1.180e+05
2.623e-01 1.122e+05
2.596e-01 1.136e+05
2.574e-01 1.101e+05
2.722e-01 9.038e+04
2.569e-01 1.151e+05
2.560e-01 1.112e+05
2.547e-01 1.154e+05
2.547e-01 1.112e+05
2.596e-01 1.117e+05
2.531e-01 1.158e+05
2.577e-01 1.115e+05
2.626e-01 1.064e+05
2.589e-01 1.127e+05
2.585e-01 1.160e+05
2.882e-01 7.102e+04
2.732e-01 8.997e+04
2.569e-01 1.160e+05
2.597e-01 1.102e+05
2.574e-01 1.145e+05
2.525e-01 1.205e+05
2.626e-01 1.064e+05
2.570e-01 1.126e+05
2.597e-01 1.140e+05
2.579e-01 1.142e+05
2.600e-01 1.129e+05
2.527e-01 1.170e+05
2.574e-01 1.122e+05
2.574e-01 1.133e+05
2.525e-01 1.177e+05
2.574e-01 1.139e+05
2.554e-01 1.120e+05
2.572e-01 1.095e+05
2.652e-01 1.058e+05
2.608e-01 1.102e+05
2.589e-01 1.106e+05
2.707e-01 9.293e+04
2.544e-01 1.159e+05
2.625e-01 1.120e+05
2.556e-01 1.127e+05
2.617e-01 1.084e+05
2.589e-01 1.136e+05
2.594e-01 1.100e+05
2.603e-01 1.085e+05
2.540e-01 1.155e+05
2.581e-01 1.093e+05
2.594e-01 1.102e+05
2.576e-01 1.133e+05
2.602e-01 1.136e+05
2.549e-01 1.109e+05
2.559e-01 1.124e+05
2.579e-01 1.060e+05
2.541e-01 1.155e+05
2.578e-01 1.084e+05
2.575e-01 1.137e+05
2.580e-01 1.152e+05
2.562e-01 1.123e+05
2.599e-01 1.122e+05
2.579e-01 1.148e+05
2.597e-01 1.123e+05
2.605e-01 1.048e+05
2.557e-01 1.142e+05
2.531e-01 1.154e+05
2.542e-01 1.104e+05
2.656e-01 1.047e+05
2.593e-01 1.090e+05
2.544e-01 1.133e+05
2.612e-01 1.099e+05
2.567e-01 1.138e+05
2.566e-01 1.153e+05
2.566e-01 1.147e+05
2.598e-01 1.103e+05
2.610e-01 1.127e+05
2.552e-01 1.091e+05
2.588e-01 1.136e+05
2.560e-01 1.142e+05
2.528e-01 1.148e+05
2.516e-01 1.171e+05
2.597e-01 1.054e+05
2.533e-01 1.123e+05
2.607e-01 1.133e+05
2.587e-01 1.127e+05
2.594e-01 1.122e+05
2.527e-01 1.167e+05
2.534e-01 1.188e+05
2.577e-01 1.130e+05
2.547e-01 1.124e+05
2.868e-01 7.531e+04
2.568e-01 1.143e+05
2.556e-01 1.165e+05
2.576e-01 1.121e+05
2.567e-01 1.149e+05
2.605e-01 1.100e+05
2.553e-01 1.141e+05
2.588e-01 1.095e+05
2.537e-01 1.188e+05
2.571e-01 1.138e+05
2.979e-01 7.351e+04
2.558e-01 1.120e+05
2.603e-01 1.095e+05
2.558e-01 1.140e+05
2.592e-01 1.068e+05
2.626e-01 1.049e+05
2.629e-01 1.100e+05
2.614e-01 1.094e+05
2.668e-01 9.758e+04
2.548e-01 1.120e+05
2.638e-01 1.081e+05
2.583e-01 1.117e+05
2.569e-01 1.173e+05
2.587e-01 1.147e+05
2.731e-01 9.670e+04
2.561e-01 1.106e+05
2.532e-01 1.185e+05
2.572e-01 1.120e+05
2.555e-01 1.165e+05
2.582e-01 1.080e+05
2.533e-01 1.131e+05
2.537e-01 1.185e+05
2.756e-01 9.104e+04
2.575e-01 1.109e+05
2.568e-01 1.136e+05
2.614e-01 1.122e+05
2.510e-01 1.173e+05
2.859e-01 7.134e+04
2.578e-01 1.121e+05
2.544e-01 1.129e+05
2.544e-01 1.151e+05
2.642e-01 1.012e+05
2.577e-01 1.160e+05
2.632e-01 1.068e+05
2.550e-01 1.146e+05
2.604e-01 1.112e+05
2.562e-01 1.143e+05
2.555e-01 1.143e+05
2.544e-01 1.148e+05
2.559e-01 1.167e+05
2.518e-01 1.178e+05
2.549e-01 1.125e+05
2.604e-01 1.122e+05
2.605e-01 1.081e+05
2.663e-01 1.061e+05
2.612e-01 1.112e+05
2.586e-01 1.124e+05
2.590e-01 1.111e+05
2.541e-01 1.143e+05
2.546e-01 1.156e+05
2.553e-01 1.148e+05
2.522e-01 1.163e+05
2.603e-01 1.132e+05
2.561e-01 1.151e+05
2.580e-01 1.120e+05
2.807e-01 7.975e+04
2.663e-01 1.035e+05
2.575e-01 1.142e+05
2.571e-01 1.120e+05
2.541e-01 1.140e+05
2.602e-01 1.150e+05
2.601e-01 1.106e+05
2.554e-01 1.075e+05
2.563e-01 1.168e+05
2.545e-01 1.154e+05
2.581e-01 1.101e+05
2.568e-01 1.150e+05
2.573e-01 1.168e+05
2.692e-01 1.042e+05
2.608e-01 1.110e+05
2.598e-01 1.100e+05
2.563e-01 1.150e+05
2.634e-01 1.107e+05
2.568e-01 1.133e+05
2.558e-01 1.150e+05
2.567e-01 1.161e+05
2.549e-01 1.156e+05
2.583e-01 1.075e+05
2.555e-01 1.145e+05
2.577e-01 1.126e+05
2.545e-01 1.129e+05
2.575e-01 1.114e+05
2.575e-01 1.134e+05
2.587e-01 1.143e+05
2.634e-01 1.084e+05
2.600e-01 1.096e+05
2.721e-01 8.224e+04
2.542e-01 1.179e+05
2.570e-01 1.126e+05
2.570e-01 1.157e+05
2.559e-01 1.148e+05
2.713e-01 8.936e+04
2.582e-01 1.139e+05
2.549e-01 1.146e+05
2.567e-01 1.075e+05
2.597e-01 1.150e+05
2.794e-01 8.271e+04
2.611e-01 1.125e+05
2.543e-01 1.189e+05
2.517e-01 1.173e+05
2.561e-01 1.129e+05
2.613e-01 1.083e+05
2.555e-01 1.162e+05
2.559e-01 1.129e+05
2.527e-01 1.168e+05
2.565e-01 1.087e+05
2.575e-01 1.179e+05
2.558e-01 1.149e+05
2.595e-01 1.084e+05
2.612e-01 1.132e+05
2.644e-01 1.076e+05
2.615e-01 1.061e+05
2.561e-01 1.161e+05
2.563e-01 1.134e+05
2.536e-01 1.104e+05
2.641e-01 1.016e+05
2.573e-01 1.151e+05
2.555e-01 1.122e+05
2.563e-01 1.178e+05
2.526e-01 1.199e+05
2.585e-01 1.130e+05
2.592e-01 1.126e+05
2.585e-01 1.170e+05
2.644e-01 1.065e+05
2.579e-01 1.169e+05
2.555e-01 1.148e+05
2.566e-01 1.123e+05
2.582e-01 1.104e+05
2.619e-01 1.136e+05
2.567e-01 1.148e+05
2.582e-01 1.146e+05
2.560e-01 1.153e+05
2.592e-01 1.101e+05
2.571e-01 1.161e+05
2.572e-01 1.168e+05
2.549e-01 1.184e+05
2.545e-01 1.132e+05
2.569e-01 1.179e+05
2.609e-01 1.054e+05
2.562e-01 1.146e+05
2.570e-01 1.136e+05
2.593e-01 1.086e+05
2.593e-01 1.145e+05
2.569e-01 1.138e+05
2.552e-01 1.146e+05
2.542e-01 1.120e+05
2.599e-01 1.079e+05
2.582e-01 1.140e+05
2.555e-01 1.158e+05
2.598e-01 1.136e+05
2.593e-01 1.108e+05
2.592e-01 1.130e+05
2.614e-01 1.019e+05
2.561e-01 1.151e+05
2.582e-01 1.049e+05
2.551e-01 1.152e+05
2.595e-01 1.088e+05
2.547e-01 1.149e+05
2.593e-01 1.116e+05
2.547e-01 1.148e+05
2.582e-01 1.112e+05
2.557e-01 1.181e+05
2.607e-01 1.109e+05
2.586e-01 1.101e+05
2.563e-01 1.087e+05
2.557e-01 1.129e+05
2.577e-01 1.081e+05
2.601e-01 1.125e+05
2.538e-01 1.196e+05
2.577e-01 1.127e+05
2.526e-01 1.171e+05
2.576e-01 1.082e+05
2.565e-01 1.143e+05
2.581e-01 1.144e+05
2.546e-01 1.151e+05
2.566e-01 1.130e+05
2.615e-01 1.109e+05
2.540e-01 1.151e+05
2.894e-01 6.719e+04
2.603e-01 1.097e+05
2.589e-01 1.078e+05
2.586e-01 1.009e+05
2.569e-01 1.163e+05
2.588e-01 1.152e+05
2.816e-01 7.897e+04
2.591e-01 1.146e+05
2.858e-01 7.240e+04
2.767e-01 8.529e+04
2.563e-01 1.163e+05
2.578e-01 1.132e+05
2.525e-01 1.200e+05
2.566e-01 1.169e+05
2.550e-01 1.141e+05
2.608e-01 1.112e+05
2.709e-01 8.667e+04
2.547e-01 1.140e+05
2.578e-01 1.135e+05
2.598e-01 1.083e+05
2.587e-01 1.074e+05
2.606e-01 1.107e+05
2.571e-01 1.108e+05
2.562e-01 1.099e+05
2.557e-01 1.095e+05
2.602e-01 1.091e+05
2.586e-01 1.051e+05
2.583e-01 1.113e+05
2.517e-01 1.155e+05
2.558e-01 1.133e+05
2.660e-01 9.886e+04
2.564e-01 1.106e+05
2.592e-01 1.127e+05
2.565e-01 1.151e+05
2.569e-01 1.148e+05
2.564e-01 1.155e+05
2.636e-01 1.098e+05
2.570e-01 1.144e+05
2.589e-01 1.147e+05
2.584e-01 1.155e+05
2.771e-01 7.802e+04
2.580e-01 1.146e+05
2.535e-01 1.167e+05
2.540e-01 1.155e+05
2.625e-01 1.075e+05
2.549e-01 1.156e+05
2.569e-01 1.115e+05
2.624e-01 1.092e+05
2.577e-01 1.173e+05
2.588e-01 1.147e+05
2.536e-01 1.159e+05
2.564e-01 1.156e+05
2.550e-01 1.129e+05
2.577e-01 1.155e+05
2.620e-01 1.058e+05
2.601e-01 1.103e+05
2.574e-01 1.161e+05
2.800e-01 8.608e+04
2.547e-01 1.152e+05
2.554e-01 1.132e+05
2.584e-01 1.146e+05
2.648e-01 1.057e+05
2.708e-01 8.712e+04
2.575e-01 1.135e+05
2.609e-01 1.140e+05
2.574e-01 1.116e+05
2.589e-01 1.079e+05
2.576e-01 1.163e+05
2.604e-01 1.138e+05
2.560e-01 1.099e+05
2.581e-01 1.052e+05
2.558e-01 1.103e+05
2.605e-01 1.116e+05
2.635e-01 1.063e+05
2.521e-01 1.196e+05
2.764e-01 8.516e+04
2.568e-01 1.174e+05
2.639e-01 1.056e+05
2.630e-01 1.050e+05
2.531e-01 1.128e+05
2.579e-01 1.071e+05
2.548e-01 1.152e+05
2.539e-01 1.169e+05
2.554e-01 1.144e+05
2.584e-01 1.144e+05
2.610e-01 1.104e+05
2.609e-01 1.086e+05
2.579e-01 1.148e+05
2.668e-01 9.997e+04
2.562e-01 1.139e+05
2.565e-01 1.127e+05
2.626e-01 1.077e+05
2.559e-01 1.158e+05
2.929e-01 6.711e+04
2.628e-01 1.108e+05
2.584e-01 1.166e+05
2.609e-01 1.127e+05
2.609e-01 1.125e+05
2.542e-01 1.142e+05
2.566e-01 1.140e+05
2.522e-01 1.144e+05
2.578e-01 1.092e+05
2.635e-01 1.051e+05
2.566e-01 1.109e+05
2.565e-01 1.087e+05
2.574e-01 1.166e+05
2.589e-01 1.130e+05
2.544e-01 1.184e+05
2.622e-01 1.064e+05
2.610e-01 1.102e+05
2.611e-01 1.062e+05
2.624e-01 1.091e+05
2.597e-01 1.119e+05
2.544e-01 1.179e+05
2.574e-01 1.148e+05
2.589e-01 1.108e+05
2.584e-01 1.142e+05
2.520e-01 1.156e+05
2.549e-01 1.124e+05
2.605e-01 1.052e+05
2.573e-01 1.112e+05
2.558e-01 1.137e+05
2.599e-01 1.130e+05
2.545e-01 1.104e+05
2.604e-01 1.142e+05
2.526e-01 1.172e+05
2.546e-01 1.155e+05
2.568e-01 1.179e+05
2.561e-01 1.148e+05
2.574e-01 1.145e+05
2.579e-01 1.119e+05
2.611e-01 1.064e+05
2.551e-01 1.161e+05
2.562e-01 1.173e+05
2.574e-01 1.181e+05
2.600e-01 1.099e+05
2.585e-01 1.131e+05
2.566e-01 1.085e+05
2.633e-01 1.079e+05
2.671e-01 1.019e+05
2.564e-01 1.103e+05
2.568e-01 1.152e+05
2.577e-01 1.127e+05
2.607e-01 1.105e+05
2.645e-01 1.013e+05
2.526e-01 1.180e+05
2.538e-01 1.167e+05
2.587e-01 1.135e+05
2.576e-01 1.124e+05
2.570e-01 1.118e+05
2.577e-01 1.138e+05
2.608e-01 1.074e+05
2.594e-01 1.140e+05
2.597e-01 1.134e+05
2.555e-01 1.146e+05
2.759e-01 8.357e+04
2.629e-01 1.098e+05
2.587e-01 1.086e+05
2.564e-01 1.158e+05
2.542e-01 1.160e+05
2.565e-01 1.067e+05
2.595e-01 1.141e+05
2.946e-01 6.661e+04
2.632e-01 1.064e+05
2.559e-01 1.130e+05
2.546e-01 1.164e+05
2.550e-01 1.145e+05
2.545e-01 1.171e+05
2.628e-01 1.066e+05
2.586e-01 1.120e+05
2.681e-01 1.011e+05
2.599e-01 1.122e+05
2.583e-01 1.148e+05
2.580e-01 1.149e+05
2.596e-01 1.119e+05
2.821e-01 7.906e+04
2.578e-01 1.109e+05
2.549e-01 1.193e+05
2.653e-01 1.075e+05
2.557e-01 1.142e+05
2.574e-01 1.142e+05
2.608e-01 1.129e+05
2.552e-01 1.120e+05
2.620e-01 1.124e+05
2.598e-01 1.108e+05
2.602e-01 1.122e+05
2.582e-01 1.146e+05
2.588e-01 1.113e+05
2.600e-01 1.114e+05
2.787e-01 7.881e+04
2.554e-01 1.160e+05
2.634e-01 1.092e+05
2.608e-01 1.084e+05
2.613e-01 1.119e+05
2.626e-01 1.107e+05
2.520e-01 1.167e+05
2.631e-01 1.014e+05
2.530e-01 1.161e+05
2.765e-01 8.577e+04
2.523e-01 1.167e+05
2.578e-01 1.122e+05
2.722e-01 8.861e+04
2.519e-01 1.175e+05
2.560e-01 1.143e+05
2.598e-01 1.113e+05
2.705e-01 1.028e+05
2.586e-01 1.093e+05
2.571e-01 1.183e+05
2.524e-01 1.192e+05
2.593e-01 1.121e+05
2.537e-01 1.167e+05
2.565e-01 1.126e+05
2.562e-01 1.133e+05
2.584e-01 1.119e+05
2.575e-01 1.134e+05
2.587e-01 1.155e+05
2.555e-01 1.102e+05
2.622e-01 1.092e+05
2.558e-01 1.147e+05
2.593e-01 1.128e+05
2.573e-01 1.136e+05
2.606e-01 1.131e+05
2.577e-01 1.109e+05
2.697e-01 8.808e+04
2.570e-01 1.136e+05
2.639e-01 1.037e+05
2.547e-01 1.189e+05
2.660e-01 1.009e+05
2.532e-01 1.174e+05
2.563e-01 1.118e+05
2.620e-01 1.093e+05
2.611e-01 1.082e+05
2.615e-01 1.122e+05
2.521e-01 1.133e+05
2.613e-01 1.136e+05
2.651e-01 1.064e+05
2.541e-01 1.155e+05
2.560e-01 1.165e+05
2.583e-01 1.129e+05
2.617e-01 1.038e+05
2.645e-01 1.081e+05
2.512e-01 1.163e+05
2.567e-01 1.124e+05
2.848e-01 7.877e+04
2.520e-01 1.211e+05
2.608e-01 1.121e+05
2.548e-01 1.118e+05
2.524e-01 1.179e+05
2.546e-01 1.187e+05
2.584e-01 1.157e+05
2.593e-01 1.157e+05
2.583e-01 1.119e+05
2.563e-01 1.149e+05
2.593e-01 1.158e+05
2.893e-01 7.462e+04
2.538e-01 1.150e+05
2.602e-01 1.140e+05
2.585e-01 1.132e+05
2.563e-01 1.140e+05
2.577e-01 1.132e+05
2.615e-01 1.118e+05
2.549e-01 1.118e+05
2.575e-01 1.078e+05
2.620e-01 1.099e+05
2.568e-01 1.096e+05
2.599e-01 1.148e+05
2.562e-01 1.158e+05
2.574e-01 1.104e+05
2.549e-01 1.134e+05
2.567e-01 1.151e+05
2.559e-01 1.162e+05
2.552e-01 1.162e+05
2.574e-01 1.151e+05
2.519e-01 1.179e+05
2.608e-01 1.099e+05
2.642e-01 1.026e+05
2.568e-01 1.149e+05
2.623e-01 1.095e+05
2.559e-01 1.074e+05
2.618e-01 1.052e+05
2.577e-01 1.136e+05
2.549e-01 1.157e+05
2.576e-01 1.096e+05
2.566e-01 1.166e+05
2.579e-01 1.141e+05
2.536e-01 1.154e+05
2.570e-01 1.128e+05
2.532e-01 1.117e+05
2.601e-01 1.122e+05
2.621e-01 1.115e+05
2.554e-01 1.171e+05
2.555e-01 1.130e+05
2.572e-01 1.117e+05
2.847e-01 6.922e+04
2.561e-01 1.174e+05
2.593e-01 1.159e+05
2.569e-01 1.151e+05
2.570e-01 1.134e+05
2.523e-01 1.168e+05
2.523e-01 1.182e+05
2.592e-01 1.120e+05
2.561e-01 1.140e+05
2.569e-01 1.149e+05
2.647e-01 1.023e+05
2.586e-01 1.121e+05
2.621e-01 1.089e+05
2.582e-01 1.150e+05
2.559e-01 1.184e+05
2.577e-01 1.124e+05
2.554e-01 1.143e+05
2.578e-01 1.152e+05
2.591e-01 1.119e+05
2.604e-01 1.112e+05
2.600e-01 1.134e+05
2.587e-01 1.122e+05
2.609e-01 1.039e+05
2.559e-01 1.169e+05
2.554e-01 1.140e+05
2.548e-01 1.180e+05
2.681e-01 9.347e+04
2.563e-01 1.140e+05
2.519e-01 1.196e+05
2.635e-01 1.067e+05
2.649e-01 9.900e+04
2.637e-01 1.008e+05
2.902e-01 6.972e+04
2.609e-01 1.093e+05
2.628e-01 1.059e+05
2.899e-01 6.833e+04
2.537e-01 1.170e+05
2.582e-01 1.156e+05
2.827e-01 7.631e+04
2.630e-01 1.073e+05
2.733e-01 9.771e+04
2.603e-01 1.120e+05
2.648e-01 1.089e+05
2.598e-01 1.075e+05
2.565e-01 1.151e+05
2.627e-01 1.085e+05
2.870e-01 8.123e+04
2.674e-01 1.052e+05
2.668e-01 9.016e+04
2.619e-01 1.088e+05
2.555e-01 1.098e+05
2.560e-01 1.106e+05
2.571e-01 1.132e+05
2.581e-01 1.143e+05
2.544e-01 1.149e+05
2.591e-01 1.124e+05
2.600e-01 1.141e+05
2.565e-01 1.133e+05
2.564e-01 1.131e+05
2.553e-01 1.167e+05
2.621e-01 1.079e+05
2.608e-01 1.084e+05
2.614e-01 1.103e+05
2.562e-01 1.134e+05
2.567e-01 1.182e+05
2.591e-01 1.123e+05
2.571e-01 1.125e+05
2.615e-01 1.079e+05
2.530e-01 1.200e+05
2.581e-01 1.145e+05
2.584e-01 1.085e+05
2.550e-01 1.152e+05
2.559e-01 1.168e+05
2.588e-01 1.163e+05
2.564e-01 1.118e+05
2.607e-01 1.121e+05
2.694e-01 9.783e+04
2.537e-01 1.191e+05
2.591e-01 1.139e+05
2.605e-01 1.076e+05
2.548e-01 1.169e+05
2.522e-01 1.165e+05
2.583e-01 1.131e+05
2.648e-01 1.000e+05
2.576e-01 1.146e+05
2.596e-01 1.120e+05
2.562e-01 1.184e+05
2.600e-01 1.093e+05
2.567e-01 1.098e+05
2.582e-01 1.126e+05
2.546e-01 1.128e+05
2.765e-01 8.797e+04
2.574e-01 1.141e+05
2.606e-01 1.093e+05
2.558e-01 1.116e+05
2.574e-01 1.169e+05
2.635e-01 1.103e+05
2.674e-01 9.812e+04
2.583e-01 1.095e+05
2.565e-01 1.167e+05
2.566e-01 1.154e+05
2.583e-01 1.112e+05
2.688e-01 9.381e+04
2.546e-01 1.169e+05
2.545e-01 1.124e+05
2.546e-01 1.166e+05
2.616e-01 1.108e+05
2.593e-01 1.088e+05
2.704e-01 9.147e+04
2.564e-01 1.147e+05
2.555e-01 1.145e+05
2.585e-01 1.104e+05
2.673e-01 9.298e+04
2.578e-01 1.140e+05
2.554e-01 1.184e+05
2.576e-01 1.157e+05
2.555e-01 1.150e+05
2.554e-01 1.175e+05
2.650e-01 1.059e+05
2.554e-01 1.133e+05
2.623e-01 1.007e+05
2.632e-01 1.088e+05
2.575e-01 1.150e+05
2.569e-01 1.163e+05
2.679e-01 9.363e+04
2.557e-01 1.146e+05
2.882e-01 6.793e+04
2.588e-01 1.116e+05
2.858e-01 7.734e+04
2.543e-01 1.198e+05
2.650e-01 1.073e+05
2.599e-01 1.099e+05
2.644e-01 9.851e+04
2.614e-01 1.093e+05
2.551e-01 1.127e+05
2.565e-01 1.139e+05
2.618e-01 1.087e+05
2.552e-01 1.112e+05
2.571e-01 1.130e+05
2.594e-01 1.112e+05
2.580e-01 1.105e+05
2.542e-01 1.124e+05
2.578e-01 1.171e+05
2.605e-01 1.128e+05
2.550e-01 1.134e+05
2.547e-01 1.152e+05
2.574e-01 1.171e+05
2.598e-01 1.102e+05
2.550e-01 1.130e+05
2.531e-01 1.137e+05
2.573e-01 1.129e+05
2.909e-01 7.153e+04
2.573e-01 1.138e+05
2.615e-01 1.131e+05
2.588e-01 1.136e+05
2.600e-01 1.076e+05
2.537e-01 1.166e+05
2.547e-01 1.114e+05
2.599e-01 1.079e+05
2.585e-01 1.140e+05
2.617e-01 1.125e+05
2.553e-01 1.174e+05
2.596e-01 1.083e+05
2.604e-01 1.062e+05
2.568e-01 1.142e+05
2.598e-01 1.128e+05
2.585e-01 1.118e+05
2.550e-01 1.194e+05
2.544e-01 1.159e+05
2.568e-01 1.167e+05
2.565e-01 1.136e+05
2.538e-01 1.189e+05
2.570e-01 1.119e+05
2.577e-01 1.157e+05
2.602e-01 1.149e+05
2.564e-01 1.122e+05
2.558e-01 1.186e+05
2.552e-01 1.167e+05
2.547e-01 1.171e+05
2.591e-01 1.137e+05
2.603e-01 1.125e+05
2.527e-01 1.202e+05
2.577e-01 1.103e+05
2.675e-01 9.787e+04
2.574e-01 1.175e+05
2.635e-01 1.085e+05
2.535e-01 1.152e+05
2.570e-01 1.132e+05
2.526e-01 1.170e+05
2.595e-01 1.097e+05
2.573e-01 1.138e+05
2.618e-01 1.117e+05
2.570e-01 1.137e+05
2.548e-01 1.174e+05
2.582e-01 1.127e+05
2.671e-01 1.044e+05
2.543e-01 1.173e+05
2.612e-01 1.105e+05
2.554e-01 1.161e+05
2.658e-01 9.697e+04
2.584e-01 1.133e+05
2.532e-01 1.175e+05
2.668e-01 9.774e+04
2.680e-01 1.064e+05
2.585e-01 1.128e+05
2.635e-01 1.062e+05
2.568e-01 1.183e+05
2.542e-01 1.095e+05
2.561e-01 1.186e+05
2.538e-01 1.099e+05
2.572e-01 1.108e+05
2.630e-01 1.031e+05
2.573e-01 1.105e+05
2.552e-01 1.170e+05
2.579e-01 1.117e+05
2.622e-01 1.131e+05
2.782e-01 8.335e+04
2.567e-01 1.129e+05
2.553e-01 1.193e+05
2.576e-01 1.136e+05
2.557e-01 1.131e+05
2.559e-01 1.155e+05
2.610e-01 1.119e+05
2.552e-01 1.136e+05
2.585e-01 1.134e+05
2.552e-01 1.153e+05
2.520e-01 1.190e+05
2.529e-01 1.174e+05
2.554e-01 1.116e+05
2.604e-01 1.094e+05
2.573e-01 1.117e+05
2.570e-01 1.154e+05
2.598e-01 1.102e+05
2.585e-01 1.152e+05
2.548e-01 1.191e+05
2.566e-01 1.135e+05
2.585e-01 1.059e+05
2.603e-01 1.051e+05
2.587e-01 1.072e+05
2.599e-01 1.086e+05
2.662e-01 1.070e+05
2.576e-01 1.129e+05
2.605e-01 1.106e+05
2.582e-01 1.097e+05
2.593e-01 1.158e+05
2.564e-01 1.119e+05
2.550e-01 1.166e+05
2.576e-01 1.129e+05
2.800e-01 7.682e+04
2.791e-01 7.921e+04
2.570e-01 1.128e+05
2.557e-01 1.140e+05
2.575e-01 1.160e+05
2.650e-01 1.091e+05
2.560e-01 1.146e+05
2.574e-01 1.110e+05
2.595e-01 1.088e+05
2.737e-01 8.315e+04
2.618e-01 1.116e+05
2.775e-01 8.320e+04
2.528e-01 1.169e+05
2.688e-01 9.018e+04
2.583e-01 1.085e+05
2.542e-01 1.115e+05
2.566e-01 1.151e+05
2.605e-01 1.122e+05
2.641e-01 1.109e+05
2.629e-01 1.071e+05
2.543e-01 1.162e+05
2.567e-01 1.108e+05
2.572e-01 1.126e+05
2.589e-01 1.104e+05
2.540e-01 1.205e+05
2.605e-01 1.063e+05
2.537e-01 1.159e+05
2.569e-01 1.157e+05
2.575e-01 1.185e+05
2.551e-01 1.150e+05
2.563e-01 1.127e+05
2.606e-01 1.088e+05
2.526e-01 1.155e+05
2.580e-01 1.143e+05
2.577e-01 1.136e+05
2.542e-01 1.157e+05
2.578e-01 1.113e+05
2.575e-01 1.115e+05
2.545e-01 1.137e+05
2.546e-01 1.149e+05
2.524e-01 1.182e+05
2.598e-01 1.145e+05
2.524e-01 1.174e+05
2.567e-01 1.151e+05
2.602e-01 1.095e+05
2.583e-01 1.114e+05
2.534e-01 1.189e+05
2.522e-01 1.178e+05
2.583e-01 1.091e+05
2.550e-01 1.117e+05
2.530e-01 1.119e+05
2.547e-01 1.107e+05
2.699e-01 1.015e+05
2.641e-01 1.089e+05
2.574e-01 1.156e+05
2.565e-01 1.173e+05
2.830e-01 7.588e+04
2.609e-01 1.132e+05
2.525e-01 1.168e+05
2.620e-01 1.080e+05
2.556e-01 1.183e+05
2.568e-01 1.157e+05
2.603e-01 1.108e+05
2.600e-01 1.130e+05
2.597e-01 1.088e+05
2.557e-01 1.156e+05
2.523e-01 1.169e+05
2.579e-01 1.135e+05
2.617e-01 1.105e+05
2.558e-01 1.174e+05
2.602e-01 1.139e+05
2.613e-01 1.110e+05
2.561e-01 1.159e+05
2.550e-01 1.187e+05
2.522e-01 1.193e+05
2.566e-01 1.164e+05
2.573e-01 1.143e+05
2.902e-01 7.211e+04
2.560e-01 1.145e+05
2.608e-01 1.149e+05
2.597e-01 1.050e+05
2.539e-01 1.174e+05
2.544e-01 1.137e+05
2.532e-01 1.177e+05
2.557e-01 1.132e+05
2.571e-01 1.157e+05
2.593e-01 1.118e+05
2.574e-01 1.141e+05
2.572e-01 1.153e+05
2.570e-01 1.141e+05
2.547e-01 1.141e+05
2.640e-01 1.107e+05
2.573e-01 1.137e+05
2.605e-01 1.069e+05
2.579e-01 1.085e+05
2.765e-01 8.857e+04
2.873e-01 7.030e+04
2.569e-01 1.135e+05
2.608e-01 1.116e+05
2.618e-01 1.084e+05
2.574e-01 1.156e+05
2.590e-01 1.146e+05
2.596e-01 1.065e+05
2.590e-01 1.099e+05
2.598e-01 1.158e+05
2.569e-01 1.149e+05
2.526e-01 1.162e+05
2.598e-01 1.094e+05
2.570e-01 1.135e+05
2.531e-01 1.186e+05
2.563e-01 1.152e+05
2.540e-01 1.149e+05
2.596e-01 1.139e+05
2.627e-01 1.078e+05
2.573e-01 1.163e+05
2.600e-01 1.093e+05
2.594e-01 1.139e+05
2.580e-01 1.159e+05
2.623e-01 1.038e+05
2.653e-01 1.034e+05
2.522e-01 1.146e+05
2.641e-01 1.107e+05
2.556e-01 1.171e+05
2.599e-01 1.126e+05
2.535e-01 1.153e+05
2.544e-01 1.130e+05
2.579e-01 1.139e+05
2.645e-01 1.058e+05
2.625e-01 1.092e+05
2.563e-01 1.173e+05
2.657e-01 1.004e+05
2.590e-01 1.149e+05
2.547e-01 1.177e+05
2.532e-01 1.188e+05
2.636e-01 1.098e+05
2.580e-01 1.085e+05
2.584e-01 1.089e+05
2.572e-01 1.111e+05
2.522e-01 1.136e+05
2.633e-01 1.120e+05
2.642e-01 1.024e+05
2.548e-01 1.115e+05
2.553e-01 1.112e+05
2.600e-01 1.072e+05
2.542e-01 1.182e+05
2.588e-01 1.104e+05
2.545e-01 1.130e+05
2.587e-01 1.118e+05
2.558e-01 1.131e+05
2.665e-01 9.498e+04
2.655e-01 1.076e+05
2.606e-01 1.082e+05
2.609e-01 1.076e+05
2.598e-01 1.114e+05
2.597e-01 1.090e+05
2.524e-01 1.198e+05
2.522e-01 1.187e+05
2.615e-01 1.059e+05
2.700e-01 9.552e+04
2.571e-01 1.141e+05
2.601e-01 1.113e+05
2.537e-01 1.176e+05
2.579e-01 1.132e+05
2.539e-01 1.161e+05
2.652e-01 9.427e+04
2.773e-01 8.858e+04
2.609e-01 1.118e+05
2.628e-01 1.097e+05
2.544e-01 1.162e+05
2.634e-01 1.016e+05
2.620e-01 1.051e+05
2.610e-01 1.091e+05
2.585e-01 1.109e+05
2.764e-01 9.001e+04
2.557e-01 1.076e+05
2.541e-01 1.146e+05
2.577e-01 1.107e+05
2.568e-01 1.159e+05
2.578e-01 1.101e+05
2.596e-01 1.086e+05
2.580e-01 1.107e+05
2.581e-01 1.130e+05
2.646e-01 1.033e+05
2.578e-01 1.130e+05
2.545e-01 1.147e+05
2.559e-01 1.108e+05
2.588e-01 1.156e+05
2.615e-01 1.083e+05
2.564e-01 1.093e+05
2.550e-01 1.194e+05
2.575e-01 1.134e+05
2.686e-01 9.754e+04
2.599e-01 1.134e+05
2.604e-01 1.106e+05
2.701e-01 8.899e+04
2.578e-01 1.130e+05
2.670e-01 9.756e+04
2.613e-01 1.116e+05
2.575e-01 1.113e+05
2.533e-01 1.128e+05
2.552e-01 1.108e+05
2.573e-01 1.116e+05
2.567e-01 1.106e+05
2.560e-01 1.125e+05
2.604e-01 1.121e+05
2.635e-01 1.059e+05
2.571e-01 1.162e+05
2.633e-01 1.061e+05
2.585e-01 1.033e+05
2.580e-01 1.114e+05
2.572e-01 1.135e+05
2.631e-01 1.124e+05
2.560e-01 1.071e+05
2.611e-01 1.102e+05
2.578e-01 1.146e+05
2.612e-01 1.085e+05
2.641e-01 1.055e+05
2.625e-01 1.021e+05
2.704e-01 9.780e+04
2.544e-01 1.157e+05
2.551e-01 1.138e+05
2.637e-01 1.091e+05
2.597e-01 1.126e+05
2.648e-01 1.008e+05
2.527e-01 1.180e+05
2.597e-01 1.153e+05
2.549e-01 1.149e+05
2.557e-01 1.150e+05
2.550e-01 1.150e+05
2.594e-01 1.098e+05
2.640e-01 1.070e+05
2.596e-01 1.102e+05
2.617e-01 1.111e+05
2.739e-01 8.720e+04
2.565e-01 1.127e+05
2.550e-01 1.155e+05
2.553e-01 1.145e+05
2.565e-01 1.107e+05
2.569e-01 1.069e+05
2.685e-01 1.022e+05
2.656e-01 1.008e+05
2.598e-01 1.094e+05
2.661e-01 1.022e+05
2.576e-01 1.141e+05
2.540e-01 1.121e+05
2.592e-01 1.091e+05
2.837e-01 8.514e+04
2.596e-01 1.100e+05
2.569e-01 1.116e+05
2.604e-01 1.085e+05
2.914e-01 7.240e+04
2.546e-01 1.174e+05
2.599e-01 1.106e+05
2.523e-01 1.206e+05
2.642e-01 1.039e+05
2.551e-01 1.153e+05
2.569e-01 1.109e+05
2.574e-01 1.089e+05
2.639e-01 1.017e+05
2.535e-01 1.178e+05
2.606e-01 1.128e+05
2.563e-01 1.107e+05
2.564e-01 1.102e+05
2.611e-01 1.113e+05
2.559e-01 1.145e+05
2.551e-01 1.177e+05
2.603e-01 1.063e+05
2.551e-01 1.127e+05
2.654e-01 1.080e+05
2.569e-01 1.118e+05
2.524e-01 1.164e+05
2.554e-01 1.146e+05
2.541e-01 1.200e+05
2.564e-01 1.150e+05
2.613e-01 1.133e+05
2.554e-01 1.116e+05
2.680e-01 9.521e+04
2.574e-01 1.163e+05
2.650e-01 1.042e+05
2.571e-01 1.145e+05
2.606e-01 1.117e+05
2.607e-01 1.142e+05
2.571e-01 1.138e+05
2.525e-01 1.171e+05
2.631e-01 1.067e+05
2.548e-01 1.150e+05
2.544e-01 1.145e+05
2.573e-01 1.166e+05
2.579e-01 1.116e+05
2.586e-01 1.142e+05
2.555e-01 1.130e+05
2.571e-01 1.101e+05
2.621e-01 1.040e+05
2.795e-01 8.016e+04
2.600e-01 1.092e+05
2.568e-01 1.143e+05
2.572e-01 1.152e+05
2.545e-01 1.164e+05
2.572e-01 1.130e+05
2.612e-01 1.072e+05
2.627e-01 1.119e+05
2.549e-01 1.123e+05
2.569e-01 1.140e+05
2.552e-01 1.104e+05
2.622e-01 1.111e+05
2.619e-01 1.026e+05
2.552e-01 1.133e+05
2.555e-01 1.139e+05
2.551e-01 1.165e+05
2.593e-01 1.115e+05
2.566e-01 1.172e+05
2.584e-01 1.150e+05
2.534e-01 1.124e+05
2.544e-01 1.152e+05
2.581e-01 1.136e+05
2.592e-01 1.065e+05
2.561e-01 1.126e+05
2.665e-01 1.013e+05
2.528e-01 1.149e+05
2.569e-01 1.156e+05
2.727e-01 9.072e+04
2.551e-01 1.142e+05
2.666e-01 9.695e+04
2.573e-01 1.125e+05
2.690e-01 9.042e+04
2.522e-01 1.183e+05
2.611e-01 1.089e+05
2.555e-01 1.150e+05
2.602e-01 1.120e+05
2.580e-01 1.142e+05
2.646e-01 1.110e+05
2.531e-01 1.187e+05
2.613e-01 1.143e+05
2.801e-01 7.964e+04
2.547e-01 1.110e+05
2.627e-01 1.053e+05
2.569e-01 1.098e+05
2.595e-01 1.087e+05
2.628e-01 1.098e+05
2.622e-01 1.112e+05
2.541e-01 1.184e+05
2.539e-01 1.153e+05
2.555e-01 1.142e+05
2.551e-01 1.141e+05
2.541e-01 1.174e+05
2.562e-01 1.152e+05
2.957e-01 7.315e+04
2.601e-01 1.131e+05
2.720e-01 9.005e+04
2.622e-01 1.091e+05
2.719e-01 9.086e+04
2.550e-01 1.136e+05
2.558e-01 1.172e+05
2.579e-01 1.123e+05
2.604e-01 1.083e+05
2.556e-01 1.156e+05
2.565e-01 1.150e+05
2.551e-01 1.145e+05
2.598e-01 1.150e+05
2.687e-01 9.815e+04
2.731e-01 9.484e+04
2.542e-01 1.159e+05
2.611e-01 1.112e+05
2.572e-01 1.154e+05
2.556e-01 1.133e+05
2.567e-01 1.160e+05
2.601e-01 1.107e+05
2.630e-01 1.074e+05
2.711e-01 9.660e+04
2.591e-01 1.109e+05
2.522e-01 1.154e+05
2.550e-01 1.198e+05
2.543e-01 1.133e+05
2.577e-01 1.142e+05
2.595e-01 1.152e+05
2.543e-01 1.129e+05
2.559e-01 1.156e+05
2.558e-01 1.120e+05
2.841e-01 7.635e+04
2.565e-01 1.133e+05
2.602e-01 1.109e+05
2.601e-01 1.095e+05
2.656e-01 1.064e+05
2.555e-01 1.170e+05
2.575e-01 1.159e+05
2.525e-01 1.136e+05
2.616e-01 1.102e+05
2.587e-01 1.114e+05
2.540e-01 1.203e+05
2.549e-01 1.144e+05
2.542e-01 1.134e+05
2.578e-01 1.042e+05
2.567e-01 1.128e+05
2.617e-01 1.134e+05
2.567e-01 1.144e+05
2.564e-01 1.171e+05
2.578e-01 1.104e+05
2.578e-01 1.094e+05
2.564e-01 1.070e+05
2.585e-01 1.117e+05
2.624e-01 1.100e+05
2.577e-01 1.153e+05
2.574e-01 1.143e+05
2.629e-01 1.105e+05
2.592e-01 1.068e+05
2.653e-01 1.056e+05
2.535e-01 1.175e+05
2.522e-01 1.163e+05
2.652e-01 1.077e+05
2.660e-01 9.454e+04
2.557e-01 1.167e+05
2.625e-01 1.077e+05
2.563e-01 1.161e+05
2.575e-01 1.136e+05
2.534e-01 1.206e+05
2.600e-01 1.109e+05
2.627e-01 1.124e+05
2.573e-01 1.166e+05
2.538e-01 1.142e+05
2.838e-01 8.627e+04
2.588e-01 1.161e+05
2.609e-01 1.099e+05
2.541e-01 1.167e+05
2.523e-01 1.185e+05
2.599e-01 1.115e+05
2.537e-01 1.154e+05
2.896e-01 7.170e+04
2.965e-01 6.855e+04
2.594e-01 1.119e+05
2.601e-01 1.113e+05
2.619e-01 1.014e+05
2.556e-01 1.144e+05
2.598e-01 1.004e+05
2.529e-01 1.132e+05
2.900e-01 7.836e+04
2.565e-01 1.147e+05
2.555e-01 1.098e+05
2.606e-01 1.135e+05
2.559e-01 1.153e+05
2.604e-01 1.133e+05
2.557e-01 1.165e+05
2.533e-01 1.162e+05
2.599e-01 1.105e+05
2.530e-01 1.167e+05
2.552e-01 1.149e+05
2.575e-01 1.163e+05
2.569e-01 1.139e+05
2.548e-01 1.120e+05
2.554e-01 1.143e+05
2.579e-01 1.130e+05
2.551e-01 1.171e+05
2.549e-01 1.117e+05
2.568e-01 1.119e+05
2.525e-01 1.149e+05
2.570e-01 1.151e+05
2.575e-01 1.051e+05
2.563e-01 1.148e+05
2.545e-01 1.156e+05
2.549e-01 1.061e+05
2.591e-01 1.104e+05
2.636e-01 1.067e+05
2.584e-01 1.080e+05
2.550e-01 1.153e+05
2.626e-01 1.117e+05
2.583e-01 1.051e+05
2.640e-01 1.092e+05
2.557e-01 1.105e+05
2.830e-01 8.150e+04
2.582e-01 1.163e+05
2.636e-01 1.094e+05
2.623e-01 1.071e+05
2.568e-01 1.130e+05
2.617e-01 1.103e+05
2.588e-01 1.088e+05
2.519e-01 1.170e+05
2.523e-01 1.166e+05
2.594e-01 1.152e+05
2.572e-01 1.147e+05
2.547e-01 1.078e+05
2.558e-01 1.155e+05
2.807e-01 8.795e+04
2.626e-01 9.837e+04
2.610e-01 1.068e+05
2.647e-01 1.025e+05
2.571e-01 1.098e+05
2.778e-01 7.113e+04
2.524e-01 1.204e+05
2.605e-01 1.077e+05
2.555e-01 1.167e+05
2.519e-01 1.154e+05
2.563e-01 1.120e+05
2.621e-01 1.043e+05
2.596e-01 1.140e+05
2.624e-01 1.122e+05
2.608e-01 1.085e+05
2.607e-01 1.086e+05
2.570e-01 1.088e+05
2.739e-01 8.575e+04
2.568e-01 1.141e+05
2.617e-01 1.115e+05
2.593e-01 1.127e+05
2.547e-01 1.134e+05
2.590e-01 1.149e+05
2.793e-01 7.731e+04
2.678e-01 9.193e+04
2.571e-01 1.096e+05
2.530e-01 1.182e+05
2.569e-01 1.145e+05
2.578e-01 1.148e+05
2.536e-01 1.158e+05
2.570e-01 1.153e+05
2.622e-01 1.056e+05
2.551e-01 1.116e+05
2.569e-01 1.148e+05
2.592e-01 1.140e+05
2.531e-01 1.124e+05
2.555e-01 1.172e+05
2.719e-01 8.887e+04
2.617e-01 1.118e+05
2.605e-01 1.119e+05
2.572e-01 1.162e+05
2.667e-01 8.911e+04
2.680e-01 9.728e+04
2.546e-01 1.115e+05
2.595e-01 1.121e+05
2.528e-01 1.157e+05
2.627e-01 1.063e+05
2.523e-01 1.199e+05
2.601e-01 1.101e+05
2.582e-01 1.100e+05
2.617e-01 1.047e+05
2.521e-01 1.172e+05
2.914e-01 8.259e+04
2.540e-01 1.189e+05
2.560e-01 1.133e+05
2.583e-01 1.099e+05
2.524e-01 1.156e+05
2.610e-01 1.133e+05
2.551e-01 1.156e+05
2.575e-01 1.113e+05
2.621e-01 1.092e+05
2.545e-01 1.177e+05
2.565e-01 1.153e+05
2.571e-01 1.121e+05
2.534e-01 1.138e+05
2.614e-01 1.084e+05
2.531e-01 1.181e+05
2.559e-01 1.114e+05
2.649e-01 1.052e+05
2.622e-01 1.104e+05
2.612e-01 1.061e+05
2.562e-01 1.118e+05
2.567e-01 1.143e+05
2.595e-01 1.153e+05
2.567e-01 1.155e+05
2.570e-01 1.148e+05
2.583e-01 1.138e+05
2.590e-01 1.098e+05
2.643e-01 1.007e+05
2.570e-01 1.142e+05
2.593e-01 1.161e+05
2.621e-01 1.119e+05
2.603e-01 1.122e+05
2.593e-01 1.149e+05
2.584e-01 1.130e+05
2.556e-01 1.198e+05
2.779e-01 7.888e+04
2.595e-01 1.137e+05
2.557e-01 1.192e+05
2.612e-01 1.099e+05
2.570e-01 1.141e+05
2.693e-01 9.739e+04
2.761e-01 8.518e+04
2.663e-01 1.025e+05
2.642e-01 1.097e+05
2.569e-01 1.125e+05
2.585e-01 1.091e+05
2.557e-01 1.170e+05
2.570e-01 1.152e+05
2.559e-01 1.155e+05
2.558e-01 1.142e+05
2.550e-01 1.135e+05
2.617e-01 1.076e+05
2.568e-01 1.109e+05
2.595e-01 1.140e+05
2.599e-01 1.121e+05
2.598e-01 1.137e+05
2.548e-01 1.146e+05
2.525e-01 1.169e+05
2.606e-01 1.081e+05
2.544e-01 1.148e+05
2.553e-01 1.148e+05
2.667e-01 8.940e+04
2.578e-01 1.121e+05
2.553e-01 1.150e+05
2.537e-01 1.168e+05
2.564e-01 1.166e+05
2.661e-01 1.023e+05
2.614e-01 1.118e+05
2.563e-01 1.165e+05
2.567e-01 1.113e+05
2.599e-01 1.127e+05
2.630e-01 1.101e+05
2.549e-01 1.170e+05
2.611e-01 1.085e+05
2.548e-01 1.125e+05
2.618e-01 1.127e+05
2.527e-01 1.143e+05
2.650e-01 8.825e+04
2.570e-01 1.142e+05
2.549e-01 1.185e+05
2.558e-01 1.168e+05
2.612e-01 1.052e+05
2.571e-01 1.152e+05
2.568e-01 1.161e+05
2.631e-01 1.104e+05
2.519e-01 1.187e+05
2.581e-01 1.133e+05
2.544e-01 1.155e+05
2.666e-01 1.095e+05
2.533e-01 1.158e+05
2.584e-01 1.167e+05
2.738e-01 8.634e+04
2.563e-01 1.094e+05
2.551e-01 1.048e+05
2.566e-01 1.150e+05
2.544e-01 1.143e+05
2.580e-01 1.178e+05
2.589e-01 1.135e+05
2.615e-01 1.088e+05
2.561e-01 1.166e+05
2.581e-01 1.127e+05
2.578e-01 1.130e+05
2.624e-01 1.051e+05
2.577e-01 1.108e+05
2.573e-01 1.156e+05
2.589e-01 1.139e+05
2.614e-01 1.071e+05
2.519e-01 1.165e+05
2.662e-01 1.063e+05
2.581e-01 1.132e+05
2.547e-01 1.101e+05
2.666e-01 9.005e+04
2.521e-01 1.133e+05
2.589e-01 1.136e+05
2.515e-01 1.179e+05
2.626e-01 1.015e+05
2.544e-01 1.177e+05
2.599e-01 1.103e+05
2.560e-01 1.143e+05
2.802e-01 7.027e+04
2.603e-01 1.146e+05
2.579e-01 1.128e+05
2.609e-01 1.119e+05
2.520e-01 1.156e+05
2.660e-01 1.075e+05
2.612e-01 1.103e+05
2.567e-01 1.152e+05
2.575e-01 1.145e+05
2.573e-01 1.169e+05
2.730e-01 8.319e+04
2.532e-01 1.186e+05
2.544e-01 1.156e+05
2.583e-01 1.133e+05
2.679e-01 9.480e+04
2.561e-01 1.118e+05
2.560e-01 1.116e+05
2.552e-01 1.165e+05
2.563e-01 1.132e+05
2.530e-01 1.195e+05
2.748e-01 9.420e+04
2.601e-01 1.083e+05
2.585e-01 1.113e+05
2.589e-01 1.135e+05
2.677e-01 1.005e+05
2.706e-01 1.017e+05
2.573e-01 1.124e+05
2.588e-01 1.112e+05
2.563e-01 1.132e+05
2.526e-01 1.168e+05
2.574e-01 1.134e+05
2.576e-01 1.151e+05
2.564e-01 1.145e+05
2.560e-01 1.122e+05
2.630e-01 1.113e+05
2.538e-01 1.138e+05
2.625e-01 1.116e+05
2.585e-01 1.047e+05
2.566e-01 1.158e+05
2.663e-01 1.059e+05
2.532e-01 1.182e+05
2.592e-01 1.139e+05
2.575e-01 1.128e+05
2.545e-01 1.092e+05
2.512e-01 1.186e+05
2.551e-01 1.155e+05
2.578e-01 1.125e+05
2.658e-01 1.008e+05
2.554e-01 1.141e+05
2.575e-01 1.110e+05
2.575e-01 1.169e+05
2.591e-01 1.164e+05
2.560e-01 1.127e+05
2.572e-01 1.115e+05
2.540e-01 1.153e+05
2.553e-01 1.152e+05
2.588e-01 1.112e+05
2.571e-01 1.148e+05
2.580e-01 1.143e+05
2.557e-01 1.163e+05
2.589e-01 1.076e+05
2.588e-01 1.129e+05
2.602e-01 1.102e+05
2.670e-01 1.030e+05
2.564e-01 1.144e+05
2.566e-01 1.179e+05
2.648e-01 9.949e+04
2.569e-01 1.093e+05
2.589e-01 1.121e+05
2.539e-01 1.173e+05
2.563e-01 1.127e+05
2.585e-01 1.140e+05
2.559e-01 1.130e+05
2.549e-01 1.200e+05
2.596e-01 1.138e+05
2.572e-01 1.158e+05
2.564e-01 1.138e+05
2.614e-01 1.073e+05
2.557e-01 1.132e+05
2.617e-01 1.103e+05
2.591e-01 1.152e+05
2.539e-01 1.138e+05
2.606e-01 1.095e+05
2.526e-01 1.170e+05
2.642e-01 1.069e+05
2.606e-01 1.048e+05
2.568e-01 1.136e+05
2.528e-01 1.133e+05
2.559e-01 1.112e+05
2.590e-01 1.115e+05
2.531e-01 1.112e+05
2.586e-01 1.095e+05
2.584e-01 1.130e+05
2.615e-01 1.111e+05
2.597e-01 1.095e+05
2.631e-01 1.111e+05
2.583e-01 1.127e+05
2.557e-01 1.161e+05
2.569e-01 1.120e+05
2.563e-01 1.171e+05
2.538e-01 1.163e+05
2.561e-01 1.170e+05
2.566e-01 1.154e+05
2.728e-01 9.220e+04
2.825e-01 8.249e+04
2.560e-01 1.150e+05
2.572e-01 1.162e+05
2.579e-01 1.091e+05
2.530e-01 1.119e+05
2.566e-01 1.130e+05
2.621e-01 1.070e+05
2.549e-01 1.156e+05
2.593e-01 1.068e+05
2.536e-01 1.176e+05
2.656e-01 1.013e+05
2.516e-01 1.186e+05
2.610e-01 1.140e+05
2.603e-01 1.087e+05
2.612e-01 1.102e+05
2.571e-01 1.134e+05
2.574e-01 1.176e+05
2.564e-01 1.146e+05
2.612e-01 1.005e+05
2.603e-01 1.146e+05
2.567e-01 1.173e+05
2.581e-01 1.133e+05
2.525e-01 1.158e+05
2.589e-01 1.119e+05
2.867e-01 7.489e+04
2.603e-01 1.088e+05
2.585e-01 1.130e+05
2.557e-01 1.127e+05
2.570e-01 1.103e+05
2.575e-01 1.121e+05
2.543e-01 1.164e+05
2.554e-01 1.166e+05
2.645e-01 1.106e+05
2.851e-01 7.907e+04
2.522e-01 1.167e+05
2.624e-01 9.995e+04
2.542e-01 1.143e+05
2.568e-01 1.103e+05
2.554e-01 1.069e+05
2.582e-01 1.121e+05
2.570e-01 1.127e+05
2.549e-01 1.148e+05
2.623e-01 1.103e+05
2.625e-01 1.026e+05
2.572e-01 1.159e+05
2.601e-01 1.146e+05
2.582e-01 1.146e+05
2.560e-01 1.145e+05
2.558e-01 1.097e+05
2.535e-01 1.131e+05
2.525e-01 1.131e+05
2.774e-01 8.160e+04
2.622e-01 1.063e+05
2.591e-01 1.128e+05
2.595e-01 1.111e+05
2.590e-01 1.111e+05
2.519e-01 1.169e+05
2.606e-01 1.115e+05
2.568e-01 1.130e+05
2.565e-01 1.129e+05
2.809e-01 6.968e+04
2.577e-01 1.160e+05
2.602e-01 1.113e+05
2.567e-01 1.175e+05
2.575e-01 1.105e+05
2.535e-01 1.151e+05
2.522e-01 1.175e+05
2.528e-01 1.196e+05
2.537e-01 1.124e+05
2.573e-01 1.174e+05
2.525e-01 1.163e+05
2.551e-01 1.163e+05
2.553e-01 1.187e+05
2.554e-01 1.144e+05
2.573e-01 1.128e+05
2.581e-01 1.094e+05
2.596e-01 1.142e+05
2.639e-01 1.114e+05
2.614e-01 1.128e+05
2.608e-01 1.140e+05
2.549e-01 1.166e+05
2.570e-01 1.150e+05
2.546e-01 1.105e+05
2.552e-01 1.164e+05
2.557e-01 1.170e+05
2.597e-01 1.089e+05
2.582e-01 1.123e+05
2.619e-01 1.074e+05
2.545e-01 1.179e+05
2.562e-01 1.157e+05
2.616e-01 1.036e+05
2.919e-01 7.774e+04
2.548e-01 1.195e+05
2.592e-01 1.111e+05
2.579e-01 1.132e+05
2.574e-01 1.142e+05
2.564e-01 1.114e+05
2.544e-01 1.126e+05
2.574e-01 1.153e+05
2.577e-01 1.118e+05
2.575e-01 1.123e+05
2.524e-01 1.181e+05
2.632e-01 1.114e+05
2.593e-01 1.135e+05
2.600e-01 1.120e+05
2.595e-01 1.091e+05
2.625e-01 1.091e+05
2.549e-01 1.155e+05
2.599e-01 1.093e+05
2.558e-01 1.131e+05
2.550e-01 1.130e+05
2.613e-01 1.092e+05
2.632e-01 9.906e+04
2.558e-01 1.142e+05
2.588e-01 1.150e+05
2.568e-01 1.147e+05
2.595e-01 1.128e+05
2.591e-01 1.104e+05
2.565e-01 1.153e+05
2.566e-01 1.145e+05
2.564e-01 1.123e+05
2.544e-01 1.186e+05
2.523e-01 1.193e+05
2.588e-01 1.099e+05
2.664e-01 1.062e+05
2.544e-01 1.130e+05
2.583e-01 1.123e+05
2.712e-01 9.777e+04
2.592e-01 1.116e+05
2.599e-01 1.097e+05
2.601e-01 1.086e+05
2.590e-01 1.097e+05
2.558e-01 1.173e+05
2.561e-01 1.142e+05
2.589e-01 1.131e+05
2.559e-01 1.180e+05
2.523e-01 1.128e+05
2.569e-01 1.113e+05
2.555e-01 1.155e+05
2.530e-01 1.186e+05
2.550e-01 1.174e+05
2.574e-01 1.104e+05
2.827e-01 7.184e+04
2.606e-01 1.081e+05
2.573e-01 1.178e+05
2.578e-01 1.055e+05
2.568e-01 1.132e+05
2.581e-01 1.092e+05
2.533e-01 1.148e+05
2.586e-01 1.093e+05
2.719e-01 9.589e+04
2.596e-01 1.096e+05
2.562e-01 1.167e+05
2.603e-01 1.069e+05
2.578e-01 1.123e+05
2.561e-01 1.070e+05
2.551e-01 1.154e+05
2.608e-01 1.092e+05
2.631e-01 1.081e+05
2.551e-01 1.126e+05
2.518e-01 1.165e+05
2.584e-01 1.104e+05
2.550e-01 1.172e+05
2.569e-01 1.156e+05
2.591e-01 1.076e+05
2.516e-01 1.190e+05
2.565e-01 1.154e+05
2.560e-01 1.161e+05
2.551e-01 1.157e+05
2.572e-01 1.165e+05
2.524e-01 1.186e+05
2.574e-01 1.141e+05
2.553e-01 1.184e+05
2.578e-01 1.124e+05
2.852e-01 7.764e+04
2.833e-01 8.386e+04
2.576e-01 1.150e+05
2.564e-01 1.121e+05
2.610e-01 1.137e+05
2.583e-01 1.119e+05
2.612e-01 1.105e+05
2.555e-01 1.146e+05
2.709e-01 9.887e+04
2.622e-01 1.129e+05
2.573e-01 1.119e+05
2.582e-01 1.162e+05
2.560e-01 1.148e+05
2.531e-01 1.191e+05
2.584e-01 1.123e+05
2.535e-01 1.162e+05
2.545e-01 1.130e+05
2.624e-01 1.056e+05
2.625e-01 1.084e+05
2.575e-01 1.132e+05
2.542e-01 1.200e+05
2.553e-01 1.175e+05
2.557e-01 1.167e+05
2.536e-01 1.119e+05
2.555e-01 1.168e+05
2.536e-01 1.152e+05
2.558e-01 1.174e+05
2.582e-01 1.098e+05
2.526e-01 1.175e+05
2.605e-01 1.096e+05
2.542e-01 1.157e+05
2.630e-01 1.078e+05
2.523e-01 1.170e+05
2.529e-01 1.177e+05
2.580e-01 1.067e+05
2.623e-01 1.081e+05
2.853e-01 7.259e+04
2.733e-01 9.305e+04
2.580e-01 1.169e+05
2.564e-01 1.128e+05
2.577e-01 1.147e+05
2.568e-01 1.136e+05
2.549e-01 1.191e+05
2.552e-01 1.135e+05
2.570e-01 1.180e+05
2.578e-01 1.166e+05
2.617e-01 1.076e+05
2.561e-01 1.156e+05
2.561e-01 1.138e+05
2.573e-01 1.142e+05
2.621e-01 1.067e+05
2.563e-01 1.107e+05
2.592e-01 1.146e+05
2.568e-01 1.145e+05
2.551e-01 1.166e+05
2.515e-01 1.173e+05
2.573e-01 1.137e+05
2.603e-01 1.089e+05
2.551e-01 1.151e+05
2.523e-01 1.178e+05
2.582e-01 1.093e+05
2.543e-01 1.127e+05
2.566e-01 1.134e+05
2.535e-01 1.142e+05
2.565e-01 1.160e+05
2.613e-01 1.119e+05
2.569e-01 1.049e+05
2.514e-01 1.162e+05
2.575e-01 1.108e+05
2.568e-01 1.141e+05
2.574e-01 1.182e+05
2.580e-01 1.118e+05
2.614e-01 1.093e+05
2.560e-01 1.084e+05
2.623e-01 1.083e+05
2.575e-01 1.124e+05
2.557e-01 1.122e+05
2.590e-01 1.149e+05
2.573e-01 1.089e+05
2.603e-01 9.867e+04
2.537e-01 1.208e+05
2.571e-01 1.152e+05
2.636e-01 1.068e+05
2.558e-01 1.146e+05
2.552e-01 1.161e+05
2.562e-01 1.160e+05
2.601e-01 1.062e+05
2.536e-01 1.109e+05
2.562e-01 1.170e+05
2.578e-01 1.160e+05
2.565e-01 1.136e+05
2.532e-01 1.154e+05
2.590e-01 1.135e+05
2.603e-01 1.104e+05
2.548e-01 1.147e+05
2.569e-01 1.133e+05
2.577e-01 1.134e+05
2.549e-01 1.141e+05
2.576e-01 1.121e+05
2.563e-01 1.096e+05
2.735e-01 8.888e+04
2.608e-01 1.146e+05
2.569e-01 1.096e+05
2.572e-01 1.156e+05
2.927e-01 7.869e+04
2.612e-01 1.086e+05
2.573e-01 1.096e+05
2.585e-01 1.128e+05
2.580e-01 1.160e+05
2.587e-01 1.111e+05
2.555e-01 1.130e+05
2.584e-01 1.107e+05
2.575e-01 1.078e+05
2.561e-01 1.124e+05
2.571e-01 1.127e+05
2.534e-01 1.157e+05
2.531e-01 1.190e+05
2.927e-01 7.013e+04
2.608e-01 1.077e+05
2.558e-01 1.162e+05
2.584e-01 1.056e+05
2.596e-01 1.125e+05
2.567e-01 1.102e+05
2.576e-01 1.109e+05
2.537e-01 1.161e+05
2.563e-01 1.133e+05
2.590e-01 1.123e+05
2.578e-01 1.128e+05
2.554e-01 1.149e+05
2.591e-01 1.156e+05
2.566e-01 1.161e+05
2.575e-01 1.173e+05
2.639e-01 1.077e+05
2.605e-01 1.122e+05
2.568e-01 1.159e+05
2.574e-01 1.141e+05
2.563e-01 1.154e+05
2.621e-01 1.117e+05
2.526e-01 1.169e+05
2.535e-01 1.158e+05
2.736e-01 9.367e+04
2.627e-01 1.044e+05
2.569e-01 1.141e+05
2.546e-01 1.113e+05
2.713e-01 9.288e+04
2.583e-01 1.133e+05
2.611e-01 1.033e+05
2.614e-01 1.131e+05
2.671e-01 1.027e+05
2.560e-01 1.162e+05
2.611e-01 1.087e+05
2.615e-01 1.142e+05
2.800e-01 8.536e+04
2.626e-01 1.083e+05
2.665e-01 9.845e+04
2.546e-01 1.178e+05
2.781e-01 8.256e+04
2.539e-01 1.182e+05
2.527e-01 1.171e+05
2.563e-01 1.156e+05
2.636e-01 1.115e+05
2.560e-01 1.153e+05
2.567e-01 1.099e+05
2.649e-01 1.078e+05
2.551e-01 1.106e+05
2.581e-01 1.144e+05
2.650e-01 1.020e+05
2.580e-01 1.134e+05
2.558e-01 1.100e+05
2.546e-01 1.141e+05
2.732e-01 7.540e+04
2.565e-01 1.089e+05
2.604e-01 1.072e+05
2.549e-01 1.136e+05
2.589e-01 1.032e+05
2.606e-01 1.119e+05
2.566e-01 1.085e+05
2.574e-01 1.146e+05
2.666e-01 1.066e+05
2.543e-01 1.172e+05
2.638e-01 1.044e+05
2.557e-01 1.151e+05
2.595e-01 1.128e+05
2.566e-01 1.139e+05
2.678e-01 1.058e+05
2.589e-01 1.047e+05
2.578e-01 1.089e+05
2.563e-01 1.146e+05
2.578e-01 1.112e+05
2.561e-01 1.142e+05
2.534e-01 1.135e+05
2.551e-01 1.156e+05
2.574e-01 1.116e+05
2.624e-01 1.115e+05
2.552e-01 1.158e+05
2.551e-01 1.163e+05
2.576e-01 1.147e+05
2.694e-01 9.723e+04
2.589e-01 1.105e+05
2.602e-01 1.128e+05
2.541e-01 1.171e+05
2.577e-01 1.174e+05
2.543e-01 1.105e+05
2.572e-01 1.168e+05
2.573e-01 1.109e+05
2.824e-01 8.596e+04
2.621e-01 1.015e+05
2.581e-01 1.116e+05
2.533e-01 1.177e+05
2.526e-01 1.133e+05
2.572e-01 1.128e+05
2.577e-01 1.141e+05
2.563e-01 1.154e+05
2.617e-01 1.025e+05
2.566e-01 1.154e+05
2.606e-01 1.118e+05
2.551e-01 1.176e+05
2.557e-01 1.129e+05
2.522e-01 1.209e+05
2.566e-01 1.147e+05
2.567e-01 1.151e+05
2.608e-01 1.057e+05
2.582e-01 1.109e+05
2.605e-01 1.144e+05
2.634e-01 1.110e+05
2.571e-01 1.130e+05
2.527e-01 1.202e+05
2.575e-01 1.158e+05
2.564e-01 1.092e+05
2.595e-01 1.159e+05
2.632e-01 1.021e+05
2.564e-01 1.103e+05
2.600e-01 1.149e+05
2.555e-01 1.144e+05
2.559e-01 1.094e+05
2.564e-01 1.164e+05
2.549e-01 1.163e+05
2.592e-01 1.140e+05
2.584e-01 1.157e+05
2.617e-01 1.062e+05
2.550e-01 1.146e+05
2.564e-01 1.182e+05
2.561e-01 1.157e+05
2.706e-01 9.301e+04
2.709e-01 9.532e+04
2.555e-01 1.154e+05
2.564e-01 1.133e+05
2.586e-01 1.130e+05
2.638e-01 1.080e+05
2.582e-01 1.117e+05
2.588e-01 1.087e+05
2.546e-01 1.131e+05
2.698e-01 9.853e+04
2.541e-01 1.185e+05
2.713e-01 8.865e+04
2.589e-01 1.113e+05
2.555e-01 1.150e+05
2.582e-01 1.138e+05
2.559e-01 1.118e+05
2.580e-01 1.143e+05
2.575e-01 1.104e+05
2.611e-01 1.142e+05
2.604e-01 1.095e+05
2.642e-01 1.044e+05
2.652e-01 1.063e+05
2.537e-01 1.177e+05
2.602e-01 1.107e+05
2.536e-01 1.167e+05
2.601e-01 1.090e+05
2.565e-01 1.137e+05
2.729e-01 9.634e+04
2.577e-01 1.117e+05
2.513e-01 1.187e+05
2.563e-01 1.128e+05
2.575e-01 1.155e+05
2.562e-01 1.170e+05
2.607e-01 1.123e+05
2.571e-01 1.164e+05
2.684e-01 8.892e+04
2.588e-01 1.126e+05
2.572e-01 1.096e+05
2.589e-01 1.126e+05
2.591e-01 1.139e+05
2.540e-01 1.152e+05
2.575e-01 1.090e+05
2.545e-01 1.143e+05
2.628e-01 1.083e+05
2.629e-01 1.076e+05
2.547e-01 1.165e+05
2.596e-01 1.092e+05
2.556e-01 1.146e+05
2.785e-01 9.388e+04
2.597e-01 1.105e+05
2.608e-01 1.082e+05
2.780e-01 8.067e+04
2.625e-01 1.046e+05
2.547e-01 1.145e+05
2.588e-01 1.108e+05
2.577e-01 1.109e+05
2.578e-01 1.157e+05
2.574e-01 1.137e+05
2.583e-01 1.129e+05
2.572e-01 1.154e+05
2.552e-01 1.143e+05
2.555e-01 1.129e+05
2.565e-01 1.161e+05
2.564e-01 1.113e+05
2.588e-01 1.116e+05
2.547e-01 1.123e+05
2.582e-01 1.106e+05
2.587e-01 1.103e+05
2.585e-01 1.107e+05
2.794e-01 9.097e+04
2.600e-01 1.124e+05
2.644e-01 9.820e+04
2.545e-01 1.133e+05
2.582e-01 1.117e+05
2.601e-01 1.132e+05
2.614e-01 1.116e+05
2.611e-01 1.087e+05
2.564e-01 1.124e+05
2.590e-01 1.145e+05
2.561e-01 1.155e+05
2.765e-01 8.564e+04
2.683e-01 9.705e+04
2.569e-01 1.070e+05
2.550e-01 1.084e+05
2.579e-01 1.097e+05
2.533e-01 1.170e+05
2.609e-01 1.093e+05
2.556e-01 1.090e+05
2.563e-01 1.157e+05
2.562e-01 1.117e+05
2.534e-01 1.162e+05
2.649e-01 1.109e+05
2.598e-01 1.074e+05
2.605e-01 1.064e+05
2.914e-01 7.103e+04
2.558e-01 1.165e+05
2.548e-01 1.155e+05
2.572e-01 1.144e+05
2.547e-01 1.133e+05
2.724e-01 1.026e+05
2.658e-01 1.033e+05
2.707e-01 1.017e+05
2.586e-01 1.129e+05
2.797e-01 7.423e+04
2.544e-01 1.153e+05
2.562e-01 1.142e+05
2.578e-01 1.146e+05
2.612e-01 1.058e+05
2.522e-01 1.153e+05
2.634e-01 1.083e+05
2.610e-01 1.118e+05
2.537e-01 1.133e+05
2.603e-01 1.089e+05
2.592e-01 1.121e+05
2.594e-01 1.087e+05
2.561e-01 1.132e+05
2.662e-01 1.034e+05
2.634e-01 1.092e+05
2.625e-01 1.030e+05
2.669e-01 1.017e+05
2.644e-01 1.093e+05
2.624e-01 1.063e+05
2.545e-01 1.177e+05
2.562e-01 1.123e+05
2.682e-01 1.035e+05
2.630e-01 1.063e+05
2.599e-01 1.144e+05
2.509e-01 1.177e+05
2.578e-01 1.123e+05
2.572e-01 1.104e+05
2.620e-01 1.066e+05
2.618e-01 1.090e+05
2.640e-01 1.079e+05
2.540e-01 1.143e+05
2.578e-01 1.150e+05
2.618e-01 1.123e+05
2.793e-01 7.027e+04
2.608e-01 1.117e+05
2.520e-01 1.152e+05
2.565e-01 1.179e+05
2.688e-01 1.047e+05
2.542e-01 1.167e+05
2.600e-01 1.127e+05
2.587e-01 1.136e+05
2.612e-01 1.120e+05
2.588e-01 1.101e+05
2.573e-01 1.142e+05
2.575e-01 1.135e+05
2.552e-01 1.137e+05
2.523e-01 1.185e+05
2.547e-01 1.128e+05
2.585e-01 1.116e+05
2.540e-01 1.172e+05
2.563e-01 1.110e+05
2.615e-01 1.100e+05
2.582e-01 1.115e+05
2.607e-01 1.083e+05
2.534e-01 1.168e+05
2.542e-01 1.158e+05
2.635e-01 1.054e+05
2.545e-01 1.133e+05
2.582e-01 1.118e+05
2.604e-01 1.141e+05
2.578e-01 1.131e+05
2.516e-01 1.177e+05
2.535e-01 1.155e+05
2.605e-01 1.076e+05
2.562e-01 1.192e+05
2.652e-01 1.087e+05
2.628e-01 1.042e+05
2.574e-01 1.153e+05
2.542e-01 1.086e+05
2.673e-01 1.042e+05
2.545e-01 1.162e+05
2.569e-01 1.174e+05
2.570e-01 1.122e+05
2.584e-01 1.037e+05
2.580e-01 1.162e+05
2.602e-01 1.090e+05
2.594e-01 1.086e+05
2.553e-01 1.174e+05
2.615e-01 1.098e+05
2.561e-01 1.113e+05
2.582e-01 1.129e+05
2.540e-01 1.161e+05
2.522e-01 1.142e+05
2.578e-01 1.115e+05
2.522e-01 1.175e+05
2.615e-01 1.095e+05
2.539e-01 1.089e+05
2.632e-01 1.029e+05
2.559e-01 1.121e+05
2.522e-01 1.198e+05
2.655e-01 1.067e+05
2.575e-01 1.157e+05
2.557e-01 1.088e+05
2.581e-01 1.145e+05
2.575e-01 1.152e+05
2.560e-01 1.163e+05
2.574e-01 1.141e+05
2.596e-01 1.093e+05
2.557e-01 1.198e+05
2.558e-01 1.119e+05
2.560e-01 1.172e+05
2.863e-01 6.839e+04
2.630e-01 1.092e+05
2.555e-01 1.158e+05
2.627e-01 1.132e+05
2.565e-01 1.125e+05
2.549e-01 1.112e+05
2.554e-01 1.107e+05
2.563e-01 1.155e+05
2.586e-01 1.036e+05
2.585e-01 1.136e+05
2.592e-01 1.132e+05
2.752e-01 8.493e+04
2.788e-01 8.832e+04
2.604e-01 1.136e+05
2.601e-01 1.064e+05
2.591e-01 1.107e+05
2.586e-01 1.135e+05
2.690e-01 9.437e+04
2.578e-01 1.175e+05
2.568e-01 1.122e+05
2.569e-01 1.117e+05
2.527e-01 1.122e+05
2.589e-01 1.167e+05
2.574e-01 1.136e+05
2.559e-01 1.151e+05
2.571e-01 1.124e+05
2.589e-01 1.094e+05
2.575e-01 1.086e+05
2.589e-01 1.137e+05
2.609e-01 1.088e+05
2.587e-01 1.132e+05
2.535e-01 1.180e+05
2.563e-01 1.097e+05
2.601e-01 1.110e+05
2.537e-01 1.186e+05
2.573e-01 1.123e+05
2.536e-01 1.140e+05
2.512e-01 1.191e+05
2.570e-01 1.137e+05
2.578e-01 1.140e+05
2.586e-01 1.147e+05
2.570e-01 1.180e+05
2.574e-01 1.071e+05
2.627e-01 1.083e+05
2.551e-01 1.157e+05
2.539e-01 1.206e+05
2.928e-01 7.077e+04
2.582e-01 1.120e+05
2.625e-01 1.058e+05
2.534e-01 1.177e+05
2.559e-01 1.182e+05
2.560e-01 1.191e+05
2.569e-01 1.152e+05
2.610e-01 1.075e+05
2.545e-01 1.156e+05
2.520e-01 1.178e+05
2.615e-01 1.103e+05
2.532e-01 1.167e+05
2.569e-01 1.160e+05
2.568e-01 1.115e+05
2.601e-01 1.096e+05
2.558e-01 1.155e+05
2.567e-01 1.156e+05
2.551e-01 1.140e+05
2.599e-01 1.095e+05
2.611e-01 1.047e+05
2.620e-01 1.097e+05
2.830e-01 7.476e+04
2.596e-01 1.114e+05
2.565e-01 1.086e+05
2.618e-01 1.090e+05
2.567e-01 1.116e+05
2.608e-01 1.088e+05
2.570e-01 1.124e+05
2.832e-01 6.936e+04
2.566e-01 1.096e+05
2.529e-01 1.172e+05
2.581e-01 1.055e+05
2.559e-01 1.142e+05
2.571e-01 1.111e+05
2.542e-01 1.161e+05
2.620e-01 1.132e+05
2.595e-01 1.117e+05
2.545e-01 1.161e+05
2.552e-01 1.143e+05
2.615e-01 1.095e+05
2.623e-01 1.105e+05
2.552e-01 1.168e+05
2.621e-01 1.098e+05
2.732e-01 8.689e+04
2.553e-01 1.182e+05
2.581e-01 1.135e+05
2.572e-01 1.070e+05
2.632e-01 1.100e+05
2.642e-01 1.003e+05
2.549e-01 1.159e+05
2.523e-01 1.195e+05
2.524e-01 1.177e+05
2.560e-01 1.170e+05
2.580e-01 1.060e+05
2.566e-01 1.126e+05
2.520e-01 1.167e+05
2.593e-01 1.126e+05
2.526e-01 1.182e+05
2.540e-01 1.143e+05
2.572e-01 1.163e+05
2.566e-01 1.144e+05
2.702e-01 9.373e+04
2.555e-01 1.137e+05
2.574e-01 1.119e+05
2.559e-01 1.151e+05
2.558e-01 1.164e+05
2.542e-01 1.162e+05
2.543e-01 1.164e+05
2.581e-01 1.097e+05
2.591e-01 1.153e+05
2.520e-01 1.197e+05
2.562e-01 1.184e+05
2.564e-01 1.158e+05
2.649e-01 1.050e+05
2.677e-01 9.289e+04
2.583e-01 1.116e+05
2.586e-01 1.097e+05
2.554e-01 1.121e+05
2.599e-01 1.097e+05
2.608e-01 1.128e+05
2.591e-01 1.104e+05
2.618e-01 1.124e+05
2.572e-01 1.108e+05
2.526e-01 1.157e+05
2.530e-01 1.152e+05
2.561e-01 1.127e+05
2.574e-01 1.141e+05
2.626e-01 1.083e+05
2.595e-01 1.076e+05
2.548e-01 1.157e+05
2.600e-01 1.147e+05
2.585e-01 1.133e+05
2.524e-01 1.159e+05
2.576e-01 1.144e+05
2.586e-01 1.132e+05
2.566e-01 1.119e+05
2.612e-01 1.126e+05
2.633e-01 1.104e+05
2.537e-01 1.124e+05
2.550e-01 1.163e+05
2.581e-01 1.163e+05
2.613e-01 1.082e+05
2.600e-01 1.131e+05
2.555e-01 1.147e+05
2.539e-01 1.170e+05
2.591e-01 1.100e+05
2.630e-01 1.067e+05
2.529e-01 1.143e+05
2.607e-01 1.123e+05
2.528e-01 1.191e+05
2.588e-01 1.112e+05
2.555e-01 1.161e+05
2.620e-01 1.074e+05
2.634e-01 1.034e+05
2.563e-01 1.156e+05
2.531e-01 1.157e+05
2.619e-01 1.144e+05
2.771e-01 8.075e+04
2.689e-01 1.031e+05
2.532e-01 1.149e+05
2.566e-01 1.116e+05
2.554e-01 1.138e+05
2.587e-01 1.124e+05
2.553e-01 1.171e+05
2.544e-01 1.139e+05
2.769e-01 8.109e+04
2.634e-01 1.096e+05
2.551e-01 1.176e+05
2.695e-01 9.313e+04
2.633e-01 1.054e+05
2.542e-01 1.134e+05
2.571e-01 1.145e+05
2.517e-01 1.155e+05
2.568e-01 1.139e+05
2.732e-01 9.596e+04
2.584e-01 1.082e+05
2.574e-01 1.112e+05
2.551e-01 1.141e+05
2.543e-01 1.156e+05
2.554e-01 1.135e+05
2.553e-01 1.160e+05
2.653e-01 1.083e+05
2.560e-01 1.157e+05
2.549e-01 1.120e+05
2.584e-01 1.134e+05
2.662e-01 1.072e+05
2.564e-01 1.178e+05
2.564e-01 1.154e+05
2.780e-01 7.901e+04
2.573e-01 1.165e+05
2.536e-01 1.095e+05
2.566e-01 1.179e+05
2.679e-01 1.025e+05
2.559e-01 1.159e+05
2.606e-01 1.141e+05
2.618e-01 1.081e+05
2.553e-01 1.125e+05
2.597e-01 1.150e+05
2.940e-01 7.156e+04
2.581e-01 1.143e+05
2.882e-01 7.535e+04
2.598e-01 1.130e+05
2.572e-01 1.139e+05
2.586e-01 1.123e+05
2.540e-01 1.153e+05
2.583e-01 1.130e+05
2.535e-01 1.169e+05
2.555e-01 1.182e+05
2.605e-01 1.105e+05
2.732e-01 9.026e+04
2.602e-01 1.108e+05
2.597e-01 1.157e+05
2.583e-01 1.130e+05
2.597e-01 1.136e+05
2.599e-01 1.114e+05
2.545e-01 1.160e+05
2.584e-01 1.127e+05
2.619e-01 1.109e+05
2.616e-01 1.079e+05
2.576e-01 1.098e+05
2.737e-01 8.494e+04
2.553e-01 1.162e+05
2.536e-01 1.149e+05
2.584e-01 1.128e+05
2.618e-01 1.087e+05
2.550e-01 1.177e+05
2.594e-01 1.134e+05
2.595e-01 1.108e+05
2.622e-01 1.064e+05
2.604e-01 1.097e+05
2.554e-01 1.167e+05
2.593e-01 1.129e+05
2.566e-01 1.137e+05
2.625e-01 1.087e+05
2.539e-01 1.202e+05
2.560e-01 1.146e+05
2.595e-01 1.156e+05
2.526e-01 1.204e+05
2.562e-01 1.160e+05
2.572e-01 1.151e+05
2.539e-01 1.181e+05
2.524e-01 1.157e+05
2.573e-01 1.144e+05
2.552e-01 1.112e+05
2.596e-01 1.042e+05
2.575e-01 1.105e+05
2.579e-01 1.151e+05
2.571e-01 1.088e+05
2.566e-01 1.113e+05
2.620e-01 9.986e+04
2.562e-01 1.148e+05
2.583e-01 1.103e+05
2.892e-01 6.721e+04
2.590e-01 1.119e+05
2.600e-01 1.101e+05
2.798e-01 8.005e+04
2.592e-01 1.094e+05
2.601e-01 1.082e+05
2.605e-01 1.064e+05
2.592e-01 1.070e+05
2.533e-01 1.185e+05
2.584e-01 1.111e+05
2.585e-01 1.110e+05
2.570e-01 1.167e+05
2.666e-01 9.801e+04
2.573e-01 1.080e+05
2.590e-01 1.140e+05
2.545e-01 1.175e+05
2.566e-01 1.173e+05
2.590e-01 1.118e+05
2.646e-01 1.064e+05
2.556e-01 1.134e+05
2.555e-01 1.173e+05
2.587e-01 1.087e+05
2.615e-01 1.088e+05
2.535e-01 1.146e+05
2.621e-01 1.075e+05
2.595e-01 1.162e+05
2.598e-01 1.094e+05
2.591e-01 1.102e+05
2.602e-01 1.065e+05
2.707e-01 8.884e+04
2.599e-01 1.104e+05
2.570e-01 1.157e+05
2.537e-01 1.164e+05
2.546e-01 1.111e+05
2.664e-01 9.493e+04
2.555e-01 1.160e+05
2.589e-01 1.119e+05
2.757e-01 8.547e+04
2.555e-01 1.152e+05
2.537e-01 1.157e+05
2.567e-01 1.155e+05
2.605e-01 1.097e+05
2.596e-01 1.106e+05
2.558e-01 1.149e+05
2.770e-01 8.317e+04
2.536e-01 1.179e+05
2.615e-01 1.088e+05
2.543e-01 1.144e+05
2.593e-01 1.120e+05
2.587e-01 1.126e+05
2.554e-01 1.140e+05
2.650e-01 1.033e+05
2.575e-01 1.081e+05
2.609e-01 1.120e+05
2.531e-01 1.140e+05
2.575e-01 1.109e+05
2.560e-01 1.153e+05
2.556e-01 1.164e+05
2.562e-01 1.097e+05
2.585e-01 1.115e+05
2.584e-01 1.119e+05
2.526e-01 1.183e+05
2.563e-01 1.163e+05
2.570e-01 1.159e+05
2.550e-01 1.178e+05
2.538e-01 1.111e+05
2.588e-01 1.146e+05
2.590e-01 1.127e+05
2.610e-01 1.122e+05
2.594e-01 1.128e+05
2.635e-01 1.024e+05
2.894e-01 7.876e+04
2.579e-01 1.179e+05
2.566e-01 1.149e+05
2.548e-01 1.102e+05
2.556e-01 1.181e+05
2.536e-01 1.127e+05
2.591e-01 1.100e+05
2.781e-01 7.521e+04
2.621e-01 1.126e+05
2.592e-01 1.101e+05
2.586e-01 1.118e+05
2.582e-01 1.139e+05
2.566e-01 1.153e+05
2.568e-01 1.147e+05
2.523e-01 1.185e+05
2.582e-01 1.047e+05
2.529e-01 1.142e+05
2.732e-01 9.730e+04
2.652e-01 1.078e+05
2.553e-01 1.112e+05
2.585e-01 1.137e+05
2.619e-01 1.091e+05
2.561e-01 1.155e+05
2.621e-01 1.076e+05
2.617e-01 1.089e+05
2.706e-01 9.344e+04
2.548e-01 1.139e+05
2.550e-01 1.189e+05
2.716e-01 9.262e+04
2.521e-01 1.206e+05
2.584e-01 1.161e+05
2.607e-01 1.086e+05
2.599e-01 1.106e+05
2.534e-01 1.127e+05
2.576e-01 1.155e+05
2.535e-01 1.144e+05
2.634e-01 1.118e+05
2.525e-01 1.179e+05
2.568e-01 1.143e+05
2.774e-01 8.721e+04
2.583e-01 1.141e+05
2.555e-01 1.107e+05
2.563e-01 1.171e+05
2.769e-01 8.331e+04
2.562e-01 1.126e+05
2.610e-01 1.114e+05
2.835e-01 7.195e+04
2.549e-01 1.160e+05
2.578e-01 1.102e+05
2.571e-01 1.168e+05
2.543e-01 1.165e+05
2.598e-01 1.056e+05
2.627e-01 1.082e+05
2.788e-01 7.862e+04
2.573e-01 1.133e+05
2.520e-01 1.165e+05
2.601e-01 1.119e+05
2.585e-01 1.120e+05
2.558e-01 1.143e+05
2.557e-01 1.183e+05
2.579e-01 1.151e+05
2.588e-01 1.039e+05
2.597e-01 1.110e+05
2.669e-01 1.054e+05
2.543e-01 1.167e+05
2.609e-01 1.096e+05
2.540e-01 1.132e+05
2.604e-01 1.084e+05
2.541e-01 1.137e+05
2.582e-01 1.090e+05
2.560e-01 1.061e+05
2.537e-01 1.134e+05
2.558e-01 1.152e+05
2.536e-01 1.179e+05
2.657e-01 1.030e+05
2.529e-01 1.190e+05
2.563e-01 1.189e+05
2.561e-01 1.109e+05
2.842e-01 7.556e+04
2.637e-01 1.110e+05
2.572e-01 1.159e+05
2.553e-01 1.160e+05
2.540e-01 1.175e+05
2.537e-01 1.149e+05
2.631e-01 9.942e+04
2.598e-01 1.089e+05
2.557e-01 1.193e+05
2.557e-01 1.130e+05
2.566e-01 1.128e+05
2.582e-01 1.120e+05
2.583e-01 1.127e+05
2.600e-01 1.161e+05
2.632e-01 1.098e+05
2.583e-01 1.085e+05
2.534e-01 1.169e+05
2.605e-01 1.092e+05
2.613e-01 1.135e+05
2.793e-01 8.254e+04
2.620e-01 1.130e+05
2.668e-01 1.047e+05
2.533e-01 1.148e+05
2.630e-01 1.101e+05
2.610e-01 1.136e+05
2.591e-01 1.119e+05
2.566e-01 1.169e+05
2.560e-01 1.138e+05
2.565e-01 1.143e+05
2.594e-01 1.100e+05
2.556e-01 1.133e+05
2.557e-01 1.134e+05
2.550e-01 1.154e+05
2.555e-01 1.160e+05
2.563e-01 1.158e+05
2.567e-01 1.104e+05
2.599e-01 1.130e+05
2.626e-01 1.072e+05
2.595e-01 1.154e+05
2.577e-01 1.120e+05
2.598e-01 1.068e+05
2.571e-01 1.110e+05
2.550e-01 1.151e+05
2.602e-01 1.089e+05
2.593e-01 1.123e+05
2.587e-01 1.108e+05
2.602e-01 1.106e+05
2.550e-01 1.127e+05
2.570e-01 1.132e+05
2.583e-01 1.102e+05
2.548e-01 1.159e+05
2.582e-01 1.107e+05
2.620e-01 1.066e+05
2.634e-01 1.094e+05
2.573e-01 1.146e+05
2.601e-01 1.114e+05
2.746e-01 8.992e+04
2.554e-01 1.179e+05
2.828e-01 7.057e+04
2.645e-01 1.073e+05
2.598e-01 1.076e+05
2.578e-01 1.065e+05
2.547e-01 1.124e+05
2.648e-01 1.083e+05
2.521e-01 1.171e+05
2.615e-01 1.004e+05
2.564e-01 1.065e+05
2.591e-01 1.159e+05
2.564e-01 1.124e+05
2.586e-01 1.113e+05
2.599e-01 1.112e+05
2.608e-01 1.042e+05
2.609e-01 1.115e+05
2.539e-01 1.132e+05
2.605e-01 1.102e+05
2.535e-01 1.130e+05
2.716e-01 8.640e+04
2.564e-01 1.170e+05
2.590e-01 1.164e+05
2.554e-01 1.153e+05
2.613e-01 1.065e+05
2.552e-01 1.167e+05
2.544e-01 1.110e+05
2.763e-01 7.522e+04
2.647e-01 1.089e+05
2.554e-01 1.126e+05
2.568e-01 1.141e+05
2.538e-01 1.180e+05
2.553e-01 1.143e+05
2.540e-01 1.201e+05
2.567e-01 1.116e+05
2.566e-01 1.157e+05
2.577e-01 1.147e+05
2.734e-01 8.109e+04
2.596e-01 1.155e+05
2.636e-01 1.109e+05
2.540e-01 1.160e+05
2.583e-01 1.118e+05
2.907e-01 7.158e+04
2.573e-01 1.115e+05
2.616e-01 1.056e+05
2.539e-01 1.180e+05
2.535e-01 1.189e+05
2.531e-01 1.190e+05
2.575e-01 1.121e+05
2.590e-01 1.111e+05
2.600e-01 1.134e+05
2.520e-01 1.133e+05
2.571e-01 1.158e+05
2.622e-01 1.080e+05
2.618e-01 1.076e+05
2.562e-01 1.141e+05
2.520e-01 1.210e+05
2.544e-01 1.126e+05
2.609e-01 1.092e+05
2.622e-01 1.096e+05
2.610e-01 1.108e+05
2.530e-01 1.169e+05
2.558e-01 1.123e+05
2.786e-01 7.421e+04
2.579e-01 1.051e+05
2.596e-01 1.145e+05
2.581e-01 1.122e+05
2.661e-01 9.626e+04
2.636e-01 1.122e+05
2.615e-01 1.094e+05
2.589e-01 1.137e+05
2.589e-01 1.087e+05
2.601e-01 1.139e+05
2.522e-01 1.172e+05
2.595e-01 1.107e+05
2.526e-01 1.168e+05
2.562e-01 1.121e+05
2.599e-01 1.133e+05
2.570e-01 1.143e+05
2.566e-01 1.149e+05
2.568e-01 1.164e+05
2.607e-01 1.131e+05
2.561e-01 1.151e+05
2.578e-01 1.148e+05
2.554e-01 1.145e+05
2.586e-01 1.120e+05
2.557e-01 1.151e+05
2.563e-01 1.174e+05
2.551e-01 1.119e+05
2.604e-01 1.090e+05
2.681e-01 9.728e+04
2.584e-01 1.141e+05
2.562e-01 1.176e+05
2.551e-01 1.179e+05
2.592e-01 1.130e+05
2.554e-01 1.149e+05
2.544e-01 1.160e+05
2.568e-01 1.156e+05
2.543e-01 1.140e+05
2.534e-01 1.171e+05
2.614e-01 1.095e+05
2.565e-01 1.122e+05
2.592e-01 1.115e+05
2.655e-01 1.092e+05
2.548e-01 1.144e+05
2.604e-01 1.023e+05
2.626e-01 1.116e+05
2.648e-01 1.101e+05
2.633e-01 1.045e+05
2.669e-01 1.045e+05
2.556e-01 1.146e+05
2.587e-01 1.104e+05
2.597e-01 1.137e+05
2.563e-01 1.110e+05
2.547e-01 1.190e+05
2.550e-01 1.154e+05
2.559e-01 1.112e+05
2.612e-01 1.064e+05
2.552e-01 1.165e+05
2.542e-01 1.148e+05
2.526e-01 1.151e+05
2.554e-01 1.143e+05
2.636e-01 1.080e+05
2.569e-01 1.113e+05
2.616e-01 1.064e+05
2.602e-01 1.129e+05
2.545e-01 1.196e+05
2.544e-01 1.133e+05
2.557e-01 1.185e+05
2.518e-01 1.177e+05
2.551e-01 1.108e+05
2.593e-01 1.117e+05
2.608e-01 1.140e+05
2.625e-01 1.087e+05
2.584e-01 1.138e+05
2.524e-01 1.181e+05
2.746e-01 7.964e+04
2.581e-01 1.124e+05
2.600e-01 1.022e+05
2.575e-01 1.098e+05
2.859e-01 7.243e+04
2.549e-01 1.124e+05
2.616e-01 1.089e+05
2.545e-01 1.151e+05
2.550e-01 1.192e+05
2.522e-01 1.160e+05
2.561e-01 1.119e+05
2.581e-01 1.108e+05
2.597e-01 1.096e+05
2.582e-01 1.096e+05
2.602e-01 1.112e+05
2.518e-01 1.178e+05
2.563e-01 1.162e+05
2.564e-01 1.116e+05
2.611e-01 1.097e+05
2.522e-01 1.192e+05
2.599e-01 1.146e+05
2.594e-01 1.125e+05
2.536e-01 1.171e+05
2.569e-01 1.138e+05
2.614e-01 1.074e+05
2.599e-01 1.114e+05
2.565e-01 1.139e+05
2.748e-01 8.887e+04
2.529e-01 1.174e+05
2.560e-01 1.148e+05
2.604e-01 1.074e+05
2.886e-01 7.443e+04
2.537e-01 1.171e+05
2.565e-01 1.144e+05
2.620e-01 1.125e+05
2.600e-01 1.125e+05
2.559e-01 1.153e+05
2.593e-01 1.128e+05
2.603e-01 1.082e+05
2.525e-01 1.160e+05
2.685e-01 1.036e+05
2.562e-01 1.114e+05
2.619e-01 1.117e+05
2.567e-01 1.118e+05
2.846e-01 8.157e+04
2.757e-01 9.083e+04
2.562e-01 1.161e+05
2.566e-01 1.131e+05
2.585e-01 1.119e+05
2.623e-01 1.120e+05
2.585e-01 1.070e+05
2.556e-01 1.091e+05
2.584e-01 1.116e+05
2.531e-01 1.143e+05
2.575e-01 1.018e+05
2.556e-01 1.160e+05
2.582e-01 1.095e+05
2.595e-01 1.113e+05
2.568e-01 1.110e+05
2.568e-01 1.138e+05
2.522e-01 1.157e+05
2.598e-01 1.108e+05
2.621e-01 1.099e+05
2.589e-01 1.075e+05
2.648e-01 1.069e+05
2.690e-01 9.310e+04
2.592e-01 1.107e+05
2.596e-01 1.119e+05
2.844e-01 7.154e+04
2.550e-01 1.166e+05
2.610e-01 1.116e+05
2.585e-01 1.082e+05
2.571e-01 1.128e+05
2.567e-01 1.156e+05
2.603e-01 1.089e+05
2.589e-01 1.103e+05
2.587e-01 1.154e+05
2.590e-01 1.147e+05
2.574e-01 1.137e+05
2.572e-01 1.135e+05
2.607e-01 1.111e+05
2.606e-01 1.116e+05
2.581e-01 1.099e+05
2.558e-01 1.141e+05
2.625e-01 1.083e+05
2.555e-01 1.146e+05
2.559e-01 1.106e+05
2.539e-01 1.171e+05
2.631e-01 1.085e+05
2.548e-01 1.094e+05
2.584e-01 1.106e+05
2.652e-01 1.056e+05
2.562e-01 1.143e+05
2.581e-01 1.137e+05
2.616e-01 1.087e+05
2.606e-01 1.128e+05
2.606e-01 1.105e+05
2.591e-01 1.153e+05
2.669e-01 1.068e+05
2.716e-01 9.574e+04
2.518e-01 1.165e+05
2.657e-01 1.066e+05
2.608e-01 1.123e+05
2.651e-01 1.068e+05
2.604e-01 1.143e+05
2.550e-01 1.136e+05
2.553e-01 1.179e+05
2.618e-01 1.075e+05
2.576e-01 1.128e+05
2.571e-01 1.129e+05
2.578e-01 1.113e+05
2.525e-01 1.155e+05
2.582e-01 1.116e+05
2.591e-01 1.154e+05
2.558e-01 1.137e+05
2.585e-01 1.101e+05
2.642e-01 1.094e+05
2.541e-01 1.163e+05
2.584e-01 1.074e+05
2.584e-01 1.134e+05
2.615e-01 1.055e+05
2.594e-01 1.108e+05
2.512e-01 1.183e+05
2.541e-01 1.123e+05
2.550e-01 1.148e+05
2.581e-01 1.150e+05
2.654e-01 1.005e+05
2.552e-01 1.153e+05
2.559e-01 1.124e+05
2.584e-01 1.127e+05
2.552e-01 1.147e+05
2.578e-01 1.148e+05
2.637e-01 1.041e+05
2.553e-01 1.140e+05
2.611e-01 1.126e+05
2.629e-01 1.116e+05
2.648e-01 1.084e+05
2.664e-01 1.035e+05
2.582e-01 1.133e+05
2.561e-01 1.164e+05
2.572e-01 1.154e+05
2.569e-01 1.140e+05
2.553e-01 1.191e+05
2.573e-01 1.130e+05
2.592e-01 1.119e+05
2.591e-01 1.078e+05
2.602e-01 1.066e+05
2.557e-01 1.135e+05
2.559e-01 1.162e+05
2.574e-01 1.074e+05
2.556e-01 1.152e+05
2.528e-01 1.194e+05
2.544e-01 1.132e+05
2.571e-01 1.112e+05
2.554e-01 1.127e+05
2.753e-01 9.216e+04
2.658e-01 1.086e+05
2.549e-01 1.098e+05
2.542e-01 1.152e+05
2.571e-01 1.152e+05
2.573e-01 1.171e+05
2.617e-01 1.033e+05
2.555e-01 1.159e+05
2.550e-01 1.194e+05
2.717e-01 9.253e+04
2.599e-01 1.160e+05
2.543e-01 1.118e+05
2.594e-01 1.107e+05
2.571e-01 1.115e+05
2.590e-01 1.107e+05
2.601e-01 1.100e+05
2.869e-01 6.922e+04
2.642e-01 1.069e+05
2.556e-01 1.057e+05
2.595e-01 1.046e+05
2.723e-01 1.013e+05
2.564e-01 1.118e+05
2.542e-01 1.174e+05
2.579e-01 1.160e+05
2.645e-01 1.101e+05
2.877e-01 7.640e+04
2.601e-01 1.084e+05
2.558e-01 1.149e+05
2.563e-01 1.139e+05
2.555e-01 1.145e+05
2.578e-01 1.156e+05
2.590e-01 1.137e+05
2.582e-01 1.107e+05
2.627e-01 1.099e+05
2.598e-01 1.094e+05
2.538e-01 1.193e+05
2.620e-01 1.134e+05
2.558e-01 1.167e+05
2.638e-01 1.117e+05
2.578e-01 1.111e+05
2.561e-01 1.121e+05
2.553e-01 1.083e+05
2.590e-01 1.114e+05
2.623e-01 1.118e+05
2.583e-01 1.141e+05
2.573e-01 1.095e+05
2.640e-01 1.075e+05
2.536e-01 1.145e+05
2.819e-01 7.130e+04
2.609e-01 1.093e+05
2.546e-01 1.130e+05
2.565e-01 1.140e+05
2.604e-01 1.140e+05
2.607e-01 1.074e+05
2.598e-01 1.074e+05
2.552e-01 1.134e+05
2.574e-01 1.133e+05
2.576e-01 1.131e+05
2.625e-01 1.115e+05
2.576e-01 1.165e+05
2.554e-01 1.162e+05
2.552e-01 1.079e+05
2.643e-01 1.077e+05
2.607e-01 1.095e+05
2.615e-01 1.090e+05
2.682e-01 1.014e+05
2.585e-01 1.144e+05
2.615e-01 1.047e+05
2.566e-01 1.101e+05
2.570e-01 1.149e+05
2.545e-01 1.157e+05
2.580e-01 1.176e+05
2.537e-01 1.123e+05
2.546e-01 1.164e+05
2.527e-01 1.163e+05
2.612e-01 1.114e+05
2.755e-01 8.212e+04
2.549e-01 1.158e+05
2.548e-01 1.181e+05
2.582e-01 1.100e+05
2.631e-01 1.118e+05
2.555e-01 1.153e+05
2.526e-01 1.159e+05
2.598e-01 1.140e+05
2.561e-01 1.167e+05
2.607e-01 1.102e+05
2.603e-01 1.138e+05
2.619e-01 1.099e+05
2.663e-01 9.891e+04
2.591e-01 1.020e+05
2.543e-01 1.189e+05
2.550e-01 1.180e+05
2.555e-01 1.166e+05
2.532e-01 1.160e+05
2.542e-01 1.188e+05
2.602e-01 1.089e+05
2.568e-01 1.155e+05
2.557e-01 1.163e+05
2.570e-01 1.113e+05
2.545e-01 1.180e+05
2.623e-01 1.103e+05
2.582e-01 1.152e+05
2.575e-01 1.146e+05
2.538e-01 1.177e+05
2.590e-01 1.157e+05
2.612e-01 1.093e+05
2.590e-01 1.122e+05
2.540e-01 1.152e+05
2.565e-01 1.166e+05
2.543e-01 1.143e+05
2.526e-01 1.187e+05
2.531e-01 1.145e+05
2.807e-01 8.887e+04
2.605e-01 1.116e+05
2.597e-01 1.109e+05
2.566e-01 1.178e+05
2.557e-01 1.146e+05
2.525e-01 1.193e+05
2.617e-01 1.073e+05
2.571e-01 1.134e+05
2.572e-01 1.158e+05
2.590e-01 1.086e+05
2.541e-01 1.149e+05
2.567e-01 1.173e+05
2.636e-01 1.088e+05
2.543e-01 1.154e+05
2.568e-01 1.157e+05
2.556e-01 1.164e+05
2.616e-01 1.082e+05
2.579e-01 1.153e+05
2.572e-01 1.140e+05
2.614e-01 1.131e+05
2.555e-01 1.176e+05
2.578e-01 1.112e+05
2.585e-01 1.112e+05
2.614e-01 1.094e+05
2.589e-01 1.140e+05
2.576e-01 1.147e+05
2.559e-01 1.165e+05
2.528e-01 1.148e+05
2.576e-01 1.094e+05
2.581e-01 1.138e+05
2.572e-01 1.137e+05
2.546e-01 1.152e+05
2.550e-01 1.117e+05
2.625e-01 1.032e+05
2.578e-01 1.108e+05
2.573e-01 1.137e+05
2.606e-01 1.116e+05
2.564e-01 1.151e+05
2.563e-01 1.093e+05
2.622e-01 1.104e+05
2.606e-01 1.112e+05
2.593e-01 1.131e+05
2.642e-01 1.009e+05
2.891e-01 7.429e+04
2.560e-01 1.100e+05
2.604e-01 1.127e+05
2.578e-01 1.113e+05
2.542e-01 1.135e+05
2.585e-01 1.140e+05
2.597e-01 1.157e+05
2.556e-01 1.165e+05
2.571e-01 1.125e+05
2.578e-01 1.133e+05
2.529e-01 1.140e+05
2.671e-01 1.081e+05
2.604e-01 1.081e+05
2.563e-01 1.141e+05
2.552e-01 1.114e+05
2.610e-01 1.105e+05
2.620e-01 1.084e+05
2.567e-01 1.162e+05
2.587e-01 1.108e+05
2.613e-01 1.093e+05
2.571e-01 1.128e+05
2.628e-01 1.035e+05
2.610e-01 1.092e+05
2.618e-01 1.107e+05
2.613e-01 1.119e+05
2.535e-01 1.202e+05
2.595e-01 1.156e+05
2.578e-01 1.126e+05
2.605e-01 1.117e+05
2.657e-01 9.158e+04
2.627e-01 1.030e+05
2.555e-01 1.150e+05
2.556e-01 1.147e+05
2.537e-01 1.142e+05
2.614e-01 1.098e+05
2.523e-01 1.178e+05
2.607e-01 1.071e+05
2.578e-01 1.154e+05
2.608e-01 1.087e+05
2.529e-01 1.145e+05
2.614e-01 1.115e+05
2.800e-01 8.340e+04
2.679e-01 8.822e+04
2.586e-01 1.106e+05
2.593e-01 1.148e+05
2.573e-01 1.133e+05
2.572e-01 1.076e+05
2.842e-01 7.914e+04
2.629e-01 1.053e+05
2.580e-01 1.146e+05
2.577e-01 1.166e+05
2.571e-01 1.151e+05
2.620e-01 1.106e+05
2.556e-01 1.117e+05
2.527e-01 1.191e+05
2.708e-01 1.021e+05
2.559e-01 1.163e+05
2.536e-01 1.208e+05
2.693e-01 9.034e+04
2.537e-01 1.205e+05
2.568e-01 1.177e+05
2.535e-01 1.187e+05
2.628e-01 1.121e+05
2.606e-01 1.111e+05
2.600e-01 1.111e+05
2.615e-01 1.134e+05
2.629e-01 1.115e+05
2.545e-01 1.148e+05
2.608e-01 1.103e+05
2.675e-01 1.034e+05
2.521e-01 1.187e+05
2.565e-01 1.139e+05
2.582e-01 1.079e+05
2.574e-01 1.149e+05
2.596e-01 1.127e+05
2.572e-01 1.157e+05
2.556e-01 1.166e+05
2.599e-01 1.115e+05
2.573e-01 1.124e+05
2.557e-01 1.150e+05
2.851e-01 7.907e+04
2.607e-01 1.109e+05
2.788e-01 8.297e+04
2.555e-01 1.159e+05
2.556e-01 1.188e+05
2.536e-01 1.196e+05
2.645e-01 1.072e+05
2.599e-01 1.122e+05
2.562e-01 1.162e+05
2.558e-01 1.148e+05
2.561e-01 1.187e+05
2.592e-01 1.129e+05
2.571e-01 1.138e+05
2.550e-01 1.118e+05
2.582e-01 1.029e+05
2.586e-01 1.141e+05
2.546e-01 1.139e+05
2.555e-01 1.193e+05
2.580e-01 1.132e+05
2.576e-01 1.088e+05
2.577e-01 1.159e+05
2.581e-01 1.114e+05
2.745e-01 8.996e+04
2.557e-01 1.158e+05
2.607e-01 1.125e+05
2.589e-01 1.089e+05
2.556e-01 1.128e+05
2.569e-01 1.066e+05
2.595e-01 1.095e+05
2.552e-01 1.160e+05
2.754e-01 9.409e+04
2.595e-01 1.041e+05
2.596e-01 1.096e+05
2.568e-01 1.145e+05
2.591e-01 1.125e+05
2.537e-01 1.187e+05
2.533e-01 1.169e+05
2.550e-01 1.175e+05
2.571e-01 1.154e+05
2.599e-01 1.105e+05
2.744e-01 9.354e+04
2.580e-01 1.136e+05
2.568e-01 1.129e+05
2.539e-01 1.163e+05
2.540e-01 1.147e+05
2.582e-01 1.157e+05
2.550e-01 1.097e+05
2.567e-01 1.105e+05
2.588e-01 1.061e+05
2.552e-01 1.133e+05
2.580e-01 1.125e+05
2.574e-01 1.143e+05
2.590e-01 1.118e+05
2.642e-01 1.099e+05
2.580e-01 1.099e+05
2.585e-01 1.115e+05
2.581e-01 1.171e+05
2.610e-01 1.073e+05
2.581e-01 1.138e+05
2.560e-01 1.165e+05
2.556e-01 1.137e+05
2.624e-01 1.104e+05
2.639e-01 1.070e+05
2.542e-01 1.142e+05
2.553e-01 1.151e+05
2.605e-01 1.073e+05
2.583e-01 1.162e+05
2.545e-01 1.131e+05
2.536e-01 1.165e+05
2.587e-01 1.132e+05
2.617e-01 1.132e+05
2.588e-01 1.170e+05
2.815e-01 8.400e+04
2.601e-01 1.100e+05
2.537e-01 1.159e+05
2.581e-01 1.109e+05
2.582e-01 1.130e+05
2.543e-01 1.154e+05
2.852e-01 6.779e+04
2.615e-01 1.134e+05
2.609e-01 1.093e+05
2.568e-01 1.142e+05
2.530e-01 1.159e+05
2.575e-01 1.101e+05
2.572e-01 1.159e+05
2.573e-01 1.107e+05
2.600e-01 1.097e+05
2.562e-01 1.176e+05
2.527e-01 1.148e+05
2.542e-01 1.171e+05
2.569e-01 1.137e+05
2.748e-01 8.987e+04
2.592e-01 1.154e+05
2.582e-01 1.112e+05
2.612e-01 1.134e+05
2.581e-01 1.118e+05
2.585e-01 1.089e+05
2.568e-01 1.145e+05
2.564e-01 1.192e+05
2.676e-01 9.974e+04
2.573e-01 1.139e+05
2.561e-01 1.158e+05
2.552e-01 1.134e+05
2.564e-01 1.134e+05
2.634e-01 1.082e+05
2.590e-01 1.095e+05
2.562e-01 1.156e+05
2.568e-01 1.049e+05
2.562e-01 1.182e+05
2.542e-01 1.140e+05
2.580e-01 1.112e+05
2.557e-01 1.156e+05
2.609e-01 1.126e+05
2.603e-01 1.132e+05
2.598e-01 1.084e+05
2.573e-01 1.109e+05
2.820e-01 7.573e+04
2.549e-01 1.132e+05
2.535e-01 1.142e+05
2.522e-01 1.185e+05
2.596e-01 1.114e+05
2.542e-01 1.151e+05
2.570e-01 1.163e+05
2.665e-01 1.057e+05
2.606e-01 1.076e+05
2.584e-01 1.123e+05
2.612e-01 1.101e+05
2.565e-01 1.162e+05
2.603e-01 1.078e+05
2.815e-01 8.608e+04
2.553e-01 1.174e+05
2.536e-01 1.152e+05
2.622e-01 1.038e+05
2.586e-01 1.081e+05
2.637e-01 1.071e+05
2.591e-01 1.114e+05
2.579e-01 1.131e+05
2.578e-01 1.132e+05
2.541e-01 1.167e+05
2.561e-01 1.153e+05
2.574e-01 1.149e+05
2.571e-01 1.140e+05
2.515e-01 1.203e+05
2.598e-01 1.115e+05
2.588e-01 1.129e+05
2.570e-01 1.127e+05
2.558e-01 1.135e+05
2.576e-01 1.142e+05
2.579e-01 1.129e+05
2.566e-01 1.145e+05
2.528e-01 1.173e+05
2.575e-01 1.168e+05
2.588e-01 1.151e+05
2.534e-01 1.214e+05
2.583e-01 1.148e+05
2.746e-01 9.121e+04
2.560e-01 1.156e+05
2.764e-01 8.917e+04
2.521e-01 1.196e+05
2.657e-01 1.093e+05
2.597e-01 1.062e+05
2.539e-01 1.206e+05
2.568e-01 1.134e+05
2.606e-01 1.090e+05
2.685e-01 9.137e+04
2.576e-01 1.146e+05
2.567e-01 1.121e+05
2.614e-01 1.137e+05
2.566e-01 1.110e+05
2.612e-01 1.115e+05
2.593e-01 1.126e+05
2.581e-01 1.092e+05
2.602e-01 1.078e+05
2.917e-01 7.376e+04
2.576e-01 1.099e+05
2.573e-01 1.123e+05
2.687e-01 8.756e+04
2.551e-01 1.174e+05
2.558e-01 1.124e+05
2.671e-01 1.077e+05
2.577e-01 1.144e+05
2.584e-01 1.088e+05
2.607e-01 1.052e+05
2.617e-01 1.107e+05
2.593e-01 1.155e+05
2.863e-01 7.058e+04
2.581e-01 1.132e+05
2.585e-01 1.150e+05
2.578e-01 1.106e+05
2.585e-01 1.125e+05
2.730e-01 7.781e+04
2.553e-01 1.132e+05
2.598e-01 1.134e+05
2.554e-01 1.181e+05
2.622e-01 1.105e+05
2.643e-01 1.003e+05
2.580e-01 1.151e+05
2.553e-01 1.145e+05
2.606e-01 1.097e+05
2.536e-01 1.176e+05
2.553e-01 1.083e+05
2.626e-01 1.115e+05
2.545e-01 1.162e+05
2.543e-01 1.158e+05
2.587e-01 1.134e+05
2.550e-01 1.131e+05
2.599e-01 1.153e+05
2.539e-01 1.156e+05
2.573e-01 1.129e+05
2.599e-01 1.148e+05
2.581e-01 1.143e+05
2.531e-01 1.188e+05
2.572e-01 1.114e+05
2.621e-01 1.025e+05
2.736e-01 9.546e+04
2.570e-01 1.100e+05
2.549e-01 1.171e+05
2.684e-01 1.017e+05
2.543e-01 1.164e+05
2.630e-01 1.120e+05
2.594e-01 1.099e+05
2.584e-01 1.144e+05
2.538e-01 1.191e+05
2.901e-01 7.121e+04
2.581e-01 1.050e+05
2.576e-01 1.149e+05
2.583e-01 1.069e+05
2.610e-01 1.072e+05
2.614e-01 1.142e+05
2.592e-01 1.096e+05
2.596e-01 1.147e+05
2.575e-01 1.131e+05
2.597e-01 1.111e+05
2.557e-01 1.133e+05
2.602e-01 1.101e+05
2.596e-01 1.118e+05
2.539e-01 1.168e+05
2.621e-01 1.071e+05
2.658e-01 9.960e+04
2.554e-01 1.155e+05
2.636e-01 1.085e+05
2.554e-01 1.146e+05
2.594e-01 1.106e+05
2.617e-01 1.067e+05
2.594e-01 1.127e+05
2.588e-01 1.091e+05
2.601e-01 1.115e+05
2.533e-01 1.151e+05
2.570e-01 1.137e+05
2.589e-01 1.120e+05
2.561e-01 1.146e+05
2.600e-01 1.122e+05
2.573e-01 1.124e+05
2.543e-01 1.191e+05
2.580e-01 1.103e+05
2.647e-01 1.094e+05
2.587e-01 1.145e+05
2.530e-01 1.165e+05
2.573e-01 1.147e+05
2.572e-01 1.097e+05
2.553e-01 1.127e+05
2.554e-01 1.159e+05
2.604e-01 1.152e+05
2.525e-01 1.150e+05
2.520e-01 1.198e+05
2.609e-01 1.078e+05
2.583e-01 1.112e+05
2.609e-01 1.093e+05
2.585e-01 1.063e+05
2.610e-01 1.094e+05
2.805e-01 7.968e+04
2.585e-01 1.151e+05
2.544e-01 1.143e+05
2.595e-01 1.132e+05
2.560e-01 1.138e+05
2.526e-01 1.189e+05
2.586e-01 1.077e+05
2.521e-01 1.153e+05
2.517e-01 1.189e+05
2.562e-01 1.158e+05
2.564e-01 1.105e+05
2.561e-01 1.097e+05
2.597e-01 1.148e+05
2.594e-01 1.054e+05
2.777e-01 8.068e+04
2.606e-01 1.119e+05
2.515e-01 1.198e+05
2.542e-01 1.170e+05
2.656e-01 1.011e+05
2.537e-01 1.161e+05
2.587e-01 1.126e+05
2.582e-01 1.124e+05
2.735e-01 8.233e+04
2.646e-01 1.087e+05
2.544e-01 1.137e+05
2.535e-01 1.124e+05
2.546e-01 1.144e+05
2.604e-01 1.149e+05
2.541e-01 1.175e+05
2.569e-01 1.147e+05
2.587e-01 1.091e+05
2.554e-01 1.175e+05
2.588e-01 1.104e+05
2.592e-01 1.145e+05
2.584e-01 1.120e+05
2.810e-01 8.021e+04
2.566e-01 1.162e+05
2.620e-01 1.127e+05
2.540e-01 1.159e+05
2.710e-01 8.564e+04
2.598e-01 1.081e+05
2.582e-01 1.146e+05
2.547e-01 1.133e+05
2.601e-01 1.082e+05
2.583e-01 1.163e+05
2.562e-01 1.112e+05
2.547e-01 1.137e+05
2.591e-01 1.079e+05
2.606e-01 1.148e+05
2.575e-01 1.159e+05
2.601e-01 1.110e+05
2.589e-01 1.123e+05
2.616e-01 1.088e+05
2.577e-01 1.088e+05
2.561e-01 1.158e+05
2.582e-01 1.072e+05
2.560e-01 1.136e+05
2.537e-01 1.151e+05
2.602e-01 1.091e+05
2.560e-01 1.160e+05
2.750e-01 8.269e+04
2.567e-01 1.139e+05
2.668e-01 1.037e+05
2.583e-01 1.131e+05
2.556e-01 1.139e+05
2.601e-01 1.113e+05
2.519e-01 1.136e+05
2.564e-01 1.129e+05
2.581e-01 1.127e+05
2.563e-01 1.134e+05
2.618e-01 1.096e+05
2.622e-01 1.115e+05
2.637e-01 1.089e+05
2.589e-01 1.081e+05
2.536e-01 1.138e+05
2.684e-01 1.012e+05
2.593e-01 1.117e+05
2.592e-01 1.129e+05
2.595e-01 1.126e+05
2.554e-01 1.166e+05
2.669e-01 1.024e+05
2.528e-01 1.158e+05
2.663e-01 1.059e+05
2.582e-01 1.125e+05
2.551e-01 1.176e+05
2.582e-01 1.078e+05
2.556e-01 1.151e+05
2.670e-01 1.048e+05
2.610e-01 1.095e+05
2.565e-01 1.145e+05
2.553e-01 1.108e+05
2.594e-01 1.123e+05
2.591e-01 1.138e+05
2.545e-01 1.147e+05
2.609e-01 1.115e+05
2.554e-01 1.135e+05
2.580e-01 1.100e+05
2.557e-01 1.189e+05
2.877e-01 7.160e+04
2.587e-01 1.129e+05
2.537e-01 1.143e+05
2.582e-01 1.135e+05
2.541e-01 1.155e+05
2.616e-01 1.102e+05
2.530e-01 1.166e+05
2.553e-01 1.169e+05
2.573e-01 1.120e+05
2.796e-01 8.546e+04
2.541e-01 1.162e+05
2.859e-01 7.690e+04
2.567e-01 1.154e+05
2.519e-01 1.158e+05
2.565e-01 1.184e+05
2.636e-01 1.048e+05
2.581e-01 1.076e+05
2.622e-01 1.107e+05
2.583e-01 1.086e+05
2.558e-01 1.105e+05
2.550e-01 1.158e+05
2.575e-01 1.165e+05
2.564e-01 1.149e+05
2.588e-01 1.153e+05
2.553e-01 1.112e+05
2.567e-01 1.133e+05
2.597e-01 1.101e+05
2.589e-01 1.104e+05
2.753e-01 8.146e+04
2.557e-01 1.149e+05
2.579e-01 1.137e+05
2.569e-01 1.145e+05
2.756e-01 9.006e+04
2.566e-01 1.114e+05
2.563e-01 1.123e+05
2.576e-01 1.051e+05
2.634e-01 1.108e+05
2.661e-01 9.684e+04
2.601e-01 1.088e+05
2.629e-01 1.097e+05
2.605e-01 1.096e+05
2.732e-01 8.242e+04
2.588e-01 1.116e+05
2.663e-01 9.742e+04
2.586e-01 1.129e+05
2.654e-01 1.094e+05
2.554e-01 1.164e+05
2.524e-01 1.190e+05
2.617e-01 1.058e+05
2.625e-01 1.082e+05
2.625e-01 1.104e+05
2.642e-01 1.058e+05
2.581e-01 1.142e+05
2.594e-01 1.088e+05
2.581e-01 1.158e+05
2.567e-01 1.166e+05
2.598e-01 1.105e+05
2.630e-01 1.011e+05
2.540e-01 1.180e+05
2.576e-01 1.133e+05
2.559e-01 1.182e+05
2.657e-01 9.614e+04
2.534e-01 1.158e+05
2.597e-01 1.133e+05
2.573e-01 1.142e+05
2.919e-01 7.687e+04
2.648e-01 1.075e+05
2.617e-01 1.059e+05
2.573e-01 1.163e+05
2.609e-01 1.105e+05
2.587e-01 1.129e+05
2.591e-01 1.121e+05
2.590e-01 1.042e+05
2.565e-01 1.153e+05
2.601e-01 1.112e+05
2.530e-01 1.158e+05
2.608e-01 1.103e+05
2.545e-01 1.127e+05
2.860e-01 7.897e+04
2.652e-01 1.028e+05
2.823e-01 7.432e+04
2.597e-01 1.078e+05
2.620e-01 1.042e+05
2.577e-01 1.134e+05
2.601e-01 1.124e+05
2.576e-01 1.119e+05
2.551e-01 1.118e+05
2.609e-01 1.112e+05
2.616e-01 1.091e+05
2.582e-01 1.102e+05
2.621e-01 1.081e+05
2.585e-01 1.102e+05
2.555e-01 1.151e+05
2.568e-01 1.097e+05
2.567e-01 1.125e+05
2.545e-01 1.131e+05
2.602e-01 1.113e+05
2.527e-01 1.176e+05
2.525e-01 1.172e+05
2.580e-01 1.158e+05
2.655e-01 1.034e+05
2.633e-01 1.081e+05
2.551e-01 1.096e+05
2.592e-01 1.107e+05
2.615e-01 1.118e+05
2.575e-01 1.122e+05
2.652e-01 1.023e+05
2.602e-01 1.113e+05
2.580e-01 1.149e+05
2.571e-01 1.143e+05
2.562e-01 1.160e+05
2.953e-01 6.855e+04
2.576e-01 1.100e+05
2.560e-01 1.189e+05
2.592e-01 1.053e+05
2.543e-01 1.142e+05
2.620e-01 1.118e+05
2.556e-01 1.184e+05
2.545e-01 1.119e+05
2.584e-01 1.131e+05
2.542e-01 1.149e+05
2.614e-01 1.087e+05
2.550e-01 1.149e+05
2.557e-01 1.165e+05
2.574e-01 1.163e+05
2.579e-01 1.116e+05
2.675e-01 1.039e+05
2.522e-01 1.146e+05
2.545e-01 1.198e+05
2.549e-01 1.188e+05
2.593e-01 1.088e+05
2.591e-01 1.162e+05
2.574e-01 1.122e+05
2.621e-01 1.113e+05
2.616e-01 1.085e+05
2.563e-01 1.135e+05
2.571e-01 1.140e+05
2.592e-01 1.089e+05
2.647e-01 1.101e+05
2.576e-01 1.096e+05
2.612e-01 1.118e+05
2.550e-01 1.155e+05
2.611e-01 1.102e+05
2.538e-01 1.163e+05
2.545e-01 1.194e+05
2.600e-01 1.058e+05
2.585e-01 1.081e+05
2.591e-01 1.122e+05
2.537e-01 1.153e+05
2.653e-01 1.048e+05
2.553e-01 1.172e+05
2.623e-01 1.115e+05
2.524e-01 1.198e+05
2.831e-01 7.658e+04
2.603e-01 1.109e+05
2.534e-01 1.150e+05
2.545e-01 1.164e+05
2.572e-01 1.143e+05
2.565e-01 1.090e+05
2.585e-01 1.121e+05
2.714e-01 8.212e+04
2.637e-01 1.083e+05
2.545e-01 1.167e+05
2.547e-01 1.169e+05
2.559e-01 1.147e+05
2.550e-01 1.106e+05
2.604e-01 1.052e+05
2.524e-01 1.186e+05
2.611e-01 1.102e+05
2.604e-01 1.124e+05
2.602e-01 1.000e+05
2.566e-01 1.157e+05
2.566e-01 1.127e+05
2.523e-01 1.188e+05
2.580e-01 1.062e+05
2.543e-01 1.161e+05
2.628e-01 1.045e+05
2.553e-01 1.141e+05
2.703e-01 9.289e+04
2.591e-01 1.105e+05
2.586e-01 1.097e+05
2.525e-01 1.177e+05
2.785e-01 7.792e+04
2.844e-01 7.922e+04
2.622e-01 1.053e+05
2.603e-01 1.139e+05
2.569e-01 1.105e+05
2.575e-01 1.146e+05
2.579e-01 1.087e+05
2.579e-01 1.118e+05
2.616e-01 1.042e+05
2.572e-01 1.111e+05
2.569e-01 1.102e+05
2.582e-01 1.172e+05
2.521e-01 1.184e+05
2.558e-01 1.129e+05
2.613e-01 1.135e+05
2.565e-01 1.110e+05
2.580e-01 1.165e+05
2.513e-01 1.175e+05
2.620e-01 1.102e+05
2.582e-01 1.097e+05
2.723e-01 8.641e+04
2.640e-01 1.103e+05
2.577e-01 1.096e+05
2.583e-01 1.073e+05
2.548e-01 1.198e+05
2.527e-01 1.130e+05
2.570e-01 1.147e+05
2.559e-01 1.151e+05
2.541e-01 1.154e+05
2.569e-01 1.122e+05
2.738e-01 8.940e+04
2.632e-01 1.110e+05
2.622e-01 1.102e+05
2.567e-01 1.127e+05
2.574e-01 1.137e+05
2.554e-01 1.106e+05
2.578e-01 1.157e+05
2.616e-01 1.100e+05
2.839e-01 8.594e+04
2.553e-01 1.175e+05
2.607e-01 1.090e+05
2.600e-01 1.098e+05
2.561e-01 1.146e+05
2.548e-01 1.118e+05
2.575e-01 1.108e+05
2.566e-01 1.146e+05
2.618e-01 1.109e+05
2.671e-01 1.053e+05
2.565e-01 1.115e+05
2.564e-01 1.125e+05
2.792e-01 7.629e+04
2.565e-01 1.133e+05
2.585e-01 1.135e+05
2.590e-01 1.114e+05
2.660e-01 1.045e+05
2.599e-01 1.087e+05
2.591e-01 1.109e+05
2.560e-01 1.128e+05
2.580e-01 1.108e+05
2.627e-01 1.095e+05
2.597e-01 1.109e+05
2.609e-01 1.051e+05
2.804e-01 8.671e+04
2.591e-01 1.094e+05
2.534e-01 1.125e+05
2.577e-01 1.120e+05
2.565e-01 1.140e+05
2.600e-01 1.091e+05
2.552e-01 1.097e+05
2.529e-01 1.115e+05
2.590e-01 1.119e+05
2.560e-01 1.157e+05
2.553e-01 1.143e+05
2.578e-01 1.143e+05
2.573e-01 1.127e+05
2.719e-01 9.454e+04
2.567e-01 1.164e+05
2.578e-01 1.097e+05
2.635e-01 1.069e+05
2.571e-01 1.132e+05
2.562e-01 1.150e+05
2.847e-01 7.670e+04
2.733e-01 8.895e+04
2.601e-01 1.108e+05
2.578e-01 1.129e+05
2.577e-01 1.140e+05
2.560e-01 1.153e+05
2.520e-01 1.178e+05
2.928e-01 6.807e+04
2.654e-01 1.030e+05
2.616e-01 1.042e+05
2.598e-01 1.096e+05
2.580e-01 1.135e+05
2.615e-01 1.099e+05
2.595e-01 1.099e+05
2.569e-01 1.149e+05
2.679e-01 1.059e+05
2.581e-01 1.111e+05
2.558e-01 1.111e+05
2.569e-01 1.068e+05
2.560e-01 1.124e+05
2.864e-01 7.150e+04
2.552e-01 1.158e+05
2.592e-01 1.143e+05
2.581e-01 1.129e+05
2.573e-01 1.054e+05
2.569e-01 1.061e+05
2.569e-01 1.106e+05
2.540e-01 1.199e+05
2.558e-01 1.162e+05
2.585e-01 1.131e+05
2.557e-01 1.164e+05
2.586e-01 1.133e+05
2.535e-01 1.195e+05
2.605e-01 1.118e+05
2.564e-01 1.105e+05
2.617e-01 1.047e+05
2.614e-01 1.097e+05
2.577e-01 1.113e+05
2.562e-01 1.083e+05
2.565e-01 1.136e+05
2.556e-01 1.180e+05
2.741e-01 8.476e+04
2.523e-01 1.190e+05
2.560e-01 1.183e+05
2.573e-01 1.159e+05
2.591e-01 1.094e+05
2.562e-01 1.163e+05
2.653e-01 1.079e+05
2.638e-01 1.051e+05
2.560e-01 1.126e+05
2.631e-01 1.107e+05
2.604e-01 1.100e+05
2.578e-01 1.133e+05
2.582e-01 1.109e+05
2.558e-01 1.156e+05
2.566e-01 1.085e+05
2.565e-01 1.150e+05
2.532e-01 1.188e+05
2.606e-01 1.083e+05
2.683e-01 9.929e+04
2.566e-01 1.169e+05
2.577e-01 1.090e+05
2.573e-01 1.155e+05
2.563e-01 1.144e+05
2.527e-01 1.168e+05
2.573e-01 1.161e+05
2.831e-01 8.286e+04
2.588e-01 1.100e+05
2.574e-01 1.144e+05
2.618e-01 1.135e+05
2.528e-01 1.199e+05
2.555e-01 1.199e+05
2.561e-01 1.139e+05
2.641e-01 9.812e+04
2.625e-01 1.052e+05
2.590e-01 1.114e+05
2.568e-01 1.131e+05
2.556e-01 1.137e+05
2.859e-01 8.401e+04
2.534e-01 1.166e+05
2.595e-01 1.154e+05
2.684e-01 9.555e+04
2.637e-01 9.883e+04
2.570e-01 1.159e+05
2.521e-01 1.168e+05
2.562e-01 1.139e+05
2.790e-01 8.131e+04
2.773e-01 8.873e+04
2.590e-01 1.132e+05
2.627e-01 1.047e+05
2.580e-01 1.133e+05
2.582e-01 1.113e+05
2.587e-01 1.143e+05
2.601e-01 1.109e+05
2.536e-01 1.151e+05
2.569e-01 1.148e+05
2.568e-01 1.153e+05
2.590e-01 1.173e+05
2.607e-01 1.089e+05
2.586e-01 1.125e+05
2.552e-01 1.187e+05
2.574e-01 1.156e+05
2.563e-01 1.145e+05
2.546e-01 1.129e+05
2.584e-01 1.107e+05
2.577e-01 1.147e+05
2.560e-01 1.123e+05
2.863e-01 6.769e+04
2.581e-01 1.174e+05
2.525e-01 1.169e+05
2.573e-01 1.161e+05
2.526e-01 1.166e+05
2.562e-01 1.158e+05
2.553e-01 1.159e+05
2.550e-01 1.105e+05
2.613e-01 1.090e+05
2.592e-01 1.130e+05
2.602e-01 1.097e+05
2.581e-01 1.038e+05
2.612e-01 1.097e+05
2.564e-01 1.176e+05
2.583e-01 1.113e+05
2.615e-01 1.037e+05
2.555e-01 1.088e+05
2.534e-01 1.193e+05
2.559e-01 1.144e+05
2.551e-01 1.158e+05
2.558e-01 1.158e+05
2.613e-01 1.106e+05
2.540e-01 1.155e+05
2.530e-01 1.150e+05
2.815e-01 7.604e+04
2.573e-01 1.107e+05
2.527e-01 1.168e+05
2.529e-01 1.122e+05
2.559e-01 1.141e+05
2.546e-01 1.164e+05
2.589e-01 1.124e+05
2.568e-01 1.144e+05
2.562e-01 1.130e+05
2.590e-01 1.113e+05
2.547e-01 1.169e+05
2.558e-01 1.147e+05
2.590e-01 1.079e+05
2.569e-01 1.125e+05
