2.502e-01 9.875e+04
2.338e-01 1.211e+05
2.387e-01 1.083e+05
2.325e-01 1.235e+05
2.339e-01 1.174e+05
2.370e-01 1.155e+05
2.384e-01 1.166e+05
2.360e-01 1.208e+05
2.423e-01 1.106e+05
2.365e-01 1.214e+05
2.447e-01 1.151e+05
2.444e-01 1.108e+05
2.361e-01 1.149e+05
2.374e-01 1.202e+05
2.363e-01 1.204e+05
2.447e-01 1.135e+05
2.407e-01 1.140e+05
2.383e-01 1.194e+05
2.332e-01 1.218e+05
2.360e-01 1.227e+05
2.339e-01 1.208e+05
2.372e-01 1.203e+05
2.391e-01 1.210e+05
2.387e-01 1.104e+05
2.418e-01 1.028e+05
2.364e-01 1.191e+05
2.411e-01 1.133e+05
2.436e-01 1.160e+05
2.652e-01 8.624e+04
2.431e-01 1.094e+05
2.420e-01 1.126e+05
2.366e-01 1.213e+05
2.405e-01 1.150e+05
2.408e-01 1.146e+05
2.390e-01 1.182e+05
2.373e-01 1.126e+05
2.435e-01 1.114e+05
2.462e-01 9.964e+04
2.442e-01 1.120e+05
2.422e-01 1.145e+05
2.380e-01 1.170e+05
2.373e-01 1.128e+05
2.394e-01 1.156e+05
2.380e-01 1.180e+05
2.487e-01 1.087e+05
2.417e-01 1.149e+05
2.375e-01 1.173e+05
2.402e-01 1.195e+05
2.376e-01 1.177e+05
2.392e-01 1.142e+05
2.424e-01 1.123e+05
2.364e-01 1.180e+05
2.372e-01 1.205e+05
2.340e-01 1.242e+05
2.398e-01 1.123e+05
2.746e-01 7.139e+04
2.381e-01 1.199e+05
2.424e-01 1.113e+05
2.381e-01 1.190e+05
2.428e-01 1.144e+05
2.522e-01 9.360e+04
2.413e-01 1.123e+05
2.417e-01 1.168e+05
2.392e-01 1.135e+05
2.370e-01 1.212e+05
2.414e-01 1.137e+05
2.366e-01 1.166e+05
2.388e-01 1.168e+05
2.331e-01 1.234e+05
2.342e-01 1.221e+05
2.398e-01 1.164e+05
2.393e-01 1.157e+05
2.363e-01 1.195e+05
2.362e-01 1.187e+05
2.380e-01 1.178e+05
2.396e-01 1.153e+05
2.344e-01 1.226e+05
2.378e-01 1.179e+05
2.398e-01 1.172e+05
2.401e-01 1.179e+05
2.381e-01 1.185e+05
2.399e-01 1.168e+05
2.356e-01 1.177e+05
2.378e-01 1.165e+05
2.381e-01 1.188e+05
2.406e-01 1.147e+05
2.403e-01 1.168e+05
2.385e-01 1.160e+05
2.412e-01 1.059e+05
2.426e-01 1.110e+05
2.397e-01 1.202e+05
2.328e-01 1.234e+05
2.394e-01 1.106e+05
2.555e-01 9.485e+04
2.546e-01 1.037e+05
2.400e-01 1.124e+05
2.393e-01 1.146e+05
2.411e-01 1.155e+05
2.413e-01 1.174e+05
2.379e-01 1.160e+05
2.396e-01 1.161e+05
2.496e-01 9.249e+04
2.338e-01 1.185e+05
2.381e-01 1.215e+05
2.425e-01 1.133e+05
2.647e-01 7.451e+04
2.361e-01 1.189e+05
2.390e-01 1.157e+05
2.358e-01 1.202e+05
2.414e-01 1.180e+05
2.388e-01 1.158e+05
2.442e-01 1.080e+05
2.389e-01 1.213e+05
2.375e-01 1.228e+05
2.391e-01 1.181e+05
2.467e-01 9.813e+04
2.619e-01 8.979e+04
2.417e-01 1.161e+05
2.398e-01 1.147e+05
2.422e-01 1.042e+05
2.333e-01 1.214e+05
2.378e-01 1.209e+05
2.401e-01 1.148e+05
2.638e-01 7.053e+04
2.428e-01 1.154e+05
2.357e-01 1.160e+05
2.424e-01 1.123e+05
2.373e-01 1.152e+05
2.367e-01 1.220e+05
2.365e-01 1.206e+05
2.405e-01 1.166e+05
2.392e-01 1.175e+05
2.388e-01 1.155e+05
2.356e-01 1.213e+05
2.387e-01 1.189e+05
2.398e-01 1.081e+05
2.376e-01 1.183e+05
2.351e-01 1.240e+05
2.418e-01 1.127e+05
2.416e-01 1.185e+05
2.337e-01 1.227e+05
2.361e-01 1.229e+05
2.355e-01 1.153e+05
2.346e-01 1.229e+05
2.342e-01 1.253e+05
2.348e-01 1.197e+05
2.412e-01 1.186e+05
2.372e-01 1.157e+05
2.396e-01 1.104e+05
2.385e-01 1.213e+05
2.354e-01 1.251e+05
2.416e-01 1.116e+05
2.453e-01 1.048e+05
2.438e-01 1.145e+05
2.381e-01 1.144e+05
2.347e-01 1.249e+05
2.354e-01 1.250e+05
2.392e-01 1.190e+05
2.377e-01 1.230e+05
2.387e-01 1.171e+05
2.370e-01 1.172e+05
2.444e-01 1.149e+05
2.360e-01 1.203e+05
2.518e-01 1.047e+05
2.339e-01 1.169e+05
2.373e-01 1.191e+05
2.556e-01 9.123e+04
2.381e-01 1.154e+05
2.345e-01 1.216e+05
2.616e-01 8.279e+04
2.514e-01 8.699e+04
2.400e-01 1.184e+05
2.383e-01 1.175e+05
2.428e-01 1.149e+05
2.365e-01 1.192e+05
2.410e-01 1.154e+05
2.459e-01 1.106e+05
2.354e-01 1.220e+05
2.366e-01 1.145e+05
2.402e-01 1.154e+05
2.369e-01 1.197e+05
2.418e-01 1.133e+05
2.381e-01 1.197e+05
2.389e-01 1.179e+05
2.507e-01 1.046e+05
2.344e-01 1.225e+05
2.411e-01 1.147e+05
2.383e-01 1.200e+05
2.412e-01 1.145e+05
2.438e-01 1.148e+05
2.394e-01 1.167e+05
2.427e-01 1.115e+05
2.395e-01 1.169e+05
2.398e-01 1.162e+05
2.378e-01 1.216e+05
2.396e-01 1.138e+05
2.385e-01 1.206e+05
2.379e-01 1.203e+05
2.425e-01 1.108e+05
2.382e-01 1.190e+05
2.406e-01 1.131e+05
2.379e-01 1.142e+05
2.346e-01 1.182e+05
2.455e-01 1.051e+05
2.574e-01 9.385e+04
2.427e-01 1.138e+05
2.624e-01 7.996e+04
2.436e-01 1.122e+05
2.372e-01 1.155e+05
2.399e-01 1.196e+05
2.331e-01 1.230e+05
2.392e-01 1.188e+05
2.422e-01 1.151e+05
2.374e-01 1.167e+05
2.356e-01 1.208e+05
2.345e-01 1.177e+05
2.363e-01 1.190e+05
2.376e-01 1.176e+05
2.423e-01 1.172e+05
2.523e-01 8.920e+04
2.413e-01 1.153e+05
2.441e-01 1.136e+05
2.347e-01 1.229e+05
2.363e-01 1.201e+05
2.410e-01 1.175e+05
2.393e-01 1.184e+05
2.744e-01 7.177e+04
2.384e-01 1.190e+05
2.497e-01 1.076e+05
2.381e-01 1.196e+05
2.377e-01 1.146e+05
2.455e-01 9.208e+04
2.403e-01 1.189e+05
2.371e-01 1.189e+05
2.479e-01 1.042e+05
2.403e-01 1.120e+05
2.628e-01 7.016e+04
2.390e-01 1.165e+05
2.398e-01 1.165e+05
2.345e-01 1.215e+05
2.363e-01 1.198e+05
2.376e-01 1.192e+05
2.397e-01 1.184e+05
2.382e-01 1.167e+05
2.390e-01 1.217e+05
2.400e-01 1.183e+05
2.328e-01 1.219e+05
2.422e-01 1.096e+05
2.405e-01 1.105e+05
2.356e-01 1.193e+05
2.366e-01 1.124e+05
2.364e-01 1.178e+05
2.348e-01 1.181e+05
2.419e-01 1.108e+05
2.357e-01 1.200e+05
2.355e-01 1.182e+05
2.396e-01 1.148e+05
2.409e-01 1.150e+05
2.369e-01 1.184e+05
2.409e-01 1.190e+05
2.422e-01 1.164e+05
2.339e-01 1.210e+05
2.397e-01 1.180e+05
2.376e-01 1.179e+05
2.356e-01 1.175e+05
2.381e-01 1.134e+05
2.429e-01 1.156e+05
2.362e-01 1.182e+05
2.396e-01 1.151e+05
2.391e-01 1.183e+05
2.380e-01 1.062e+05
2.425e-01 1.089e+05
2.402e-01 1.191e+05
2.393e-01 1.120e+05
2.402e-01 1.152e+05
2.395e-01 1.167e+05
2.396e-01 1.167e+05
2.387e-01 1.173e+05
2.377e-01 1.200e+05
2.373e-01 1.202e+05
2.344e-01 1.189e+05
2.365e-01 1.132e+05
2.385e-01 1.217e+05
2.382e-01 1.193e+05
2.506e-01 9.686e+04
2.377e-01 1.146e+05
2.375e-01 1.184e+05
2.684e-01 6.864e+04
2.451e-01 1.093e+05
2.373e-01 1.126e+05
2.360e-01 1.245e+05
2.346e-01 1.210e+05
2.383e-01 1.167e+05
2.377e-01 1.164e+05
2.351e-01 1.189e+05
2.352e-01 1.214e+05
2.574e-01 8.562e+04
2.615e-01 7.619e+04
2.382e-01 1.194e+05
2.687e-01 7.683e+04
2.390e-01 1.141e+05
2.414e-01 1.177e+05
2.367e-01 1.159e+05
2.334e-01 1.204e+05
2.391e-01 1.206e+05
2.579e-01 7.335e+04
2.354e-01 1.215e+05
2.384e-01 1.187e+05
2.356e-01 1.134e+05
2.355e-01 1.192e+05
2.403e-01 1.133e+05
2.366e-01 1.190e+05
2.399e-01 1.149e+05
2.408e-01 1.127e+05
2.442e-01 1.112e+05
2.459e-01 1.059e+05
2.337e-01 1.219e+05
2.377e-01 1.164e+05
2.424e-01 1.003e+05
2.358e-01 1.184e+05
2.368e-01 1.186e+05
2.360e-01 1.176e+05
2.410e-01 1.143e+05
2.351e-01 1.122e+05
2.363e-01 1.185e+05
2.343e-01 1.195e+05
2.670e-01 7.777e+04
2.401e-01 1.189e+05
2.394e-01 1.184e+05
2.337e-01 1.201e+05
2.518e-01 1.050e+05
2.393e-01 1.200e+05
2.758e-01 7.081e+04
2.413e-01 1.137e+05
2.367e-01 1.189e+05
2.365e-01 1.187e+05
2.444e-01 1.117e+05
2.434e-01 1.151e+05
2.527e-01 9.139e+04
2.386e-01 1.212e+05
2.366e-01 1.181e+05
2.405e-01 1.112e+05
2.387e-01 1.143e+05
2.376e-01 1.212e+05
2.399e-01 1.193e+05
2.396e-01 1.182e+05
2.621e-01 8.386e+04
2.566e-01 9.370e+04
2.386e-01 1.143e+05
2.499e-01 1.043e+05
2.359e-01 1.195e+05
2.628e-01 7.727e+04
2.386e-01 1.176e+05
2.390e-01 1.172e+05
2.372e-01 1.229e+05
2.502e-01 1.003e+05
2.347e-01 1.214e+05
2.406e-01 1.130e+05
2.543e-01 8.732e+04
2.409e-01 1.099e+05
2.391e-01 1.162e+05
2.405e-01 1.204e+05
2.414e-01 1.144e+05
2.407e-01 1.195e+05
2.398e-01 1.198e+05
2.416e-01 1.167e+05
2.375e-01 1.199e+05
2.373e-01 1.107e+05
2.419e-01 1.147e+05
2.425e-01 1.104e+05
2.459e-01 1.099e+05
2.377e-01 1.169e+05
2.406e-01 1.181e+05
2.411e-01 1.196e+05
2.361e-01 1.196e+05
2.390e-01 1.210e+05
2.392e-01 1.157e+05
2.433e-01 1.087e+05
2.383e-01 1.159e+05
2.338e-01 1.213e+05
2.370e-01 1.160e+05
2.427e-01 1.148e+05
2.367e-01 1.186e+05
2.387e-01 1.219e+05
2.401e-01 1.107e+05
2.368e-01 1.118e+05
2.367e-01 1.172e+05
2.395e-01 1.202e+05
2.361e-01 1.166e+05
2.378e-01 1.124e+05
2.383e-01 1.190e+05
2.553e-01 8.982e+04
2.578e-01 9.228e+04
2.335e-01 1.206e+05
2.452e-01 1.124e+05
2.415e-01 1.142e+05
2.391e-01 1.169e+05
2.411e-01 1.149e+05
2.387e-01 1.169e+05
2.436e-01 1.083e+05
2.334e-01 1.187e+05
2.408e-01 1.179e+05
2.361e-01 1.163e+05
2.592e-01 9.038e+04
2.380e-01 1.204e+05
2.379e-01 1.199e+05
2.384e-01 1.174e+05
2.401e-01 1.157e+05
2.396e-01 1.166e+05
2.362e-01 1.176e+05
2.369e-01 1.174e+05
2.469e-01 1.109e+05
2.350e-01 1.228e+05
2.378e-01 1.188e+05
2.464e-01 1.131e+05
2.365e-01 1.193e+05
2.374e-01 1.225e+05
2.331e-01 1.223e+05
2.386e-01 1.143e+05
2.333e-01 1.239e+05
2.402e-01 1.189e+05
2.379e-01 1.175e+05
2.370e-01 1.232e+05
2.372e-01 1.200e+05
2.406e-01 1.161e+05
2.340e-01 1.193e+05
2.373e-01 1.160e+05
2.387e-01 1.185e+05
2.397e-01 1.172e+05
2.685e-01 7.701e+04
2.338e-01 1.218e+05
2.380e-01 1.146e+05
2.357e-01 1.212e+05
2.359e-01 1.206e+05
2.361e-01 1.163e+05
2.352e-01 1.224e+05
2.411e-01 1.190e+05
2.397e-01 1.141e+05
2.456e-01 1.004e+05
2.470e-01 1.010e+05
2.364e-01 1.207e+05
2.368e-01 1.159e+05
2.350e-01 1.210e+05
2.398e-01 1.138e+05
2.397e-01 1.183e+05
2.436e-01 1.029e+05
2.593e-01 9.388e+04
2.407e-01 1.160e+05
2.418e-01 1.159e+05
2.388e-01 1.179e+05
2.352e-01 1.144e+05
2.395e-01 1.108e+05
2.351e-01 1.226e+05
2.373e-01 1.208e+05
2.367e-01 1.179e+05
2.414e-01 1.181e+05
2.394e-01 1.198e+05
2.421e-01 1.126e+05
2.457e-01 1.111e+05
2.445e-01 1.133e+05
2.430e-01 1.106e+05
2.594e-01 9.345e+04
2.378e-01 1.157e+05
2.348e-01 1.216e+05
2.403e-01 1.150e+05
2.356e-01 1.187e+05
2.665e-01 8.490e+04
2.345e-01 1.193e+05
2.639e-01 7.363e+04
2.367e-01 1.208e+05
2.559e-01 8.724e+04
2.366e-01 1.195e+05
2.372e-01 1.183e+05
2.404e-01 1.153e+05
2.374e-01 1.173e+05
2.384e-01 1.145e+05
2.356e-01 1.193e+05
2.350e-01 1.207e+05
2.378e-01 1.157e+05
2.400e-01 1.170e+05
2.369e-01 1.224e+05
2.364e-01 1.198e+05
2.401e-01 1.162e+05
2.354e-01 1.219e+05
2.331e-01 1.208e+05
2.347e-01 1.253e+05
2.391e-01 1.210e+05
2.338e-01 1.248e+05
2.356e-01 1.169e+05
2.400e-01 1.195e+05
2.386e-01 1.167e+05
2.382e-01 1.215e+05
2.343e-01 1.162e+05
2.389e-01 1.190e+05
2.400e-01 1.139e+05
2.376e-01 1.176e+05
2.420e-01 1.122e+05
2.661e-01 7.626e+04
2.562e-01 9.418e+04
2.568e-01 9.864e+04
2.408e-01 1.159e+05
2.380e-01 1.165e+05
2.373e-01 1.185e+05
2.402e-01 1.140e+05
2.401e-01 1.188e+05
2.391e-01 1.134e+05
2.333e-01 1.227e+05
2.541e-01 8.598e+04
2.414e-01 1.140e+05
2.417e-01 1.186e+05
2.470e-01 1.099e+05
2.393e-01 1.190e+05
2.390e-01 1.158e+05
2.408e-01 1.114e+05
2.370e-01 1.221e+05
2.409e-01 1.183e+05
2.336e-01 1.207e+05
2.333e-01 1.236e+05
2.407e-01 1.136e+05
2.494e-01 1.018e+05
2.345e-01 1.233e+05
2.400e-01 1.173e+05
2.429e-01 1.131e+05
2.619e-01 7.057e+04
2.366e-01 1.238e+05
2.439e-01 1.126e+05
2.429e-01 1.119e+05
2.413e-01 1.175e+05
2.657e-01 7.352e+04
2.436e-01 1.024e+05
2.424e-01 1.142e+05
2.410e-01 1.113e+05
2.370e-01 1.193e+05
2.380e-01 1.214e+05
2.378e-01 1.187e+05
2.378e-01 1.164e+05
2.377e-01 1.140e+05
2.352e-01 1.154e+05
2.401e-01 1.118e+05
2.369e-01 1.159e+05
2.678e-01 7.462e+04
2.351e-01 1.210e+05
2.475e-01 1.111e+05
2.412e-01 1.129e+05
2.371e-01 1.194e+05
2.402e-01 1.117e+05
2.383e-01 1.176e+05
2.427e-01 1.151e+05
2.355e-01 1.145e+05
2.462e-01 1.055e+05
2.420e-01 1.097e+05
2.383e-01 1.198e+05
2.406e-01 1.158e+05
2.372e-01 1.177e+05
2.392e-01 1.164e+05
2.355e-01 1.194e+05
2.349e-01 1.248e+05
2.326e-01 1.215e+05
2.371e-01 1.225e+05
2.427e-01 1.038e+05
2.351e-01 1.165e+05
2.504e-01 9.979e+04
2.406e-01 1.107e+05
2.416e-01 1.133e+05
2.420e-01 1.129e+05
2.396e-01 1.151e+05
2.415e-01 1.152e+05
2.393e-01 1.163e+05
2.331e-01 1.215e+05
2.498e-01 9.254e+04
2.368e-01 1.191e+05
2.368e-01 1.140e+05
2.386e-01 1.153e+05
2.323e-01 1.218e+05
2.374e-01 1.162e+05
2.369e-01 1.176e+05
2.386e-01 1.151e+05
2.376e-01 1.184e+05
2.481e-01 1.052e+05
2.403e-01 1.157e+05
2.399e-01 1.189e+05
2.422e-01 1.108e+05
2.374e-01 1.169e+05
2.590e-01 8.323e+04
2.339e-01 1.254e+05
2.388e-01 1.192e+05
2.497e-01 1.072e+05
2.358e-01 1.235e+05
2.383e-01 1.186e+05
2.374e-01 1.198e+05
2.455e-01 1.097e+05
2.381e-01 1.162e+05
2.355e-01 1.242e+05
2.374e-01 1.214e+05
2.405e-01 1.154e+05
2.419e-01 1.149e+05
2.404e-01 1.168e+05
2.387e-01 1.204e+05
2.424e-01 1.154e+05
2.350e-01 1.248e+05
2.393e-01 1.178e+05
2.332e-01 1.250e+05
2.414e-01 1.128e+05
2.363e-01 1.168e+05
2.331e-01 1.200e+05
2.471e-01 1.110e+05
2.435e-01 1.136e+05
2.387e-01 1.207e+05
2.364e-01 1.168e+05
2.385e-01 1.203e+05
2.360e-01 1.213e+05
2.406e-01 1.189e+05
2.400e-01 1.148e+05
2.680e-01 7.051e+04
2.390e-01 1.163e+05
2.415e-01 1.158e+05
2.420e-01 1.160e+05
2.681e-01 7.295e+04
2.357e-01 1.212e+05
2.507e-01 9.563e+04
2.369e-01 1.195e+05
2.410e-01 1.145e+05
2.540e-01 8.946e+04
2.435e-01 1.122e+05
2.335e-01 1.207e+05
2.362e-01 1.169e+05
2.375e-01 1.200e+05
2.357e-01 1.220e+05
2.330e-01 1.216e+05
2.382e-01 1.186e+05
2.375e-01 1.197e+05
2.378e-01 1.190e+05
2.350e-01 1.253e+05
2.417e-01 1.158e+05
2.354e-01 1.241e+05
2.393e-01 1.092e+05
2.402e-01 1.173e+05
2.396e-01 1.157e+05
2.382e-01 1.087e+05
2.536e-01 9.677e+04
2.406e-01 1.148e+05
2.421e-01 1.137e+05
2.378e-01 1.228e+05
2.332e-01 1.245e+05
2.432e-01 1.137e+05
2.365e-01 1.197e+05
2.359e-01 1.187e+05
2.357e-01 1.221e+05
2.382e-01 1.129e+05
2.342e-01 1.236e+05
2.358e-01 1.134e+05
2.371e-01 1.209e+05
2.612e-01 8.483e+04
2.392e-01 1.214e+05
2.443e-01 1.134e+05
2.367e-01 1.183e+05
2.421e-01 1.144e+05
2.360e-01 1.184e+05
2.362e-01 1.192e+05
2.357e-01 1.220e+05
2.373e-01 1.179e+05
2.405e-01 1.182e+05
2.394e-01 1.171e+05
2.346e-01 1.198e+05
2.358e-01 1.222e+05
2.416e-01 1.160e+05
2.402e-01 1.105e+05
2.423e-01 1.129e+05
2.378e-01 1.204e+05
2.419e-01 1.183e+05
2.380e-01 1.196e+05
2.346e-01 1.190e+05
2.438e-01 1.151e+05
2.399e-01 1.160e+05
2.366e-01 1.195e+05
2.381e-01 1.191e+05
2.340e-01 1.185e+05
2.362e-01 1.193e+05
2.374e-01 1.198e+05
2.410e-01 1.137e+05
2.389e-01 1.143e+05
2.363e-01 1.213e+05
2.401e-01 1.165e+05
2.373e-01 1.179e+05
2.421e-01 1.155e+05
2.413e-01 1.124e+05
2.407e-01 1.024e+05
2.397e-01 1.152e+05
2.374e-01 1.167e+05
2.493e-01 9.133e+04
2.402e-01 1.120e+05
2.396e-01 1.118e+05
2.605e-01 8.432e+04
2.411e-01 1.171e+05
2.497e-01 1.023e+05
2.398e-01 1.196e+05
2.457e-01 1.127e+05
2.424e-01 1.132e+05
2.358e-01 1.145e+05
2.402e-01 1.146e+05
2.354e-01 1.215e+05
2.410e-01 1.131e+05
2.507e-01 9.440e+04
2.338e-01 1.187e+05
2.397e-01 1.074e+05
2.518e-01 9.794e+04
2.335e-01 1.234e+05
2.404e-01 1.201e+05
2.371e-01 1.150e+05
2.381e-01 1.161e+05
2.402e-01 1.158e+05
2.373e-01 1.177e+05
2.568e-01 9.031e+04
2.345e-01 1.255e+05
2.371e-01 1.199e+05
2.393e-01 1.164e+05
2.405e-01 1.205e+05
2.371e-01 1.233e+05
2.372e-01 1.198e+05
2.356e-01 1.212e+05
2.491e-01 1.066e+05
2.381e-01 1.224e+05
2.373e-01 1.145e+05
2.406e-01 1.171e+05
2.363e-01 1.193e+05
2.377e-01 1.189e+05
2.370e-01 1.151e+05
2.401e-01 1.178e+05
2.423e-01 1.088e+05
2.330e-01 1.225e+05
2.366e-01 1.154e+05
2.432e-01 1.154e+05
2.383e-01 1.175e+05
2.347e-01 1.211e+05
2.403e-01 1.150e+05
2.379e-01 1.150e+05
2.384e-01 1.183e+05
2.397e-01 1.198e+05
2.367e-01 1.204e+05
2.513e-01 9.968e+04
2.387e-01 1.187e+05
2.401e-01 1.203e+05
2.375e-01 1.208e+05
2.492e-01 1.091e+05
2.363e-01 1.201e+05
2.392e-01 1.130e+05
2.441e-01 1.138e+05
2.342e-01 1.243e+05
2.435e-01 1.174e+05
2.428e-01 1.108e+05
2.407e-01 1.129e+05
2.376e-01 1.189e+05
2.343e-01 1.213e+05
2.448e-01 1.094e+05
2.406e-01 1.186e+05
2.409e-01 1.149e+05
2.366e-01 1.192e+05
2.460e-01 1.108e+05
2.538e-01 9.710e+04
2.374e-01 1.161e+05
2.414e-01 1.160e+05
2.350e-01 1.218e+05
2.662e-01 6.829e+04
2.519e-01 9.881e+04
2.390e-01 1.161e+05
2.379e-01 1.159e+05
2.400e-01 1.189e+05
2.421e-01 1.142e+05
2.412e-01 1.176e+05
2.361e-01 1.211e+05
2.376e-01 1.193e+05
2.403e-01 1.148e+05
2.416e-01 1.167e+05
2.362e-01 1.142e+05
2.399e-01 1.205e+05
2.424e-01 1.172e+05
2.357e-01 1.154e+05
2.356e-01 1.158e+05
2.398e-01 1.131e+05
2.364e-01 1.194e+05
2.398e-01 1.192e+05
2.403e-01 1.160e+05
2.433e-01 1.037e+05
2.384e-01 1.109e+05
2.383e-01 1.196e+05
2.376e-01 1.199e+05
2.395e-01 1.098e+05
2.398e-01 1.153e+05
2.397e-01 1.147e+05
2.393e-01 1.148e+05
2.405e-01 1.201e+05
2.409e-01 1.137e+05
2.386e-01 1.157e+05
2.605e-01 8.501e+04
2.382e-01 1.183e+05
2.399e-01 1.165e+05
2.485e-01 1.045e+05
2.357e-01 1.212e+05
2.375e-01 1.175e+05
2.405e-01 1.158e+05
2.434e-01 1.140e+05
2.377e-01 1.178e+05
2.434e-01 1.129e+05
2.383e-01 1.175e+05
2.406e-01 1.156e+05
2.542e-01 1.022e+05
2.526e-01 9.628e+04
2.432e-01 1.114e+05
2.372e-01 1.199e+05
2.348e-01 1.250e+05
2.370e-01 1.182e+05
2.557e-01 8.534e+04
2.342e-01 1.223e+05
2.575e-01 9.669e+04
2.383e-01 1.142e+05
2.674e-01 7.454e+04
2.374e-01 1.218e+05
2.337e-01 1.232e+05
2.510e-01 9.260e+04
2.419e-01 1.107e+05
2.404e-01 1.177e+05
2.404e-01 1.127e+05
2.385e-01 1.218e+05
2.335e-01 1.206e+05
2.392e-01 1.211e+05
2.363e-01 1.162e+05
2.374e-01 1.130e+05
2.424e-01 1.164e+05
2.420e-01 1.112e+05
2.375e-01 1.190e+05
2.375e-01 1.175e+05
2.361e-01 1.210e+05
2.368e-01 1.226e+05
2.391e-01 1.117e+05
2.395e-01 1.155e+05
2.396e-01 1.202e+05
2.394e-01 1.142e+05
2.380e-01 1.189e+05
2.420e-01 1.155e+05
2.357e-01 1.181e+05
2.404e-01 1.135e+05
2.396e-01 1.162e+05
2.365e-01 1.182e+05
2.394e-01 1.188e+05
2.386e-01 1.186e+05
2.382e-01 1.188e+05
2.332e-01 1.251e+05
2.337e-01 1.250e+05
2.400e-01 1.118e+05
2.383e-01 1.146e+05
2.398e-01 1.154e+05
2.396e-01 1.210e+05
2.600e-01 7.507e+04
2.484e-01 1.058e+05
2.410e-01 1.189e+05
2.388e-01 1.170e+05
2.421e-01 1.096e+05
2.349e-01 1.188e+05
2.435e-01 1.074e+05
2.348e-01 1.200e+05
2.406e-01 1.175e+05
2.332e-01 1.230e+05
2.339e-01 1.194e+05
2.442e-01 1.147e+05
2.395e-01 1.157e+05
2.385e-01 1.203e+05
2.382e-01 1.159e+05
2.366e-01 1.219e+05
2.345e-01 1.256e+05
2.377e-01 1.147e+05
2.392e-01 1.148e+05
2.437e-01 1.123e+05
2.376e-01 1.186e+05
2.382e-01 1.191e+05
2.360e-01 1.196e+05
2.463e-01 1.084e+05
2.369e-01 1.167e+05
2.795e-01 6.755e+04
2.426e-01 1.090e+05
2.678e-01 8.042e+04
2.388e-01 1.168e+05
2.387e-01 1.180e+05
2.371e-01 1.183e+05
2.499e-01 1.023e+05
2.593e-01 8.366e+04
2.377e-01 1.226e+05
2.346e-01 1.226e+05
2.416e-01 1.098e+05
2.420e-01 1.150e+05
2.346e-01 1.257e+05
2.553e-01 9.218e+04
2.653e-01 7.329e+04
2.783e-01 7.044e+04
2.421e-01 1.114e+05
2.399e-01 1.188e+05
2.397e-01 1.178e+05
2.354e-01 1.152e+05
2.415e-01 1.125e+05
2.420e-01 1.180e+05
2.372e-01 1.154e+05
2.361e-01 1.200e+05
2.354e-01 1.199e+05
2.392e-01 1.156e+05
2.431e-01 1.138e+05
2.381e-01 1.149e+05
2.362e-01 1.202e+05
2.415e-01 1.141e+05
2.396e-01 1.068e+05
2.419e-01 1.087e+05
2.379e-01 1.176e+05
2.383e-01 1.170e+05
2.420e-01 1.162e+05
2.351e-01 1.205e+05
2.396e-01 1.189e+05
2.404e-01 1.175e+05
2.378e-01 1.184e+05
2.532e-01 9.134e+04
2.367e-01 1.196e+05
2.389e-01 1.157e+05
2.390e-01 1.175e+05
2.373e-01 1.166e+05
2.449e-01 1.072e+05
2.659e-01 7.596e+04
2.449e-01 1.146e+05
2.356e-01 1.162e+05
2.409e-01 1.158e+05
2.363e-01 1.226e+05
2.414e-01 1.166e+05
2.620e-01 7.716e+04
2.383e-01 1.123e+05
2.358e-01 1.207e+05
2.471e-01 1.002e+05
2.359e-01 1.198e+05
2.353e-01 1.179e+05
2.339e-01 1.205e+05
2.373e-01 1.216e+05
2.371e-01 1.095e+05
2.456e-01 1.131e+05
2.352e-01 1.247e+05
2.407e-01 1.145e+05
2.364e-01 1.173e+05
2.415e-01 1.195e+05
2.350e-01 1.231e+05
2.413e-01 1.145e+05
2.426e-01 1.142e+05
2.420e-01 1.130e+05
2.401e-01 1.144e+05
2.422e-01 1.154e+05
2.368e-01 1.182e+05
2.371e-01 1.210e+05
2.351e-01 1.194e+05
2.411e-01 1.152e+05
2.402e-01 1.155e+05
2.361e-01 1.122e+05
2.417e-01 1.149e+05
2.374e-01 1.201e+05
2.370e-01 1.221e+05
2.525e-01 1.011e+05
2.416e-01 1.151e+05
2.374e-01 1.176e+05
2.398e-01 1.149e+05
2.386e-01 1.217e+05
2.692e-01 7.757e+04
2.436e-01 1.117e+05
2.399e-01 1.154e+05
2.662e-01 7.965e+04
2.427e-01 1.134e+05
2.433e-01 1.166e+05
2.361e-01 1.194e+05
2.365e-01 1.195e+05
2.352e-01 1.200e+05
2.373e-01 1.150e+05
2.383e-01 1.193e+05
2.348e-01 1.205e+05
2.361e-01 1.218e+05
2.433e-01 1.150e+05
2.342e-01 1.249e+05
2.336e-01 1.220e+05
2.381e-01 1.154e+05
2.408e-01 1.190e+05
2.389e-01 1.188e+05
2.544e-01 9.062e+04
2.340e-01 1.191e+05
2.405e-01 1.195e+05
2.375e-01 1.180e+05
2.391e-01 1.165e+05
2.367e-01 1.202e+05
2.366e-01 1.184e+05
2.360e-01 1.218e+05
2.380e-01 1.194e+05
2.356e-01 1.210e+05
2.369e-01 1.137e+05
2.335e-01 1.227e+05
2.345e-01 1.212e+05
2.336e-01 1.193e+05
2.429e-01 1.160e+05
2.407e-01 1.145e+05
2.365e-01 1.174e+05
2.383e-01 1.221e+05
2.400e-01 1.163e+05
2.493e-01 1.013e+05
2.387e-01 1.209e+05
2.422e-01 1.090e+05
2.392e-01 1.157e+05
2.356e-01 1.176e+05
2.390e-01 1.167e+05
2.408e-01 1.096e+05
2.395e-01 1.173e+05
2.420e-01 1.119e+05
2.373e-01 1.189e+05
2.364e-01 1.178e+05
2.544e-01 8.576e+04
2.329e-01 1.189e+05
2.463e-01 1.126e+05
2.381e-01 1.178e+05
2.432e-01 1.124e+05
2.351e-01 1.200e+05
2.410e-01 1.119e+05
2.515e-01 9.349e+04
2.436e-01 1.146e+05
2.373e-01 1.178e+05
2.374e-01 1.206e+05
2.399e-01 1.161e+05
2.411e-01 1.151e+05
2.408e-01 1.170e+05
2.390e-01 1.141e+05
2.401e-01 1.159e+05
2.575e-01 9.309e+04
2.548e-01 9.281e+04
2.434e-01 1.156e+05
2.381e-01 1.167e+05
2.425e-01 1.126e+05
2.404e-01 1.164e+05
2.359e-01 1.183e+05
2.406e-01 1.132e+05
2.354e-01 1.190e+05
2.377e-01 1.122e+05
2.422e-01 1.093e+05
2.402e-01 1.102e+05
2.401e-01 1.205e+05
2.362e-01 1.197e+05
2.356e-01 1.235e+05
2.387e-01 1.191e+05
2.351e-01 1.208e+05
2.364e-01 1.205e+05
2.350e-01 1.163e+05
2.388e-01 1.167e+05
2.410e-01 1.165e+05
2.477e-01 1.006e+05
2.378e-01 1.196e+05
2.376e-01 1.183e+05
2.502e-01 9.018e+04
2.406e-01 1.190e+05
2.389e-01 1.184e+05
2.390e-01 1.141e+05
2.358e-01 1.240e+05
2.373e-01 1.193e+05
2.410e-01 1.157e+05
2.443e-01 1.022e+05
2.354e-01 1.170e+05
2.373e-01 1.215e+05
2.367e-01 1.209e+05
2.466e-01 1.114e+05
2.398e-01 1.156e+05
2.381e-01 1.125e+05
2.408e-01 1.113e+05
2.403e-01 1.143e+05
2.403e-01 1.148e+05
2.365e-01 1.199e+05
2.356e-01 1.194e+05
2.377e-01 1.164e+05
2.355e-01 1.199e+05
2.351e-01 1.195e+05
2.383e-01 1.189e+05
2.423e-01 1.145e+05
2.351e-01 1.211e+05
2.440e-01 1.120e+05
2.468e-01 1.112e+05
2.404e-01 1.205e+05
2.343e-01 1.193e+05
2.356e-01 1.151e+05
2.609e-01 8.309e+04
2.369e-01 1.151e+05
2.343e-01 1.182e+05
2.376e-01 1.182e+05
2.330e-01 1.246e+05
2.389e-01 1.169e+05
2.389e-01 1.216e+05
2.341e-01 1.246e+05
2.413e-01 1.157e+05
2.360e-01 1.178e+05
2.368e-01 1.157e+05
2.446e-01 9.356e+04
2.428e-01 1.134e+05
2.387e-01 1.127e+05
2.362e-01 1.190e+05
2.351e-01 1.194e+05
2.417e-01 1.165e+05
2.355e-01 1.206e+05
2.393e-01 1.204e+05
2.352e-01 1.230e+05
2.338e-01 1.206e+05
2.371e-01 1.206e+05
2.411e-01 1.167e+05
2.418e-01 1.156e+05
2.388e-01 1.146e+05
2.384e-01 1.172e+05
2.404e-01 1.188e+05
2.451e-01 1.113e+05
2.337e-01 1.228e+05
2.408e-01 1.163e+05
2.371e-01 1.196e+05
2.385e-01 1.164e+05
2.342e-01 1.187e+05
2.372e-01 1.175e+05
2.419e-01 1.143e+05
2.405e-01 1.163e+05
2.342e-01 1.177e+05
2.370e-01 1.197e+05
2.402e-01 1.186e+05
2.343e-01 1.197e+05
2.348e-01 1.210e+05
2.340e-01 1.201e+05
2.409e-01 1.134e+05
2.820e-01 6.951e+04
2.393e-01 1.154e+05
2.395e-01 1.212e+05
2.492e-01 9.373e+04
2.389e-01 1.147e+05
2.354e-01 1.200e+05
2.378e-01 1.218e+05
2.369e-01 1.213e+05
2.351e-01 1.175e+05
2.451e-01 1.124e+05
2.423e-01 1.173e+05
2.544e-01 9.729e+04
2.383e-01 1.158e+05
2.366e-01 1.152e+05
2.562e-01 9.352e+04
2.350e-01 1.225e+05
2.382e-01 1.180e+05
2.386e-01 1.185e+05
2.387e-01 1.141e+05
2.482e-01 1.096e+05
2.406e-01 1.086e+05
2.457e-01 1.072e+05
2.369e-01 1.203e+05
2.393e-01 1.196e+05
2.388e-01 1.177e+05
2.365e-01 1.146e+05
2.404e-01 1.060e+05
2.379e-01 1.161e+05
2.402e-01 1.146e+05
2.398e-01 1.196e+05
2.427e-01 1.106e+05
2.396e-01 1.181e+05
2.372e-01 1.225e+05
2.381e-01 1.162e+05
2.400e-01 1.192e+05
2.434e-01 1.159e+05
2.418e-01 1.166e+05
2.393e-01 1.178e+05
2.363e-01 1.203e+05
2.362e-01 1.118e+05
2.498e-01 1.003e+05
2.502e-01 1.001e+05
2.345e-01 1.251e+05
2.417e-01 1.093e+05
2.486e-01 8.980e+04
2.419e-01 1.106e+05
2.405e-01 1.128e+05
2.375e-01 1.184e+05
2.388e-01 1.188e+05
2.375e-01 1.120e+05
2.381e-01 1.228e+05
2.397e-01 1.169e+05
2.395e-01 1.211e+05
2.353e-01 1.205e+05
2.360e-01 1.154e+05
2.392e-01 1.163e+05
2.585e-01 7.814e+04
2.385e-01 1.127e+05
2.399e-01 1.162e+05
2.476e-01 9.834e+04
2.417e-01 1.183e+05
2.383e-01 1.184e+05
2.384e-01 1.208e+05
2.385e-01 1.134e+05
2.358e-01 1.195e+05
2.329e-01 1.252e+05
2.358e-01 1.187e+05
2.396e-01 1.164e+05
2.395e-01 1.152e+05
2.352e-01 1.223e+05
2.360e-01 1.189e+05
2.393e-01 1.186e+05
2.414e-01 1.197e+05
2.423e-01 1.140e+05
2.341e-01 1.190e+05
2.684e-01 7.254e+04
2.332e-01 1.218e+05
2.418e-01 1.131e+05
2.370e-01 1.193e+05
2.331e-01 1.225e+05
2.678e-01 7.061e+04
2.438e-01 1.078e+05
2.453e-01 1.052e+05
2.353e-01 1.228e+05
2.409e-01 1.181e+05
2.359e-01 1.187e+05
2.364e-01 1.206e+05
2.355e-01 1.185e+05
2.371e-01 1.196e+05
2.387e-01 1.173e+05
2.356e-01 1.204e+05
2.386e-01 1.166e+05
2.393e-01 1.209e+05
2.342e-01 1.238e+05
2.374e-01 1.126e+05
2.402e-01 1.200e+05
2.361e-01 1.160e+05
2.397e-01 1.200e+05
2.597e-01 8.453e+04
2.394e-01 1.158e+05
2.504e-01 9.512e+04
2.395e-01 1.147e+05
2.416e-01 1.181e+05
2.391e-01 1.163e+05
2.409e-01 1.188e+05
2.404e-01 1.158e+05
2.367e-01 1.206e+05
2.435e-01 1.104e+05
2.356e-01 1.211e+05
2.360e-01 1.167e+05
2.426e-01 1.114e+05
2.366e-01 1.196e+05
2.439e-01 1.159e+05
2.383e-01 1.196e+05
2.430e-01 1.149e+05
2.347e-01 1.218e+05
2.415e-01 1.115e+05
2.401e-01 1.148e+05
2.399e-01 1.194e+05
2.410e-01 1.166e+05
2.442e-01 1.096e+05
2.409e-01 1.158e+05
2.406e-01 1.192e+05
2.465e-01 1.098e+05
2.359e-01 1.201e+05
2.380e-01 1.181e+05
2.350e-01 1.218e+05
2.348e-01 1.230e+05
2.374e-01 1.162e+05
2.337e-01 1.181e+05
2.421e-01 1.109e+05
2.547e-01 8.188e+04
2.389e-01 1.199e+05
2.401e-01 1.167e+05
2.366e-01 1.121e+05
2.510e-01 1.004e+05
2.362e-01 1.210e+05
2.379e-01 1.175e+05
2.559e-01 8.470e+04
2.372e-01 1.203e+05
2.388e-01 1.175e+05
2.337e-01 1.185e+05
2.380e-01 1.169e+05
2.351e-01 1.202e+05
2.359e-01 1.176e+05
2.414e-01 1.167e+05
2.425e-01 1.138e+05
2.389e-01 1.186e+05
2.508e-01 1.064e+05
2.348e-01 1.230e+05
2.510e-01 1.031e+05
2.356e-01 1.203e+05
2.390e-01 1.201e+05
2.377e-01 1.211e+05
2.368e-01 1.126e+05
2.394e-01 1.170e+05
2.361e-01 1.222e+05
2.449e-01 1.102e+05
2.417e-01 1.128e+05
2.336e-01 1.187e+05
2.373e-01 1.189e+05
2.391e-01 1.191e+05
2.381e-01 1.206e+05
2.407e-01 1.161e+05
2.511e-01 9.567e+04
2.329e-01 1.197e+05
2.413e-01 1.093e+05
2.629e-01 7.426e+04
2.379e-01 1.206e+05
2.401e-01 1.173e+05
2.405e-01 1.147e+05
2.345e-01 1.224e+05
2.375e-01 1.148e+05
2.382e-01 1.176e+05
2.396e-01 1.202e+05
2.362e-01 1.207e+05
2.376e-01 1.167e+05
2.393e-01 1.088e+05
2.375e-01 1.215e+05
2.371e-01 1.179e+05
2.374e-01 1.199e+05
2.373e-01 1.203e+05
2.387e-01 1.171e+05
2.369e-01 1.211e+05
2.393e-01 1.161e+05
2.347e-01 1.204e+05
2.353e-01 1.186e+05
2.382e-01 1.171e+05
2.367e-01 1.180e+05
2.392e-01 1.140e+05
2.359e-01 1.187e+05
2.366e-01 1.216e+05
2.376e-01 1.203e+05
2.395e-01 1.170e+05
2.418e-01 1.165e+05
2.400e-01 1.193e+05
2.452e-01 1.062e+05
2.454e-01 1.097e+05
2.644e-01 7.114e+04
2.406e-01 1.193e+05
2.400e-01 1.138e+05
2.499e-01 9.075e+04
2.388e-01 1.163e+05
2.389e-01 1.182e+05
2.380e-01 1.172e+05
2.600e-01 7.198e+04
2.345e-01 1.194e+05
2.352e-01 1.210e+05
2.404e-01 1.168e+05
2.396e-01 1.166e+05
2.422e-01 1.088e+05
2.357e-01 1.202e+05
2.410e-01 1.156e+05
2.367e-01 1.218e+05
2.367e-01 1.193e+05
2.423e-01 1.119e+05
2.373e-01 1.206e+05
2.425e-01 1.136e+05
2.377e-01 1.199e+05
2.420e-01 1.175e+05
2.343e-01 1.244e+05
2.394e-01 1.164e+05
2.371e-01 1.189e+05
2.700e-01 6.684e+04
2.439e-01 1.146e+05
2.383e-01 1.191e+05
2.472e-01 1.076e+05
2.369e-01 1.158e+05
2.344e-01 1.234e+05
2.371e-01 1.189e+05
2.433e-01 9.760e+04
2.348e-01 1.213e+05
2.359e-01 1.188e+05
2.376e-01 1.186e+05
2.482e-01 9.904e+04
2.356e-01 1.189e+05
2.367e-01 1.198e+05
2.349e-01 1.213e+05
2.376e-01 1.194e+05
2.393e-01 1.152e+05
2.347e-01 1.215e+05
2.381e-01 1.215e+05
2.367e-01 1.203e+05
2.365e-01 1.152e+05
2.338e-01 1.248e+05
2.373e-01 1.192e+05
2.399e-01 1.181e+05
2.408e-01 1.175e+05
2.383e-01 1.191e+05
2.342e-01 1.236e+05
2.352e-01 1.176e+05
2.407e-01 1.132e+05
2.379e-01 1.191e+05
2.402e-01 1.162e+05
2.454e-01 1.063e+05
2.384e-01 1.165e+05
2.400e-01 1.203e+05
2.440e-01 1.105e+05
2.354e-01 1.210e+05
2.354e-01 1.217e+05
2.371e-01 1.215e+05
2.436e-01 1.087e+05
2.415e-01 1.112e+05
2.380e-01 1.168e+05
2.372e-01 1.144e+05
2.360e-01 1.215e+05
2.426e-01 1.114e+05
2.645e-01 8.373e+04
2.361e-01 1.197e+05
2.383e-01 1.134e+05
2.435e-01 1.131e+05
2.352e-01 1.198e+05
2.369e-01 1.173e+05
2.386e-01 1.215e+05
2.392e-01 1.179e+05
2.408e-01 1.130e+05
2.369e-01 1.200e+05
2.387e-01 1.183e+05
2.450e-01 1.031e+05
2.401e-01 1.134e+05
2.379e-01 1.183e+05
2.696e-01 7.124e+04
2.447e-01 1.139e+05
2.409e-01 1.173e+05
2.394e-01 1.143e+05
2.435e-01 1.138e+05
2.371e-01 1.202e+05
2.331e-01 1.248e+05
2.433e-01 1.142e+05
2.370e-01 1.188e+05
2.789e-01 7.278e+04
2.408e-01 1.141e+05
2.333e-01 1.169e+05
2.330e-01 1.213e+05
2.401e-01 1.131e+05
2.405e-01 1.130e+05
2.356e-01 1.215e+05
2.379e-01 1.173e+05
2.386e-01 1.189e+05
2.396e-01 1.136e+05
2.372e-01 1.154e+05
2.349e-01 1.174e+05
2.376e-01 1.155e+05
2.387e-01 1.136e+05
2.406e-01 1.155e+05
2.420e-01 1.132e+05
2.374e-01 1.183e+05
2.380e-01 1.190e+05
2.409e-01 1.171e+05
2.443e-01 1.055e+05
2.467e-01 1.101e+05
2.460e-01 1.088e+05
2.343e-01 1.193e+05
2.389e-01 1.176e+05
2.362e-01 1.216e+05
2.468e-01 1.127e+05
2.380e-01 1.162e+05
2.395e-01 1.140e+05
2.356e-01 1.192e+05
2.383e-01 1.178e+05
2.413e-01 1.199e+05
2.398e-01 1.153e+05
2.509e-01 1.073e+05
2.390e-01 1.205e+05
2.375e-01 1.186e+05
2.373e-01 1.200e+05
2.408e-01 1.093e+05
2.347e-01 1.206e+05
2.370e-01 1.156e+05
2.382e-01 1.161e+05
2.389e-01 1.188e+05
2.407e-01 1.120e+05
2.388e-01 1.192e+05
2.381e-01 1.137e+05
2.438e-01 1.163e+05
2.407e-01 1.177e+05
2.418e-01 1.152e+05
2.419e-01 1.142e+05
2.641e-01 7.935e+04
2.410e-01 1.148e+05
2.343e-01 1.161e+05
2.361e-01 1.206e+05
2.441e-01 1.109e+05
2.407e-01 1.173e+05
2.369e-01 1.184e+05
2.465e-01 1.096e+05
2.552e-01 9.485e+04
2.372e-01 1.185e+05
2.369e-01 1.173e+05
2.358e-01 1.209e+05
2.388e-01 1.210e+05
2.329e-01 1.207e+05
2.346e-01 1.213e+05
2.386e-01 1.175e+05
2.384e-01 1.195e+05
2.438e-01 1.125e+05
2.409e-01 1.194e+05
2.390e-01 1.178e+05
2.345e-01 1.186e+05
2.437e-01 1.150e+05
2.474e-01 1.065e+05
2.393e-01 1.175e+05
2.385e-01 1.182e+05
2.377e-01 1.177e+05
2.402e-01 1.103e+05
2.396e-01 1.137e+05
2.356e-01 1.251e+05
2.437e-01 1.165e+05
2.383e-01 1.136e+05
2.454e-01 1.139e+05
2.409e-01 1.177e+05
2.347e-01 1.223e+05
2.387e-01 1.147e+05
2.398e-01 1.125e+05
2.378e-01 1.167e+05
2.387e-01 1.159e+05
2.440e-01 1.141e+05
2.401e-01 1.195e+05
2.634e-01 7.069e+04
2.455e-01 1.070e+05
2.362e-01 1.213e+05
2.372e-01 1.195e+05
2.411e-01 1.138e+05
2.364e-01 1.207e+05
2.405e-01 1.145e+05
2.438e-01 1.080e+05
2.472e-01 9.576e+04
2.328e-01 1.248e+05
2.380e-01 1.152e+05
2.389e-01 1.150e+05
2.352e-01 1.187e+05
2.386e-01 1.188e+05
2.416e-01 1.195e+05
2.362e-01 1.196e+05
2.414e-01 1.127e+05
2.344e-01 1.223e+05
2.382e-01 1.174e+05
2.338e-01 1.178e+05
2.414e-01 1.163e+05
2.383e-01 1.151e+05
2.347e-01 1.153e+05
2.532e-01 8.812e+04
2.422e-01 1.103e+05
2.347e-01 1.211e+05
2.389e-01 1.181e+05
2.395e-01 1.154e+05
2.331e-01 1.210e+05
2.418e-01 1.096e+05
2.379e-01 1.183e+05
2.470e-01 1.095e+05
2.363e-01 1.170e+05
2.389e-01 1.183e+05
2.366e-01 1.201e+05
2.351e-01 1.217e+05
2.388e-01 1.162e+05
2.510e-01 1.049e+05
2.469e-01 1.051e+05
2.404e-01 1.184e+05
2.374e-01 1.173e+05
2.348e-01 1.180e+05
2.387e-01 1.177e+05
2.384e-01 1.184e+05
2.505e-01 1.060e+05
2.380e-01 1.210e+05
2.511e-01 9.366e+04
2.364e-01 1.161e+05
2.355e-01 1.191e+05
2.374e-01 1.200e+05
2.381e-01 1.222e+05
2.375e-01 1.222e+05
2.411e-01 1.093e+05
2.389e-01 1.191e+05
2.350e-01 1.159e+05
2.370e-01 1.184e+05
2.410e-01 1.144e+05
2.342e-01 1.176e+05
2.410e-01 1.154e+05
2.393e-01 1.179e+05
2.425e-01 1.158e+05
2.407e-01 1.090e+05
2.597e-01 7.253e+04
2.382e-01 1.200e+05
2.485e-01 1.037e+05
2.373e-01 1.180e+05
2.379e-01 1.204e+05
2.390e-01 1.199e+05
2.400e-01 1.197e+05
2.384e-01 1.205e+05
2.347e-01 1.168e+05
2.392e-01 1.172e+05
2.441e-01 1.111e+05
2.360e-01 1.181e+05
2.437e-01 1.118e+05
2.362e-01 1.224e+05
2.725e-01 6.966e+04
2.409e-01 1.172e+05
2.376e-01 1.182e+05
2.446e-01 1.129e+05
2.430e-01 1.113e+05
2.561e-01 9.310e+04
2.485e-01 1.005e+05
2.397e-01 1.162e+05
2.445e-01 1.153e+05
2.385e-01 1.173e+05
2.379e-01 1.183e+05
2.352e-01 1.222e+05
2.430e-01 1.100e+05
2.382e-01 1.190e+05
2.374e-01 1.212e+05
2.692e-01 7.330e+04
2.358e-01 1.203e+05
2.371e-01 1.158e+05
2.368e-01 1.237e+05
2.388e-01 1.054e+05
2.375e-01 1.190e+05
2.371e-01 1.200e+05
2.630e-01 9.374e+04
2.693e-01 7.022e+04
2.385e-01 1.146e+05
2.406e-01 1.161e+05
2.363e-01 1.178e+05
2.337e-01 1.188e+05
2.409e-01 1.165e+05
2.383e-01 1.206e+05
2.438e-01 1.036e+05
2.419e-01 1.107e+05
2.414e-01 1.178e+05
2.388e-01 1.181e+05
2.412e-01 1.120e+05
2.414e-01 1.126e+05
2.416e-01 1.157e+05
2.410e-01 1.163e+05
2.377e-01 1.189e+05
2.380e-01 1.127e+05
2.349e-01 1.203e+05
2.380e-01 1.133e+05
2.359e-01 1.181e+05
2.406e-01 1.150e+05
2.360e-01 1.203e+05
2.392e-01 1.135e+05
2.375e-01 1.192e+05
2.412e-01 1.133e+05
2.530e-01 9.826e+04
2.334e-01 1.249e+05
2.348e-01 1.229e+05
2.367e-01 1.115e+05
2.417e-01 1.164e+05
2.386e-01 1.185e+05
2.354e-01 1.221e+05
2.397e-01 1.149e+05
2.406e-01 1.145e+05
2.373e-01 1.126e+05
2.385e-01 1.181e+05
2.384e-01 1.151e+05
2.341e-01 1.244e+05
2.389e-01 1.167e+05
2.401e-01 1.161e+05
2.398e-01 1.119e+05
2.386e-01 1.153e+05
2.487e-01 1.083e+05
2.436e-01 1.134e+05
2.374e-01 1.182e+05
2.402e-01 1.121e+05
2.364e-01 1.124e+05
2.400e-01 1.155e+05
2.351e-01 1.213e+05
2.372e-01 1.152e+05
2.557e-01 9.833e+04
2.378e-01 1.136e+05
2.402e-01 1.178e+05
2.360e-01 1.205e+05
2.407e-01 1.173e+05
2.361e-01 1.191e+05
2.362e-01 1.226e+05
2.403e-01 1.202e+05
2.431e-01 1.141e+05
2.473e-01 9.411e+04
2.379e-01 1.189e+05
2.418e-01 1.136e+05
2.636e-01 7.688e+04
2.537e-01 8.401e+04
2.426e-01 1.107e+05
2.419e-01 1.155e+05
2.334e-01 1.257e+05
2.347e-01 1.222e+05
2.495e-01 9.855e+04
2.389e-01 1.192e+05
2.397e-01 1.169e+05
2.400e-01 1.170e+05
2.363e-01 1.203e+05
2.426e-01 1.126e+05
2.402e-01 1.137e+05
2.371e-01 1.220e+05
2.422e-01 1.187e+05
2.379e-01 1.232e+05
2.379e-01 1.141e+05
2.365e-01 1.202e+05
2.390e-01 1.147e+05
2.387e-01 1.191e+05
2.383e-01 1.153e+05
2.412e-01 1.114e+05
2.400e-01 1.164e+05
2.415e-01 1.168e+05
2.395e-01 1.214e+05
2.667e-01 7.220e+04
2.376e-01 1.199e+05
2.430e-01 1.150e+05
2.394e-01 1.150e+05
2.342e-01 1.235e+05
2.366e-01 1.155e+05
2.353e-01 1.194e+05
2.369e-01 1.145e+05
2.405e-01 1.157e+05
2.361e-01 1.250e+05
2.633e-01 8.398e+04
2.733e-01 6.893e+04
2.369e-01 1.196e+05
2.401e-01 1.189e+05
2.467e-01 1.059e+05
2.422e-01 1.144e+05
2.404e-01 1.142e+05
2.351e-01 1.143e+05
2.452e-01 1.131e+05
2.381e-01 1.210e+05
2.382e-01 1.178e+05
2.422e-01 1.187e+05
2.375e-01 1.202e+05
2.375e-01 1.180e+05
2.427e-01 1.147e+05
2.446e-01 1.110e+05
2.344e-01 1.231e+05
2.383e-01 1.174e+05
2.375e-01 1.188e+05
2.365e-01 1.223e+05
2.367e-01 1.185e+05
2.400e-01 1.145e+05
2.386e-01 1.160e+05
2.380e-01 1.184e+05
2.366e-01 1.225e+05
2.409e-01 1.143e+05
2.372e-01 1.195e+05
2.376e-01 1.195e+05
2.414e-01 1.182e+05
2.332e-01 1.222e+05
2.441e-01 1.131e+05
2.382e-01 1.177e+05
2.373e-01 1.187e+05
2.394e-01 1.193e+05
2.413e-01 1.123e+05
2.404e-01 1.166e+05
2.383e-01 1.145e+05
2.411e-01 1.116e+05
2.384e-01 1.105e+05
2.356e-01 1.204e+05
2.406e-01 1.124e+05
2.462e-01 1.106e+05
2.573e-01 7.523e+04
2.382e-01 1.173e+05
2.418e-01 1.122e+05
2.366e-01 1.192e+05
2.393e-01 1.192e+05
2.384e-01 1.203e+05
2.423e-01 1.124e+05
2.356e-01 1.194e+05
2.405e-01 1.128e+05
2.430e-01 1.129e+05
2.343e-01 1.206e+05
2.394e-01 1.133e+05
2.363e-01 1.209e+05
2.380e-01 1.175e+05
2.372e-01 1.147e+05
2.384e-01 1.089e+05
2.375e-01 1.167e+05
2.420e-01 1.152e+05
2.339e-01 1.208e+05
2.369e-01 1.194e+05
2.413e-01 1.151e+05
2.383e-01 1.206e+05
2.523e-01 9.012e+04
2.595e-01 8.499e+04
2.439e-01 1.122e+05
2.393e-01 1.174e+05
2.439e-01 1.107e+05
2.395e-01 1.158e+05
2.360e-01 1.198e+05
2.410e-01 1.117e+05
2.419e-01 1.150e+05
2.493e-01 1.059e+05
2.500e-01 1.019e+05
2.416e-01 1.159e+05
2.738e-01 7.101e+04
2.575e-01 7.359e+04
2.388e-01 1.219e+05
2.461e-01 1.086e+05
2.433e-01 1.112e+05
2.380e-01 1.158e+05
2.366e-01 1.177e+05
2.614e-01 8.536e+04
2.357e-01 1.143e+05
2.372e-01 1.187e+05
2.353e-01 1.166e+05
2.358e-01 1.231e+05
2.426e-01 1.104e+05
2.403e-01 1.099e+05
2.362e-01 1.195e+05
2.337e-01 1.245e+05
2.586e-01 9.325e+04
2.431e-01 1.096e+05
2.372e-01 1.149e+05
2.397e-01 1.185e+05
2.422e-01 1.102e+05
2.376e-01 1.175e+05
2.373e-01 1.170e+05
2.438e-01 1.114e+05
2.392e-01 1.144e+05
2.446e-01 1.110e+05
2.389e-01 1.167e+05
2.381e-01 1.178e+05
2.390e-01 1.165e+05
2.370e-01 1.203e+05
2.387e-01 1.181e+05
2.394e-01 1.140e+05
2.363e-01 1.220e+05
2.402e-01 1.161e+05
2.374e-01 1.200e+05
2.365e-01 1.219e+05
2.393e-01 1.130e+05
2.363e-01 1.190e+05
2.379e-01 1.162e+05
2.379e-01 1.177e+05
2.408e-01 1.155e+05
2.395e-01 1.155e+05
2.723e-01 7.600e+04
2.361e-01 1.170e+05
2.450e-01 1.117e+05
2.350e-01 1.194e+05
2.362e-01 1.202e+05
2.413e-01 1.186e+05
2.609e-01 8.580e+04
2.502e-01 9.510e+04
2.389e-01 1.148e+05
2.335e-01 1.222e+05
2.347e-01 1.213e+05
2.353e-01 1.149e+05
2.401e-01 1.153e+05
2.703e-01 7.258e+04
2.386e-01 1.170e+05
2.605e-01 8.895e+04
2.352e-01 1.185e+05
2.407e-01 1.143e+05
2.401e-01 1.125e+05
2.401e-01 1.145e+05
2.416e-01 1.158e+05
2.372e-01 1.186e+05
2.377e-01 1.192e+05
2.391e-01 1.224e+05
2.376e-01 1.162e+05
2.384e-01 1.179e+05
2.416e-01 1.102e+05
2.425e-01 1.117e+05
2.375e-01 1.160e+05
2.375e-01 1.165e+05
2.413e-01 1.171e+05
2.392e-01 1.158e+05
2.347e-01 1.199e+05
2.395e-01 1.191e+05
2.390e-01 1.157e+05
2.405e-01 1.162e+05
2.790e-01 6.718e+04
2.330e-01 1.225e+05
2.407e-01 1.147e+05
2.365e-01 1.201e+05
2.332e-01 1.233e+05
2.394e-01 1.128e+05
2.349e-01 1.235e+05
2.421e-01 1.153e+05
2.392e-01 1.152e+05
2.368e-01 1.197e+05
2.402e-01 1.128e+05
2.492e-01 1.038e+05
2.644e-01 7.054e+04
2.366e-01 1.207e+05
2.380e-01 1.155e+05
2.642e-01 7.947e+04
2.402e-01 1.151e+05
2.399e-01 1.170e+05
2.411e-01 1.145e+05
2.390e-01 1.169e+05
2.401e-01 1.145e+05
2.346e-01 1.240e+05
2.413e-01 1.163e+05
2.405e-01 1.126e+05
2.413e-01 1.172e+05
2.400e-01 1.155e+05
2.394e-01 1.159e+05
2.357e-01 1.212e+05
2.334e-01 1.180e+05
2.338e-01 1.196e+05
2.424e-01 1.164e+05
2.326e-01 1.226e+05
2.579e-01 7.894e+04
2.346e-01 1.236e+05
2.353e-01 1.170e+05
2.365e-01 1.165e+05
2.352e-01 1.179e+05
2.401e-01 1.143e+05
2.422e-01 1.120e+05
2.416e-01 1.177e+05
2.383e-01 1.156e+05
2.413e-01 1.139e+05
2.376e-01 1.195e+05
2.372e-01 1.185e+05
2.371e-01 1.229e+05
2.446e-01 1.121e+05
2.394e-01 1.209e+05
2.378e-01 1.133e+05
2.408e-01 1.129e+05
2.434e-01 1.110e+05
2.379e-01 1.199e+05
2.398e-01 1.128e+05
2.416e-01 1.111e+05
2.360e-01 1.217e+05
2.455e-01 1.116e+05
2.386e-01 1.183e+05
2.416e-01 1.089e+05
2.371e-01 1.164e+05
2.349e-01 1.209e+05
2.346e-01 1.201e+05
2.390e-01 1.202e+05
2.415e-01 1.159e+05
2.417e-01 1.165e+05
2.380e-01 1.174e+05
2.364e-01 1.195e+05
2.365e-01 1.203e+05
2.612e-01 7.312e+04
2.396e-01 1.114e+05
2.355e-01 1.213e+05
2.444e-01 1.145e+05
2.385e-01 1.195e+05
2.351e-01 1.230e+05
2.374e-01 1.165e+05
2.571e-01 7.104e+04
2.385e-01 1.200e+05
2.373e-01 1.200e+05
2.412e-01 1.129e+05
2.393e-01 1.183e+05
2.383e-01 1.126e+05
2.402e-01 1.110e+05
2.372e-01 1.164e+05
2.375e-01 1.182e+05
2.337e-01 1.230e+05
2.381e-01 1.165e+05
2.401e-01 1.124e+05
2.394e-01 1.176e+05
2.390e-01 1.150e+05
2.578e-01 7.902e+04
2.436e-01 1.132e+05
2.510e-01 1.044e+05
2.412e-01 1.147e+05
2.366e-01 1.223e+05
2.423e-01 1.178e+05
2.384e-01 1.198e+05
2.439e-01 1.124e+05
2.384e-01 1.199e+05
2.405e-01 1.193e+05
2.364e-01 1.164e+05
2.393e-01 1.135e+05
2.389e-01 1.175e+05
2.602e-01 8.923e+04
2.409e-01 1.181e+05
2.386e-01 1.194e+05
2.394e-01 1.157e+05
2.377e-01 1.187e+05
2.371e-01 1.173e+05
2.355e-01 1.137e+05
2.364e-01 1.191e+05
2.409e-01 1.034e+05
2.414e-01 1.173e+05
2.446e-01 1.067e+05
2.356e-01 1.154e+05
2.390e-01 1.164e+05
2.608e-01 8.179e+04
2.360e-01 1.170e+05
2.393e-01 1.161e+05
2.374e-01 1.174e+05
2.408e-01 1.176e+05
2.401e-01 1.151e+05
2.372e-01 1.130e+05
2.335e-01 1.257e+05
2.618e-01 7.590e+04
2.460e-01 1.088e+05
2.384e-01 1.177e+05
2.369e-01 1.222e+05
2.454e-01 1.125e+05
2.428e-01 1.117e+05
2.383e-01 1.149e+05
2.387e-01 1.038e+05
2.328e-01 1.239e+05
2.651e-01 7.394e+04
2.385e-01 1.164e+05
2.356e-01 1.230e+05
2.611e-01 8.596e+04
2.379e-01 1.174e+05
2.438e-01 1.148e+05
2.384e-01 1.122e+05
2.384e-01 1.146e+05
2.356e-01 1.206e+05
2.357e-01 1.182e+05
2.502e-01 1.026e+05
2.474e-01 1.009e+05
2.397e-01 1.127e+05
2.435e-01 1.161e+05
2.371e-01 1.204e+05
2.416e-01 1.164e+05
2.420e-01 1.125e+05
2.643e-01 8.246e+04
2.329e-01 1.236e+05
2.393e-01 1.175e+05
2.378e-01 1.205e+05
2.386e-01 1.171e+05
2.587e-01 8.432e+04
2.421e-01 1.102e+05
2.371e-01 1.233e+05
2.327e-01 1.245e+05
2.385e-01 1.205e+05
2.544e-01 9.488e+04
2.416e-01 1.172e+05
2.331e-01 1.222e+05
2.338e-01 1.193e+05
2.336e-01 1.203e+05
2.329e-01 1.252e+05
2.421e-01 1.158e+05
2.366e-01 1.176e+05
2.383e-01 1.154e+05
2.386e-01 1.180e+05
2.369e-01 1.177e+05
2.358e-01 1.196e+05
2.337e-01 1.192e+05
2.364e-01 1.139e+05
2.432e-01 1.098e+05
2.377e-01 1.191e+05
2.388e-01 1.140e+05
2.376e-01 1.186e+05
2.396e-01 1.154e+05
2.421e-01 1.183e+05
2.358e-01 1.246e+05
2.368e-01 1.198e+05
2.353e-01 1.157e+05
2.387e-01 1.166e+05
2.425e-01 1.149e+05
2.668e-01 8.431e+04
2.479e-01 1.080e+05
2.454e-01 1.039e+05
2.403e-01 1.129e+05
2.360e-01 1.218e+05
2.391e-01 1.171e+05
2.516e-01 9.823e+04
2.553e-01 8.618e+04
2.383e-01 1.184e+05
2.399e-01 1.132e+05
2.439e-01 1.117e+05
2.444e-01 1.144e+05
2.355e-01 1.231e+05
2.375e-01 1.152e+05
2.391e-01 1.213e+05
2.387e-01 1.207e+05
2.360e-01 1.200e+05
2.361e-01 1.185e+05
2.355e-01 1.222e+05
2.416e-01 1.140e+05
2.434e-01 1.063e+05
2.365e-01 1.192e+05
2.350e-01 1.220e+05
2.423e-01 1.105e+05
2.462e-01 1.096e+05
2.388e-01 1.173e+05
2.704e-01 7.579e+04
2.387e-01 1.169e+05
2.358e-01 1.211e+05
2.358e-01 1.213e+05
2.363e-01 1.168e+05
2.385e-01 1.180e+05
2.386e-01 1.165e+05
2.344e-01 1.205e+05
2.356e-01 1.219e+05
2.343e-01 1.185e+05
2.401e-01 1.122e+05
2.373e-01 1.229e+05
2.367e-01 1.193e+05
2.441e-01 1.072e+05
2.435e-01 1.137e+05
2.351e-01 1.197e+05
2.374e-01 1.193e+05
2.374e-01 1.170e+05
2.407e-01 1.139e+05
2.391e-01 1.192e+05
2.405e-01 1.157e+05
2.351e-01 1.211e+05
2.352e-01 1.194e+05
2.375e-01 1.167e+05
2.399e-01 1.208e+05
2.374e-01 1.198e+05
2.378e-01 1.215e+05
2.355e-01 1.206e+05
2.398e-01 1.186e+05
2.358e-01 1.193e+05
2.418e-01 1.138e+05
2.424e-01 1.170e+05
2.340e-01 1.219e+05
2.335e-01 1.220e+05
2.484e-01 1.048e+05
2.467e-01 9.995e+04
2.445e-01 1.099e+05
2.325e-01 1.230e+05
2.357e-01 1.170e+05
2.627e-01 8.663e+04
2.579e-01 7.706e+04
2.365e-01 1.223e+05
2.349e-01 1.205e+05
2.386e-01 1.166e+05
2.694e-01 6.714e+04
2.569e-01 9.032e+04
2.361e-01 1.163e+05
2.402e-01 1.195e+05
2.410e-01 1.134e+05
2.374e-01 1.163e+05
2.383e-01 1.194e+05
2.372e-01 1.153e+05
2.403e-01 1.200e+05
2.428e-01 1.157e+05
2.392e-01 1.172e+05
2.410e-01 1.157e+05
2.367e-01 1.197e+05
2.584e-01 8.160e+04
2.372e-01 1.196e+05
2.347e-01 1.206e+05
2.415e-01 1.168e+05
2.351e-01 1.199e+05
2.396e-01 1.051e+05
2.399e-01 1.054e+05
2.476e-01 1.067e+05
2.375e-01 1.201e+05
2.387e-01 1.194e+05
2.387e-01 1.198e+05
2.713e-01 7.131e+04
2.437e-01 1.136e+05
2.354e-01 1.176e+05
2.374e-01 1.215e+05
2.363e-01 1.199e+05
2.382e-01 1.136e+05
2.395e-01 1.149e+05
2.368e-01 1.204e+05
2.379e-01 1.220e+05
2.505e-01 9.953e+04
2.391e-01 1.177e+05
2.369e-01 1.229e+05
2.393e-01 1.105e+05
2.356e-01 1.222e+05
2.672e-01 7.533e+04
2.393e-01 1.172e+05
2.407e-01 1.118e+05
2.373e-01 1.078e+05
2.363e-01 1.166e+05
2.423e-01 1.141e+05
2.401e-01 1.048e+05
2.347e-01 1.235e+05
2.407e-01 1.178e+05
2.391e-01 1.145e+05
2.414e-01 1.151e+05
2.410e-01 1.161e+05
2.463e-01 1.087e+05
2.391e-01 1.198e+05
2.393e-01 1.147e+05
2.402e-01 1.078e+05
2.378e-01 1.206e+05
2.363e-01 1.199e+05
2.371e-01 1.169e+05
2.360e-01 1.202e+05
2.378e-01 1.217e+05
2.350e-01 1.181e+05
2.324e-01 1.229e+05
2.361e-01 1.133e+05
2.692e-01 6.804e+04
2.361e-01 1.181e+05
2.354e-01 1.205e+05
2.397e-01 1.160e+05
2.389e-01 1.189e+05
2.327e-01 1.206e+05
2.395e-01 1.076e+05
2.525e-01 9.560e+04
2.416e-01 1.130e+05
2.391e-01 1.157e+05
2.369e-01 1.201e+05
2.395e-01 1.177e+05
2.431e-01 1.088e+05
2.428e-01 1.173e+05
2.347e-01 1.208e+05
2.352e-01 1.229e+05
2.351e-01 1.255e+05
2.395e-01 1.168e+05
2.698e-01 7.432e+04
2.377e-01 1.168e+05
2.363e-01 1.189e+05
2.384e-01 1.193e+05
2.362e-01 1.205e+05
2.388e-01 1.161e+05
2.383e-01 1.158e+05
2.363e-01 1.153e+05
2.353e-01 1.199e+05
2.411e-01 1.122e+05
2.403e-01 1.143e+05
2.372e-01 1.132e+05
2.361e-01 1.200e+05
2.379e-01 1.218e+05
2.357e-01 1.189e+05
2.338e-01 1.194e+05
2.441e-01 1.076e+05
2.379e-01 1.171e+05
2.485e-01 1.013e+05
2.375e-01 1.195e+05
2.347e-01 1.194e+05
2.358e-01 1.163e+05
2.432e-01 1.109e+05
2.388e-01 1.197e+05
2.346e-01 1.199e+05
2.442e-01 1.112e+05
2.385e-01 1.203e+05
2.374e-01 1.113e+05
2.401e-01 1.158e+05
2.444e-01 1.025e+05
2.405e-01 1.181e+05
2.385e-01 1.159e+05
2.393e-01 1.143e+05
2.370e-01 1.182e+05
2.471e-01 9.284e+04
2.399e-01 1.168e+05
2.375e-01 1.175e+05
2.501e-01 9.374e+04
2.543e-01 9.696e+04
2.416e-01 1.126e+05
2.748e-01 6.739e+04
2.381e-01 1.173e+05
2.375e-01 1.215e+05
2.351e-01 1.158e+05
2.417e-01 1.139e+05
2.462e-01 1.071e+05
2.401e-01 1.126e+05
2.354e-01 1.198e+05
2.361e-01 1.201e+05
2.376e-01 1.138e+05
2.365e-01 1.187e+05
2.398e-01 1.153e+05
2.402e-01 1.148e+05
2.372e-01 1.178e+05
2.420e-01 1.174e+05
2.403e-01 1.165e+05
2.400e-01 1.167e+05
2.413e-01 1.072e+05
2.673e-01 7.116e+04
2.357e-01 1.191e+05
2.374e-01 1.198e+05
2.378e-01 1.211e+05
2.444e-01 1.150e+05
2.361e-01 1.163e+05
2.726e-01 6.994e+04
2.418e-01 1.107e+05
2.357e-01 1.188e+05
2.449e-01 1.096e+05
2.325e-01 1.222e+05
2.386e-01 1.166e+05
2.391e-01 1.151e+05
2.397e-01 1.205e+05
2.404e-01 1.153e+05
2.377e-01 1.209e+05
2.417e-01 1.140e+05
2.418e-01 1.160e+05
2.508e-01 9.629e+04
2.383e-01 1.106e+05
2.385e-01 1.185e+05
2.349e-01 1.238e+05
2.346e-01 1.198e+05
2.365e-01 1.199e+05
2.417e-01 1.112e+05
2.444e-01 1.120e+05
2.341e-01 1.187e+05
2.398e-01 1.109e+05
2.615e-01 8.536e+04
2.400e-01 1.183e+05
2.378e-01 1.172e+05
2.393e-01 1.183e+05
2.558e-01 7.760e+04
2.385e-01 1.198e+05
2.398e-01 1.157e+05
2.429e-01 1.131e+05
2.645e-01 7.841e+04
2.408e-01 1.062e+05
2.350e-01 1.243e+05
2.364e-01 1.148e+05
2.550e-01 8.203e+04
2.409e-01 1.158e+05
2.417e-01 1.192e+05
2.409e-01 1.131e+05
2.368e-01 1.220e+05
2.375e-01 1.216e+05
2.412e-01 1.161e+05
2.362e-01 1.206e+05
2.433e-01 1.144e+05
2.445e-01 1.001e+05
2.379e-01 1.199e+05
2.353e-01 1.202e+05
2.367e-01 1.203e+05
2.389e-01 1.168e+05
2.387e-01 1.212e+05
2.391e-01 1.151e+05
2.378e-01 1.193e+05
2.467e-01 1.070e+05
2.388e-01 1.188e+05
2.344e-01 1.209e+05
2.361e-01 1.188e+05
2.376e-01 1.215e+05
2.367e-01 1.191e+05
2.423e-01 1.172e+05
2.630e-01 7.538e+04
2.359e-01 1.191e+05
2.350e-01 1.199e+05
2.426e-01 1.156e+05
2.347e-01 1.187e+05
2.348e-01 1.243e+05
2.351e-01 1.219e+05
2.382e-01 1.145e+05
2.437e-01 1.089e+05
2.330e-01 1.235e+05
2.365e-01 1.199e+05
2.403e-01 1.095e+05
2.532e-01 9.371e+04
2.359e-01 1.121e+05
2.627e-01 8.838e+04
2.395e-01 1.121e+05
2.403e-01 1.158e+05
2.601e-01 7.662e+04
2.381e-01 1.104e+05
2.456e-01 1.123e+05
2.376e-01 1.172e+05
2.373e-01 1.117e+05
2.395e-01 1.197e+05
2.437e-01 1.137e+05
2.352e-01 1.187e+05
2.398e-01 1.143e+05
2.396e-01 1.150e+05
2.418e-01 1.121e+05
2.422e-01 1.144e+05
2.384e-01 1.197e+05
2.408e-01 1.163e+05
2.375e-01 1.163e+05
2.405e-01 1.154e+05
2.361e-01 1.170e+05
2.338e-01 1.182e+05
2.405e-01 1.162e+05
2.715e-01 7.062e+04
2.335e-01 1.204e+05
2.387e-01 1.184e+05
2.346e-01 1.194e+05
2.365e-01 1.177e+05
2.352e-01 1.168e+05
2.378e-01 1.203e+05
2.477e-01 1.093e+05
2.379e-01 1.187e+05
2.347e-01 1.196e+05
2.343e-01 1.201e+05
2.392e-01 1.088e+05
2.384e-01 1.154e+05
2.532e-01 8.508e+04
2.388e-01 1.164e+05
2.414e-01 1.123e+05
2.396e-01 1.192e+05
2.374e-01 1.163e+05
2.365e-01 1.153e+05
2.478e-01 9.070e+04
2.374e-01 1.192e+05
2.378e-01 1.168e+05
2.370e-01 1.182e+05
2.398e-01 1.205e+05
2.356e-01 1.184e+05
2.556e-01 8.633e+04
2.666e-01 7.870e+04
2.376e-01 1.208e+05
2.362e-01 1.221e+05
2.367e-01 1.217e+05
2.355e-01 1.194e+05
2.367e-01 1.214e+05
2.422e-01 1.034e+05
2.377e-01 1.207e+05
2.395e-01 1.197e+05
2.406e-01 1.201e+05
2.432e-01 1.118e+05
2.610e-01 8.778e+04
2.390e-01 1.146e+05
2.372e-01 1.200e+05
2.367e-01 1.212e+05
2.373e-01 1.211e+05
2.364e-01 1.194e+05
2.376e-01 1.170e+05
2.414e-01 1.125e+05
2.421e-01 1.149e+05
2.334e-01 1.197e+05
2.399e-01 1.102e+05
2.372e-01 1.116e+05
2.333e-01 1.185e+05
2.347e-01 1.177e+05
2.383e-01 1.133e+05
2.447e-01 1.116e+05
2.351e-01 1.209e+05
2.403e-01 1.192e+05
2.376e-01 1.153e+05
2.397e-01 1.151e+05
2.388e-01 1.220e+05
2.380e-01 1.172e+05
2.541e-01 1.036e+05
2.391e-01 1.214e+05
2.385e-01 1.213e+05
2.385e-01 1.184e+05
2.430e-01 1.058e+05
2.383e-01 1.193e+05
2.345e-01 1.202e+05
2.389e-01 1.192e+05
2.399e-01 1.161e+05
2.427e-01 1.107e+05
2.378e-01 1.154e+05
2.398e-01 1.164e+05
2.394e-01 1.165e+05
2.421e-01 1.155e+05
2.512e-01 9.248e+04
2.365e-01 1.179e+05
2.338e-01 1.220e+05
2.390e-01 1.167e+05
2.421e-01 1.154e+05
2.356e-01 1.191e+05
2.389e-01 1.192e+05
2.371e-01 1.220e+05
2.422e-01 1.127e+05
2.352e-01 1.136e+05
2.446e-01 1.081e+05
2.723e-01 6.553e+04
2.355e-01 1.190e+05
2.365e-01 1.190e+05
2.351e-01 1.201e+05
2.358e-01 1.200e+05
2.636e-01 7.599e+04
2.355e-01 1.152e+05
2.356e-01 1.197e+05
2.397e-01 1.136e+05
2.387e-01 1.137e+05
2.356e-01 1.231e+05
2.357e-01 1.201e+05
2.393e-01 1.184e+05
2.403e-01 1.172e+05
2.379e-01 1.189e+05
2.461e-01 1.048e+05
2.358e-01 1.207e+05
2.407e-01 1.130e+05
2.354e-01 1.223e+05
2.441e-01 1.125e+05
2.409e-01 1.157e+05
2.629e-01 8.112e+04
2.417e-01 1.127e+05
2.339e-01 1.216e+05
2.740e-01 7.286e+04
2.476e-01 1.070e+05
2.379e-01 1.177e+05
2.437e-01 9.921e+04
2.481e-01 9.268e+04
2.393e-01 1.212e+05
2.419e-01 1.006e+05
2.399e-01 1.132e+05
2.361e-01 1.224e+05
2.403e-01 1.159e+05
2.412e-01 1.181e+05
2.377e-01 1.194e+05
2.382e-01 1.191e+05
2.409e-01 1.136e+05
2.458e-01 1.114e+05
2.432e-01 1.146e+05
2.414e-01 1.180e+05
2.344e-01 1.223e+05
2.412e-01 1.079e+05
2.406e-01 1.145e+05
2.404e-01 1.189e+05
2.326e-01 1.228e+05
2.406e-01 1.190e+05
2.328e-01 1.218e+05
2.377e-01 1.194e+05
2.461e-01 1.096e+05
2.346e-01 1.174e+05
2.394e-01 1.175e+05
2.672e-01 6.994e+04
2.409e-01 1.127e+05
2.357e-01 1.239e+05
2.358e-01 1.131e+05
2.818e-01 6.823e+04
2.366e-01 1.186e+05
2.372e-01 1.178e+05
2.505e-01 1.052e+05
2.337e-01 1.190e+05
2.359e-01 1.186e+05
2.737e-01 7.266e+04
2.509e-01 9.661e+04
2.394e-01 1.137e+05
2.381e-01 1.184e+05
2.387e-01 1.157e+05
2.395e-01 1.132e+05
2.404e-01 1.153e+05
2.380e-01 1.117e+05
2.334e-01 1.254e+05
2.436e-01 1.116e+05
2.409e-01 1.038e+05
2.338e-01 1.205e+05
2.380e-01 1.170e+05
2.428e-01 1.167e+05
2.401e-01 1.168e+05
2.371e-01 1.195e+05
2.355e-01 1.200e+05
2.464e-01 1.131e+05
2.366e-01 1.117e+05
2.383e-01 1.168e+05
2.355e-01 1.183e+05
2.430e-01 1.126e+05
2.378e-01 1.193e+05
2.387e-01 1.201e+05
2.363e-01 1.181e+05
2.364e-01 1.210e+05
2.339e-01 1.231e+05
2.419e-01 1.157e+05
2.386e-01 1.184e+05
2.413e-01 1.127e+05
2.429e-01 1.160e+05
2.386e-01 1.177e+05
2.352e-01 1.245e+05
2.761e-01 7.261e+04
2.349e-01 1.140e+05
2.436e-01 1.133e+05
2.402e-01 1.170e+05
2.362e-01 1.182e+05
2.400e-01 1.141e+05
2.396e-01 1.096e+05
2.486e-01 1.022e+05
2.408e-01 1.193e+05
2.451e-01 1.088e+05
2.366e-01 1.196e+05
2.631e-01 7.824e+04
2.370e-01 1.220e+05
2.387e-01 1.189e+05
2.382e-01 1.173e+05
2.342e-01 1.196e+05
2.367e-01 1.204e+05
2.369e-01 1.148e+05
2.421e-01 1.148e+05
2.372e-01 1.187e+05
2.332e-01 1.216e+05
2.381e-01 1.178e+05
2.544e-01 8.437e+04
2.437e-01 1.144e+05
2.584e-01 8.558e+04
2.351e-01 1.219e+05
2.648e-01 7.500e+04
2.386e-01 1.167e+05
2.418e-01 1.085e+05
2.394e-01 1.174e+05
2.435e-01 1.175e+05
2.331e-01 1.249e+05
2.617e-01 7.470e+04
2.372e-01 1.151e+05
2.363e-01 1.194e+05
2.400e-01 1.150e+05
2.506e-01 9.064e+04
2.411e-01 1.186e+05
2.444e-01 1.084e+05
2.339e-01 1.204e+05
2.419e-01 1.171e+05
2.419e-01 1.126e+05
2.333e-01 1.209e+05
2.331e-01 1.218e+05
2.370e-01 1.153e+05
2.406e-01 1.144e+05
2.379e-01 1.171e+05
2.403e-01 1.113e+05
2.401e-01 1.185e+05
2.624e-01 8.399e+04
2.429e-01 1.095e+05
2.352e-01 1.186e+05
2.428e-01 1.149e+05
2.409e-01 1.189e+05
2.474e-01 1.077e+05
2.373e-01 1.200e+05
2.387e-01 1.156e+05
2.415e-01 1.157e+05
2.366e-01 1.221e+05
2.334e-01 1.241e+05
2.599e-01 9.089e+04
2.354e-01 1.196e+05
2.385e-01 1.173e+05
2.397e-01 1.092e+05
2.441e-01 1.100e+05
2.389e-01 1.111e+05
2.396e-01 1.162e+05
2.397e-01 1.150e+05
2.384e-01 1.152e+05
2.414e-01 1.181e+05
2.417e-01 1.130e+05
2.370e-01 1.191e+05
2.456e-01 1.149e+05
2.380e-01 1.167e+05
2.386e-01 1.220e+05
2.409e-01 1.111e+05
2.545e-01 9.794e+04
2.352e-01 1.186e+05
2.384e-01 1.193e+05
2.380e-01 1.123e+05
2.365e-01 1.220e+05
2.400e-01 1.187e+05
2.385e-01 1.186e+05
2.393e-01 1.161e+05
2.392e-01 1.191e+05
2.482e-01 1.065e+05
2.507e-01 9.252e+04
2.411e-01 1.127e+05
2.357e-01 1.140e+05
2.360e-01 1.247e+05
2.389e-01 1.191e+05
2.432e-01 1.118e+05
2.359e-01 1.194e+05
2.336e-01 1.231e+05
2.385e-01 1.195e+05
2.392e-01 1.171e+05
2.430e-01 1.140e+05
2.414e-01 1.132e+05
2.360e-01 1.243e+05
2.365e-01 1.170e+05
2.376e-01 1.186e+05
2.394e-01 1.165e+05
2.379e-01 1.096e+05
2.412e-01 1.146e+05
2.356e-01 1.211e+05
2.383e-01 1.225e+05
2.366e-01 1.178e+05
2.333e-01 1.259e+05
2.394e-01 1.183e+05
2.447e-01 1.066e+05
2.361e-01 1.168e+05
2.353e-01 1.185e+05
2.360e-01 1.173e+05
2.483e-01 1.025e+05
2.366e-01 1.169e+05
2.387e-01 1.182e+05
2.396e-01 1.193e+05
2.384e-01 1.174e+05
2.412e-01 1.143e+05
2.328e-01 1.198e+05
2.380e-01 1.117e+05
2.417e-01 1.135e+05
2.376e-01 1.194e+05
2.388e-01 1.150e+05
2.369e-01 1.155e+05
2.384e-01 1.195e+05
2.469e-01 1.106e+05
2.384e-01 1.167e+05
2.370e-01 1.164e+05
2.635e-01 8.246e+04
2.414e-01 1.157e+05
2.392e-01 1.151e+05
2.382e-01 1.135e+05
2.362e-01 1.208e+05
2.380e-01 1.186e+05
2.390e-01 1.167e+05
2.390e-01 1.167e+05
2.380e-01 1.179e+05
2.375e-01 1.146e+05
2.420e-01 1.156e+05
2.388e-01 1.192e+05
2.391e-01 1.103e+05
2.436e-01 1.160e+05
2.467e-01 1.038e+05
2.565e-01 7.916e+04
2.396e-01 1.173e+05
2.370e-01 1.214e+05
2.390e-01 1.160e+05
2.370e-01 1.198e+05
2.384e-01 1.172e+05
2.386e-01 1.182e+05
2.420e-01 1.116e+05
2.624e-01 8.082e+04
2.384e-01 1.151e+05
2.410e-01 1.171e+05
2.392e-01 1.174e+05
2.401e-01 1.158e+05
2.388e-01 1.160e+05
2.399e-01 1.156e+05
2.452e-01 1.090e+05
2.374e-01 1.165e+05
2.380e-01 1.179e+05
2.460e-01 1.062e+05
2.356e-01 1.190e+05
2.393e-01 1.145e+05
2.428e-01 1.125e+05
2.391e-01 1.205e+05
2.389e-01 1.169e+05
2.395e-01 1.110e+05
2.364e-01 1.211e+05
2.349e-01 1.175e+05
2.348e-01 1.255e+05
2.381e-01 1.173e+05
2.396e-01 1.178e+05
2.366e-01 1.172e+05
2.362e-01 1.145e+05
2.413e-01 1.112e+05
2.387e-01 1.146e+05
2.406e-01 1.010e+05
2.485e-01 1.042e+05
2.341e-01 1.247e+05
2.381e-01 1.221e+05
2.399e-01 1.119e+05
2.367e-01 1.157e+05
2.399e-01 1.152e+05
2.373e-01 1.168e+05
2.373e-01 1.192e+05
2.421e-01 1.140e+05
2.621e-01 8.520e+04
2.464e-01 1.109e+05
2.354e-01 1.222e+05
2.642e-01 7.417e+04
2.394e-01 1.205e+05
2.399e-01 1.194e+05
2.411e-01 1.140e+05
2.384e-01 1.167e+05
2.390e-01 1.190e+05
2.349e-01 1.223e+05
2.377e-01 1.166e+05
2.356e-01 1.212e+05
2.417e-01 1.128e+05
2.353e-01 1.155e+05
2.382e-01 1.132e+05
2.383e-01 1.140e+05
2.411e-01 1.130e+05
2.345e-01 1.227e+05
2.627e-01 7.869e+04
2.393e-01 1.184e+05
2.333e-01 1.235e+05
2.408e-01 1.173e+05
2.369e-01 1.164e+05
2.444e-01 1.105e+05
2.347e-01 1.204e+05
2.410e-01 1.180e+05
2.378e-01 1.216e+05
2.506e-01 9.303e+04
2.401e-01 1.138e+05
2.456e-01 1.095e+05
2.415e-01 1.131e+05
2.390e-01 1.214e+05
2.403e-01 1.157e+05
2.368e-01 1.183e+05
2.354e-01 1.218e+05
2.601e-01 8.750e+04
2.377e-01 1.186e+05
2.358e-01 1.172e+05
2.377e-01 1.194e+05
2.400e-01 1.206e+05
2.390e-01 1.160e+05
2.369e-01 1.203e+05
2.347e-01 1.242e+05
2.403e-01 1.195e+05
2.338e-01 1.215e+05
2.329e-01 1.214e+05
2.370e-01 1.191e+05
2.351e-01 1.224e+05
2.353e-01 1.185e+05
2.392e-01 1.149e+05
2.391e-01 1.148e+05
2.375e-01 1.199e+05
2.422e-01 1.134e+05
2.361e-01 1.220e+05
2.468e-01 1.099e+05
2.423e-01 1.131e+05
2.410e-01 1.185e+05
2.479e-01 9.441e+04
2.384e-01 1.117e+05
2.513e-01 1.066e+05
2.379e-01 1.206e+05
2.364e-01 1.200e+05
2.368e-01 1.217e+05
2.473e-01 1.072e+05
2.360e-01 1.211e+05
2.353e-01 1.234e+05
2.445e-01 1.104e+05
2.379e-01 1.180e+05
2.386e-01 1.176e+05
2.390e-01 1.187e+05
2.446e-01 1.155e+05
2.461e-01 1.070e+05
2.604e-01 9.084e+04
2.719e-01 7.117e+04
2.405e-01 1.173e+05
2.345e-01 1.189e+05
2.408e-01 1.126e+05
2.332e-01 1.235e+05
2.368e-01 1.148e+05
2.353e-01 1.190e+05
2.353e-01 1.235e+05
2.359e-01 1.178e+05
2.367e-01 1.242e+05
2.379e-01 1.141e+05
2.345e-01 1.223e+05
2.363e-01 1.240e+05
2.365e-01 1.186e+05
2.419e-01 1.120e+05
2.380e-01 1.234e+05
2.359e-01 1.216e+05
2.374e-01 1.208e+05
2.407e-01 1.167e+05
2.437e-01 1.142e+05
2.372e-01 1.174e+05
2.395e-01 1.155e+05
2.361e-01 1.213e+05
2.397e-01 1.146e+05
2.333e-01 1.238e+05
2.495e-01 9.659e+04
2.347e-01 1.250e+05
2.401e-01 1.180e+05
2.421e-01 1.139e+05
2.392e-01 1.121e+05
2.392e-01 1.161e+05
2.371e-01 1.197e+05
2.413e-01 1.087e+05
2.371e-01 1.198e+05
2.389e-01 1.169e+05
2.494e-01 1.058e+05
2.426e-01 1.145e+05
2.361e-01 1.193e+05
2.356e-01 1.187e+05
2.340e-01 1.256e+05
2.452e-01 1.105e+05
2.355e-01 1.228e+05
2.387e-01 1.153e+05
2.387e-01 1.177e+05
2.341e-01 1.194e+05
2.410e-01 1.100e+05
2.355e-01 1.249e+05
2.381e-01 1.187e+05
2.551e-01 8.899e+04
2.389e-01 1.133e+05
2.404e-01 1.167e+05
2.364e-01 1.201e+05
2.381e-01 1.181e+05
2.372e-01 1.177e+05
2.361e-01 1.200e+05
2.409e-01 1.132e+05
2.365e-01 1.157e+05
2.371e-01 1.161e+05
2.380e-01 1.201e+05
2.622e-01 8.217e+04
2.426e-01 1.138e+05
2.384e-01 1.214e+05
2.403e-01 1.190e+05
2.377e-01 1.180e+05
2.382e-01 1.193e+05
2.344e-01 1.179e+05
2.403e-01 1.139e+05
2.440e-01 1.154e+05
2.363e-01 1.207e+05
2.371e-01 1.190e+05
2.397e-01 1.137e+05
2.376e-01 1.198e+05
2.348e-01 1.174e+05
2.347e-01 1.201e+05
2.392e-01 1.128e+05
2.393e-01 1.198e+05
2.411e-01 1.131e+05
2.395e-01 1.158e+05
2.406e-01 1.134e+05
2.413e-01 1.137e+05
2.400e-01 1.191e+05
2.332e-01 1.239e+05
2.386e-01 1.154e+05
2.404e-01 1.129e+05
2.359e-01 1.195e+05
2.372e-01 1.179e+05
2.413e-01 1.170e+05
2.358e-01 1.181e+05
2.381e-01 1.162e+05
2.423e-01 1.123e+05
2.370e-01 1.178e+05
2.383e-01 1.199e+05
2.355e-01 1.227e+05
2.422e-01 1.121e+05
2.451e-01 9.860e+04
2.336e-01 1.226e+05
2.391e-01 1.216e+05
2.680e-01 7.239e+04
2.444e-01 1.095e+05
2.455e-01 1.098e+05
2.655e-01 7.260e+04
2.363e-01 1.164e+05
2.401e-01 1.144e+05
2.421e-01 1.142e+05
2.353e-01 1.226e+05
2.430e-01 1.130e+05
2.362e-01 1.152e+05
2.374e-01 1.181e+05
2.407e-01 1.060e+05
2.377e-01 1.207e+05
2.363e-01 1.188e+05
2.369e-01 1.202e+05
2.387e-01 1.201e+05
2.376e-01 1.176e+05
2.392e-01 1.167e+05
2.337e-01 1.187e+05
2.578e-01 9.663e+04
2.396e-01 1.152e+05
2.387e-01 1.188e+05
2.426e-01 1.151e+05
2.358e-01 1.155e+05
2.358e-01 1.209e+05
2.359e-01 1.226e+05
2.453e-01 1.076e+05
2.375e-01 1.195e+05
2.459e-01 1.134e+05
2.367e-01 1.185e+05
2.396e-01 1.153e+05
2.403e-01 1.172e+05
2.382e-01 1.097e+05
2.359e-01 1.165e+05
2.386e-01 1.165e+05
2.421e-01 1.140e+05
2.343e-01 1.177e+05
2.407e-01 1.171e+05
2.390e-01 1.156e+05
2.430e-01 1.009e+05
2.363e-01 1.194e+05
2.408e-01 1.154e+05
2.393e-01 1.151e+05
2.342e-01 1.208e+05
2.417e-01 1.082e+05
2.336e-01 1.214e+05
2.396e-01 1.193e+05
2.390e-01 1.143e+05
2.396e-01 1.162e+05
2.402e-01 1.139e+05
2.432e-01 1.084e+05
2.403e-01 1.151e+05
2.381e-01 1.204e+05
2.600e-01 8.714e+04
2.358e-01 1.132e+05
2.362e-01 1.178e+05
2.403e-01 1.118e+05
2.352e-01 1.182e+05
2.542e-01 9.080e+04
2.423e-01 1.124e+05
2.331e-01 1.211e+05
2.375e-01 1.215e+05
2.413e-01 1.171e+05
2.380e-01 1.175e+05
2.349e-01 1.144e+05
2.541e-01 1.016e+05
2.351e-01 1.201e+05
2.375e-01 1.228e+05
2.395e-01 1.180e+05
2.391e-01 1.141e+05
2.352e-01 1.227e+05
2.376e-01 1.229e+05
2.371e-01 1.190e+05
2.409e-01 1.128e+05
2.387e-01 1.162e+05
2.353e-01 1.243e+05
2.377e-01 1.201e+05
2.367e-01 1.212e+05
2.721e-01 6.913e+04
2.392e-01 1.184e+05
2.391e-01 1.145e+05
2.367e-01 1.195e+05
2.375e-01 1.166e+05
2.332e-01 1.181e+05
2.349e-01 1.176e+05
2.415e-01 1.123e+05
2.407e-01 1.121e+05
2.395e-01 1.139e+05
2.378e-01 1.198e+05
2.396e-01 1.122e+05
2.368e-01 1.104e+05
2.368e-01 1.195e+05
2.374e-01 1.192e+05
2.581e-01 7.782e+04
2.370e-01 1.219e+05
2.430e-01 1.112e+05
2.380e-01 1.215e+05
2.377e-01 1.209e+05
2.386e-01 1.194e+05
2.467e-01 9.143e+04
2.374e-01 1.190e+05
2.343e-01 1.231e+05
2.397e-01 1.156e+05
2.436e-01 1.135e+05
2.381e-01 1.139e+05
2.344e-01 1.241e+05
2.582e-01 8.193e+04
2.410e-01 1.171e+05
2.401e-01 1.133e+05
2.359e-01 1.237e+05
2.350e-01 1.160e+05
2.455e-01 1.130e+05
2.403e-01 1.089e+05
2.368e-01 1.180e+05
2.375e-01 1.159e+05
2.412e-01 1.107e+05
2.371e-01 1.147e+05
2.533e-01 9.638e+04
2.336e-01 1.200e+05
2.364e-01 1.171e+05
2.373e-01 1.182e+05
2.365e-01 1.212e+05
2.368e-01 1.177e+05
2.396e-01 1.149e+05
2.400e-01 1.187e+05
2.362e-01 1.208e+05
2.384e-01 1.123e+05
2.354e-01 1.188e+05
2.449e-01 1.146e+05
2.395e-01 1.194e+05
2.444e-01 1.135e+05
2.425e-01 1.096e+05
2.426e-01 1.180e+05
2.407e-01 1.030e+05
2.414e-01 1.138e+05
2.419e-01 1.084e+05
2.337e-01 1.202e+05
2.347e-01 1.225e+05
2.390e-01 1.172e+05
2.398e-01 1.167e+05
2.364e-01 1.191e+05
2.412e-01 1.131e+05
2.615e-01 8.863e+04
2.359e-01 1.247e+05
2.398e-01 1.095e+05
2.403e-01 1.130e+05
2.408e-01 1.082e+05
2.400e-01 1.175e+05
2.401e-01 1.128e+05
2.707e-01 7.076e+04
2.616e-01 8.445e+04
2.392e-01 1.178e+05
2.424e-01 1.119e+05
2.347e-01 1.165e+05
2.367e-01 1.230e+05
2.355e-01 1.210e+05
2.373e-01 1.211e+05
2.373e-01 1.215e+05
2.612e-01 7.491e+04
2.384e-01 1.185e+05
2.371e-01 1.204e+05
2.621e-01 7.064e+04
2.390e-01 1.143e+05
2.682e-01 7.378e+04
2.377e-01 1.174e+05
2.401e-01 1.189e+05
2.411e-01 1.113e+05
2.408e-01 1.139e+05
2.384e-01 1.148e+05
2.394e-01 1.156e+05
2.649e-01 7.791e+04
2.388e-01 1.149e+05
2.450e-01 1.069e+05
2.532e-01 8.477e+04
2.419e-01 1.099e+05
2.338e-01 1.197e+05
2.344e-01 1.207e+05
2.552e-01 9.178e+04
2.391e-01 1.173e+05
2.558e-01 8.525e+04
2.481e-01 1.058e+05
2.369e-01 1.141e+05
2.401e-01 1.129e+05
2.419e-01 1.132e+05
2.338e-01 1.234e+05
2.375e-01 1.213e+05
2.410e-01 1.156e+05
2.328e-01 1.239e+05
2.398e-01 1.172e+05
2.354e-01 1.213e+05
2.365e-01 1.178e+05
2.369e-01 1.231e+05
2.386e-01 1.121e+05
2.374e-01 1.189e+05
2.366e-01 1.206e+05
2.500e-01 1.001e+05
2.373e-01 1.158e+05
2.364e-01 1.205e+05
2.436e-01 1.100e+05
2.430e-01 1.127e+05
2.484e-01 9.569e+04
2.384e-01 1.151e+05
2.384e-01 1.158e+05
2.399e-01 1.174e+05
2.474e-01 1.048e+05
2.352e-01 1.195e+05
2.359e-01 1.144e+05
2.406e-01 1.148e+05
2.610e-01 7.787e+04
2.386e-01 1.136e+05
2.362e-01 1.205e+05
2.352e-01 1.215e+05
2.353e-01 1.199e+05
2.395e-01 1.158e+05
2.414e-01 1.153e+05
2.395e-01 1.100e+05
2.336e-01 1.193e+05
2.504e-01 1.007e+05
2.411e-01 1.183e+05
2.624e-01 6.954e+04
2.396e-01 1.126e+05
2.392e-01 1.172e+05
2.416e-01 1.141e+05
2.372e-01 1.090e+05
2.327e-01 1.194e+05
2.421e-01 1.105e+05
2.376e-01 1.176e+05
2.400e-01 1.140e+05
2.375e-01 1.144e+05
2.375e-01 1.185e+05
2.396e-01 1.117e+05
2.438e-01 1.151e+05
2.386e-01 1.195e+05
2.388e-01 1.183e+05
2.394e-01 1.151e+05
2.422e-01 1.120e+05
2.388e-01 1.168e+05
2.404e-01 1.169e+05
2.343e-01 1.196e+05
2.401e-01 1.190e+05
2.359e-01 1.206e+05
2.332e-01 1.223e+05
2.417e-01 1.134e+05
2.359e-01 1.198e+05
2.349e-01 1.217e+05
2.386e-01 1.167e+05
2.393e-01 1.188e+05
2.487e-01 9.686e+04
2.734e-01 7.696e+04
2.459e-01 1.073e+05
2.353e-01 1.211e+05
2.343e-01 1.200e+05
2.367e-01 1.170e+05
2.401e-01 1.129e+05
2.366e-01 1.205e+05
2.391e-01 1.172e+05
2.530e-01 9.047e+04
2.380e-01 1.166e+05
2.374e-01 1.195e+05
2.365e-01 1.206e+05
2.435e-01 1.152e+05
2.418e-01 1.096e+05
2.339e-01 1.237e+05
2.403e-01 1.197e+05
2.376e-01 1.203e+05
2.339e-01 1.202e+05
2.414e-01 1.145e+05
2.449e-01 1.096e+05
2.376e-01 1.196e+05
2.412e-01 1.117e+05
2.358e-01 1.190e+05
2.368e-01 1.237e+05
2.457e-01 1.033e+05
2.732e-01 7.227e+04
2.406e-01 1.138e+05
2.368e-01 1.234e+05
2.386e-01 1.169e+05
2.400e-01 1.129e+05
2.476e-01 1.074e+05
2.383e-01 1.202e+05
2.329e-01 1.224e+05
2.384e-01 1.148e+05
2.392e-01 1.201e+05
2.385e-01 1.179e+05
2.352e-01 1.155e+05
2.400e-01 1.134e+05
2.427e-01 1.151e+05
2.369e-01 1.179e+05
2.345e-01 1.186e+05
2.346e-01 1.190e+05
2.386e-01 1.197e+05
2.467e-01 1.106e+05
2.409e-01 1.159e+05
2.386e-01 1.162e+05
2.394e-01 1.143e+05
2.329e-01 1.194e+05
2.405e-01 1.145e+05
2.530e-01 8.819e+04
2.604e-01 8.461e+04
2.375e-01 1.140e+05
2.368e-01 1.234e+05
2.461e-01 1.049e+05
2.449e-01 1.028e+05
2.536e-01 9.265e+04
2.434e-01 1.127e+05
2.394e-01 1.211e+05
2.359e-01 1.134e+05
2.364e-01 1.179e+05
2.401e-01 1.205e+05
2.405e-01 1.131e+05
2.387e-01 1.175e+05
2.347e-01 1.211e+05
2.401e-01 1.149e+05
2.402e-01 1.138e+05
2.416e-01 1.111e+05
2.341e-01 1.243e+05
2.396e-01 1.140e+05
2.350e-01 1.204e+05
2.514e-01 1.073e+05
2.389e-01 1.196e+05
2.399e-01 1.106e+05
2.362e-01 1.195e+05
2.391e-01 1.109e+05
2.394e-01 1.169e+05
2.392e-01 1.202e+05
2.611e-01 7.592e+04
2.352e-01 1.151e+05
2.389e-01 1.131e+05
2.369e-01 1.187e+05
2.405e-01 1.175e+05
2.638e-01 8.194e+04
2.617e-01 8.652e+04
2.334e-01 1.178e+05
2.394e-01 1.185e+05
2.384e-01 1.162e+05
2.393e-01 1.201e+05
2.413e-01 1.127e+05
2.385e-01 1.180e+05
2.351e-01 1.203e+05
2.351e-01 1.192e+05
2.439e-01 1.107e+05
2.379e-01 1.167e+05
2.371e-01 1.185e+05
2.427e-01 1.118e+05
2.357e-01 1.216e+05
2.461e-01 1.080e+05
2.382e-01 1.161e+05
2.473e-01 9.984e+04
2.503e-01 9.229e+04
2.458e-01 1.066e+05
2.424e-01 1.186e+05
2.421e-01 1.157e+05
2.361e-01 1.198e+05
2.382e-01 1.167e+05
2.370e-01 1.153e+05
2.397e-01 1.180e+05
2.397e-01 1.141e+05
2.368e-01 1.141e+05
2.369e-01 1.231e+05
2.368e-01 1.204e+05
2.397e-01 1.186e+05
2.435e-01 1.112e+05
2.411e-01 1.165e+05
2.388e-01 1.189e+05
2.372e-01 1.192e+05
2.449e-01 1.139e+05
2.356e-01 1.207e+05
2.353e-01 1.234e+05
2.462e-01 9.635e+04
2.377e-01 1.125e+05
2.449e-01 1.093e+05
2.408e-01 1.171e+05
2.391e-01 1.184e+05
2.384e-01 1.141e+05
2.327e-01 1.248e+05
2.443e-01 1.107e+05
2.394e-01 1.148e+05
2.379e-01 1.143e+05
2.380e-01 1.188e+05
2.575e-01 8.070e+04
2.408e-01 1.146e+05
2.408e-01 1.165e+05
2.364e-01 1.164e+05
2.376e-01 1.188e+05
2.628e-01 8.145e+04
2.394e-01 1.191e+05
2.420e-01 1.183e+05
2.365e-01 1.151e+05
2.335e-01 1.235e+05
2.403e-01 1.081e+05
2.428e-01 1.120e+05
2.389e-01 1.164e+05
2.386e-01 1.146e+05
2.383e-01 1.143e+05
2.352e-01 1.198e+05
2.379e-01 1.185e+05
2.383e-01 1.215e+05
2.439e-01 1.136e+05
2.414e-01 1.148e+05
2.357e-01 1.171e+05
2.343e-01 1.234e+05
2.349e-01 1.191e+05
2.384e-01 1.173e+05
2.431e-01 1.104e+05
2.385e-01 1.179e+05
2.331e-01 1.193e+05
2.417e-01 1.158e+05
2.336e-01 1.242e+05
2.381e-01 1.156e+05
2.354e-01 1.199e+05
2.356e-01 1.180e+05
2.353e-01 1.173e+05
2.369e-01 1.234e+05
2.384e-01 1.122e+05
2.376e-01 1.137e+05
2.385e-01 1.180e+05
2.353e-01 1.181e+05
2.546e-01 9.768e+04
2.532e-01 9.485e+04
2.383e-01 1.176e+05
2.393e-01 1.172e+05
2.413e-01 1.174e+05
2.352e-01 1.215e+05
2.348e-01 1.178e+05
2.403e-01 1.144e+05
2.410e-01 1.175e+05
2.368e-01 1.200e+05
2.426e-01 1.144e+05
2.363e-01 1.207e+05
2.433e-01 1.105e+05
2.391e-01 1.198e+05
2.606e-01 8.696e+04
2.386e-01 1.183e+05
2.346e-01 1.195e+05
2.423e-01 1.143e+05
2.331e-01 1.221e+05
2.451e-01 1.123e+05
2.332e-01 1.201e+05
2.453e-01 1.097e+05
2.385e-01 1.194e+05
2.411e-01 1.190e+05
2.425e-01 1.144e+05
2.428e-01 1.120e+05
2.407e-01 1.101e+05
2.405e-01 1.162e+05
2.407e-01 1.187e+05
2.401e-01 1.190e+05
2.359e-01 1.212e+05
2.372e-01 1.183e+05
2.360e-01 1.204e+05
2.398e-01 1.154e+05
2.409e-01 1.185e+05
2.354e-01 1.215e+05
2.396e-01 1.167e+05
2.413e-01 1.180e+05
2.417e-01 1.120e+05
2.395e-01 1.154e+05
2.337e-01 1.260e+05
2.436e-01 1.055e+05
2.399e-01 1.175e+05
2.380e-01 1.084e+05
2.377e-01 1.208e+05
2.365e-01 1.164e+05
2.396e-01 1.186e+05
2.387e-01 1.179e+05
2.399e-01 1.171e+05
2.372e-01 1.152e+05
2.427e-01 1.121e+05
2.365e-01 1.177e+05
2.672e-01 7.107e+04
2.371e-01 1.170e+05
2.521e-01 1.030e+05
2.367e-01 1.184e+05
2.354e-01 1.225e+05
2.433e-01 1.099e+05
2.355e-01 1.201e+05
2.343e-01 1.231e+05
2.441e-01 1.030e+05
2.409e-01 1.189e+05
2.362e-01 1.157e+05
2.335e-01 1.196e+05
2.380e-01 1.181e+05
2.387e-01 1.160e+05
2.358e-01 1.217e+05
2.344e-01 1.196e+05
2.363e-01 1.235e+05
2.421e-01 1.156e+05
2.398e-01 1.197e+05
2.361e-01 1.133e+05
2.432e-01 1.133e+05
2.371e-01 1.200e+05
2.403e-01 1.164e+05
2.401e-01 1.155e+05
2.434e-01 1.083e+05
2.373e-01 1.197e+05
2.360e-01 1.208e+05
2.371e-01 1.148e+05
2.386e-01 1.190e+05
2.363e-01 1.202e+05
2.446e-01 1.124e+05
2.338e-01 1.224e+05
2.372e-01 1.192e+05
2.423e-01 1.155e+05
2.383e-01 1.129e+05
2.368e-01 1.214e+05
2.362e-01 1.236e+05
2.336e-01 1.219e+05
2.407e-01 1.162e+05
2.454e-01 1.130e+05
2.523e-01 9.769e+04
2.376e-01 1.211e+05
2.351e-01 1.217e+05
2.350e-01 1.151e+05
2.378e-01 1.177e+05
2.373e-01 1.213e+05
2.428e-01 1.005e+05
2.345e-01 1.238e+05
2.379e-01 1.166e+05
2.378e-01 1.222e+05
2.535e-01 9.639e+04
2.609e-01 9.086e+04
2.397e-01 1.169e+05
2.330e-01 1.210e+05
2.393e-01 1.213e+05
2.369e-01 1.228e+05
2.367e-01 1.178e+05
2.579e-01 8.322e+04
2.375e-01 1.143e+05
2.379e-01 1.163e+05
2.385e-01 1.161e+05
2.390e-01 1.166e+05
2.348e-01 1.216e+05
2.356e-01 1.201e+05
2.412e-01 1.154e+05
2.391e-01 1.141e+05
2.513e-01 9.765e+04
2.396e-01 1.183e+05
2.402e-01 1.164e+05
2.469e-01 9.922e+04
2.434e-01 1.109e+05
2.358e-01 1.209e+05
2.421e-01 1.116e+05
2.398e-01 1.167e+05
2.427e-01 1.077e+05
2.373e-01 1.194e+05
2.403e-01 1.199e+05
2.366e-01 1.182e+05
2.344e-01 1.219e+05
2.380e-01 1.211e+05
2.342e-01 1.163e+05
2.386e-01 1.189e+05
2.409e-01 1.140e+05
2.417e-01 1.174e+05
2.333e-01 1.232e+05
2.399e-01 1.162e+05
2.427e-01 1.120e+05
2.370e-01 1.209e+05
2.417e-01 1.137e+05
2.426e-01 1.178e+05
2.407e-01 1.178e+05
2.648e-01 6.892e+04
2.413e-01 1.128e+05
2.364e-01 1.192e+05
2.396e-01 1.175e+05
2.672e-01 7.307e+04
2.357e-01 1.185e+05
2.333e-01 1.194e+05
2.402e-01 1.195e+05
2.392e-01 1.162e+05
2.413e-01 1.184e+05
2.369e-01 1.182e+05
2.376e-01 1.196e+05
2.417e-01 1.141e+05
2.376e-01 1.186e+05
2.383e-01 1.134e+05
2.586e-01 8.493e+04
2.388e-01 1.200e+05
2.356e-01 1.129e+05
2.392e-01 1.185e+05
2.415e-01 1.120e+05
2.325e-01 1.248e+05
2.390e-01 1.143e+05
2.360e-01 1.176e+05
2.387e-01 1.157e+05
2.373e-01 1.198e+05
2.394e-01 1.198e+05
2.352e-01 1.253e+05
2.434e-01 1.136e+05
2.408e-01 1.149e+05
2.396e-01 1.133e+05
2.415e-01 1.094e+05
2.386e-01 1.174e+05
2.370e-01 1.204e+05
2.415e-01 1.164e+05
2.387e-01 1.153e+05
2.382e-01 1.183e+05
2.340e-01 1.211e+05
2.412e-01 1.104e+05
2.386e-01 1.166e+05
2.382e-01 1.185e+05
2.440e-01 1.123e+05
2.344e-01 1.194e+05
2.393e-01 1.195e+05
2.371e-01 1.237e+05
2.447e-01 1.128e+05
2.590e-01 7.988e+04
2.353e-01 1.233e+05
2.429e-01 1.086e+05
2.344e-01 1.179e+05
2.386e-01 1.133e+05
2.410e-01 1.110e+05
2.389e-01 1.158e+05
2.377e-01 1.175e+05
2.447e-01 1.104e+05
2.388e-01 1.155e+05
2.384e-01 1.190e+05
2.386e-01 1.164e+05
2.355e-01 1.207e+05
2.385e-01 1.165e+05
2.425e-01 1.150e+05
2.386e-01 1.176e+05
2.387e-01 1.145e+05
2.358e-01 1.208e+05
2.384e-01 1.177e+05
2.420e-01 1.107e+05
2.387e-01 1.209e+05
2.337e-01 1.231e+05
2.369e-01 1.206e+05
2.392e-01 1.207e+05
2.374e-01 1.187e+05
2.355e-01 1.201e+05
2.392e-01 1.158e+05
2.386e-01 1.147e+05
2.408e-01 1.172e+05
2.369e-01 1.197e+05
2.417e-01 1.173e+05
2.385e-01 1.127e+05
2.352e-01 1.207e+05
2.359e-01 1.178e+05
2.358e-01 1.185e+05
2.454e-01 1.115e+05
2.356e-01 1.148e+05
2.422e-01 1.102e+05
2.356e-01 1.199e+05
2.372e-01 1.215e+05
2.421e-01 1.122e+05
2.413e-01 1.077e+05
2.407e-01 1.193e+05
2.352e-01 1.228e+05
2.402e-01 1.155e+05
2.364e-01 1.203e+05
2.399e-01 1.188e+05
2.340e-01 1.221e+05
2.394e-01 1.133e+05
2.385e-01 1.218e+05
2.428e-01 1.161e+05
2.565e-01 8.566e+04
2.389e-01 1.207e+05
2.382e-01 1.174e+05
2.361e-01 1.203e+05
2.356e-01 1.182e+05
2.417e-01 1.100e+05
2.376e-01 1.183e+05
2.361e-01 1.222e+05
2.603e-01 8.469e+04
2.383e-01 1.194e+05
2.417e-01 1.140e+05
2.347e-01 1.235e+05
2.416e-01 1.137e+05
2.397e-01 1.207e+05
2.632e-01 6.887e+04
2.472e-01 9.449e+04
2.401e-01 1.143e+05
2.346e-01 1.197e+05
2.344e-01 1.183e+05
2.394e-01 1.129e+05
2.440e-01 1.065e+05
2.394e-01 1.140e+05
2.441e-01 1.104e+05
2.376e-01 1.172e+05
2.429e-01 1.130e+05
2.376e-01 1.172e+05
2.455e-01 9.553e+04
2.410e-01 1.096e+05
2.371e-01 1.208e+05
2.401e-01 1.126e+05
2.391e-01 1.151e+05
2.395e-01 1.177e+05
2.413e-01 1.114e+05
2.404e-01 1.166e+05
2.378e-01 1.182e+05
2.712e-01 7.139e+04
2.356e-01 1.205e+05
2.396e-01 1.158e+05
2.403e-01 1.133e+05
2.374e-01 1.152e+05
2.460e-01 1.128e+05
2.409e-01 1.169e+05
2.362e-01 1.212e+05
2.383e-01 1.163e+05
2.396e-01 1.196e+05
2.372e-01 1.168e+05
2.352e-01 1.210e+05
2.373e-01 1.157e+05
2.362e-01 1.193e+05
2.529e-01 8.556e+04
2.427e-01 1.111e+05
2.388e-01 1.164e+05
2.415e-01 1.141e+05
2.406e-01 1.194e+05
2.405e-01 1.157e+05
2.362e-01 1.214e+05
2.518e-01 9.415e+04
2.344e-01 1.184e+05
2.396e-01 1.202e+05
2.499e-01 1.007e+05
2.416e-01 1.134e+05
2.412e-01 1.088e+05
2.390e-01 1.162e+05
2.403e-01 1.158e+05
2.387e-01 1.153e+05
2.607e-01 7.785e+04
2.371e-01 1.198e+05
2.400e-01 1.191e+05
2.361e-01 1.192e+05
2.368e-01 1.213e+05
2.336e-01 1.216e+05
2.392e-01 1.146e+05
2.384e-01 1.165e+05
2.610e-01 9.088e+04
2.476e-01 1.099e+05
2.429e-01 1.167e+05
2.407e-01 1.161e+05
2.448e-01 1.081e+05
2.384e-01 1.198e+05
2.387e-01 1.185e+05
2.362e-01 1.205e+05
2.468e-01 1.123e+05
2.453e-01 1.114e+05
2.379e-01 1.197e+05
2.361e-01 1.178e+05
2.422e-01 1.182e+05
2.354e-01 1.187e+05
2.468e-01 1.112e+05
2.340e-01 1.250e+05
2.383e-01 1.182e+05
2.363e-01 1.193e+05
2.435e-01 1.097e+05
2.331e-01 1.203e+05
2.378e-01 1.166e+05
2.391e-01 1.101e+05
2.377e-01 1.179e+05
2.372e-01 1.160e+05
2.722e-01 7.410e+04
2.424e-01 1.180e+05
2.387e-01 1.168e+05
2.358e-01 1.225e+05
2.441e-01 1.139e+05
2.347e-01 1.190e+05
2.346e-01 1.159e+05
2.619e-01 8.049e+04
2.707e-01 7.579e+04
2.386e-01 1.189e+05
2.395e-01 1.188e+05
2.367e-01 1.187e+05
2.411e-01 1.102e+05
2.370e-01 1.229e+05
2.374e-01 1.114e+05
2.403e-01 1.161e+05
2.402e-01 1.127e+05
2.385e-01 1.134e+05
2.391e-01 1.160e+05
2.429e-01 1.122e+05
2.367e-01 1.219e+05
2.631e-01 7.701e+04
2.418e-01 1.103e+05
2.445e-01 9.792e+04
2.344e-01 1.188e+05
2.501e-01 1.082e+05
2.494e-01 1.057e+05
2.388e-01 1.130e+05
2.367e-01 1.224e+05
2.345e-01 1.247e+05
2.365e-01 1.193e+05
2.403e-01 1.146e+05
2.381e-01 1.096e+05
2.372e-01 1.209e+05
2.367e-01 1.158e+05
2.352e-01 1.218e+05
2.401e-01 1.152e+05
2.538e-01 9.346e+04
2.445e-01 1.159e+05
2.399e-01 1.174e+05
2.456e-01 1.129e+05
2.371e-01 1.187e+05
2.432e-01 1.063e+05
2.414e-01 1.163e+05
2.365e-01 1.160e+05
2.360e-01 1.202e+05
2.508e-01 9.625e+04
2.374e-01 1.167e+05
2.417e-01 1.087e+05
2.415e-01 1.127e+05
2.346e-01 1.209e+05
2.407e-01 1.161e+05
2.395e-01 1.169e+05
2.355e-01 1.168e+05
2.379e-01 1.186e+05
2.402e-01 1.162e+05
2.348e-01 1.224e+05
2.672e-01 8.000e+04
2.420e-01 1.148e+05
2.367e-01 1.168e+05
2.368e-01 1.185e+05
2.394e-01 1.137e+05
2.455e-01 1.045e+05
2.353e-01 1.203e+05
2.373e-01 1.232e+05
2.442e-01 1.162e+05
2.381e-01 1.192e+05
2.374e-01 1.204e+05
2.657e-01 7.205e+04
2.370e-01 1.194e+05
2.642e-01 8.749e+04
2.433e-01 1.126e+05
2.433e-01 1.080e+05
2.397e-01 1.157e+05
2.372e-01 1.197e+05
2.348e-01 1.243e+05
2.378e-01 1.231e+05
2.373e-01 1.206e+05
2.422e-01 1.127e+05
2.394e-01 1.055e+05
2.342e-01 1.241e+05
2.437e-01 1.096e+05
2.374e-01 1.169e+05
2.385e-01 1.176e+05
2.360e-01 1.204e+05
2.328e-01 1.224e+05
2.463e-01 1.102e+05
2.416e-01 1.188e+05
2.399e-01 1.161e+05
2.360e-01 1.191e+05
2.333e-01 1.218e+05
2.431e-01 1.065e+05
2.359e-01 1.193e+05
2.390e-01 1.173e+05
2.375e-01 1.208e+05
2.400e-01 1.164e+05
2.441e-01 1.125e+05
2.404e-01 1.181e+05
2.384e-01 1.191e+05
2.366e-01 1.203e+05
2.423e-01 1.138e+05
2.425e-01 1.110e+05
2.376e-01 1.176e+05
2.536e-01 1.012e+05
2.478e-01 1.067e+05
2.374e-01 1.186e+05
2.362e-01 1.213e+05
2.400e-01 1.139e+05
2.359e-01 1.166e+05
2.406e-01 1.183e+05
2.361e-01 1.188e+05
2.484e-01 1.030e+05
2.345e-01 1.241e+05
2.434e-01 1.133e+05
2.617e-01 8.399e+04
2.396e-01 1.172e+05
2.395e-01 1.182e+05
2.756e-01 7.718e+04
2.429e-01 1.060e+05
2.637e-01 8.277e+04
2.410e-01 1.149e+05
2.432e-01 1.162e+05
2.329e-01 1.219e+05
2.378e-01 1.230e+05
2.437e-01 1.033e+05
2.351e-01 1.151e+05
2.380e-01 1.152e+05
2.557e-01 8.843e+04
2.440e-01 1.122e+05
2.416e-01 1.132e+05
2.409e-01 1.112e+05
2.407e-01 1.137e+05
2.407e-01 1.121e+05
2.355e-01 1.133e+05
2.356e-01 1.202e+05
2.490e-01 1.006e+05
2.406e-01 1.112e+05
2.347e-01 1.248e+05
2.395e-01 1.187e+05
2.375e-01 1.204e+05
2.339e-01 1.226e+05
2.455e-01 1.104e+05
2.396e-01 1.166e+05
2.348e-01 1.175e+05
2.349e-01 1.186e+05
2.332e-01 1.240e+05
2.411e-01 1.132e+05
2.379e-01 1.176e+05
2.369e-01 1.199e+05
2.418e-01 1.116e+05
2.421e-01 1.115e+05
2.345e-01 1.206e+05
2.428e-01 1.090e+05
2.410e-01 1.152e+05
2.337e-01 1.255e+05
2.373e-01 1.160e+05
2.424e-01 1.070e+05
2.360e-01 1.161e+05
2.346e-01 1.225e+05
2.400e-01 1.137e+05
2.357e-01 1.206e+05
2.402e-01 1.093e+05
2.340e-01 1.220e+05
2.347e-01 1.249e+05
2.335e-01 1.189e+05
2.411e-01 1.103e+05
2.370e-01 1.170e+05
2.448e-01 1.112e+05
2.357e-01 1.214e+05
2.351e-01 1.188e+05
2.444e-01 1.107e+05
2.400e-01 1.177e+05
2.427e-01 1.162e+05
2.379e-01 1.163e+05
2.399e-01 1.186e+05
2.427e-01 1.144e+05
2.451e-01 1.136e+05
2.384e-01 1.210e+05
2.385e-01 1.222e+05
2.349e-01 1.193e+05
2.341e-01 1.214e+05
2.668e-01 7.405e+04
2.407e-01 1.115e+05
2.346e-01 1.197e+05
2.452e-01 1.135e+05
2.338e-01 1.198e+05
2.334e-01 1.247e+05
2.354e-01 1.172e+05
2.368e-01 1.208e+05
2.346e-01 1.205e+05
2.395e-01 1.143e+05
2.417e-01 1.176e+05
2.408e-01 1.134e+05
2.466e-01 1.069e+05
2.438e-01 1.154e+05
2.529e-01 9.579e+04
2.380e-01 1.056e+05
2.363e-01 1.185e+05
2.389e-01 1.143e+05
2.453e-01 1.131e+05
2.386e-01 1.176e+05
2.581e-01 8.546e+04
2.349e-01 1.195e+05
2.421e-01 1.132e+05
2.341e-01 1.219e+05
2.589e-01 8.729e+04
2.363e-01 1.199e+05
2.387e-01 1.201e+05
2.377e-01 1.192e+05
2.473e-01 9.822e+04
2.355e-01 1.194e+05
2.449e-01 1.130e+05
2.391e-01 1.223e+05
2.430e-01 1.142e+05
2.377e-01 1.173e+05
2.342e-01 1.186e+05
2.381e-01 1.140e+05
2.428e-01 1.143e+05
2.324e-01 1.235e+05
2.669e-01 7.718e+04
2.476e-01 1.064e+05
2.346e-01 1.255e+05
2.365e-01 1.165e+05
2.422e-01 1.030e+05
2.352e-01 1.197e+05
2.349e-01 1.186e+05
2.383e-01 1.194e+05
2.365e-01 1.203e+05
2.398e-01 1.167e+05
2.401e-01 1.166e+05
2.411e-01 1.172e+05
2.382e-01 1.142e+05
2.373e-01 1.165e+05
2.364e-01 1.192e+05
2.565e-01 7.965e+04
2.396e-01 1.154e+05
2.394e-01 1.219e+05
2.388e-01 1.171e+05
2.398e-01 1.203e+05
2.386e-01 1.181e+05
2.380e-01 1.172e+05
2.329e-01 1.243e+05
2.421e-01 1.183e+05
2.372e-01 1.192e+05
2.374e-01 1.172e+05
2.391e-01 1.163e+05
2.439e-01 1.091e+05
2.646e-01 7.045e+04
2.337e-01 1.230e+05
2.401e-01 1.136e+05
2.361e-01 1.208e+05
2.387e-01 1.128e+05
2.418e-01 1.164e+05
2.514e-01 9.216e+04
2.381e-01 1.200e+05
2.601e-01 8.614e+04
2.379e-01 1.199e+05
2.332e-01 1.209e+05
2.463e-01 1.076e+05
2.368e-01 1.172e+05
2.353e-01 1.182e+05
2.355e-01 1.176e+05
2.388e-01 1.168e+05
2.508e-01 9.451e+04
2.577e-01 9.647e+04
2.357e-01 1.182e+05
2.340e-01 1.160e+05
2.388e-01 1.104e+05
2.501e-01 1.081e+05
2.404e-01 1.172e+05
2.417e-01 1.088e+05
2.366e-01 1.185e+05
2.363e-01 1.224e+05
2.453e-01 1.058e+05
2.421e-01 1.049e+05
2.389e-01 1.161e+05
2.350e-01 1.233e+05
2.457e-01 1.012e+05
2.411e-01 1.089e+05
2.372e-01 1.185e+05
2.381e-01 1.171e+05
2.377e-01 1.171e+05
2.383e-01 1.199e+05
2.454e-01 1.082e+05
2.379e-01 1.187e+05
2.574e-01 8.976e+04
2.357e-01 1.184e+05
2.357e-01 1.136e+05
2.400e-01 1.184e+05
2.388e-01 1.218e+05
2.383e-01 1.149e+05
2.364e-01 1.204e+05
2.343e-01 1.242e+05
2.512e-01 9.440e+04
2.486e-01 9.346e+04
2.386e-01 1.176e+05
2.338e-01 1.237e+05
2.401e-01 1.181e+05
2.409e-01 1.175e+05
2.353e-01 1.164e+05
2.365e-01 1.218e+05
2.389e-01 1.217e+05
2.388e-01 1.202e+05
2.378e-01 1.179e+05
2.387e-01 1.160e+05
2.396e-01 1.154e+05
2.366e-01 1.211e+05
2.406e-01 1.045e+05
2.345e-01 1.154e+05
2.393e-01 1.182e+05
2.377e-01 1.141e+05
2.361e-01 1.247e+05
2.371e-01 1.200e+05
2.417e-01 1.103e+05
2.364e-01 1.211e+05
2.339e-01 1.247e+05
2.406e-01 1.169e+05
2.381e-01 1.112e+05
2.403e-01 1.181e+05
2.470e-01 1.129e+05
2.399e-01 1.195e+05
2.409e-01 1.192e+05
2.387e-01 1.189e+05
2.338e-01 1.241e+05
2.371e-01 1.178e+05
2.358e-01 1.207e+05
2.394e-01 1.183e+05
2.362e-01 1.167e+05
2.386e-01 1.178e+05
2.388e-01 1.155e+05
2.330e-01 1.232e+05
2.399e-01 1.142e+05
2.366e-01 1.118e+05
2.360e-01 1.225e+05
2.460e-01 1.084e+05
2.373e-01 1.194e+05
2.403e-01 1.159e+05
2.408e-01 1.148e+05
2.372e-01 1.173e+05
2.409e-01 1.169e+05
2.386e-01 1.191e+05
2.450e-01 1.057e+05
2.424e-01 1.169e+05
2.360e-01 1.188e+05
2.329e-01 1.257e+05
2.519e-01 1.033e+05
2.385e-01 1.110e+05
2.398e-01 1.146e+05
2.376e-01 1.185e+05
2.391e-01 1.112e+05
2.342e-01 1.247e+05
2.373e-01 1.195e+05
2.418e-01 1.134e+05
2.363e-01 1.219e+05
2.369e-01 1.196e+05
2.436e-01 1.175e+05
2.352e-01 1.219e+05
2.334e-01 1.211e+05
2.445e-01 1.064e+05
2.396e-01 1.140e+05
2.417e-01 1.127e+05
2.388e-01 1.202e+05
2.376e-01 1.196e+05
2.398e-01 1.163e+05
2.402e-01 1.176e+05
2.338e-01 1.249e+05
2.336e-01 1.252e+05
2.380e-01 1.084e+05
