2.354e-01 1.189e+05
2.358e-01 1.162e+05
2.334e-01 1.209e+05
2.382e-01 1.146e+05
2.669e-01 7.986e+04
2.602e-01 8.663e+04
2.379e-01 1.151e+05
2.312e-01 1.204e+05
2.360e-01 1.215e+05
2.383e-01 1.083e+05
2.405e-01 1.093e+05
2.336e-01 1.226e+05
2.390e-01 1.208e+05
2.340e-01 1.204e+05
2.788e-01 7.110e+04
2.420e-01 1.041e+05
2.307e-01 1.256e+05
2.360e-01 1.183e+05
2.374e-01 1.162e+05
2.402e-01 1.160e+05
2.308e-01 1.218e+05
2.818e-01 7.009e+04
2.339e-01 1.210e+05
2.303e-01 1.232e+05
2.408e-01 1.122e+05
2.329e-01 1.216e+05
2.324e-01 1.180e+05
2.316e-01 1.262e+05
2.371e-01 1.146e+05
2.341e-01 1.213e+05
2.364e-01 1.225e+05
2.349e-01 1.236e+05
2.409e-01 1.170e+05
2.336e-01 1.169e+05
2.310e-01 1.242e+05
2.390e-01 1.155e+05
2.411e-01 1.095e+05
2.399e-01 1.054e+05
2.332e-01 1.189e+05
2.528e-01 9.625e+04
2.316e-01 1.210e+05
2.361e-01 1.208e+05
2.330e-01 1.217e+05
2.342e-01 1.185e+05
2.386e-01 1.093e+05
2.414e-01 1.164e+05
2.343e-01 1.203e+05
2.401e-01 1.133e+05
2.404e-01 1.167e+05
2.372e-01 1.194e+05
2.386e-01 1.162e+05
2.395e-01 1.101e+05
2.376e-01 1.206e+05
2.399e-01 1.138e+05
2.335e-01 1.226e+05
2.329e-01 1.211e+05
2.317e-01 1.201e+05
2.332e-01 1.200e+05
2.403e-01 1.124e+05
2.357e-01 1.233e+05
2.363e-01 1.219e+05
2.427e-01 1.134e+05
2.340e-01 1.222e+05
2.352e-01 1.183e+05
2.343e-01 1.243e+05
2.343e-01 1.216e+05
2.363e-01 1.155e+05
2.336e-01 1.171e+05
2.317e-01 1.250e+05
2.377e-01 1.180e+05
2.372e-01 1.181e+05
2.704e-01 7.817e+04
2.693e-01 6.775e+04
2.388e-01 1.178e+05
2.378e-01 1.175e+05
2.328e-01 1.187e+05
2.366e-01 1.147e+05
2.366e-01 1.169e+05
2.334e-01 1.237e+05
2.346e-01 1.187e+05
2.361e-01 1.164e+05
2.362e-01 1.117e+05
2.350e-01 1.212e+05
2.329e-01 1.190e+05
2.348e-01 1.230e+05
2.391e-01 1.157e+05
2.338e-01 1.163e+05
2.402e-01 1.129e+05
2.343e-01 1.222e+05
2.440e-01 1.141e+05
2.348e-01 1.206e+05
2.447e-01 1.078e+05
2.369e-01 1.177e+05
2.420e-01 1.132e+05
2.354e-01 1.150e+05
2.375e-01 1.158e+05
2.386e-01 1.101e+05
2.368e-01 1.200e+05
2.336e-01 1.198e+05
2.348e-01 1.245e+05
2.324e-01 1.250e+05
2.356e-01 1.137e+05
2.486e-01 9.844e+04
2.342e-01 1.211e+05
2.362e-01 1.180e+05
2.353e-01 1.169e+05
2.431e-01 1.127e+05
2.363e-01 1.151e+05
2.390e-01 1.158e+05
2.350e-01 1.205e+05
2.309e-01 1.205e+05
2.338e-01 1.190e+05
2.342e-01 1.210e+05
2.351e-01 1.173e+05
2.319e-01 1.264e+05
2.374e-01 1.172e+05
2.315e-01 1.217e+05
2.365e-01 1.200e+05
2.343e-01 1.213e+05
2.368e-01 1.171e+05
2.393e-01 1.175e+05
2.370e-01 1.217e+05
2.406e-01 1.178e+05
2.345e-01 1.206e+05
2.362e-01 1.188e+05
2.377e-01 1.200e+05
2.702e-01 7.174e+04
2.347e-01 1.235e+05
2.349e-01 1.186e+05
2.309e-01 1.190e+05
2.374e-01 1.166e+05
2.358e-01 1.223e+05
2.373e-01 1.133e+05
2.346e-01 1.196e+05
2.406e-01 1.123e+05
2.303e-01 1.205e+05
2.363e-01 1.196e+05
2.434e-01 1.129e+05
2.470e-01 1.049e+05
2.340e-01 1.203e+05
2.459e-01 1.088e+05
2.342e-01 1.170e+05
2.345e-01 1.199e+05
2.375e-01 1.171e+05
2.684e-01 7.064e+04
2.406e-01 1.120e+05
2.357e-01 1.114e+05
2.363e-01 1.174e+05
2.329e-01 1.254e+05
2.339e-01 1.205e+05
2.336e-01 1.196e+05
2.392e-01 1.182e+05
2.397e-01 1.184e+05
2.525e-01 8.448e+04
2.353e-01 1.200e+05
2.345e-01 1.174e+05
2.371e-01 1.191e+05
2.309e-01 1.215e+05
2.373e-01 1.178e+05
2.359e-01 1.172e+05
2.318e-01 1.260e+05
2.348e-01 1.242e+05
2.402e-01 1.132e+05
2.347e-01 1.204e+05
2.350e-01 1.205e+05
2.390e-01 1.190e+05
2.412e-01 1.121e+05
2.401e-01 1.157e+05
2.349e-01 1.212e+05
2.315e-01 1.177e+05
2.345e-01 1.187e+05
2.423e-01 1.116e+05
2.351e-01 1.213e+05
2.370e-01 1.213e+05
2.421e-01 1.167e+05
2.357e-01 1.194e+05
2.324e-01 1.230e+05
2.534e-01 8.957e+04
2.307e-01 1.241e+05
2.371e-01 1.220e+05
2.373e-01 1.211e+05
2.638e-01 7.403e+04
2.373e-01 1.124e+05
2.397e-01 1.183e+05
2.363e-01 1.172e+05
2.365e-01 1.194e+05
2.368e-01 1.226e+05
2.403e-01 1.161e+05
2.328e-01 1.176e+05
2.354e-01 1.218e+05
2.368e-01 1.196e+05
2.308e-01 1.225e+05
2.496e-01 1.041e+05
2.384e-01 1.206e+05
2.305e-01 1.257e+05
2.545e-01 9.430e+04
2.349e-01 1.225e+05
2.420e-01 1.094e+05
2.341e-01 1.175e+05
2.330e-01 1.253e+05
2.403e-01 1.165e+05
2.396e-01 1.125e+05
2.542e-01 8.548e+04
2.365e-01 1.207e+05
2.390e-01 1.167e+05
2.369e-01 1.192e+05
2.320e-01 1.240e+05
2.362e-01 1.172e+05
2.319e-01 1.216e+05
2.388e-01 1.156e+05
2.349e-01 1.183e+05
2.346e-01 1.197e+05
2.364e-01 1.210e+05
2.345e-01 1.162e+05
2.381e-01 1.181e+05
2.340e-01 1.204e+05
2.388e-01 1.126e+05
2.367e-01 1.170e+05
2.372e-01 1.140e+05
2.472e-01 1.075e+05
2.371e-01 1.208e+05
2.395e-01 1.158e+05
2.343e-01 1.187e+05
2.611e-01 8.864e+04
2.345e-01 1.240e+05
2.580e-01 8.439e+04
2.331e-01 1.167e+05
2.387e-01 1.171e+05
2.326e-01 1.249e+05
2.351e-01 1.202e+05
2.319e-01 1.206e+05
2.431e-01 1.149e+05
2.347e-01 1.218e+05
2.389e-01 1.088e+05
2.308e-01 1.247e+05
2.356e-01 1.216e+05
2.352e-01 1.166e+05
2.383e-01 1.157e+05
2.365e-01 1.227e+05
2.408e-01 1.156e+05
2.386e-01 1.200e+05
2.357e-01 1.194e+05
2.347e-01 1.138e+05
2.322e-01 1.196e+05
2.418e-01 1.132e+05
2.325e-01 1.238e+05
2.317e-01 1.232e+05
2.668e-01 7.941e+04
2.545e-01 8.626e+04
2.354e-01 1.189e+05
2.381e-01 1.163e+05
2.332e-01 1.200e+05
2.421e-01 1.116e+05
2.341e-01 1.196e+05
2.383e-01 1.165e+05
2.363e-01 1.173e+05
2.371e-01 1.188e+05
2.383e-01 1.125e+05
2.363e-01 1.178e+05
2.383e-01 1.181e+05
2.403e-01 1.144e+05
2.382e-01 1.203e+05
2.444e-01 1.071e+05
2.714e-01 7.987e+04
2.607e-01 7.973e+04
2.299e-01 1.211e+05
2.364e-01 1.194e+05
2.419e-01 1.048e+05
2.339e-01 1.214e+05
2.413e-01 1.137e+05
2.373e-01 1.166e+05
2.353e-01 1.204e+05
2.701e-01 6.962e+04
2.383e-01 1.165e+05
2.339e-01 1.209e+05
2.789e-01 7.235e+04
2.359e-01 1.198e+05
2.367e-01 1.168e+05
2.413e-01 1.064e+05
2.355e-01 1.187e+05
2.347e-01 1.190e+05
2.374e-01 1.174e+05
2.393e-01 1.072e+05
2.327e-01 1.238e+05
2.676e-01 6.993e+04
2.378e-01 1.178e+05
2.395e-01 1.187e+05
2.332e-01 1.188e+05
2.404e-01 1.149e+05
2.355e-01 1.201e+05
2.442e-01 1.140e+05
2.454e-01 9.863e+04
2.309e-01 1.210e+05
2.676e-01 7.893e+04
2.345e-01 1.190e+05
2.318e-01 1.198e+05
2.309e-01 1.206e+05
2.314e-01 1.202e+05
2.356e-01 1.174e+05
2.380e-01 1.113e+05
2.418e-01 1.030e+05
2.357e-01 1.168e+05
2.321e-01 1.195e+05
2.388e-01 1.184e+05
2.368e-01 1.167e+05
2.465e-01 9.892e+04
2.408e-01 1.136e+05
2.371e-01 1.167e+05
2.323e-01 1.240e+05
2.384e-01 1.162e+05
2.733e-01 7.544e+04
2.388e-01 1.144e+05
2.355e-01 1.190e+05
2.370e-01 1.147e+05
2.377e-01 1.145e+05
2.383e-01 1.167e+05
2.361e-01 1.171e+05
2.353e-01 1.225e+05
2.346e-01 1.203e+05
2.393e-01 1.145e+05
2.385e-01 1.188e+05
2.380e-01 1.181e+05
2.335e-01 1.191e+05
2.353e-01 1.202e+05
2.318e-01 1.193e+05
2.409e-01 1.156e+05
2.352e-01 1.184e+05
2.349e-01 1.193e+05
2.319e-01 1.165e+05
2.334e-01 1.198e+05
2.328e-01 1.216e+05
2.441e-01 1.101e+05
2.415e-01 1.144e+05
2.325e-01 1.225e+05
2.390e-01 1.160e+05
2.331e-01 1.164e+05
2.361e-01 1.174e+05
2.377e-01 1.176e+05
2.341e-01 1.196e+05
2.389e-01 1.197e+05
2.378e-01 1.190e+05
2.543e-01 9.147e+04
2.557e-01 9.887e+04
2.315e-01 1.177e+05
2.391e-01 1.139e+05
2.371e-01 1.155e+05
2.344e-01 1.170e+05
2.388e-01 1.173e+05
2.351e-01 1.226e+05
2.438e-01 1.069e+05
2.384e-01 1.181e+05
2.318e-01 1.219e+05
2.386e-01 1.173e+05
2.441e-01 9.438e+04
2.370e-01 1.179e+05
2.323e-01 1.231e+05
2.359e-01 1.138e+05
2.416e-01 1.128e+05
2.346e-01 1.212e+05
2.380e-01 1.175e+05
2.378e-01 1.183e+05
2.354e-01 1.155e+05
2.432e-01 1.144e+05
2.396e-01 1.170e+05
2.366e-01 1.128e+05
2.363e-01 1.211e+05
2.386e-01 1.153e+05
2.366e-01 1.156e+05
2.394e-01 1.157e+05
2.342e-01 1.218e+05
2.353e-01 1.177e+05
2.360e-01 1.228e+05
2.349e-01 1.171e+05
2.363e-01 1.167e+05
2.608e-01 9.519e+04
2.489e-01 9.837e+04
2.333e-01 1.244e+05
2.374e-01 1.165e+05
2.678e-01 8.353e+04
2.346e-01 1.150e+05
2.396e-01 1.136e+05
2.315e-01 1.237e+05
2.421e-01 1.126e+05
2.369e-01 1.162e+05
2.340e-01 1.186e+05
2.320e-01 1.243e+05
2.357e-01 1.102e+05
2.316e-01 1.236e+05
2.322e-01 1.215e+05
2.411e-01 1.129e+05
2.324e-01 1.174e+05
2.620e-01 7.864e+04
2.366e-01 1.221e+05
2.331e-01 1.193e+05
2.373e-01 1.177e+05
2.371e-01 1.191e+05
2.405e-01 1.120e+05
2.323e-01 1.160e+05
2.406e-01 1.173e+05
2.382e-01 1.206e+05
2.350e-01 1.203e+05
2.364e-01 1.199e+05
2.361e-01 1.194e+05
2.363e-01 1.176e+05
2.385e-01 1.101e+05
2.315e-01 1.251e+05
2.356e-01 1.155e+05
2.327e-01 1.234e+05
2.348e-01 1.173e+05
2.358e-01 1.206e+05
2.376e-01 1.170e+05
2.325e-01 1.233e+05
2.321e-01 1.233e+05
2.354e-01 1.208e+05
2.361e-01 1.206e+05
2.363e-01 1.191e+05
2.359e-01 1.163e+05
2.359e-01 1.151e+05
2.354e-01 1.215e+05
2.313e-01 1.252e+05
2.317e-01 1.204e+05
2.398e-01 1.165e+05
2.306e-01 1.230e+05
2.336e-01 1.198e+05
2.332e-01 1.211e+05
2.410e-01 1.157e+05
2.336e-01 1.172e+05
2.329e-01 1.218e+05
2.312e-01 1.234e+05
2.331e-01 1.195e+05
2.321e-01 1.175e+05
2.357e-01 1.167e+05
2.332e-01 1.184e+05
2.593e-01 9.849e+04
2.414e-01 1.132e+05
2.308e-01 1.214e+05
2.401e-01 1.155e+05
2.331e-01 1.206e+05
2.300e-01 1.264e+05
2.333e-01 1.197e+05
2.363e-01 1.203e+05
2.374e-01 1.162e+05
2.544e-01 9.703e+04
2.347e-01 1.215e+05
2.350e-01 1.180e+05
2.611e-01 8.776e+04
2.398e-01 1.166e+05
2.552e-01 9.073e+04
2.360e-01 1.180e+05
2.296e-01 1.253e+05
2.338e-01 1.203e+05
2.344e-01 1.203e+05
2.351e-01 1.199e+05
2.337e-01 1.200e+05
2.398e-01 1.172e+05
2.362e-01 1.204e+05
2.374e-01 1.068e+05
2.343e-01 1.207e+05
2.373e-01 1.202e+05
2.566e-01 9.169e+04
2.596e-01 9.390e+04
2.349e-01 1.196e+05
2.392e-01 1.137e+05
2.316e-01 1.240e+05
2.346e-01 1.205e+05
2.362e-01 1.148e+05
2.454e-01 1.078e+05
2.381e-01 1.146e+05
2.363e-01 1.117e+05
2.311e-01 1.186e+05
2.355e-01 1.200e+05
2.343e-01 1.204e+05
2.311e-01 1.233e+05
2.326e-01 1.216e+05
2.594e-01 8.699e+04
2.355e-01 1.237e+05
2.350e-01 1.183e+05
2.585e-01 9.267e+04
2.341e-01 1.150e+05
2.341e-01 1.224e+05
2.342e-01 1.145e+05
2.371e-01 1.150e+05
2.363e-01 1.187e+05
2.431e-01 1.132e+05
2.581e-01 8.378e+04
2.372e-01 1.172e+05
2.366e-01 1.157e+05
2.375e-01 1.163e+05
2.311e-01 1.217e+05
2.364e-01 1.181e+05
2.470e-01 9.050e+04
2.329e-01 1.189e+05
2.365e-01 1.161e+05
2.375e-01 1.136e+05
2.385e-01 1.178e+05
2.418e-01 1.131e+05
2.408e-01 1.172e+05
2.325e-01 1.207e+05
2.328e-01 1.205e+05
2.404e-01 1.078e+05
2.392e-01 1.103e+05
2.544e-01 1.019e+05
2.332e-01 1.212e+05
2.370e-01 1.171e+05
2.356e-01 1.194e+05
2.315e-01 1.221e+05
2.384e-01 1.166e+05
2.328e-01 1.209e+05
2.385e-01 1.158e+05
2.360e-01 1.225e+05
2.366e-01 1.204e+05
2.388e-01 1.147e+05
2.338e-01 1.207e+05
2.353e-01 1.214e+05
2.377e-01 1.170e+05
2.684e-01 7.754e+04
2.325e-01 1.237e+05
2.401e-01 1.145e+05
2.383e-01 1.138e+05
2.299e-01 1.229e+05
2.442e-01 1.151e+05
2.309e-01 1.240e+05
2.412e-01 1.098e+05
2.485e-01 9.513e+04
2.333e-01 1.208e+05
2.338e-01 1.195e+05
2.353e-01 1.190e+05
2.397e-01 1.165e+05
2.397e-01 1.180e+05
2.358e-01 1.197e+05
2.383e-01 1.175e+05
2.350e-01 1.174e+05
2.430e-01 1.042e+05
2.345e-01 1.228e+05
2.309e-01 1.184e+05
2.366e-01 1.191e+05
2.358e-01 1.171e+05
2.350e-01 1.211e+05
2.337e-01 1.199e+05
2.367e-01 1.161e+05
2.341e-01 1.197e+05
2.314e-01 1.226e+05
2.319e-01 1.218e+05
2.379e-01 1.183e+05
2.342e-01 1.220e+05
2.337e-01 1.178e+05
2.366e-01 1.172e+05
2.342e-01 1.211e+05
2.366e-01 1.166e+05
2.353e-01 1.228e+05
2.371e-01 1.198e+05
2.362e-01 1.147e+05
2.385e-01 1.164e+05
2.373e-01 1.143e+05
2.323e-01 1.220e+05
2.358e-01 1.146e+05
2.347e-01 1.234e+05
2.335e-01 1.220e+05
2.360e-01 1.173e+05
2.345e-01 1.174e+05
2.321e-01 1.152e+05
2.429e-01 1.140e+05
2.331e-01 1.235e+05
2.311e-01 1.227e+05
2.372e-01 1.131e+05
2.318e-01 1.203e+05
2.377e-01 1.185e+05
2.321e-01 1.232e+05
2.319e-01 1.210e+05
2.309e-01 1.185e+05
2.350e-01 1.199e+05
2.352e-01 1.180e+05
2.307e-01 1.219e+05
2.353e-01 1.197e+05
2.397e-01 1.184e+05
2.363e-01 1.200e+05
2.405e-01 1.145e+05
2.541e-01 9.051e+04
2.373e-01 1.209e+05
2.358e-01 1.191e+05
2.375e-01 1.151e+05
2.371e-01 1.208e+05
2.387e-01 1.165e+05
2.416e-01 1.132e+05
2.363e-01 1.185e+05
2.399e-01 1.169e+05
2.348e-01 1.237e+05
2.430e-01 1.165e+05
2.346e-01 1.199e+05
2.350e-01 1.163e+05
2.368e-01 1.179e+05
2.360e-01 1.204e+05
2.359e-01 1.169e+05
2.462e-01 1.094e+05
2.342e-01 1.186e+05
2.303e-01 1.215e+05
2.372e-01 1.211e+05
2.375e-01 1.160e+05
2.673e-01 8.178e+04
2.353e-01 1.215e+05
2.326e-01 1.193e+05
2.376e-01 1.140e+05
2.335e-01 1.200e+05
2.338e-01 1.196e+05
2.351e-01 1.207e+05
2.405e-01 1.148e+05
2.367e-01 1.155e+05
2.379e-01 1.166e+05
2.655e-01 8.118e+04
2.364e-01 1.198e+05
2.341e-01 1.201e+05
2.312e-01 1.216e+05
2.332e-01 1.248e+05
2.363e-01 1.203e+05
2.638e-01 7.890e+04
2.364e-01 1.171e+05
2.356e-01 1.211e+05
2.391e-01 1.150e+05
2.345e-01 1.214e+05
2.351e-01 1.176e+05
2.325e-01 1.206e+05
2.358e-01 1.122e+05
2.359e-01 1.173e+05
2.340e-01 1.215e+05
2.319e-01 1.229e+05
2.331e-01 1.236e+05
2.350e-01 1.231e+05
2.375e-01 1.120e+05
2.333e-01 1.244e+05
2.360e-01 1.184e+05
2.369e-01 1.175e+05
2.381e-01 1.209e+05
2.413e-01 1.014e+05
2.391e-01 1.137e+05
2.381e-01 1.146e+05
2.365e-01 1.202e+05
2.353e-01 1.169e+05
2.325e-01 1.201e+05
2.351e-01 1.186e+05
2.336e-01 1.237e+05
2.376e-01 1.186e+05
2.600e-01 8.667e+04
2.327e-01 1.195e+05
2.372e-01 1.197e+05
2.634e-01 7.055e+04
2.389e-01 1.153e+05
2.332e-01 1.200e+05
2.340e-01 1.220e+05
2.352e-01 1.138e+05
2.354e-01 1.178e+05
2.355e-01 1.200e+05
2.357e-01 1.153e+05
2.333e-01 1.198e+05
2.346e-01 1.190e+05
2.371e-01 1.136e+05
2.398e-01 1.137e+05
2.378e-01 1.206e+05
2.341e-01 1.217e+05
2.438e-01 1.106e+05
2.718e-01 6.897e+04
2.337e-01 1.225e+05
2.353e-01 1.162e+05
2.369e-01 1.105e+05
2.355e-01 1.147e+05
2.323e-01 1.236e+05
2.395e-01 1.167e+05
2.364e-01 1.170e+05
2.371e-01 1.198e+05
2.564e-01 8.917e+04
2.400e-01 1.058e+05
2.312e-01 1.186e+05
2.377e-01 1.151e+05
2.566e-01 8.800e+04
2.385e-01 1.119e+05
2.417e-01 1.146e+05
2.359e-01 1.204e+05
2.394e-01 1.181e+05
2.382e-01 1.177e+05
2.361e-01 1.203e+05
2.373e-01 1.188e+05
2.363e-01 1.205e+05
2.361e-01 1.190e+05
2.342e-01 1.217e+05
2.373e-01 1.107e+05
2.318e-01 1.177e+05
2.300e-01 1.229e+05
2.385e-01 1.038e+05
2.374e-01 1.191e+05
2.341e-01 1.189e+05
2.418e-01 1.038e+05
2.403e-01 1.148e+05
2.378e-01 1.178e+05
2.376e-01 1.212e+05
2.342e-01 1.231e+05
2.351e-01 1.200e+05
2.324e-01 1.223e+05
2.335e-01 1.230e+05
2.323e-01 1.224e+05
2.346e-01 1.176e+05
2.624e-01 8.949e+04
2.363e-01 1.148e+05
2.360e-01 1.213e+05
2.347e-01 1.181e+05
2.396e-01 1.181e+05
2.378e-01 1.168e+05
2.363e-01 1.168e+05
2.350e-01 1.220e+05
2.396e-01 1.130e+05
2.358e-01 1.172e+05
2.393e-01 1.148e+05
2.344e-01 1.151e+05
2.321e-01 1.212e+05
2.622e-01 8.594e+04
2.380e-01 1.182e+05
2.313e-01 1.238e+05
2.374e-01 1.202e+05
2.383e-01 1.156e+05
2.346e-01 1.208e+05
2.375e-01 1.132e+05
2.472e-01 9.327e+04
2.718e-01 7.192e+04
2.424e-01 1.090e+05
2.351e-01 1.186e+05
2.387e-01 1.160e+05
2.379e-01 1.183e+05
2.330e-01 1.177e+05
2.323e-01 1.193e+05
2.551e-01 9.658e+04
2.375e-01 1.057e+05
2.465e-01 9.957e+04
2.351e-01 1.204e+05
2.389e-01 1.171e+05
2.349e-01 1.240e+05
2.585e-01 8.958e+04
2.334e-01 1.195e+05
2.387e-01 1.162e+05
2.313e-01 1.218e+05
2.397e-01 1.173e+05
2.324e-01 1.154e+05
2.386e-01 1.172e+05
2.336e-01 1.215e+05
2.346e-01 1.211e+05
2.342e-01 1.233e+05
2.303e-01 1.238e+05
2.334e-01 1.191e+05
2.568e-01 9.470e+04
2.321e-01 1.168e+05
2.347e-01 1.203e+05
2.370e-01 1.204e+05
2.324e-01 1.225e+05
2.482e-01 1.040e+05
2.345e-01 1.172e+05
2.362e-01 1.227e+05
2.329e-01 1.223e+05
2.417e-01 1.125e+05
2.360e-01 1.224e+05
2.738e-01 7.026e+04
2.439e-01 1.121e+05
2.449e-01 1.059e+05
2.369e-01 1.150e+05
2.355e-01 1.214e+05
2.419e-01 1.106e+05
2.400e-01 1.132e+05
2.388e-01 1.209e+05
2.402e-01 1.119e+05
2.334e-01 1.169e+05
2.364e-01 1.191e+05
2.321e-01 1.239e+05
2.346e-01 1.207e+05
2.423e-01 1.156e+05
2.376e-01 1.150e+05
2.403e-01 1.171e+05
2.378e-01 1.168e+05
2.353e-01 1.213e+05
2.356e-01 1.190e+05
2.380e-01 1.162e+05
2.328e-01 1.195e+05
2.302e-01 1.241e+05
2.393e-01 1.164e+05
2.404e-01 1.109e+05
2.394e-01 1.158e+05
2.380e-01 1.171e+05
2.355e-01 1.197e+05
2.685e-01 7.495e+04
2.298e-01 1.212e+05
2.302e-01 1.260e+05
2.329e-01 1.220e+05
2.462e-01 1.066e+05
2.362e-01 1.170e+05
2.373e-01 1.203e+05
2.359e-01 1.194e+05
2.349e-01 1.201e+05
2.317e-01 1.224e+05
2.673e-01 7.568e+04
2.339e-01 1.207e+05
2.381e-01 1.212e+05
2.541e-01 8.717e+04
2.405e-01 1.140e+05
2.366e-01 1.159e+05
2.364e-01 1.202e+05
2.467e-01 9.855e+04
2.460e-01 1.038e+05
2.362e-01 1.188e+05
2.346e-01 1.200e+05
2.320e-01 1.220e+05
2.370e-01 1.190e+05
2.400e-01 1.178e+05
2.380e-01 1.169e+05
2.449e-01 1.010e+05
2.357e-01 1.206e+05
2.319e-01 1.219e+05
2.453e-01 1.131e+05
2.360e-01 1.202e+05
2.313e-01 1.209e+05
2.307e-01 1.214e+05
2.375e-01 1.221e+05
2.373e-01 1.207e+05
2.404e-01 1.141e+05
2.398e-01 1.131e+05
2.744e-01 7.405e+04
2.374e-01 1.152e+05
2.301e-01 1.231e+05
2.359e-01 1.192e+05
2.661e-01 7.082e+04
2.351e-01 1.165e+05
2.333e-01 1.196e+05
2.356e-01 1.236e+05
2.345e-01 1.208e+05
2.739e-01 7.724e+04
2.337e-01 1.146e+05
2.333e-01 1.192e+05
2.349e-01 1.240e+05
2.374e-01 1.187e+05
2.766e-01 6.869e+04
2.435e-01 1.015e+05
2.322e-01 1.232e+05
2.342e-01 1.208e+05
2.383e-01 1.139e+05
2.329e-01 1.228e+05
2.369e-01 1.108e+05
2.423e-01 1.166e+05
2.359e-01 1.192e+05
2.322e-01 1.250e+05
2.338e-01 1.187e+05
2.631e-01 8.937e+04
2.322e-01 1.198e+05
2.342e-01 1.212e+05
2.319e-01 1.211e+05
2.796e-01 7.140e+04
2.341e-01 1.225e+05
2.362e-01 1.176e+05
2.342e-01 1.211e+05
2.425e-01 1.132e+05
2.332e-01 1.227e+05
2.340e-01 1.210e+05
2.653e-01 7.611e+04
2.337e-01 1.172e+05
2.447e-01 1.087e+05
2.354e-01 1.166e+05
2.360e-01 1.160e+05
2.334e-01 1.135e+05
2.344e-01 1.238e+05
2.320e-01 1.187e+05
2.411e-01 1.173e+05
2.326e-01 1.234e+05
2.320e-01 1.175e+05
2.358e-01 1.176e+05
2.359e-01 1.227e+05
2.343e-01 1.168e+05
2.451e-01 1.144e+05
2.647e-01 7.840e+04
2.354e-01 1.142e+05
2.292e-01 1.245e+05
2.405e-01 1.141e+05
2.402e-01 1.083e+05
2.331e-01 1.223e+05
2.379e-01 1.207e+05
2.325e-01 1.192e+05
2.359e-01 1.184e+05
2.319e-01 1.207e+05
2.325e-01 1.190e+05
2.372e-01 1.222e+05
2.379e-01 1.170e+05
2.355e-01 1.136e+05
2.341e-01 1.252e+05
2.395e-01 1.125e+05
2.342e-01 1.221e+05
2.310e-01 1.207e+05
2.503e-01 9.740e+04
2.326e-01 1.192e+05
2.409e-01 1.173e+05
2.520e-01 9.417e+04
2.453e-01 1.107e+05
2.351e-01 1.195e+05
2.459e-01 9.883e+04
2.540e-01 9.791e+04
2.368e-01 1.199e+05
2.369e-01 1.185e+05
2.380e-01 1.204e+05
2.350e-01 1.161e+05
2.367e-01 1.172e+05
2.394e-01 1.165e+05
2.370e-01 1.184e+05
2.316e-01 1.197e+05
2.363e-01 1.196e+05
2.375e-01 1.159e+05
2.445e-01 1.139e+05
2.317e-01 1.229e+05
2.380e-01 1.161e+05
2.354e-01 1.205e+05
2.334e-01 1.181e+05
2.341e-01 1.210e+05
2.395e-01 1.174e+05
2.315e-01 1.256e+05
2.373e-01 1.219e+05
2.378e-01 1.163e+05
2.374e-01 1.167e+05
2.366e-01 1.179e+05
2.732e-01 6.767e+04
2.397e-01 1.159e+05
2.349e-01 1.164e+05
2.391e-01 1.181e+05
2.322e-01 1.200e+05
2.325e-01 1.213e+05
2.356e-01 1.183e+05
2.469e-01 1.050e+05
2.386e-01 1.154e+05
2.317e-01 1.225e+05
2.523e-01 9.954e+04
2.347e-01 1.164e+05
2.384e-01 1.167e+05
2.307e-01 1.247e+05
2.380e-01 1.167e+05
2.368e-01 1.121e+05
2.380e-01 1.187e+05
2.315e-01 1.259e+05
2.326e-01 1.262e+05
2.520e-01 8.566e+04
2.342e-01 1.178e+05
2.338e-01 1.188e+05
2.733e-01 8.142e+04
2.357e-01 1.195e+05
2.339e-01 1.226e+05
2.388e-01 1.182e+05
2.309e-01 1.221e+05
2.323e-01 1.209e+05
2.387e-01 1.112e+05
2.391e-01 1.131e+05
2.380e-01 1.165e+05
2.367e-01 1.188e+05
2.348e-01 1.217e+05
2.327e-01 1.190e+05
2.334e-01 1.181e+05
2.416e-01 1.127e+05
2.360e-01 1.191e+05
2.337e-01 1.214e+05
2.416e-01 1.168e+05
2.349e-01 1.201e+05
2.389e-01 1.196e+05
2.403e-01 1.147e+05
2.336e-01 1.242e+05
2.378e-01 1.123e+05
2.484e-01 1.029e+05
2.392e-01 1.163e+05
2.393e-01 1.207e+05
2.350e-01 1.205e+05
2.367e-01 1.189e+05
2.331e-01 1.217e+05
2.315e-01 1.188e+05
2.666e-01 7.361e+04
2.361e-01 1.156e+05
2.391e-01 1.157e+05
2.348e-01 1.181e+05
2.409e-01 1.138e+05
2.392e-01 1.173e+05
2.360e-01 1.185e+05
2.402e-01 1.144e+05
2.370e-01 1.198e+05
2.348e-01 1.201e+05
2.413e-01 1.189e+05
2.352e-01 1.160e+05
2.355e-01 1.179e+05
2.332e-01 1.227e+05
2.422e-01 1.074e+05
2.384e-01 1.171e+05
2.315e-01 1.230e+05
2.303e-01 1.230e+05
2.682e-01 7.220e+04
2.387e-01 1.128e+05
2.356e-01 1.175e+05
2.566e-01 8.628e+04
2.311e-01 1.245e+05
2.439e-01 9.964e+04
2.360e-01 1.202e+05
2.358e-01 1.227e+05
2.350e-01 1.190e+05
2.383e-01 1.165e+05
2.390e-01 1.171e+05
2.365e-01 1.144e+05
2.353e-01 1.185e+05
2.547e-01 9.998e+04
2.354e-01 1.239e+05
2.352e-01 1.168e+05
2.396e-01 1.124e+05
2.362e-01 1.225e+05
2.392e-01 1.159e+05
2.350e-01 1.181e+05
2.323e-01 1.157e+05
2.400e-01 1.136e+05
2.370e-01 1.218e+05
2.628e-01 8.327e+04
2.327e-01 1.243e+05
2.329e-01 1.211e+05
2.353e-01 1.182e+05
2.320e-01 1.260e+05
2.589e-01 7.947e+04
2.339e-01 1.243e+05
2.370e-01 1.165e+05
2.381e-01 1.180e+05
2.363e-01 1.223e+05
2.368e-01 1.139e+05
2.316e-01 1.204e+05
2.327e-01 1.185e+05
2.341e-01 1.251e+05
2.388e-01 1.183e+05
2.338e-01 1.205e+05
2.662e-01 7.659e+04
2.362e-01 1.181e+05
2.364e-01 1.165e+05
2.361e-01 1.195e+05
2.328e-01 1.233e+05
2.555e-01 9.669e+04
2.317e-01 1.253e+05
2.323e-01 1.222e+05
2.397e-01 1.112e+05
2.401e-01 1.178e+05
2.363e-01 1.116e+05
2.377e-01 1.123e+05
2.369e-01 1.160e+05
2.416e-01 1.101e+05
2.450e-01 1.111e+05
2.381e-01 1.149e+05
2.411e-01 1.120e+05
2.365e-01 1.217e+05
2.503e-01 1.048e+05
2.319e-01 1.252e+05
2.326e-01 1.261e+05
2.339e-01 1.203e+05
2.368e-01 1.208e+05
2.369e-01 1.225e+05
2.523e-01 8.896e+04
2.346e-01 1.208e+05
2.405e-01 1.168e+05
2.351e-01 1.215e+05
2.355e-01 1.182e+05
2.371e-01 1.181e+05
2.330e-01 1.243e+05
2.375e-01 1.184e+05
2.379e-01 1.084e+05
2.341e-01 1.191e+05
2.540e-01 9.484e+04
2.341e-01 1.202e+05
2.337e-01 1.195e+05
2.586e-01 7.454e+04
2.371e-01 1.150e+05
2.356e-01 1.195e+05
2.380e-01 1.173e+05
2.349e-01 1.195e+05
2.528e-01 1.002e+05
2.391e-01 1.145e+05
2.367e-01 1.194e+05
2.330e-01 1.148e+05
2.320e-01 1.258e+05
2.344e-01 1.221e+05
2.369e-01 1.146e+05
2.364e-01 1.158e+05
2.306e-01 1.233e+05
2.342e-01 1.189e+05
2.378e-01 1.141e+05
2.442e-01 1.120e+05
2.374e-01 1.173e+05
2.418e-01 1.124e+05
2.371e-01 1.222e+05
2.334e-01 1.217e+05
2.330e-01 1.222e+05
2.337e-01 1.242e+05
2.357e-01 1.201e+05
2.566e-01 9.347e+04
2.310e-01 1.210e+05
2.380e-01 1.194e+05
2.360e-01 1.141e+05
2.384e-01 1.146e+05
2.392e-01 1.179e+05
2.350e-01 1.192e+05
2.722e-01 7.541e+04
2.646e-01 6.935e+04
2.377e-01 1.200e+05
2.326e-01 1.200e+05
2.372e-01 1.171e+05
2.359e-01 1.212e+05
2.378e-01 1.161e+05
2.346e-01 1.207e+05
2.371e-01 1.170e+05
2.345e-01 1.141e+05
2.354e-01 1.215e+05
2.358e-01 1.183e+05
2.363e-01 1.186e+05
2.523e-01 9.427e+04
2.346e-01 1.194e+05
2.384e-01 1.165e+05
2.330e-01 1.179e+05
2.400e-01 1.094e+05
2.387e-01 1.168e+05
2.353e-01 1.200e+05
2.416e-01 1.114e+05
2.365e-01 1.223e+05
2.355e-01 1.209e+05
2.458e-01 1.096e+05
2.365e-01 1.199e+05
2.375e-01 1.160e+05
2.320e-01 1.193e+05
2.382e-01 1.195e+05
2.357e-01 1.183e+05
2.350e-01 1.164e+05
2.323e-01 1.260e+05
2.322e-01 1.201e+05
2.417e-01 1.093e+05
2.340e-01 1.213e+05
2.338e-01 1.251e+05
2.389e-01 1.178e+05
2.410e-01 1.089e+05
2.364e-01 1.127e+05
2.351e-01 1.196e+05
2.400e-01 1.116e+05
2.369e-01 1.176e+05
2.324e-01 1.238e+05
2.571e-01 7.989e+04
2.367e-01 1.185e+05
2.366e-01 1.187e+05
2.607e-01 8.428e+04
2.360e-01 1.185e+05
2.312e-01 1.203e+05
2.386e-01 1.147e+05
2.423e-01 1.157e+05
2.417e-01 1.087e+05
2.340e-01 1.240e+05
2.337e-01 1.217e+05
2.469e-01 1.079e+05
2.412e-01 1.186e+05
2.355e-01 1.211e+05
2.376e-01 1.149e+05
2.360e-01 1.215e+05
2.376e-01 1.186e+05
2.327e-01 1.173e+05
2.452e-01 1.009e+05
2.378e-01 1.143e+05
2.315e-01 1.172e+05
2.600e-01 8.021e+04
2.388e-01 1.169e+05
2.295e-01 1.253e+05
2.373e-01 1.228e+05
2.384e-01 1.191e+05
2.460e-01 1.004e+05
2.387e-01 1.186e+05
2.417e-01 1.176e+05
2.388e-01 1.179e+05
2.361e-01 1.171e+05
2.379e-01 1.189e+05
2.355e-01 1.228e+05
2.374e-01 1.152e+05
2.342e-01 1.203e+05
2.351e-01 1.133e+05
2.328e-01 1.211e+05
2.372e-01 1.210e+05
2.319e-01 1.194e+05
2.336e-01 1.213e+05
2.346e-01 1.176e+05
2.415e-01 1.145e+05
2.365e-01 1.168e+05
2.326e-01 1.208e+05
2.424e-01 1.160e+05
2.330e-01 1.225e+05
2.377e-01 1.143e+05
2.381e-01 1.189e+05
2.449e-01 1.103e+05
2.335e-01 1.202e+05
2.362e-01 1.208e+05
2.328e-01 1.225e+05
2.677e-01 7.763e+04
2.332e-01 1.211e+05
2.373e-01 1.141e+05
2.365e-01 1.180e+05
2.328e-01 1.206e+05
2.613e-01 7.210e+04
2.361e-01 1.164e+05
2.373e-01 1.162e+05
2.342e-01 1.193e+05
2.398e-01 1.131e+05
2.688e-01 7.772e+04
2.397e-01 1.166e+05
2.517e-01 9.985e+04
2.408e-01 1.143e+05
2.424e-01 1.077e+05
2.375e-01 1.133e+05
2.342e-01 1.220e+05
2.313e-01 1.214e+05
2.360e-01 1.176e+05
2.329e-01 1.155e+05
2.426e-01 1.167e+05
2.381e-01 1.092e+05
2.364e-01 1.189e+05
2.354e-01 1.183e+05
2.323e-01 1.215e+05
2.390e-01 1.170e+05
2.370e-01 1.165e+05
2.366e-01 1.176e+05
2.394e-01 1.171e+05
2.370e-01 1.176e+05
2.386e-01 1.140e+05
2.482e-01 9.588e+04
2.320e-01 1.160e+05
2.315e-01 1.209e+05
2.317e-01 1.173e+05
2.304e-01 1.212e+05
2.322e-01 1.240e+05
2.377e-01 1.155e+05
2.376e-01 1.191e+05
2.337e-01 1.204e+05
2.370e-01 1.191e+05
2.358e-01 1.196e+05
2.308e-01 1.246e+05
2.369e-01 1.171e+05
2.308e-01 1.262e+05
2.372e-01 1.182e+05
2.406e-01 1.133e+05
2.366e-01 1.193e+05
2.357e-01 1.210e+05
2.352e-01 1.198e+05
2.384e-01 1.206e+05
2.393e-01 1.092e+05
2.424e-01 1.123e+05
2.350e-01 1.202e+05
2.396e-01 1.177e+05
2.324e-01 1.136e+05
2.387e-01 1.154e+05
2.369e-01 1.191e+05
2.316e-01 1.218e+05
2.339e-01 1.218e+05
2.440e-01 1.084e+05
2.372e-01 1.166e+05
2.400e-01 1.163e+05
2.330e-01 1.193e+05
2.411e-01 1.132e+05
2.325e-01 1.199e+05
2.369e-01 1.212e+05
2.427e-01 1.107e+05
2.356e-01 1.219e+05
2.319e-01 1.258e+05
2.346e-01 1.216e+05
2.315e-01 1.262e+05
2.412e-01 1.121e+05
2.399e-01 1.186e+05
2.356e-01 1.214e+05
2.328e-01 1.164e+05
2.364e-01 1.188e+05
2.351e-01 1.217e+05
2.345e-01 1.203e+05
2.382e-01 1.161e+05
2.338e-01 1.223e+05
2.404e-01 1.188e+05
2.526e-01 9.732e+04
2.371e-01 1.209e+05
2.366e-01 1.180e+05
2.430e-01 1.122e+05
2.387e-01 1.172e+05
2.638e-01 9.067e+04
2.349e-01 1.218e+05
2.415e-01 1.182e+05
2.341e-01 1.164e+05
2.371e-01 1.192e+05
2.313e-01 1.234e+05
2.688e-01 7.447e+04
2.407e-01 1.133e+05
2.415e-01 1.147e+05
2.431e-01 1.034e+05
2.370e-01 1.173e+05
2.369e-01 1.179e+05
2.369e-01 1.192e+05
2.390e-01 1.140e+05
2.387e-01 1.124e+05
2.320e-01 1.253e+05
2.407e-01 1.176e+05
2.382e-01 1.185e+05
2.338e-01 1.160e+05
2.464e-01 1.137e+05
2.345e-01 1.150e+05
2.341e-01 1.244e+05
2.329e-01 1.229e+05
2.571e-01 8.811e+04
2.412e-01 1.146e+05
2.344e-01 1.211e+05
2.359e-01 1.093e+05
2.351e-01 1.204e+05
2.303e-01 1.232e+05
2.340e-01 1.221e+05
2.459e-01 9.986e+04
2.338e-01 1.196e+05
2.396e-01 1.173e+05
2.399e-01 1.157e+05
2.394e-01 1.175e+05
2.331e-01 1.198e+05
2.363e-01 1.183e+05
2.328e-01 1.207e+05
2.350e-01 1.225e+05
2.585e-01 8.762e+04
2.393e-01 1.185e+05
2.350e-01 1.182e+05
2.356e-01 1.146e+05
2.394e-01 1.091e+05
2.357e-01 1.227e+05
2.585e-01 7.977e+04
2.421e-01 1.098e+05
2.412e-01 1.122e+05
2.324e-01 1.216e+05
2.349e-01 1.237e+05
2.375e-01 1.181e+05
2.371e-01 1.158e+05
2.341e-01 1.212e+05
2.382e-01 1.128e+05
2.323e-01 1.178e+05
2.340e-01 1.199e+05
2.391e-01 1.205e+05
2.347e-01 1.196e+05
2.374e-01 1.161e+05
2.358e-01 1.230e+05
2.533e-01 9.528e+04
2.366e-01 1.118e+05
2.419e-01 1.129e+05
2.350e-01 1.234e+05
2.371e-01 1.199e+05
2.337e-01 1.255e+05
2.374e-01 1.159e+05
2.367e-01 1.163e+05
2.388e-01 1.143e+05
2.345e-01 1.222e+05
2.708e-01 6.583e+04
2.393e-01 1.167e+05
2.356e-01 1.201e+05
2.384e-01 1.119e+05
2.420e-01 1.114e+05
2.391e-01 1.207e+05
2.358e-01 1.235e+05
2.405e-01 1.163e+05
2.401e-01 1.178e+05
2.341e-01 1.225e+05
2.344e-01 1.169e+05
2.372e-01 1.142e+05
2.375e-01 1.195e+05
2.378e-01 1.196e+05
2.345e-01 1.190e+05
2.437e-01 1.112e+05
2.373e-01 1.224e+05
2.363e-01 1.113e+05
2.343e-01 1.247e+05
2.401e-01 1.176e+05
2.357e-01 1.161e+05
2.346e-01 1.210e+05
2.424e-01 1.084e+05
2.467e-01 9.770e+04
2.400e-01 1.111e+05
2.416e-01 1.152e+05
2.358e-01 1.189e+05
2.381e-01 1.074e+05
2.367e-01 1.174e+05
2.381e-01 1.152e+05
2.371e-01 1.162e+05
2.405e-01 1.197e+05
2.380e-01 1.119e+05
2.384e-01 1.149e+05
2.808e-01 6.687e+04
2.380e-01 1.136e+05
2.424e-01 1.149e+05
2.388e-01 1.180e+05
2.611e-01 7.643e+04
2.338e-01 1.227e+05
2.381e-01 1.162e+05
2.388e-01 1.152e+05
2.538e-01 9.057e+04
2.412e-01 1.120e+05
2.330e-01 1.220e+05
2.370e-01 1.103e+05
2.357e-01 1.152e+05
2.370e-01 1.176e+05
2.351e-01 1.192e+05
2.376e-01 1.220e+05
2.342e-01 1.209e+05
2.416e-01 1.159e+05
2.356e-01 1.157e+05
2.512e-01 9.903e+04
2.398e-01 1.094e+05
2.369e-01 1.212e+05
2.363e-01 1.138e+05
2.351e-01 1.181e+05
2.407e-01 1.088e+05
2.410e-01 1.155e+05
2.574e-01 9.259e+04
2.342e-01 1.199e+05
2.342e-01 1.196e+05
2.330e-01 1.166e+05
2.390e-01 1.143e+05
2.376e-01 1.169e+05
2.405e-01 1.111e+05
2.316e-01 1.231e+05
2.498e-01 9.753e+04
2.517e-01 9.620e+04
2.319e-01 1.188e+05
2.350e-01 1.125e+05
2.373e-01 1.176e+05
2.377e-01 1.144e+05
2.347e-01 1.162e+05
2.405e-01 1.128e+05
2.753e-01 7.543e+04
2.343e-01 1.164e+05
2.340e-01 1.198e+05
2.327e-01 1.236e+05
2.353e-01 1.230e+05
2.534e-01 9.783e+04
2.299e-01 1.249e+05
2.425e-01 1.113e+05
2.334e-01 1.224e+05
2.596e-01 7.773e+04
2.312e-01 1.212e+05
2.361e-01 1.173e+05
2.362e-01 1.163e+05
2.636e-01 8.011e+04
2.335e-01 1.149e+05
2.302e-01 1.254e+05
2.378e-01 1.150e+05
2.371e-01 1.181e+05
2.302e-01 1.244e+05
2.386e-01 1.145e+05
2.363e-01 1.194e+05
2.368e-01 1.143e+05
2.563e-01 8.510e+04
2.397e-01 1.152e+05
2.346e-01 1.195e+05
2.569e-01 9.761e+04
2.433e-01 1.103e+05
2.323e-01 1.207e+05
2.387e-01 1.108e+05
2.491e-01 9.437e+04
2.310e-01 1.251e+05
2.591e-01 8.367e+04
2.311e-01 1.208e+05
2.353e-01 1.205e+05
2.412e-01 1.163e+05
2.331e-01 1.220e+05
2.396e-01 1.176e+05
2.345e-01 1.210e+05
2.376e-01 1.148e+05
2.336e-01 1.166e+05
2.332e-01 1.225e+05
2.362e-01 1.164e+05
2.384e-01 1.185e+05
2.593e-01 9.143e+04
2.341e-01 1.189e+05
2.312e-01 1.235e+05
2.326e-01 1.224e+05
2.349e-01 1.174e+05
2.344e-01 1.244e+05
2.647e-01 7.350e+04
2.376e-01 1.142e+05
2.363e-01 1.214e+05
2.571e-01 9.008e+04
2.343e-01 1.212e+05
2.350e-01 1.216e+05
2.358e-01 1.202e+05
2.379e-01 1.156e+05
2.735e-01 7.126e+04
2.361e-01 1.180e+05
2.339e-01 1.224e+05
2.300e-01 1.226e+05
2.680e-01 6.794e+04
2.337e-01 1.210e+05
2.649e-01 7.574e+04
2.326e-01 1.189e+05
2.433e-01 1.034e+05
2.350e-01 1.199e+05
2.405e-01 1.117e+05
2.631e-01 8.775e+04
2.454e-01 1.126e+05
2.364e-01 1.200e+05
2.327e-01 1.190e+05
2.367e-01 1.162e+05
2.326e-01 1.215e+05
2.395e-01 1.133e+05
2.550e-01 9.876e+04
2.353e-01 1.214e+05
2.417e-01 1.102e+05
2.619e-01 8.833e+04
2.376e-01 1.154e+05
2.329e-01 1.209e+05
2.315e-01 1.222e+05
2.346e-01 1.222e+05
2.426e-01 1.116e+05
2.371e-01 1.179e+05
2.296e-01 1.244e+05
2.344e-01 1.182e+05
2.359e-01 1.178e+05
2.316e-01 1.195e+05
2.351e-01 1.132e+05
2.392e-01 1.164e+05
2.362e-01 1.162e+05
2.350e-01 1.195e+05
2.362e-01 1.197e+05
2.339e-01 1.198e+05
2.346e-01 1.206e+05
2.361e-01 1.211e+05
2.355e-01 1.176e+05
2.331e-01 1.166e+05
2.361e-01 1.158e+05
2.445e-01 1.085e+05
2.314e-01 1.197e+05
2.374e-01 1.150e+05
2.339e-01 1.216e+05
2.384e-01 1.178e+05
2.638e-01 7.711e+04
2.324e-01 1.234e+05
2.362e-01 1.191e+05
2.363e-01 1.126e+05
2.624e-01 8.446e+04
2.335e-01 1.215e+05
2.360e-01 1.185e+05
2.406e-01 1.160e+05
2.442e-01 1.121e+05
2.336e-01 1.239e+05
2.410e-01 1.160e+05
2.410e-01 1.165e+05
2.315e-01 1.184e+05
2.450e-01 9.761e+04
2.299e-01 1.243e+05
2.397e-01 1.184e+05
2.352e-01 1.203e+05
2.337e-01 1.177e+05
2.333e-01 1.192e+05
2.362e-01 1.198e+05
2.409e-01 1.011e+05
2.326e-01 1.200e+05
2.314e-01 1.209e+05
2.322e-01 1.198e+05
2.385e-01 1.163e+05
2.535e-01 9.257e+04
2.339e-01 1.214e+05
2.375e-01 1.190e+05
2.375e-01 1.170e+05
2.354e-01 1.213e+05
2.316e-01 1.213e+05
2.394e-01 1.164e+05
2.339e-01 1.193e+05
2.413e-01 1.040e+05
2.332e-01 1.214e+05
2.354e-01 1.209e+05
2.317e-01 1.251e+05
2.377e-01 1.210e+05
2.651e-01 7.830e+04
2.392e-01 1.156e+05
2.394e-01 1.143e+05
2.307e-01 1.233e+05
2.338e-01 1.254e+05
2.334e-01 1.158e+05
2.501e-01 9.356e+04
2.321e-01 1.217e+05
2.354e-01 1.204e+05
2.391e-01 1.189e+05
2.332e-01 1.257e+05
2.309e-01 1.199e+05
2.381e-01 1.196e+05
2.386e-01 1.187e+05
2.355e-01 1.156e+05
2.443e-01 1.143e+05
2.348e-01 1.206e+05
2.349e-01 1.219e+05
2.345e-01 1.192e+05
2.362e-01 1.139e+05
2.354e-01 1.193e+05
2.418e-01 1.106e+05
2.310e-01 1.230e+05
2.345e-01 1.195e+05
2.400e-01 1.141e+05
2.520e-01 1.048e+05
2.397e-01 1.109e+05
2.346e-01 1.211e+05
2.358e-01 1.209e+05
2.304e-01 1.225e+05
2.369e-01 1.214e+05
2.368e-01 1.179e+05
2.360e-01 1.128e+05
2.406e-01 1.140e+05
2.385e-01 1.091e+05
2.355e-01 1.198e+05
2.447e-01 1.111e+05
2.341e-01 1.207e+05
2.362e-01 1.187e+05
2.414e-01 1.161e+05
2.332e-01 1.140e+05
2.365e-01 1.204e+05
2.345e-01 1.238e+05
2.362e-01 1.196e+05
2.353e-01 1.178e+05
2.321e-01 1.234e+05
2.360e-01 1.180e+05
2.366e-01 1.181e+05
2.423e-01 1.125e+05
2.383e-01 1.148e+05
2.374e-01 1.196e+05
2.724e-01 7.074e+04
2.355e-01 1.205e+05
2.360e-01 1.173e+05
2.398e-01 1.171e+05
2.363e-01 1.197e+05
2.358e-01 1.193e+05
2.391e-01 1.113e+05
2.358e-01 1.186e+05
2.525e-01 8.925e+04
2.392e-01 1.142e+05
2.367e-01 1.089e+05
2.418e-01 1.089e+05
2.535e-01 9.210e+04
2.385e-01 1.153e+05
2.339e-01 1.193e+05
2.381e-01 1.166e+05
2.307e-01 1.227e+05
2.399e-01 1.126e+05
2.604e-01 8.060e+04
2.356e-01 1.190e+05
2.354e-01 1.159e+05
2.405e-01 1.131e+05
2.308e-01 1.257e+05
2.407e-01 1.143e+05
2.394e-01 1.142e+05
2.466e-01 1.023e+05
2.377e-01 1.134e+05
2.344e-01 1.143e+05
2.401e-01 1.140e+05
2.409e-01 1.172e+05
2.383e-01 1.158e+05
2.346e-01 1.200e+05
2.317e-01 1.224e+05
2.318e-01 1.226e+05
2.418e-01 1.068e+05
2.421e-01 1.161e+05
2.325e-01 1.231e+05
2.306e-01 1.241e+05
2.371e-01 1.193e+05
2.367e-01 1.154e+05
2.387e-01 1.127e+05
2.350e-01 1.202e+05
2.383e-01 1.175e+05
2.369e-01 1.193e+05
2.316e-01 1.204e+05
2.410e-01 1.120e+05
2.389e-01 1.094e+05
2.346e-01 1.203e+05
2.411e-01 1.160e+05
2.315e-01 1.260e+05
2.303e-01 1.245e+05
2.336e-01 1.139e+05
2.364e-01 1.187e+05
2.392e-01 1.152e+05
2.352e-01 1.238e+05
2.353e-01 1.200e+05
2.379e-01 1.134e+05
2.388e-01 1.167e+05
2.324e-01 1.185e+05
2.353e-01 1.161e+05
2.341e-01 1.210e+05
2.358e-01 1.157e+05
2.370e-01 1.169e+05
2.368e-01 1.219e+05
2.358e-01 1.191e+05
2.615e-01 7.460e+04
2.349e-01 1.203e+05
2.394e-01 1.147e+05
2.378e-01 1.148e+05
2.402e-01 1.144e+05
2.355e-01 1.219e+05
2.324e-01 1.200e+05
2.350e-01 1.188e+05
2.372e-01 1.181e+05
2.349e-01 1.207e+05
2.399e-01 1.177e+05
2.614e-01 9.117e+04
2.353e-01 1.193e+05
2.368e-01 1.143e+05
2.345e-01 1.210e+05
2.369e-01 1.188e+05
2.333e-01 1.201e+05
2.301e-01 1.226e+05
2.351e-01 1.148e+05
2.331e-01 1.186e+05
2.352e-01 1.198e+05
2.310e-01 1.219e+05
2.767e-01 6.921e+04
2.396e-01 1.176e+05
2.311e-01 1.206e+05
2.339e-01 1.180e+05
2.354e-01 1.211e+05
2.397e-01 1.124e+05
2.367e-01 1.175e+05
2.765e-01 7.070e+04
2.393e-01 1.141e+05
2.313e-01 1.260e+05
2.315e-01 1.231e+05
2.352e-01 1.198e+05
2.326e-01 1.222e+05
2.368e-01 1.126e+05
2.368e-01 1.178e+05
2.350e-01 1.219e+05
2.325e-01 1.174e+05
2.377e-01 1.193e+05
2.312e-01 1.174e+05
2.389e-01 1.200e+05
2.363e-01 1.212e+05
2.576e-01 8.780e+04
2.309e-01 1.230e+05
2.344e-01 1.235e+05
2.374e-01 1.218e+05
2.572e-01 8.784e+04
2.368e-01 1.125e+05
2.523e-01 9.624e+04
2.334e-01 1.206e+05
2.320e-01 1.230e+05
2.312e-01 1.225e+05
2.343e-01 1.118e+05
2.355e-01 1.204e+05
2.361e-01 1.210e+05
2.408e-01 1.124e+05
2.652e-01 8.232e+04
2.333e-01 1.179e+05
2.359e-01 1.186e+05
2.365e-01 1.181e+05
2.371e-01 1.189e+05
2.367e-01 1.224e+05
2.373e-01 1.211e+05
2.405e-01 1.149e+05
2.361e-01 1.187e+05
2.330e-01 1.234e+05
2.369e-01 1.222e+05
2.350e-01 1.200e+05
2.326e-01 1.237e+05
2.328e-01 1.211e+05
2.432e-01 1.121e+05
2.296e-01 1.236e+05
2.344e-01 1.191e+05
2.372e-01 1.178e+05
2.372e-01 1.181e+05
2.342e-01 1.180e+05
2.350e-01 1.205e+05
2.394e-01 1.099e+05
2.362e-01 1.176e+05
2.357e-01 1.160e+05
2.320e-01 1.215e+05
2.360e-01 1.127e+05
2.301e-01 1.251e+05
2.430e-01 1.074e+05
2.346e-01 1.176e+05
2.309e-01 1.246e+05
2.365e-01 1.155e+05
2.373e-01 1.185e+05
2.343e-01 1.206e+05
2.393e-01 1.154e+05
2.425e-01 1.102e+05
2.328e-01 1.156e+05
2.332e-01 1.233e+05
2.369e-01 1.179e+05
2.313e-01 1.172e+05
2.344e-01 1.174e+05
2.321e-01 1.176e+05
2.692e-01 6.920e+04
2.366e-01 1.160e+05
2.395e-01 1.155e+05
2.371e-01 1.124e+05
2.337e-01 1.208e+05
2.360e-01 1.235e+05
2.345e-01 1.201e+05
2.347e-01 1.218e+05
2.352e-01 1.150e+05
2.386e-01 1.148e+05
2.309e-01 1.224e+05
2.368e-01 1.216e+05
2.324e-01 1.220e+05
2.328e-01 1.192e+05
2.378e-01 1.160e+05
2.430e-01 1.144e+05
2.390e-01 1.161e+05
2.424e-01 1.099e+05
2.440e-01 9.250e+04
2.371e-01 1.136e+05
2.351e-01 1.184e+05
2.393e-01 1.146e+05
2.340e-01 1.182e+05
2.302e-01 1.222e+05
2.375e-01 1.146e+05
2.342e-01 1.206e+05
2.327e-01 1.219e+05
2.436e-01 1.016e+05
2.368e-01 1.216e+05
2.377e-01 1.193e+05
2.344e-01 1.228e+05
2.380e-01 1.203e+05
2.423e-01 1.084e+05
2.529e-01 1.001e+05
2.377e-01 1.178e+05
2.359e-01 1.158e+05
2.529e-01 8.806e+04
2.402e-01 1.194e+05
2.318e-01 1.224e+05
2.471e-01 1.070e+05
2.360e-01 1.183e+05
2.347e-01 1.173e+05
2.334e-01 1.187e+05
2.334e-01 1.190e+05
2.384e-01 1.181e+05
2.349e-01 1.180e+05
2.346e-01 1.241e+05
2.344e-01 1.222e+05
2.549e-01 8.244e+04
2.359e-01 1.159e+05
2.321e-01 1.230e+05
2.320e-01 1.214e+05
2.311e-01 1.229e+05
2.339e-01 1.241e+05
2.441e-01 1.120e+05
2.395e-01 1.174e+05
2.333e-01 1.196e+05
2.386e-01 1.124e+05
2.404e-01 1.115e+05
2.380e-01 1.075e+05
2.342e-01 1.203e+05
2.345e-01 1.211e+05
2.421e-01 1.140e+05
2.389e-01 1.161e+05
2.367e-01 1.186e+05
2.328e-01 1.233e+05
2.329e-01 1.236e+05
2.451e-01 9.939e+04
2.421e-01 1.152e+05
2.360e-01 1.147e+05
2.318e-01 1.215e+05
2.465e-01 1.061e+05
2.409e-01 1.124e+05
2.395e-01 1.147e+05
2.689e-01 6.963e+04
2.360e-01 1.202e+05
2.389e-01 1.192e+05
2.323e-01 1.211e+05
2.397e-01 1.134e+05
2.343e-01 1.210e+05
2.348e-01 1.185e+05
2.342e-01 1.188e+05
2.382e-01 1.163e+05
2.348e-01 1.199e+05
2.385e-01 1.144e+05
2.370e-01 1.173e+05
2.352e-01 1.224e+05
2.423e-01 1.098e+05
2.380e-01 1.184e+05
2.345e-01 1.123e+05
2.358e-01 1.194e+05
2.367e-01 1.139e+05
2.398e-01 1.132e+05
2.314e-01 1.260e+05
2.335e-01 1.173e+05
2.373e-01 1.189e+05
2.469e-01 1.045e+05
2.342e-01 1.196e+05
2.640e-01 8.575e+04
2.415e-01 1.122e+05
2.371e-01 1.173e+05
2.414e-01 1.154e+05
2.352e-01 1.199e+05
2.396e-01 1.149e+05
2.404e-01 1.135e+05
2.316e-01 1.209e+05
2.387e-01 1.177e+05
2.466e-01 1.081e+05
2.393e-01 1.159e+05
2.371e-01 1.104e+05
2.377e-01 1.180e+05
2.360e-01 1.142e+05
2.327e-01 1.240e+05
2.669e-01 6.749e+04
2.369e-01 1.157e+05
2.372e-01 1.161e+05
2.368e-01 1.153e+05
2.324e-01 1.197e+05
2.353e-01 1.172e+05
2.393e-01 1.121e+05
2.360e-01 1.176e+05
2.318e-01 1.198e+05
2.400e-01 1.170e+05
2.446e-01 1.141e+05
2.443e-01 9.742e+04
2.337e-01 1.229e+05
2.356e-01 1.165e+05
2.346e-01 1.191e+05
2.327e-01 1.221e+05
2.327e-01 1.201e+05
2.402e-01 1.178e+05
2.376e-01 1.138e+05
2.358e-01 1.188e+05
2.342e-01 1.179e+05
2.312e-01 1.246e+05
2.365e-01 1.189e+05
2.358e-01 1.182e+05
2.349e-01 1.217e+05
2.536e-01 8.232e+04
2.397e-01 1.190e+05
2.378e-01 1.142e+05
2.397e-01 1.155e+05
2.363e-01 1.176e+05
2.374e-01 1.198e+05
2.338e-01 1.220e+05
2.345e-01 1.210e+05
2.344e-01 1.228e+05
2.364e-01 1.109e+05
2.301e-01 1.246e+05
2.629e-01 8.108e+04
2.381e-01 1.123e+05
2.303e-01 1.217e+05
2.386e-01 1.172e+05
2.359e-01 1.197e+05
2.373e-01 1.191e+05
2.367e-01 1.189e+05
2.346e-01 1.201e+05
2.352e-01 1.200e+05
2.338e-01 1.196e+05
2.348e-01 1.190e+05
2.328e-01 1.164e+05
2.350e-01 1.220e+05
2.371e-01 1.150e+05
2.400e-01 1.136e+05
2.364e-01 1.134e+05
2.427e-01 1.093e+05
2.380e-01 1.108e+05
2.333e-01 1.175e+05
2.320e-01 1.177e+05
2.378e-01 1.133e+05
2.372e-01 1.208e+05
2.326e-01 1.223e+05
2.377e-01 1.204e+05
2.305e-01 1.246e+05
2.641e-01 8.681e+04
2.364e-01 1.206e+05
2.352e-01 1.146e+05
2.377e-01 1.090e+05
2.315e-01 1.233e+05
2.341e-01 1.200e+05
2.315e-01 1.254e+05
2.547e-01 9.679e+04
2.321e-01 1.246e+05
2.397e-01 1.114e+05
2.336e-01 1.203e+05
2.336e-01 1.210e+05
2.383e-01 1.132e+05
2.379e-01 1.198e+05
2.388e-01 1.182e+05
2.373e-01 1.191e+05
2.358e-01 1.195e+05
2.381e-01 1.158e+05
2.305e-01 1.245e+05
2.332e-01 1.202e+05
2.454e-01 1.109e+05
2.373e-01 1.108e+05
2.333e-01 1.253e+05
2.315e-01 1.264e+05
2.345e-01 1.177e+05
2.364e-01 1.174e+05
2.366e-01 1.205e+05
2.317e-01 1.242e+05
2.341e-01 1.240e+05
2.363e-01 1.101e+05
2.383e-01 1.164e+05
2.359e-01 1.187e+05
2.403e-01 1.136e+05
2.391e-01 1.145e+05
2.397e-01 1.178e+05
2.360e-01 1.204e+05
2.339e-01 1.175e+05
2.380e-01 1.169e+05
2.424e-01 1.131e+05
2.371e-01 1.135e+05
2.378e-01 1.218e+05
2.377e-01 1.156e+05
2.343e-01 1.198e+05
2.446e-01 1.067e+05
2.395e-01 1.142e+05
2.324e-01 1.197e+05
2.372e-01 1.201e+05
2.418e-01 1.104e+05
2.328e-01 1.204e+05
2.396e-01 1.145e+05
2.457e-01 1.017e+05
2.352e-01 1.230e+05
2.396e-01 1.189e+05
2.345e-01 1.114e+05
2.373e-01 1.140e+05
2.361e-01 1.207e+05
2.365e-01 1.173e+05
2.377e-01 1.193e+05
2.359e-01 1.181e+05
2.301e-01 1.258e+05
2.366e-01 1.170e+05
2.333e-01 1.211e+05
2.406e-01 1.172e+05
2.339e-01 1.206e+05
2.321e-01 1.194e+05
2.481e-01 9.251e+04
2.322e-01 1.260e+05
2.332e-01 1.229e+05
2.441e-01 1.072e+05
2.349e-01 1.161e+05
2.366e-01 1.224e+05
2.376e-01 1.160e+05
2.388e-01 1.123e+05
2.390e-01 1.188e+05
2.323e-01 1.183e+05
2.377e-01 1.196e+05
2.369e-01 1.172e+05
2.387e-01 1.133e+05
2.358e-01 1.201e+05
2.360e-01 1.160e+05
2.360e-01 1.185e+05
2.354e-01 1.196e+05
2.460e-01 1.095e+05
2.329e-01 1.241e+05
2.688e-01 7.131e+04
2.550e-01 9.079e+04
2.369e-01 1.206e+05
2.357e-01 1.218e+05
2.318e-01 1.215e+05
2.406e-01 1.116e+05
2.316e-01 1.222e+05
2.368e-01 1.193e+05
2.349e-01 1.177e+05
2.393e-01 1.192e+05
2.344e-01 1.203e+05
2.332e-01 1.194e+05
2.356e-01 1.166e+05
2.299e-01 1.220e+05
2.368e-01 1.182e+05
2.388e-01 1.126e+05
2.320e-01 1.178e+05
2.416e-01 1.126e+05
2.645e-01 8.238e+04
2.358e-01 1.195e+05
2.336e-01 1.187e+05
2.309e-01 1.211e+05
2.387e-01 1.065e+05
2.299e-01 1.213e+05
2.384e-01 1.141e+05
2.439e-01 1.107e+05
2.352e-01 1.201e+05
2.329e-01 1.195e+05
2.328e-01 1.178e+05
2.355e-01 1.196e+05
2.357e-01 1.197e+05
2.388e-01 1.060e+05
2.465e-01 1.082e+05
2.453e-01 1.121e+05
2.365e-01 1.131e+05
2.349e-01 1.176e+05
2.337e-01 1.153e+05
2.363e-01 1.208e+05
2.361e-01 1.149e+05
2.335e-01 1.210e+05
2.356e-01 1.233e+05
2.306e-01 1.268e+05
2.324e-01 1.178e+05
2.308e-01 1.250e+05
2.615e-01 7.138e+04
2.332e-01 1.210e+05
2.346e-01 1.161e+05
2.380e-01 1.187e+05
2.333e-01 1.146e+05
2.359e-01 1.191e+05
2.399e-01 1.164e+05
2.428e-01 1.108e+05
2.360e-01 1.230e+05
2.359e-01 1.197e+05
2.342e-01 1.179e+05
2.412e-01 1.170e+05
2.784e-01 6.951e+04
2.378e-01 1.146e+05
2.341e-01 1.191e+05
2.409e-01 1.119e+05
2.603e-01 8.112e+04
2.301e-01 1.264e+05
2.379e-01 1.101e+05
2.311e-01 1.246e+05
2.346e-01 1.185e+05
2.358e-01 1.184e+05
2.341e-01 1.222e+05
2.392e-01 1.124e+05
2.394e-01 1.161e+05
2.318e-01 1.212e+05
2.360e-01 1.184e+05
2.400e-01 1.117e+05
2.410e-01 1.160e+05
2.387e-01 1.186e+05
2.413e-01 1.152e+05
2.517e-01 9.743e+04
2.333e-01 1.231e+05
2.372e-01 1.202e+05
2.779e-01 6.992e+04
2.350e-01 1.194e+05
2.382e-01 1.183e+05
2.332e-01 1.241e+05
2.362e-01 1.168e+05
2.362e-01 1.190e+05
2.384e-01 1.163e+05
2.652e-01 7.775e+04
2.393e-01 1.177e+05
2.391e-01 1.114e+05
2.433e-01 1.013e+05
2.364e-01 1.204e+05
2.624e-01 7.950e+04
2.360e-01 1.167e+05
2.426e-01 1.034e+05
2.305e-01 1.250e+05
2.322e-01 1.234e+05
2.509e-01 9.863e+04
2.559e-01 9.082e+04
2.338e-01 1.123e+05
2.357e-01 1.178e+05
2.324e-01 1.209e+05
2.344e-01 1.210e+05
2.325e-01 1.166e+05
2.393e-01 1.172e+05
2.364e-01 1.148e+05
2.596e-01 8.195e+04
2.332e-01 1.213e+05
2.356e-01 1.188e+05
2.353e-01 1.210e+05
2.444e-01 1.147e+05
2.363e-01 1.063e+05
2.396e-01 1.144e+05
2.496e-01 1.025e+05
2.352e-01 1.228e+05
2.327e-01 1.216e+05
2.346e-01 1.168e+05
2.397e-01 1.177e+05
2.348e-01 1.108e+05
2.335e-01 1.179e+05
2.306e-01 1.217e+05
2.399e-01 1.102e+05
2.645e-01 7.693e+04
2.326e-01 1.200e+05
2.329e-01 1.164e+05
2.347e-01 1.205e+05
2.362e-01 1.206e+05
2.355e-01 1.182e+05
2.454e-01 1.116e+05
2.316e-01 1.222e+05
2.355e-01 1.184e+05
2.354e-01 1.186e+05
2.384e-01 1.094e+05
2.329e-01 1.222e+05
2.346e-01 1.169e+05
2.398e-01 1.156e+05
2.352e-01 1.213e+05
2.393e-01 1.180e+05
2.374e-01 1.207e+05
2.367e-01 1.182e+05
2.452e-01 1.134e+05
2.326e-01 1.223e+05
2.343e-01 1.198e+05
2.331e-01 1.180e+05
2.346e-01 1.199e+05
2.359e-01 1.164e+05
2.366e-01 1.200e+05
2.342e-01 1.241e+05
2.698e-01 6.782e+04
2.360e-01 1.170e+05
2.453e-01 1.029e+05
2.558e-01 8.923e+04
2.698e-01 7.672e+04
2.383e-01 1.207e+05
2.362e-01 1.211e+05
2.353e-01 1.203e+05
2.586e-01 8.655e+04
2.360e-01 1.144e+05
2.396e-01 1.183e+05
2.348e-01 1.157e+05
2.325e-01 1.166e+05
2.472e-01 1.032e+05
2.440e-01 1.097e+05
2.354e-01 1.168e+05
2.322e-01 1.211e+05
2.383e-01 1.161e+05
2.358e-01 1.166e+05
2.384e-01 1.166e+05
2.344e-01 1.173e+05
2.314e-01 1.220e+05
2.410e-01 1.136e+05
2.369e-01 1.203e+05
2.429e-01 1.079e+05
2.386e-01 1.177e+05
2.387e-01 1.171e+05
2.376e-01 1.142e+05
2.358e-01 1.169e+05
2.311e-01 1.200e+05
2.352e-01 1.198e+05
2.457e-01 1.046e+05
2.348e-01 1.203e+05
2.379e-01 1.158e+05
2.357e-01 1.184e+05
2.564e-01 9.694e+04
2.352e-01 1.188e+05
2.402e-01 1.137e+05
2.419e-01 1.152e+05
2.419e-01 1.161e+05
2.306e-01 1.238e+05
2.340e-01 1.248e+05
2.688e-01 7.197e+04
2.299e-01 1.260e+05
2.328e-01 1.226e+05
2.306e-01 1.230e+05
2.359e-01 1.171e+05
2.423e-01 1.147e+05
2.348e-01 1.204e+05
2.384e-01 1.118e+05
2.390e-01 1.151e+05
2.324e-01 1.217e+05
2.348e-01 1.207e+05
2.447e-01 1.119e+05
2.333e-01 1.210e+05
2.346e-01 1.230e+05
2.416e-01 1.082e+05
2.377e-01 1.202e+05
2.415e-01 1.145e+05
2.608e-01 8.597e+04
2.386e-01 1.104e+05
2.340e-01 1.208e+05
2.349e-01 1.178e+05
2.347e-01 1.185e+05
2.345e-01 1.175e+05
2.341e-01 1.222e+05
2.332e-01 1.217e+05
2.338e-01 1.171e+05
2.376e-01 1.188e+05
2.376e-01 1.216e+05
2.309e-01 1.202e+05
2.391e-01 1.188e+05
2.414e-01 9.961e+04
2.352e-01 1.187e+05
2.331e-01 1.253e+05
2.331e-01 1.192e+05
2.408e-01 1.153e+05
2.405e-01 1.173e+05
2.395e-01 1.135e+05
2.373e-01 1.194e+05
2.377e-01 1.165e+05
2.310e-01 1.246e+05
2.363e-01 1.195e+05
2.354e-01 1.242e+05
2.417e-01 1.091e+05
2.343e-01 1.182e+05
2.407e-01 1.128e+05
2.418e-01 1.156e+05
2.352e-01 1.151e+05
2.347e-01 1.148e+05
2.349e-01 1.172e+05
2.377e-01 1.215e+05
2.325e-01 1.206e+05
2.342e-01 1.188e+05
2.325e-01 1.197e+05
2.672e-01 7.583e+04
2.356e-01 1.189e+05
2.393e-01 1.170e+05
2.607e-01 8.300e+04
2.660e-01 6.852e+04
2.348e-01 1.241e+05
2.424e-01 1.058e+05
2.400e-01 1.134e+05
2.366e-01 1.203e+05
2.354e-01 1.161e+05
2.476e-01 9.596e+04
2.316e-01 1.236e+05
2.487e-01 9.888e+04
2.374e-01 1.189e+05
2.349e-01 1.230e+05
2.399e-01 1.175e+05
2.374e-01 1.143e+05
2.315e-01 1.212e+05
2.389e-01 1.140e+05
2.389e-01 1.195e+05
2.333e-01 1.206e+05
2.430e-01 1.133e+05
2.394e-01 1.196e+05
2.351e-01 1.153e+05
2.588e-01 8.421e+04
2.373e-01 1.166e+05
2.431e-01 1.125e+05
2.394e-01 1.180e+05
2.543e-01 9.563e+04
2.346e-01 1.150e+05
2.349e-01 1.178e+05
2.357e-01 1.166e+05
2.427e-01 1.025e+05
2.444e-01 9.969e+04
2.358e-01 1.197e+05
2.320e-01 1.224e+05
2.380e-01 1.178e+05
2.385e-01 1.173e+05
2.381e-01 1.175e+05
2.384e-01 1.156e+05
2.347e-01 1.198e+05
2.341e-01 1.215e+05
2.433e-01 1.057e+05
2.548e-01 9.017e+04
2.383e-01 1.201e+05
2.389e-01 1.176e+05
2.367e-01 1.197e+05
2.310e-01 1.200e+05
2.468e-01 1.082e+05
2.312e-01 1.220e+05
2.345e-01 1.232e+05
2.410e-01 1.145e+05
2.357e-01 1.176e+05
2.430e-01 1.034e+05
2.319e-01 1.235e+05
2.384e-01 1.147e+05
2.353e-01 1.200e+05
2.396e-01 1.158e+05
2.392e-01 1.128e+05
2.336e-01 1.250e+05
2.324e-01 1.206e+05
2.374e-01 1.201e+05
2.315e-01 1.187e+05
2.370e-01 1.164e+05
2.337e-01 1.232e+05
2.352e-01 1.194e+05
2.405e-01 1.119e+05
2.438e-01 9.558e+04
2.353e-01 1.173e+05
2.370e-01 1.221e+05
2.393e-01 1.122e+05
2.406e-01 1.147e+05
2.380e-01 1.166e+05
2.382e-01 1.162e+05
2.384e-01 1.154e+05
2.563e-01 9.554e+04
2.402e-01 1.152e+05
2.407e-01 1.164e+05
2.314e-01 1.226e+05
2.390e-01 1.196e+05
2.407e-01 1.145e+05
2.318e-01 1.174e+05
2.490e-01 9.644e+04
2.326e-01 1.172e+05
2.395e-01 1.152e+05
2.360e-01 1.232e+05
2.397e-01 1.078e+05
2.304e-01 1.225e+05
2.356e-01 1.209e+05
2.384e-01 1.135e+05
2.384e-01 1.141e+05
2.312e-01 1.237e+05
2.367e-01 1.199e+05
2.356e-01 1.195e+05
2.404e-01 1.172e+05
2.339e-01 1.207e+05
2.356e-01 1.241e+05
2.490e-01 8.671e+04
2.302e-01 1.263e+05
2.340e-01 1.179e+05
2.367e-01 1.170e+05
2.362e-01 1.140e+05
2.343e-01 1.219e+05
2.379e-01 1.161e+05
2.364e-01 1.207e+05
2.354e-01 1.169e+05
2.364e-01 1.163e+05
2.470e-01 1.042e+05
2.475e-01 1.075e+05
2.358e-01 1.232e+05
2.344e-01 1.206e+05
2.343e-01 1.218e+05
2.345e-01 1.211e+05
2.368e-01 1.080e+05
2.298e-01 1.236e+05
2.626e-01 8.629e+04
2.342e-01 1.215e+05
2.361e-01 1.205e+05
2.343e-01 1.206e+05
2.403e-01 1.114e+05
2.349e-01 1.182e+05
2.374e-01 1.195e+05
2.324e-01 1.206e+05
2.394e-01 1.162e+05
2.713e-01 7.878e+04
2.347e-01 1.174e+05
2.358e-01 1.184e+05
2.370e-01 1.196e+05
2.372e-01 1.191e+05
2.369e-01 1.170e+05
2.366e-01 1.160e+05
2.334e-01 1.182e+05
2.324e-01 1.190e+05
2.384e-01 1.139e+05
2.353e-01 1.124e+05
2.350e-01 1.186e+05
2.393e-01 1.177e+05
2.357e-01 1.204e+05
2.358e-01 1.176e+05
2.351e-01 1.159e+05
2.362e-01 1.233e+05
2.305e-01 1.210e+05
2.414e-01 1.169e+05
2.724e-01 7.492e+04
2.345e-01 1.225e+05
2.358e-01 1.186e+05
2.318e-01 1.263e+05
2.395e-01 1.132e+05
2.650e-01 8.555e+04
2.350e-01 1.099e+05
2.367e-01 1.171e+05
2.371e-01 1.192e+05
2.411e-01 1.123e+05
2.375e-01 1.166e+05
2.413e-01 1.122e+05
2.325e-01 1.203e+05
2.311e-01 1.219e+05
2.351e-01 1.220e+05
2.437e-01 1.115e+05
2.350e-01 1.201e+05
2.365e-01 1.216e+05
2.638e-01 7.799e+04
2.419e-01 1.152e+05
2.398e-01 1.086e+05
2.704e-01 7.130e+04
2.399e-01 1.156e+05
2.307e-01 1.213e+05
2.357e-01 1.240e+05
2.370e-01 1.185e+05
2.384e-01 1.130e+05
2.366e-01 1.137e+05
2.403e-01 1.136e+05
2.334e-01 1.216e+05
2.626e-01 8.348e+04
2.362e-01 1.160e+05
2.453e-01 1.086e+05
2.549e-01 9.249e+04
2.351e-01 1.203e+05
2.366e-01 1.195e+05
2.370e-01 1.191e+05
2.364e-01 1.206e+05
2.411e-01 1.116e+05
2.344e-01 1.203e+05
2.361e-01 1.168e+05
2.306e-01 1.175e+05
2.314e-01 1.261e+05
2.376e-01 1.159e+05
2.339e-01 1.209e+05
2.515e-01 9.609e+04
2.332e-01 1.171e+05
2.396e-01 1.143e+05
2.386e-01 1.137e+05
2.341e-01 1.198e+05
2.386e-01 1.141e+05
2.334e-01 1.215e+05
2.346e-01 1.195e+05
2.749e-01 7.083e+04
2.330e-01 1.228e+05
2.386e-01 1.188e+05
2.316e-01 1.247e+05
2.662e-01 8.518e+04
2.375e-01 1.176e+05
2.363e-01 1.185e+05
2.337e-01 1.193e+05
2.389e-01 1.170e+05
2.313e-01 1.193e+05
2.396e-01 1.132e+05
2.350e-01 1.191e+05
2.336e-01 1.196e+05
2.339e-01 1.228e+05
2.331e-01 1.174e+05
2.382e-01 1.181e+05
2.399e-01 1.153e+05
2.354e-01 1.176e+05
2.379e-01 1.209e+05
2.309e-01 1.230e+05
2.350e-01 1.156e+05
2.348e-01 1.221e+05
2.389e-01 1.160e+05
2.344e-01 1.213e+05
2.358e-01 1.189e+05
2.382e-01 1.184e+05
2.528e-01 9.717e+04
2.301e-01 1.246e+05
2.355e-01 1.177e+05
2.360e-01 1.179e+05
2.393e-01 1.148e+05
2.468e-01 1.102e+05
2.382e-01 1.194e+05
2.360e-01 1.193e+05
2.387e-01 1.170e+05
2.326e-01 1.240e+05
2.448e-01 1.138e+05
2.348e-01 1.179e+05
2.375e-01 1.144e+05
2.389e-01 1.158e+05
2.400e-01 1.168e+05
2.302e-01 1.256e+05
2.615e-01 8.761e+04
2.399e-01 1.119e+05
2.371e-01 1.184e+05
2.609e-01 8.179e+04
2.379e-01 1.179e+05
2.370e-01 1.207e+05
2.336e-01 1.225e+05
2.358e-01 1.192e+05
2.389e-01 1.191e+05
2.349e-01 1.206e+05
2.388e-01 1.201e+05
2.423e-01 1.133e+05
2.348e-01 1.169e+05
2.346e-01 1.178e+05
2.587e-01 8.952e+04
2.524e-01 1.020e+05
2.401e-01 1.145e+05
2.357e-01 1.215e+05
2.553e-01 8.606e+04
2.339e-01 1.220e+05
2.364e-01 1.178e+05
2.327e-01 1.225e+05
2.395e-01 1.149e+05
2.352e-01 1.130e+05
2.356e-01 1.211e+05
2.371e-01 1.217e+05
2.413e-01 1.145e+05
2.424e-01 1.062e+05
2.383e-01 1.206e+05
2.359e-01 1.149e+05
2.360e-01 1.177e+05
2.345e-01 1.208e+05
2.346e-01 1.195e+05
2.378e-01 1.186e+05
2.387e-01 1.149e+05
2.325e-01 1.193e+05
2.352e-01 1.213e+05
2.407e-01 1.143e+05
2.370e-01 1.162e+05
2.336e-01 1.168e+05
2.378e-01 1.133e+05
2.408e-01 1.150e+05
2.365e-01 1.145e+05
2.425e-01 1.090e+05
2.345e-01 1.197e+05
2.316e-01 1.221e+05
2.357e-01 1.202e+05
2.364e-01 1.193e+05
2.302e-01 1.254e+05
2.356e-01 1.153e+05
2.447e-01 1.112e+05
2.412e-01 1.071e+05
2.355e-01 1.230e+05
2.415e-01 1.156e+05
2.358e-01 1.183e+05
2.416e-01 1.113e+05
2.354e-01 1.214e+05
2.375e-01 1.171e+05
2.420e-01 1.143e+05
2.417e-01 1.081e+05
2.336e-01 1.183e+05
2.339e-01 1.191e+05
2.373e-01 1.157e+05
2.366e-01 1.198e+05
2.368e-01 1.157e+05
2.347e-01 1.201e+05
2.381e-01 1.201e+05
2.350e-01 1.171e+05
2.343e-01 1.234e+05
2.306e-01 1.209e+05
2.372e-01 1.203e+05
2.362e-01 1.232e+05
2.332e-01 1.205e+05
2.342e-01 1.192e+05
2.326e-01 1.240e+05
2.387e-01 1.149e+05
2.308e-01 1.254e+05
2.332e-01 1.211e+05
2.409e-01 1.128e+05
2.361e-01 1.168e+05
2.338e-01 1.177e+05
2.345e-01 1.214e+05
2.443e-01 1.112e+05
2.342e-01 1.203e+05
2.558e-01 9.152e+04
2.402e-01 1.118e+05
2.748e-01 7.411e+04
2.345e-01 1.208e+05
2.335e-01 1.229e+05
2.381e-01 1.131e+05
2.361e-01 1.153e+05
2.360e-01 1.198e+05
2.333e-01 1.209e+05
2.372e-01 1.149e+05
2.435e-01 1.099e+05
2.341e-01 1.152e+05
2.332e-01 1.251e+05
2.365e-01 1.203e+05
2.473e-01 1.044e+05
2.377e-01 1.199e+05
2.385e-01 1.148e+05
2.404e-01 1.134e+05
2.340e-01 1.226e+05
2.358e-01 1.190e+05
2.370e-01 1.179e+05
2.423e-01 1.123e+05
2.859e-01 6.878e+04
2.435e-01 1.115e+05
2.373e-01 1.170e+05
2.368e-01 1.158e+05
2.320e-01 1.172e+05
2.375e-01 1.164e+05
2.377e-01 1.200e+05
2.409e-01 1.144e+05
2.545e-01 9.144e+04
2.394e-01 1.124e+05
2.329e-01 1.254e+05
2.396e-01 1.142e+05
2.351e-01 1.166e+05
2.438e-01 1.075e+05
2.358e-01 1.171e+05
2.325e-01 1.217e+05
2.376e-01 1.157e+05
2.361e-01 1.206e+05
2.324e-01 1.195e+05
2.358e-01 1.176e+05
2.371e-01 1.158e+05
2.377e-01 1.140e+05
2.344e-01 1.200e+05
2.371e-01 1.161e+05
2.378e-01 1.146e+05
2.410e-01 1.128e+05
2.371e-01 1.159e+05
2.312e-01 1.189e+05
2.348e-01 1.181e+05
2.413e-01 1.139e+05
2.399e-01 1.149e+05
2.447e-01 1.147e+05
2.366e-01 1.185e+05
2.356e-01 1.167e+05
2.381e-01 1.139e+05
2.369e-01 1.202e+05
2.358e-01 1.150e+05
2.327e-01 1.232e+05
2.353e-01 1.191e+05
2.309e-01 1.204e+05
2.338e-01 1.230e+05
2.345e-01 1.188e+05
2.331e-01 1.179e+05
2.321e-01 1.240e+05
2.353e-01 1.211e+05
2.397e-01 1.175e+05
2.353e-01 1.194e+05
2.377e-01 1.172e+05
2.517e-01 1.004e+05
2.385e-01 1.096e+05
2.316e-01 1.201e+05
2.367e-01 1.180e+05
2.345e-01 1.209e+05
2.296e-01 1.258e+05
2.660e-01 7.712e+04
2.354e-01 1.142e+05
2.360e-01 1.175e+05
2.335e-01 1.223e+05
2.634e-01 7.338e+04
2.329e-01 1.247e+05
2.395e-01 1.127e+05
2.332e-01 1.245e+05
2.326e-01 1.186e+05
2.337e-01 1.197e+05
2.371e-01 1.143e+05
2.302e-01 1.221e+05
2.337e-01 1.186e+05
2.347e-01 1.212e+05
2.409e-01 1.170e+05
2.479e-01 9.799e+04
2.346e-01 1.209e+05
2.314e-01 1.224e+05
2.343e-01 1.177e+05
2.311e-01 1.200e+05
2.379e-01 1.168e+05
2.345e-01 1.234e+05
2.363e-01 1.193e+05
2.407e-01 1.148e+05
2.343e-01 1.218e+05
2.674e-01 7.676e+04
2.347e-01 1.204e+05
2.419e-01 1.166e+05
2.376e-01 1.129e+05
2.305e-01 1.207e+05
2.370e-01 1.225e+05
2.347e-01 1.192e+05
2.349e-01 1.218e+05
2.377e-01 1.138e+05
2.335e-01 1.205e+05
2.346e-01 1.241e+05
2.711e-01 6.673e+04
2.395e-01 1.153e+05
2.440e-01 1.016e+05
2.354e-01 1.202e+05
2.394e-01 1.136e+05
2.343e-01 1.213e+05
2.305e-01 1.188e+05
2.420e-01 1.166e+05
2.368e-01 1.163e+05
2.386e-01 1.131e+05
2.334e-01 1.229e+05
2.344e-01 1.203e+05
2.645e-01 8.251e+04
2.363e-01 1.191e+05
2.341e-01 1.184e+05
2.334e-01 1.203e+05
2.390e-01 1.173e+05
2.364e-01 1.181e+05
2.336e-01 1.219e+05
2.367e-01 1.201e+05
2.447e-01 1.014e+05
2.337e-01 1.169e+05
2.402e-01 1.176e+05
2.388e-01 1.164e+05
2.353e-01 1.206e+05
2.374e-01 1.218e+05
2.340e-01 1.218e+05
2.388e-01 1.129e+05
2.399e-01 1.173e+05
2.349e-01 1.203e+05
2.441e-01 1.108e+05
2.383e-01 1.213e+05
2.391e-01 1.089e+05
2.365e-01 1.117e+05
2.372e-01 1.161e+05
2.362e-01 1.197e+05
2.301e-01 1.249e+05
2.384e-01 1.201e+05
2.332e-01 1.193e+05
2.410e-01 1.130e+05
2.373e-01 1.218e+05
2.337e-01 1.245e+05
2.387e-01 1.186e+05
2.330e-01 1.204e+05
2.335e-01 1.233e+05
2.337e-01 1.155e+05
2.398e-01 1.154e+05
2.659e-01 8.264e+04
2.347e-01 1.219e+05
2.390e-01 1.186e+05
2.326e-01 1.217e+05
2.374e-01 1.121e+05
2.370e-01 1.186e+05
2.364e-01 1.213e+05
2.359e-01 1.175e+05
2.348e-01 1.241e+05
2.401e-01 1.149e+05
2.361e-01 1.211e+05
2.353e-01 1.217e+05
2.338e-01 1.142e+05
2.365e-01 1.227e+05
2.350e-01 1.159e+05
2.401e-01 1.119e+05
2.373e-01 1.153e+05
2.382e-01 1.166e+05
2.387e-01 1.154e+05
2.343e-01 1.201e+05
2.336e-01 1.187e+05
2.358e-01 1.205e+05
2.487e-01 1.042e+05
2.393e-01 1.163e+05
2.420e-01 1.071e+05
2.308e-01 1.235e+05
2.371e-01 1.162e+05
2.363e-01 1.185e+05
2.376e-01 1.215e+05
2.333e-01 1.215e+05
2.355e-01 1.157e+05
2.329e-01 1.203e+05
2.593e-01 8.649e+04
2.371e-01 1.187e+05
2.311e-01 1.250e+05
2.368e-01 1.168e+05
2.513e-01 1.017e+05
2.465e-01 1.044e+05
2.380e-01 1.136e+05
2.353e-01 1.202e+05
2.347e-01 1.222e+05
2.348e-01 1.187e+05
2.348e-01 1.199e+05
2.354e-01 1.196e+05
2.352e-01 1.186e+05
2.385e-01 1.182e+05
2.375e-01 1.162e+05
2.369e-01 1.132e+05
2.346e-01 1.217e+05
2.391e-01 1.171e+05
2.440e-01 1.055e+05
2.432e-01 1.115e+05
2.327e-01 1.246e+05
2.361e-01 1.163e+05
2.329e-01 1.173e+05
2.406e-01 1.098e+05
2.361e-01 1.177e+05
2.310e-01 1.168e+05
2.359e-01 1.194e+05
2.631e-01 7.842e+04
2.379e-01 1.138e+05
2.328e-01 1.226e+05
2.377e-01 1.130e+05
2.307e-01 1.250e+05
2.373e-01 1.129e+05
2.342e-01 1.210e+05
2.327e-01 1.209e+05
2.382e-01 1.146e+05
2.352e-01 1.204e+05
2.309e-01 1.236e+05
2.356e-01 1.175e+05
2.303e-01 1.267e+05
2.350e-01 1.214e+05
2.346e-01 1.210e+05
2.318e-01 1.219e+05
2.326e-01 1.222e+05
2.373e-01 1.219e+05
2.415e-01 1.163e+05
2.330e-01 1.249e+05
2.426e-01 1.128e+05
2.466e-01 1.049e+05
2.364e-01 1.219e+05
2.342e-01 1.151e+05
2.351e-01 1.233e+05
2.331e-01 1.197e+05
2.345e-01 1.226e+05
2.368e-01 1.206e+05
2.392e-01 1.097e+05
2.344e-01 1.246e+05
2.406e-01 1.135e+05
2.347e-01 1.189e+05
2.356e-01 1.166e+05
2.348e-01 1.198e+05
2.368e-01 1.157e+05
2.365e-01 1.210e+05
2.364e-01 1.188e+05
2.335e-01 1.213e+05
2.372e-01 1.166e+05
2.371e-01 1.213e+05
2.348e-01 1.204e+05
2.432e-01 1.149e+05
2.533e-01 8.969e+04
2.316e-01 1.227e+05
2.357e-01 1.195e+05
2.330e-01 1.232e+05
2.343e-01 1.214e+05
2.348e-01 1.204e+05
2.582e-01 8.389e+04
2.347e-01 1.202e+05
2.349e-01 1.219e+05
2.372e-01 1.176e+05
2.359e-01 1.171e+05
2.399e-01 1.127e+05
2.318e-01 1.218e+05
2.363e-01 1.194e+05
2.328e-01 1.164e+05
2.329e-01 1.218e+05
2.382e-01 1.206e+05
2.367e-01 1.186e+05
2.312e-01 1.225e+05
2.411e-01 1.130e+05
2.400e-01 1.157e+05
2.307e-01 1.250e+05
2.375e-01 1.197e+05
2.311e-01 1.231e+05
2.349e-01 1.160e+05
2.337e-01 1.248e+05
2.406e-01 1.182e+05
2.330e-01 1.215e+05
2.367e-01 1.164e+05
2.367e-01 1.186e+05
2.731e-01 7.615e+04
2.503e-01 9.397e+04
2.359e-01 1.204e+05
2.328e-01 1.174e+05
2.384e-01 1.158e+05
2.370e-01 1.209e+05
2.325e-01 1.215e+05
2.358e-01 1.196e+05
2.332e-01 1.185e+05
2.451e-01 1.049e+05
2.520e-01 9.355e+04
2.347e-01 1.209e+05
2.305e-01 1.236e+05
2.362e-01 1.152e+05
2.361e-01 1.171e+05
2.396e-01 1.131e+05
2.346e-01 1.205e+05
2.425e-01 1.157e+05
2.340e-01 1.194e+05
2.361e-01 1.185e+05
2.359e-01 1.123e+05
2.368e-01 1.170e+05
2.571e-01 9.503e+04
2.332e-01 1.198e+05
2.708e-01 6.960e+04
2.501e-01 1.054e+05
2.366e-01 1.180e+05
2.343e-01 1.200e+05
2.426e-01 1.099e+05
2.395e-01 1.147e+05
2.335e-01 1.199e+05
2.394e-01 1.144e+05
2.352e-01 1.215e+05
2.357e-01 1.198e+05
2.344e-01 1.198e+05
2.395e-01 1.127e+05
2.388e-01 1.179e+05
2.337e-01 1.187e+05
2.322e-01 1.183e+05
2.369e-01 1.172e+05
2.337e-01 1.135e+05
2.360e-01 1.185e+05
2.555e-01 8.900e+04
2.358e-01 1.187e+05
2.354e-01 1.204e+05
2.385e-01 1.204e+05
2.352e-01 1.192e+05
2.352e-01 1.192e+05
2.366e-01 1.194e+05
2.343e-01 1.208e+05
2.365e-01 1.193e+05
2.357e-01 1.191e+05
2.345e-01 1.208e+05
2.349e-01 1.209e+05
2.372e-01 1.177e+05
2.415e-01 1.152e+05
2.388e-01 1.121e+05
2.362e-01 1.208e+05
2.343e-01 1.245e+05
2.328e-01 1.193e+05
2.381e-01 1.149e+05
2.325e-01 1.214e+05
2.392e-01 1.112e+05
2.412e-01 1.139e+05
2.333e-01 1.201e+05
2.392e-01 1.162e+05
2.358e-01 1.202e+05
2.373e-01 1.161e+05
2.377e-01 1.167e+05
2.446e-01 1.071e+05
2.360e-01 1.206e+05
2.359e-01 1.208e+05
2.376e-01 1.193e+05
2.561e-01 8.899e+04
2.305e-01 1.217e+05
2.362e-01 1.115e+05
2.478e-01 1.061e+05
2.376e-01 1.166e+05
2.414e-01 1.125e+05
2.362e-01 1.209e+05
2.372e-01 1.174e+05
2.354e-01 1.180e+05
2.785e-01 7.167e+04
2.368e-01 1.219e+05
2.414e-01 1.066e+05
2.426e-01 1.155e+05
2.379e-01 1.175e+05
2.400e-01 1.122e+05
2.374e-01 1.183e+05
2.413e-01 1.120e+05
2.434e-01 1.125e+05
2.391e-01 1.155e+05
2.391e-01 1.188e+05
2.312e-01 1.210e+05
2.679e-01 7.751e+04
2.348e-01 1.172e+05
2.359e-01 1.156e+05
2.356e-01 1.168e+05
2.384e-01 1.162e+05
2.342e-01 1.194e+05
2.370e-01 1.195e+05
2.367e-01 1.189e+05
2.608e-01 8.557e+04
2.476e-01 1.104e+05
2.329e-01 1.242e+05
2.367e-01 1.154e+05
2.471e-01 1.060e+05
2.452e-01 1.144e+05
2.482e-01 1.112e+05
2.355e-01 1.214e+05
2.395e-01 1.117e+05
2.386e-01 1.156e+05
2.334e-01 1.213e+05
2.416e-01 1.172e+05
2.343e-01 1.232e+05
2.356e-01 1.139e+05
2.415e-01 1.172e+05
2.405e-01 1.179e+05
2.344e-01 1.175e+05
2.388e-01 1.163e+05
2.379e-01 1.207e+05
2.359e-01 1.235e+05
2.367e-01 1.208e+05
2.312e-01 1.225e+05
2.307e-01 1.272e+05
2.364e-01 1.148e+05
2.365e-01 1.177e+05
2.386e-01 1.196e+05
2.322e-01 1.182e+05
2.309e-01 1.270e+05
2.413e-01 1.133e+05
2.445e-01 1.092e+05
2.366e-01 1.170e+05
2.383e-01 1.155e+05
2.355e-01 1.196e+05
2.364e-01 1.175e+05
2.330e-01 1.182e+05
2.326e-01 1.214e+05
2.370e-01 1.199e+05
2.354e-01 1.228e+05
2.412e-01 1.180e+05
2.345e-01 1.204e+05
2.316e-01 1.221e+05
2.378e-01 1.119e+05
2.355e-01 1.173e+05
2.391e-01 1.152e+05
2.345e-01 1.169e+05
2.392e-01 1.111e+05
2.346e-01 1.184e+05
2.361e-01 1.176e+05
2.441e-01 1.127e+05
2.342e-01 1.231e+05
2.310e-01 1.209e+05
2.416e-01 1.134e+05
2.335e-01 1.138e+05
2.445e-01 1.131e+05
2.370e-01 1.184e+05
2.336e-01 1.200e+05
2.318e-01 1.246e+05
2.409e-01 1.155e+05
2.323e-01 1.255e+05
2.369e-01 1.155e+05
2.311e-01 1.233e+05
2.359e-01 1.185e+05
2.372e-01 1.177e+05
2.359e-01 1.185e+05
2.606e-01 7.236e+04
2.376e-01 1.176e+05
2.327e-01 1.223e+05
2.402e-01 1.167e+05
2.330e-01 1.160e+05
2.432e-01 1.090e+05
2.424e-01 1.148e+05
2.305e-01 1.250e+05
2.367e-01 1.172e+05
2.394e-01 1.148e+05
2.501e-01 9.552e+04
2.403e-01 1.180e+05
2.358e-01 1.165e+05
2.382e-01 1.131e+05
2.410e-01 1.117e+05
2.432e-01 1.100e+05
2.324e-01 1.228e+05
2.381e-01 1.185e+05
2.389e-01 1.152e+05
2.467e-01 1.117e+05
2.374e-01 1.169e+05
2.374e-01 1.168e+05
2.375e-01 1.137e+05
2.318e-01 1.225e+05
2.371e-01 1.193e+05
2.376e-01 1.156e+05
2.353e-01 1.168e+05
2.347e-01 1.225e+05
2.317e-01 1.215e+05
2.320e-01 1.242e+05
2.319e-01 1.184e+05
2.622e-01 7.980e+04
2.355e-01 1.195e+05
2.368e-01 1.171e+05
2.392e-01 1.169e+05
2.338e-01 1.181e+05
2.324e-01 1.151e+05
2.366e-01 1.130e+05
2.309e-01 1.213e+05
2.312e-01 1.216e+05
2.352e-01 1.240e+05
2.380e-01 1.217e+05
2.379e-01 1.186e+05
2.322e-01 1.213e+05
2.397e-01 1.121e+05
2.333e-01 1.179e+05
2.362e-01 1.232e+05
2.336e-01 1.182e+05
2.320e-01 1.236e+05
2.308e-01 1.220e+05
2.317e-01 1.257e+05
2.538e-01 9.688e+04
2.359e-01 1.199e+05
2.371e-01 1.111e+05
2.358e-01 1.177e+05
2.341e-01 1.186e+05
2.321e-01 1.203e+05
2.345e-01 1.237e+05
2.360e-01 1.202e+05
2.699e-01 7.363e+04
2.389e-01 1.186e+05
2.387e-01 1.193e+05
2.316e-01 1.246e+05
2.691e-01 7.023e+04
2.326e-01 1.231e+05
2.705e-01 7.294e+04
2.356e-01 1.163e+05
2.406e-01 1.107e+05
2.390e-01 1.176e+05
2.326e-01 1.252e+05
2.319e-01 1.223e+05
2.713e-01 7.543e+04
2.389e-01 1.134e+05
2.354e-01 1.203e+05
2.523e-01 1.050e+05
2.353e-01 1.133e+05
2.436e-01 1.007e+05
2.395e-01 1.119e+05
2.387e-01 1.200e+05
2.392e-01 1.194e+05
2.368e-01 1.190e+05
2.400e-01 1.193e+05
2.367e-01 1.178e+05
2.343e-01 1.170e+05
2.323e-01 1.208e+05
2.405e-01 1.147e+05
2.412e-01 1.105e+05
2.387e-01 1.139e+05
2.350e-01 1.217e+05
2.364e-01 1.163e+05
2.371e-01 1.150e+05
2.337e-01 1.179e+05
2.357e-01 1.211e+05
2.401e-01 1.139e+05
2.323e-01 1.239e+05
2.350e-01 1.202e+05
2.360e-01 1.175e+05
2.353e-01 1.182e+05
2.378e-01 1.171e+05
2.314e-01 1.240e+05
2.407e-01 1.121e+05
2.366e-01 1.212e+05
2.386e-01 1.174e+05
2.346e-01 1.197e+05
2.323e-01 1.223e+05
2.370e-01 1.202e+05
2.311e-01 1.209e+05
2.376e-01 1.207e+05
2.346e-01 1.212e+05
2.352e-01 1.210e+05
2.350e-01 1.174e+05
2.362e-01 1.162e+05
2.339e-01 1.173e+05
2.601e-01 8.200e+04
2.297e-01 1.234e+05
2.335e-01 1.155e+05
2.399e-01 1.201e+05
2.414e-01 1.142e+05
2.329e-01 1.191e+05
2.401e-01 1.123e+05
2.332e-01 1.239e+05
2.317e-01 1.192e+05
2.347e-01 1.208e+05
2.546e-01 8.908e+04
2.429e-01 1.110e+05
2.312e-01 1.232e+05
2.350e-01 1.167e+05
2.350e-01 1.180e+05
2.347e-01 1.183e+05
2.442e-01 1.120e+05
2.358e-01 1.146e+05
2.351e-01 1.133e+05
2.338e-01 1.243e+05
2.377e-01 1.149e+05
2.304e-01 1.234e+05
2.404e-01 1.091e+05
2.359e-01 1.238e+05
2.360e-01 1.190e+05
2.403e-01 1.139e+05
2.416e-01 1.109e+05
2.379e-01 1.167e+05
2.360e-01 1.181e+05
2.361e-01 1.154e+05
2.540e-01 9.282e+04
2.365e-01 1.183e+05
2.358e-01 1.198e+05
2.324e-01 1.222e+05
2.337e-01 1.190e+05
2.411e-01 1.128e+05
2.371e-01 1.195e+05
2.603e-01 8.171e+04
2.383e-01 1.107e+05
2.378e-01 1.198e+05
2.355e-01 1.164e+05
2.573e-01 8.468e+04
2.357e-01 1.211e+05
2.347e-01 1.175e+05
2.399e-01 1.124e+05
2.343e-01 1.183e+05
2.496e-01 1.008e+05
2.376e-01 1.141e+05
2.399e-01 1.137e+05
2.324e-01 1.158e+05
2.351e-01 1.163e+05
2.390e-01 1.125e+05
2.340e-01 1.201e+05
2.383e-01 1.194e+05
2.382e-01 1.185e+05
2.395e-01 1.067e+05
2.358e-01 1.169e+05
2.320e-01 1.244e+05
2.373e-01 1.181e+05
2.332e-01 1.151e+05
2.397e-01 1.137e+05
2.361e-01 1.193e+05
2.310e-01 1.245e+05
2.375e-01 1.193e+05
2.306e-01 1.231e+05
2.344e-01 1.197e+05
2.375e-01 1.156e+05
2.394e-01 1.141e+05
2.610e-01 8.709e+04
2.356e-01 1.201e+05
2.365e-01 1.171e+05
2.407e-01 1.185e+05
2.466e-01 1.081e+05
2.380e-01 1.091e+05
2.367e-01 1.176e+05
2.380e-01 1.154e+05
2.384e-01 1.169e+05
2.383e-01 1.162e+05
2.320e-01 1.252e+05
2.349e-01 1.187e+05
2.404e-01 1.183e+05
2.335e-01 1.187e+05
2.691e-01 8.197e+04
2.345e-01 1.227e+05
2.324e-01 1.177e+05
2.355e-01 1.171e+05
2.354e-01 1.191e+05
2.351e-01 1.226e+05
2.375e-01 1.178e+05
2.470e-01 9.321e+04
2.372e-01 1.217e+05
2.324e-01 1.209e+05
2.400e-01 1.146e+05
2.408e-01 1.068e+05
2.341e-01 1.213e+05
2.396e-01 1.148e+05
2.388e-01 1.148e+05
2.379e-01 1.175e+05
2.593e-01 8.386e+04
2.335e-01 1.240e+05
2.737e-01 6.997e+04
2.367e-01 1.203e+05
2.318e-01 1.196e+05
2.406e-01 1.106e+05
2.323e-01 1.215e+05
2.540e-01 8.798e+04
2.345e-01 1.233e+05
2.356e-01 1.212e+05
2.364e-01 1.137e+05
2.492e-01 1.049e+05
2.391e-01 1.159e+05
2.313e-01 1.257e+05
2.391e-01 1.162e+05
2.422e-01 1.155e+05
2.462e-01 1.025e+05
2.445e-01 1.089e+05
2.316e-01 1.227e+05
2.364e-01 1.179e+05
2.310e-01 1.260e+05
2.356e-01 1.185e+05
2.407e-01 1.142e+05
2.322e-01 1.221e+05
2.340e-01 1.196e+05
2.347e-01 1.146e+05
2.347e-01 1.200e+05
2.405e-01 1.063e+05
2.502e-01 1.052e+05
2.379e-01 1.158e+05
2.373e-01 1.176e+05
2.409e-01 1.144e+05
2.318e-01 1.217e+05
2.397e-01 1.131e+05
2.472e-01 1.112e+05
2.308e-01 1.206e+05
2.372e-01 1.160e+05
2.409e-01 1.165e+05
2.318e-01 1.176e+05
2.376e-01 1.165e+05
2.637e-01 8.290e+04
2.334e-01 1.194e+05
2.323e-01 1.210e+05
2.367e-01 1.219e+05
2.297e-01 1.253e+05
2.321e-01 1.214e+05
2.329e-01 1.241e+05
2.354e-01 1.177e+05
2.391e-01 1.154e+05
2.411e-01 1.148e+05
2.415e-01 1.096e+05
2.386e-01 1.195e+05
2.336e-01 1.202e+05
2.367e-01 1.207e+05
2.349e-01 1.115e+05
2.376e-01 1.152e+05
2.441e-01 1.117e+05
2.366e-01 1.189e+05
2.322e-01 1.184e+05
2.339e-01 1.195e+05
2.341e-01 1.181e+05
2.372e-01 1.171e+05
2.319e-01 1.209e+05
2.368e-01 1.178e+05
2.412e-01 1.104e+05
2.426e-01 1.136e+05
2.574e-01 8.079e+04
2.375e-01 1.208e+05
2.399e-01 1.097e+05
2.379e-01 1.135e+05
2.387e-01 1.150e+05
2.369e-01 1.120e+05
2.339e-01 1.206e+05
2.341e-01 1.204e+05
2.354e-01 1.136e+05
2.357e-01 1.185e+05
2.304e-01 1.240e+05
2.437e-01 1.110e+05
2.398e-01 1.169e+05
2.323e-01 1.227e+05
2.387e-01 1.127e+05
2.377e-01 1.188e+05
2.342e-01 1.139e+05
2.324e-01 1.199e+05
2.336e-01 1.169e+05
2.405e-01 1.144e+05
2.479e-01 1.078e+05
2.363e-01 1.201e+05
2.485e-01 1.053e+05
2.359e-01 1.186e+05
2.350e-01 1.231e+05
2.415e-01 1.072e+05
2.320e-01 1.186e+05
2.314e-01 1.238e+05
2.328e-01 1.236e+05
2.323e-01 1.230e+05
2.390e-01 1.183e+05
2.428e-01 1.122e+05
2.395e-01 1.183e+05
2.327e-01 1.169e+05
2.385e-01 1.127e+05
2.361e-01 1.166e+05
2.334e-01 1.194e+05
2.352e-01 1.171e+05
2.720e-01 7.089e+04
2.451e-01 1.037e+05
2.412e-01 1.158e+05
2.329e-01 1.212e+05
2.402e-01 1.144e+05
2.316e-01 1.231e+05
2.349e-01 1.155e+05
2.339e-01 1.214e+05
2.344e-01 1.215e+05
2.414e-01 1.150e+05
2.313e-01 1.208e+05
2.337e-01 1.237e+05
2.351e-01 1.204e+05
2.480e-01 1.087e+05
2.380e-01 1.034e+05
2.362e-01 1.201e+05
2.365e-01 1.143e+05
2.394e-01 1.177e+05
2.399e-01 1.114e+05
2.407e-01 1.178e+05
2.364e-01 1.170e+05
2.340e-01 1.180e+05
2.315e-01 1.240e+05
2.370e-01 1.135e+05
2.334e-01 1.251e+05
2.365e-01 1.198e+05
2.351e-01 1.184e+05
2.304e-01 1.237e+05
2.389e-01 1.150e+05
2.304e-01 1.188e+05
2.466e-01 1.070e+05
2.424e-01 1.137e+05
2.320e-01 1.208e+05
2.379e-01 1.153e+05
2.330e-01 1.207e+05
2.397e-01 1.137e+05
2.382e-01 1.164e+05
2.320e-01 1.194e+05
2.381e-01 1.170e+05
2.355e-01 1.155e+05
2.365e-01 1.156e+05
2.375e-01 1.166e+05
2.641e-01 7.861e+04
2.428e-01 1.040e+05
2.350e-01 1.237e+05
2.335e-01 1.188e+05
2.439e-01 1.125e+05
2.334e-01 1.201e+05
2.350e-01 1.180e+05
2.727e-01 7.428e+04
2.404e-01 1.161e+05
2.368e-01 1.209e+05
2.379e-01 1.147e+05
2.318e-01 1.217e+05
2.384e-01 1.165e+05
2.311e-01 1.219e+05
2.347e-01 1.209e+05
2.392e-01 1.144e+05
2.448e-01 1.074e+05
2.596e-01 7.524e+04
2.337e-01 1.217e+05
2.352e-01 1.211e+05
2.326e-01 1.198e+05
2.340e-01 1.216e+05
2.362e-01 1.179e+05
2.396e-01 1.168e+05
2.338e-01 1.213e+05
2.322e-01 1.250e+05
2.391e-01 1.110e+05
2.359e-01 1.229e+05
2.383e-01 1.173e+05
2.455e-01 1.126e+05
2.351e-01 1.219e+05
2.339e-01 1.214e+05
2.366e-01 1.143e+05
2.343e-01 1.194e+05
2.414e-01 1.008e+05
2.356e-01 1.193e+05
2.364e-01 1.181e+05
2.314e-01 1.192e+05
2.380e-01 1.208e+05
2.340e-01 1.197e+05
2.343e-01 1.154e+05
2.425e-01 1.163e+05
2.326e-01 1.170e+05
2.327e-01 1.223e+05
2.361e-01 1.186e+05
2.364e-01 1.185e+05
2.355e-01 1.233e+05
2.423e-01 1.130e+05
2.400e-01 1.178e+05
2.347e-01 1.222e+05
2.429e-01 1.097e+05
2.347e-01 1.205e+05
2.630e-01 8.238e+04
2.370e-01 1.185e+05
2.336e-01 1.197e+05
2.298e-01 1.235e+05
2.324e-01 1.233e+05
2.329e-01 1.176e+05
2.369e-01 1.178e+05
2.394e-01 1.096e+05
2.374e-01 1.175e+05
2.439e-01 1.088e+05
2.364e-01 1.176e+05
2.376e-01 1.168e+05
2.561e-01 9.444e+04
2.357e-01 1.213e+05
2.373e-01 1.155e+05
2.398e-01 1.140e+05
2.379e-01 1.146e+05
2.333e-01 1.208e+05
2.346e-01 1.187e+05
2.511e-01 9.384e+04
2.343e-01 1.188e+05
2.614e-01 8.869e+04
2.402e-01 1.113e+05
2.603e-01 8.111e+04
2.394e-01 1.173e+05
2.318e-01 1.245e+05
2.339e-01 1.212e+05
2.295e-01 1.245e+05
2.404e-01 1.141e+05
2.379e-01 1.206e+05
2.299e-01 1.254e+05
2.329e-01 1.190e+05
2.336e-01 1.196e+05
2.339e-01 1.212e+05
2.350e-01 1.192e+05
2.331e-01 1.202e+05
2.375e-01 1.172e+05
2.396e-01 1.145e+05
2.335e-01 1.192e+05
2.392e-01 1.128e+05
2.642e-01 8.167e+04
2.323e-01 1.207e+05
2.351e-01 1.176e+05
2.346e-01 1.213e+05
2.322e-01 1.222e+05
2.368e-01 1.175e+05
2.353e-01 1.238e+05
2.362e-01 1.152e+05
2.344e-01 1.222e+05
2.313e-01 1.256e+05
2.412e-01 1.151e+05
2.303e-01 1.209e+05
2.662e-01 8.866e+04
2.369e-01 1.230e+05
2.331e-01 1.231e+05
2.356e-01 1.177e+05
2.361e-01 1.178e+05
2.638e-01 8.044e+04
2.573e-01 9.143e+04
2.349e-01 1.172e+05
2.332e-01 1.192e+05
2.302e-01 1.246e+05
2.374e-01 1.204e+05
2.394e-01 1.148e+05
2.312e-01 1.184e+05
2.568e-01 7.921e+04
2.320e-01 1.255e+05
2.446e-01 1.081e+05
2.358e-01 1.197e+05
2.338e-01 1.220e+05
2.333e-01 1.212e+05
2.314e-01 1.225e+05
2.771e-01 7.356e+04
2.399e-01 1.068e+05
2.330e-01 1.242e+05
2.331e-01 1.187e+05
2.356e-01 1.185e+05
2.325e-01 1.195e+05
2.315e-01 1.202e+05
2.395e-01 1.188e+05
2.321e-01 1.230e+05
2.382e-01 1.109e+05
2.376e-01 1.189e+05
2.675e-01 7.871e+04
2.299e-01 1.250e+05
2.383e-01 1.205e+05
2.459e-01 1.082e+05
2.342e-01 1.201e+05
2.441e-01 1.119e+05
2.357e-01 1.103e+05
2.311e-01 1.210e+05
2.360e-01 1.192e+05
2.348e-01 1.224e+05
2.318e-01 1.209e+05
2.356e-01 1.205e+05
2.393e-01 1.163e+05
2.349e-01 1.241e+05
2.421e-01 1.145e+05
2.373e-01 1.172e+05
2.445e-01 1.077e+05
2.630e-01 7.851e+04
2.394e-01 1.133e+05
2.400e-01 1.179e+05
2.397e-01 1.144e+05
2.414e-01 9.889e+04
2.372e-01 1.175e+05
2.367e-01 1.214e+05
2.402e-01 1.173e+05
2.402e-01 1.136e+05
2.344e-01 1.143e+05
2.367e-01 1.152e+05
2.380e-01 1.190e+05
2.304e-01 1.206e+05
2.317e-01 1.200e+05
2.413e-01 1.159e+05
2.363e-01 1.196e+05
2.340e-01 1.196e+05
2.340e-01 1.159e+05
2.714e-01 7.102e+04
2.359e-01 1.182e+05
2.379e-01 1.174e+05
2.481e-01 1.043e+05
2.426e-01 1.082e+05
2.321e-01 1.217e+05
2.338e-01 1.197e+05
2.321e-01 1.229e+05
2.306e-01 1.232e+05
2.301e-01 1.231e+05
2.309e-01 1.211e+05
2.355e-01 1.202e+05
2.654e-01 8.141e+04
2.428e-01 1.074e+05
2.378e-01 1.207e+05
2.332e-01 1.200e+05
2.362e-01 1.172e+05
2.342e-01 1.169e+05
2.344e-01 1.225e+05
2.407e-01 1.171e+05
2.690e-01 8.047e+04
2.363e-01 1.154e+05
2.360e-01 1.180e+05
2.369e-01 1.207e+05
2.349e-01 1.188e+05
2.403e-01 1.168e+05
2.359e-01 1.159e+05
2.326e-01 1.181e+05
2.359e-01 1.150e+05
2.392e-01 1.181e+05
2.393e-01 1.163e+05
2.383e-01 1.176e+05
2.361e-01 1.164e+05
2.431e-01 1.138e+05
2.380e-01 1.155e+05
2.359e-01 1.155e+05
2.356e-01 1.163e+05
2.344e-01 1.212e+05
2.320e-01 1.222e+05
2.381e-01 1.145e+05
2.329e-01 1.216e+05
2.403e-01 1.134e+05
2.407e-01 1.098e+05
2.336e-01 1.216e+05
2.398e-01 1.149e+05
2.346e-01 1.210e+05
2.334e-01 1.202e+05
2.422e-01 1.002e+05
2.372e-01 1.153e+05
2.723e-01 7.460e+04
2.385e-01 1.151e+05
2.344e-01 1.246e+05
2.387e-01 1.145e+05
2.368e-01 1.194e+05
2.341e-01 1.231e+05
2.402e-01 1.156e+05
2.734e-01 7.295e+04
2.373e-01 1.116e+05
2.356e-01 1.225e+05
2.370e-01 1.190e+05
2.339e-01 1.200e+05
2.331e-01 1.219e+05
2.350e-01 1.163e+05
2.326e-01 1.201e+05
2.405e-01 1.171e+05
2.400e-01 1.150e+05
2.349e-01 1.208e+05
2.406e-01 1.139e+05
2.530e-01 9.103e+04
2.314e-01 1.240e+05
2.380e-01 1.195e+05
2.334e-01 1.215e+05
2.336e-01 1.228e+05
2.362e-01 1.158e+05
2.375e-01 1.215e+05
2.297e-01 1.237e+05
2.590e-01 9.036e+04
2.386e-01 1.144e+05
2.565e-01 8.835e+04
2.354e-01 1.189e+05
2.372e-01 1.124e+05
2.463e-01 1.029e+05
2.552e-01 9.237e+04
2.407e-01 1.088e+05
2.362e-01 1.199e+05
2.377e-01 1.169e+05
2.544e-01 9.995e+04
2.509e-01 9.190e+04
2.358e-01 1.172e+05
2.336e-01 1.208e+05
2.552e-01 8.655e+04
2.589e-01 9.728e+04
2.340e-01 1.205e+05
2.346e-01 1.173e+05
2.308e-01 1.225e+05
2.494e-01 9.880e+04
2.316e-01 1.163e+05
2.333e-01 1.215e+05
2.453e-01 1.023e+05
2.367e-01 1.218e+05
2.368e-01 1.197e+05
2.359e-01 1.185e+05
2.363e-01 1.186e+05
2.380e-01 1.175e+05
2.349e-01 1.107e+05
2.334e-01 1.165e+05
2.404e-01 1.186e+05
2.539e-01 8.392e+04
2.379e-01 1.177e+05
2.413e-01 1.135e+05
2.320e-01 1.215e+05
2.423e-01 1.126e+05
2.320e-01 1.168e+05
2.327e-01 1.220e+05
2.391e-01 1.144e+05
2.342e-01 1.189e+05
2.363e-01 1.193e+05
2.404e-01 1.135e+05
2.349e-01 1.187e+05
2.412e-01 1.170e+05
2.352e-01 1.210e+05
2.342e-01 1.206e+05
2.332e-01 1.172e+05
2.316e-01 1.206e+05
2.371e-01 1.171e+05
2.370e-01 1.193e+05
2.325e-01 1.233e+05
2.363e-01 1.175e+05
2.360e-01 1.229e+05
2.680e-01 7.131e+04
2.340e-01 1.216e+05
2.344e-01 1.233e+05
2.411e-01 1.179e+05
2.412e-01 1.166e+05
2.412e-01 1.159e+05
2.337e-01 1.144e+05
2.379e-01 1.218e+05
2.308e-01 1.255e+05
2.512e-01 1.023e+05
2.341e-01 1.176e+05
2.339e-01 1.204e+05
2.360e-01 1.196e+05
2.391e-01 1.152e+05
2.338e-01 1.191e+05
2.368e-01 1.182e+05
2.407e-01 1.123e+05
2.386e-01 1.171e+05
2.436e-01 1.114e+05
2.350e-01 1.195e+05
2.375e-01 1.181e+05
2.380e-01 1.206e+05
2.429e-01 1.148e+05
2.384e-01 1.165e+05
2.348e-01 1.159e+05
2.474e-01 1.098e+05
2.352e-01 1.207e+05
2.402e-01 1.145e+05
2.347e-01 1.187e+05
2.430e-01 1.147e+05
2.318e-01 1.244e+05
2.339e-01 1.232e+05
2.338e-01 1.145e+05
2.335e-01 1.251e+05
2.553e-01 8.847e+04
2.339e-01 1.216e+05
2.408e-01 1.122e+05
2.419e-01 1.134e+05
2.406e-01 1.185e+05
2.325e-01 1.160e+05
2.316e-01 1.252e+05
2.367e-01 1.189e+05
2.345e-01 1.183e+05
2.338e-01 1.196e+05
2.392e-01 1.113e+05
2.362e-01 1.212e+05
2.354e-01 1.232e+05
2.357e-01 1.168e+05
2.448e-01 1.032e+05
2.330e-01 1.211e+05
2.343e-01 1.223e+05
2.360e-01 1.131e+05
2.416e-01 1.153e+05
2.397e-01 1.134e+05
2.307e-01 1.219e+05
2.321e-01 1.240e+05
2.313e-01 1.202e+05
2.333e-01 1.219e+05
2.348e-01 1.185e+05
2.579e-01 8.505e+04
2.386e-01 1.173e+05
2.341e-01 1.244e+05
2.337e-01 1.211e+05
2.432e-01 9.908e+04
2.422e-01 1.092e+05
2.310e-01 1.211e+05
2.322e-01 1.230e+05
2.360e-01 1.235e+05
2.342e-01 1.207e+05
2.352e-01 1.198e+05
2.363e-01 1.174e+05
2.331e-01 1.197e+05
2.384e-01 1.195e+05
2.357e-01 1.177e+05
2.381e-01 1.115e+05
2.369e-01 1.141e+05
2.365e-01 1.179e+05
2.365e-01 1.161e+05
2.355e-01 1.198e+05
2.355e-01 1.181e+05
2.608e-01 7.930e+04
2.411e-01 1.135e+05
2.425e-01 1.123e+05
2.375e-01 1.162e+05
2.331e-01 1.193e+05
2.761e-01 7.442e+04
2.342e-01 1.221e+05
2.368e-01 1.180e+05
2.366e-01 1.167e+05
2.330e-01 1.196e+05
2.323e-01 1.208e+05
2.378e-01 1.217e+05
2.356e-01 1.211e+05
2.349e-01 1.217e+05
2.357e-01 1.185e+05
2.424e-01 1.092e+05
2.380e-01 1.178e+05
2.407e-01 1.183e+05
2.745e-01 7.553e+04
2.397e-01 1.165e+05
2.377e-01 1.147e+05
2.325e-01 1.223e+05
2.389e-01 1.164e+05
2.421e-01 1.115e+05
2.421e-01 1.167e+05
2.369e-01 1.217e+05
2.420e-01 1.138e+05
2.319e-01 1.187e+05
2.393e-01 1.134e+05
2.395e-01 1.162e+05
2.335e-01 1.205e+05
2.670e-01 7.281e+04
2.381e-01 1.178e+05
2.304e-01 1.222e+05
2.753e-01 6.804e+04
2.364e-01 1.181e+05
2.350e-01 1.180e+05
2.339e-01 1.214e+05
2.350e-01 1.198e+05
2.401e-01 1.165e+05
2.355e-01 1.165e+05
2.366e-01 1.201e+05
2.369e-01 1.176e+05
2.361e-01 1.199e+05
2.349e-01 1.198e+05
2.315e-01 1.215e+05
2.343e-01 1.198e+05
2.363e-01 1.163e+05
2.322e-01 1.238e+05
2.348e-01 1.220e+05
2.350e-01 1.217e+05
2.391e-01 1.150e+05
2.426e-01 1.110e+05
2.392e-01 1.153e+05
2.635e-01 9.072e+04
2.318e-01 1.219e+05
2.310e-01 1.223e+05
2.323e-01 1.174e+05
2.318e-01 1.198e+05
2.377e-01 1.166e+05
2.318e-01 1.260e+05
2.394e-01 1.134e+05
2.390e-01 1.153e+05
2.404e-01 1.187e+05
2.547e-01 9.942e+04
2.352e-01 1.224e+05
2.380e-01 1.136e+05
2.368e-01 1.138e+05
2.346e-01 1.222e+05
2.370e-01 1.209e+05
2.325e-01 1.141e+05
2.498e-01 9.862e+04
2.354e-01 1.162e+05
2.296e-01 1.256e+05
2.372e-01 1.200e+05
2.372e-01 1.186e+05
2.379e-01 1.220e+05
2.402e-01 1.150e+05
2.411e-01 1.124e+05
2.383e-01 1.157e+05
2.691e-01 8.398e+04
2.365e-01 1.202e+05
2.358e-01 1.199e+05
2.357e-01 1.181e+05
2.363e-01 1.193e+05
2.315e-01 1.255e+05
2.330e-01 1.229e+05
2.376e-01 1.106e+05
2.358e-01 1.193e+05
2.433e-01 1.065e+05
2.354e-01 1.187e+05
2.410e-01 1.103e+05
2.360e-01 1.177e+05
2.470e-01 9.713e+04
2.327e-01 1.222e+05
2.322e-01 1.254e+05
2.350e-01 1.186e+05
2.327e-01 1.217e+05
2.364e-01 1.160e+05
2.352e-01 1.191e+05
2.433e-01 1.101e+05
2.337e-01 1.205e+05
2.428e-01 1.120e+05
2.418e-01 1.142e+05
2.400e-01 1.142e+05
2.331e-01 1.204e+05
2.401e-01 1.153e+05
2.413e-01 1.101e+05
2.431e-01 1.109e+05
2.349e-01 1.106e+05
2.366e-01 1.179e+05
2.476e-01 1.071e+05
2.392e-01 1.136e+05
2.366e-01 1.211e+05
2.340e-01 1.192e+05
2.368e-01 1.163e+05
2.400e-01 1.194e+05
2.305e-01 1.214e+05
2.674e-01 7.678e+04
2.358e-01 1.212e+05
2.318e-01 1.269e+05
2.407e-01 1.105e+05
2.318e-01 1.240e+05
2.349e-01 1.208e+05
2.365e-01 1.196e+05
2.371e-01 1.196e+05
2.477e-01 1.108e+05
2.335e-01 1.251e+05
2.375e-01 1.152e+05
2.597e-01 8.105e+04
2.356e-01 1.210e+05
2.411e-01 1.133e+05
2.396e-01 1.153e+05
2.424e-01 1.112e+05
2.371e-01 1.190e+05
2.353e-01 1.152e+05
2.625e-01 7.974e+04
2.434e-01 1.100e+05
2.398e-01 1.087e+05
2.405e-01 1.142e+05
2.386e-01 1.139e+05
2.347e-01 1.244e+05
2.392e-01 1.174e+05
2.420e-01 1.099e+05
2.350e-01 1.198e+05
2.371e-01 1.145e+05
2.339e-01 1.228e+05
2.366e-01 1.155e+05
2.372e-01 1.200e+05
2.380e-01 1.186e+05
2.388e-01 1.168e+05
2.349e-01 1.208e+05
2.331e-01 1.181e+05
2.376e-01 1.200e+05
2.475e-01 9.736e+04
2.310e-01 1.237e+05
2.522e-01 9.119e+04
2.373e-01 1.166e+05
2.584e-01 9.368e+04
2.362e-01 1.226e+05
2.378e-01 1.134e+05
2.362e-01 1.191e+05
2.361e-01 1.186e+05
2.373e-01 1.170e+05
2.380e-01 1.183e+05
2.363e-01 1.197e+05
2.323e-01 1.230e+05
2.380e-01 1.191e+05
2.353e-01 1.198e+05
2.372e-01 1.147e+05
2.363e-01 1.182e+05
2.353e-01 1.139e+05
2.345e-01 1.209e+05
2.370e-01 1.181e+05
2.347e-01 1.157e+05
2.383e-01 1.207e+05
2.400e-01 1.136e+05
2.370e-01 1.221e+05
2.440e-01 1.109e+05
2.393e-01 1.154e+05
2.398e-01 1.178e+05
2.380e-01 1.197e+05
2.353e-01 1.203e+05
2.318e-01 1.170e+05
2.337e-01 1.159e+05
2.330e-01 1.216e+05
2.666e-01 7.926e+04
2.352e-01 1.200e+05
2.342e-01 1.191e+05
2.366e-01 1.188e+05
2.412e-01 1.136e+05
2.419e-01 1.128e+05
2.378e-01 1.127e+05
2.370e-01 1.153e+05
2.375e-01 1.183e+05
2.352e-01 1.205e+05
2.350e-01 1.177e+05
2.488e-01 1.088e+05
2.363e-01 1.199e+05
2.603e-01 8.714e+04
2.433e-01 1.135e+05
2.337e-01 1.169e+05
2.337e-01 1.219e+05
2.371e-01 1.158e+05
2.399e-01 1.127e+05
2.365e-01 1.156e+05
2.317e-01 1.243e+05
2.372e-01 1.133e+05
2.371e-01 1.158e+05
