3 6520
4 7251
5 8063
6 8966
7 9971
8 11088
9 12330
10 13710
11 15245
12 16952
13 18849
14 20958
15 23301
16 25906
17 28800
18 32015
19 35587
20 39553
21 43957
22 48845
23 54269
24 60284
25 66953
26 74341
27 82520
28 91568
29 101568
30 112607
31 124778
32 138175
33 152894
34 169034
35 186686
36 205937
37 226864
38 249524
39 273954
40 300161
41 328116
42 357746
43 388928
44 421486
45 455189
46 489751
47 524840
48 560087
49 595101
50 629486
51 662863
52 694883
53 725250
54 753725
55 780139
56 804390
57 826443
58 846319
59 864088
60 879855
61 893755
62 905935
63 916553
