3 6520
4 7357
5 8280
6 9291
7 10386
8 11557
9 12792
10 14070
11 15370
12 16660
13 17913
14 19098
15 20192
16 21177
17 22043
18 22789
19 23419
20 23942
21 24370
22 24716
23 24993
24 25213
25 25387
26 25524
27 25630
28 25714
29 25778
30 25829
31 25868
32 25898
33 25921
34 25939
35 25953
36 25964
37 25972
38 25978
39 25983
40 25987
41 25990
42 25992
43 25994
44 25995
45 25996
46 25997
47 25998
48 25998
49 25999
50 25999
51 25999
52 25999
53 26000
54 26000
55 26000
56 26000
57 26000
58 26000
59 26000
60 26000
61 26000
62 26000
63 26000
