3 6520
4 7356
5 8283
6 9310
7 10444
8 11693
9 13067
10 14573
11 16221
12 18020
13 19978
14 22105
15 24410
16 26901
17 29587
18 32476
19 35575
20 38893
21 42435
22 46209
23 50218
24 54468
25 58963
26 63704
27 68695
28 73935
29 79425
30 85164
31 91148
32 97375
33 103840
34 110537
35 117460
36 124602
37 131953
38 139505
39 147247
40 155169
41 163259
42 171504
43 179891
44 188409
45 197043
46 205779
47 214603
48 223502
49 232461
50 241467
51 250505
52 259561
53 268624
54 277678
55 286712
56 295714
57 304671
58 313572
59 322407
60 331166
61 339838
62 348415
63 356889
