2.344e-01 3.633e+03
2.387e-01 3.609e+03
2.385e-01 3.550e+03
2.358e-01 3.682e+03
2.350e-01 3.654e+03
2.361e-01 3.673e+03
2.362e-01 3.610e+03
2.351e-01 3.656e+03
2.360e-01 3.709e+03
2.378e-01 3.570e+03
2.357e-01 3.599e+03
2.369e-01 3.630e+03
2.331e-01 3.736e+03
2.367e-01 3.603e+03
2.346e-01 3.696e+03
2.373e-01 3.524e+03
2.363e-01 3.645e+03
2.359e-01 3.657e+03
2.379e-01 3.521e+03
2.358e-01 3.614e+03
2.357e-01 3.565e+03
2.381e-01 3.484e+03
2.349e-01 3.694e+03
2.335e-01 3.695e+03
2.386e-01 3.590e+03
2.367e-01 3.612e+03
2.342e-01 3.702e+03
2.365e-01 3.599e+03
2.341e-01 3.668e+03
2.376e-01 3.611e+03
2.363e-01 3.611e+03
2.366e-01 3.665e+03
2.365e-01 3.599e+03
2.380e-01 3.528e+03
2.364e-01 3.606e+03
2.382e-01 3.549e+03
2.353e-01 3.676e+03
2.381e-01 3.545e+03
2.380e-01 3.589e+03
2.358e-01 3.615e+03
2.366e-01 3.624e+03
2.361e-01 3.654e+03
2.382e-01 3.588e+03
2.351e-01 3.658e+03
2.352e-01 3.651e+03
2.363e-01 3.678e+03
2.348e-01 3.639e+03
2.372e-01 3.568e+03
2.373e-01 3.599e+03
2.384e-01 3.540e+03
2.371e-01 3.605e+03
2.353e-01 3.627e+03
2.372e-01 3.570e+03
2.352e-01 3.631e+03
2.381e-01 3.591e+03
2.371e-01 3.606e+03
2.348e-01 3.610e+03
2.362e-01 3.611e+03
2.377e-01 3.594e+03
2.359e-01 3.561e+03
2.362e-01 3.547e+03
2.389e-01 3.548e+03
2.373e-01 3.548e+03
2.358e-01 3.617e+03
2.366e-01 3.618e+03
2.377e-01 3.598e+03
2.367e-01 3.535e+03
2.380e-01 3.563e+03
2.382e-01 3.592e+03
2.354e-01 3.628e+03
2.378e-01 3.572e+03
2.383e-01 3.497e+03
2.380e-01 3.548e+03
2.384e-01 3.544e+03
2.357e-01 3.612e+03
2.356e-01 3.651e+03
2.367e-01 3.563e+03
2.381e-01 3.525e+03
2.368e-01 3.651e+03
2.344e-01 3.676e+03
2.338e-01 3.742e+03
2.360e-01 3.584e+03
2.351e-01 3.653e+03
2.357e-01 3.531e+03
2.369e-01 3.599e+03
2.378e-01 3.566e+03
2.362e-01 3.590e+03
2.352e-01 3.626e+03
2.363e-01 3.626e+03
2.360e-01 3.612e+03
2.356e-01 3.636e+03
2.357e-01 3.575e+03
2.365e-01 3.669e+03
2.353e-01 3.602e+03
2.359e-01 3.583e+03
2.361e-01 3.615e+03
2.369e-01 3.613e+03
2.365e-01 3.586e+03
2.356e-01 3.626e+03
2.363e-01 3.614e+03
2.346e-01 3.674e+03
2.371e-01 3.587e+03
2.383e-01 3.604e+03
2.338e-01 3.689e+03
2.354e-01 3.673e+03
2.365e-01 3.615e+03
2.354e-01 3.650e+03
2.359e-01 3.624e+03
2.357e-01 3.670e+03
2.379e-01 3.622e+03
2.355e-01 3.638e+03
2.352e-01 3.638e+03
2.355e-01 3.627e+03
2.349e-01 3.694e+03
2.369e-01 3.581e+03
2.364e-01 3.639e+03
2.366e-01 3.609e+03
2.367e-01 3.663e+03
2.348e-01 3.658e+03
2.374e-01 3.589e+03
2.357e-01 3.627e+03
2.367e-01 3.562e+03
2.335e-01 3.667e+03
2.353e-01 3.654e+03
2.349e-01 3.677e+03
2.367e-01 3.577e+03
2.352e-01 3.665e+03
2.365e-01 3.554e+03
2.369e-01 3.538e+03
2.361e-01 3.671e+03
2.384e-01 3.588e+03
2.390e-01 3.601e+03
2.360e-01 3.707e+03
2.360e-01 3.642e+03
2.343e-01 3.765e+03
2.342e-01 3.674e+03
2.348e-01 3.682e+03
2.360e-01 3.635e+03
2.380e-01 3.595e+03
2.366e-01 3.645e+03
2.352e-01 3.684e+03
2.356e-01 3.660e+03
2.376e-01 3.551e+03
2.366e-01 3.584e+03
2.359e-01 3.661e+03
2.372e-01 3.594e+03
2.369e-01 3.597e+03
2.342e-01 3.686e+03
2.356e-01 3.657e+03
2.387e-01 3.566e+03
2.363e-01 3.579e+03
2.360e-01 3.634e+03
2.332e-01 3.717e+03
2.363e-01 3.567e+03
2.357e-01 3.620e+03
2.347e-01 3.675e+03
2.363e-01 3.633e+03
2.360e-01 3.574e+03
2.348e-01 3.639e+03
2.347e-01 3.670e+03
2.359e-01 3.586e+03
2.373e-01 3.601e+03
2.393e-01 3.513e+03
2.367e-01 3.633e+03
2.366e-01 3.653e+03
2.358e-01 3.632e+03
2.383e-01 3.577e+03
2.344e-01 3.710e+03
2.374e-01 3.619e+03
2.361e-01 3.630e+03
2.370e-01 3.660e+03
2.360e-01 3.602e+03
2.374e-01 3.552e+03
2.354e-01 3.613e+03
2.349e-01 3.632e+03
2.356e-01 3.637e+03
2.358e-01 3.575e+03
2.377e-01 3.521e+03
2.366e-01 3.558e+03
2.357e-01 3.640e+03
2.347e-01 3.709e+03
2.398e-01 3.464e+03
2.361e-01 3.603e+03
2.361e-01 3.589e+03
2.351e-01 3.628e+03
2.351e-01 3.614e+03
2.362e-01 3.641e+03
2.373e-01 3.578e+03
2.353e-01 3.674e+03
2.353e-01 3.704e+03
2.372e-01 3.587e+03
2.339e-01 3.712e+03
2.344e-01 3.727e+03
2.326e-01 3.745e+03
2.368e-01 3.570e+03
2.366e-01 3.610e+03
2.359e-01 3.693e+03
2.376e-01 3.603e+03
2.362e-01 3.618e+03
2.380e-01 3.578e+03
2.358e-01 3.600e+03
2.387e-01 3.598e+03
2.366e-01 3.589e+03
2.371e-01 3.592e+03
2.367e-01 3.539e+03
2.368e-01 3.596e+03
2.366e-01 3.601e+03
2.356e-01 3.560e+03
2.346e-01 3.681e+03
2.356e-01 3.571e+03
2.376e-01 3.557e+03
2.386e-01 3.522e+03
2.340e-01 3.719e+03
2.379e-01 3.548e+03
2.388e-01 3.517e+03
2.360e-01 3.648e+03
2.376e-01 3.605e+03
2.349e-01 3.669e+03
2.370e-01 3.628e+03
2.342e-01 3.682e+03
2.373e-01 3.518e+03
2.339e-01 3.678e+03
2.341e-01 3.712e+03
2.345e-01 3.712e+03
2.364e-01 3.531e+03
2.350e-01 3.737e+03
2.353e-01 3.643e+03
2.383e-01 3.551e+03
2.358e-01 3.564e+03
2.347e-01 3.680e+03
2.356e-01 3.662e+03
2.343e-01 3.715e+03
2.361e-01 3.608e+03
2.348e-01 3.608e+03
2.344e-01 3.675e+03
2.388e-01 3.601e+03
2.356e-01 3.619e+03
2.362e-01 3.619e+03
2.357e-01 3.659e+03
2.377e-01 3.614e+03
2.365e-01 3.608e+03
2.363e-01 3.591e+03
2.370e-01 3.602e+03
2.371e-01 3.599e+03
2.379e-01 3.615e+03
2.376e-01 3.548e+03
2.362e-01 3.609e+03
2.312e-01 3.738e+03
2.370e-01 3.544e+03
2.362e-01 3.646e+03
2.346e-01 3.665e+03
2.350e-01 3.678e+03
2.369e-01 3.639e+03
2.368e-01 3.597e+03
2.338e-01 3.685e+03
2.376e-01 3.572e+03
2.363e-01 3.616e+03
2.366e-01 3.602e+03
2.353e-01 3.643e+03
2.357e-01 3.659e+03
2.346e-01 3.670e+03
2.361e-01 3.597e+03
2.359e-01 3.623e+03
2.348e-01 3.681e+03
2.374e-01 3.643e+03
2.360e-01 3.697e+03
2.362e-01 3.580e+03
2.353e-01 3.597e+03
2.356e-01 3.642e+03
2.355e-01 3.567e+03
2.336e-01 3.598e+03
2.377e-01 3.594e+03
2.356e-01 3.715e+03
2.343e-01 3.739e+03
2.352e-01 3.626e+03
2.354e-01 3.623e+03
2.363e-01 3.660e+03
2.378e-01 3.582e+03
2.332e-01 3.711e+03
2.381e-01 3.528e+03
2.366e-01 3.682e+03
2.358e-01 3.617e+03
2.383e-01 3.445e+03
2.331e-01 3.676e+03
2.367e-01 3.627e+03
2.354e-01 3.705e+03
2.352e-01 3.636e+03
2.364e-01 3.671e+03
2.349e-01 3.651e+03
2.338e-01 3.663e+03
2.367e-01 3.583e+03
2.359e-01 3.686e+03
2.337e-01 3.733e+03
2.351e-01 3.647e+03
2.357e-01 3.641e+03
2.352e-01 3.654e+03
2.372e-01 3.567e+03
2.366e-01 3.535e+03
2.352e-01 3.656e+03
2.368e-01 3.661e+03
2.368e-01 3.596e+03
2.349e-01 3.669e+03
2.342e-01 3.636e+03
2.377e-01 3.524e+03
2.382e-01 3.539e+03
2.354e-01 3.644e+03
2.358e-01 3.630e+03
2.377e-01 3.622e+03
2.367e-01 3.615e+03
2.372e-01 3.513e+03
2.360e-01 3.592e+03
2.346e-01 3.642e+03
2.355e-01 3.664e+03
2.346e-01 3.688e+03
2.375e-01 3.573e+03
2.342e-01 3.708e+03
2.381e-01 3.527e+03
2.331e-01 3.714e+03
2.356e-01 3.687e+03
2.346e-01 3.696e+03
2.368e-01 3.579e+03
2.370e-01 3.550e+03
2.405e-01 3.487e+03
2.353e-01 3.662e+03
2.361e-01 3.579e+03
2.352e-01 3.633e+03
2.375e-01 3.605e+03
2.349e-01 3.633e+03
2.353e-01 3.589e+03
2.369e-01 3.688e+03
2.364e-01 3.623e+03
2.343e-01 3.677e+03
2.369e-01 3.540e+03
2.328e-01 3.699e+03
2.397e-01 3.494e+03
2.333e-01 3.704e+03
2.364e-01 3.609e+03
2.373e-01 3.588e+03
2.382e-01 3.588e+03
2.342e-01 3.700e+03
2.347e-01 3.654e+03
2.363e-01 3.652e+03
2.389e-01 3.531e+03
2.378e-01 3.532e+03
2.331e-01 3.749e+03
2.345e-01 3.664e+03
2.362e-01 3.659e+03
2.384e-01 3.519e+03
2.350e-01 3.666e+03
2.369e-01 3.599e+03
2.365e-01 3.550e+03
2.371e-01 3.544e+03
2.377e-01 3.615e+03
2.367e-01 3.638e+03
2.391e-01 3.519e+03
2.356e-01 3.686e+03
2.370e-01 3.657e+03
2.365e-01 3.619e+03
2.370e-01 3.634e+03
2.366e-01 3.558e+03
2.350e-01 3.667e+03
2.369e-01 3.558e+03
2.371e-01 3.604e+03
2.365e-01 3.620e+03
2.372e-01 3.572e+03
2.354e-01 3.626e+03
2.333e-01 3.750e+03
2.383e-01 3.528e+03
2.375e-01 3.583e+03
2.350e-01 3.650e+03
2.329e-01 3.712e+03
2.359e-01 3.622e+03
2.365e-01 3.620e+03
2.352e-01 3.665e+03
2.343e-01 3.598e+03
2.360e-01 3.549e+03
2.364e-01 3.572e+03
2.342e-01 3.679e+03
2.393e-01 3.503e+03
2.373e-01 3.559e+03
2.358e-01 3.562e+03
2.355e-01 3.637e+03
2.354e-01 3.571e+03
2.343e-01 3.692e+03
2.370e-01 3.601e+03
2.368e-01 3.561e+03
2.354e-01 3.622e+03
2.361e-01 3.642e+03
2.350e-01 3.609e+03
2.365e-01 3.539e+03
2.343e-01 3.640e+03
2.368e-01 3.598e+03
2.352e-01 3.687e+03
2.361e-01 3.619e+03
2.356e-01 3.678e+03
2.385e-01 3.576e+03
2.345e-01 3.745e+03
2.376e-01 3.563e+03
2.374e-01 3.653e+03
2.345e-01 3.733e+03
2.348e-01 3.772e+03
2.370e-01 3.549e+03
2.351e-01 3.658e+03
2.350e-01 3.644e+03
2.372e-01 3.614e+03
2.376e-01 3.557e+03
2.362e-01 3.677e+03
2.339e-01 3.708e+03
2.379e-01 3.624e+03
2.344e-01 3.680e+03
2.366e-01 3.600e+03
2.361e-01 3.665e+03
2.361e-01 3.608e+03
2.343e-01 3.676e+03
2.388e-01 3.551e+03
2.372e-01 3.579e+03
2.369e-01 3.686e+03
2.333e-01 3.651e+03
2.352e-01 3.659e+03
2.383e-01 3.580e+03
2.344e-01 3.689e+03
2.351e-01 3.658e+03
2.375e-01 3.605e+03
2.358e-01 3.654e+03
2.377e-01 3.528e+03
2.363e-01 3.589e+03
2.339e-01 3.770e+03
2.341e-01 3.681e+03
2.352e-01 3.646e+03
2.349e-01 3.592e+03
2.382e-01 3.564e+03
2.355e-01 3.598e+03
2.378e-01 3.586e+03
2.366e-01 3.583e+03
2.350e-01 3.656e+03
2.335e-01 3.726e+03
2.363e-01 3.638e+03
2.346e-01 3.675e+03
2.376e-01 3.577e+03
2.352e-01 3.606e+03
2.357e-01 3.625e+03
2.354e-01 3.666e+03
2.351e-01 3.668e+03
2.377e-01 3.538e+03
2.365e-01 3.594e+03
2.362e-01 3.652e+03
2.373e-01 3.574e+03
2.388e-01 3.496e+03
2.351e-01 3.642e+03
2.365e-01 3.594e+03
2.373e-01 3.667e+03
2.372e-01 3.604e+03
2.349e-01 3.725e+03
2.371e-01 3.609e+03
2.356e-01 3.667e+03
2.363e-01 3.642e+03
2.366e-01 3.594e+03
2.330e-01 3.759e+03
2.334e-01 3.684e+03
2.360e-01 3.632e+03
2.362e-01 3.660e+03
2.345e-01 3.687e+03
2.347e-01 3.611e+03
2.395e-01 3.511e+03
2.354e-01 3.669e+03
2.341e-01 3.690e+03
2.361e-01 3.616e+03
2.368e-01 3.590e+03
2.340e-01 3.710e+03
2.366e-01 3.647e+03
2.371e-01 3.570e+03
2.347e-01 3.701e+03
2.372e-01 3.603e+03
2.352e-01 3.638e+03
2.385e-01 3.560e+03
2.349e-01 3.732e+03
2.360e-01 3.635e+03
2.365e-01 3.611e+03
2.369e-01 3.617e+03
2.367e-01 3.628e+03
2.369e-01 3.597e+03
2.371e-01 3.641e+03
2.348e-01 3.658e+03
2.377e-01 3.632e+03
2.372e-01 3.582e+03
2.358e-01 3.652e+03
2.398e-01 3.485e+03
2.347e-01 3.661e+03
2.360e-01 3.673e+03
2.375e-01 3.568e+03
2.347e-01 3.728e+03
2.333e-01 3.708e+03
2.369e-01 3.666e+03
2.366e-01 3.632e+03
2.353e-01 3.630e+03
2.373e-01 3.580e+03
2.336e-01 3.712e+03
2.344e-01 3.704e+03
2.375e-01 3.524e+03
2.367e-01 3.549e+03
2.335e-01 3.733e+03
2.339e-01 3.665e+03
2.341e-01 3.761e+03
2.372e-01 3.624e+03
2.342e-01 3.697e+03
2.359e-01 3.606e+03
2.351e-01 3.679e+03
2.354e-01 3.557e+03
2.358e-01 3.608e+03
2.361e-01 3.573e+03
2.377e-01 3.582e+03
2.353e-01 3.629e+03
2.379e-01 3.538e+03
2.334e-01 3.668e+03
2.369e-01 3.654e+03
2.365e-01 3.637e+03
2.345e-01 3.656e+03
2.380e-01 3.531e+03
2.354e-01 3.643e+03
2.342e-01 3.643e+03
2.365e-01 3.567e+03
2.372e-01 3.577e+03
2.372e-01 3.602e+03
2.378e-01 3.533e+03
2.347e-01 3.660e+03
2.352e-01 3.648e+03
2.384e-01 3.575e+03
2.358e-01 3.677e+03
2.357e-01 3.609e+03
2.385e-01 3.522e+03
2.371e-01 3.581e+03
2.350e-01 3.684e+03
2.365e-01 3.573e+03
2.352e-01 3.617e+03
2.351e-01 3.665e+03
2.350e-01 3.651e+03
2.354e-01 3.669e+03
2.389e-01 3.525e+03
2.339e-01 3.699e+03
2.380e-01 3.596e+03
2.338e-01 3.666e+03
2.370e-01 3.600e+03
2.369e-01 3.626e+03
2.354e-01 3.686e+03
2.349e-01 3.662e+03
2.365e-01 3.600e+03
2.360e-01 3.611e+03
2.389e-01 3.537e+03
2.358e-01 3.583e+03
2.343e-01 3.646e+03
2.355e-01 3.658e+03
2.372e-01 3.583e+03
2.381e-01 3.535e+03
2.339e-01 3.692e+03
2.350e-01 3.611e+03
2.350e-01 3.705e+03
2.353e-01 3.660e+03
2.339e-01 3.642e+03
2.360e-01 3.581e+03
2.350e-01 3.717e+03
2.373e-01 3.593e+03
2.337e-01 3.691e+03
2.355e-01 3.670e+03
2.370e-01 3.651e+03
2.362e-01 3.650e+03
2.357e-01 3.687e+03
2.348e-01 3.669e+03
2.369e-01 3.649e+03
2.354e-01 3.638e+03
2.369e-01 3.576e+03
2.356e-01 3.681e+03
2.368e-01 3.618e+03
2.351e-01 3.648e+03
2.364e-01 3.636e+03
2.369e-01 3.593e+03
2.359e-01 3.599e+03
2.340e-01 3.673e+03
2.370e-01 3.618e+03
2.363e-01 3.670e+03
2.380e-01 3.592e+03
2.345e-01 3.657e+03
2.376e-01 3.589e+03
2.360e-01 3.543e+03
2.329e-01 3.741e+03
2.400e-01 3.511e+03
2.386e-01 3.573e+03
2.339e-01 3.663e+03
2.352e-01 3.661e+03
2.326e-01 3.730e+03
2.363e-01 3.585e+03
2.385e-01 3.494e+03
2.350e-01 3.651e+03
2.363e-01 3.607e+03
2.368e-01 3.559e+03
2.386e-01 3.494e+03
2.345e-01 3.667e+03
2.373e-01 3.608e+03
2.348e-01 3.676e+03
2.358e-01 3.657e+03
2.357e-01 3.624e+03
2.399e-01 3.470e+03
2.371e-01 3.630e+03
2.353e-01 3.613e+03
2.365e-01 3.579e+03
2.353e-01 3.619e+03
2.377e-01 3.529e+03
2.369e-01 3.646e+03
2.370e-01 3.606e+03
2.376e-01 3.587e+03
2.354e-01 3.645e+03
2.389e-01 3.522e+03
2.350e-01 3.658e+03
2.350e-01 3.714e+03
2.394e-01 3.504e+03
2.359e-01 3.652e+03
2.394e-01 3.528e+03
2.363e-01 3.629e+03
2.380e-01 3.603e+03
2.337e-01 3.737e+03
2.361e-01 3.618e+03
2.337e-01 3.701e+03
2.358e-01 3.604e+03
2.366e-01 3.570e+03
2.367e-01 3.591e+03
2.362e-01 3.627e+03
2.367e-01 3.628e+03
2.356e-01 3.634e+03
2.368e-01 3.551e+03
2.353e-01 3.623e+03
2.362e-01 3.613e+03
2.355e-01 3.628e+03
2.347e-01 3.643e+03
2.336e-01 3.735e+03
2.373e-01 3.616e+03
2.373e-01 3.566e+03
2.338e-01 3.651e+03
2.361e-01 3.631e+03
2.357e-01 3.655e+03
2.366e-01 3.626e+03
2.327e-01 3.796e+03
2.379e-01 3.573e+03
2.340e-01 3.703e+03
2.361e-01 3.666e+03
2.359e-01 3.645e+03
2.355e-01 3.674e+03
2.352e-01 3.671e+03
2.342e-01 3.725e+03
2.339e-01 3.732e+03
2.391e-01 3.578e+03
2.374e-01 3.574e+03
2.370e-01 3.601e+03
2.363e-01 3.633e+03
2.360e-01 3.626e+03
2.370e-01 3.599e+03
2.366e-01 3.631e+03
2.384e-01 3.546e+03
2.351e-01 3.640e+03
2.375e-01 3.615e+03
2.387e-01 3.544e+03
2.361e-01 3.563e+03
2.374e-01 3.596e+03
2.356e-01 3.687e+03
2.363e-01 3.623e+03
2.369e-01 3.609e+03
2.372e-01 3.591e+03
2.381e-01 3.570e+03
2.364e-01 3.574e+03
2.386e-01 3.570e+03
2.345e-01 3.629e+03
2.375e-01 3.553e+03
2.393e-01 3.560e+03
2.373e-01 3.613e+03
2.380e-01 3.544e+03
2.364e-01 3.570e+03
2.339e-01 3.666e+03
2.388e-01 3.476e+03
2.324e-01 3.787e+03
2.358e-01 3.583e+03
2.359e-01 3.622e+03
2.363e-01 3.610e+03
2.362e-01 3.621e+03
2.363e-01 3.681e+03
2.346e-01 3.742e+03
2.350e-01 3.673e+03
2.349e-01 3.672e+03
2.377e-01 3.552e+03
2.374e-01 3.595e+03
2.346e-01 3.687e+03
2.368e-01 3.557e+03
2.357e-01 3.674e+03
2.318e-01 3.796e+03
2.352e-01 3.645e+03
2.369e-01 3.564e+03
2.375e-01 3.609e+03
2.357e-01 3.588e+03
2.322e-01 3.742e+03
2.375e-01 3.575e+03
2.374e-01 3.617e+03
2.343e-01 3.656e+03
2.375e-01 3.575e+03
2.356e-01 3.694e+03
2.361e-01 3.625e+03
2.381e-01 3.548e+03
2.382e-01 3.625e+03
2.368e-01 3.549e+03
2.390e-01 3.514e+03
2.372e-01 3.567e+03
2.360e-01 3.661e+03
2.362e-01 3.575e+03
2.369e-01 3.595e+03
2.361e-01 3.647e+03
2.360e-01 3.682e+03
2.348e-01 3.658e+03
2.351e-01 3.687e+03
2.363e-01 3.599e+03
2.324e-01 3.777e+03
2.403e-01 3.466e+03
2.390e-01 3.562e+03
2.354e-01 3.664e+03
2.380e-01 3.553e+03
2.354e-01 3.688e+03
2.386e-01 3.553e+03
2.373e-01 3.618e+03
2.366e-01 3.580e+03
2.355e-01 3.599e+03
2.365e-01 3.577e+03
2.359e-01 3.622e+03
2.363e-01 3.579e+03
2.353e-01 3.571e+03
2.345e-01 3.684e+03
2.345e-01 3.635e+03
2.371e-01 3.602e+03
2.376e-01 3.563e+03
2.366e-01 3.647e+03
2.358e-01 3.655e+03
2.332e-01 3.677e+03
2.372e-01 3.590e+03
2.385e-01 3.577e+03
2.357e-01 3.663e+03
2.338e-01 3.699e+03
2.360e-01 3.617e+03
2.351e-01 3.602e+03
2.385e-01 3.491e+03
2.361e-01 3.620e+03
2.369e-01 3.569e+03
2.372e-01 3.613e+03
2.375e-01 3.550e+03
2.376e-01 3.610e+03
2.358e-01 3.648e+03
2.374e-01 3.624e+03
2.358e-01 3.704e+03
2.356e-01 3.660e+03
2.356e-01 3.600e+03
2.383e-01 3.550e+03
2.349e-01 3.681e+03
2.384e-01 3.572e+03
2.367e-01 3.596e+03
2.367e-01 3.571e+03
2.372e-01 3.583e+03
2.360e-01 3.624e+03
2.363e-01 3.624e+03
2.376e-01 3.578e+03
2.354e-01 3.651e+03
2.355e-01 3.705e+03
2.342e-01 3.709e+03
2.397e-01 3.502e+03
2.364e-01 3.621e+03
2.371e-01 3.607e+03
2.343e-01 3.680e+03
2.351e-01 3.644e+03
2.378e-01 3.561e+03
2.364e-01 3.641e+03
2.346e-01 3.664e+03
2.355e-01 3.640e+03
2.353e-01 3.627e+03
2.346e-01 3.651e+03
2.358e-01 3.624e+03
2.370e-01 3.577e+03
2.375e-01 3.628e+03
2.375e-01 3.553e+03
2.368e-01 3.615e+03
2.351e-01 3.634e+03
2.357e-01 3.603e+03
2.373e-01 3.585e+03
2.347e-01 3.618e+03
2.376e-01 3.557e+03
2.394e-01 3.525e+03
2.362e-01 3.636e+03
2.372e-01 3.633e+03
2.377e-01 3.555e+03
2.373e-01 3.536e+03
2.338e-01 3.724e+03
2.355e-01 3.692e+03
2.371e-01 3.548e+03
2.335e-01 3.763e+03
2.370e-01 3.611e+03
2.360e-01 3.641e+03
2.371e-01 3.618e+03
2.343e-01 3.669e+03
2.405e-01 3.528e+03
2.352e-01 3.627e+03
2.363e-01 3.662e+03
2.367e-01 3.566e+03
2.359e-01 3.625e+03
2.381e-01 3.576e+03
2.378e-01 3.579e+03
2.346e-01 3.667e+03
2.371e-01 3.598e+03
2.359e-01 3.649e+03
2.345e-01 3.680e+03
2.363e-01 3.640e+03
2.361e-01 3.656e+03
2.362e-01 3.662e+03
2.343e-01 3.594e+03
2.378e-01 3.584e+03
2.393e-01 3.554e+03
2.347e-01 3.685e+03
2.350e-01 3.686e+03
2.377e-01 3.585e+03
2.357e-01 3.709e+03
2.360e-01 3.671e+03
2.357e-01 3.663e+03
2.342e-01 3.669e+03
2.356e-01 3.640e+03
2.363e-01 3.616e+03
2.369e-01 3.655e+03
2.351e-01 3.630e+03
2.337e-01 3.721e+03
2.357e-01 3.590e+03
2.362e-01 3.585e+03
2.371e-01 3.569e+03
2.381e-01 3.517e+03
2.362e-01 3.589e+03
2.355e-01 3.639e+03
2.335e-01 3.703e+03
2.356e-01 3.650e+03
2.350e-01 3.643e+03
2.347e-01 3.672e+03
2.362e-01 3.660e+03
2.339e-01 3.627e+03
2.345e-01 3.725e+03
2.371e-01 3.621e+03
2.366e-01 3.490e+03
2.370e-01 3.547e+03
2.351e-01 3.649e+03
2.356e-01 3.658e+03
2.374e-01 3.587e+03
2.351e-01 3.651e+03
2.373e-01 3.561e+03
2.373e-01 3.631e+03
2.363e-01 3.631e+03
2.341e-01 3.684e+03
2.354e-01 3.618e+03
2.379e-01 3.554e+03
2.386e-01 3.540e+03
2.386e-01 3.544e+03
2.347e-01 3.715e+03
2.370e-01 3.604e+03
2.386e-01 3.521e+03
2.368e-01 3.670e+03
2.349e-01 3.674e+03
2.366e-01 3.705e+03
2.371e-01 3.666e+03
2.335e-01 3.740e+03
2.375e-01 3.599e+03
2.387e-01 3.504e+03
2.357e-01 3.649e+03
2.359e-01 3.618e+03
2.366e-01 3.601e+03
2.361e-01 3.640e+03
2.361e-01 3.652e+03
2.349e-01 3.661e+03
2.371e-01 3.599e+03
2.366e-01 3.598e+03
2.371e-01 3.556e+03
2.358e-01 3.550e+03
2.370e-01 3.577e+03
2.340e-01 3.713e+03
2.377e-01 3.550e+03
2.358e-01 3.599e+03
2.353e-01 3.643e+03
2.352e-01 3.640e+03
2.368e-01 3.665e+03
2.360e-01 3.649e+03
2.364e-01 3.651e+03
2.368e-01 3.563e+03
2.358e-01 3.599e+03
2.338e-01 3.757e+03
2.362e-01 3.601e+03
2.355e-01 3.605e+03
2.371e-01 3.579e+03
2.340e-01 3.678e+03
2.359e-01 3.613e+03
2.348e-01 3.699e+03
2.361e-01 3.575e+03
2.363e-01 3.600e+03
2.361e-01 3.576e+03
2.366e-01 3.572e+03
2.370e-01 3.612e+03
2.364e-01 3.608e+03
2.352e-01 3.627e+03
2.368e-01 3.589e+03
2.358e-01 3.669e+03
2.337e-01 3.689e+03
2.381e-01 3.504e+03
2.373e-01 3.575e+03
2.343e-01 3.706e+03
2.361e-01 3.557e+03
2.352e-01 3.696e+03
2.369e-01 3.593e+03
2.357e-01 3.680e+03
2.407e-01 3.524e+03
2.358e-01 3.637e+03
2.376e-01 3.565e+03
2.337e-01 3.744e+03
2.359e-01 3.687e+03
2.352e-01 3.622e+03
2.368e-01 3.626e+03
2.356e-01 3.654e+03
2.372e-01 3.606e+03
2.349e-01 3.689e+03
2.343e-01 3.586e+03
2.370e-01 3.576e+03
2.355e-01 3.641e+03
2.388e-01 3.503e+03
2.348e-01 3.583e+03
2.368e-01 3.586e+03
2.360e-01 3.627e+03
2.353e-01 3.601e+03
2.383e-01 3.544e+03
2.337e-01 3.666e+03
2.366e-01 3.629e+03
2.369e-01 3.548e+03
2.371e-01 3.629e+03
2.353e-01 3.671e+03
2.378e-01 3.550e+03
2.357e-01 3.642e+03
2.343e-01 3.654e+03
2.377e-01 3.578e+03
2.353e-01 3.608e+03
2.353e-01 3.697e+03
2.338e-01 3.630e+03
2.357e-01 3.646e+03
2.345e-01 3.704e+03
2.371e-01 3.545e+03
2.329e-01 3.667e+03
2.347e-01 3.708e+03
2.357e-01 3.664e+03
2.352e-01 3.684e+03
2.346e-01 3.724e+03
2.363e-01 3.621e+03
2.380e-01 3.556e+03
2.364e-01 3.618e+03
2.354e-01 3.636e+03
2.363e-01 3.596e+03
2.341e-01 3.721e+03
2.344e-01 3.701e+03
2.362e-01 3.643e+03
2.354e-01 3.577e+03
2.371e-01 3.621e+03
2.375e-01 3.559e+03
2.357e-01 3.606e+03
2.352e-01 3.684e+03
2.385e-01 3.530e+03
2.373e-01 3.532e+03
2.352e-01 3.656e+03
2.326e-01 3.848e+03
2.369e-01 3.610e+03
2.368e-01 3.637e+03
2.344e-01 3.720e+03
2.372e-01 3.583e+03
2.344e-01 3.715e+03
2.376e-01 3.560e+03
2.378e-01 3.552e+03
2.368e-01 3.635e+03
2.346e-01 3.615e+03
2.356e-01 3.658e+03
2.354e-01 3.694e+03
2.367e-01 3.629e+03
2.365e-01 3.552e+03
2.359e-01 3.608e+03
2.375e-01 3.573e+03
2.358e-01 3.627e+03
2.360e-01 3.651e+03
2.339e-01 3.743e+03
2.347e-01 3.701e+03
2.357e-01 3.650e+03
2.374e-01 3.580e+03
2.348e-01 3.677e+03
2.341e-01 3.714e+03
2.343e-01 3.655e+03
2.382e-01 3.584e+03
2.359e-01 3.634e+03
2.343e-01 3.627e+03
2.363e-01 3.624e+03
2.365e-01 3.591e+03
2.369e-01 3.615e+03
2.376e-01 3.584e+03
2.371e-01 3.603e+03
2.372e-01 3.580e+03
2.376e-01 3.595e+03
2.382e-01 3.546e+03
2.344e-01 3.673e+03
2.369e-01 3.591e+03
2.365e-01 3.616e+03
2.390e-01 3.529e+03
2.351e-01 3.669e+03
2.350e-01 3.674e+03
2.309e-01 3.834e+03
2.375e-01 3.645e+03
2.338e-01 3.728e+03
2.369e-01 3.636e+03
2.365e-01 3.632e+03
2.333e-01 3.709e+03
2.345e-01 3.674e+03
2.357e-01 3.677e+03
2.369e-01 3.604e+03
2.351e-01 3.645e+03
2.361e-01 3.629e+03
2.336e-01 3.715e+03
2.362e-01 3.707e+03
2.357e-01 3.589e+03
2.374e-01 3.569e+03
2.370e-01 3.614e+03
2.350e-01 3.704e+03
2.350e-01 3.696e+03
2.367e-01 3.644e+03
2.360e-01 3.716e+03
2.370e-01 3.625e+03
2.376e-01 3.597e+03
2.364e-01 3.578e+03
2.341e-01 3.729e+03
2.396e-01 3.497e+03
2.365e-01 3.579e+03
2.372e-01 3.566e+03
2.396e-01 3.512e+03
2.377e-01 3.501e+03
2.370e-01 3.550e+03
2.364e-01 3.588e+03
2.375e-01 3.554e+03
2.343e-01 3.733e+03
2.359e-01 3.647e+03
2.372e-01 3.618e+03
2.360e-01 3.611e+03
2.362e-01 3.559e+03
2.371e-01 3.674e+03
2.369e-01 3.563e+03
2.365e-01 3.626e+03
2.353e-01 3.609e+03
2.374e-01 3.527e+03
2.368e-01 3.575e+03
2.373e-01 3.633e+03
2.383e-01 3.498e+03
2.333e-01 3.682e+03
2.351e-01 3.645e+03
2.345e-01 3.622e+03
2.353e-01 3.631e+03
2.368e-01 3.618e+03
2.362e-01 3.595e+03
2.345e-01 3.690e+03
2.366e-01 3.643e+03
2.362e-01 3.634e+03
2.351e-01 3.628e+03
2.360e-01 3.608e+03
2.350e-01 3.690e+03
2.350e-01 3.655e+03
2.383e-01 3.639e+03
2.362e-01 3.608e+03
2.380e-01 3.542e+03
2.345e-01 3.674e+03
2.361e-01 3.601e+03
2.355e-01 3.649e+03
2.373e-01 3.540e+03
2.373e-01 3.596e+03
2.363e-01 3.595e+03
2.358e-01 3.592e+03
2.359e-01 3.614e+03
2.343e-01 3.663e+03
2.382e-01 3.579e+03
2.356e-01 3.635e+03
2.354e-01 3.706e+03
2.358e-01 3.581e+03
2.357e-01 3.636e+03
2.360e-01 3.676e+03
2.368e-01 3.570e+03
2.346e-01 3.662e+03
2.347e-01 3.706e+03
2.356e-01 3.641e+03
2.366e-01 3.557e+03
2.361e-01 3.616e+03
2.341e-01 3.692e+03
2.345e-01 3.664e+03
2.373e-01 3.599e+03
2.379e-01 3.553e+03
2.354e-01 3.635e+03
2.387e-01 3.531e+03
2.368e-01 3.562e+03
2.372e-01 3.595e+03
2.359e-01 3.644e+03
2.340e-01 3.731e+03
2.362e-01 3.555e+03
2.320e-01 3.791e+03
2.371e-01 3.572e+03
2.350e-01 3.580e+03
2.368e-01 3.612e+03
2.338e-01 3.751e+03
2.350e-01 3.657e+03
2.341e-01 3.629e+03
2.378e-01 3.572e+03
2.378e-01 3.600e+03
2.387e-01 3.546e+03
2.366e-01 3.602e+03
2.354e-01 3.609e+03
2.343e-01 3.677e+03
2.365e-01 3.656e+03
2.328e-01 3.803e+03
2.362e-01 3.619e+03
2.349e-01 3.658e+03
2.350e-01 3.641e+03
2.370e-01 3.576e+03
2.375e-01 3.548e+03
2.375e-01 3.578e+03
2.376e-01 3.503e+03
2.363e-01 3.570e+03
2.369e-01 3.568e+03
2.360e-01 3.639e+03
2.381e-01 3.552e+03
2.325e-01 3.712e+03
2.373e-01 3.624e+03
2.369e-01 3.589e+03
2.379e-01 3.534e+03
2.359e-01 3.604e+03
2.347e-01 3.740e+03
2.347e-01 3.721e+03
2.349e-01 3.707e+03
2.373e-01 3.543e+03
2.337e-01 3.724e+03
2.346e-01 3.674e+03
2.351e-01 3.618e+03
2.382e-01 3.546e+03
2.381e-01 3.623e+03
2.350e-01 3.641e+03
2.353e-01 3.660e+03
2.347e-01 3.680e+03
2.345e-01 3.704e+03
2.355e-01 3.650e+03
2.356e-01 3.688e+03
2.330e-01 3.658e+03
2.340e-01 3.700e+03
2.353e-01 3.667e+03
2.359e-01 3.604e+03
2.378e-01 3.575e+03
2.359e-01 3.660e+03
2.343e-01 3.725e+03
2.364e-01 3.626e+03
2.358e-01 3.664e+03
2.367e-01 3.581e+03
2.349e-01 3.671e+03
2.363e-01 3.655e+03
2.355e-01 3.663e+03
2.354e-01 3.653e+03
2.365e-01 3.642e+03
2.361e-01 3.654e+03
2.356e-01 3.632e+03
2.357e-01 3.594e+03
2.359e-01 3.633e+03
2.372e-01 3.581e+03
2.356e-01 3.589e+03
2.349e-01 3.640e+03
2.347e-01 3.653e+03
2.388e-01 3.570e+03
2.373e-01 3.523e+03
2.352e-01 3.636e+03
2.340e-01 3.698e+03
2.352e-01 3.640e+03
2.351e-01 3.647e+03
2.380e-01 3.557e+03
2.380e-01 3.491e+03
2.368e-01 3.560e+03
2.347e-01 3.691e+03
2.389e-01 3.531e+03
2.368e-01 3.586e+03
2.364e-01 3.647e+03
2.354e-01 3.617e+03
2.339e-01 3.753e+03
2.357e-01 3.722e+03
2.369e-01 3.625e+03
2.380e-01 3.524e+03
2.360e-01 3.560e+03
2.344e-01 3.684e+03
2.375e-01 3.538e+03
2.338e-01 3.677e+03
2.350e-01 3.635e+03
2.341e-01 3.645e+03
2.369e-01 3.567e+03
2.369e-01 3.634e+03
2.357e-01 3.644e+03
2.358e-01 3.644e+03
2.344e-01 3.678e+03
2.368e-01 3.586e+03
2.345e-01 3.687e+03
2.366e-01 3.542e+03
2.382e-01 3.542e+03
2.382e-01 3.562e+03
2.362e-01 3.646e+03
2.348e-01 3.722e+03
2.341e-01 3.707e+03
2.364e-01 3.599e+03
2.371e-01 3.576e+03
2.369e-01 3.626e+03
2.366e-01 3.666e+03
2.363e-01 3.644e+03
2.361e-01 3.637e+03
2.350e-01 3.742e+03
2.370e-01 3.557e+03
2.358e-01 3.654e+03
2.367e-01 3.634e+03
2.374e-01 3.538e+03
2.370e-01 3.584e+03
2.358e-01 3.639e+03
2.355e-01 3.589e+03
2.361e-01 3.644e+03
2.355e-01 3.605e+03
2.362e-01 3.573e+03
2.347e-01 3.664e+03
2.368e-01 3.637e+03
2.364e-01 3.564e+03
2.365e-01 3.615e+03
2.354e-01 3.692e+03
2.335e-01 3.676e+03
2.372e-01 3.568e+03
2.359e-01 3.599e+03
2.352e-01 3.647e+03
2.371e-01 3.612e+03
2.364e-01 3.575e+03
2.366e-01 3.538e+03
2.371e-01 3.580e+03
2.368e-01 3.574e+03
2.363e-01 3.647e+03
2.375e-01 3.549e+03
2.372e-01 3.588e+03
2.362e-01 3.591e+03
2.381e-01 3.560e+03
2.361e-01 3.660e+03
2.380e-01 3.634e+03
2.386e-01 3.543e+03
2.365e-01 3.659e+03
2.356e-01 3.681e+03
2.335e-01 3.742e+03
2.403e-01 3.468e+03
2.357e-01 3.642e+03
2.348e-01 3.723e+03
2.363e-01 3.634e+03
2.351e-01 3.675e+03
2.346e-01 3.686e+03
2.347e-01 3.643e+03
2.385e-01 3.536e+03
2.379e-01 3.538e+03
2.351e-01 3.627e+03
2.359e-01 3.615e+03
2.372e-01 3.602e+03
2.347e-01 3.580e+03
2.398e-01 3.478e+03
2.359e-01 3.584e+03
2.376e-01 3.536e+03
2.369e-01 3.589e+03
2.385e-01 3.522e+03
2.365e-01 3.550e+03
2.363e-01 3.600e+03
2.358e-01 3.656e+03
2.368e-01 3.591e+03
2.374e-01 3.632e+03
2.361e-01 3.701e+03
2.391e-01 3.479e+03
2.366e-01 3.617e+03
2.333e-01 3.716e+03
2.380e-01 3.571e+03
2.355e-01 3.603e+03
2.329e-01 3.746e+03
2.347e-01 3.606e+03
2.329e-01 3.727e+03
2.326e-01 3.698e+03
2.369e-01 3.602e+03
2.355e-01 3.636e+03
2.366e-01 3.636e+03
2.363e-01 3.608e+03
2.367e-01 3.625e+03
2.364e-01 3.690e+03
2.362e-01 3.596e+03
2.341e-01 3.725e+03
2.357e-01 3.623e+03
2.354e-01 3.668e+03
2.365e-01 3.628e+03
2.369e-01 3.537e+03
2.356e-01 3.618e+03
2.366e-01 3.562e+03
2.375e-01 3.571e+03
2.356e-01 3.642e+03
2.376e-01 3.592e+03
2.353e-01 3.704e+03
2.374e-01 3.574e+03
2.351e-01 3.577e+03
2.360e-01 3.640e+03
2.361e-01 3.642e+03
2.383e-01 3.532e+03
2.374e-01 3.579e+03
2.356e-01 3.690e+03
2.345e-01 3.660e+03
2.365e-01 3.583e+03
2.382e-01 3.571e+03
2.360e-01 3.615e+03
2.345e-01 3.662e+03
2.373e-01 3.619e+03
2.379e-01 3.567e+03
2.354e-01 3.662e+03
2.347e-01 3.682e+03
2.315e-01 3.781e+03
2.359e-01 3.648e+03
2.361e-01 3.575e+03
2.349e-01 3.630e+03
2.365e-01 3.596e+03
2.397e-01 3.512e+03
2.368e-01 3.621e+03
2.394e-01 3.556e+03
2.362e-01 3.583e+03
2.376e-01 3.548e+03
2.363e-01 3.635e+03
2.359e-01 3.753e+03
2.351e-01 3.714e+03
2.353e-01 3.685e+03
2.347e-01 3.608e+03
2.354e-01 3.664e+03
2.358e-01 3.613e+03
2.374e-01 3.535e+03
2.345e-01 3.637e+03
2.358e-01 3.664e+03
2.364e-01 3.656e+03
2.337e-01 3.687e+03
2.375e-01 3.548e+03
2.391e-01 3.549e+03
2.353e-01 3.645e+03
2.369e-01 3.614e+03
2.367e-01 3.602e+03
2.359e-01 3.650e+03
2.358e-01 3.639e+03
2.397e-01 3.508e+03
2.345e-01 3.641e+03
2.357e-01 3.651e+03
2.345e-01 3.679e+03
2.361e-01 3.587e+03
2.357e-01 3.613e+03
2.386e-01 3.566e+03
2.356e-01 3.654e+03
2.341e-01 3.689e+03
2.333e-01 3.732e+03
2.346e-01 3.557e+03
2.341e-01 3.682e+03
2.356e-01 3.650e+03
2.355e-01 3.552e+03
2.360e-01 3.623e+03
2.364e-01 3.620e+03
2.387e-01 3.613e+03
2.372e-01 3.475e+03
2.370e-01 3.607e+03
2.348e-01 3.720e+03
2.352e-01 3.683e+03
2.365e-01 3.660e+03
2.351e-01 3.670e+03
2.363e-01 3.616e+03
2.368e-01 3.568e+03
2.347e-01 3.602e+03
2.357e-01 3.664e+03
2.376e-01 3.538e+03
2.370e-01 3.638e+03
2.381e-01 3.481e+03
2.345e-01 3.687e+03
2.352e-01 3.676e+03
2.343e-01 3.617e+03
2.342e-01 3.629e+03
2.358e-01 3.636e+03
2.366e-01 3.583e+03
2.330e-01 3.765e+03
2.353e-01 3.693e+03
2.365e-01 3.547e+03
2.351e-01 3.666e+03
2.344e-01 3.731e+03
2.387e-01 3.538e+03
2.350e-01 3.682e+03
2.376e-01 3.554e+03
2.344e-01 3.678e+03
2.376e-01 3.533e+03
2.359e-01 3.603e+03
2.360e-01 3.664e+03
2.364e-01 3.649e+03
2.383e-01 3.584e+03
2.367e-01 3.572e+03
2.394e-01 3.456e+03
2.334e-01 3.771e+03
2.330e-01 3.723e+03
2.387e-01 3.574e+03
2.385e-01 3.540e+03
2.357e-01 3.667e+03
2.352e-01 3.587e+03
2.353e-01 3.667e+03
2.392e-01 3.578e+03
2.358e-01 3.608e+03
2.372e-01 3.559e+03
2.341e-01 3.694e+03
2.404e-01 3.498e+03
2.339e-01 3.750e+03
2.369e-01 3.619e+03
2.381e-01 3.574e+03
2.360e-01 3.642e+03
2.340e-01 3.639e+03
2.378e-01 3.602e+03
2.392e-01 3.510e+03
2.341e-01 3.720e+03
2.373e-01 3.585e+03
2.358e-01 3.631e+03
2.357e-01 3.555e+03
2.365e-01 3.599e+03
2.369e-01 3.551e+03
2.370e-01 3.601e+03
2.372e-01 3.563e+03
2.368e-01 3.565e+03
2.359e-01 3.616e+03
2.362e-01 3.604e+03
2.369e-01 3.631e+03
2.356e-01 3.666e+03
2.378e-01 3.597e+03
2.361e-01 3.634e+03
2.335e-01 3.747e+03
2.371e-01 3.625e+03
2.347e-01 3.617e+03
2.373e-01 3.607e+03
2.327e-01 3.720e+03
2.363e-01 3.619e+03
2.342e-01 3.635e+03
2.367e-01 3.530e+03
2.393e-01 3.504e+03
2.359e-01 3.592e+03
2.372e-01 3.607e+03
2.372e-01 3.511e+03
2.364e-01 3.560e+03
2.344e-01 3.720e+03
2.346e-01 3.697e+03
2.364e-01 3.680e+03
2.368e-01 3.558e+03
2.363e-01 3.563e+03
2.360e-01 3.651e+03
2.379e-01 3.587e+03
2.366e-01 3.597e+03
2.372e-01 3.578e+03
2.376e-01 3.572e+03
2.337e-01 3.728e+03
2.361e-01 3.626e+03
2.378e-01 3.547e+03
2.339e-01 3.746e+03
2.375e-01 3.547e+03
2.329e-01 3.756e+03
2.353e-01 3.661e+03
2.377e-01 3.566e+03
2.359e-01 3.589e+03
2.335e-01 3.802e+03
2.381e-01 3.538e+03
2.354e-01 3.616e+03
2.379e-01 3.542e+03
2.344e-01 3.695e+03
2.344e-01 3.706e+03
2.346e-01 3.670e+03
2.365e-01 3.627e+03
2.357e-01 3.615e+03
2.359e-01 3.651e+03
2.358e-01 3.603e+03
2.356e-01 3.660e+03
2.353e-01 3.632e+03
2.336e-01 3.660e+03
2.379e-01 3.589e+03
2.365e-01 3.628e+03
2.346e-01 3.698e+03
2.362e-01 3.631e+03
2.368e-01 3.622e+03
2.367e-01 3.635e+03
2.371e-01 3.591e+03
2.359e-01 3.658e+03
2.359e-01 3.660e+03
2.368e-01 3.611e+03
2.390e-01 3.493e+03
2.339e-01 3.746e+03
2.383e-01 3.538e+03
2.350e-01 3.655e+03
2.335e-01 3.692e+03
2.352e-01 3.589e+03
2.371e-01 3.568e+03
2.330e-01 3.713e+03
2.375e-01 3.558e+03
2.365e-01 3.626e+03
2.346e-01 3.715e+03
2.371e-01 3.651e+03
2.363e-01 3.603e+03
2.336e-01 3.765e+03
2.344e-01 3.692e+03
2.367e-01 3.613e+03
2.337e-01 3.656e+03
2.380e-01 3.474e+03
2.371e-01 3.591e+03
2.359e-01 3.696e+03
2.368e-01 3.586e+03
2.372e-01 3.573e+03
2.359e-01 3.589e+03
2.342e-01 3.637e+03
2.379e-01 3.566e+03
2.362e-01 3.620e+03
2.355e-01 3.660e+03
2.359e-01 3.552e+03
2.343e-01 3.691e+03
2.361e-01 3.623e+03
2.343e-01 3.683e+03
2.377e-01 3.504e+03
2.385e-01 3.531e+03
2.387e-01 3.483e+03
2.358e-01 3.627e+03
2.377e-01 3.595e+03
2.340e-01 3.705e+03
2.369e-01 3.590e+03
2.364e-01 3.660e+03
2.331e-01 3.697e+03
2.360e-01 3.641e+03
2.347e-01 3.656e+03
2.390e-01 3.477e+03
2.369e-01 3.633e+03
2.354e-01 3.603e+03
2.355e-01 3.617e+03
2.367e-01 3.585e+03
2.361e-01 3.588e+03
2.318e-01 3.778e+03
2.350e-01 3.649e+03
2.364e-01 3.633e+03
2.382e-01 3.573e+03
2.352e-01 3.645e+03
2.365e-01 3.627e+03
2.349e-01 3.628e+03
2.374e-01 3.537e+03
2.387e-01 3.535e+03
2.347e-01 3.670e+03
2.369e-01 3.592e+03
2.353e-01 3.681e+03
2.350e-01 3.643e+03
2.349e-01 3.694e+03
2.371e-01 3.608e+03
2.351e-01 3.636e+03
2.376e-01 3.619e+03
2.359e-01 3.586e+03
2.355e-01 3.651e+03
2.328e-01 3.751e+03
2.346e-01 3.664e+03
2.382e-01 3.621e+03
2.340e-01 3.741e+03
2.344e-01 3.689e+03
2.345e-01 3.664e+03
2.373e-01 3.553e+03
2.350e-01 3.682e+03
2.352e-01 3.659e+03
2.360e-01 3.623e+03
2.352e-01 3.689e+03
2.329e-01 3.736e+03
2.348e-01 3.695e+03
2.361e-01 3.678e+03
2.347e-01 3.702e+03
2.352e-01 3.715e+03
2.365e-01 3.610e+03
2.355e-01 3.636e+03
2.373e-01 3.635e+03
2.349e-01 3.641e+03
2.349e-01 3.687e+03
2.366e-01 3.592e+03
2.376e-01 3.566e+03
2.354e-01 3.671e+03
2.361e-01 3.557e+03
2.348e-01 3.687e+03
2.342e-01 3.690e+03
2.354e-01 3.618e+03
2.379e-01 3.572e+03
2.337e-01 3.755e+03
2.369e-01 3.600e+03
2.353e-01 3.629e+03
2.366e-01 3.649e+03
2.347e-01 3.676e+03
2.345e-01 3.746e+03
2.355e-01 3.624e+03
2.372e-01 3.609e+03
2.382e-01 3.580e+03
2.378e-01 3.568e+03
2.360e-01 3.617e+03
2.343e-01 3.737e+03
2.364e-01 3.638e+03
2.338e-01 3.705e+03
2.335e-01 3.687e+03
2.359e-01 3.657e+03
2.354e-01 3.666e+03
2.368e-01 3.574e+03
2.363e-01 3.621e+03
2.366e-01 3.567e+03
2.369e-01 3.608e+03
2.378e-01 3.614e+03
2.355e-01 3.650e+03
2.345e-01 3.691e+03
2.361e-01 3.586e+03
2.344e-01 3.706e+03
2.365e-01 3.608e+03
2.367e-01 3.616e+03
2.382e-01 3.532e+03
2.340e-01 3.641e+03
2.357e-01 3.638e+03
2.361e-01 3.581e+03
2.386e-01 3.603e+03
2.363e-01 3.566e+03
2.368e-01 3.540e+03
2.362e-01 3.546e+03
2.366e-01 3.602e+03
2.367e-01 3.598e+03
2.352e-01 3.640e+03
2.347e-01 3.662e+03
2.377e-01 3.595e+03
2.346e-01 3.647e+03
2.356e-01 3.645e+03
2.368e-01 3.571e+03
2.366e-01 3.585e+03
2.364e-01 3.608e+03
2.338e-01 3.735e+03
2.370e-01 3.539e+03
2.373e-01 3.577e+03
2.368e-01 3.579e+03
2.380e-01 3.517e+03
2.379e-01 3.568e+03
2.346e-01 3.670e+03
2.370e-01 3.618e+03
2.348e-01 3.610e+03
2.340e-01 3.688e+03
2.356e-01 3.606e+03
2.364e-01 3.604e+03
2.361e-01 3.651e+03
2.383e-01 3.525e+03
2.373e-01 3.588e+03
2.348e-01 3.695e+03
2.347e-01 3.695e+03
2.379e-01 3.616e+03
2.358e-01 3.613e+03
2.338e-01 3.743e+03
2.378e-01 3.511e+03
2.358e-01 3.617e+03
2.354e-01 3.657e+03
2.384e-01 3.495e+03
2.374e-01 3.571e+03
2.385e-01 3.568e+03
2.347e-01 3.701e+03
2.379e-01 3.569e+03
2.372e-01 3.596e+03
2.333e-01 3.653e+03
2.380e-01 3.522e+03
2.351e-01 3.725e+03
2.368e-01 3.575e+03
2.373e-01 3.620e+03
2.369e-01 3.613e+03
2.356e-01 3.605e+03
2.376e-01 3.575e+03
2.369e-01 3.702e+03
2.380e-01 3.559e+03
2.372e-01 3.539e+03
2.366e-01 3.627e+03
2.332e-01 3.685e+03
2.399e-01 3.503e+03
2.355e-01 3.693e+03
2.373e-01 3.623e+03
2.354e-01 3.617e+03
2.353e-01 3.619e+03
2.382e-01 3.577e+03
2.388e-01 3.569e+03
2.372e-01 3.608e+03
2.355e-01 3.643e+03
2.343e-01 3.663e+03
2.361e-01 3.650e+03
2.359e-01 3.626e+03
2.383e-01 3.516e+03
2.362e-01 3.682e+03
2.344e-01 3.704e+03
2.331e-01 3.694e+03
2.326e-01 3.763e+03
2.371e-01 3.567e+03
2.373e-01 3.578e+03
2.349e-01 3.625e+03
2.363e-01 3.636e+03
2.343e-01 3.728e+03
2.352e-01 3.681e+03
2.344e-01 3.698e+03
2.371e-01 3.637e+03
2.345e-01 3.692e+03
2.367e-01 3.622e+03
2.314e-01 3.824e+03
2.330e-01 3.760e+03
2.361e-01 3.589e+03
2.358e-01 3.634e+03
2.360e-01 3.652e+03
2.344e-01 3.773e+03
2.359e-01 3.614e+03
2.363e-01 3.635e+03
2.365e-01 3.607e+03
2.341e-01 3.703e+03
2.335e-01 3.737e+03
2.369e-01 3.633e+03
2.370e-01 3.532e+03
2.372e-01 3.607e+03
2.360e-01 3.636e+03
2.352e-01 3.650e+03
2.372e-01 3.571e+03
2.346e-01 3.695e+03
2.367e-01 3.650e+03
2.350e-01 3.628e+03
2.357e-01 3.675e+03
2.376e-01 3.614e+03
2.343e-01 3.689e+03
2.344e-01 3.702e+03
2.365e-01 3.610e+03
2.348e-01 3.664e+03
2.366e-01 3.702e+03
2.354e-01 3.619e+03
2.368e-01 3.603e+03
2.368e-01 3.592e+03
2.353e-01 3.626e+03
2.363e-01 3.690e+03
2.342e-01 3.673e+03
2.369e-01 3.587e+03
2.382e-01 3.580e+03
2.359e-01 3.599e+03
2.357e-01 3.598e+03
2.375e-01 3.588e+03
2.389e-01 3.535e+03
2.367e-01 3.655e+03
2.344e-01 3.668e+03
2.370e-01 3.593e+03
2.352e-01 3.595e+03
2.371e-01 3.544e+03
2.361e-01 3.575e+03
2.344e-01 3.677e+03
2.353e-01 3.626e+03
2.344e-01 3.630e+03
2.344e-01 3.717e+03
2.356e-01 3.576e+03
2.367e-01 3.630e+03
2.362e-01 3.606e+03
2.375e-01 3.621e+03
2.342e-01 3.655e+03
2.374e-01 3.593e+03
2.358e-01 3.643e+03
2.342e-01 3.702e+03
2.360e-01 3.632e+03
2.344e-01 3.690e+03
2.348e-01 3.656e+03
2.356e-01 3.642e+03
2.354e-01 3.611e+03
2.354e-01 3.607e+03
2.354e-01 3.620e+03
2.345e-01 3.642e+03
2.362e-01 3.588e+03
2.369e-01 3.571e+03
2.363e-01 3.566e+03
2.372e-01 3.591e+03
2.339e-01 3.722e+03
2.333e-01 3.734e+03
2.356e-01 3.599e+03
2.338e-01 3.736e+03
2.365e-01 3.625e+03
2.359e-01 3.587e+03
2.390e-01 3.499e+03
2.345e-01 3.701e+03
2.351e-01 3.659e+03
2.382e-01 3.579e+03
2.319e-01 3.728e+03
2.341e-01 3.728e+03
2.349e-01 3.682e+03
2.344e-01 3.726e+03
2.359e-01 3.621e+03
2.379e-01 3.550e+03
2.329e-01 3.743e+03
2.356e-01 3.665e+03
2.342e-01 3.671e+03
2.352e-01 3.666e+03
2.352e-01 3.668e+03
2.364e-01 3.582e+03
2.363e-01 3.613e+03
2.376e-01 3.579e+03
2.387e-01 3.568e+03
2.378e-01 3.601e+03
2.358e-01 3.594e+03
2.371e-01 3.625e+03
2.365e-01 3.687e+03
2.351e-01 3.637e+03
2.353e-01 3.649e+03
2.363e-01 3.656e+03
2.368e-01 3.583e+03
2.368e-01 3.665e+03
2.371e-01 3.553e+03
2.354e-01 3.630e+03
2.376e-01 3.556e+03
2.369e-01 3.628e+03
2.343e-01 3.701e+03
2.362e-01 3.635e+03
2.345e-01 3.683e+03
2.344e-01 3.685e+03
2.369e-01 3.623e+03
2.353e-01 3.558e+03
2.350e-01 3.681e+03
2.349e-01 3.678e+03
2.387e-01 3.630e+03
2.371e-01 3.606e+03
2.360e-01 3.619e+03
2.339e-01 3.681e+03
2.382e-01 3.530e+03
2.357e-01 3.678e+03
2.354e-01 3.675e+03
2.359e-01 3.607e+03
2.357e-01 3.651e+03
2.364e-01 3.690e+03
2.355e-01 3.654e+03
2.370e-01 3.598e+03
2.332e-01 3.701e+03
2.361e-01 3.685e+03
2.354e-01 3.614e+03
2.355e-01 3.606e+03
2.386e-01 3.506e+03
2.339e-01 3.640e+03
2.324e-01 3.728e+03
2.348e-01 3.699e+03
2.347e-01 3.615e+03
2.366e-01 3.693e+03
2.357e-01 3.638e+03
2.344e-01 3.644e+03
2.379e-01 3.601e+03
2.365e-01 3.619e+03
2.341e-01 3.672e+03
2.352e-01 3.646e+03
2.336e-01 3.685e+03
2.343e-01 3.611e+03
2.342e-01 3.635e+03
2.368e-01 3.579e+03
2.367e-01 3.590e+03
2.353e-01 3.685e+03
2.369e-01 3.564e+03
2.386e-01 3.574e+03
2.371e-01 3.631e+03
2.335e-01 3.699e+03
2.335e-01 3.745e+03
2.355e-01 3.649e+03
2.346e-01 3.714e+03
2.364e-01 3.616e+03
2.365e-01 3.639e+03
2.345e-01 3.685e+03
2.364e-01 3.625e+03
2.366e-01 3.538e+03
2.339e-01 3.672e+03
2.394e-01 3.533e+03
2.351e-01 3.642e+03
2.370e-01 3.585e+03
2.355e-01 3.666e+03
2.358e-01 3.565e+03
2.348e-01 3.656e+03
2.371e-01 3.596e+03
2.374e-01 3.567e+03
2.359e-01 3.614e+03
2.349e-01 3.601e+03
2.339e-01 3.729e+03
2.370e-01 3.542e+03
2.346e-01 3.649e+03
2.395e-01 3.517e+03
2.359e-01 3.645e+03
2.350e-01 3.641e+03
2.352e-01 3.626e+03
2.348e-01 3.661e+03
2.363e-01 3.609e+03
2.365e-01 3.593e+03
2.331e-01 3.732e+03
2.355e-01 3.746e+03
2.356e-01 3.613e+03
2.375e-01 3.606e+03
2.343e-01 3.655e+03
2.372e-01 3.626e+03
2.382e-01 3.533e+03
2.362e-01 3.645e+03
2.337e-01 3.729e+03
2.374e-01 3.588e+03
2.386e-01 3.563e+03
2.339e-01 3.684e+03
2.356e-01 3.616e+03
2.367e-01 3.592e+03
2.353e-01 3.618e+03
2.358e-01 3.719e+03
2.361e-01 3.614e+03
2.371e-01 3.609e+03
2.349e-01 3.667e+03
2.385e-01 3.460e+03
2.356e-01 3.673e+03
2.394e-01 3.573e+03
2.363e-01 3.624e+03
2.361e-01 3.610e+03
2.356e-01 3.626e+03
2.345e-01 3.667e+03
2.356e-01 3.674e+03
2.357e-01 3.648e+03
2.339e-01 3.739e+03
2.345e-01 3.676e+03
2.369e-01 3.591e+03
2.349e-01 3.668e+03
2.349e-01 3.615e+03
2.385e-01 3.544e+03
2.376e-01 3.591e+03
2.361e-01 3.578e+03
2.371e-01 3.553e+03
2.378e-01 3.523e+03
2.387e-01 3.473e+03
2.358e-01 3.627e+03
2.366e-01 3.582e+03
2.351e-01 3.615e+03
2.348e-01 3.649e+03
2.360e-01 3.590e+03
2.362e-01 3.596e+03
2.357e-01 3.638e+03
2.370e-01 3.657e+03
2.375e-01 3.572e+03
2.362e-01 3.622e+03
2.363e-01 3.543e+03
2.345e-01 3.667e+03
2.346e-01 3.664e+03
2.372e-01 3.613e+03
2.363e-01 3.644e+03
2.366e-01 3.678e+03
2.357e-01 3.624e+03
2.349e-01 3.669e+03
2.340e-01 3.645e+03
2.356e-01 3.658e+03
2.373e-01 3.535e+03
2.347e-01 3.644e+03
2.351e-01 3.636e+03
2.371e-01 3.549e+03
2.324e-01 3.732e+03
2.363e-01 3.592e+03
2.378e-01 3.553e+03
2.361e-01 3.586e+03
2.362e-01 3.601e+03
2.359e-01 3.654e+03
2.353e-01 3.571e+03
2.337e-01 3.714e+03
2.383e-01 3.499e+03
2.368e-01 3.597e+03
2.330e-01 3.715e+03
2.370e-01 3.556e+03
2.382e-01 3.534e+03
2.358e-01 3.623e+03
2.386e-01 3.488e+03
2.347e-01 3.698e+03
2.373e-01 3.557e+03
2.338e-01 3.715e+03
2.349e-01 3.672e+03
2.357e-01 3.643e+03
2.370e-01 3.570e+03
2.355e-01 3.640e+03
2.344e-01 3.708e+03
2.359e-01 3.589e+03
2.359e-01 3.654e+03
2.352e-01 3.770e+03
2.360e-01 3.667e+03
2.385e-01 3.584e+03
2.350e-01 3.696e+03
2.363e-01 3.614e+03
2.343e-01 3.733e+03
2.355e-01 3.626e+03
2.366e-01 3.635e+03
2.363e-01 3.581e+03
2.352e-01 3.674e+03
2.373e-01 3.568e+03
2.342e-01 3.648e+03
2.408e-01 3.496e+03
2.370e-01 3.660e+03
2.360e-01 3.668e+03
2.366e-01 3.584e+03
2.343e-01 3.706e+03
2.366e-01 3.605e+03
2.370e-01 3.684e+03
2.366e-01 3.546e+03
2.337e-01 3.761e+03
2.359e-01 3.665e+03
2.360e-01 3.656e+03
2.351e-01 3.649e+03
2.367e-01 3.619e+03
2.345e-01 3.712e+03
2.366e-01 3.672e+03
2.350e-01 3.606e+03
2.373e-01 3.611e+03
2.338e-01 3.760e+03
2.372e-01 3.541e+03
2.362e-01 3.639e+03
2.352e-01 3.721e+03
2.378e-01 3.579e+03
2.362e-01 3.566e+03
2.376e-01 3.649e+03
2.364e-01 3.654e+03
2.350e-01 3.649e+03
2.348e-01 3.682e+03
2.356e-01 3.620e+03
2.348e-01 3.669e+03
2.368e-01 3.582e+03
2.351e-01 3.614e+03
2.348e-01 3.685e+03
2.345e-01 3.628e+03
2.353e-01 3.692e+03
2.349e-01 3.702e+03
2.362e-01 3.563e+03
2.373e-01 3.564e+03
2.378e-01 3.520e+03
2.367e-01 3.638e+03
2.342e-01 3.699e+03
2.357e-01 3.643e+03
2.343e-01 3.657e+03
2.349e-01 3.596e+03
2.351e-01 3.694e+03
2.371e-01 3.547e+03
2.373e-01 3.654e+03
2.374e-01 3.594e+03
2.369e-01 3.617e+03
2.362e-01 3.622e+03
2.373e-01 3.624e+03
2.359e-01 3.638e+03
2.355e-01 3.588e+03
2.361e-01 3.584e+03
2.378e-01 3.530e+03
2.357e-01 3.686e+03
2.362e-01 3.636e+03
2.337e-01 3.730e+03
2.353e-01 3.659e+03
2.393e-01 3.482e+03
2.366e-01 3.631e+03
2.357e-01 3.679e+03
2.360e-01 3.619e+03
2.395e-01 3.522e+03
2.350e-01 3.681e+03
2.365e-01 3.647e+03
2.349e-01 3.664e+03
2.365e-01 3.607e+03
2.358e-01 3.621e+03
2.361e-01 3.569e+03
2.359e-01 3.618e+03
2.352e-01 3.619e+03
2.349e-01 3.694e+03
2.359e-01 3.590e+03
2.366e-01 3.641e+03
2.379e-01 3.528e+03
2.355e-01 3.657e+03
2.320e-01 3.822e+03
2.348e-01 3.664e+03
2.377e-01 3.554e+03
2.375e-01 3.542e+03
2.333e-01 3.721e+03
2.354e-01 3.612e+03
2.362e-01 3.648e+03
2.366e-01 3.587e+03
2.342e-01 3.655e+03
2.364e-01 3.656e+03
2.378e-01 3.592e+03
2.378e-01 3.600e+03
2.357e-01 3.723e+03
2.349e-01 3.723e+03
2.353e-01 3.667e+03
2.366e-01 3.594e+03
2.322e-01 3.764e+03
2.372e-01 3.609e+03
2.345e-01 3.667e+03
2.354e-01 3.710e+03
2.352e-01 3.610e+03
2.363e-01 3.568e+03
2.383e-01 3.621e+03
2.374e-01 3.566e+03
2.358e-01 3.654e+03
2.354e-01 3.705e+03
2.365e-01 3.583e+03
2.375e-01 3.562e+03
2.351e-01 3.678e+03
2.371e-01 3.565e+03
2.322e-01 3.741e+03
2.345e-01 3.785e+03
2.356e-01 3.710e+03
2.376e-01 3.620e+03
2.352e-01 3.664e+03
2.345e-01 3.656e+03
2.347e-01 3.661e+03
2.360e-01 3.606e+03
2.338e-01 3.647e+03
2.360e-01 3.610e+03
2.360e-01 3.664e+03
2.369e-01 3.560e+03
2.357e-01 3.687e+03
2.372e-01 3.536e+03
2.377e-01 3.561e+03
2.355e-01 3.621e+03
2.359e-01 3.697e+03
2.349e-01 3.552e+03
2.353e-01 3.649e+03
2.369e-01 3.530e+03
2.363e-01 3.551e+03
2.367e-01 3.620e+03
2.377e-01 3.607e+03
2.345e-01 3.660e+03
2.366e-01 3.593e+03
2.363e-01 3.618e+03
2.371e-01 3.547e+03
2.354e-01 3.659e+03
2.382e-01 3.487e+03
2.374e-01 3.621e+03
2.369e-01 3.503e+03
2.360e-01 3.645e+03
2.361e-01 3.598e+03
2.382e-01 3.568e+03
2.366e-01 3.571e+03
2.350e-01 3.640e+03
2.365e-01 3.571e+03
2.374e-01 3.568e+03
2.374e-01 3.539e+03
2.346e-01 3.725e+03
2.361e-01 3.551e+03
2.366e-01 3.626e+03
2.364e-01 3.618e+03
2.368e-01 3.565e+03
2.345e-01 3.663e+03
2.373e-01 3.568e+03
2.356e-01 3.589e+03
2.376e-01 3.516e+03
2.352e-01 3.718e+03
2.361e-01 3.659e+03
2.370e-01 3.652e+03
2.371e-01 3.616e+03
2.341e-01 3.738e+03
2.364e-01 3.611e+03
2.380e-01 3.572e+03
2.371e-01 3.636e+03
2.377e-01 3.605e+03
2.381e-01 3.531e+03
2.388e-01 3.564e+03
2.355e-01 3.647e+03
2.358e-01 3.629e+03
2.347e-01 3.635e+03
2.378e-01 3.564e+03
2.366e-01 3.613e+03
2.364e-01 3.690e+03
2.338e-01 3.720e+03
2.342e-01 3.682e+03
2.364e-01 3.582e+03
2.349e-01 3.683e+03
2.352e-01 3.678e+03
2.366e-01 3.523e+03
2.372e-01 3.517e+03
2.364e-01 3.604e+03
2.377e-01 3.592e+03
2.369e-01 3.585e+03
2.361e-01 3.614e+03
2.355e-01 3.647e+03
2.330e-01 3.732e+03
2.360e-01 3.587e+03
2.369e-01 3.607e+03
2.360e-01 3.579e+03
2.357e-01 3.702e+03
2.379e-01 3.591e+03
2.378e-01 3.604e+03
2.394e-01 3.502e+03
2.371e-01 3.513e+03
2.380e-01 3.590e+03
2.345e-01 3.695e+03
2.353e-01 3.640e+03
2.389e-01 3.516e+03
2.355e-01 3.626e+03
2.347e-01 3.737e+03
2.378e-01 3.555e+03
2.342e-01 3.647e+03
2.344e-01 3.671e+03
2.371e-01 3.564e+03
2.346e-01 3.647e+03
2.359e-01 3.714e+03
2.376e-01 3.573e+03
2.329e-01 3.755e+03
2.377e-01 3.537e+03
2.334e-01 3.694e+03
2.356e-01 3.690e+03
2.395e-01 3.506e+03
2.344e-01 3.648e+03
2.368e-01 3.565e+03
2.343e-01 3.722e+03
2.414e-01 3.501e+03
2.388e-01 3.574e+03
2.362e-01 3.626e+03
2.356e-01 3.658e+03
2.377e-01 3.557e+03
2.347e-01 3.638e+03
2.354e-01 3.633e+03
2.375e-01 3.554e+03
2.322e-01 3.801e+03
2.361e-01 3.545e+03
2.347e-01 3.759e+03
2.351e-01 3.645e+03
2.351e-01 3.669e+03
2.327e-01 3.772e+03
2.344e-01 3.701e+03
2.338e-01 3.633e+03
2.353e-01 3.633e+03
2.351e-01 3.593e+03
2.359e-01 3.682e+03
2.357e-01 3.614e+03
2.359e-01 3.602e+03
2.370e-01 3.577e+03
2.334e-01 3.709e+03
2.368e-01 3.577e+03
2.364e-01 3.580e+03
2.371e-01 3.568e+03
2.364e-01 3.641e+03
2.386e-01 3.546e+03
2.357e-01 3.656e+03
2.348e-01 3.606e+03
2.368e-01 3.595e+03
2.376e-01 3.597e+03
2.349e-01 3.665e+03
2.351e-01 3.618e+03
2.369e-01 3.610e+03
2.379e-01 3.593e+03
2.369e-01 3.553e+03
2.383e-01 3.539e+03
2.373e-01 3.581e+03
2.365e-01 3.707e+03
2.341e-01 3.648e+03
2.351e-01 3.671e+03
2.364e-01 3.649e+03
2.358e-01 3.671e+03
2.363e-01 3.617e+03
2.376e-01 3.601e+03
2.338e-01 3.742e+03
2.388e-01 3.525e+03
2.378e-01 3.598e+03
2.383e-01 3.556e+03
2.362e-01 3.638e+03
2.354e-01 3.652e+03
2.379e-01 3.566e+03
2.382e-01 3.504e+03
2.355e-01 3.629e+03
2.352e-01 3.634e+03
2.365e-01 3.615e+03
2.378e-01 3.568e+03
2.363e-01 3.615e+03
2.370e-01 3.636e+03
2.375e-01 3.560e+03
2.337e-01 3.648e+03
2.392e-01 3.483e+03
2.353e-01 3.697e+03
2.348e-01 3.722e+03
2.350e-01 3.649e+03
2.360e-01 3.629e+03
2.349e-01 3.753e+03
2.358e-01 3.651e+03
2.383e-01 3.492e+03
2.360e-01 3.596e+03
2.353e-01 3.650e+03
2.357e-01 3.682e+03
2.398e-01 3.492e+03
2.343e-01 3.679e+03
2.362e-01 3.679e+03
2.359e-01 3.584e+03
2.352e-01 3.608e+03
2.398e-01 3.556e+03
2.385e-01 3.549e+03
2.328e-01 3.781e+03
2.375e-01 3.636e+03
2.338e-01 3.690e+03
2.349e-01 3.716e+03
2.366e-01 3.609e+03
2.364e-01 3.563e+03
2.390e-01 3.519e+03
2.344e-01 3.707e+03
2.372e-01 3.577e+03
2.359e-01 3.677e+03
2.364e-01 3.543e+03
2.338e-01 3.697e+03
2.371e-01 3.621e+03
2.360e-01 3.651e+03
2.370e-01 3.587e+03
2.345e-01 3.623e+03
2.401e-01 3.539e+03
2.377e-01 3.614e+03
2.345e-01 3.644e+03
2.365e-01 3.646e+03
2.354e-01 3.613e+03
2.366e-01 3.626e+03
2.372e-01 3.518e+03
2.365e-01 3.666e+03
2.356e-01 3.715e+03
2.353e-01 3.617e+03
2.376e-01 3.616e+03
2.335e-01 3.778e+03
2.367e-01 3.662e+03
2.369e-01 3.576e+03
2.390e-01 3.554e+03
2.365e-01 3.589e+03
2.382e-01 3.610e+03
2.349e-01 3.634e+03
2.389e-01 3.540e+03
2.326e-01 3.683e+03
2.385e-01 3.550e+03
2.356e-01 3.593e+03
2.342e-01 3.710e+03
2.359e-01 3.593e+03
2.364e-01 3.616e+03
2.353e-01 3.626e+03
2.361e-01 3.630e+03
2.354e-01 3.617e+03
2.377e-01 3.517e+03
2.365e-01 3.569e+03
2.355e-01 3.662e+03
2.380e-01 3.548e+03
2.361e-01 3.605e+03
2.363e-01 3.611e+03
2.360e-01 3.630e+03
2.365e-01 3.555e+03
2.376e-01 3.586e+03
2.349e-01 3.680e+03
2.379e-01 3.535e+03
2.359e-01 3.627e+03
2.353e-01 3.683e+03
2.360e-01 3.551e+03
2.366e-01 3.593e+03
2.375e-01 3.569e+03
2.345e-01 3.719e+03
2.385e-01 3.572e+03
2.377e-01 3.571e+03
2.361e-01 3.639e+03
2.346e-01 3.657e+03
2.324e-01 3.770e+03
2.350e-01 3.661e+03
2.349e-01 3.681e+03
2.330e-01 3.768e+03
2.348e-01 3.654e+03
2.358e-01 3.611e+03
2.346e-01 3.685e+03
2.361e-01 3.646e+03
2.338e-01 3.686e+03
2.358e-01 3.619e+03
2.358e-01 3.654e+03
2.360e-01 3.650e+03
2.351e-01 3.653e+03
2.370e-01 3.619e+03
2.347e-01 3.671e+03
2.352e-01 3.612e+03
2.378e-01 3.580e+03
2.359e-01 3.682e+03
2.358e-01 3.627e+03
2.338e-01 3.691e+03
2.380e-01 3.608e+03
2.387e-01 3.500e+03
2.360e-01 3.586e+03
2.353e-01 3.679e+03
2.377e-01 3.510e+03
2.347e-01 3.781e+03
2.374e-01 3.578e+03
2.378e-01 3.614e+03
2.386e-01 3.566e+03
2.356e-01 3.666e+03
2.368e-01 3.618e+03
2.368e-01 3.636e+03
2.334e-01 3.698e+03
2.359e-01 3.599e+03
2.365e-01 3.610e+03
2.372e-01 3.591e+03
2.356e-01 3.667e+03
2.367e-01 3.584e+03
2.385e-01 3.506e+03
2.368e-01 3.596e+03
2.361e-01 3.612e+03
2.377e-01 3.518e+03
2.355e-01 3.650e+03
2.386e-01 3.590e+03
2.350e-01 3.664e+03
2.337e-01 3.704e+03
2.391e-01 3.534e+03
2.351e-01 3.631e+03
2.361e-01 3.643e+03
2.376e-01 3.565e+03
2.354e-01 3.638e+03
2.380e-01 3.516e+03
2.359e-01 3.643e+03
2.357e-01 3.631e+03
2.371e-01 3.555e+03
2.374e-01 3.552e+03
2.371e-01 3.525e+03
2.374e-01 3.574e+03
2.380e-01 3.530e+03
2.377e-01 3.539e+03
2.358e-01 3.590e+03
2.352e-01 3.636e+03
2.379e-01 3.545e+03
2.360e-01 3.648e+03
2.343e-01 3.643e+03
2.362e-01 3.629e+03
2.373e-01 3.582e+03
2.331e-01 3.700e+03
2.362e-01 3.641e+03
2.365e-01 3.641e+03
2.372e-01 3.555e+03
2.345e-01 3.679e+03
2.364e-01 3.595e+03
2.364e-01 3.589e+03
2.356e-01 3.627e+03
2.348e-01 3.684e+03
2.385e-01 3.498e+03
2.370e-01 3.527e+03
2.365e-01 3.560e+03
2.339e-01 3.699e+03
2.355e-01 3.564e+03
2.355e-01 3.654e+03
2.352e-01 3.647e+03
2.382e-01 3.545e+03
2.359e-01 3.640e+03
2.386e-01 3.482e+03
2.349e-01 3.658e+03
2.339e-01 3.687e+03
2.331e-01 3.697e+03
2.362e-01 3.587e+03
2.364e-01 3.658e+03
2.364e-01 3.661e+03
2.375e-01 3.640e+03
2.378e-01 3.559e+03
2.396e-01 3.559e+03
2.374e-01 3.647e+03
2.366e-01 3.594e+03
2.348e-01 3.634e+03
2.385e-01 3.497e+03
2.360e-01 3.613e+03
2.343e-01 3.703e+03
2.351e-01 3.668e+03
2.352e-01 3.670e+03
2.367e-01 3.577e+03
2.347e-01 3.599e+03
2.384e-01 3.539e+03
2.376e-01 3.564e+03
2.369e-01 3.562e+03
2.362e-01 3.600e+03
2.365e-01 3.600e+03
2.352e-01 3.629e+03
2.369e-01 3.593e+03
2.340e-01 3.694e+03
2.384e-01 3.530e+03
2.347e-01 3.706e+03
2.333e-01 3.671e+03
2.389e-01 3.515e+03
2.381e-01 3.570e+03
2.356e-01 3.625e+03
2.338e-01 3.739e+03
2.365e-01 3.589e+03
2.361e-01 3.654e+03
2.402e-01 3.540e+03
2.364e-01 3.544e+03
2.366e-01 3.619e+03
2.351e-01 3.693e+03
2.388e-01 3.529e+03
2.349e-01 3.708e+03
2.360e-01 3.629e+03
2.382e-01 3.560e+03
2.352e-01 3.681e+03
2.370e-01 3.608e+03
2.341e-01 3.655e+03
2.371e-01 3.555e+03
2.355e-01 3.695e+03
2.345e-01 3.693e+03
2.350e-01 3.667e+03
2.351e-01 3.677e+03
2.346e-01 3.706e+03
2.397e-01 3.544e+03
2.359e-01 3.657e+03
2.347e-01 3.622e+03
2.365e-01 3.662e+03
2.372e-01 3.599e+03
2.378e-01 3.557e+03
2.362e-01 3.622e+03
2.350e-01 3.655e+03
2.372e-01 3.581e+03
2.376e-01 3.586e+03
2.376e-01 3.654e+03
2.365e-01 3.649e+03
2.368e-01 3.589e+03
2.346e-01 3.645e+03
2.370e-01 3.589e+03
2.352e-01 3.716e+03
2.366e-01 3.610e+03
2.352e-01 3.586e+03
2.370e-01 3.635e+03
2.378e-01 3.544e+03
2.362e-01 3.616e+03
2.345e-01 3.681e+03
2.363e-01 3.624e+03
2.347e-01 3.632e+03
2.371e-01 3.578e+03
2.327e-01 3.741e+03
2.354e-01 3.622e+03
2.371e-01 3.673e+03
2.351e-01 3.663e+03
2.355e-01 3.638e+03
2.367e-01 3.605e+03
2.375e-01 3.609e+03
2.349e-01 3.693e+03
2.345e-01 3.690e+03
2.333e-01 3.764e+03
2.366e-01 3.570e+03
2.373e-01 3.621e+03
2.347e-01 3.692e+03
2.368e-01 3.559e+03
2.352e-01 3.695e+03
2.360e-01 3.566e+03
2.350e-01 3.561e+03
2.375e-01 3.579e+03
2.371e-01 3.567e+03
2.352e-01 3.632e+03
2.356e-01 3.668e+03
2.365e-01 3.607e+03
2.365e-01 3.573e+03
2.387e-01 3.538e+03
2.355e-01 3.593e+03
2.354e-01 3.658e+03
2.344e-01 3.618e+03
2.340e-01 3.695e+03
2.330e-01 3.656e+03
2.354e-01 3.662e+03
2.386e-01 3.565e+03
2.370e-01 3.607e+03
2.367e-01 3.634e+03
2.347e-01 3.691e+03
2.380e-01 3.543e+03
2.357e-01 3.666e+03
2.349e-01 3.648e+03
2.367e-01 3.609e+03
2.357e-01 3.622e+03
2.358e-01 3.641e+03
2.351e-01 3.607e+03
2.360e-01 3.580e+03
2.370e-01 3.467e+03
2.388e-01 3.550e+03
2.363e-01 3.569e+03
2.367e-01 3.575e+03
2.351e-01 3.616e+03
2.375e-01 3.585e+03
2.369e-01 3.595e+03
2.340e-01 3.575e+03
2.362e-01 3.583e+03
2.362e-01 3.568e+03
2.391e-01 3.514e+03
2.358e-01 3.599e+03
2.353e-01 3.612e+03
2.346e-01 3.638e+03
2.352e-01 3.660e+03
2.350e-01 3.662e+03
2.368e-01 3.619e+03
2.353e-01 3.709e+03
2.396e-01 3.476e+03
2.367e-01 3.681e+03
2.363e-01 3.652e+03
2.331e-01 3.778e+03
2.349e-01 3.626e+03
2.361e-01 3.616e+03
2.383e-01 3.576e+03
2.357e-01 3.657e+03
2.346e-01 3.704e+03
2.346e-01 3.679e+03
2.362e-01 3.663e+03
2.380e-01 3.526e+03
2.369e-01 3.621e+03
2.373e-01 3.591e+03
2.379e-01 3.531e+03
2.362e-01 3.626e+03
2.338e-01 3.749e+03
2.346e-01 3.694e+03
2.355e-01 3.632e+03
2.363e-01 3.626e+03
2.341e-01 3.696e+03
2.397e-01 3.485e+03
2.386e-01 3.527e+03
2.376e-01 3.573e+03
2.399e-01 3.490e+03
2.361e-01 3.636e+03
2.341e-01 3.690e+03
2.371e-01 3.647e+03
2.331e-01 3.741e+03
2.343e-01 3.615e+03
2.353e-01 3.641e+03
2.348e-01 3.652e+03
2.358e-01 3.628e+03
2.365e-01 3.560e+03
2.364e-01 3.613e+03
2.374e-01 3.625e+03
2.356e-01 3.664e+03
2.356e-01 3.609e+03
2.356e-01 3.634e+03
2.360e-01 3.573e+03
2.377e-01 3.594e+03
2.359e-01 3.650e+03
2.358e-01 3.659e+03
2.381e-01 3.530e+03
2.365e-01 3.628e+03
2.376e-01 3.514e+03
2.368e-01 3.667e+03
2.335e-01 3.641e+03
2.353e-01 3.666e+03
2.353e-01 3.705e+03
2.337e-01 3.745e+03
2.357e-01 3.621e+03
2.377e-01 3.626e+03
2.380e-01 3.590e+03
2.389e-01 3.559e+03
2.337e-01 3.707e+03
2.377e-01 3.532e+03
2.363e-01 3.648e+03
2.376e-01 3.640e+03
2.363e-01 3.628e+03
2.379e-01 3.598e+03
2.390e-01 3.540e+03
2.367e-01 3.618e+03
2.365e-01 3.640e+03
2.361e-01 3.624e+03
2.365e-01 3.579e+03
2.360e-01 3.616e+03
2.345e-01 3.643e+03
2.370e-01 3.575e+03
2.346e-01 3.701e+03
2.364e-01 3.599e+03
2.368e-01 3.623e+03
2.363e-01 3.634e+03
2.343e-01 3.683e+03
2.332e-01 3.756e+03
2.342e-01 3.678e+03
2.338e-01 3.714e+03
2.369e-01 3.560e+03
2.391e-01 3.513e+03
2.366e-01 3.564e+03
2.376e-01 3.564e+03
2.385e-01 3.509e+03
2.364e-01 3.587e+03
2.353e-01 3.643e+03
2.351e-01 3.642e+03
2.366e-01 3.634e+03
2.359e-01 3.672e+03
2.379e-01 3.588e+03
2.387e-01 3.590e+03
2.358e-01 3.577e+03
2.351e-01 3.688e+03
2.341e-01 3.741e+03
2.374e-01 3.608e+03
2.388e-01 3.494e+03
2.379e-01 3.552e+03
2.353e-01 3.684e+03
2.365e-01 3.596e+03
2.355e-01 3.646e+03
2.361e-01 3.625e+03
2.365e-01 3.641e+03
2.345e-01 3.628e+03
2.360e-01 3.615e+03
2.365e-01 3.618e+03
2.361e-01 3.585e+03
2.371e-01 3.586e+03
2.359e-01 3.629e+03
2.352e-01 3.729e+03
2.387e-01 3.583e+03
2.377e-01 3.616e+03
2.352e-01 3.564e+03
2.363e-01 3.583e+03
2.353e-01 3.731e+03
2.358e-01 3.641e+03
2.380e-01 3.564e+03
2.377e-01 3.570e+03
2.369e-01 3.590e+03
2.359e-01 3.627e+03
2.384e-01 3.542e+03
2.354e-01 3.616e+03
2.342e-01 3.708e+03
2.343e-01 3.647e+03
2.400e-01 3.507e+03
2.376e-01 3.542e+03
2.349e-01 3.624e+03
2.358e-01 3.677e+03
2.373e-01 3.558e+03
2.345e-01 3.639e+03
2.389e-01 3.506e+03
2.355e-01 3.683e+03
2.386e-01 3.543e+03
2.385e-01 3.488e+03
2.368e-01 3.639e+03
2.350e-01 3.674e+03
2.365e-01 3.572e+03
2.388e-01 3.524e+03
2.374e-01 3.620e+03
2.365e-01 3.603e+03
2.357e-01 3.599e+03
2.375e-01 3.556e+03
2.391e-01 3.527e+03
2.349e-01 3.660e+03
2.356e-01 3.664e+03
2.373e-01 3.625e+03
2.385e-01 3.535e+03
2.348e-01 3.645e+03
2.362e-01 3.617e+03
2.356e-01 3.640e+03
2.365e-01 3.635e+03
2.389e-01 3.510e+03
2.390e-01 3.551e+03
2.346e-01 3.610e+03
2.375e-01 3.587e+03
2.356e-01 3.640e+03
2.332e-01 3.708e+03
2.346e-01 3.669e+03
2.345e-01 3.667e+03
2.363e-01 3.577e+03
2.364e-01 3.614e+03
2.378e-01 3.518e+03
2.346e-01 3.693e+03
2.361e-01 3.645e+03
2.378e-01 3.612e+03
2.367e-01 3.582e+03
2.380e-01 3.537e+03
2.366e-01 3.645e+03
2.364e-01 3.613e+03
2.329e-01 3.853e+03
2.343e-01 3.669e+03
2.352e-01 3.653e+03
2.335e-01 3.734e+03
2.364e-01 3.662e+03
2.349e-01 3.654e+03
2.390e-01 3.531e+03
2.385e-01 3.575e+03
2.363e-01 3.576e+03
2.361e-01 3.578e+03
2.338e-01 3.650e+03
2.354e-01 3.647e+03
2.373e-01 3.562e+03
2.354e-01 3.630e+03
2.339e-01 3.674e+03
2.374e-01 3.607e+03
2.357e-01 3.686e+03
2.406e-01 3.467e+03
2.354e-01 3.687e+03
2.359e-01 3.538e+03
2.361e-01 3.566e+03
2.369e-01 3.583e+03
2.357e-01 3.621e+03
2.374e-01 3.595e+03
2.380e-01 3.603e+03
2.380e-01 3.615e+03
2.353e-01 3.596e+03
2.354e-01 3.681e+03
2.351e-01 3.708e+03
2.368e-01 3.639e+03
2.376e-01 3.582e+03
2.348e-01 3.677e+03
2.381e-01 3.608e+03
2.356e-01 3.678e+03
2.362e-01 3.621e+03
2.341e-01 3.666e+03
2.354e-01 3.679e+03
2.344e-01 3.588e+03
2.365e-01 3.619e+03
2.361e-01 3.616e+03
2.354e-01 3.668e+03
2.370e-01 3.611e+03
2.347e-01 3.667e+03
2.334e-01 3.818e+03
2.368e-01 3.611e+03
2.371e-01 3.631e+03
2.356e-01 3.610e+03
2.378e-01 3.529e+03
2.382e-01 3.584e+03
2.351e-01 3.695e+03
2.398e-01 3.499e+03
2.353e-01 3.683e+03
2.350e-01 3.666e+03
2.337e-01 3.630e+03
2.363e-01 3.594e+03
2.348e-01 3.657e+03
2.366e-01 3.537e+03
2.331e-01 3.719e+03
2.361e-01 3.605e+03
2.363e-01 3.610e+03
2.384e-01 3.583e+03
2.358e-01 3.638e+03
2.353e-01 3.631e+03
2.359e-01 3.597e+03
2.354e-01 3.639e+03
2.380e-01 3.574e+03
2.357e-01 3.660e+03
2.374e-01 3.627e+03
2.374e-01 3.532e+03
2.354e-01 3.563e+03
2.366e-01 3.588e+03
2.387e-01 3.479e+03
2.357e-01 3.667e+03
2.361e-01 3.690e+03
2.357e-01 3.633e+03
2.366e-01 3.626e+03
2.372e-01 3.588e+03
2.380e-01 3.524e+03
2.330e-01 3.747e+03
2.375e-01 3.593e+03
2.346e-01 3.643e+03
2.375e-01 3.582e+03
2.373e-01 3.605e+03
2.390e-01 3.478e+03
2.352e-01 3.671e+03
2.362e-01 3.543e+03
2.341e-01 3.669e+03
2.376e-01 3.602e+03
2.366e-01 3.656e+03
2.335e-01 3.678e+03
2.368e-01 3.594e+03
2.346e-01 3.649e+03
2.364e-01 3.581e+03
2.337e-01 3.689e+03
2.375e-01 3.604e+03
2.339e-01 3.665e+03
2.390e-01 3.533e+03
2.373e-01 3.601e+03
2.392e-01 3.558e+03
2.345e-01 3.647e+03
2.347e-01 3.734e+03
2.388e-01 3.540e+03
2.379e-01 3.526e+03
2.346e-01 3.687e+03
2.350e-01 3.713e+03
2.342e-01 3.725e+03
2.354e-01 3.717e+03
2.374e-01 3.603e+03
2.376e-01 3.580e+03
2.370e-01 3.512e+03
2.359e-01 3.557e+03
2.333e-01 3.794e+03
2.359e-01 3.584e+03
2.362e-01 3.615e+03
2.352e-01 3.655e+03
2.332e-01 3.731e+03
2.359e-01 3.610e+03
2.377e-01 3.563e+03
2.385e-01 3.506e+03
2.341e-01 3.703e+03
2.366e-01 3.621e+03
2.379e-01 3.593e+03
2.357e-01 3.643e+03
2.373e-01 3.564e+03
2.367e-01 3.601e+03
2.382e-01 3.504e+03
2.333e-01 3.708e+03
2.374e-01 3.625e+03
2.359e-01 3.649e+03
2.365e-01 3.613e+03
2.352e-01 3.702e+03
2.343e-01 3.725e+03
2.369e-01 3.647e+03
2.387e-01 3.554e+03
2.356e-01 3.671e+03
2.359e-01 3.669e+03
2.368e-01 3.585e+03
2.356e-01 3.680e+03
2.361e-01 3.641e+03
2.371e-01 3.555e+03
2.340e-01 3.819e+03
2.370e-01 3.578e+03
2.377e-01 3.611e+03
2.364e-01 3.590e+03
2.348e-01 3.705e+03
2.369e-01 3.649e+03
2.381e-01 3.560e+03
2.361e-01 3.599e+03
2.350e-01 3.642e+03
2.349e-01 3.619e+03
2.327e-01 3.821e+03
2.370e-01 3.517e+03
2.338e-01 3.717e+03
2.351e-01 3.671e+03
2.356e-01 3.652e+03
2.380e-01 3.516e+03
2.365e-01 3.598e+03
2.342e-01 3.654e+03
2.379e-01 3.554e+03
2.347e-01 3.616e+03
2.398e-01 3.501e+03
2.342e-01 3.692e+03
2.374e-01 3.538e+03
2.362e-01 3.595e+03
2.383e-01 3.577e+03
2.390e-01 3.506e+03
2.353e-01 3.620e+03
2.379e-01 3.633e+03
2.350e-01 3.648e+03
2.351e-01 3.668e+03
2.367e-01 3.593e+03
2.343e-01 3.699e+03
2.368e-01 3.648e+03
2.351e-01 3.605e+03
2.367e-01 3.603e+03
2.359e-01 3.636e+03
2.354e-01 3.663e+03
2.353e-01 3.658e+03
2.363e-01 3.615e+03
2.351e-01 3.630e+03
2.368e-01 3.577e+03
2.350e-01 3.690e+03
2.377e-01 3.590e+03
2.375e-01 3.645e+03
2.351e-01 3.680e+03
2.374e-01 3.566e+03
2.358e-01 3.587e+03
2.341e-01 3.628e+03
2.326e-01 3.725e+03
2.344e-01 3.667e+03
2.367e-01 3.601e+03
2.375e-01 3.558e+03
2.357e-01 3.646e+03
2.357e-01 3.620e+03
2.350e-01 3.676e+03
2.349e-01 3.658e+03
2.361e-01 3.610e+03
2.360e-01 3.564e+03
2.363e-01 3.683e+03
2.362e-01 3.631e+03
2.383e-01 3.568e+03
2.346e-01 3.681e+03
2.373e-01 3.614e+03
2.340e-01 3.640e+03
2.385e-01 3.527e+03
2.351e-01 3.620e+03
2.341e-01 3.652e+03
2.363e-01 3.677e+03
2.394e-01 3.566e+03
2.343e-01 3.732e+03
2.379e-01 3.517e+03
2.384e-01 3.562e+03
2.363e-01 3.652e+03
2.356e-01 3.662e+03
2.383e-01 3.530e+03
2.365e-01 3.595e+03
2.386e-01 3.567e+03
2.338e-01 3.707e+03
2.355e-01 3.622e+03
2.346e-01 3.666e+03
2.334e-01 3.716e+03
2.393e-01 3.513e+03
2.346e-01 3.711e+03
2.341e-01 3.670e+03
2.369e-01 3.611e+03
2.358e-01 3.659e+03
2.377e-01 3.546e+03
2.366e-01 3.585e+03
2.378e-01 3.537e+03
2.356e-01 3.679e+03
2.355e-01 3.673e+03
2.373e-01 3.629e+03
2.363e-01 3.637e+03
2.360e-01 3.639e+03
2.358e-01 3.584e+03
2.347e-01 3.667e+03
2.373e-01 3.572e+03
2.377e-01 3.554e+03
2.358e-01 3.569e+03
2.363e-01 3.614e+03
2.344e-01 3.679e+03
2.402e-01 3.502e+03
2.352e-01 3.670e+03
2.388e-01 3.502e+03
2.350e-01 3.672e+03
2.358e-01 3.626e+03
2.333e-01 3.826e+03
2.381e-01 3.495e+03
2.380e-01 3.575e+03
2.349e-01 3.614e+03
2.343e-01 3.728e+03
2.345e-01 3.670e+03
2.374e-01 3.597e+03
2.373e-01 3.565e+03
2.368e-01 3.633e+03
2.345e-01 3.672e+03
2.381e-01 3.548e+03
2.377e-01 3.519e+03
2.362e-01 3.619e+03
2.372e-01 3.591e+03
2.360e-01 3.666e+03
2.355e-01 3.609e+03
2.344e-01 3.648e+03
2.367e-01 3.511e+03
2.362e-01 3.612e+03
2.368e-01 3.599e+03
2.346e-01 3.678e+03
2.364e-01 3.657e+03
2.362e-01 3.615e+03
2.365e-01 3.607e+03
2.356e-01 3.652e+03
2.328e-01 3.760e+03
2.338e-01 3.751e+03
2.362e-01 3.639e+03
2.345e-01 3.674e+03
2.364e-01 3.584e+03
2.361e-01 3.622e+03
2.370e-01 3.573e+03
2.330e-01 3.672e+03
2.372e-01 3.590e+03
2.375e-01 3.591e+03
2.347e-01 3.606e+03
2.351e-01 3.723e+03
2.350e-01 3.671e+03
2.353e-01 3.587e+03
2.356e-01 3.681e+03
2.353e-01 3.687e+03
2.379e-01 3.566e+03
2.349e-01 3.659e+03
2.367e-01 3.574e+03
2.364e-01 3.581e+03
2.342e-01 3.659e+03
2.364e-01 3.594e+03
2.352e-01 3.627e+03
2.340e-01 3.699e+03
2.348e-01 3.575e+03
2.342e-01 3.674e+03
2.346e-01 3.645e+03
2.347e-01 3.692e+03
2.403e-01 3.474e+03
2.345e-01 3.664e+03
2.343e-01 3.670e+03
2.339e-01 3.711e+03
2.370e-01 3.559e+03
2.360e-01 3.600e+03
2.357e-01 3.650e+03
2.357e-01 3.623e+03
2.365e-01 3.591e+03
2.353e-01 3.702e+03
2.350e-01 3.641e+03
2.364e-01 3.661e+03
2.376e-01 3.605e+03
2.332e-01 3.697e+03
2.365e-01 3.633e+03
2.373e-01 3.595e+03
2.360e-01 3.627e+03
2.377e-01 3.524e+03
2.363e-01 3.614e+03
2.383e-01 3.516e+03
2.380e-01 3.601e+03
2.339e-01 3.675e+03
2.333e-01 3.682e+03
2.352e-01 3.653e+03
2.382e-01 3.545e+03
2.375e-01 3.621e+03
2.364e-01 3.625e+03
2.386e-01 3.515e+03
2.389e-01 3.539e+03
2.362e-01 3.634e+03
2.373e-01 3.548e+03
2.387e-01 3.528e+03
2.377e-01 3.580e+03
2.344e-01 3.650e+03
2.369e-01 3.561e+03
2.361e-01 3.654e+03
2.360e-01 3.622e+03
2.374e-01 3.627e+03
2.344e-01 3.731e+03
2.390e-01 3.517e+03
2.352e-01 3.736e+03
2.352e-01 3.739e+03
2.383e-01 3.576e+03
2.373e-01 3.492e+03
2.382e-01 3.529e+03
2.375e-01 3.537e+03
2.355e-01 3.638e+03
2.339e-01 3.709e+03
2.362e-01 3.677e+03
2.353e-01 3.647e+03
2.355e-01 3.613e+03
2.370e-01 3.588e+03
2.388e-01 3.527e+03
2.356e-01 3.665e+03
2.368e-01 3.656e+03
2.344e-01 3.695e+03
2.362e-01 3.540e+03
2.370e-01 3.575e+03
2.352e-01 3.633e+03
2.379e-01 3.527e+03
2.340e-01 3.721e+03
2.366e-01 3.615e+03
2.396e-01 3.540e+03
2.348e-01 3.653e+03
2.340e-01 3.731e+03
2.366e-01 3.576e+03
2.331e-01 3.754e+03
2.364e-01 3.632e+03
2.367e-01 3.574e+03
2.374e-01 3.633e+03
2.368e-01 3.558e+03
2.369e-01 3.580e+03
2.344e-01 3.647e+03
2.366e-01 3.638e+03
2.352e-01 3.571e+03
2.352e-01 3.670e+03
2.339e-01 3.701e+03
2.356e-01 3.672e+03
2.370e-01 3.667e+03
2.376e-01 3.560e+03
2.369e-01 3.646e+03
2.355e-01 3.600e+03
2.335e-01 3.735e+03
2.364e-01 3.633e+03
2.357e-01 3.692e+03
2.353e-01 3.697e+03
2.350e-01 3.664e+03
2.382e-01 3.521e+03
2.352e-01 3.721e+03
2.364e-01 3.605e+03
2.342e-01 3.667e+03
2.356e-01 3.689e+03
2.364e-01 3.591e+03
2.344e-01 3.662e+03
2.376e-01 3.571e+03
2.374e-01 3.605e+03
2.357e-01 3.593e+03
2.372e-01 3.610e+03
2.328e-01 3.763e+03
2.373e-01 3.557e+03
2.369e-01 3.566e+03
2.346e-01 3.619e+03
2.380e-01 3.585e+03
2.352e-01 3.596e+03
2.368e-01 3.553e+03
2.358e-01 3.621e+03
2.342e-01 3.642e+03
2.370e-01 3.539e+03
2.368e-01 3.543e+03
2.366e-01 3.566e+03
2.377e-01 3.562e+03
2.374e-01 3.621e+03
2.348e-01 3.650e+03
2.369e-01 3.567e+03
2.341e-01 3.662e+03
2.388e-01 3.464e+03
2.348e-01 3.668e+03
2.361e-01 3.604e+03
2.355e-01 3.680e+03
2.361e-01 3.664e+03
2.365e-01 3.616e+03
2.346e-01 3.650e+03
2.377e-01 3.558e+03
2.358e-01 3.648e+03
2.386e-01 3.573e+03
2.357e-01 3.591e+03
2.378e-01 3.550e+03
2.367e-01 3.615e+03
2.358e-01 3.622e+03
2.373e-01 3.646e+03
2.354e-01 3.636e+03
2.339e-01 3.648e+03
2.346e-01 3.672e+03
2.371e-01 3.572e+03
2.363e-01 3.625e+03
2.372e-01 3.516e+03
2.362e-01 3.629e+03
2.352e-01 3.684e+03
2.380e-01 3.542e+03
2.392e-01 3.485e+03
2.341e-01 3.689e+03
2.396e-01 3.581e+03
2.368e-01 3.592e+03
2.368e-01 3.618e+03
2.357e-01 3.669e+03
2.341e-01 3.690e+03
2.353e-01 3.708e+03
2.377e-01 3.593e+03
2.340e-01 3.672e+03
2.403e-01 3.472e+03
2.355e-01 3.638e+03
2.369e-01 3.632e+03
2.383e-01 3.623e+03
2.352e-01 3.637e+03
2.369e-01 3.607e+03
2.354e-01 3.683e+03
2.377e-01 3.568e+03
2.372e-01 3.595e+03
2.383e-01 3.538e+03
2.367e-01 3.665e+03
2.379e-01 3.607e+03
2.375e-01 3.608e+03
2.355e-01 3.651e+03
2.374e-01 3.556e+03
2.367e-01 3.645e+03
2.349e-01 3.625e+03
2.349e-01 3.646e+03
2.374e-01 3.547e+03
2.368e-01 3.654e+03
2.382e-01 3.564e+03
2.345e-01 3.689e+03
2.349e-01 3.610e+03
2.329e-01 3.743e+03
2.372e-01 3.565e+03
2.369e-01 3.605e+03
2.355e-01 3.681e+03
2.335e-01 3.697e+03
2.367e-01 3.616e+03
2.364e-01 3.610e+03
2.349e-01 3.688e+03
2.355e-01 3.698e+03
2.355e-01 3.659e+03
2.377e-01 3.565e+03
2.366e-01 3.675e+03
2.370e-01 3.607e+03
2.358e-01 3.683e+03
2.365e-01 3.617e+03
2.395e-01 3.501e+03
2.377e-01 3.562e+03
2.387e-01 3.539e+03
2.359e-01 3.584e+03
2.351e-01 3.686e+03
2.341e-01 3.685e+03
2.370e-01 3.615e+03
2.347e-01 3.625e+03
2.347e-01 3.695e+03
2.366e-01 3.590e+03
2.363e-01 3.583e+03
2.344e-01 3.699e+03
2.347e-01 3.649e+03
2.350e-01 3.588e+03
2.370e-01 3.533e+03
2.399e-01 3.530e+03
2.319e-01 3.813e+03
2.372e-01 3.602e+03
2.360e-01 3.577e+03
2.354e-01 3.657e+03
2.352e-01 3.624e+03
2.360e-01 3.610e+03
2.359e-01 3.627e+03
2.375e-01 3.568e+03
2.340e-01 3.629e+03
2.378e-01 3.542e+03
2.373e-01 3.557e+03
2.370e-01 3.577e+03
2.370e-01 3.585e+03
2.367e-01 3.663e+03
2.351e-01 3.615e+03
2.341e-01 3.734e+03
2.375e-01 3.620e+03
2.377e-01 3.538e+03
2.363e-01 3.600e+03
2.380e-01 3.624e+03
2.381e-01 3.543e+03
2.339e-01 3.767e+03
2.370e-01 3.576e+03
2.358e-01 3.653e+03
2.352e-01 3.654e+03
2.373e-01 3.570e+03
2.351e-01 3.674e+03
2.363e-01 3.550e+03
2.359e-01 3.591e+03
2.356e-01 3.621e+03
2.327e-01 3.703e+03
2.367e-01 3.598e+03
2.364e-01 3.624e+03
2.394e-01 3.480e+03
2.346e-01 3.651e+03
2.361e-01 3.617e+03
2.369e-01 3.623e+03
2.360e-01 3.601e+03
2.385e-01 3.556e+03
2.346e-01 3.649e+03
2.353e-01 3.647e+03
2.361e-01 3.581e+03
2.359e-01 3.602e+03
2.337e-01 3.695e+03
2.358e-01 3.607e+03
2.366e-01 3.613e+03
2.358e-01 3.603e+03
2.364e-01 3.618e+03
2.321e-01 3.781e+03
2.350e-01 3.701e+03
2.354e-01 3.596e+03
2.355e-01 3.613e+03
2.359e-01 3.628e+03
2.362e-01 3.662e+03
2.345e-01 3.681e+03
2.365e-01 3.598e+03
2.359e-01 3.673e+03
2.368e-01 3.618e+03
2.367e-01 3.588e+03
2.359e-01 3.619e+03
2.356e-01 3.689e+03
2.360e-01 3.648e+03
2.377e-01 3.521e+03
2.340e-01 3.626e+03
2.382e-01 3.532e+03
2.377e-01 3.596e+03
2.369e-01 3.611e+03
2.353e-01 3.668e+03
2.366e-01 3.542e+03
2.399e-01 3.444e+03
2.355e-01 3.663e+03
2.354e-01 3.599e+03
2.338e-01 3.749e+03
2.338e-01 3.718e+03
2.363e-01 3.593e+03
2.359e-01 3.652e+03
2.372e-01 3.541e+03
2.329e-01 3.683e+03
2.366e-01 3.592e+03
2.373e-01 3.585e+03
2.338e-01 3.706e+03
2.363e-01 3.643e+03
2.353e-01 3.546e+03
2.382e-01 3.461e+03
2.347e-01 3.608e+03
2.360e-01 3.552e+03
2.376e-01 3.530e+03
2.366e-01 3.608e+03
2.348e-01 3.681e+03
2.348e-01 3.683e+03
2.372e-01 3.600e+03
2.353e-01 3.617e+03
2.376e-01 3.589e+03
2.361e-01 3.627e+03
2.339e-01 3.696e+03
2.359e-01 3.685e+03
2.337e-01 3.648e+03
2.376e-01 3.633e+03
2.379e-01 3.525e+03
2.367e-01 3.604e+03
2.354e-01 3.701e+03
2.356e-01 3.641e+03
2.343e-01 3.678e+03
2.373e-01 3.569e+03
2.350e-01 3.589e+03
2.365e-01 3.622e+03
2.377e-01 3.570e+03
2.377e-01 3.583e+03
2.355e-01 3.651e+03
2.357e-01 3.595e+03
2.364e-01 3.573e+03
2.362e-01 3.620e+03
2.347e-01 3.664e+03
2.363e-01 3.596e+03
2.331e-01 3.707e+03
2.332e-01 3.704e+03
2.352e-01 3.625e+03
2.368e-01 3.598e+03
2.375e-01 3.526e+03
2.362e-01 3.651e+03
2.339e-01 3.665e+03
2.359e-01 3.592e+03
2.353e-01 3.656e+03
2.358e-01 3.652e+03
2.378e-01 3.606e+03
2.338e-01 3.671e+03
2.361e-01 3.579e+03
2.363e-01 3.615e+03
2.359e-01 3.603e+03
2.376e-01 3.565e+03
2.371e-01 3.610e+03
2.373e-01 3.647e+03
2.358e-01 3.583e+03
2.362e-01 3.623e+03
2.369e-01 3.588e+03
2.339e-01 3.684e+03
2.348e-01 3.691e+03
2.375e-01 3.567e+03
2.381e-01 3.601e+03
2.360e-01 3.591e+03
2.349e-01 3.696e+03
2.367e-01 3.609e+03
2.368e-01 3.593e+03
2.350e-01 3.674e+03
2.374e-01 3.596e+03
2.380e-01 3.515e+03
2.357e-01 3.669e+03
2.374e-01 3.576e+03
2.364e-01 3.644e+03
2.349e-01 3.665e+03
2.360e-01 3.589e+03
2.377e-01 3.577e+03
2.383e-01 3.506e+03
2.355e-01 3.668e+03
2.368e-01 3.612e+03
2.335e-01 3.645e+03
2.337e-01 3.762e+03
2.331e-01 3.699e+03
2.363e-01 3.655e+03
2.349e-01 3.730e+03
2.349e-01 3.647e+03
2.373e-01 3.575e+03
2.349e-01 3.636e+03
2.349e-01 3.602e+03
2.345e-01 3.712e+03
2.339e-01 3.741e+03
2.367e-01 3.608e+03
2.376e-01 3.562e+03
2.356e-01 3.600e+03
2.352e-01 3.622e+03
2.360e-01 3.662e+03
2.368e-01 3.583e+03
2.370e-01 3.592e+03
2.377e-01 3.565e+03
2.395e-01 3.544e+03
2.340e-01 3.671e+03
2.371e-01 3.552e+03
2.360e-01 3.614e+03
2.363e-01 3.625e+03
2.374e-01 3.579e+03
2.328e-01 3.686e+03
2.345e-01 3.693e+03
2.354e-01 3.630e+03
2.382e-01 3.510e+03
2.352e-01 3.653e+03
2.371e-01 3.668e+03
2.391e-01 3.510e+03
2.359e-01 3.633e+03
2.359e-01 3.636e+03
2.344e-01 3.610e+03
2.376e-01 3.552e+03
2.401e-01 3.486e+03
2.360e-01 3.660e+03
2.349e-01 3.647e+03
2.371e-01 3.639e+03
2.375e-01 3.599e+03
2.370e-01 3.657e+03
2.361e-01 3.630e+03
2.365e-01 3.582e+03
2.362e-01 3.593e+03
2.362e-01 3.615e+03
2.354e-01 3.641e+03
2.369e-01 3.559e+03
2.374e-01 3.562e+03
2.351e-01 3.681e+03
2.353e-01 3.631e+03
2.349e-01 3.633e+03
2.346e-01 3.692e+03
2.354e-01 3.606e+03
2.369e-01 3.651e+03
2.342e-01 3.700e+03
2.387e-01 3.561e+03
2.362e-01 3.608e+03
2.375e-01 3.605e+03
2.364e-01 3.630e+03
2.384e-01 3.560e+03
2.360e-01 3.662e+03
2.362e-01 3.642e+03
2.367e-01 3.616e+03
2.367e-01 3.543e+03
2.338e-01 3.739e+03
2.341e-01 3.727e+03
2.335e-01 3.711e+03
2.376e-01 3.612e+03
2.329e-01 3.705e+03
2.367e-01 3.592e+03
2.387e-01 3.482e+03
2.359e-01 3.570e+03
2.366e-01 3.578e+03
2.370e-01 3.588e+03
2.375e-01 3.587e+03
2.368e-01 3.618e+03
2.368e-01 3.601e+03
2.366e-01 3.612e+03
2.385e-01 3.530e+03
2.358e-01 3.568e+03
2.383e-01 3.533e+03
2.347e-01 3.603e+03
2.361e-01 3.629e+03
2.357e-01 3.604e+03
2.393e-01 3.584e+03
2.378e-01 3.556e+03
2.372e-01 3.601e+03
2.336e-01 3.716e+03
2.343e-01 3.725e+03
2.341e-01 3.656e+03
2.352e-01 3.654e+03
2.347e-01 3.664e+03
2.348e-01 3.662e+03
2.363e-01 3.636e+03
2.368e-01 3.603e+03
2.362e-01 3.592e+03
2.381e-01 3.587e+03
2.377e-01 3.553e+03
2.365e-01 3.617e+03
2.360e-01 3.573e+03
2.370e-01 3.577e+03
2.338e-01 3.682e+03
2.388e-01 3.525e+03
2.370e-01 3.600e+03
2.359e-01 3.606e+03
2.347e-01 3.702e+03
2.395e-01 3.516e+03
2.387e-01 3.544e+03
2.371e-01 3.591e+03
2.364e-01 3.561e+03
2.347e-01 3.723e+03
2.371e-01 3.583e+03
2.352e-01 3.604e+03
2.359e-01 3.621e+03
2.382e-01 3.528e+03
2.373e-01 3.548e+03
2.387e-01 3.509e+03
2.362e-01 3.571e+03
2.348e-01 3.671e+03
2.373e-01 3.635e+03
2.337e-01 3.732e+03
2.372e-01 3.563e+03
2.366e-01 3.611e+03
2.355e-01 3.659e+03
2.349e-01 3.703e+03
2.338e-01 3.684e+03
2.363e-01 3.594e+03
2.378e-01 3.610e+03
2.353e-01 3.655e+03
2.382e-01 3.561e+03
2.358e-01 3.595e+03
2.349e-01 3.662e+03
2.348e-01 3.652e+03
2.348e-01 3.683e+03
2.366e-01 3.604e+03
2.335e-01 3.721e+03
2.369e-01 3.609e+03
2.352e-01 3.644e+03
2.344e-01 3.694e+03
2.364e-01 3.595e+03
2.351e-01 3.646e+03
2.383e-01 3.562e+03
2.370e-01 3.633e+03
2.370e-01 3.586e+03
2.375e-01 3.628e+03
2.367e-01 3.607e+03
2.369e-01 3.572e+03
2.385e-01 3.521e+03
2.333e-01 3.725e+03
2.366e-01 3.633e+03
2.354e-01 3.605e+03
2.369e-01 3.621e+03
2.327e-01 3.749e+03
2.353e-01 3.600e+03
2.381e-01 3.529e+03
2.357e-01 3.625e+03
2.340e-01 3.674e+03
2.357e-01 3.724e+03
2.357e-01 3.692e+03
2.356e-01 3.591e+03
2.366e-01 3.578e+03
2.338e-01 3.693e+03
2.352e-01 3.637e+03
2.383e-01 3.536e+03
2.356e-01 3.621e+03
2.364e-01 3.658e+03
2.362e-01 3.598e+03
2.367e-01 3.588e+03
2.391e-01 3.509e+03
2.373e-01 3.644e+03
2.344e-01 3.685e+03
2.351e-01 3.625e+03
2.318e-01 3.794e+03
2.366e-01 3.622e+03
2.380e-01 3.545e+03
2.343e-01 3.680e+03
2.360e-01 3.636e+03
2.361e-01 3.581e+03
2.372e-01 3.607e+03
2.366e-01 3.590e+03
2.362e-01 3.641e+03
2.349e-01 3.697e+03
2.354e-01 3.668e+03
2.382e-01 3.534e+03
2.373e-01 3.582e+03
2.376e-01 3.544e+03
2.367e-01 3.589e+03
2.366e-01 3.583e+03
2.357e-01 3.633e+03
2.351e-01 3.643e+03
2.324e-01 3.779e+03
2.350e-01 3.630e+03
2.346e-01 3.676e+03
2.366e-01 3.624e+03
2.371e-01 3.570e+03
2.365e-01 3.617e+03
2.356e-01 3.616e+03
2.349e-01 3.675e+03
2.362e-01 3.608e+03
2.352e-01 3.696e+03
2.360e-01 3.628e+03
2.354e-01 3.631e+03
2.368e-01 3.620e+03
2.348e-01 3.668e+03
2.350e-01 3.699e+03
2.347e-01 3.708e+03
2.358e-01 3.613e+03
2.353e-01 3.672e+03
2.334e-01 3.694e+03
2.343e-01 3.663e+03
2.367e-01 3.634e+03
2.360e-01 3.643e+03
2.339e-01 3.692e+03
2.366e-01 3.614e+03
2.357e-01 3.590e+03
2.365e-01 3.583e+03
2.370e-01 3.588e+03
2.362e-01 3.635e+03
2.380e-01 3.578e+03
2.361e-01 3.663e+03
2.358e-01 3.672e+03
2.339e-01 3.680e+03
2.338e-01 3.741e+03
2.359e-01 3.605e+03
2.355e-01 3.597e+03
2.374e-01 3.523e+03
2.371e-01 3.599e+03
2.358e-01 3.630e+03
2.368e-01 3.580e+03
2.376e-01 3.554e+03
2.362e-01 3.602e+03
2.373e-01 3.470e+03
2.354e-01 3.627e+03
2.372e-01 3.553e+03
2.382e-01 3.561e+03
2.385e-01 3.513e+03
2.356e-01 3.652e+03
2.358e-01 3.623e+03
2.363e-01 3.646e+03
2.354e-01 3.641e+03
2.366e-01 3.593e+03
2.362e-01 3.553e+03
2.356e-01 3.694e+03
2.348e-01 3.690e+03
2.407e-01 3.428e+03
2.359e-01 3.619e+03
2.363e-01 3.628e+03
2.352e-01 3.649e+03
2.363e-01 3.616e+03
2.346e-01 3.681e+03
2.358e-01 3.600e+03
2.352e-01 3.686e+03
2.365e-01 3.619e+03
2.379e-01 3.591e+03
2.378e-01 3.544e+03
2.387e-01 3.564e+03
2.345e-01 3.686e+03
2.335e-01 3.684e+03
2.346e-01 3.700e+03
2.365e-01 3.569e+03
2.343e-01 3.728e+03
2.341e-01 3.695e+03
2.365e-01 3.676e+03
2.367e-01 3.586e+03
2.370e-01 3.606e+03
2.374e-01 3.596e+03
2.358e-01 3.623e+03
2.356e-01 3.663e+03
2.372e-01 3.599e+03
2.371e-01 3.648e+03
2.347e-01 3.698e+03
2.337e-01 3.714e+03
2.375e-01 3.550e+03
2.376e-01 3.519e+03
2.358e-01 3.601e+03
2.357e-01 3.639e+03
2.369e-01 3.568e+03
2.354e-01 3.688e+03
2.374e-01 3.507e+03
2.367e-01 3.634e+03
2.381e-01 3.575e+03
2.370e-01 3.561e+03
2.361e-01 3.618e+03
2.361e-01 3.620e+03
2.351e-01 3.664e+03
2.352e-01 3.640e+03
2.383e-01 3.531e+03
2.385e-01 3.600e+03
2.371e-01 3.623e+03
2.366e-01 3.595e+03
2.351e-01 3.611e+03
2.365e-01 3.611e+03
2.343e-01 3.712e+03
2.360e-01 3.685e+03
2.361e-01 3.589e+03
2.378e-01 3.567e+03
2.364e-01 3.576e+03
2.362e-01 3.591e+03
2.342e-01 3.710e+03
2.361e-01 3.618e+03
2.345e-01 3.608e+03
2.356e-01 3.623e+03
2.343e-01 3.693e+03
2.368e-01 3.588e+03
2.364e-01 3.620e+03
2.368e-01 3.623e+03
2.331e-01 3.759e+03
2.356e-01 3.671e+03
2.344e-01 3.694e+03
2.356e-01 3.627e+03
2.386e-01 3.541e+03
2.358e-01 3.571e+03
2.375e-01 3.569e+03
2.366e-01 3.529e+03
2.374e-01 3.598e+03
2.345e-01 3.628e+03
2.379e-01 3.490e+03
2.383e-01 3.616e+03
2.381e-01 3.547e+03
2.372e-01 3.546e+03
2.362e-01 3.588e+03
2.339e-01 3.738e+03
2.357e-01 3.604e+03
2.365e-01 3.628e+03
2.350e-01 3.645e+03
2.338e-01 3.680e+03
2.338e-01 3.663e+03
2.348e-01 3.704e+03
2.346e-01 3.747e+03
2.356e-01 3.587e+03
2.368e-01 3.677e+03
2.376e-01 3.543e+03
2.371e-01 3.648e+03
2.386e-01 3.614e+03
2.354e-01 3.656e+03
2.361e-01 3.601e+03
2.359e-01 3.640e+03
2.340e-01 3.690e+03
2.371e-01 3.633e+03
2.387e-01 3.504e+03
2.358e-01 3.588e+03
2.371e-01 3.569e+03
2.357e-01 3.679e+03
2.329e-01 3.755e+03
2.371e-01 3.541e+03
2.358e-01 3.663e+03
2.352e-01 3.600e+03
2.365e-01 3.563e+03
2.353e-01 3.627e+03
2.380e-01 3.561e+03
2.363e-01 3.590e+03
2.384e-01 3.575e+03
2.345e-01 3.636e+03
2.350e-01 3.649e+03
2.351e-01 3.655e+03
2.394e-01 3.548e+03
2.363e-01 3.570e+03
2.390e-01 3.569e+03
2.347e-01 3.654e+03
2.353e-01 3.622e+03
2.361e-01 3.555e+03
2.343e-01 3.695e+03
2.380e-01 3.574e+03
2.367e-01 3.622e+03
2.358e-01 3.658e+03
2.382e-01 3.541e+03
2.364e-01 3.617e+03
2.356e-01 3.655e+03
2.352e-01 3.660e+03
2.368e-01 3.614e+03
2.351e-01 3.680e+03
2.333e-01 3.737e+03
2.371e-01 3.569e+03
2.325e-01 3.756e+03
2.373e-01 3.625e+03
2.338e-01 3.687e+03
2.358e-01 3.634e+03
2.380e-01 3.580e+03
2.380e-01 3.583e+03
2.336e-01 3.746e+03
2.328e-01 3.722e+03
2.328e-01 3.752e+03
2.373e-01 3.570e+03
2.341e-01 3.680e+03
2.350e-01 3.656e+03
2.326e-01 3.806e+03
2.344e-01 3.661e+03
2.353e-01 3.590e+03
2.366e-01 3.611e+03
2.358e-01 3.716e+03
2.354e-01 3.623e+03
2.366e-01 3.565e+03
2.397e-01 3.503e+03
2.374e-01 3.619e+03
2.378e-01 3.561e+03
2.382e-01 3.518e+03
2.349e-01 3.662e+03
2.364e-01 3.618e+03
2.397e-01 3.519e+03
2.378e-01 3.638e+03
2.361e-01 3.579e+03
2.373e-01 3.613e+03
2.357e-01 3.634e+03
2.340e-01 3.645e+03
2.371e-01 3.527e+03
2.348e-01 3.692e+03
2.345e-01 3.661e+03
2.381e-01 3.580e+03
2.340e-01 3.670e+03
2.354e-01 3.675e+03
2.378e-01 3.539e+03
2.361e-01 3.647e+03
2.356e-01 3.647e+03
2.342e-01 3.711e+03
2.344e-01 3.658e+03
2.355e-01 3.642e+03
2.373e-01 3.614e+03
2.362e-01 3.565e+03
2.362e-01 3.692e+03
2.378e-01 3.547e+03
2.359e-01 3.627e+03
2.377e-01 3.605e+03
2.344e-01 3.723e+03
2.363e-01 3.652e+03
2.336e-01 3.693e+03
2.350e-01 3.646e+03
2.366e-01 3.611e+03
2.375e-01 3.608e+03
2.349e-01 3.707e+03
2.355e-01 3.597e+03
2.385e-01 3.504e+03
2.378e-01 3.601e+03
2.371e-01 3.598e+03
2.378e-01 3.623e+03
2.349e-01 3.704e+03
2.368e-01 3.605e+03
2.368e-01 3.622e+03
2.339e-01 3.695e+03
2.376e-01 3.522e+03
2.363e-01 3.622e+03
2.366e-01 3.576e+03
2.329e-01 3.727e+03
2.361e-01 3.591e+03
2.357e-01 3.617e+03
2.372e-01 3.602e+03
2.334e-01 3.715e+03
2.355e-01 3.681e+03
2.347e-01 3.686e+03
2.359e-01 3.639e+03
2.375e-01 3.554e+03
2.370e-01 3.612e+03
2.348e-01 3.642e+03
2.360e-01 3.651e+03
2.351e-01 3.643e+03
2.345e-01 3.681e+03
2.374e-01 3.542e+03
2.360e-01 3.633e+03
2.374e-01 3.568e+03
2.351e-01 3.694e+03
2.376e-01 3.596e+03
2.348e-01 3.718e+03
2.355e-01 3.663e+03
2.338e-01 3.718e+03
2.355e-01 3.640e+03
2.344e-01 3.697e+03
2.367e-01 3.521e+03
2.367e-01 3.640e+03
2.384e-01 3.489e+03
2.362e-01 3.554e+03
2.365e-01 3.537e+03
2.345e-01 3.693e+03
2.346e-01 3.703e+03
2.335e-01 3.725e+03
2.365e-01 3.603e+03
2.323e-01 3.700e+03
2.372e-01 3.567e+03
2.369e-01 3.614e+03
2.332e-01 3.696e+03
2.336e-01 3.720e+03
2.361e-01 3.628e+03
2.340e-01 3.709e+03
2.351e-01 3.670e+03
2.358e-01 3.586e+03
2.371e-01 3.537e+03
2.359e-01 3.659e+03
2.345e-01 3.638e+03
2.362e-01 3.639e+03
2.367e-01 3.599e+03
2.347e-01 3.605e+03
2.365e-01 3.589e+03
2.329e-01 3.719e+03
2.356e-01 3.641e+03
2.352e-01 3.606e+03
2.362e-01 3.591e+03
2.378e-01 3.598e+03
2.361e-01 3.553e+03
2.352e-01 3.655e+03
2.357e-01 3.653e+03
2.352e-01 3.676e+03
2.360e-01 3.634e+03
2.373e-01 3.614e+03
2.368e-01 3.597e+03
2.346e-01 3.623e+03
2.382e-01 3.512e+03
2.354e-01 3.717e+03
2.386e-01 3.578e+03
2.344e-01 3.720e+03
2.332e-01 3.677e+03
2.355e-01 3.658e+03
2.344e-01 3.669e+03
2.372e-01 3.592e+03
2.364e-01 3.646e+03
2.371e-01 3.585e+03
2.360e-01 3.661e+03
2.378e-01 3.567e+03
2.383e-01 3.502e+03
2.374e-01 3.594e+03
2.321e-01 3.786e+03
2.360e-01 3.566e+03
2.356e-01 3.651e+03
2.367e-01 3.595e+03
2.338e-01 3.669e+03
2.364e-01 3.640e+03
2.388e-01 3.489e+03
2.385e-01 3.577e+03
2.366e-01 3.650e+03
2.340e-01 3.731e+03
2.363e-01 3.626e+03
2.364e-01 3.558e+03
2.347e-01 3.689e+03
2.354e-01 3.673e+03
2.352e-01 3.698e+03
2.370e-01 3.598e+03
2.370e-01 3.591e+03
2.334e-01 3.769e+03
2.360e-01 3.657e+03
2.352e-01 3.633e+03
2.380e-01 3.557e+03
2.353e-01 3.651e+03
2.380e-01 3.580e+03
2.350e-01 3.634e+03
2.352e-01 3.657e+03
2.372e-01 3.592e+03
2.395e-01 3.483e+03
2.373e-01 3.568e+03
2.380e-01 3.592e+03
2.367e-01 3.558e+03
2.364e-01 3.602e+03
2.362e-01 3.586e+03
2.344e-01 3.727e+03
2.387e-01 3.545e+03
2.349e-01 3.651e+03
2.356e-01 3.623e+03
2.366e-01 3.651e+03
2.353e-01 3.629e+03
2.340e-01 3.728e+03
2.368e-01 3.581e+03
2.365e-01 3.674e+03
2.358e-01 3.618e+03
2.372e-01 3.565e+03
2.368e-01 3.616e+03
2.344e-01 3.674e+03
2.352e-01 3.648e+03
2.375e-01 3.583e+03
2.345e-01 3.579e+03
2.386e-01 3.562e+03
2.392e-01 3.456e+03
2.349e-01 3.683e+03
2.346e-01 3.697e+03
2.384e-01 3.535e+03
2.370e-01 3.649e+03
2.354e-01 3.720e+03
2.364e-01 3.604e+03
2.370e-01 3.580e+03
2.350e-01 3.682e+03
2.340e-01 3.702e+03
2.366e-01 3.583e+03
2.360e-01 3.648e+03
2.348e-01 3.614e+03
2.336e-01 3.710e+03
2.380e-01 3.555e+03
2.363e-01 3.592e+03
2.353e-01 3.710e+03
2.366e-01 3.606e+03
2.349e-01 3.708e+03
2.372e-01 3.605e+03
2.383e-01 3.564e+03
2.354e-01 3.698e+03
2.378e-01 3.569e+03
2.348e-01 3.718e+03
2.352e-01 3.659e+03
2.360e-01 3.617e+03
2.342e-01 3.694e+03
2.381e-01 3.536e+03
2.374e-01 3.573e+03
2.352e-01 3.617e+03
2.346e-01 3.719e+03
2.355e-01 3.612e+03
2.389e-01 3.528e+03
2.368e-01 3.579e+03
2.377e-01 3.513e+03
2.356e-01 3.601e+03
2.348e-01 3.644e+03
2.358e-01 3.654e+03
2.343e-01 3.712e+03
2.354e-01 3.660e+03
2.343e-01 3.647e+03
2.357e-01 3.572e+03
2.380e-01 3.558e+03
2.341e-01 3.696e+03
2.378e-01 3.510e+03
2.363e-01 3.614e+03
2.358e-01 3.629e+03
2.362e-01 3.568e+03
