1.127e-01 1.706e+05
1.638e-01 1.690e+05
1.331e-01 1.672e+05
9.395e-02 1.707e+05
1.554e-01 1.738e+05
1.527e-01 1.687e+05
5.073e-06 6.558e+04
8.591e-02 1.738e+05
1.049e-01 1.706e+05
3.073e-01 1.657e+05
1.961e-01 1.672e+05
1.298e-01 1.697e+05
1.651e-01 1.644e+05
1.096e-01 1.691e+05
3.839e-01 1.065e+05
2.159e-01 1.730e+05
1.351e-01 1.681e+05
3.651e-01 1.641e+05
1.258e-01 1.739e+05
1.232e-05 2.223e+04
8.816e-02 1.726e+05
1.413e-01 1.725e+05
5.603e-06 3.208e+04
1.252e-01 1.710e+05
2.430e-01 1.645e+05
3.696e-01 1.668e+05
1.300e-01 1.676e+05
1.485e-01 1.663e+05
6.697e-07 3.737e+04
1.552e-01 1.681e+05
6.785e-02 1.705e+05
3.463e-01 1.652e+05
1.213e-01 1.692e+05
1.305e-01 1.678e+05
9.830e-02 1.674e+05
1.884e-01 1.676e+05
8.810e-02 1.619e+05
2.245e-01 1.669e+05
9.391e-02 1.707e+05
1.052e-01 1.662e+05
8.619e-06 1.328e+05
3.683e-01 1.637e+05
1.275e-01 1.666e+05
1.568e-01 1.734e+05
1.633e-01 1.680e+05
1.922e-01 1.583e+05
9.078e-02 1.734e+05
2.727e-01 1.518e+05
1.522e-01 1.680e+05
1.062e-01 1.690e+05
3.789e-01 1.690e+05
1.860e-01 1.723e+05
1.194e-05 6.362e+03
1.507e-01 1.703e+05
2.495e-01 1.624e+05
1.655e-01 1.710e+05
2.701e-01 1.495e+05
8.556e-06 2.217e+04
1.510e-01 1.672e+05
9.354e-02 1.725e+05
1.859e-06 7.383e+03
2.188e-01 1.676e+05
9.105e-02 1.725e+05
2.455e-01 1.732e+05
3.377e-01 1.710e+05
5.628e-01 1.662e+05
1.989e-01 1.716e+05
2.193e-01 1.655e+05
2.346e-01 1.653e+05
9.585e-02 1.713e+05
5.208e-01 1.710e+05
2.128e-01 1.657e+05
1.357e-01 1.684e+05
1.211e-01 1.681e+05
1.160e-05 8.543e+03
1.492e-01 1.695e+05
1.191e-01 1.710e+05
2.614e-01 1.703e+05
1.378e-05 1.516e+04
2.037e-01 1.662e+05
9.646e-02 1.725e+05
2.561e-01 1.661e+05
1.738e-01 1.679e+05
8.535e-02 1.733e+05
1.101e-01 1.601e+05
1.743e-01 1.732e+05
1.422e-05 2.978e+04
1.994e-01 1.671e+05
3.842e-01 1.712e+05
2.169e-06 1.493e+04
1.864e-01 1.507e+05
1.580e-01 1.666e+05
1.512e-01 1.687e+05
1.486e-01 1.677e+05
1.832e-01 1.651e+05
3.470e-01 1.680e+05
1.281e-01 1.687e+05
4.314e-01 1.662e+05
5.308e-01 1.043e+05
1.059e-01 1.664e+05
1.928e-01 1.682e+05
8.167e-02 1.716e+05
8.690e-02 1.679e+05
1.625e-01 1.671e+05
2.256e-05 1.176e+04
4.123e-06 5.100e+04
1.454e-01 1.676e+05
9.789e-02 1.712e+05
3.941e-06 2.671e+04
1.259e-01 1.651e+05
2.494e-01 1.642e+05
1.328e-01 1.725e+05
3.014e-01 1.619e+05
1.231e-01 1.681e+05
2.727e-01 1.621e+05
3.434e-01 1.686e+05
5.691e-01 1.041e+05
2.355e-01 1.677e+05
2.204e-01 1.689e+05
1.823e-01 1.634e+05
2.653e-01 1.662e+05
3.720e-01 1.311e+05
1.308e-06 2.430e+04
9.582e-02 1.711e+05
1.247e-01 1.689e+05
1.731e-01 1.690e+05
2.081e-06 1.998e+04
3.044e-01 1.503e+05
2.197e-01 1.632e+05
2.032e-01 1.719e+05
1.279e-01 1.674e+05
1.028e-05 1.277e+04
2.037e-01 1.670e+05
3.097e-01 1.661e+05
6.433e-06 2.314e+04
2.775e-01 1.620e+05
3.920e-01 1.656e+05
1.596e-01 1.685e+05
1.057e-01 1.683e+05
9.156e-02 1.734e+05
8.415e-02 1.724e+05
1.550e-01 1.683e+05
2.430e-01 1.700e+05
1.342e-01 1.671e+05
1.548e-01 1.669e+05
1.044e-01 1.706e+05
2.180e-05 1.673e+04
9.140e-02 1.715e+05
1.525e-01 1.670e+05
1.214e-01 1.687e+05
1.565e-01 1.647e+05
1.466e-01 1.676e+05
1.488e-01 1.681e+05
1.368e-01 1.699e+05
8.056e-02 1.723e+05
1.342e-01 1.728e+05
1.866e-01 1.680e+05
9.022e-02 1.717e+05
9.309e-02 1.715e+05
1.827e-01 1.662e+05
1.255e-01 1.664e+05
1.455e-01 1.667e+05
1.121e-01 1.721e+05
1.805e-01 1.662e+05
1.304e-01 1.723e+05
5.196e-01 1.470e+05
2.859e-01 1.251e+05
1.454e-01 1.692e+05
1.431e-01 1.681e+05
8.707e-06 4.992e+04
9.513e-02 1.710e+05
4.439e-06 9.886e+03
4.732e-01 1.708e+05
4.094e-01 9.876e+04
8.660e-02 1.724e+05
1.276e-01 1.675e+05
1.494e-01 1.748e+05
1.715e-01 1.682e+05
3.516e-01 1.624e+05
8.726e-06 2.971e+03
1.528e-01 1.677e+05
9.709e-02 1.702e+05
2.042e-01 1.693e+05
1.846e-01 1.681e+05
1.452e-01 1.661e+05
1.677e-06 2.177e+04
2.614e-01 1.717e+05
8.759e-02 1.708e+05
1.009e-01 1.703e+05
2.609e-01 1.675e+05
1.714e-05 6.877e+03
1.593e-05 1.149e+04
8.530e-02 1.725e+05
2.434e-01 1.666e+05
6.291e-06 3.387e+04
1.736e-01 1.660e+05
1.228e-01 1.741e+05
2.432e-01 1.667e+05
3.178e-01 1.665e+05
2.027e-01 1.682e+05
1.330e-01 1.682e+05
1.681e-01 1.666e+05
2.863e-01 1.641e+05
2.083e-01 1.643e+05
1.646e-01 1.680e+05
4.171e-01 9.290e+04
1.939e-01 1.659e+05
6.157e-06 5.191e+03
1.313e-01 1.680e+05
1.862e-01 1.665e+05
2.846e-01 1.644e+05
1.934e-01 1.637e+05
1.855e-01 1.662e+05
8.689e-02 1.701e+05
2.049e-01 1.709e+05
1.964e-01 1.647e+05
1.815e-01 1.660e+05
9.817e-07 2.633e+04
1.861e-01 1.662e+05
1.466e-01 1.657e+05
2.101e-01 1.675e+05
2.703e-01 1.676e+05
7.746e-02 1.739e+05
2.371e-01 1.670e+05
1.111e-01 1.687e+05
1.966e-01 1.697e+05
1.319e-01 1.658e+05
3.338e-01 1.653e+05
1.090e-01 1.682e+05
1.288e-01 1.683e+05
3.693e-01 1.659e+05
1.123e-01 1.756e+05
1.495e-01 1.657e+05
3.552e-01 1.354e+05
1.052e-01 1.499e+05
1.699e-01 1.648e+05
3.442e-01 1.642e+05
1.521e-01 1.656e+05
1.270e-01 1.696e+05
1.303e-01 1.670e+05
1.293e-01 1.686e+05
2.098e-01 1.709e+05
3.304e-06 4.191e+03
2.725e-01 1.648e+05
4.078e-01 1.652e+05
1.230e-01 1.675e+05
8.323e-02 1.709e+05
2.005e-01 1.651e+05
2.883e-01 1.713e+05
2.079e-01 1.659e+05
1.865e-01 1.714e+05
4.242e-01 1.110e+05
1.598e-01 1.672e+05
3.442e-01 1.639e+05
7.193e-06 1.269e+04
1.396e-01 1.673e+05
2.406e-01 1.657e+05
7.741e-06 4.109e+04
1.430e-01 1.643e+05
4.038e-01 1.673e+05
5.626e-06 2.432e+04
4.113e-01 1.647e+05
1.999e-01 1.644e+05
2.824e-01 1.623e+05
1.340e-01 1.685e+05
1.596e-01 1.678e+05
1.451e-01 1.675e+05
1.432e-01 1.682e+05
2.620e-01 1.724e+05
2.291e-01 1.727e+05
1.898e-01 1.669e+05
1.379e-01 1.673e+05
9.931e-02 1.505e+05
1.203e-01 1.694e+05
1.016e-04 5.325e+04
4.265e-01 1.681e+05
1.907e-01 1.675e+05
8.958e-06 1.878e+04
1.877e-01 1.650e+05
1.010e-01 1.711e+05
1.147e-01 1.691e+05
1.308e-01 1.724e+05
3.169e-01 1.276e+05
1.141e-01 1.672e+05
3.635e-01 1.613e+05
3.851e-01 1.716e+05
1.063e-01 1.738e+05
2.075e-01 1.665e+05
2.403e-01 1.668e+05
1.939e-01 1.699e+05
3.412e-01 1.674e+05
1.697e-05 3.382e+04
1.118e-01 1.698e+05
9.321e-02 1.757e+05
2.695e-01 1.628e+05
9.255e-06 1.158e+04
1.744e-01 1.646e+05
1.061e-01 1.708e+05
5.374e-01 1.628e+05
1.286e-01 1.688e+05
8.750e-02 1.750e+05
2.545e-01 1.658e+05
3.714e-01 1.700e+05
1.801e-01 1.673e+05
1.307e-01 1.706e+05
1.048e-01 1.726e+05
2.514e-01 1.652e+05
9.211e-02 1.720e+05
1.581e-05 9.260e+04
3.444e-01 1.641e+05
2.872e-01 1.707e+05
1.534e-01 1.691e+05
1.920e-01 1.736e+05
1.169e-01 1.657e+05
1.006e-01 1.701e+05
2.657e-01 1.507e+05
3.547e-01 1.638e+05
1.418e-01 1.669e+05
1.885e-01 1.654e+05
1.387e-01 1.671e+05
3.452e-01 1.616e+05
3.023e-01 1.643e+05
2.824e-01 1.640e+05
1.667e-01 1.717e+05
1.508e-01 1.649e+05
1.116e-01 1.685e+05
9.709e-02 1.748e+05
9.457e-02 1.712e+05
2.365e-05 4.516e+04
3.157e-01 1.642e+05
1.820e-01 1.688e+05
2.117e-01 1.679e+05
5.623e-06 2.905e+04
9.055e-02 1.713e+05
1.299e-01 1.708e+05
1.024e-01 1.726e+05
9.312e-02 1.708e+05
1.300e-01 1.699e+05
9.551e-02 1.739e+05
1.902e-01 1.687e+05
8.787e-02 1.712e+05
1.207e-01 1.684e+05
2.927e-01 1.657e+05
2.805e-01 1.686e+05
2.021e-01 1.720e+05
7.976e-02 1.735e+05
1.554e-01 1.665e+05
2.383e-01 1.516e+05
1.852e-01 1.681e+05
3.293e-01 1.657e+05
4.735e-01 9.497e+04
1.635e-01 1.679e+05
1.859e-01 1.674e+05
4.200e-06 5.745e+03
1.515e-01 1.706e+05
1.325e-05 2.368e+04
4.366e-01 9.566e+04
1.412e-01 1.683e+05
1.680e-01 1.659e+05
1.407e-01 1.692e+05
1.394e-06 2.517e+04
3.152e-01 1.696e+05
1.584e-01 1.668e+05
2.568e-06 2.778e+04
1.857e-01 1.659e+05
1.703e-01 1.659e+05
2.848e-01 1.648e+05
4.691e-01 1.671e+05
5.945e-01 1.029e+05
1.279e-01 1.683e+05
1.524e-01 1.626e+05
7.818e-02 1.716e+05
1.314e-01 1.723e+05
1.426e-01 1.694e+05
1.242e-01 1.750e+05
1.906e-01 1.655e+05
3.706e-01 1.645e+05
1.870e-01 1.679e+05
2.506e-01 1.698e+05
2.274e-01 1.643e+05
3.183e-01 1.722e+05
3.034e-01 1.230e+05
1.369e-01 1.712e+05
6.573e-06 1.728e+04
1.090e-01 1.705e+05
1.100e-01 1.700e+05
2.139e-06 2.297e+04
1.831e-01 1.688e+05
1.533e-01 1.664e+05
8.258e-02 1.752e+05
1.414e-01 1.682e+05
8.830e-06 3.817e+04
1.470e-01 1.680e+05
2.417e-01 1.720e+05
1.168e-01 1.693e+05
1.337e-01 1.684e+05
1.264e-01 1.672e+05
2.007e-01 1.636e+05
4.454e-01 1.630e+05
2.608e-01 1.698e+05
9.048e-02 1.741e+05
7.793e-02 1.722e+05
1.166e-05 4.137e+04
1.511e-01 1.682e+05
1.593e-01 1.671e+05
2.090e-01 1.641e+05
2.205e-01 1.667e+05
3.315e-01 1.604e+05
1.069e-01 1.648e+05
2.125e-01 1.670e+05
2.895e-06 3.086e+04
3.263e-01 1.338e+05
2.173e-01 1.658e+05
1.688e-01 1.662e+05
2.745e-01 1.625e+05
1.297e-05 1.707e+04
1.299e-01 1.684e+05
4.230e-08 6.453e+03
4.758e-01 1.578e+05
1.289e-01 1.705e+05
1.601e-01 1.671e+05
8.862e-02 1.696e+05
3.035e-06 9.596e+04
2.059e-01 1.659e+05
7.726e-02 1.711e+05
1.581e-01 1.691e+05
1.902e-01 1.679e+05
1.071e-01 1.701e+05
1.616e-01 1.648e+05
1.058e-01 1.704e+05
3.029e-01 1.717e+05
1.345e-06 8.966e+02
2.610e-01 1.649e+05
1.038e-01 1.707e+05
1.872e-01 1.697e+05
1.203e-01 1.710e+05
1.123e-06 2.098e+04
1.205e-06 3.390e+04
6.955e-07 6.517e+04
4.230e-01 1.708e+05
8.579e-07 8.615e+03
1.404e-01 1.686e+05
5.022e-01 1.495e+05
2.747e-01 1.705e+05
2.279e-01 1.719e+05
1.635e-01 1.655e+05
7.621e-02 1.735e+05
1.805e-01 1.677e+05
1.343e-01 1.716e+05
9.858e-02 1.710e+05
2.197e-01 1.652e+05
1.710e-01 1.666e+05
3.681e-01 1.653e+05
2.393e-01 1.705e+05
1.490e-01 1.727e+05
6.626e-06 7.166e+03
4.176e-01 1.300e+05
2.394e-01 1.642e+05
1.600e-01 1.677e+05
1.716e-06 6.851e+03
3.995e-01 1.649e+05
6.803e-02 1.725e+05
6.778e-02 1.733e+05
3.989e-01 1.601e+05
3.073e-01 1.657e+05
1.646e-01 1.673e+05
2.358e-01 1.637e+05
1.719e-01 1.656e+05
1.163e-01 1.677e+05
2.054e-01 1.669e+05
2.063e-05 2.689e+04
8.154e-06 2.248e+04
1.489e-01 1.665e+05
1.258e-01 1.754e+05
1.984e-01 1.671e+05
1.312e-01 1.710e+05
8.660e-02 1.726e+05
9.535e-02 1.727e+05
1.783e-01 1.661e+05
1.640e-01 1.695e+05
1.293e-01 1.686e+05
1.029e-01 1.734e+05
6.873e-07 1.877e+04
1.331e-01 1.676e+05
4.378e-01 1.640e+05
5.114e-01 1.509e+05
1.024e-01 1.654e+05
8.346e-02 1.735e+05
1.003e-01 1.694e+05
1.030e-01 1.715e+05
1.418e-01 1.687e+05
2.239e-01 1.670e+05
1.653e-01 1.732e+05
2.166e-01 1.604e+05
3.113e-01 1.086e+05
2.903e-01 1.670e+05
1.929e-01 1.671e+05
1.185e-01 1.689e+05
2.038e-01 1.655e+05
1.077e-01 1.737e+05
6.644e-06 2.946e+03
4.990e-06 1.081e+04
2.322e-01 1.661e+05
1.076e-01 1.731e+05
1.165e-01 1.695e+05
9.807e-02 1.725e+05
3.366e-06 4.258e+03
2.391e-06 5.704e+04
1.321e-01 1.692e+05
1.547e-01 1.679e+05
1.621e-01 1.637e+05
4.580e-01 1.647e+05
5.524e-01 1.377e+05
9.166e-02 1.697e+05
3.587e-01 1.446e+05
3.241e-01 1.636e+05
1.063e-01 1.721e+05
1.278e-01 1.668e+05
1.443e-01 1.667e+05
2.338e-06 3.111e+04
1.233e-01 1.660e+05
3.401e-06 3.153e+04
3.322e-01 1.634e+05
1.524e-01 1.653e+05
1.234e-01 1.675e+05
1.637e-01 1.722e+05
8.885e-02 1.714e+05
1.885e-01 1.649e+05
1.950e-01 1.686e+05
1.372e-01 1.684e+05
1.698e-06 2.629e+04
1.513e-01 1.666e+05
1.314e-01 1.678e+05
1.101e-01 1.713e+05
2.079e-01 1.680e+05
2.718e-01 1.657e+05
2.216e-01 1.671e+05
1.526e-07 1.524e+04
2.356e-01 1.645e+05
1.415e-01 1.648e+05
1.420e-01 1.695e+05
2.303e-01 1.663e+05
1.274e-01 1.722e+05
1.365e-01 1.705e+05
1.514e-01 1.669e+05
4.320e-06 4.027e+04
1.051e-01 1.697e+05
1.268e-06 4.351e+04
8.918e-02 1.640e+05
1.893e-01 1.706e+05
7.925e-02 1.728e+05
1.086e-01 1.692e+05
1.165e-01 1.732e+05
1.719e-01 1.685e+05
1.899e-01 1.633e+05
1.441e-01 1.690e+05
1.178e-01 1.700e+05
1.183e-01 1.744e+05
1.273e-01 1.728e+05
1.774e-01 1.677e+05
1.389e-01 1.675e+05
1.510e-01 1.726e+05
1.424e-01 1.672e+05
1.411e-01 1.679e+05
1.474e-01 1.672e+05
1.096e-01 1.718e+05
2.072e-01 1.666e+05
1.753e-01 1.710e+05
1.364e-01 1.748e+05
8.444e-02 1.678e+05
2.184e-06 9.325e+02
1.118e-06 6.201e+04
1.221e-05 5.509e+04
1.291e-01 1.670e+05
1.329e-01 1.748e+05
3.488e-01 1.708e+05
9.178e-02 1.632e+05
1.954e-01 1.676e+05
1.567e-01 1.666e+05
2.101e-01 1.693e+05
4.436e-01 9.525e+04
1.141e-05 1.162e+04
4.187e-01 1.653e+05
8.836e-02 1.648e+05
1.156e-01 1.676e+05
7.950e-02 1.722e+05
2.606e-01 1.630e+05
3.048e-01 1.662e+05
2.444e-01 1.708e+05
1.403e-01 1.667e+05
3.353e-01 1.213e+05
1.731e-01 1.663e+05
1.418e-01 1.701e+05
1.297e-01 1.680e+05
1.209e-01 1.666e+05
1.333e-01 1.728e+05
1.011e-01 1.684e+05
1.988e-01 1.653e+05
1.814e-01 1.688e+05
4.464e-01 1.352e+05
9.569e-02 1.717e+05
5.954e-06 8.642e+03
4.046e-06 1.591e+04
1.990e-01 1.669e+05
4.108e-01 1.039e+05
5.688e-02 1.675e+05
1.189e-01 1.699e+05
2.017e-01 1.673e+05
1.749e-01 1.678e+05
1.470e-01 1.676e+05
1.967e-01 1.668e+05
7.072e-02 1.726e+05
7.102e-02 1.726e+05
1.909e-01 1.690e+05
7.335e-06 2.189e+04
1.654e-01 1.659e+05
9.871e-02 1.728e+05
1.006e-05 1.452e+03
1.295e-01 1.746e+05
1.891e-01 1.553e+05
1.592e-01 1.654e+05
9.753e-02 1.722e+05
2.003e-01 1.633e+05
9.659e-06 1.233e+04
8.849e-02 1.715e+05
1.416e-01 1.698e+05
4.209e-01 1.624e+05
8.377e-02 1.731e+05
9.066e-02 1.694e+05
2.231e-01 1.714e+05
1.832e-01 1.661e+05
2.211e-01 1.647e+05
1.038e-01 1.718e+05
2.742e-01 1.661e+05
5.037e-02 1.619e+05
1.338e-01 1.705e+05
2.951e-01 1.636e+05
8.836e-02 1.732e+05
3.247e-01 1.635e+05
1.423e-01 1.648e+05
1.436e-01 1.646e+05
1.080e-01 1.752e+05
3.814e-01 1.648e+05
1.136e-01 1.665e+05
2.561e-06 6.540e+03
1.846e-01 1.722e+05
2.403e-01 1.669e+05
1.107e-01 1.739e+05
2.757e-01 1.684e+05
1.274e-01 1.698e+05
2.255e-01 1.550e+05
1.186e-01 1.690e+05
8.891e-02 1.742e+05
9.420e-06 1.364e+04
3.681e-01 1.632e+05
3.083e-01 1.641e+05
6.408e-06 3.956e+04
2.579e-07 8.806e+03
1.093e-01 1.691e+05
2.033e-01 1.657e+05
2.260e-01 1.648e+05
9.136e-02 1.656e+05
1.705e-06 3.699e+04
9.328e-02 1.758e+05
1.377e-01 1.742e+05
1.515e-01 1.684e+05
3.717e-01 1.646e+05
3.154e-01 1.363e+05
3.277e-01 1.369e+05
7.746e-02 1.738e+05
1.856e-01 1.679e+05
2.936e-01 1.710e+05
9.471e-02 1.728e+05
2.359e-01 1.638e+05
2.981e-01 1.642e+05
2.475e-01 1.617e+05
1.823e-01 1.661e+05
2.704e-06 7.419e+03
6.387e-06 1.768e+04
3.923e-01 1.431e+05
1.373e-01 1.647e+05
2.840e-01 1.677e+05
9.929e-02 1.748e+05
1.992e-01 1.684e+05
1.331e-01 1.687e+05
2.496e-05 5.552e+04
9.580e-02 1.679e+05
1.381e-01 1.679e+05
7.731e-02 1.702e+05
2.967e-01 1.629e+05
3.392e-01 1.665e+05
1.080e-01 1.695e+05
1.445e-01 1.683e+05
1.833e-01 1.668e+05
2.681e-01 1.707e+05
7.550e-02 1.493e+05
1.033e-01 1.749e+05
2.639e-01 1.671e+05
2.775e-01 1.649e+05
1.662e-01 1.655e+05
1.520e-01 1.684e+05
1.094e-01 1.710e+05
1.738e-01 1.676e+05
1.883e-01 1.736e+05
1.550e-01 1.576e+05
4.593e-01 1.682e+05
2.279e-01 1.707e+05
2.887e-01 1.668e+05
1.488e-01 1.675e+05
2.331e-01 1.664e+05
1.212e-01 1.695e+05
3.109e-01 1.688e+05
3.868e-01 1.351e+05
1.599e-01 1.661e+05
2.289e-01 1.720e+05
9.254e-02 1.724e+05
9.617e-02 1.717e+05
1.981e-05 3.805e+04
4.572e-06 3.438e+04
1.543e-01 1.660e+05
1.566e-01 1.671e+05
9.778e-02 1.687e+05
1.876e-01 1.681e+05
1.432e-01 1.684e+05
6.277e-06 9.486e+03
2.571e-01 1.641e+05
1.239e-01 1.669e+05
2.941e-01 1.634e+05
1.949e-01 1.689e+05
6.657e-07 1.464e+04
1.447e-01 1.698e+05
1.689e-01 1.715e+05
1.434e-01 1.690e+05
9.499e-02 1.728e+05
5.538e-01 1.264e+05
2.276e-01 1.572e+05
1.480e-06 2.747e+04
5.625e-01 1.668e+05
1.350e-01 1.645e+05
5.311e-01 1.392e+05
1.058e-01 1.690e+05
4.415e-01 1.078e+05
9.935e-02 1.713e+05
1.555e-01 1.668e+05
1.376e-01 1.676e+05
9.611e-02 1.734e+05
1.277e-01 1.746e+05
2.597e-01 1.629e+05
1.713e-01 1.667e+05
1.155e-01 1.692e+05
1.579e-01 1.672e+05
1.891e-06 1.354e+04
1.874e-01 1.701e+05
1.499e-01 1.685e+05
4.877e-01 1.552e+05
3.119e-01 1.640e+05
1.351e-01 1.676e+05
1.485e-01 1.684e+05
1.553e-01 1.664e+05
2.009e-01 1.644e+05
1.651e-01 1.659e+05
3.701e-01 1.625e+05
2.257e-01 1.681e+05
2.856e-01 1.658e+05
1.519e-01 1.663e+05
1.543e-01 1.653e+05
1.695e-01 1.669e+05
1.671e-01 1.673e+05
1.552e-01 1.670e+05
1.006e-01 1.736e+05
1.377e-01 1.681e+05
2.067e-01 1.674e+05
1.887e-01 1.651e+05
1.015e-01 1.732e+05
7.512e-02 1.745e+05
4.155e-06 5.395e+04
1.022e-01 1.724e+05
1.067e-01 1.727e+05
1.241e-01 1.699e+05
8.563e-06 8.600e+04
1.869e-01 1.664e+05
9.165e-02 1.740e+05
3.422e-06 1.278e+04
4.459e-06 6.772e+03
1.030e-01 1.743e+05
1.619e-01 1.704e+05
1.567e-01 1.678e+05
4.468e-01 1.456e+05
2.055e-06 3.173e+04
1.671e-01 1.657e+05
1.390e-01 1.678e+05
1.105e-01 1.684e+05
1.445e-01 1.713e+05
4.777e-01 1.705e+05
1.322e-01 1.739e+05
3.407e-06 2.554e+04
8.240e-02 1.743e+05
5.697e-06 1.601e+04
2.126e-01 1.676e+05
1.253e-01 1.670e+05
1.138e-01 1.669e+05
1.412e-01 1.674e+05
2.956e-07 1.983e+04
2.845e-01 1.720e+05
1.181e-01 1.748e+05
1.095e-01 1.697e+05
2.123e-01 1.642e+05
3.388e-01 1.610e+05
4.029e-01 1.650e+05
9.323e-07 6.884e+04
8.093e-06 2.281e+04
1.303e-01 1.684e+05
4.998e-06 5.414e+04
8.245e-02 1.659e+05
1.721e-01 1.661e+05
1.919e-01 1.667e+05
4.376e-01 1.410e+05
1.630e-01 1.661e+05
9.018e-02 1.679e+05
4.208e-01 1.696e+05
1.167e-01 1.457e+05
8.139e-02 1.730e+05
1.012e-01 1.710e+05
7.407e-02 1.661e+05
4.098e-08 1.999e+04
1.364e-01 1.692e+05
1.503e-01 1.674e+05
1.368e-01 1.715e+05
1.258e-01 1.695e+05
1.457e-01 1.717e+05
1.051e-01 1.702e+05
5.255e-06 4.512e+03
1.270e-01 1.691e+05
1.665e-01 1.676e+05
2.463e-01 1.670e+05
3.254e-01 1.652e+05
1.541e-01 1.680e+05
2.354e-01 1.578e+05
8.190e-02 1.580e+05
1.067e-01 1.722e+05
1.931e-01 1.658e+05
1.028e-01 1.673e+05
1.109e-01 1.669e+05
1.341e-01 1.675e+05
2.700e-01 1.699e+05
1.018e-01 1.713e+05
1.253e-01 1.683e+05
3.176e-01 1.687e+05
1.523e-01 1.644e+05
1.544e-01 1.659e+05
1.182e-01 1.674e+05
1.331e-01 1.687e+05
1.405e-01 1.726e+05
1.294e-01 1.686e+05
1.443e-01 1.683e+05
1.416e-01 1.671e+05
1.712e-01 1.652e+05
1.033e-01 1.731e+05
1.772e-01 1.672e+05
2.111e-06 3.533e+04
8.468e-02 1.740e+05
7.602e-02 1.732e+05
1.003e-06 3.220e+04
1.540e-01 1.653e+05
1.300e-01 1.680e+05
1.980e-01 1.664e+05
3.310e-07 1.025e+04
1.793e-01 1.728e+05
1.180e-01 1.749e+05
2.282e-05 8.332e+04
1.554e-05 2.915e+04
2.497e-01 1.706e+05
3.788e-01 1.402e+05
6.241e-07 1.005e+04
2.454e-01 1.649e+05
1.109e-01 1.738e+05
5.072e-01 1.630e+05
2.215e-06 2.754e+04
1.045e-01 1.692e+05
2.409e-01 1.650e+05
2.462e-01 1.638e+05
3.074e-01 1.659e+05
8.329e-02 1.716e+05
1.489e-01 1.740e+05
1.961e-01 1.738e+05
1.367e-01 1.717e+05
3.018e-01 1.675e+05
1.823e-01 1.695e+05
2.274e-01 1.661e+05
5.084e-06 8.328e+04
1.694e-01 1.664e+05
2.408e-01 1.653e+05
3.784e-06 2.862e+04
1.320e-01 1.699e+05
2.728e-01 1.712e+05
3.689e-06 6.361e+03
2.289e-01 1.647e+05
1.860e-06 1.349e+04
1.725e-08 3.645e+04
1.085e-01 1.698e+05
1.476e-01 1.677e+05
6.709e-06 5.245e+04
1.805e-01 1.737e+05
2.004e-01 1.679e+05
2.080e-01 1.650e+05
1.848e-01 1.660e+05
2.983e-01 1.635e+05
1.279e-01 1.728e+05
1.723e-01 1.664e+05
1.165e-01 1.692e+05
1.252e-01 1.698e+05
1.443e-01 1.664e+05
3.435e-06 2.547e+03
1.040e-01 1.661e+05
1.081e-01 1.704e+05
2.034e-01 1.617e+05
6.910e-06 2.065e+04
2.440e-01 1.674e+05
3.229e-06 3.225e+04
2.203e-01 1.679e+05
1.662e-01 1.712e+05
1.327e-01 1.672e+05
1.485e-01 1.680e+05
3.490e-01 1.695e+05
1.075e-01 1.659e+05
4.164e-01 1.639e+05
1.227e-01 1.697e+05
5.091e-01 1.333e+05
1.535e-01 1.727e+05
5.191e-06 4.254e+04
1.396e-01 1.683e+05
1.095e-01 1.706e+05
1.434e-01 1.693e+05
1.309e-01 1.676e+05
1.587e-01 1.671e+05
2.060e-01 1.705e+05
9.488e-02 1.707e+05
1.321e-01 1.666e+05
1.547e-01 1.647e+05
1.948e-01 1.654e+05
1.620e-01 1.691e+05
9.706e-02 1.731e+05
1.102e-01 1.675e+05
9.528e-02 1.709e+05
1.759e-01 1.683e+05
1.976e-01 1.672e+05
1.694e-01 1.678e+05
7.664e-02 1.752e+05
1.052e-01 1.723e+05
1.904e-01 1.658e+05
9.797e-02 1.744e+05
3.682e-01 1.709e+05
1.247e-01 1.676e+05
1.473e-01 1.653e+05
1.812e-01 1.678e+05
3.651e-01 1.485e+05
1.128e-01 1.723e+05
1.303e-01 1.679e+05
4.025e-01 1.355e+05
2.387e-06 2.944e+04
1.168e-01 1.703e+05
2.286e-01 1.717e+05
1.847e-01 1.644e+05
2.687e-01 1.647e+05
9.291e-02 1.722e+05
1.312e-01 1.685e+05
1.660e-01 1.684e+05
1.809e-01 1.708e+05
2.567e-01 1.671e+05
1.710e-01 1.666e+05
1.496e-01 1.695e+05
1.885e-01 1.653e+05
1.311e-01 1.659e+05
4.764e-06 2.305e+04
3.328e-01 1.657e+05
1.508e-01 1.723e+05
1.658e-01 1.695e+05
1.843e-01 1.679e+05
1.505e-01 1.664e+05
3.583e-06 1.642e+04
1.746e-01 1.664e+05
1.888e-01 1.660e+05
3.443e-01 1.493e+05
5.779e-06 5.333e+03
2.130e-01 1.654e+05
7.593e-02 1.703e+05
1.739e-01 1.674e+05
1.480e-01 1.661e+05
2.162e-01 1.653e+05
1.337e-01 1.697e+05
4.800e-01 1.700e+05
1.458e-01 1.705e+05
1.021e-01 1.684e+05
1.694e-01 1.661e+05
1.368e-01 1.706e+05
1.175e-01 1.731e+05
2.047e-01 1.653e+05
1.140e-01 1.680e+05
1.288e-06 1.959e+04
8.030e-02 1.729e+05
1.469e-01 1.626e+05
1.535e-01 1.644e+05
1.631e-01 1.650e+05
3.336e-06 2.782e+04
1.407e-01 1.699e+05
2.296e-05 1.652e+04
9.686e-02 1.715e+05
1.388e-01 1.704e+05
1.515e-05 4.347e+03
1.490e-07 7.609e+04
2.628e-01 1.653e+05
5.973e-02 1.473e+05
2.626e-01 1.667e+05
1.355e-01 1.681e+05
2.781e-01 1.229e+05
2.361e-01 1.668e+05
1.886e-01 1.691e+05
2.939e-06 4.592e+03
9.238e-02 1.707e+05
1.593e-01 1.736e+05
2.240e-01 1.681e+05
2.093e-01 1.693e+05
1.033e-01 1.689e+05
1.180e-01 1.753e+05
2.571e-01 1.396e+05
1.085e-01 1.495e+05
1.750e-05 3.534e+04
1.192e-01 1.669e+05
1.485e-01 1.678e+05
1.516e-01 1.685e+05
1.471e-01 1.699e+05
1.841e-01 1.638e+05
4.937e-06 3.929e+04
1.031e-01 1.762e+05
1.707e-01 1.666e+05
2.054e-01 1.642e+05
2.867e-01 1.706e+05
1.706e-01 1.670e+05
4.395e-01 1.640e+05
8.043e-02 1.742e+05
2.176e-01 1.652e+05
2.075e-06 2.193e+04
9.560e-02 1.734e+05
3.475e-01 1.648e+05
1.137e-01 1.716e+05
1.823e-01 1.717e+05
2.935e-07 3.067e+03
1.632e-01 1.666e+05
1.695e-01 1.672e+05
1.124e-01 1.734e+05
9.298e-06 1.463e+04
1.325e-01 1.659e+05
2.444e-01 1.660e+05
2.322e-01 1.641e+05
3.228e-06 1.221e+04
4.752e-01 1.280e+05
1.056e-01 1.742e+05
1.002e-01 1.645e+05
1.178e-01 1.690e+05
9.730e-02 1.716e+05
7.375e-06 3.593e+04
1.357e-01 1.685e+05
9.372e-02 1.754e+05
4.214e-01 1.676e+05
9.853e-02 1.751e+05
1.250e-01 1.714e+05
1.164e-01 1.721e+05
1.401e-01 1.642e+05
1.430e-01 1.673e+05
8.946e-02 1.647e+05
8.970e-02 1.746e+05
1.378e-01 1.690e+05
1.690e-01 1.663e+05
1.949e-01 1.675e+05
1.006e-01 1.734e+05
3.350e-01 1.688e+05
5.669e-01 1.249e+05
1.274e-06 1.423e+04
1.034e-01 1.680e+05
1.882e-01 1.644e+05
9.982e-02 1.695e+05
1.531e-01 1.719e+05
1.819e-01 1.679e+05
1.190e-01 1.685e+05
1.872e-01 1.656e+05
5.201e-07 1.518e+04
1.933e-01 1.540e+05
1.096e-01 1.696e+05
3.027e-01 1.651e+05
2.394e-01 1.664e+05
1.305e-01 1.696e+05
1.813e-01 1.705e+05
1.876e-01 1.733e+05
1.096e-01 1.693e+05
9.229e-02 1.681e+05
4.240e-01 1.281e+05
1.173e-01 1.718e+05
2.711e-01 1.674e+05
1.613e-01 1.688e+05
1.532e-01 1.728e+05
1.671e-01 1.671e+05
3.601e-01 1.211e+05
2.262e-01 1.632e+05
2.056e-01 1.682e+05
1.421e-01 1.655e+05
2.274e-01 1.631e+05
9.679e-02 1.704e+05
1.614e-01 1.691e+05
1.586e-01 1.681e+05
1.936e-01 1.662e+05
1.144e-01 1.684e+05
1.330e-01 1.656e+05
1.079e-01 1.688e+05
2.142e-06 4.510e+04
1.665e-01 1.674e+05
2.172e-01 1.674e+05
1.464e-01 1.727e+05
3.882e-01 1.645e+05
1.201e-01 1.687e+05
5.276e-06 6.806e+03
1.495e-01 1.693e+05
1.848e-01 1.689e+05
8.242e-02 1.716e+05
1.250e-01 1.714e+05
1.245e-01 1.707e+05
1.007e-01 1.746e+05
1.481e-01 1.681e+05
4.977e-06 1.052e+04
2.470e-01 1.668e+05
1.247e-01 1.614e+05
1.388e-01 1.686e+05
1.107e-01 1.678e+05
1.257e-05 5.959e+03
1.477e-01 1.671e+05
1.295e-01 1.685e+05
1.845e-01 1.699e+05
1.700e-01 1.681e+05
1.648e-01 1.665e+05
5.397e-01 1.177e+05
1.748e-01 1.658e+05
1.624e-01 1.700e+05
1.109e-05 1.165e+04
1.338e-05 5.857e+03
1.564e-01 1.683e+05
2.614e-01 1.337e+05
1.538e-01 1.741e+05
2.045e-01 1.666e+05
1.672e-01 1.671e+05
2.656e-01 1.655e+05
9.999e-02 1.709e+05
1.420e-01 1.653e+05
2.668e-01 1.662e+05
1.830e-01 1.684e+05
1.012e-01 1.689e+05
1.427e-01 1.665e+05
1.122e-01 1.721e+05
1.501e-06 5.489e+04
1.629e-01 1.673e+05
6.558e-07 2.637e+03
1.238e-01 1.687e+05
1.014e-01 1.646e+05
9.004e-06 8.526e+03
1.077e-01 1.693e+05
3.434e-01 1.658e+05
1.440e-01 1.684e+05
2.524e-01 1.666e+05
1.147e-01 1.697e+05
1.465e-01 1.684e+05
1.947e-01 1.635e+05
1.168e-01 1.689e+05
2.016e-01 1.638e+05
1.745e-01 1.641e+05
9.323e-02 1.760e+05
1.512e-01 1.680e+05
2.269e-01 1.718e+05
1.205e-05 6.006e+03
1.920e-01 1.721e+05
1.862e-01 1.665e+05
4.079e-06 2.802e+03
1.040e-01 1.680e+05
2.766e-05 1.093e+04
1.111e-01 1.716e+05
3.384e-01 1.669e+05
1.917e-01 1.656e+05
1.575e-01 1.681e+05
1.905e-01 1.650e+05
1.449e-01 1.735e+05
2.723e-01 1.711e+05
1.014e-01 1.620e+05
1.739e-01 1.395e+05
1.112e-01 1.640e+05
1.739e-01 1.668e+05
1.800e-01 1.666e+05
1.033e-01 1.730e+05
1.187e-01 1.682e+05
8.536e-02 1.727e+05
8.676e-02 1.711e+05
1.286e-01 1.676e+05
5.321e-01 1.281e+05
9.034e-02 1.708e+05
9.309e-02 1.702e+05
1.398e-01 1.724e+05
1.343e-01 1.675e+05
3.135e-01 1.636e+05
3.733e-01 9.104e+04
9.613e-02 1.745e+05
9.692e-02 1.700e+05
1.152e-01 1.740e+05
2.225e-01 1.654e+05
1.895e-01 1.674e+05
1.730e-06 1.238e+04
1.378e-01 1.729e+05
1.702e-01 1.682e+05
1.910e-01 1.693e+05
2.400e-01 1.660e+05
3.270e-01 1.630e+05
1.155e-01 1.739e+05
1.401e-01 1.725e+05
1.365e-01 1.699e+05
1.247e-01 1.686e+05
9.164e-02 1.721e+05
4.479e-01 1.708e+05
1.357e-01 1.694e+05
1.735e-01 1.690e+05
1.403e-01 1.702e+05
1.158e-01 1.731e+05
1.195e-01 1.710e+05
1.596e-01 1.656e+05
1.221e-01 1.705e+05
1.821e-01 1.631e+05
1.255e-01 1.684e+05
3.280e-01 1.641e+05
9.549e-06 4.757e+04
2.194e-01 1.689e+05
7.766e-02 1.739e+05
3.082e-01 1.386e+05
1.602e-01 1.707e+05
1.537e-01 1.707e+05
1.521e-01 1.680e+05
1.887e-01 1.678e+05
1.502e-01 1.669e+05
4.879e-07 1.282e+03
1.637e-01 1.674e+05
9.348e-02 1.732e+05
3.324e-06 1.602e+04
2.459e-01 1.706e+05
9.583e-02 1.760e+05
8.517e-02 1.717e+05
5.293e-06 2.906e+04
1.166e-01 1.749e+05
1.001e-01 1.742e+05
2.270e-01 1.665e+05
1.168e-01 1.685e+05
2.714e-06 3.191e+04
1.633e-01 1.664e+05
1.176e-01 1.705e+05
1.739e-01 1.680e+05
4.137e-06 1.389e+04
1.443e-06 6.442e+03
3.966e-01 1.646e+05
1.074e-01 1.700e+05
1.471e-01 1.723e+05
1.723e-01 1.672e+05
3.252e-06 4.699e+04
3.859e-01 1.678e+05
2.564e-01 1.643e+05
1.103e-01 1.711e+05
1.214e-06 1.803e+04
3.354e-07 5.062e+04
1.199e-01 1.718e+05
2.386e-01 1.671e+05
1.165e-01 1.696e+05
4.272e-01 1.649e+05
2.638e-01 1.631e+05
1.693e-01 1.677e+05
9.995e-02 1.741e+05
1.337e-01 1.626e+05
1.897e-01 1.672e+05
4.260e-01 1.304e+05
1.475e-01 1.681e+05
9.761e-02 1.717e+05
2.113e-01 1.666e+05
3.584e-01 1.649e+05
2.425e-01 1.386e+05
2.228e-01 1.672e+05
5.875e-01 1.037e+05
2.958e-01 1.687e+05
2.179e-01 1.668e+05
1.813e-01 1.654e+05
1.603e-01 1.674e+05
1.347e-01 1.697e+05
2.545e-06 4.721e+03
1.263e-05 9.895e+03
5.120e-01 1.567e+05
1.268e-01 1.686e+05
1.927e-01 1.719e+05
1.683e-01 1.625e+05
1.877e-01 1.650e+05
2.212e-01 1.695e+05
2.070e-01 1.677e+05
2.127e-01 1.695e+05
1.171e-01 1.709e+05
1.626e-01 1.678e+05
3.029e-06 1.156e+04
8.931e-02 1.699e+05
2.948e-01 1.655e+05
1.761e-01 1.676e+05
1.815e-01 1.661e+05
3.423e-01 1.662e+05
1.672e-01 1.705e+05
9.427e-02 1.725e+05
1.506e-01 1.675e+05
5.242e-02 1.501e+05
1.274e-01 1.700e+05
1.087e-01 1.681e+05
1.059e-01 1.702e+05
1.456e-01 1.670e+05
1.538e-06 5.431e+04
1.436e-01 1.744e+05
1.433e-01 1.668e+05
2.352e-01 1.662e+05
1.703e-01 1.668e+05
1.152e-01 1.684e+05
8.183e-02 1.748e+05
1.300e-01 1.662e+05
1.965e-01 1.675e+05
1.066e-01 1.663e+05
1.366e-01 1.683e+05
1.431e-01 1.711e+05
9.393e-02 1.715e+05
1.180e-01 1.713e+05
2.470e-01 1.670e+05
2.195e-01 1.720e+05
1.599e-01 1.690e+05
1.665e-01 1.673e+05
1.631e-01 1.738e+05
7.748e-02 1.727e+05
8.211e-02 1.743e+05
3.423e-01 1.636e+05
5.208e-01 1.626e+05
1.193e-01 1.624e+05
2.250e-01 1.695e+05
4.845e-01 1.504e+05
2.775e-01 1.650e+05
1.110e-01 1.752e+05
8.528e-02 1.762e+05
1.750e-01 1.687e+05
9.951e-02 1.703e+05
3.304e-01 1.635e+05
2.838e-01 1.652e+05
1.245e-06 2.752e+04
7.676e-07 1.141e+04
2.329e-01 1.666e+05
8.779e-02 1.739e+05
9.312e-02 1.729e+05
4.021e-01 1.635e+05
2.163e-01 1.707e+05
2.452e-01 1.712e+05
1.190e-01 1.694e+05
2.570e-01 1.645e+05
1.126e-01 1.713e+05
2.395e-01 1.692e+05
1.543e-01 1.669e+05
1.253e-01 1.683e+05
3.340e-01 1.667e+05
1.082e-01 1.688e+05
1.480e-01 1.682e+05
3.912e-01 1.384e+05
1.424e-01 1.648e+05
2.012e-01 1.679e+05
1.622e-01 1.675e+05
1.237e-01 1.680e+05
8.078e-02 1.727e+05
1.397e-01 1.669e+05
1.369e-01 1.719e+05
4.698e-01 1.512e+05
3.135e-01 1.203e+05
2.468e-01 1.638e+05
1.929e-01 1.722e+05
1.012e-01 1.716e+05
1.954e-01 1.672e+05
2.365e-01 1.644e+05
1.460e-01 1.671e+05
5.813e-01 1.601e+05
1.557e-01 1.697e+05
1.178e-01 1.679e+05
5.590e-06 1.662e+03
1.025e-01 1.706e+05
8.640e-02 1.750e+05
9.474e-07 1.604e+04
2.130e-06 7.654e+03
1.588e-01 1.680e+05
2.206e-01 1.649e+05
1.190e-01 1.685e+05
2.989e-01 1.656e+05
2.838e-01 1.643e+05
1.801e-01 1.671e+05
1.717e-01 1.671e+05
1.419e-01 1.666e+05
9.954e-02 1.734e+05
1.360e-01 1.718e+05
5.221e-06 1.964e+04
3.019e-01 1.388e+05
1.515e-01 1.661e+05
2.009e-01 1.673e+05
4.965e-01 1.530e+05
1.150e-06 1.250e+04
1.419e-01 1.667e+05
1.062e-01 1.734e+05
1.604e-01 1.679e+05
9.723e-06 6.069e+04
2.806e-07 2.489e+04
1.558e-01 1.658e+05
4.086e-01 1.627e+05
1.024e-01 1.699e+05
1.869e-01 1.404e+05
1.233e-01 1.672e+05
1.501e-01 1.662e+05
1.969e-01 1.668e+05
1.098e-01 1.693e+05
1.673e-01 1.686e+05
2.193e-01 1.646e+05
3.155e-01 1.246e+05
1.371e-01 1.682e+05
8.894e-02 1.742e+05
1.337e-01 1.686e+05
4.419e-01 1.314e+05
2.735e-01 1.625e+05
8.266e-02 1.735e+05
1.099e-01 1.701e+05
1.762e-01 1.664e+05
1.840e-06 1.515e+04
2.216e-01 1.361e+05
1.727e-01 1.718e+05
1.470e-01 1.685e+05
1.541e-07 1.769e+04
1.586e-01 1.708e+05
1.633e-01 1.653e+05
1.180e-01 1.740e+05
1.972e-06 4.476e+04
4.337e-06 1.760e+03
1.094e-01 1.691e+05
1.672e-01 1.688e+05
1.255e-01 1.690e+05
7.403e-02 1.681e+05
1.080e-01 1.718e+05
1.105e-01 1.696e+05
7.733e-02 1.694e+05
6.393e-02 1.600e+05
1.102e-01 1.688e+05
4.560e-01 1.108e+05
1.505e-01 1.671e+05
2.264e-01 1.668e+05
1.237e-01 1.692e+05
1.296e-01 1.723e+05
5.575e-01 1.071e+05
1.403e-01 1.681e+05
1.431e-01 1.672e+05
1.715e-01 1.708e+05
5.499e-01 1.402e+05
1.055e-01 1.694e+05
1.778e-01 1.689e+05
2.061e-01 1.669e+05
1.457e-01 1.665e+05
4.767e-01 1.544e+05
8.918e-02 1.748e+05
5.731e-06 4.666e+04
1.113e-01 1.718e+05
1.253e-01 1.676e+05
1.713e-01 1.668e+05
1.657e-01 1.669e+05
2.191e-01 1.708e+05
1.575e-01 1.665e+05
1.732e-01 1.675e+05
1.455e-01 1.673e+05
1.315e-01 1.721e+05
1.624e-01 1.654e+05
4.149e-06 5.662e+04
1.408e-01 1.695e+05
1.077e-01 1.698e+05
1.681e-01 1.669e+05
6.472e-06 5.779e+03
1.547e-01 1.686e+05
2.563e-01 1.637e+05
2.958e-01 1.652e+05
1.873e-01 1.669e+05
3.471e-01 1.631e+05
5.093e-06 1.902e+04
1.733e-01 1.675e+05
3.370e-01 1.685e+05
4.426e-06 3.266e+03
2.768e-01 1.695e+05
2.081e-01 1.647e+05
1.229e-01 1.717e+05
1.515e-01 1.677e+05
1.150e-01 1.701e+05
2.029e-01 1.669e+05
1.037e-01 1.693e+05
1.516e-01 1.694e+05
2.087e-01 1.662e+05
1.749e-01 1.675e+05
1.300e-01 1.699e+05
1.107e-01 1.734e+05
4.602e-01 1.684e+05
2.190e-01 1.654e+05
1.454e-01 1.675e+05
1.675e-01 1.679e+05
5.636e-01 1.239e+05
1.275e-01 1.692e+05
1.249e-01 1.692e+05
1.279e-01 1.691e+05
9.353e-02 1.695e+05
1.877e-01 1.676e+05
4.190e-06 1.678e+04
1.290e-01 1.695e+05
2.099e-01 1.649e+05
2.598e-01 1.729e+05
1.866e-01 1.691e+05
8.843e-07 2.002e+04
1.420e-01 1.662e+05
8.693e-02 1.721e+05
1.344e-01 1.673e+05
1.417e-01 1.688e+05
9.700e-06 2.626e+03
4.172e-01 1.628e+05
2.928e-01 1.663e+05
1.078e-01 1.718e+05
1.744e-01 1.669e+05
1.222e-01 1.724e+05
2.250e-06 9.621e+03
1.191e-01 1.719e+05
1.779e-01 1.652e+05
8.241e-02 1.745e+05
5.179e-01 1.320e+05
1.645e-01 1.679e+05
1.155e-01 1.692e+05
1.709e-01 1.737e+05
1.262e-01 1.688e+05
1.549e-01 1.678e+05
1.139e-01 1.718e+05
1.652e-01 1.659e+05
4.535e-01 1.643e+05
2.162e-01 1.641e+05
1.023e-01 1.603e+05
1.564e-01 1.689e+05
9.872e-02 1.694e+05
1.087e-01 1.753e+05
1.060e-01 1.682e+05
1.260e-01 1.712e+05
7.718e-02 1.691e+05
1.434e-01 1.704e+05
7.297e-06 2.100e+04
9.733e-02 1.669e+05
9.239e-08 5.034e+04
6.316e-06 1.264e+04
1.429e-01 1.648e+05
4.130e-01 1.639e+05
1.985e-01 1.667e+05
1.157e-01 1.713e+05
1.436e-01 1.680e+05
1.254e-01 1.689e+05
1.266e-01 1.702e+05
1.818e-01 1.664e+05
1.743e-01 1.670e+05
1.564e-01 1.681e+05
1.130e-01 1.683e+05
1.980e-01 1.674e+05
2.772e-01 1.631e+05
1.312e-01 1.679e+05
4.035e-01 1.626e+05
1.780e-01 1.684e+05
1.768e-01 1.671e+05
9.558e-02 1.729e+05
3.132e-06 2.838e+04
1.426e-01 1.651e+05
3.116e-01 1.701e+05
8.761e-02 1.743e+05
2.228e-01 1.672e+05
1.286e-01 1.717e+05
1.300e-01 1.681e+05
1.777e-01 1.644e+05
1.428e-01 1.688e+05
1.110e-01 1.710e+05
2.074e-01 1.637e+05
8.132e-02 1.728e+05
1.367e-01 1.660e+05
1.062e-01 1.687e+05
1.553e-01 1.449e+05
1.502e-01 1.682e+05
1.514e-01 1.574e+05
1.545e-01 1.732e+05
1.326e-01 1.722e+05
2.264e-01 1.695e+05
3.942e-01 1.038e+05
8.503e-07 3.920e+04
1.838e-01 1.667e+05
1.733e-01 1.731e+05
1.953e-01 1.682e+05
1.079e-01 1.697e+05
1.189e-05 1.904e+04
1.722e-01 1.723e+05
1.267e-01 1.638e+05
9.705e-02 1.707e+05
1.846e-01 1.725e+05
1.435e-01 1.669e+05
2.994e-06 1.030e+04
2.470e-01 1.634e+05
4.917e-01 1.099e+05
1.420e-01 1.696e+05
2.548e-01 1.680e+05
1.779e-01 1.646e+05
3.529e-01 1.640e+05
1.272e-01 1.686e+05
1.596e-01 1.626e+05
4.796e-01 1.514e+05
2.747e-01 1.708e+05
4.326e-01 1.440e+05
3.818e-01 1.168e+05
4.906e-01 1.649e+05
7.317e-06 2.078e+04
1.258e-01 1.676e+05
9.126e-02 1.723e+05
1.924e-01 1.687e+05
3.117e-01 1.651e+05
2.105e-01 1.671e+05
9.499e-02 1.703e+05
1.137e-07 2.121e+04
1.727e-01 1.682e+05
1.592e-01 1.672e+05
1.653e-01 1.676e+05
1.236e-01 1.696e+05
9.529e-02 1.736e+05
1.580e-01 1.673e+05
1.353e-01 1.677e+05
1.125e-01 1.732e+05
8.045e-02 1.720e+05
1.460e-01 1.699e+05
1.280e-05 4.044e+04
7.743e-06 1.357e+04
2.717e-01 1.650e+05
2.053e-01 1.694e+05
1.505e-01 1.663e+05
2.407e-01 1.620e+05
1.633e-01 1.689e+05
1.593e-01 1.673e+05
9.312e-02 1.731e+05
6.947e-02 1.739e+05
1.643e-01 1.656e+05
1.630e-05 1.045e+04
1.039e-01 1.719e+05
2.628e-01 1.712e+05
1.638e-01 1.705e+05
1.277e-01 1.695e+05
9.434e-02 1.730e+05
2.669e-01 1.632e+05
1.024e-01 1.752e+05
1.529e-01 1.705e+05
1.889e-01 1.637e+05
2.562e-01 1.666e+05
1.617e-01 1.672e+05
1.306e-01 1.738e+05
1.548e-07 4.600e+04
1.441e-01 1.693e+05
4.963e-01 1.661e+05
9.044e-02 1.711e+05
9.955e-02 1.705e+05
1.769e-01 1.736e+05
1.643e-01 1.669e+05
1.643e-01 1.655e+05
1.855e-01 1.678e+05
1.775e-01 1.672e+05
2.119e-01 1.659e+05
1.850e-01 1.650e+05
1.013e-01 1.685e+05
1.870e-01 1.649e+05
1.657e-01 1.676e+05
1.238e-01 1.679e+05
1.088e-01 1.742e+05
8.490e-02 1.723e+05
1.985e-06 1.384e+04
1.044e-01 1.663e+05
5.627e-01 1.179e+05
1.019e-01 1.697e+05
1.306e-01 1.684e+05
9.985e-02 1.705e+05
3.305e-01 1.612e+05
2.485e-01 1.653e+05
8.447e-02 1.713e+05
4.109e-01 1.645e+05
1.718e-01 1.644e+05
4.551e-01 1.118e+05
2.757e-06 1.178e+04
1.635e-01 1.660e+05
2.193e-01 1.654e+05
3.155e-01 1.658e+05
3.740e-06 1.212e+04
1.309e-01 1.678e+05
1.560e-01 1.674e+05
2.414e-01 1.298e+05
3.855e-01 1.596e+05
2.428e-01 1.626e+05
1.064e-01 1.701e+05
2.266e-01 1.653e+05
1.376e-01 1.666e+05
1.590e-01 1.680e+05
9.384e-02 1.704e+05
1.753e-01 1.671e+05
1.555e-01 1.672e+05
2.420e-06 4.928e+03
2.862e-01 1.559e+05
3.134e-07 4.746e+04
1.086e-01 1.697e+05
1.898e-01 1.740e+05
1.129e-06 1.978e+04
3.670e-02 1.599e+05
1.431e-01 1.642e+05
1.124e-01 1.732e+05
1.618e-01 1.648e+05
1.726e-01 1.667e+05
2.764e-01 1.643e+05
7.681e-06 2.460e+04
1.543e-01 1.671e+05
1.723e-01 1.734e+05
1.105e-01 1.696e+05
3.225e-01 1.646e+05
1.094e-01 1.686e+05
1.993e-01 1.669e+05
2.606e-01 1.643e+05
1.358e-01 1.704e+05
1.731e-01 1.670e+05
1.776e-01 1.661e+05
1.260e-01 1.696e+05
4.181e-06 3.964e+04
1.115e-01 1.689e+05
9.073e-02 1.740e+05
1.210e-01 1.746e+05
1.570e-01 1.674e+05
6.932e-07 7.756e+03
1.056e-01 1.712e+05
1.220e-06 3.529e+04
3.078e-01 1.711e+05
8.178e-02 1.712e+05
4.034e-06 9.365e+02
2.783e-01 1.677e+05
2.067e-01 1.677e+05
1.098e-01 1.734e+05
2.769e-01 1.310e+05
1.394e-01 1.682e+05
1.819e-01 1.683e+05
1.252e-01 1.687e+05
8.770e-02 1.734e+05
2.646e-01 1.639e+05
1.085e-01 1.691e+05
1.853e-01 1.651e+05
1.192e-01 1.664e+05
4.383e-01 1.538e+05
1.641e-01 1.669e+05
3.547e-01 1.395e+05
2.471e-01 1.683e+05
2.355e-01 1.653e+05
9.434e-02 1.694e+05
1.607e-01 1.676e+05
1.171e-01 1.726e+05
1.639e-01 1.677e+05
1.449e-01 1.673e+05
1.182e-01 1.695e+05
2.611e-01 1.646e+05
1.060e-05 2.237e+04
1.824e-01 1.669e+05
2.538e-01 1.715e+05
8.966e-02 1.734e+05
1.529e-01 1.665e+05
1.190e-01 1.760e+05
7.819e-02 1.742e+05
1.344e-01 1.744e+05
1.886e-01 1.670e+05
1.654e-01 1.650e+05
8.705e-02 1.717e+05
1.447e-01 1.698e+05
1.170e-01 1.692e+05
3.038e-01 1.664e+05
1.015e-01 1.672e+05
1.125e-01 1.685e+05
2.824e-01 1.649e+05
3.227e-06 4.328e+04
3.253e-06 2.205e+04
1.720e-01 1.742e+05
1.686e-01 1.666e+05
9.896e-02 1.732e+05
4.828e-01 1.373e+05
1.447e-01 1.652e+05
1.726e-01 1.643e+05
2.129e-01 1.672e+05
1.355e-01 1.725e+05
1.224e-01 1.688e+05
1.040e-01 1.732e+05
1.678e-06 1.956e+04
1.776e-01 1.638e+05
3.421e-01 1.682e+05
4.612e-01 1.621e+05
2.892e-06 3.393e+04
1.104e-05 7.732e+03
6.226e-06 3.420e+04
2.650e-01 1.631e+05
1.922e-01 1.652e+05
1.107e-01 1.692e+05
1.435e-01 1.695e+05
2.542e-01 1.645e+05
2.634e-01 1.727e+05
2.311e-01 1.642e+05
2.280e-01 1.665e+05
2.035e-01 1.665e+05
3.678e-01 1.701e+05
1.909e-01 1.684e+05
2.459e-06 3.423e+04
1.251e-01 1.701e+05
1.752e-01 1.655e+05
1.090e-01 1.735e+05
1.447e-01 1.713e+05
1.791e-01 1.713e+05
1.130e-01 1.697e+05
3.639e-01 1.582e+05
1.361e-01 1.672e+05
1.354e-01 1.658e+05
9.569e-02 1.698e+05
1.190e-01 1.675e+05
7.947e-02 1.663e+05
1.163e-01 1.674e+05
1.998e-01 1.666e+05
2.947e-01 1.710e+05
1.317e-01 1.687e+05
1.018e-01 1.726e+05
2.399e-01 1.729e+05
1.023e-01 1.730e+05
1.171e-01 1.602e+05
1.808e-01 1.680e+05
1.136e-01 1.644e+05
1.407e-01 1.705e+05
5.708e-01 1.496e+05
3.589e-01 1.383e+05
8.452e-06 1.580e+04
1.717e-01 1.666e+05
4.448e-01 1.105e+05
7.909e-02 1.736e+05
4.055e-01 1.637e+05
1.922e-01 1.678e+05
2.685e-01 1.637e+05
8.396e-06 3.547e+04
2.061e-01 1.690e+05
1.393e-01 1.645e+05
3.070e-01 1.694e+05
2.786e-01 1.717e+05
1.461e-01 1.687e+05
5.821e-06 5.227e+04
1.523e-01 1.595e+05
2.278e-01 1.623e+05
3.533e-07 2.831e+03
1.692e-01 1.676e+05
1.253e-06 6.594e+04
1.412e-01 1.708e+05
3.653e-06 3.807e+04
7.030e-07 1.876e+04
9.621e-02 1.617e+05
5.205e-06 1.809e+04
2.517e-01 1.698e+05
6.785e-06 2.060e+04
1.044e-01 1.714e+05
1.109e-01 1.682e+05
1.137e-01 1.752e+05
1.330e-01 1.672e+05
1.670e-01 1.668e+05
7.506e-02 1.706e+05
1.179e-01 1.643e+05
1.636e-01 1.678e+05
3.432e-01 1.638e+05
2.169e-01 1.632e+05
1.294e-01 1.681e+05
1.368e-01 1.702e+05
1.120e-01 1.694e+05
1.114e-01 1.689e+05
1.083e-01 1.688e+05
4.166e-01 1.202e+05
2.888e-06 1.389e+04
2.187e-01 1.624e+05
1.137e-01 1.690e+05
2.387e-01 1.702e+05
9.883e-02 1.706e+05
1.864e-01 1.674e+05
2.132e-01 1.685e+05
9.494e-02 1.705e+05
4.694e-02 1.605e+05
1.255e-01 1.684e+05
1.601e-01 1.677e+05
8.659e-02 1.710e+05
2.332e-01 1.653e+05
1.381e-01 1.688e+05
1.829e-01 1.675e+05
9.951e-07 7.143e+03
2.166e-01 1.663e+05
2.335e-01 1.684e+05
1.027e-05 2.701e+04
3.855e-01 1.618e+05
2.837e-01 1.655e+05
8.797e-02 1.701e+05
1.234e-01 1.754e+05
1.529e-05 7.824e+04
5.094e-01 1.577e+05
1.477e-01 1.697e+05
4.047e-06 2.344e+04
2.691e-01 1.642e+05
8.794e-02 1.717e+05
3.975e-01 1.651e+05
1.809e-01 1.679e+05
2.811e-01 1.654e+05
9.554e-02 1.732e+05
4.041e-01 1.715e+05
1.135e-01 1.703e+05
1.473e-01 1.689e+05
8.373e-02 1.713e+05
2.308e-01 1.670e+05
1.287e-01 1.692e+05
4.823e-06 1.359e+04
5.643e-06 2.296e+04
1.129e-01 1.661e+05
2.087e-01 1.674e+05
1.619e-01 1.677e+05
7.103e-06 2.582e+04
2.854e-01 1.643e+05
3.402e-02 1.502e+05
3.663e-01 1.625e+05
1.841e-01 1.671e+05
3.104e-01 1.652e+05
1.855e-01 1.646e+05
1.031e-01 1.709e+05
9.552e-02 1.693e+05
2.550e-01 1.677e+05
1.647e-01 1.683e+05
2.529e-01 1.666e+05
1.434e-01 1.687e+05
2.376e-01 1.711e+05
1.649e-01 1.671e+05
9.674e-07 1.317e+04
9.586e-02 1.724e+05
1.251e-01 1.716e+05
9.347e-02 1.731e+05
2.554e-01 1.673e+05
9.105e-02 1.687e+05
2.821e-01 1.659e+05
2.304e-01 1.665e+05
1.721e-01 1.685e+05
1.268e-01 1.674e+05
8.389e-02 1.705e+05
1.477e-01 1.662e+05
2.353e-01 1.658e+05
1.636e-05 5.894e+04
3.272e-01 1.715e+05
1.100e-01 1.677e+05
1.930e-05 2.763e+04
1.049e-01 1.694e+05
8.271e-02 1.708e+05
9.968e-02 1.669e+05
1.524e-01 1.694e+05
1.344e-01 1.747e+05
1.211e-01 1.678e+05
3.829e-01 1.620e+05
7.659e-02 1.690e+05
8.712e-07 4.780e+04
2.564e-01 1.627e+05
2.091e-01 1.677e+05
4.579e-01 1.638e+05
1.040e-01 1.681e+05
1.127e-01 1.701e+05
1.484e-01 1.713e+05
1.179e-01 1.694e+05
1.643e-01 1.737e+05
1.612e-01 1.663e+05
1.833e-01 1.658e+05
3.108e-01 1.688e+05
1.566e-01 1.683e+05
4.925e-06 1.920e+04
4.222e-06 3.150e+03
1.385e-01 1.658e+05
2.412e-01 1.670e+05
7.500e-07 3.105e+04
1.086e-01 1.727e+05
2.304e-01 1.644e+05
1.626e-01 1.666e+05
2.224e-01 1.708e+05
2.303e-01 1.672e+05
1.587e-01 1.684e+05
5.544e-06 2.534e+03
1.620e-05 7.415e+03
1.503e-01 1.634e+05
9.636e-02 1.707e+05
1.037e-01 1.655e+05
2.848e-01 1.625e+05
2.246e-01 1.683e+05
2.279e-01 1.664e+05
1.403e-01 1.699e+05
4.151e-01 1.629e+05
1.778e-01 1.682e+05
1.993e-01 1.678e+05
2.853e-01 1.634e+05
1.076e-01 1.694e+05
9.399e-02 1.732e+05
1.839e-01 1.659e+05
4.940e-01 1.214e+05
1.542e-01 1.687e+05
1.581e-01 1.687e+05
1.036e-01 1.733e+05
2.703e-01 1.716e+05
2.250e-01 1.635e+05
1.663e-01 1.676e+05
1.415e-01 1.676e+05
1.366e-01 1.691e+05
7.427e-02 1.735e+05
1.425e-01 1.646e+05
3.144e-01 1.679e+05
1.047e-01 1.724e+05
1.014e-01 1.750e+05
1.729e-01 1.675e+05
2.656e-01 1.682e+05
1.380e-01 1.682e+05
1.582e-01 1.689e+05
4.098e-01 1.656e+05
1.442e-01 1.714e+05
1.480e-01 1.656e+05
3.433e-05 2.452e+04
2.002e-01 1.714e+05
1.371e-01 1.698e+05
1.503e-01 1.667e+05
1.672e-01 1.642e+05
2.905e-06 6.342e+04
9.869e-02 1.700e+05
2.220e-01 1.720e+05
1.454e-06 2.090e+04
1.232e-01 1.714e+05
9.212e-02 1.747e+05
8.388e-06 1.168e+04
2.066e-01 1.654e+05
1.464e-01 1.659e+05
1.103e-01 1.682e+05
1.512e-01 1.669e+05
4.128e-01 1.714e+05
2.333e-01 1.667e+05
8.184e-02 1.750e+05
1.546e-01 1.672e+05
3.770e-06 5.856e+04
1.603e-01 1.679e+05
2.424e-01 1.713e+05
1.415e-01 1.684e+05
1.316e-01 1.657e+05
1.589e-06 3.544e+04
1.737e-01 1.652e+05
1.395e-01 1.688e+05
1.314e-01 1.691e+05
7.978e-02 1.737e+05
1.267e-01 1.697e+05
1.494e-01 1.669e+05
1.766e-01 1.679e+05
1.808e-01 1.690e+05
1.087e-01 1.685e+05
1.454e-01 1.640e+05
1.911e-01 1.716e+05
1.744e-01 1.661e+05
5.862e-01 9.447e+04
2.541e-01 1.663e+05
1.032e-01 1.697e+05
1.111e-01 1.728e+05
1.002e-01 1.724e+05
2.276e-01 1.609e+05
1.711e-01 1.688e+05
1.772e-01 1.677e+05
1.378e-01 1.674e+05
1.162e-01 1.655e+05
2.220e-01 1.715e+05
9.424e-02 1.704e+05
1.073e-01 1.677e+05
1.037e-01 1.714e+05
1.453e-01 1.677e+05
5.387e-01 9.073e+04
1.082e-01 1.712e+05
1.608e-01 1.639e+05
1.253e-01 1.660e+05
5.477e-02 1.678e+05
9.885e-02 1.714e+05
1.569e-01 1.666e+05
9.775e-02 1.749e+05
1.140e-01 1.704e+05
5.127e-02 1.634e+05
9.039e-02 1.738e+05
1.240e-01 1.697e+05
1.840e-01 1.670e+05
3.079e-01 1.665e+05
1.642e-01 1.683e+05
5.147e-06 1.979e+04
2.180e-01 1.636e+05
7.038e-02 1.720e+05
1.267e-01 1.563e+05
1.032e-01 1.713e+05
6.896e-06 7.170e+03
1.462e-01 1.641e+05
4.747e-01 1.642e+05
1.738e-01 1.699e+05
7.913e-02 1.677e+05
2.163e-06 1.106e+05
1.601e-01 1.683e+05
9.413e-02 1.726e+05
1.337e-01 1.695e+05
1.049e-01 1.694e+05
2.057e-01 1.713e+05
1.488e-01 1.657e+05
1.084e-01 1.697e+05
1.961e-01 1.675e+05
1.340e-01 1.699e+05
5.666e-01 1.657e+05
2.361e-01 1.684e+05
1.864e-01 1.682e+05
1.552e-01 1.675e+05
1.036e-01 1.754e+05
1.614e-01 1.670e+05
4.098e-06 5.247e+04
3.215e-06 5.044e+03
1.203e-01 1.638e+05
3.841e-01 1.675e+05
1.314e-01 1.708e+05
8.348e-02 1.704e+05
1.543e-01 1.660e+05
3.577e-01 1.665e+05
1.233e-01 1.686e+05
4.790e-06 2.186e+03
3.321e-01 1.430e+05
1.371e-01 1.689e+05
1.423e-01 1.737e+05
2.696e-01 1.637e+05
1.757e-01 1.681e+05
2.451e-01 1.665e+05
4.073e-01 1.255e+05
1.146e-01 1.706e+05
4.674e-01 1.484e+05
8.550e-02 1.732e+05
1.347e-01 1.670e+05
1.935e-01 1.670e+05
1.634e-01 1.683e+05
1.226e-01 1.662e+05
1.548e-06 2.993e+04
2.354e-01 1.661e+05
1.627e-01 1.734e+05
4.396e-05 3.318e+04
2.152e-01 1.667e+05
2.103e-01 1.703e+05
1.045e-01 1.664e+05
3.983e-06 1.664e+04
1.213e-05 2.355e+04
1.358e-01 1.682e+05
1.300e-01 1.681e+05
7.143e-02 1.726e+05
1.590e-01 1.664e+05
1.520e-01 1.682e+05
5.088e-06 4.427e+04
2.098e-01 1.656e+05
1.875e-01 1.669e+05
1.600e-01 1.737e+05
8.099e-02 1.755e+05
3.374e-01 1.056e+05
1.090e-06 1.778e+04
1.106e-01 1.722e+05
1.884e-06 1.533e+04
1.219e-01 1.689e+05
1.012e-01 1.696e+05
1.270e-01 1.692e+05
1.243e-01 1.668e+05
1.410e-01 1.676e+05
1.571e-01 1.668e+05
1.400e-01 1.734e+05
1.337e-01 1.608e+05
1.885e-01 1.689e+05
3.267e-01 1.652e+05
1.213e-01 1.743e+05
2.304e-01 1.671e+05
1.087e-01 1.707e+05
2.882e-01 1.719e+05
4.475e-01 1.699e+05
1.739e-01 1.660e+05
1.542e-01 1.651e+05
2.021e-01 1.656e+05
1.825e-01 1.671e+05
3.905e-01 1.639e+05
6.668e-06 1.275e+04
8.900e-02 1.719e+05
4.524e-01 1.689e+05
1.623e-01 1.560e+05
2.245e-01 1.639e+05
2.895e-01 1.310e+05
2.903e-01 1.639e+05
1.069e-01 1.710e+05
1.472e-01 1.649e+05
4.552e-07 5.608e+04
1.307e-01 1.660e+05
1.401e-01 1.687e+05
2.314e-01 1.661e+05
1.509e-01 1.648e+05
1.625e-06 1.087e+04
3.190e-01 1.659e+05
1.433e-01 1.667e+05
2.188e-01 1.669e+05
7.787e-07 6.073e+03
8.027e-02 1.723e+05
1.301e-01 1.679e+05
1.087e-01 1.705e+05
1.183e-01 1.666e+05
1.190e-01 1.724e+05
7.649e-06 1.703e+03
1.873e-06 1.309e+04
1.626e-01 1.667e+05
1.065e-01 1.711e+05
1.457e-01 1.704e+05
1.541e-01 1.700e+05
7.408e-02 1.710e+05
2.428e-01 1.658e+05
9.800e-02 1.758e+05
1.003e-05 6.100e+04
2.124e-01 1.652e+05
1.430e-01 1.687e+05
4.748e-01 1.634e+05
1.739e-06 4.153e+04
4.282e-01 1.474e+05
1.349e-01 1.689e+05
1.469e-01 1.680e+05
9.270e-02 1.701e+05
1.134e-01 1.686e+05
1.324e-01 1.702e+05
1.162e-01 1.686e+05
2.994e-01 1.648e+05
1.344e-01 1.674e+05
1.034e-01 1.719e+05
1.675e-06 7.000e+04
1.362e-01 1.663e+05
2.297e-01 1.675e+05
1.371e-01 1.669e+05
2.070e-06 1.167e+04
1.459e-01 1.721e+05
1.425e-01 1.745e+05
1.598e-01 1.658e+05
2.142e-01 1.682e+05
1.065e-01 1.700e+05
2.014e-01 1.683e+05
3.268e-01 1.639e+05
1.897e-01 1.738e+05
1.225e-01 1.717e+05
1.754e-01 1.666e+05
9.507e-02 1.703e+05
8.840e-02 1.746e+05
8.233e-02 1.744e+05
2.039e-01 1.693e+05
1.414e-01 1.670e+05
1.152e-01 1.696e+05
1.031e-01 1.727e+05
1.906e-01 1.674e+05
3.508e-01 1.691e+05
4.570e-01 1.619e+05
3.972e-01 1.292e+05
1.090e-01 1.755e+05
3.895e-01 1.068e+05
1.641e-01 1.676e+05
1.553e-01 1.640e+05
1.499e-07 2.263e+04
1.642e-01 1.674e+05
1.931e-01 1.683e+05
1.230e-01 1.692e+05
4.626e-01 1.622e+05
2.862e-06 5.917e+04
3.512e-01 1.685e+05
9.645e-02 1.688e+05
2.002e-01 1.651e+05
7.377e-02 1.604e+05
2.376e-01 1.686e+05
2.529e-01 1.712e+05
7.978e-02 1.710e+05
3.058e-01 1.663e+05
1.627e-01 1.667e+05
1.073e-01 1.685e+05
1.212e-01 1.691e+05
1.050e-01 1.712e+05
7.484e-02 1.730e+05
2.210e-06 1.268e+04
4.182e-01 1.634e+05
7.600e-02 1.725e+05
1.627e-01 1.685e+05
8.995e-02 1.714e+05
8.984e-02 1.714e+05
1.838e-05 2.494e+04
1.169e-01 1.714e+05
3.161e-01 1.621e+05
2.547e-06 3.731e+04
1.026e-01 1.674e+05
2.050e-01 1.698e+05
8.653e-02 1.708e+05
1.236e-01 1.669e+05
1.382e-01 1.664e+05
1.059e-01 1.712e+05
1.777e-01 1.684e+05
9.807e-02 1.758e+05
2.547e-01 1.657e+05
1.725e-01 1.657e+05
1.005e-01 1.704e+05
1.744e-01 1.672e+05
2.724e-06 1.930e+04
1.508e-01 1.671e+05
2.371e-01 1.678e+05
1.893e-01 1.663e+05
1.078e-01 1.702e+05
9.734e-02 1.705e+05
1.678e-01 1.668e+05
1.462e-06 4.293e+04
2.580e-01 1.726e+05
1.483e-01 1.647e+05
1.672e-01 1.667e+05
1.923e-01 1.677e+05
7.330e-02 1.745e+05
1.737e-06 1.115e+04
9.289e-02 1.721e+05
4.450e-01 1.712e+05
1.250e-01 1.695e+05
2.139e-01 1.662e+05
1.873e-06 1.379e+04
1.094e-01 1.688e+05
1.756e-01 1.680e+05
4.456e-01 1.679e+05
5.020e-01 1.098e+05
1.499e-01 1.665e+05
2.176e-01 1.725e+05
1.414e-01 1.693e+05
1.615e-01 1.674e+05
7.794e-02 1.742e+05
9.555e-02 1.698e+05
1.911e-01 1.689e+05
5.343e-01 1.685e+05
3.347e-01 1.643e+05
2.187e-01 1.626e+05
1.236e-01 1.678e+05
2.034e-06 2.583e+04
2.004e-01 1.661e+05
1.093e-01 1.706e+05
2.624e-01 1.689e+05
1.488e-01 1.736e+05
1.239e-01 1.693e+05
1.652e-01 1.663e+05
1.382e-01 1.676e+05
9.508e-02 1.754e+05
3.712e-06 2.808e+04
1.040e-01 1.695e+05
1.616e-01 1.657e+05
7.063e-02 1.707e+05
1.625e-01 1.720e+05
3.527e-01 1.668e+05
1.400e-01 1.720e+05
1.244e-01 1.713e+05
1.554e-01 1.656e+05
1.437e-01 1.731e+05
1.717e-01 1.692e+05
5.468e-01 1.058e+05
1.188e-01 1.705e+05
1.739e-01 1.717e+05
2.610e-01 1.651e+05
1.685e-01 1.664e+05
1.080e-01 1.704e+05
2.223e-01 1.362e+05
8.641e-02 1.727e+05
1.718e-01 1.699e+05
1.209e-01 1.726e+05
1.418e-01 1.696e+05
2.429e-01 1.663e+05
1.410e-01 1.711e+05
2.057e-01 1.640e+05
1.157e-01 1.732e+05
2.465e-01 1.610e+05
7.239e-02 1.687e+05
1.431e-01 1.690e+05
1.285e-01 1.677e+05
1.371e-06 4.652e+02
1.181e-01 1.672e+05
2.554e-01 1.662e+05
1.704e-01 1.671e+05
1.161e-01 1.660e+05
1.394e-01 1.715e+05
9.227e-02 1.725e+05
1.208e-01 1.690e+05
1.549e-01 1.690e+05
1.364e-01 1.722e+05
2.212e-01 1.677e+05
2.428e-01 1.674e+05
1.226e-01 1.615e+05
2.067e-01 1.677e+05
1.305e-01 1.735e+05
1.806e-01 1.670e+05
1.325e-01 1.680e+05
1.165e-01 1.686e+05
2.120e-01 1.664e+05
1.701e-07 6.881e+03
3.232e-01 1.666e+05
2.033e-01 1.673e+05
1.688e-01 1.681e+05
2.691e-01 1.655e+05
1.011e-01 1.700e+05
5.011e-01 1.493e+05
8.523e-02 1.759e+05
9.170e-02 1.729e+05
4.011e-06 4.240e+04
2.872e-06 3.733e+04
1.247e-01 1.747e+05
1.549e-06 3.609e+04
1.551e-06 9.450e+03
1.642e-01 1.687e+05
1.697e-01 1.679e+05
3.056e-01 1.705e+05
1.189e-01 1.682e+05
1.424e-01 1.699e+05
7.712e-02 1.687e+05
1.325e-01 1.670e+05
1.194e-01 1.682e+05
1.507e-01 1.671e+05
1.071e-01 1.707e+05
3.423e-01 1.286e+05
2.003e-01 1.719e+05
1.245e-01 1.663e+05
1.601e-01 1.663e+05
1.648e-01 1.655e+05
1.474e-01 1.683e+05
2.477e-01 1.699e+05
1.192e-01 1.693e+05
1.171e-01 1.713e+05
2.620e-06 5.679e+04
1.440e-01 1.688e+05
7.581e-02 1.729e+05
3.101e-01 1.492e+05
1.985e-01 1.703e+05
7.265e-02 1.729e+05
1.336e-01 1.673e+05
2.172e-01 1.658e+05
1.913e-01 1.634e+05
2.429e-01 1.679e+05
1.199e-01 1.709e+05
1.140e-05 5.198e+04
1.623e-01 1.635e+05
8.602e-02 1.744e+05
9.401e-02 1.729e+05
1.776e-01 1.676e+05
2.125e-01 1.662e+05
1.170e-01 1.684e+05
1.367e-01 1.680e+05
2.651e-01 1.633e+05
8.748e-02 1.723e+05
1.234e-01 1.693e+05
5.970e-06 1.665e+04
7.447e-02 1.730e+05
1.016e-01 1.700e+05
1.140e-01 1.672e+05
1.249e-01 1.694e+05
1.890e-01 1.687e+05
7.381e-02 1.703e+05
9.907e-02 1.729e+05
1.183e-01 1.684e+05
1.560e-01 1.671e+05
1.110e-01 1.713e+05
1.711e-01 1.738e+05
1.319e-01 1.703e+05
1.201e-01 1.688e+05
9.752e-02 1.731e+05
8.841e-02 1.732e+05
1.318e-01 1.688e+05
7.144e-06 1.374e+04
1.629e-01 1.679e+05
1.522e-01 1.682e+05
1.896e-01 1.665e+05
1.746e-01 1.668e+05
2.809e-01 1.682e+05
7.087e-02 1.727e+05
9.424e-02 1.743e+05
8.041e-02 1.728e+05
1.243e-01 1.575e+05
4.676e-01 1.643e+05
1.410e-01 1.684e+05
2.244e-01 1.683e+05
1.491e-01 1.717e+05
4.472e-01 1.660e+05
2.341e-01 1.605e+05
8.960e-02 1.714e+05
1.329e-01 1.709e+05
5.988e-01 1.043e+05
4.891e-07 1.759e+04
2.302e-01 1.673e+05
1.198e-01 1.698e+05
2.916e-01 1.649e+05
1.246e-01 1.694e+05
1.721e-06 9.055e+03
8.815e-02 1.713e+05
1.404e-01 1.674e+05
1.616e-07 2.249e+04
8.613e-06 7.346e+03
1.292e-05 3.115e+04
1.826e-01 1.668e+05
1.341e-01 1.689e+05
1.757e-01 1.666e+05
2.379e-01 1.661e+05
1.345e-01 1.663e+05
2.481e-06 1.870e+04
5.564e-01 1.024e+05
1.593e-01 1.650e+05
1.456e-01 1.698e+05
2.693e-01 1.647e+05
3.259e-01 1.632e+05
1.101e-06 4.736e+04
8.364e-02 1.760e+05
1.656e-01 1.675e+05
6.530e-06 6.162e+03
2.988e-01 1.664e+05
1.504e-01 1.675e+05
2.922e-01 1.719e+05
1.026e-01 1.727e+05
1.172e-01 1.713e+05
1.373e-01 1.668e+05
1.629e-01 1.707e+05
1.322e-01 1.736e+05
1.250e-01 1.683e+05
1.427e-01 1.684e+05
4.301e-01 1.655e+05
5.926e-01 1.347e+05
1.686e-01 1.630e+05
1.376e-01 1.693e+05
4.132e-08 3.382e+04
7.660e-06 2.226e+04
2.203e-06 1.019e+04
2.479e-06 1.376e+04
1.920e-01 1.637e+05
3.011e-01 1.708e+05
1.958e-01 1.634e+05
8.692e-02 1.753e+05
1.183e-01 1.678e+05
1.426e-01 1.681e+05
1.902e-01 1.738e+05
1.685e-01 1.686e+05
2.236e-06 1.183e+04
3.368e-01 1.688e+05
1.360e-01 1.696e+05
2.039e-01 1.671e+05
2.994e-01 1.641e+05
8.038e-06 1.794e+04
1.859e-01 1.690e+05
1.599e-01 1.686e+05
1.466e-01 1.660e+05
1.131e-01 1.686e+05
2.603e-01 1.645e+05
1.360e-01 1.741e+05
2.041e-01 1.667e+05
4.256e-06 5.156e+04
2.603e-01 1.625e+05
3.163e-01 1.609e+05
3.737e-06 6.004e+04
6.729e-02 1.660e+05
3.843e-01 1.648e+05
1.005e-01 1.704e+05
3.624e-01 1.494e+05
2.581e-01 1.646e+05
2.286e-01 1.636e+05
7.592e-06 1.758e+03
1.951e-01 1.656e+05
4.864e-01 1.586e+05
2.256e-01 1.664e+05
8.149e-02 1.739e+05
2.607e-01 1.535e+05
9.538e-02 1.715e+05
1.242e-01 1.731e+05
8.146e-02 1.731e+05
1.461e-01 1.680e+05
9.294e-02 1.710e+05
1.181e-01 1.704e+05
1.072e-01 1.742e+05
1.736e-05 4.121e+04
2.778e-01 1.654e+05
4.308e-01 1.681e+05
2.420e-01 1.663e+05
1.856e-01 1.712e+05
1.168e-01 1.701e+05
3.047e-01 1.716e+05
1.045e-01 1.694e+05
1.446e-01 1.682e+05
3.770e-06 2.908e+04
2.034e-01 1.706e+05
2.505e-01 1.700e+05
1.191e-01 1.688e+05
1.155e-01 1.727e+05
1.075e-01 1.689e+05
1.049e-01 1.745e+05
1.096e-01 1.709e+05
6.787e-02 1.693e+05
2.888e-01 1.626e+05
1.153e-01 1.673e+05
1.703e-01 1.718e+05
1.512e-01 1.672e+05
1.379e-01 1.675e+05
4.798e-06 4.622e+03
9.684e-02 1.663e+05
1.206e-01 1.701e+05
1.665e-01 1.651e+05
1.506e-01 1.686e+05
3.182e-01 1.632e+05
1.118e-01 1.703e+05
1.103e-01 1.723e+05
1.148e-01 1.702e+05
9.934e-08 2.207e+04
1.040e-01 1.689e+05
1.429e-01 1.708e+05
9.197e-02 1.667e+05
5.631e-02 1.573e+05
1.485e-01 1.716e+05
1.754e-01 1.619e+05
2.797e-01 1.627e+05
1.526e-01 1.682e+05
2.530e-01 1.668e+05
9.722e-02 1.716e+05
2.137e-01 1.655e+05
1.202e-01 1.708e+05
1.176e-01 1.705e+05
1.940e-01 1.663e+05
1.413e-05 4.289e+04
3.351e-01 1.693e+05
3.857e-06 1.210e+04
2.527e-01 1.677e+05
2.559e-01 1.686e+05
6.257e-02 1.726e+05
1.259e-01 1.726e+05
7.469e-06 6.972e+04
8.850e-02 1.742e+05
1.621e-01 1.713e+05
1.739e-01 1.673e+05
1.261e-01 1.678e+05
1.352e-01 1.683e+05
1.560e-01 1.661e+05
1.012e-01 1.702e+05
1.356e-01 1.686e+05
2.768e-01 1.651e+05
4.244e-01 1.672e+05
3.326e-01 1.721e+05
1.681e-01 1.667e+05
1.141e-01 1.697e+05
9.462e-02 1.758e+05
7.682e-02 1.689e+05
2.479e-06 2.298e+04
1.207e-01 1.689e+05
1.440e-01 1.695e+05
3.294e-06 1.343e+04
2.402e-01 1.622e+05
2.734e-06 1.369e+04
8.708e-07 4.356e+04
1.662e-01 1.642e+05
1.369e-01 1.670e+05
1.228e-01 1.685e+05
5.345e-01 1.151e+05
1.843e-01 1.660e+05
1.725e-01 1.711e+05
1.558e-01 1.686e+05
2.333e-06 7.046e+03
1.088e-01 1.737e+05
1.766e-01 1.681e+05
8.961e-02 1.716e+05
1.863e-06 1.975e+04
3.109e-01 1.643e+05
1.763e-01 1.646e+05
9.748e-02 1.724e+05
4.708e-01 1.246e+05
1.828e-01 1.683e+05
1.710e-01 1.681e+05
1.607e-01 1.717e+05
1.551e-01 1.709e+05
1.253e-01 1.701e+05
3.133e-01 1.662e+05
1.773e-01 1.710e+05
2.150e-06 3.885e+04
2.335e-01 1.712e+05
9.505e-02 1.703e+05
2.159e-01 1.665e+05
2.979e-01 1.657e+05
1.076e-01 1.649e+05
3.675e-01 1.717e+05
8.911e-02 1.703e+05
1.359e-01 1.655e+05
1.710e-01 1.668e+05
2.952e-01 1.663e+05
1.312e-01 1.696e+05
7.074e-02 1.633e+05
1.992e-05 6.339e+04
3.077e-01 1.064e+05
1.209e-01 1.691e+05
2.067e-01 1.677e+05
1.770e-01 1.690e+05
1.765e-01 1.697e+05
5.430e-01 1.102e+05
3.523e-01 1.633e+05
8.264e-02 1.750e+05
1.018e-01 1.685e+05
1.174e-01 1.689e+05
1.337e-01 1.713e+05
1.643e-01 1.639e+05
1.166e-01 1.668e+05
1.261e-01 1.676e+05
3.665e-01 1.637e+05
4.294e-01 1.143e+05
1.331e-01 1.686e+05
2.940e-01 1.673e+05
8.868e-02 1.756e+05
1.481e-01 1.665e+05
9.586e-02 1.705e+05
1.815e-01 1.690e+05
1.578e-01 1.648e+05
7.606e-02 1.709e+05
1.201e-01 1.682e+05
1.463e-01 1.710e+05
1.286e-01 1.672e+05
5.901e-01 1.285e+05
6.205e-07 1.377e+04
1.641e-01 1.690e+05
1.738e-01 1.659e+05
1.638e-01 1.672e+05
1.604e-01 1.669e+05
8.874e-02 1.743e+05
1.449e-01 1.681e+05
4.561e-06 1.181e+04
4.085e-01 1.643e+05
1.518e-01 1.717e+05
3.540e-01 1.356e+05
2.516e-01 1.687e+05
2.180e-01 1.711e+05
1.533e-01 1.691e+05
2.453e-01 1.641e+05
3.131e-06 1.125e+04
1.646e-01 1.691e+05
1.775e-01 1.672e+05
4.022e-06 1.445e+04
1.749e-01 1.663e+05
2.751e-01 1.699e+05
4.171e-02 1.593e+05
1.232e-01 1.749e+05
8.656e-02 1.732e+05
1.126e-01 1.690e+05
2.192e-01 1.697e+05
3.946e-01 1.685e+05
8.280e-02 1.688e+05
2.600e-01 1.729e+05
9.907e-02 1.693e+05
9.742e-02 1.702e+05
2.252e-01 1.660e+05
2.100e-01 1.668e+05
4.967e-06 2.607e+04
2.926e-01 1.659e+05
1.492e-01 1.676e+05
9.245e-02 1.708e+05
1.982e-01 1.684e+05
3.302e-01 1.645e+05
1.683e-01 1.664e+05
1.322e-01 1.668e+05
2.295e-01 1.663e+05
8.028e-02 1.717e+05
6.147e-06 3.654e+04
9.327e-02 1.727e+05
2.688e-01 1.712e+05
1.176e-01 1.676e+05
1.225e-01 1.706e+05
1.998e-06 2.983e+04
7.431e-02 1.718e+05
1.843e-01 1.640e+05
4.614e-06 1.016e+04
4.616e-06 1.174e+04
1.122e-01 1.732e+05
4.258e-06 4.554e+04
1.633e-01 1.657e+05
1.826e-01 1.690e+05
5.849e-06 7.178e+04
1.017e-01 1.689e+05
1.484e-01 1.702e+05
1.817e-07 1.195e+04
1.088e-01 1.701e+05
1.928e-01 1.740e+05
8.148e-02 1.733e+05
1.492e-01 1.712e+05
2.192e-01 1.650e+05
5.529e-06 1.543e+04
2.214e-01 1.721e+05
1.601e-01 1.682e+05
1.470e-01 1.677e+05
8.316e-02 1.707e+05
2.276e-01 1.678e+05
6.506e-06 3.955e+04
5.362e-06 3.069e+04
1.681e-01 1.644e+05
1.509e-01 1.711e+05
5.157e-01 1.629e+05
1.392e-01 1.679e+05
1.234e-01 1.686e+05
1.189e-01 1.697e+05
1.702e-01 1.698e+05
7.348e-02 1.718e+05
1.126e-01 1.668e+05
1.020e-01 1.749e+05
1.329e-01 1.732e+05
3.453e-06 6.383e+04
2.347e-01 1.671e+05
1.196e-01 1.662e+05
2.090e-01 1.661e+05
2.345e-01 1.701e+05
1.010e-01 1.711e+05
3.421e-07 1.906e+04
1.521e-07 1.193e+04
1.782e-06 5.090e+04
2.131e-01 1.670e+05
1.590e-01 1.742e+05
1.605e-01 1.672e+05
7.732e-02 1.723e+05
3.493e-01 1.673e+05
1.168e-01 1.684e+05
8.452e-02 1.577e+05
8.431e-02 1.743e+05
7.793e-06 4.791e+04
3.698e-07 1.470e+03
7.789e-02 1.736e+05
1.037e-01 1.649e+05
1.632e-01 1.673e+05
2.084e-01 1.684e+05
6.794e-06 3.739e+04
1.741e-01 1.703e+05
1.912e-01 1.664e+05
1.769e-01 1.668e+05
1.481e-01 1.678e+05
1.985e-01 1.650e+05
2.034e-01 1.652e+05
1.522e-01 1.704e+05
1.727e-01 1.671e+05
1.220e-01 1.704e+05
1.601e-01 1.696e+05
2.698e-01 1.711e+05
2.243e-01 1.694e+05
2.171e-01 1.664e+05
2.058e-01 1.679e+05
6.706e-08 6.176e+03
3.424e-01 1.668e+05
4.625e-01 8.828e+04
3.614e-01 1.666e+05
4.023e-01 1.182e+05
2.636e-01 1.653e+05
1.131e-01 1.692e+05
1.464e-01 1.685e+05
1.081e-01 1.693e+05
5.738e-01 1.048e+05
1.391e-01 1.678e+05
8.454e-02 1.747e+05
1.481e-01 1.659e+05
2.049e-01 1.713e+05
3.089e-01 1.667e+05
1.816e-01 1.679e+05
1.443e-01 1.671e+05
1.707e-01 1.659e+05
2.859e-01 1.651e+05
1.319e-01 1.669e+05
1.277e-01 1.674e+05
1.609e-01 1.682e+05
1.394e-01 1.664e+05
1.010e-01 1.693e+05
1.747e-01 1.700e+05
2.771e-06 2.738e+04
1.064e-01 1.719e+05
1.535e-01 1.688e+05
1.038e-01 1.720e+05
1.584e-06 1.580e+04
3.027e-01 1.711e+05
2.610e-01 1.694e+05
2.313e-01 1.666e+05
2.044e-01 1.712e+05
2.546e-01 1.340e+05
9.957e-07 1.987e+04
1.698e-01 1.677e+05
8.673e-02 1.744e+05
2.253e-01 1.701e+05
1.401e-01 1.671e+05
1.342e-01 1.628e+05
3.328e-06 5.437e+03
4.465e-02 1.460e+05
4.388e-01 1.150e+05
2.986e-01 1.665e+05
1.112e-01 1.731e+05
1.280e-01 1.676e+05
3.715e-01 1.596e+05
2.727e-01 1.717e+05
1.318e-01 1.693e+05
1.323e-01 1.684e+05
1.661e-01 1.727e+05
1.754e-01 1.664e+05
1.288e-01 1.685e+05
1.616e-01 1.691e+05
8.125e-02 1.726e+05
1.677e-01 1.673e+05
2.294e-01 1.642e+05
1.796e-01 1.677e+05
7.653e-02 1.717e+05
4.557e-06 1.006e+04
1.403e-01 1.672e+05
1.987e-01 1.666e+05
1.752e-07 1.494e+02
5.933e-01 1.689e+05
3.135e-01 1.632e+05
8.572e-02 1.684e+05
2.001e-01 1.657e+05
1.755e-05 6.119e+04
1.526e-01 1.675e+05
1.778e-01 1.730e+05
4.831e-05 6.255e+04
1.768e-01 1.666e+05
2.042e-01 1.733e+05
1.340e-01 1.708e+05
1.533e-01 1.662e+05
1.603e-01 1.671e+05
1.795e-01 1.680e+05
2.004e-01 1.680e+05
1.328e-01 1.724e+05
2.931e-01 1.618e+05
1.870e-01 1.700e+05
1.393e-01 1.679e+05
2.075e-01 1.690e+05
2.238e-01 1.672e+05
2.018e-01 1.687e+05
2.007e-01 1.687e+05
4.121e-01 1.339e+05
1.795e-01 1.672e+05
3.050e-01 1.639e+05
1.985e-01 1.657e+05
4.529e-01 1.021e+05
3.813e-06 3.534e+04
2.567e-01 1.619e+05
7.075e-02 1.729e+05
2.953e-01 1.627e+05
1.333e-01 1.687e+05
4.161e-01 1.211e+05
1.519e-01 1.729e+05
1.867e-01 1.715e+05
1.330e-01 1.728e+05
1.166e-01 1.675e+05
1.313e-01 1.722e+05
1.087e-01 1.751e+05
1.695e-01 1.669e+05
2.954e-01 1.690e+05
1.592e-01 1.706e+05
1.236e-01 1.667e+05
6.690e-07 7.746e+03
1.880e-01 1.678e+05
1.564e-01 1.695e+05
2.101e-01 1.666e+05
1.172e-01 1.676e+05
1.083e-01 1.742e+05
1.436e-01 1.726e+05
1.781e-01 1.663e+05
9.896e-02 1.649e+05
8.169e-02 1.722e+05
5.720e-01 1.018e+05
4.509e-06 1.147e+04
9.171e-02 1.660e+05
2.960e-06 3.843e+04
4.091e-06 1.009e+04
1.168e-01 1.696e+05
1.654e-01 1.694e+05
2.273e-01 1.699e+05
1.322e-01 1.676e+05
1.404e-05 2.036e+04
1.351e-01 1.709e+05
8.256e-07 1.470e+04
2.458e-01 1.673e+05
1.660e-01 1.640e+05
7.341e-02 1.714e+05
1.308e-01 1.710e+05
1.467e-01 1.674e+05
1.253e-01 1.699e+05
1.399e-01 1.676e+05
1.559e-01 1.664e+05
2.629e-01 1.634e+05
1.124e-01 1.635e+05
2.131e-05 4.326e+04
1.147e-06 2.954e+04
1.557e-01 1.661e+05
2.476e-01 1.671e+05
1.635e-01 1.683e+05
2.354e-01 1.655e+05
1.312e-01 1.702e+05
1.855e-01 1.671e+05
1.826e-05 4.854e+04
1.965e-01 1.672e+05
3.924e-06 4.222e+03
1.435e-08 7.302e+03
3.127e-01 9.086e+04
1.591e-01 1.664e+05
7.076e-02 1.658e+05
1.433e-01 1.678e+05
3.828e-01 1.079e+05
