1 57.099551
2 96.120196
3 151.077942
4 226.549157
5 328.090710
6 462.417876
7 637.603548
8 863.304403
9 1151.018177
10 1514.376098
11 1969.474795
12 2535.252374
13 3233.913810
14 4091.411345
15 5137.986120
16 6408.777932
17 7944.510665
18 9792.261708
19 12006.324481
20 14649.174075
21 17792.546992
22 21518.646998
23 25921.490264
24 31108.404198
25 37201.695718
26 44340.506173
27 52682.871723
28 62408.009660
29 73718.853056
30 86844.858119
31 102045.110802
32 119611.761592
33 139873.819929
34 163201.342486
