1.173e-01 1.167e+05
6.624e-02 2.152e+05
6.856e-02 2.101e+05
9.491e-02 1.405e+05
1.119e-01 1.073e+05
7.696e-02 1.768e+05
6.702e-02 2.079e+05
9.286e-02 1.409e+05
1.032e-01 1.307e+05
1.223e-01 1.114e+05
6.747e-02 2.142e+05
1.235e-01 9.184e+04
9.936e-02 1.201e+05
6.834e-02 2.065e+05
7.441e-02 1.873e+05
8.289e-02 1.676e+05
9.824e-02 1.298e+05
6.968e-02 1.972e+05
9.371e-02 1.497e+05
7.206e-02 1.953e+05
6.719e-02 2.082e+05
1.060e-01 1.180e+05
6.739e-02 2.150e+05
7.201e-02 1.944e+05
1.225e-01 9.986e+04
6.870e-02 2.086e+05
6.761e-02 2.123e+05
1.346e-01 8.548e+04
6.943e-02 2.048e+05
1.445e-01 7.389e+04
6.704e-02 2.186e+05
1.062e-01 1.039e+05
7.293e-02 1.892e+05
8.438e-02 1.618e+05
1.210e-01 8.993e+04
1.008e-01 1.277e+05
7.261e-02 1.911e+05
9.159e-02 1.327e+05
1.058e-01 1.182e+05
1.178e-01 1.058e+05
9.505e-02 1.278e+05
6.853e-02 2.104e+05
9.703e-02 1.363e+05
7.214e-02 1.936e+05
6.935e-02 2.041e+05
6.818e-02 2.084e+05
7.218e-02 2.007e+05
8.256e-02 1.622e+05
7.956e-02 1.699e+05
1.067e-01 1.137e+05
1.387e-01 8.921e+04
1.028e-01 1.258e+05
6.641e-02 2.131e+05
8.684e-02 1.575e+05
6.960e-02 2.101e+05
6.745e-02 2.110e+05
6.903e-02 2.034e+05
6.925e-02 2.096e+05
1.030e-01 1.247e+05
6.873e-02 2.122e+05
7.269e-02 1.905e+05
9.957e-02 1.290e+05
6.517e-02 2.195e+05
7.072e-02 1.991e+05
7.365e-02 1.962e+05
7.035e-02 1.966e+05
6.847e-02 2.059e+05
8.592e-02 1.643e+05
7.596e-02 1.725e+05
6.772e-02 2.151e+05
6.867e-02 2.077e+05
7.388e-02 1.918e+05
1.185e-01 1.027e+05
9.057e-02 1.324e+05
6.884e-02 2.063e+05
6.990e-02 2.053e+05
6.730e-02 2.171e+05
8.545e-02 1.527e+05
7.827e-02 1.631e+05
7.095e-02 2.037e+05
1.038e-01 1.170e+05
1.088e-01 1.189e+05
7.792e-02 1.735e+05
1.283e-01 8.300e+04
7.393e-02 1.889e+05
1.362e-01 8.186e+04
9.914e-02 1.331e+05
1.150e-01 1.052e+05
6.748e-02 2.120e+05
1.147e-01 1.137e+05
6.951e-02 2.042e+05
1.338e-01 9.222e+04
6.723e-02 2.169e+05
1.381e-01 8.180e+04
7.505e-02 1.845e+05
1.175e-01 1.076e+05
1.016e-01 1.094e+05
8.765e-02 1.465e+05
6.875e-02 2.006e+05
6.858e-02 2.033e+05
7.949e-02 1.671e+05
6.863e-02 2.066e+05
8.004e-02 1.670e+05
7.340e-02 1.934e+05
7.135e-02 1.964e+05
1.512e-01 7.384e+04
6.797e-02 2.114e+05
6.785e-02 2.097e+05
1.317e-01 9.289e+04
1.018e-01 1.296e+05
6.845e-02 2.116e+05
6.810e-02 2.137e+05
7.329e-02 1.961e+05
7.137e-02 1.915e+05
7.948e-02 1.672e+05
8.389e-02 1.561e+05
8.620e-02 1.640e+05
7.050e-02 1.952e+05
1.061e-01 1.066e+05
9.788e-02 1.289e+05
9.011e-02 1.401e+05
6.782e-02 2.045e+05
6.815e-02 2.092e+05
9.315e-02 1.412e+05
8.640e-02 1.545e+05
6.720e-02 2.158e+05
6.871e-02 2.051e+05
6.770e-02 2.083e+05
6.693e-02 2.149e+05
8.012e-02 1.737e+05
6.992e-02 1.976e+05
1.503e-01 7.127e+04
1.326e-01 9.341e+04
7.166e-02 1.958e+05
7.047e-02 2.029e+05
9.429e-02 1.480e+05
1.028e-01 1.222e+05
9.846e-02 1.308e+05
6.546e-02 2.189e+05
9.444e-02 1.324e+05
1.154e-01 1.003e+05
1.055e-01 1.290e+05
8.863e-02 1.503e+05
8.033e-02 1.546e+05
6.575e-02 2.183e+05
7.036e-02 2.041e+05
8.070e-02 1.716e+05
1.090e-01 1.132e+05
1.037e-01 1.146e+05
8.686e-02 1.468e+05
9.169e-02 1.442e+05
7.213e-02 1.953e+05
1.100e-01 1.154e+05
8.608e-02 1.430e+05
6.803e-02 2.064e+05
6.802e-02 2.106e+05
7.000e-02 1.946e+05
6.975e-02 2.033e+05
1.326e-01 8.765e+04
1.216e-01 9.863e+04
6.888e-02 2.097e+05
6.991e-02 2.035e+05
7.515e-02 1.774e+05
6.799e-02 2.119e+05
1.046e-01 1.195e+05
8.320e-02 1.593e+05
1.360e-01 8.195e+04
6.768e-02 2.109e+05
7.160e-02 1.983e+05
8.929e-02 1.455e+05
1.450e-01 7.250e+04
6.664e-02 2.191e+05
1.239e-01 9.421e+04
8.456e-02 1.646e+05
6.817e-02 2.144e+05
8.233e-02 1.611e+05
6.861e-02 2.076e+05
1.305e-01 9.134e+04
6.781e-02 2.137e+05
6.680e-02 2.184e+05
8.069e-02 1.638e+05
6.806e-02 2.098e+05
7.127e-02 2.005e+05
6.901e-02 2.090e+05
1.413e-01 7.428e+04
1.089e-01 1.117e+05
6.743e-02 2.177e+05
6.748e-02 2.110e+05
6.945e-02 2.094e+05
6.668e-02 2.179e+05
6.919e-02 2.073e+05
8.090e-02 1.704e+05
9.788e-02 1.274e+05
1.109e-01 1.091e+05
7.909e-02 1.740e+05
7.319e-02 1.907e+05
9.253e-02 1.411e+05
6.677e-02 2.159e+05
6.883e-02 2.051e+05
7.119e-02 2.055e+05
9.107e-02 1.341e+05
6.672e-02 2.156e+05
9.258e-02 1.469e+05
6.775e-02 2.111e+05
7.104e-02 2.028e+05
1.199e-01 9.535e+04
9.994e-02 1.237e+05
1.121e-01 1.053e+05
8.146e-02 1.546e+05
6.802e-02 2.105e+05
6.851e-02 2.081e+05
6.537e-02 2.202e+05
1.145e-01 1.101e+05
1.678e-01 7.138e+04
7.271e-02 1.924e+05
8.580e-02 1.655e+05
6.867e-02 2.040e+05
6.500e-02 2.242e+05
7.682e-02 1.866e+05
6.587e-02 2.209e+05
6.865e-02 2.078e+05
6.590e-02 2.184e+05
6.775e-02 2.104e+05
9.554e-02 1.357e+05
7.040e-02 2.010e+05
9.074e-02 1.414e+05
1.456e-01 7.482e+04
6.701e-02 2.141e+05
1.373e-01 8.405e+04
1.024e-01 1.306e+05
7.038e-02 1.981e+05
8.565e-02 1.581e+05
8.778e-02 1.471e+05
6.550e-02 2.196e+05
7.013e-02 2.011e+05
6.941e-02 2.087e+05
1.164e-01 9.990e+04
7.287e-02 1.904e+05
1.047e-01 1.185e+05
1.127e-01 1.005e+05
1.172e-01 1.019e+05
1.010e-01 1.172e+05
6.813e-02 2.083e+05
6.959e-02 2.038e+05
1.215e-01 9.199e+04
7.206e-02 1.968e+05
6.699e-02 2.133e+05
6.945e-02 2.078e+05
1.512e-01 7.495e+04
8.226e-02 1.521e+05
9.074e-02 1.442e+05
6.874e-02 2.030e+05
6.715e-02 2.165e+05
1.132e-01 1.123e+05
7.047e-02 2.028e+05
7.137e-02 1.916e+05
1.256e-01 8.452e+04
6.603e-02 2.150e+05
1.056e-01 1.180e+05
8.299e-02 1.720e+05
6.919e-02 2.054e+05
8.672e-02 1.582e+05
1.400e-01 7.198e+04
6.711e-02 2.181e+05
6.804e-02 2.095e+05
9.168e-02 1.408e+05
1.591e-01 7.373e+04
1.132e-01 9.800e+04
1.138e-01 1.092e+05
6.835e-02 2.095e+05
9.189e-02 1.380e+05
6.722e-02 2.154e+05
6.854e-02 2.039e+05
6.874e-02 2.026e+05
9.900e-02 1.266e+05
6.768e-02 2.164e+05
6.953e-02 2.074e+05
6.516e-02 2.247e+05
8.257e-02 1.737e+05
1.461e-01 7.794e+04
6.867e-02 2.122e+05
1.160e-01 1.154e+05
7.050e-02 2.031e+05
1.422e-01 8.695e+04
6.846e-02 2.091e+05
6.942e-02 2.068e+05
1.083e-01 1.101e+05
1.469e-01 7.607e+04
1.118e-01 9.397e+04
9.107e-02 1.375e+05
1.296e-01 9.623e+04
1.316e-01 8.583e+04
1.089e-01 1.144e+05
1.103e-01 1.091e+05
1.012e-01 1.291e+05
7.695e-02 1.797e+05
6.552e-02 2.228e+05
8.029e-02 1.653e+05
7.404e-02 1.831e+05
6.918e-02 2.032e+05
7.223e-02 1.883e+05
8.560e-02 1.565e+05
8.186e-02 1.680e+05
1.337e-01 9.720e+04
1.034e-01 1.122e+05
6.589e-02 2.211e+05
7.043e-02 1.999e+05
6.679e-02 2.116e+05
8.458e-02 1.625e+05
6.518e-02 2.201e+05
6.724e-02 2.172e+05
1.062e-01 1.107e+05
7.638e-02 1.803e+05
9.615e-02 1.267e+05
8.644e-02 1.539e+05
1.392e-01 8.014e+04
7.097e-02 2.029e+05
9.539e-02 1.256e+05
6.723e-02 2.115e+05
7.110e-02 2.025e+05
7.340e-02 1.935e+05
7.494e-02 1.780e+05
6.575e-02 2.173e+05
6.702e-02 2.111e+05
8.897e-02 1.463e+05
1.190e-01 1.108e+05
6.641e-02 2.144e+05
7.091e-02 2.006e+05
7.461e-02 1.810e+05
7.589e-02 1.694e+05
9.010e-02 1.482e+05
7.104e-02 1.966e+05
6.828e-02 2.094e+05
1.063e-01 1.091e+05
6.991e-02 2.033e+05
6.919e-02 2.060e+05
7.039e-02 2.004e+05
7.820e-02 1.740e+05
6.599e-02 2.211e+05
1.493e-01 7.791e+04
1.338e-01 8.409e+04
6.991e-02 2.015e+05
7.008e-02 2.001e+05
6.484e-02 2.248e+05
1.206e-01 1.040e+05
1.001e-01 1.333e+05
7.271e-02 1.996e+05
1.153e-01 1.018e+05
6.790e-02 2.081e+05
6.675e-02 2.172e+05
6.799e-02 2.140e+05
7.334e-02 1.885e+05
6.728e-02 2.091e+05
7.094e-02 1.984e+05
7.021e-02 1.975e+05
7.504e-02 1.849e+05
1.392e-01 7.525e+04
6.717e-02 2.067e+05
1.074e-01 1.167e+05
6.757e-02 2.093e+05
1.392e-01 8.946e+04
7.054e-02 2.030e+05
6.905e-02 2.071e+05
6.921e-02 2.037e+05
6.728e-02 2.117e+05
9.865e-02 1.262e+05
6.795e-02 2.107e+05
1.008e-01 1.284e+05
6.897e-02 2.067e+05
1.278e-01 8.920e+04
7.025e-02 2.056e+05
1.366e-01 8.180e+04
6.647e-02 2.195e+05
1.377e-01 8.518e+04
1.286e-01 8.266e+04
9.953e-02 1.324e+05
6.708e-02 2.137e+05
8.531e-02 1.446e+05
6.644e-02 2.145e+05
8.822e-02 1.544e+05
1.036e-01 1.262e+05
7.316e-02 1.900e+05
1.127e-01 1.047e+05
8.376e-02 1.544e+05
1.166e-01 9.267e+04
6.643e-02 2.147e+05
1.461e-01 8.026e+04
8.488e-02 1.482e+05
7.037e-02 1.993e+05
7.064e-02 2.024e+05
6.997e-02 2.051e+05
1.543e-01 7.633e+04
1.017e-01 1.229e+05
1.106e-01 1.113e+05
6.725e-02 2.122e+05
8.436e-02 1.692e+05
8.499e-02 1.478e+05
1.115e-01 1.217e+05
6.857e-02 2.122e+05
7.055e-02 2.002e+05
7.486e-02 1.864e+05
1.456e-01 7.765e+04
7.424e-02 1.946e+05
6.751e-02 2.084e+05
1.315e-01 8.590e+04
8.050e-02 1.592e+05
1.385e-01 7.828e+04
6.663e-02 2.135e+05
6.896e-02 2.102e+05
6.931e-02 2.044e+05
7.068e-02 2.005e+05
7.075e-02 2.018e+05
6.727e-02 2.148e+05
1.172e-01 1.061e+05
6.837e-02 2.087e+05
6.902e-02 2.093e+05
6.507e-02 2.238e+05
6.775e-02 2.121e+05
6.893e-02 2.047e+05
6.533e-02 2.221e+05
1.574e-01 6.858e+04
6.836e-02 2.099e+05
6.691e-02 2.138e+05
6.842e-02 2.089e+05
6.999e-02 2.047e+05
1.273e-01 8.082e+04
6.631e-02 2.140e+05
7.211e-02 1.951e+05
6.942e-02 2.091e+05
9.549e-02 1.456e+05
6.890e-02 2.045e+05
6.753e-02 2.174e+05
6.620e-02 2.143e+05
1.011e-01 1.390e+05
7.183e-02 1.943e+05
7.039e-02 2.045e+05
6.885e-02 2.003e+05
7.175e-02 1.951e+05
7.716e-02 1.745e+05
8.149e-02 1.656e+05
7.099e-02 2.019e+05
6.996e-02 2.095e+05
8.373e-02 1.560e+05
6.591e-02 2.157e+05
7.520e-02 1.904e+05
8.836e-02 1.566e+05
6.723e-02 2.142e+05
6.872e-02 2.132e+05
6.561e-02 2.229e+05
1.013e-01 1.247e+05
1.005e-01 1.309e+05
6.957e-02 2.039e+05
7.447e-02 1.862e+05
1.339e-01 8.096e+04
7.801e-02 1.837e+05
1.267e-01 9.343e+04
7.980e-02 1.697e+05
9.739e-02 1.343e+05
9.501e-02 1.456e+05
8.849e-02 1.550e+05
7.895e-02 1.767e+05
7.612e-02 1.783e+05
7.482e-02 1.863e+05
6.973e-02 2.067e+05
7.943e-02 1.723e+05
8.307e-02 1.628e+05
1.293e-01 1.015e+05
1.335e-01 8.548e+04
6.799e-02 2.062e+05
6.666e-02 2.181e+05
1.018e-01 1.204e+05
8.436e-02 1.532e+05
6.975e-02 2.090e+05
7.422e-02 1.859e+05
8.752e-02 1.370e+05
1.045e-01 1.206e+05
6.835e-02 2.051e+05
6.901e-02 2.034e+05
6.647e-02 2.211e+05
8.186e-02 1.680e+05
6.857e-02 2.076e+05
6.805e-02 2.097e+05
6.839e-02 2.016e+05
7.522e-02 1.843e+05
7.002e-02 1.976e+05
7.150e-02 1.926e+05
6.892e-02 2.076e+05
6.779e-02 2.096e+05
9.027e-02 1.526e+05
7.962e-02 1.614e+05
9.667e-02 1.372e+05
7.511e-02 1.884e+05
1.485e-01 7.082e+04
7.291e-02 1.942e+05
6.983e-02 1.986e+05
8.905e-02 1.551e+05
6.618e-02 2.170e+05
8.128e-02 1.650e+05
8.357e-02 1.614e+05
6.784e-02 2.096e+05
8.516e-02 1.554e+05
1.439e-01 7.929e+04
6.856e-02 2.076e+05
6.964e-02 2.037e+05
8.083e-02 1.668e+05
6.867e-02 2.103e+05
6.557e-02 2.236e+05
8.035e-02 1.749e+05
7.802e-02 1.817e+05
8.931e-02 1.502e+05
1.140e-01 1.053e+05
1.203e-01 9.853e+04
6.821e-02 2.111e+05
6.866e-02 2.056e+05
1.446e-01 8.608e+04
6.749e-02 2.118e+05
1.049e-01 1.188e+05
8.809e-02 1.546e+05
6.880e-02 2.107e+05
6.603e-02 2.168e+05
1.459e-01 7.256e+04
1.552e-01 7.228e+04
6.818e-02 2.097e+05
7.070e-02 1.993e+05
6.774e-02 2.098e+05
9.149e-02 1.343e+05
1.166e-01 9.418e+04
6.762e-02 2.125e+05
1.048e-01 1.174e+05
7.299e-02 1.974e+05
7.477e-02 1.897e+05
6.599e-02 2.156e+05
6.979e-02 2.064e+05
7.070e-02 1.993e+05
8.150e-02 1.649e+05
9.610e-02 1.395e+05
7.079e-02 1.969e+05
1.470e-01 7.476e+04
6.785e-02 2.055e+05
6.961e-02 2.061e+05
8.551e-02 1.523e+05
1.014e-01 1.101e+05
1.546e-01 7.554e+04
6.814e-02 2.093e+05
1.030e-01 1.210e+05
7.703e-02 1.831e+05
7.027e-02 2.004e+05
8.742e-02 1.556e+05
6.833e-02 2.091e+05
7.006e-02 2.054e+05
9.048e-02 1.440e+05
6.677e-02 2.129e+05
6.522e-02 2.202e+05
9.083e-02 1.443e+05
7.303e-02 1.919e+05
1.551e-01 7.218e+04
9.461e-02 1.427e+05
7.269e-02 1.954e+05
6.858e-02 2.060e+05
7.074e-02 2.070e+05
7.938e-02 1.670e+05
7.314e-02 1.927e+05
6.747e-02 2.141e+05
6.850e-02 2.011e+05
6.811e-02 2.100e+05
1.376e-01 9.012e+04
1.013e-01 1.120e+05
6.788e-02 2.100e+05
1.004e-01 1.308e+05
1.278e-01 8.158e+04
6.853e-02 2.130e+05
7.000e-02 2.023e+05
7.536e-02 1.827e+05
6.907e-02 2.064e+05
1.132e-01 1.039e+05
8.305e-02 1.677e+05
1.026e-01 1.256e+05
8.782e-02 1.521e+05
6.943e-02 2.077e+05
6.662e-02 2.142e+05
1.396e-01 7.325e+04
8.799e-02 1.583e+05
7.042e-02 1.987e+05
6.997e-02 2.018e+05
9.157e-02 1.526e+05
6.606e-02 2.162e+05
8.517e-02 1.593e+05
6.963e-02 2.026e+05
1.268e-01 9.387e+04
8.472e-02 1.521e+05
8.340e-02 1.529e+05
7.280e-02 1.941e+05
6.820e-02 2.093e+05
1.224e-01 9.521e+04
6.608e-02 2.155e+05
1.266e-01 9.663e+04
1.546e-01 7.484e+04
1.103e-01 1.122e+05
6.968e-02 2.061e+05
9.607e-02 1.462e+05
7.293e-02 1.953e+05
1.210e-01 9.945e+04
6.890e-02 2.090e+05
6.803e-02 2.092e+05
6.798e-02 2.047e+05
6.715e-02 2.126e+05
1.147e-01 1.067e+05
1.050e-01 1.157e+05
1.311e-01 8.557e+04
6.780e-02 2.088e+05
7.288e-02 1.902e+05
6.655e-02 2.133e+05
1.124e-01 1.101e+05
1.202e-01 1.086e+05
6.936e-02 2.102e+05
6.914e-02 2.106e+05
8.190e-02 1.663e+05
6.634e-02 2.160e+05
7.452e-02 1.843e+05
6.663e-02 2.177e+05
1.578e-01 7.442e+04
8.882e-02 1.612e+05
1.224e-01 1.036e+05
7.019e-02 2.063e+05
6.864e-02 2.069e+05
6.884e-02 2.090e+05
7.877e-02 1.760e+05
1.240e-01 9.423e+04
9.281e-02 1.305e+05
6.657e-02 2.205e+05
6.989e-02 2.003e+05
6.667e-02 2.150e+05
6.742e-02 2.105e+05
1.143e-01 1.129e+05
6.879e-02 2.072e+05
7.263e-02 2.001e+05
6.688e-02 2.176e+05
6.680e-02 2.148e+05
7.155e-02 1.988e+05
6.647e-02 2.169e+05
6.865e-02 2.084e+05
1.047e-01 1.094e+05
7.076e-02 2.006e+05
6.817e-02 2.109e+05
7.994e-02 1.560e+05
1.402e-01 7.713e+04
7.152e-02 1.968e+05
6.977e-02 2.043e+05
7.517e-02 1.912e+05
8.192e-02 1.626e+05
1.157e-01 1.070e+05
6.768e-02 2.084e+05
9.650e-02 1.337e+05
9.992e-02 1.325e+05
7.806e-02 1.757e+05
6.491e-02 2.239e+05
7.063e-02 1.979e+05
1.306e-01 9.254e+04
7.438e-02 1.878e+05
1.478e-01 7.187e+04
6.828e-02 2.108e+05
6.723e-02 2.075e+05
8.475e-02 1.509e+05
1.361e-01 8.195e+04
6.749e-02 2.161e+05
8.874e-02 1.414e+05
8.582e-02 1.480e+05
6.860e-02 2.094e+05
1.008e-01 1.190e+05
7.074e-02 2.018e+05
7.382e-02 1.913e+05
8.253e-02 1.636e+05
6.953e-02 2.063e+05
8.948e-02 1.490e+05
6.868e-02 2.074e+05
6.499e-02 2.252e+05
6.517e-02 2.203e+05
8.838e-02 1.405e+05
6.903e-02 2.087e+05
7.222e-02 1.968e+05
1.064e-01 1.281e+05
6.611e-02 2.148e+05
6.802e-02 2.112e+05
1.017e-01 1.232e+05
1.081e-01 1.047e+05
6.833e-02 2.097e+05
1.296e-01 1.010e+05
6.627e-02 2.132e+05
6.619e-02 2.210e+05
1.208e-01 1.082e+05
6.633e-02 2.171e+05
8.917e-02 1.439e+05
6.609e-02 2.213e+05
7.060e-02 2.016e+05
6.805e-02 2.110e+05
1.027e-01 1.306e+05
7.149e-02 1.966e+05
1.041e-01 1.169e+05
1.426e-01 7.961e+04
6.742e-02 2.136e+05
7.596e-02 1.778e+05
6.871e-02 2.119e+05
7.164e-02 1.973e+05
1.022e-01 1.320e+05
7.119e-02 1.986e+05
6.795e-02 2.117e+05
7.126e-02 2.043e+05
6.657e-02 2.185e+05
7.007e-02 2.036e+05
7.095e-02 1.976e+05
6.901e-02 2.055e+05
1.604e-01 7.623e+04
6.869e-02 2.090e+05
9.978e-02 1.371e+05
6.666e-02 2.119e+05
7.292e-02 1.960e+05
1.422e-01 7.423e+04
1.300e-01 8.548e+04
1.265e-01 9.290e+04
1.464e-01 7.620e+04
8.666e-02 1.549e+05
7.229e-02 1.933e+05
6.842e-02 2.093e+05
6.759e-02 2.119e+05
9.418e-02 1.407e+05
6.713e-02 2.172e+05
6.872e-02 2.089e+05
6.701e-02 2.181e+05
7.009e-02 2.028e+05
1.541e-01 7.813e+04
1.012e-01 1.310e+05
1.133e-01 1.054e+05
1.103e-01 1.122e+05
1.359e-01 8.342e+04
9.047e-02 1.465e+05
6.914e-02 2.110e+05
1.447e-01 7.491e+04
6.805e-02 2.118e+05
8.485e-02 1.605e+05
7.572e-02 1.915e+05
6.667e-02 2.110e+05
7.243e-02 1.965e+05
1.142e-01 1.055e+05
1.138e-01 1.060e+05
6.845e-02 2.081e+05
6.997e-02 2.032e+05
1.039e-01 1.151e+05
1.036e-01 1.094e+05
6.858e-02 2.080e+05
7.601e-02 1.710e+05
8.218e-02 1.663e+05
8.092e-02 1.697e+05
1.083e-01 1.174e+05
1.384e-01 7.999e+04
1.314e-01 9.739e+04
7.509e-02 1.861e+05
6.699e-02 2.105e+05
6.964e-02 2.029e+05
6.852e-02 2.046e+05
6.860e-02 2.119e+05
6.481e-02 2.242e+05
6.875e-02 2.087e+05
1.142e-01 1.131e+05
1.248e-01 9.345e+04
1.130e-01 1.160e+05
8.076e-02 1.722e+05
6.847e-02 2.066e+05
6.724e-02 2.082e+05
1.073e-01 1.190e+05
6.805e-02 2.119e+05
6.757e-02 2.152e+05
1.098e-01 1.080e+05
8.402e-02 1.457e+05
9.850e-02 1.278e+05
7.942e-02 1.644e+05
7.402e-02 1.957e+05
6.503e-02 2.229e+05
6.942e-02 2.047e+05
7.013e-02 2.045e+05
8.015e-02 1.700e+05
7.089e-02 1.998e+05
6.798e-02 2.097e+05
9.526e-02 1.235e+05
7.869e-02 1.671e+05
7.530e-02 1.919e+05
8.991e-02 1.317e+05
1.239e-01 1.020e+05
1.639e-01 7.173e+04
9.390e-02 1.379e+05
7.698e-02 1.880e+05
7.295e-02 1.916e+05
6.989e-02 2.055e+05
1.058e-01 1.282e+05
6.699e-02 2.165e+05
8.390e-02 1.656e+05
1.312e-01 8.759e+04
6.945e-02 2.047e+05
9.218e-02 1.391e+05
6.537e-02 2.212e+05
7.633e-02 1.682e+05
8.429e-02 1.515e+05
1.121e-01 1.118e+05
6.769e-02 2.086e+05
1.413e-01 7.348e+04
6.788e-02 2.093e+05
1.008e-01 1.208e+05
6.624e-02 2.205e+05
6.545e-02 2.182e+05
1.483e-01 7.836e+04
9.786e-02 1.320e+05
6.590e-02 2.170e+05
6.986e-02 2.074e+05
1.178e-01 1.072e+05
6.584e-02 2.144e+05
6.586e-02 2.183e+05
6.783e-02 2.103e+05
1.249e-01 1.011e+05
8.534e-02 1.450e+05
7.746e-02 1.715e+05
6.916e-02 2.110e+05
1.348e-01 8.841e+04
6.911e-02 2.040e+05
1.169e-01 1.080e+05
6.847e-02 2.088e+05
6.614e-02 2.184e+05
8.195e-02 1.519e+05
1.387e-01 8.866e+04
6.804e-02 2.038e+05
6.986e-02 2.051e+05
6.971e-02 2.026e+05
6.675e-02 2.190e+05
7.115e-02 1.980e+05
8.590e-02 1.577e+05
6.647e-02 2.131e+05
7.746e-02 1.654e+05
8.111e-02 1.675e+05
6.710e-02 2.187e+05
7.069e-02 2.021e+05
6.875e-02 2.082e+05
6.842e-02 2.081e+05
1.356e-01 7.923e+04
6.739e-02 2.126e+05
7.936e-02 1.801e+05
6.684e-02 2.158e+05
6.942e-02 2.036e+05
7.102e-02 1.934e+05
8.665e-02 1.435e+05
6.661e-02 2.197e+05
7.593e-02 1.766e+05
1.393e-01 7.680e+04
1.112e-01 1.110e+05
7.002e-02 2.002e+05
1.141e-01 1.201e+05
6.803e-02 2.118e+05
6.909e-02 2.079e+05
1.156e-01 1.054e+05
6.888e-02 2.037e+05
1.234e-01 1.054e+05
9.125e-02 1.293e+05
6.666e-02 2.132e+05
1.058e-01 1.048e+05
6.778e-02 2.143e+05
7.716e-02 1.652e+05
6.998e-02 2.032e+05
8.113e-02 1.711e+05
7.136e-02 1.943e+05
6.807e-02 2.102e+05
1.437e-01 7.552e+04
8.047e-02 1.651e+05
1.168e-01 9.791e+04
6.779e-02 2.103e+05
9.706e-02 1.355e+05
9.282e-02 1.385e+05
1.145e-01 1.105e+05
9.434e-02 1.344e+05
7.578e-02 1.818e+05
1.409e-01 7.134e+04
9.177e-02 1.480e+05
7.019e-02 1.917e+05
7.216e-02 1.848e+05
1.114e-01 1.020e+05
8.906e-02 1.458e+05
7.229e-02 1.960e+05
6.725e-02 2.079e+05
6.658e-02 2.126e+05
1.067e-01 1.125e+05
6.751e-02 2.116e+05
8.138e-02 1.616e+05
6.581e-02 2.174e+05
7.701e-02 1.717e+05
6.741e-02 2.154e+05
1.095e-01 1.117e+05
6.978e-02 2.000e+05
6.637e-02 2.191e+05
9.643e-02 1.200e+05
6.788e-02 2.113e+05
8.183e-02 1.614e+05
6.826e-02 2.073e+05
7.618e-02 1.832e+05
6.769e-02 2.090e+05
6.803e-02 2.123e+05
7.906e-02 1.659e+05
6.902e-02 2.046e+05
1.433e-01 7.583e+04
1.376e-01 7.729e+04
1.073e-01 1.262e+05
1.040e-01 1.243e+05
7.524e-02 1.806e+05
8.226e-02 1.631e+05
7.510e-02 1.834e+05
9.167e-02 1.435e+05
7.965e-02 1.674e+05
6.805e-02 2.137e+05
7.134e-02 1.961e+05
6.757e-02 2.093e+05
6.780e-02 2.133e+05
7.052e-02 2.053e+05
8.514e-02 1.419e+05
8.278e-02 1.610e+05
1.011e-01 1.382e+05
1.025e-01 1.242e+05
7.393e-02 1.869e+05
1.372e-01 7.570e+04
6.819e-02 2.092e+05
1.029e-01 1.216e+05
1.340e-01 7.898e+04
6.788e-02 2.137e+05
6.528e-02 2.206e+05
7.469e-02 1.768e+05
6.932e-02 2.044e+05
1.171e-01 1.018e+05
1.238e-01 9.486e+04
7.042e-02 2.041e+05
7.760e-02 1.655e+05
1.120e-01 1.196e+05
7.152e-02 1.910e+05
1.133e-01 1.163e+05
6.886e-02 2.116e+05
6.484e-02 2.239e+05
6.792e-02 2.053e+05
7.151e-02 1.946e+05
9.278e-02 1.265e+05
6.891e-02 2.086e+05
6.596e-02 2.171e+05
1.110e-01 1.120e+05
6.923e-02 2.076e+05
6.949e-02 2.076e+05
8.486e-02 1.458e+05
6.525e-02 2.247e+05
1.123e-01 1.067e+05
6.873e-02 2.060e+05
6.648e-02 2.134e+05
8.691e-02 1.467e+05
9.827e-02 1.167e+05
6.920e-02 2.047e+05
6.850e-02 2.104e+05
7.508e-02 1.726e+05
1.501e-01 7.381e+04
9.051e-02 1.429e+05
1.418e-01 7.408e+04
1.217e-01 1.093e+05
1.085e-01 1.055e+05
7.100e-02 2.021e+05
8.869e-02 1.362e+05
8.662e-02 1.472e+05
7.441e-02 1.769e+05
6.593e-02 2.191e+05
6.775e-02 2.133e+05
1.319e-01 8.512e+04
6.610e-02 2.196e+05
1.326e-01 9.756e+04
6.839e-02 2.087e+05
6.797e-02 2.068e+05
1.473e-01 7.553e+04
9.854e-02 1.298e+05
6.631e-02 2.162e+05
8.886e-02 1.601e+05
1.512e-01 7.047e+04
7.523e-02 1.888e+05
9.996e-02 1.224e+05
1.228e-01 1.037e+05
1.403e-01 7.400e+04
7.750e-02 1.711e+05
8.902e-02 1.471e+05
1.036e-01 1.297e+05
6.989e-02 2.046e+05
7.002e-02 2.054e+05
7.789e-02 1.695e+05
7.139e-02 1.968e+05
1.625e-01 7.453e+04
6.775e-02 2.116e+05
9.615e-02 1.397e+05
9.441e-02 1.478e+05
1.285e-01 9.966e+04
8.460e-02 1.531e+05
6.628e-02 2.147e+05
7.622e-02 1.807e+05
9.874e-02 1.226e+05
7.672e-02 1.843e+05
6.597e-02 2.176e+05
7.299e-02 1.887e+05
7.014e-02 1.966e+05
7.423e-02 1.885e+05
1.026e-01 1.143e+05
1.077e-01 1.050e+05
7.038e-02 2.064e+05
6.773e-02 2.170e+05
7.016e-02 2.047e+05
6.994e-02 2.031e+05
6.902e-02 2.101e+05
6.606e-02 2.167e+05
6.530e-02 2.246e+05
8.671e-02 1.492e+05
1.581e-01 7.144e+04
1.166e-01 1.160e+05
7.131e-02 1.977e+05
8.546e-02 1.490e+05
6.813e-02 2.152e+05
9.026e-02 1.396e+05
6.794e-02 2.122e+05
7.017e-02 2.013e+05
6.933e-02 2.052e+05
7.745e-02 1.669e+05
1.104e-01 1.165e+05
7.424e-02 1.809e+05
8.300e-02 1.637e+05
6.728e-02 2.186e+05
7.095e-02 2.011e+05
1.086e-01 1.218e+05
1.054e-01 1.122e+05
8.871e-02 1.410e+05
6.587e-02 2.208e+05
6.957e-02 2.083e+05
1.462e-01 7.893e+04
7.180e-02 1.966e+05
9.014e-02 1.473e+05
6.792e-02 2.125e+05
1.130e-01 1.213e+05
6.681e-02 2.146e+05
6.805e-02 2.132e+05
1.053e-01 1.233e+05
1.568e-01 7.175e+04
1.367e-01 8.073e+04
6.955e-02 2.026e+05
6.981e-02 2.079e+05
6.914e-02 2.040e+05
7.469e-02 1.829e+05
1.437e-01 7.144e+04
1.112e-01 1.180e+05
9.487e-02 1.456e+05
6.881e-02 2.094e+05
8.378e-02 1.643e+05
1.359e-01 8.571e+04
7.325e-02 1.962e+05
6.879e-02 2.079e+05
6.813e-02 2.095e+05
1.297e-01 8.220e+04
1.142e-01 9.167e+04
7.312e-02 1.894e+05
6.705e-02 2.189e+05
6.636e-02 2.185e+05
8.270e-02 1.494e+05
6.681e-02 2.158e+05
1.615e-01 7.099e+04
1.129e-01 1.023e+05
8.499e-02 1.531e+05
1.031e-01 1.302e+05
7.155e-02 1.954e+05
7.388e-02 1.882e+05
1.076e-01 1.097e+05
1.237e-01 8.831e+04
6.952e-02 2.054e+05
9.344e-02 1.411e+05
8.755e-02 1.517e+05
1.394e-01 7.086e+04
7.020e-02 2.041e+05
1.246e-01 8.581e+04
6.954e-02 2.008e+05
7.734e-02 1.798e+05
6.910e-02 2.068e+05
8.538e-02 1.588e+05
6.998e-02 2.023e+05
7.074e-02 2.009e+05
6.790e-02 2.152e+05
6.792e-02 2.145e+05
6.810e-02 2.105e+05
1.187e-01 9.887e+04
6.571e-02 2.239e+05
6.652e-02 2.196e+05
6.614e-02 2.184e+05
1.224e-01 1.026e+05
7.010e-02 2.039e+05
7.046e-02 2.017e+05
6.627e-02 2.159e+05
6.622e-02 2.158e+05
6.759e-02 2.045e+05
9.375e-02 1.440e+05
6.885e-02 2.022e+05
7.179e-02 1.948e+05
1.033e-01 1.167e+05
8.040e-02 1.688e+05
1.572e-01 6.927e+04
1.409e-01 8.408e+04
1.151e-01 1.063e+05
9.021e-02 1.493e+05
6.683e-02 2.135e+05
6.918e-02 2.059e+05
6.939e-02 2.062e+05
7.153e-02 2.006e+05
6.867e-02 2.004e+05
9.761e-02 1.431e+05
7.075e-02 2.019e+05
1.386e-01 7.257e+04
7.742e-02 1.673e+05
1.089e-01 1.163e+05
1.446e-01 7.070e+04
7.001e-02 2.034e+05
6.767e-02 2.140e+05
1.495e-01 7.583e+04
9.667e-02 1.230e+05
7.095e-02 2.018e+05
1.107e-01 1.001e+05
6.800e-02 2.108e+05
7.496e-02 1.814e+05
6.776e-02 2.123e+05
7.161e-02 2.011e+05
9.194e-02 1.531e+05
6.845e-02 2.095e+05
6.935e-02 2.095e+05
6.826e-02 2.109e+05
8.003e-02 1.582e+05
7.338e-02 1.916e+05
1.079e-01 1.128e+05
9.555e-02 1.245e+05
7.511e-02 1.847e+05
6.630e-02 2.173e+05
1.180e-01 9.263e+04
6.985e-02 2.041e+05
6.973e-02 2.034e+05
6.767e-02 2.150e+05
1.006e-01 1.146e+05
7.051e-02 2.053e+05
6.541e-02 2.230e+05
8.390e-02 1.647e+05
7.175e-02 1.978e+05
8.993e-02 1.464e+05
1.186e-01 9.556e+04
1.009e-01 1.240e+05
8.877e-02 1.417e+05
6.695e-02 2.160e+05
6.940e-02 2.046e+05
6.669e-02 2.104e+05
1.372e-01 8.376e+04
6.536e-02 2.189e+05
8.279e-02 1.642e+05
7.520e-02 1.804e+05
1.321e-01 8.640e+04
1.229e-01 9.233e+04
8.157e-02 1.760e+05
7.870e-02 1.805e+05
9.801e-02 1.374e+05
7.087e-02 2.014e+05
6.556e-02 2.183e+05
6.646e-02 2.201e+05
9.327e-02 1.429e+05
8.846e-02 1.397e+05
6.972e-02 1.955e+05
9.958e-02 1.323e+05
1.000e-01 1.212e+05
1.016e-01 1.207e+05
7.251e-02 2.008e+05
6.672e-02 2.191e+05
1.020e-01 1.185e+05
9.547e-02 1.369e+05
1.009e-01 1.245e+05
7.159e-02 1.961e+05
1.063e-01 1.269e+05
6.814e-02 2.106e+05
1.177e-01 9.820e+04
6.898e-02 2.106e+05
8.356e-02 1.556e+05
1.281e-01 9.171e+04
1.353e-01 7.953e+04
7.325e-02 1.911e+05
1.541e-01 7.641e+04
6.718e-02 2.145e+05
1.428e-01 7.700e+04
1.028e-01 1.110e+05
6.877e-02 2.066e+05
6.733e-02 2.086e+05
6.873e-02 2.081e+05
1.280e-01 9.829e+04
1.403e-01 7.468e+04
1.005e-01 1.272e+05
6.697e-02 2.127e+05
9.322e-02 1.252e+05
6.639e-02 2.214e+05
8.643e-02 1.417e+05
6.540e-02 2.179e+05
7.553e-02 1.902e+05
1.283e-01 9.686e+04
7.229e-02 1.928e+05
1.217e-01 9.827e+04
1.555e-01 7.211e+04
1.496e-01 6.977e+04
7.547e-02 1.830e+05
9.667e-02 1.409e+05
6.706e-02 2.132e+05
9.639e-02 1.371e+05
1.627e-01 7.169e+04
7.005e-02 2.035e+05
6.704e-02 2.105e+05
6.858e-02 2.074e+05
7.555e-02 1.842e+05
1.053e-01 1.240e+05
6.521e-02 2.222e+05
1.333e-01 8.581e+04
6.661e-02 2.166e+05
8.038e-02 1.643e+05
1.111e-01 1.234e+05
6.613e-02 2.192e+05
6.821e-02 2.119e+05
8.309e-02 1.604e+05
6.679e-02 2.141e+05
6.882e-02 2.076e+05
6.633e-02 2.197e+05
9.533e-02 1.358e+05
8.584e-02 1.492e+05
6.886e-02 2.076e+05
6.716e-02 2.170e+05
6.908e-02 2.061e+05
8.781e-02 1.618e+05
6.632e-02 2.211e+05
1.474e-01 7.345e+04
8.179e-02 1.677e+05
6.914e-02 2.052e+05
8.494e-02 1.485e+05
7.161e-02 1.962e+05
1.189e-01 9.906e+04
8.066e-02 1.562e+05
7.880e-02 1.741e+05
6.648e-02 2.167e+05
1.066e-01 1.295e+05
8.947e-02 1.500e+05
7.200e-02 1.933e+05
6.688e-02 2.196e+05
1.061e-01 1.324e+05
6.751e-02 2.139e+05
1.316e-01 8.461e+04
7.052e-02 2.044e+05
8.379e-02 1.553e+05
1.066e-01 1.047e+05
6.570e-02 2.196e+05
1.539e-01 7.459e+04
8.983e-02 1.473e+05
1.163e-01 1.006e+05
6.728e-02 2.134e+05
7.037e-02 1.975e+05
1.110e-01 1.117e+05
6.546e-02 2.176e+05
1.023e-01 1.192e+05
6.919e-02 2.057e+05
8.758e-02 1.527e+05
6.683e-02 2.160e+05
1.095e-01 1.081e+05
8.463e-02 1.608e+05
7.696e-02 1.829e+05
1.269e-01 1.004e+05
1.308e-01 9.759e+04
6.916e-02 2.100e+05
6.979e-02 1.984e+05
6.823e-02 2.152e+05
7.101e-02 2.007e+05
7.276e-02 1.911e+05
8.044e-02 1.659e+05
6.926e-02 2.006e+05
7.480e-02 1.865e+05
6.874e-02 2.130e+05
1.287e-01 9.633e+04
6.809e-02 2.102e+05
6.898e-02 2.083e+05
1.102e-01 1.076e+05
6.718e-02 2.162e+05
6.800e-02 2.102e+05
1.126e-01 1.220e+05
1.177e-01 1.058e+05
1.350e-01 7.251e+04
6.586e-02 2.219e+05
1.091e-01 1.104e+05
9.901e-02 1.430e+05
8.789e-02 1.513e+05
7.286e-02 1.909e+05
6.725e-02 2.121e+05
6.645e-02 2.211e+05
1.067e-01 1.072e+05
6.873e-02 2.096e+05
1.283e-01 9.866e+04
6.984e-02 2.076e+05
6.884e-02 2.053e+05
6.950e-02 2.075e+05
9.989e-02 1.375e+05
1.142e-01 1.032e+05
6.767e-02 2.139e+05
1.132e-01 1.197e+05
8.520e-02 1.563e+05
8.531e-02 1.439e+05
7.132e-02 1.987e+05
1.081e-01 1.044e+05
1.320e-01 8.926e+04
1.025e-01 1.138e+05
1.457e-01 8.216e+04
7.651e-02 1.734e+05
7.478e-02 1.731e+05
1.187e-01 1.064e+05
1.084e-01 1.270e+05
1.387e-01 8.525e+04
1.452e-01 7.221e+04
6.975e-02 2.064e+05
9.675e-02 1.223e+05
1.373e-01 7.925e+04
1.053e-01 1.136e+05
7.258e-02 1.850e+05
6.634e-02 2.172e+05
9.957e-02 1.354e+05
6.987e-02 2.043e+05
6.867e-02 2.060e+05
1.172e-01 1.097e+05
1.075e-01 1.076e+05
7.222e-02 1.912e+05
1.043e-01 1.261e+05
7.577e-02 1.828e+05
8.466e-02 1.618e+05
6.816e-02 2.110e+05
1.453e-01 7.405e+04
6.957e-02 2.047e+05
6.714e-02 2.135e+05
7.050e-02 2.057e+05
7.554e-02 1.742e+05
6.771e-02 2.075e+05
1.020e-01 1.359e+05
9.919e-02 1.255e+05
6.650e-02 2.146e+05
7.082e-02 1.967e+05
6.976e-02 2.046e+05
7.929e-02 1.637e+05
1.043e-01 1.257e+05
7.008e-02 2.006e+05
7.728e-02 1.702e+05
8.279e-02 1.575e+05
7.121e-02 1.893e+05
6.713e-02 2.114e+05
6.564e-02 2.213e+05
9.154e-02 1.420e+05
1.175e-01 1.095e+05
1.352e-01 8.854e+04
6.817e-02 2.063e+05
1.431e-01 7.303e+04
6.866e-02 2.080e+05
1.170e-01 1.113e+05
8.679e-02 1.407e+05
6.898e-02 2.082e+05
1.280e-01 8.486e+04
6.831e-02 2.040e+05
1.057e-01 1.194e+05
1.053e-01 1.193e+05
9.172e-02 1.344e+05
7.401e-02 1.878e+05
7.166e-02 1.937e+05
7.471e-02 1.827e+05
7.586e-02 1.861e+05
6.776e-02 2.116e+05
6.665e-02 2.192e+05
1.014e-01 1.239e+05
7.076e-02 2.015e+05
6.640e-02 2.184e+05
7.692e-02 1.783e+05
6.709e-02 2.130e+05
6.551e-02 2.216e+05
7.039e-02 2.044e+05
1.260e-01 1.055e+05
7.468e-02 1.879e+05
1.142e-01 1.175e+05
1.188e-01 1.003e+05
6.643e-02 2.167e+05
6.935e-02 2.071e+05
6.735e-02 2.147e+05
1.547e-01 7.744e+04
1.092e-01 1.142e+05
6.864e-02 2.107e+05
1.059e-01 1.265e+05
6.863e-02 2.069e+05
6.931e-02 2.040e+05
8.261e-02 1.552e+05
1.016e-01 1.208e+05
1.367e-01 7.689e+04
7.092e-02 1.960e+05
1.644e-01 7.369e+04
6.702e-02 2.171e+05
9.754e-02 1.295e+05
7.558e-02 1.845e+05
6.519e-02 2.227e+05
8.134e-02 1.683e+05
1.040e-01 1.223e+05
1.207e-01 1.044e+05
1.198e-01 1.057e+05
7.801e-02 1.783e+05
6.636e-02 2.186e+05
1.258e-01 8.559e+04
1.493e-01 7.328e+04
6.813e-02 2.076e+05
6.795e-02 2.106e+05
1.125e-01 1.048e+05
7.439e-02 1.836e+05
1.498e-01 7.344e+04
9.692e-02 1.290e+05
6.501e-02 2.246e+05
1.359e-01 7.592e+04
6.778e-02 2.113e+05
6.750e-02 2.101e+05
1.413e-01 7.447e+04
8.475e-02 1.652e+05
1.015e-01 1.278e+05
6.848e-02 2.065e+05
6.751e-02 2.141e+05
6.919e-02 2.062e+05
1.455e-01 7.258e+04
1.095e-01 1.048e+05
6.866e-02 2.073e+05
1.420e-01 8.614e+04
7.857e-02 1.666e+05
6.935e-02 1.985e+05
8.482e-02 1.605e+05
7.638e-02 1.807e+05
1.223e-01 9.167e+04
8.784e-02 1.449e+05
9.586e-02 1.392e+05
6.575e-02 2.195e+05
8.392e-02 1.604e+05
1.285e-01 9.779e+04
6.810e-02 2.141e+05
6.506e-02 2.256e+05
8.570e-02 1.504e+05
1.316e-01 9.697e+04
9.547e-02 1.351e+05
6.754e-02 2.145e+05
7.153e-02 1.921e+05
6.902e-02 2.066e+05
8.351e-02 1.601e+05
7.346e-02 1.899e+05
1.377e-01 8.971e+04
6.934e-02 2.041e+05
7.752e-02 1.804e+05
1.056e-01 1.226e+05
9.184e-02 1.528e+05
7.070e-02 1.983e+05
8.412e-02 1.659e+05
6.852e-02 2.092e+05
7.790e-02 1.765e+05
7.101e-02 2.009e+05
6.600e-02 2.216e+05
7.030e-02 2.017e+05
6.702e-02 2.100e+05
6.549e-02 2.225e+05
8.921e-02 1.547e+05
6.783e-02 2.042e+05
9.149e-02 1.435e+05
6.553e-02 2.224e+05
8.793e-02 1.457e+05
6.728e-02 2.084e+05
1.302e-01 8.895e+04
6.875e-02 2.106e+05
6.542e-02 2.246e+05
6.573e-02 2.180e+05
6.563e-02 2.196e+05
6.768e-02 2.171e+05
7.072e-02 1.988e+05
1.437e-01 8.238e+04
1.158e-01 1.137e+05
6.892e-02 2.113e+05
6.981e-02 2.042e+05
9.799e-02 1.323e+05
1.031e-01 1.247e+05
9.476e-02 1.234e+05
6.826e-02 2.095e+05
6.753e-02 2.107e+05
1.058e-01 1.233e+05
9.276e-02 1.457e+05
6.852e-02 2.140e+05
1.454e-01 7.576e+04
1.454e-01 7.037e+04
8.616e-02 1.463e+05
9.235e-02 1.442e+05
7.005e-02 2.037e+05
1.097e-01 1.086e+05
7.269e-02 1.985e+05
9.305e-02 1.385e+05
6.895e-02 2.072e+05
1.275e-01 9.774e+04
1.649e-01 7.503e+04
1.019e-01 1.163e+05
6.892e-02 2.090e+05
8.927e-02 1.517e+05
8.833e-02 1.353e+05
6.978e-02 1.952e+05
6.799e-02 2.078e+05
7.441e-02 1.931e+05
6.678e-02 2.177e+05
7.155e-02 1.956e+05
7.814e-02 1.790e+05
1.199e-01 9.342e+04
6.776e-02 2.118e+05
7.295e-02 1.886e+05
1.014e-01 1.139e+05
6.952e-02 2.042e+05
7.190e-02 2.031e+05
1.257e-01 1.020e+05
6.845e-02 2.099e+05
7.819e-02 1.770e+05
6.997e-02 2.047e+05
6.690e-02 2.157e+05
6.925e-02 2.111e+05
8.438e-02 1.569e+05
1.137e-01 9.510e+04
7.878e-02 1.816e+05
7.072e-02 1.998e+05
6.827e-02 2.096e+05
7.865e-02 1.742e+05
1.149e-01 1.127e+05
1.139e-01 1.091e+05
6.762e-02 2.083e+05
6.850e-02 2.096e+05
7.642e-02 1.819e+05
6.826e-02 2.093e+05
6.907e-02 2.009e+05
8.191e-02 1.737e+05
6.935e-02 2.057e+05
6.592e-02 2.188e+05
8.489e-02 1.483e+05
7.265e-02 1.979e+05
1.226e-01 9.830e+04
7.110e-02 1.978e+05
1.068e-01 1.221e+05
6.745e-02 2.119e+05
6.825e-02 2.146e+05
7.243e-02 1.989e+05
9.993e-02 1.251e+05
1.364e-01 8.174e+04
6.711e-02 2.160e+05
7.172e-02 1.876e+05
8.617e-02 1.417e+05
6.913e-02 2.060e+05
1.455e-01 8.014e+04
7.102e-02 2.016e+05
6.630e-02 2.174e+05
9.632e-02 1.365e+05
1.409e-01 7.612e+04
6.891e-02 2.033e+05
7.293e-02 1.913e+05
8.166e-02 1.624e+05
7.000e-02 2.045e+05
9.771e-02 1.300e+05
6.626e-02 2.169e+05
1.428e-01 7.463e+04
9.769e-02 1.400e+05
6.991e-02 2.049e+05
6.582e-02 2.184e+05
1.126e-01 1.071e+05
9.679e-02 1.332e+05
6.895e-02 2.085e+05
6.532e-02 2.223e+05
6.593e-02 2.171e+05
1.290e-01 9.917e+04
6.878e-02 2.002e+05
1.071e-01 1.294e+05
6.859e-02 2.070e+05
1.464e-01 7.590e+04
6.585e-02 2.202e+05
7.833e-02 1.663e+05
6.644e-02 2.164e+05
1.158e-01 1.039e+05
6.714e-02 2.175e+05
1.379e-01 8.820e+04
1.429e-01 7.293e+04
6.584e-02 2.206e+05
7.021e-02 1.958e+05
6.653e-02 2.177e+05
9.156e-02 1.385e+05
1.302e-01 9.085e+04
1.209e-01 9.529e+04
7.912e-02 1.690e+05
6.527e-02 2.239e+05
6.689e-02 2.136e+05
7.579e-02 1.820e+05
6.683e-02 2.179e+05
7.283e-02 1.921e+05
9.048e-02 1.429e+05
6.512e-02 2.240e+05
1.405e-01 7.998e+04
6.610e-02 2.170e+05
8.856e-02 1.476e+05
1.361e-01 8.982e+04
7.439e-02 1.846e+05
8.613e-02 1.449e+05
6.561e-02 2.196e+05
6.958e-02 2.071e+05
8.699e-02 1.424e+05
1.368e-01 8.784e+04
8.440e-02 1.600e+05
6.826e-02 2.123e+05
1.482e-01 8.021e+04
1.517e-01 8.055e+04
6.565e-02 2.180e+05
6.976e-02 2.044e+05
9.489e-02 1.465e+05
8.668e-02 1.487e+05
6.840e-02 2.075e+05
7.759e-02 1.849e+05
1.639e-01 7.711e+04
1.332e-01 8.598e+04
6.659e-02 2.167e+05
1.395e-01 7.813e+04
1.074e-01 1.144e+05
7.169e-02 1.964e+05
7.500e-02 1.815e+05
9.274e-02 1.440e+05
6.934e-02 2.022e+05
1.137e-01 1.002e+05
7.564e-02 1.815e+05
6.795e-02 2.096e+05
1.333e-01 8.714e+04
7.001e-02 2.028e+05
6.719e-02 2.185e+05
9.746e-02 1.395e+05
6.817e-02 2.147e+05
8.145e-02 1.742e+05
8.410e-02 1.696e+05
6.984e-02 2.056e+05
7.168e-02 1.944e+05
8.322e-02 1.506e+05
1.003e-01 1.220e+05
6.612e-02 2.174e+05
6.748e-02 2.130e+05
6.717e-02 2.081e+05
6.808e-02 2.148e+05
6.866e-02 2.097e+05
6.569e-02 2.199e+05
1.025e-01 1.269e+05
1.443e-01 7.254e+04
6.915e-02 2.055e+05
8.958e-02 1.436e+05
6.717e-02 2.144e+05
6.642e-02 2.155e+05
1.140e-01 1.021e+05
6.922e-02 2.046e+05
6.606e-02 2.205e+05
8.340e-02 1.609e+05
7.373e-02 1.932e+05
1.056e-01 1.152e+05
6.911e-02 2.086e+05
1.083e-01 1.155e+05
1.067e-01 1.128e+05
6.566e-02 2.209e+05
7.085e-02 2.011e+05
7.504e-02 1.813e+05
6.758e-02 2.113e+05
6.803e-02 2.159e+05
6.747e-02 2.133e+05
1.129e-01 1.042e+05
6.957e-02 2.020e+05
6.869e-02 2.068e+05
9.784e-02 1.309e+05
6.938e-02 2.030e+05
8.728e-02 1.579e+05
1.103e-01 1.072e+05
8.481e-02 1.673e+05
6.969e-02 2.022e+05
6.479e-02 2.250e+05
9.442e-02 1.334e+05
9.236e-02 1.341e+05
6.970e-02 2.057e+05
1.374e-01 8.428e+04
6.853e-02 2.103e+05
7.074e-02 1.905e+05
7.078e-02 1.966e+05
6.504e-02 2.236e+05
6.868e-02 2.077e+05
7.750e-02 1.810e+05
6.606e-02 2.180e+05
1.490e-01 6.718e+04
6.578e-02 2.229e+05
1.174e-01 1.008e+05
6.818e-02 2.038e+05
1.005e-01 1.252e+05
6.874e-02 2.083e+05
6.515e-02 2.227e+05
1.277e-01 9.967e+04
8.293e-02 1.488e+05
6.933e-02 2.032e+05
8.254e-02 1.577e+05
1.471e-01 8.071e+04
6.989e-02 2.076e+05
1.015e-01 1.287e+05
1.065e-01 1.205e+05
7.524e-02 1.732e+05
7.084e-02 2.009e+05
1.363e-01 7.301e+04
9.161e-02 1.486e+05
1.237e-01 1.078e+05
6.924e-02 2.078e+05
7.013e-02 1.993e+05
7.009e-02 2.011e+05
6.841e-02 2.123e+05
6.532e-02 2.237e+05
1.208e-01 1.038e+05
8.834e-02 1.492e+05
1.231e-01 9.820e+04
6.585e-02 2.200e+05
1.314e-01 8.230e+04
6.854e-02 2.121e+05
8.358e-02 1.527e+05
6.960e-02 2.072e+05
1.099e-01 1.149e+05
7.001e-02 2.065e+05
1.015e-01 1.321e+05
1.265e-01 9.783e+04
7.264e-02 2.006e+05
1.074e-01 1.175e+05
6.747e-02 2.106e+05
7.630e-02 1.804e+05
1.388e-01 7.715e+04
6.827e-02 2.111e+05
7.662e-02 1.805e+05
9.807e-02 1.282e+05
1.284e-01 9.583e+04
7.152e-02 1.875e+05
7.488e-02 1.836e+05
1.262e-01 1.011e+05
1.153e-01 1.149e+05
1.391e-01 8.115e+04
6.571e-02 2.177e+05
6.515e-02 2.205e+05
9.986e-02 1.397e+05
1.198e-01 1.067e+05
9.315e-02 1.413e+05
8.026e-02 1.656e+05
1.030e-01 1.250e+05
7.448e-02 1.857e+05
6.760e-02 2.087e+05
6.709e-02 2.141e+05
1.348e-01 8.037e+04
1.432e-01 8.287e+04
9.855e-02 1.342e+05
1.440e-01 7.976e+04
1.068e-01 1.306e+05
6.710e-02 2.110e+05
1.036e-01 1.154e+05
6.644e-02 2.135e+05
6.813e-02 2.083e+05
8.606e-02 1.565e+05
7.447e-02 1.792e+05
7.110e-02 1.990e+05
8.546e-02 1.519e+05
1.173e-01 1.010e+05
1.454e-01 7.560e+04
1.405e-01 7.205e+04
6.982e-02 2.033e+05
6.898e-02 2.101e+05
8.027e-02 1.708e+05
9.885e-02 1.222e+05
6.659e-02 2.139e+05
1.052e-01 1.270e+05
8.834e-02 1.398e+05
6.702e-02 2.190e+05
9.120e-02 1.422e+05
8.597e-02 1.510e+05
6.764e-02 2.117e+05
7.207e-02 1.991e+05
1.043e-01 1.345e+05
7.146e-02 1.990e+05
8.440e-02 1.539e+05
7.121e-02 1.989e+05
8.880e-02 1.455e+05
7.968e-02 1.754e+05
7.646e-02 1.784e+05
7.271e-02 1.948e+05
1.096e-01 1.192e+05
1.009e-01 1.242e+05
7.013e-02 2.042e+05
8.139e-02 1.671e+05
6.663e-02 2.199e+05
6.817e-02 2.118e+05
9.521e-02 1.237e+05
7.961e-02 1.714e+05
1.115e-01 1.087e+05
1.558e-01 7.191e+04
7.078e-02 2.011e+05
8.401e-02 1.679e+05
8.258e-02 1.576e+05
9.247e-02 1.437e+05
6.881e-02 2.095e+05
8.925e-02 1.567e+05
6.620e-02 2.181e+05
7.559e-02 1.745e+05
6.924e-02 2.044e+05
6.507e-02 2.240e+05
6.633e-02 2.163e+05
6.726e-02 2.170e+05
6.938e-02 2.054e+05
7.265e-02 1.896e+05
8.255e-02 1.536e+05
7.413e-02 1.860e+05
7.234e-02 1.939e+05
6.592e-02 2.226e+05
1.323e-01 9.342e+04
8.428e-02 1.655e+05
6.835e-02 2.104e+05
7.037e-02 1.943e+05
1.224e-01 9.879e+04
6.871e-02 2.077e+05
1.163e-01 1.037e+05
6.882e-02 2.130e+05
1.312e-01 8.229e+04
6.751e-02 2.100e+05
1.254e-01 9.251e+04
9.623e-02 1.414e+05
7.769e-02 1.837e+05
7.043e-02 2.002e+05
8.164e-02 1.589e+05
6.729e-02 2.108e+05
1.549e-01 7.248e+04
8.825e-02 1.612e+05
6.807e-02 2.144e+05
1.036e-01 1.191e+05
7.974e-02 1.616e+05
7.235e-02 1.902e+05
6.955e-02 2.092e+05
6.838e-02 2.085e+05
6.813e-02 2.093e+05
6.803e-02 2.107e+05
6.641e-02 2.124e+05
7.854e-02 1.759e+05
9.027e-02 1.485e+05
6.988e-02 2.022e+05
6.582e-02 2.162e+05
6.993e-02 1.955e+05
7.956e-02 1.653e+05
7.673e-02 1.697e+05
9.235e-02 1.389e+05
8.945e-02 1.407e+05
6.872e-02 2.053e+05
1.086e-01 1.203e+05
7.088e-02 2.060e+05
8.263e-02 1.717e+05
6.976e-02 2.058e+05
7.221e-02 1.963e+05
1.450e-01 7.567e+04
9.265e-02 1.502e+05
7.025e-02 2.017e+05
1.356e-01 8.981e+04
8.470e-02 1.590e+05
6.780e-02 2.100e+05
9.893e-02 1.203e+05
6.962e-02 2.042e+05
6.698e-02 2.146e+05
6.700e-02 2.152e+05
7.115e-02 1.974e+05
9.457e-02 1.322e+05
1.651e-01 7.287e+04
1.418e-01 7.438e+04
6.526e-02 2.200e+05
8.248e-02 1.705e+05
6.633e-02 2.131e+05
7.144e-02 1.993e+05
8.994e-02 1.390e+05
9.590e-02 1.455e+05
7.501e-02 1.915e+05
1.077e-01 1.153e+05
7.294e-02 1.922e+05
6.636e-02 2.173e+05
7.472e-02 1.743e+05
1.540e-01 7.026e+04
9.450e-02 1.393e+05
7.853e-02 1.724e+05
8.135e-02 1.655e+05
1.505e-01 7.546e+04
1.352e-01 9.831e+04
7.048e-02 2.057e+05
9.358e-02 1.364e+05
1.020e-01 1.294e+05
7.232e-02 1.934e+05
1.262e-01 8.743e+04
6.552e-02 2.185e+05
7.639e-02 1.745e+05
6.843e-02 2.099e+05
6.759e-02 2.108e+05
1.145e-01 1.042e+05
8.329e-02 1.562e+05
7.423e-02 1.829e+05
6.870e-02 2.087e+05
6.822e-02 2.097e+05
6.604e-02 2.158e+05
6.738e-02 2.109e+05
1.172e-01 1.114e+05
6.984e-02 2.017e+05
1.170e-01 1.057e+05
1.323e-01 8.519e+04
6.860e-02 2.109e+05
7.268e-02 1.968e+05
6.863e-02 2.039e+05
6.518e-02 2.218e+05
7.086e-02 1.990e+05
6.977e-02 2.025e+05
7.391e-02 1.856e+05
7.913e-02 1.818e+05
6.615e-02 2.152e+05
7.131e-02 1.965e+05
6.704e-02 2.143e+05
8.986e-02 1.512e+05
6.633e-02 2.189e+05
8.022e-02 1.668e+05
7.826e-02 1.812e+05
6.873e-02 2.109e+05
7.741e-02 1.684e+05
9.426e-02 1.459e+05
1.308e-01 9.023e+04
6.773e-02 2.164e+05
6.748e-02 2.100e+05
6.761e-02 2.121e+05
6.582e-02 2.160e+05
8.525e-02 1.528e+05
6.850e-02 2.089e+05
1.480e-01 7.416e+04
1.107e-01 1.084e+05
9.658e-02 1.322e+05
1.392e-01 7.933e+04
9.028e-02 1.565e+05
6.828e-02 2.099e+05
6.991e-02 2.058e+05
1.362e-01 8.226e+04
7.624e-02 1.836e+05
1.139e-01 1.102e+05
1.065e-01 1.175e+05
6.854e-02 2.107e+05
9.557e-02 1.343e+05
1.036e-01 1.241e+05
1.055e-01 1.264e+05
6.843e-02 2.102e+05
1.417e-01 8.091e+04
7.036e-02 2.006e+05
1.362e-01 8.720e+04
6.644e-02 2.175e+05
6.983e-02 2.089e+05
8.813e-02 1.465e+05
1.448e-01 7.334e+04
6.801e-02 2.086e+05
6.610e-02 2.214e+05
1.513e-01 7.100e+04
6.805e-02 2.096e+05
8.274e-02 1.554e+05
8.205e-02 1.692e+05
6.956e-02 2.038e+05
8.288e-02 1.584e+05
7.011e-02 2.057e+05
6.795e-02 2.126e+05
9.912e-02 1.337e+05
8.860e-02 1.429e+05
6.885e-02 2.102e+05
9.225e-02 1.451e+05
1.007e-01 1.227e+05
1.180e-01 9.589e+04
1.025e-01 1.131e+05
6.770e-02 2.060e+05
6.622e-02 2.160e+05
9.462e-02 1.284e+05
8.782e-02 1.610e+05
7.146e-02 1.976e+05
8.905e-02 1.514e+05
6.494e-02 2.224e+05
1.376e-01 8.077e+04
6.869e-02 2.073e+05
6.963e-02 1.975e+05
6.874e-02 2.082e+05
7.142e-02 1.971e+05
7.112e-02 1.994e+05
8.456e-02 1.647e+05
7.008e-02 2.023e+05
1.319e-01 8.425e+04
9.927e-02 1.282e+05
6.667e-02 2.196e+05
6.879e-02 2.070e+05
1.357e-01 8.832e+04
6.643e-02 2.157e+05
8.399e-02 1.494e+05
1.324e-01 9.096e+04
1.508e-01 7.422e+04
1.238e-01 9.861e+04
7.532e-02 1.781e+05
1.173e-01 1.024e+05
6.932e-02 2.049e+05
1.376e-01 7.552e+04
8.645e-02 1.563e+05
1.509e-01 7.454e+04
9.555e-02 1.358e+05
9.072e-02 1.462e+05
7.779e-02 1.816e+05
6.538e-02 2.226e+05
1.164e-01 9.657e+04
9.847e-02 1.272e+05
6.690e-02 2.148e+05
6.973e-02 2.059e+05
1.362e-01 8.057e+04
7.924e-02 1.705e+05
6.482e-02 2.236e+05
9.250e-02 1.301e+05
7.413e-02 1.920e+05
6.800e-02 2.097e+05
9.580e-02 1.261e+05
1.157e-01 1.054e+05
6.969e-02 2.102e+05
7.303e-02 1.976e+05
6.647e-02 2.184e+05
1.426e-01 8.018e+04
6.970e-02 2.064e+05
7.766e-02 1.769e+05
9.027e-02 1.545e+05
7.069e-02 1.983e+05
7.885e-02 1.816e+05
7.543e-02 1.880e+05
6.523e-02 2.235e+05
1.353e-01 9.284e+04
6.585e-02 2.156e+05
6.844e-02 2.081e+05
6.935e-02 2.077e+05
9.834e-02 1.299e+05
8.151e-02 1.653e+05
8.165e-02 1.548e+05
8.477e-02 1.574e+05
9.684e-02 1.315e+05
6.769e-02 2.154e+05
7.839e-02 1.719e+05
6.586e-02 2.216e+05
6.976e-02 2.050e+05
1.028e-01 1.202e+05
6.556e-02 2.184e+05
1.097e-01 1.191e+05
6.737e-02 2.089e+05
1.019e-01 1.333e+05
9.051e-02 1.377e+05
7.116e-02 1.964e+05
6.757e-02 2.128e+05
1.067e-01 1.188e+05
6.736e-02 2.114e+05
6.913e-02 2.060e+05
6.620e-02 2.151e+05
9.733e-02 1.344e+05
7.038e-02 2.064e+05
8.193e-02 1.733e+05
9.717e-02 1.392e+05
1.323e-01 8.350e+04
8.525e-02 1.533e+05
6.783e-02 2.114e+05
6.623e-02 2.163e+05
6.786e-02 2.140e+05
7.022e-02 2.032e+05
6.828e-02 2.082e+05
6.834e-02 2.108e+05
9.382e-02 1.247e+05
6.836e-02 2.112e+05
6.753e-02 2.171e+05
7.028e-02 2.007e+05
1.075e-01 1.144e+05
7.196e-02 1.942e+05
6.645e-02 2.172e+05
1.301e-01 8.879e+04
1.153e-01 9.874e+04
1.468e-01 7.344e+04
9.317e-02 1.410e+05
1.569e-01 7.116e+04
9.673e-02 1.301e+05
9.829e-02 1.410e+05
7.876e-02 1.704e+05
1.071e-01 1.161e+05
1.014e-01 1.331e+05
7.305e-02 1.849e+05
6.965e-02 2.081e+05
8.278e-02 1.582e+05
1.189e-01 1.050e+05
6.997e-02 2.003e+05
6.579e-02 2.203e+05
6.729e-02 2.129e+05
7.000e-02 2.029e+05
9.674e-02 1.355e+05
6.559e-02 2.234e+05
1.205e-01 1.008e+05
1.305e-01 8.499e+04
7.117e-02 2.030e+05
6.825e-02 2.141e+05
9.691e-02 1.419e+05
8.850e-02 1.476e+05
1.132e-01 1.192e+05
7.021e-02 1.973e+05
1.048e-01 1.159e+05
6.556e-02 2.187e+05
6.687e-02 2.142e+05
6.997e-02 2.084e+05
1.306e-01 8.987e+04
6.915e-02 2.098e+05
6.816e-02 2.115e+05
1.411e-01 8.587e+04
6.828e-02 2.058e+05
6.817e-02 2.053e+05
6.674e-02 2.203e+05
7.021e-02 2.021e+05
6.889e-02 2.070e+05
6.667e-02 2.195e+05
6.865e-02 2.069e+05
7.091e-02 2.002e+05
6.779e-02 2.112e+05
1.176e-01 1.038e+05
1.064e-01 1.113e+05
7.455e-02 1.900e+05
6.798e-02 2.096e+05
7.466e-02 1.896e+05
8.438e-02 1.565e+05
1.105e-01 1.238e+05
1.334e-01 9.225e+04
7.021e-02 2.015e+05
6.864e-02 2.072e+05
7.921e-02 1.747e+05
1.187e-01 9.709e+04
8.784e-02 1.431e+05
1.206e-01 9.868e+04
9.044e-02 1.567e+05
1.447e-01 7.165e+04
1.665e-01 7.264e+04
6.510e-02 2.248e+05
6.914e-02 2.037e+05
7.898e-02 1.686e+05
7.102e-02 1.956e+05
6.766e-02 2.107e+05
8.902e-02 1.395e+05
6.982e-02 2.049e+05
1.460e-01 7.500e+04
7.570e-02 1.901e+05
7.144e-02 1.866e+05
6.744e-02 2.152e+05
7.419e-02 1.898e+05
6.872e-02 2.097e+05
7.268e-02 1.944e+05
8.132e-02 1.761e+05
6.896e-02 2.113e+05
7.095e-02 1.990e+05
6.828e-02 2.072e+05
9.427e-02 1.279e+05
7.153e-02 1.918e+05
1.348e-01 8.795e+04
6.690e-02 2.164e+05
6.916e-02 2.042e+05
8.980e-02 1.572e+05
7.640e-02 1.695e+05
7.031e-02 2.019e+05
1.308e-01 8.490e+04
6.949e-02 2.038e+05
7.095e-02 1.992e+05
9.762e-02 1.205e+05
7.598e-02 1.713e+05
6.852e-02 2.087e+05
7.127e-02 2.048e+05
6.886e-02 2.050e+05
1.492e-01 7.196e+04
7.129e-02 1.970e+05
6.732e-02 2.134e+05
6.856e-02 2.046e+05
9.698e-02 1.166e+05
1.039e-01 1.200e+05
6.769e-02 2.063e+05
6.702e-02 2.129e+05
7.040e-02 1.995e+05
1.058e-01 1.212e+05
7.026e-02 2.079e+05
6.849e-02 2.110e+05
1.160e-01 1.093e+05
1.074e-01 1.159e+05
1.415e-01 7.690e+04
6.697e-02 2.147e+05
6.957e-02 2.046e+05
7.268e-02 1.838e+05
7.037e-02 2.065e+05
1.491e-01 7.224e+04
6.609e-02 2.207e+05
6.621e-02 2.166e+05
1.115e-01 1.203e+05
8.300e-02 1.642e+05
1.510e-01 7.449e+04
1.451e-01 7.661e+04
6.550e-02 2.196e+05
8.703e-02 1.494e+05
7.585e-02 1.694e+05
1.443e-01 8.040e+04
1.116e-01 1.158e+05
6.574e-02 2.173e+05
6.754e-02 2.154e+05
7.021e-02 1.972e+05
7.796e-02 1.708e+05
1.394e-01 9.332e+04
1.370e-01 7.777e+04
1.235e-01 9.651e+04
7.612e-02 1.856e+05
1.052e-01 1.201e+05
6.538e-02 2.238e+05
6.889e-02 2.081e+05
6.593e-02 2.193e+05
8.075e-02 1.678e+05
8.813e-02 1.545e+05
8.054e-02 1.650e+05
1.515e-01 7.556e+04
9.427e-02 1.369e+05
1.402e-01 7.574e+04
1.471e-01 7.706e+04
9.198e-02 1.465e+05
6.838e-02 2.082e+05
6.659e-02 2.208e+05
7.259e-02 1.929e+05
6.806e-02 2.133e+05
6.493e-02 2.239e+05
6.606e-02 2.184e+05
8.205e-02 1.618e+05
1.523e-01 7.147e+04
6.848e-02 2.083e+05
6.908e-02 2.068e+05
6.796e-02 2.115e+05
9.457e-02 1.391e+05
7.006e-02 2.057e+05
1.025e-01 1.296e+05
6.592e-02 2.194e+05
6.878e-02 2.092e+05
6.912e-02 2.094e+05
7.167e-02 1.905e+05
9.519e-02 1.257e+05
7.019e-02 2.016e+05
1.319e-01 8.698e+04
6.869e-02 2.095e+05
6.846e-02 2.000e+05
6.480e-02 2.254e+05
7.350e-02 1.942e+05
8.974e-02 1.460e+05
9.259e-02 1.291e+05
1.339e-01 9.008e+04
6.975e-02 2.022e+05
1.098e-01 1.141e+05
9.411e-02 1.266e+05
1.224e-01 9.723e+04
1.411e-01 8.328e+04
6.682e-02 2.164e+05
8.995e-02 1.524e+05
1.070e-01 1.080e+05
9.570e-02 1.225e+05
6.837e-02 2.081e+05
6.714e-02 2.171e+05
6.748e-02 2.171e+05
8.189e-02 1.697e+05
6.913e-02 2.063e+05
8.079e-02 1.596e+05
8.699e-02 1.560e+05
7.443e-02 1.878e+05
1.322e-01 8.612e+04
7.546e-02 1.836e+05
8.409e-02 1.598e+05
6.563e-02 2.208e+05
7.505e-02 1.770e+05
9.645e-02 1.262e+05
6.897e-02 2.106e+05
1.420e-01 8.727e+04
6.847e-02 2.085e+05
1.172e-01 1.041e+05
6.789e-02 2.130e+05
1.185e-01 1.125e+05
6.661e-02 2.192e+05
6.538e-02 2.225e+05
6.740e-02 2.079e+05
7.489e-02 1.852e+05
1.024e-01 1.332e+05
9.471e-02 1.246e+05
1.336e-01 9.326e+04
8.536e-02 1.581e+05
6.601e-02 2.158e+05
7.243e-02 1.936e+05
1.394e-01 8.038e+04
7.826e-02 1.703e+05
7.065e-02 2.032e+05
1.262e-01 8.783e+04
7.423e-02 1.857e+05
6.593e-02 2.219e+05
6.694e-02 2.110e+05
6.598e-02 2.188e+05
8.559e-02 1.414e+05
7.025e-02 2.000e+05
6.572e-02 2.174e+05
6.658e-02 2.166e+05
6.540e-02 2.236e+05
7.158e-02 1.990e+05
1.363e-01 8.336e+04
7.569e-02 1.887e+05
6.819e-02 2.094e+05
8.145e-02 1.759e+05
6.678e-02 2.105e+05
6.891e-02 2.107e+05
6.668e-02 2.155e+05
1.018e-01 1.167e+05
1.579e-01 7.456e+04
8.725e-02 1.583e+05
1.471e-01 8.445e+04
7.019e-02 2.051e+05
7.497e-02 1.901e+05
1.131e-01 1.151e+05
6.989e-02 2.051e+05
6.954e-02 2.077e+05
8.445e-02 1.567e+05
6.757e-02 2.167e+05
6.504e-02 2.224e+05
6.835e-02 2.123e+05
6.608e-02 2.192e+05
1.056e-01 1.219e+05
6.646e-02 2.111e+05
1.248e-01 9.247e+04
1.656e-01 7.006e+04
1.573e-01 6.914e+04
1.351e-01 8.990e+04
6.843e-02 2.096e+05
7.066e-02 1.953e+05
7.516e-02 1.925e+05
6.849e-02 2.092e+05
9.676e-02 1.294e+05
6.788e-02 2.125e+05
6.943e-02 2.052e+05
7.552e-02 1.823e+05
8.118e-02 1.698e+05
1.456e-01 7.986e+04
6.782e-02 2.134e+05
6.882e-02 2.058e+05
1.377e-01 7.657e+04
6.816e-02 2.109e+05
6.862e-02 2.098e+05
1.113e-01 1.109e+05
6.623e-02 2.198e+05
1.262e-01 8.641e+04
6.723e-02 2.113e+05
6.755e-02 2.115e+05
6.699e-02 2.180e+05
8.967e-02 1.499e+05
6.567e-02 2.196e+05
6.970e-02 2.074e+05
1.216e-01 1.081e+05
9.328e-02 1.419e+05
6.904e-02 2.038e+05
8.601e-02 1.621e+05
1.032e-01 1.269e+05
1.427e-01 8.844e+04
1.472e-01 7.626e+04
7.148e-02 1.935e+05
8.572e-02 1.585e+05
1.476e-01 7.548e+04
1.370e-01 8.674e+04
7.220e-02 1.922e+05
1.028e-01 1.299e+05
6.951e-02 2.049e+05
6.767e-02 2.058e+05
6.783e-02 2.094e+05
6.717e-02 2.114e+05
6.985e-02 1.989e+05
1.143e-01 1.138e+05
7.756e-02 1.762e+05
1.169e-01 1.051e+05
6.758e-02 2.146e+05
7.803e-02 1.845e+05
6.620e-02 2.210e+05
7.732e-02 1.766e+05
6.685e-02 2.132e+05
7.660e-02 1.733e+05
6.957e-02 2.038e+05
1.115e-01 1.234e+05
6.702e-02 2.193e+05
7.717e-02 1.780e+05
7.248e-02 1.948e+05
9.550e-02 1.408e+05
7.667e-02 1.807e+05
1.476e-01 7.626e+04
6.553e-02 2.199e+05
6.728e-02 2.138e+05
6.528e-02 2.234e+05
1.685e-01 7.312e+04
1.078e-01 1.140e+05
1.085e-01 1.251e+05
7.315e-02 1.936e+05
1.421e-01 8.244e+04
1.147e-01 1.163e+05
1.159e-01 1.150e+05
1.011e-01 1.102e+05
6.696e-02 2.163e+05
8.480e-02 1.547e+05
8.981e-02 1.402e+05
7.069e-02 2.007e+05
6.919e-02 2.091e+05
7.077e-02 2.022e+05
6.974e-02 2.050e+05
7.242e-02 1.919e+05
1.468e-01 7.159e+04
8.359e-02 1.592e+05
8.684e-02 1.400e+05
1.053e-01 1.198e+05
8.435e-02 1.647e+05
6.531e-02 2.239e+05
9.739e-02 1.284e+05
6.858e-02 2.045e+05
1.129e-01 1.009e+05
1.116e-01 1.131e+05
6.519e-02 2.195e+05
7.986e-02 1.628e+05
1.081e-01 1.133e+05
9.435e-02 1.334e+05
1.542e-01 7.685e+04
7.989e-02 1.585e+05
1.029e-01 1.162e+05
6.953e-02 2.040e+05
7.061e-02 1.925e+05
6.677e-02 2.168e+05
6.666e-02 2.190e+05
7.094e-02 2.035e+05
6.991e-02 2.045e+05
7.761e-02 1.753e+05
9.320e-02 1.319e+05
1.513e-01 7.172e+04
7.366e-02 1.824e+05
6.712e-02 2.146e+05
6.908e-02 2.044e+05
7.034e-02 2.032e+05
1.260e-01 9.861e+04
9.977e-02 1.301e+05
6.881e-02 2.077e+05
6.535e-02 2.239e+05
6.668e-02 2.155e+05
6.857e-02 2.079e+05
6.860e-02 2.142e+05
1.048e-01 1.209e+05
1.073e-01 1.224e+05
9.855e-02 1.273e+05
9.131e-02 1.508e+05
9.394e-02 1.488e+05
1.274e-01 1.042e+05
6.737e-02 2.112e+05
6.693e-02 2.121e+05
7.114e-02 2.007e+05
1.584e-01 7.402e+04
9.584e-02 1.213e+05
1.504e-01 7.495e+04
7.001e-02 2.004e+05
6.741e-02 2.124e+05
6.966e-02 2.041e+05
1.076e-01 1.162e+05
7.174e-02 1.940e+05
1.200e-01 9.912e+04
6.655e-02 2.196e+05
7.110e-02 1.971e+05
8.633e-02 1.567e+05
1.334e-01 7.809e+04
7.595e-02 1.786e+05
1.561e-01 7.551e+04
1.116e-01 1.064e+05
6.545e-02 2.222e+05
1.324e-01 9.512e+04
7.856e-02 1.686e+05
1.582e-01 7.114e+04
1.093e-01 1.188e+05
6.773e-02 2.158e+05
6.796e-02 2.090e+05
7.028e-02 2.065e+05
7.048e-02 2.034e+05
6.796e-02 2.078e+05
8.821e-02 1.487e+05
9.429e-02 1.319e+05
9.783e-02 1.289e+05
1.004e-01 1.253e+05
1.365e-01 9.628e+04
1.001e-01 1.304e+05
6.766e-02 2.117e+05
1.479e-01 7.639e+04
6.910e-02 2.094e+05
6.909e-02 2.063e+05
6.618e-02 2.200e+05
6.990e-02 2.039e+05
6.531e-02 2.216e+05
6.726e-02 2.171e+05
8.376e-02 1.524e+05
6.738e-02 2.155e+05
8.104e-02 1.652e+05
8.186e-02 1.717e+05
9.118e-02 1.420e+05
7.093e-02 1.984e+05
1.436e-01 7.409e+04
1.129e-01 1.230e+05
6.796e-02 2.121e+05
6.644e-02 2.201e+05
6.728e-02 2.152e+05
6.845e-02 2.105e+05
6.855e-02 2.076e+05
6.985e-02 2.051e+05
6.760e-02 2.153e+05
8.432e-02 1.609e+05
6.689e-02 2.109e+05
1.584e-01 6.983e+04
7.148e-02 1.998e+05
7.388e-02 1.930e+05
8.150e-02 1.761e+05
1.280e-01 9.159e+04
1.516e-01 7.626e+04
7.133e-02 2.026e+05
1.026e-01 1.290e+05
8.662e-02 1.487e+05
1.280e-01 1.002e+05
7.084e-02 1.966e+05
6.667e-02 2.193e+05
6.992e-02 2.075e+05
1.013e-01 1.160e+05
8.399e-02 1.538e+05
1.280e-01 8.999e+04
9.945e-02 1.177e+05
6.614e-02 2.202e+05
6.681e-02 2.128e+05
6.772e-02 2.143e+05
6.901e-02 2.077e+05
1.189e-01 1.082e+05
9.391e-02 1.332e+05
1.349e-01 8.398e+04
6.717e-02 2.086e+05
6.793e-02 2.118e+05
6.966e-02 2.046e+05
1.116e-01 1.043e+05
1.103e-01 1.135e+05
7.718e-02 1.678e+05
1.044e-01 1.206e+05
6.754e-02 2.121e+05
8.476e-02 1.679e+05
7.617e-02 1.828e+05
6.958e-02 2.084e+05
1.326e-01 8.611e+04
7.697e-02 1.772e+05
8.064e-02 1.786e+05
1.090e-01 1.124e+05
7.443e-02 1.847e+05
1.187e-01 1.148e+05
8.069e-02 1.596e+05
7.340e-02 1.863e+05
7.200e-02 1.995e+05
6.875e-02 2.054e+05
6.668e-02 2.131e+05
1.278e-01 9.329e+04
6.755e-02 2.116e+05
6.644e-02 2.197e+05
8.839e-02 1.450e+05
6.981e-02 2.089e+05
8.402e-02 1.632e+05
6.666e-02 2.147e+05
1.460e-01 7.491e+04
1.312e-01 7.170e+04
6.802e-02 2.125e+05
6.972e-02 2.044e+05
6.795e-02 2.136e+05
7.669e-02 1.837e+05
8.271e-02 1.716e+05
6.942e-02 2.112e+05
7.965e-02 1.746e+05
1.393e-01 7.550e+04
7.654e-02 1.707e+05
6.664e-02 2.177e+05
8.811e-02 1.414e+05
7.032e-02 2.039e+05
7.014e-02 2.062e+05
8.069e-02 1.638e+05
1.162e-01 1.097e+05
6.608e-02 2.161e+05
8.340e-02 1.529e+05
8.892e-02 1.456e+05
7.700e-02 1.722e+05
1.288e-01 9.370e+04
1.275e-01 1.018e+05
6.843e-02 2.032e+05
8.369e-02 1.554e+05
1.292e-01 8.844e+04
7.144e-02 1.988e+05
6.785e-02 2.110e+05
7.314e-02 1.889e+05
1.066e-01 1.174e+05
1.489e-01 8.107e+04
6.515e-02 2.208e+05
6.752e-02 2.146e+05
7.198e-02 1.935e+05
1.434e-01 7.856e+04
1.264e-01 9.094e+04
8.328e-02 1.599e+05
9.590e-02 1.294e+05
8.278e-02 1.569e+05
7.906e-02 1.770e+05
7.294e-02 1.858e+05
7.117e-02 1.987e+05
9.035e-02 1.491e+05
6.654e-02 2.195e+05
6.600e-02 2.154e+05
6.844e-02 2.068e+05
8.725e-02 1.434e+05
6.753e-02 2.102e+05
6.908e-02 2.084e+05
8.678e-02 1.543e+05
6.879e-02 2.105e+05
7.317e-02 1.979e+05
1.535e-01 7.506e+04
8.282e-02 1.642e+05
7.891e-02 1.677e+05
9.501e-02 1.369e+05
6.787e-02 2.166e+05
6.521e-02 2.240e+05
1.067e-01 1.314e+05
6.781e-02 2.111e+05
6.948e-02 2.100e+05
7.649e-02 1.848e+05
6.655e-02 2.158e+05
9.707e-02 1.344e+05
7.796e-02 1.763e+05
6.813e-02 2.042e+05
1.083e-01 1.170e+05
7.040e-02 2.004e+05
7.052e-02 1.977e+05
9.681e-02 1.234e+05
6.647e-02 2.193e+05
7.652e-02 1.785e+05
1.296e-01 9.200e+04
9.210e-02 1.370e+05
6.846e-02 2.052e+05
8.992e-02 1.481e+05
9.010e-02 1.479e+05
8.219e-02 1.534e+05
6.716e-02 2.167e+05
1.448e-01 7.683e+04
6.796e-02 2.087e+05
6.664e-02 2.106e+05
9.452e-02 1.242e+05
9.783e-02 1.300e+05
6.670e-02 2.158e+05
6.860e-02 2.093e+05
6.849e-02 2.120e+05
8.127e-02 1.696e+05
7.203e-02 1.925e+05
8.230e-02 1.529e+05
1.139e-01 1.134e+05
7.001e-02 2.014e+05
7.091e-02 1.997e+05
8.396e-02 1.558e+05
7.992e-02 1.682e+05
1.229e-01 1.055e+05
6.694e-02 2.167e+05
1.317e-01 8.939e+04
7.031e-02 2.051e+05
6.951e-02 2.024e+05
6.668e-02 2.151e+05
7.115e-02 1.949e+05
6.732e-02 2.151e+05
1.392e-01 7.529e+04
1.069e-01 1.132e+05
9.927e-02 1.306e+05
8.978e-02 1.462e+05
1.058e-01 1.249e+05
6.731e-02 2.110e+05
6.826e-02 2.150e+05
6.723e-02 2.111e+05
1.091e-01 1.032e+05
8.939e-02 1.532e+05
6.677e-02 2.107e+05
6.639e-02 2.124e+05
8.513e-02 1.603e+05
7.264e-02 1.944e+05
1.313e-01 8.727e+04
7.769e-02 1.737e+05
6.939e-02 2.058e+05
6.934e-02 2.040e+05
8.869e-02 1.441e+05
6.733e-02 2.131e+05
7.195e-02 1.953e+05
9.337e-02 1.421e+05
7.830e-02 1.813e+05
8.041e-02 1.723e+05
6.747e-02 2.157e+05
6.912e-02 2.019e+05
9.543e-02 1.349e+05
7.100e-02 2.041e+05
1.313e-01 9.207e+04
6.744e-02 2.142e+05
6.654e-02 2.180e+05
6.708e-02 2.140e+05
6.986e-02 1.939e+05
8.873e-02 1.425e+05
8.423e-02 1.447e+05
7.097e-02 1.936e+05
1.054e-01 1.178e+05
1.485e-01 7.337e+04
1.182e-01 1.045e+05
8.708e-02 1.481e+05
8.496e-02 1.584e+05
7.076e-02 1.993e+05
9.867e-02 1.188e+05
6.539e-02 2.225e+05
1.018e-01 1.252e+05
6.608e-02 2.172e+05
6.905e-02 2.114e+05
1.069e-01 1.194e+05
9.233e-02 1.274e+05
1.382e-01 8.106e+04
8.840e-02 1.490e+05
9.803e-02 1.279e+05
7.373e-02 1.893e+05
7.065e-02 2.019e+05
6.877e-02 2.046e+05
9.070e-02 1.439e+05
1.186e-01 1.012e+05
1.015e-01 1.261e+05
6.952e-02 2.082e+05
7.297e-02 1.837e+05
6.632e-02 2.161e+05
7.137e-02 1.881e+05
6.759e-02 2.153e+05
8.744e-02 1.488e+05
1.001e-01 1.288e+05
1.476e-01 7.831e+04
1.252e-01 9.779e+04
7.752e-02 1.689e+05
6.817e-02 2.112e+05
1.048e-01 1.185e+05
7.020e-02 2.062e+05
1.014e-01 1.372e+05
6.859e-02 2.094e+05
1.282e-01 9.963e+04
6.860e-02 2.124e+05
8.417e-02 1.578e+05
6.852e-02 2.118e+05
6.694e-02 2.179e+05
8.928e-02 1.508e+05
6.843e-02 2.146e+05
7.342e-02 1.896e+05
9.071e-02 1.353e+05
8.167e-02 1.618e+05
1.553e-01 7.368e+04
7.001e-02 1.982e+05
6.564e-02 2.186e+05
6.776e-02 2.163e+05
1.034e-01 1.295e+05
6.700e-02 2.133e+05
6.675e-02 2.148e+05
6.858e-02 2.113e+05
1.028e-01 1.286e+05
1.398e-01 9.303e+04
6.742e-02 2.152e+05
1.341e-01 8.983e+04
1.040e-01 1.061e+05
6.660e-02 2.175e+05
6.647e-02 2.169e+05
7.376e-02 1.871e+05
7.420e-02 1.744e+05
7.407e-02 1.821e+05
6.589e-02 2.175e+05
6.919e-02 2.041e+05
8.120e-02 1.720e+05
6.746e-02 2.161e+05
6.789e-02 2.108e+05
6.914e-02 2.073e+05
6.770e-02 2.106e+05
7.582e-02 1.849e+05
6.888e-02 2.063e+05
6.848e-02 2.076e+05
7.220e-02 1.942e+05
6.501e-02 2.229e+05
6.978e-02 2.049e+05
8.646e-02 1.575e+05
7.020e-02 2.027e+05
7.429e-02 1.940e+05
8.415e-02 1.606e+05
7.977e-02 1.690e+05
8.931e-02 1.328e+05
7.082e-02 2.014e+05
9.946e-02 1.285e+05
6.801e-02 2.142e+05
6.899e-02 2.068e+05
6.866e-02 2.074e+05
7.127e-02 1.999e+05
7.830e-02 1.636e+05
6.562e-02 2.209e+05
7.108e-02 1.986e+05
9.128e-02 1.507e+05
1.045e-01 1.158e+05
9.820e-02 1.317e+05
7.613e-02 1.788e+05
8.576e-02 1.487e+05
1.022e-01 1.110e+05
6.650e-02 2.181e+05
6.989e-02 2.090e+05
7.862e-02 1.809e+05
6.731e-02 2.164e+05
6.703e-02 2.130e+05
1.200e-01 1.035e+05
1.025e-01 1.235e+05
8.380e-02 1.518e+05
6.763e-02 2.136e+05
6.867e-02 2.081e+05
6.800e-02 2.147e+05
6.794e-02 2.142e+05
8.045e-02 1.666e+05
6.819e-02 2.151e+05
7.989e-02 1.686e+05
1.332e-01 9.307e+04
7.116e-02 1.976e+05
6.951e-02 2.083e+05
8.122e-02 1.671e+05
6.912e-02 2.071e+05
1.288e-01 9.390e+04
1.289e-01 8.126e+04
7.573e-02 1.871e+05
7.762e-02 1.831e+05
6.668e-02 2.201e+05
6.883e-02 2.094e+05
6.572e-02 2.165e+05
6.762e-02 2.108e+05
1.251e-01 1.023e+05
8.592e-02 1.520e+05
1.097e-01 1.220e+05
7.825e-02 1.797e+05
6.766e-02 2.108e+05
7.023e-02 1.950e+05
7.694e-02 1.813e+05
1.233e-01 1.061e+05
6.728e-02 2.162e+05
1.272e-01 9.936e+04
6.694e-02 2.116e+05
6.552e-02 2.183e+05
6.857e-02 2.101e+05
1.175e-01 1.031e+05
6.922e-02 2.064e+05
6.813e-02 2.105e+05
7.474e-02 1.790e+05
6.806e-02 2.101e+05
7.810e-02 1.752e+05
1.003e-01 1.289e+05
6.728e-02 2.144e+05
1.059e-01 1.148e+05
7.890e-02 1.719e+05
6.919e-02 2.066e+05
8.450e-02 1.629e+05
9.007e-02 1.555e+05
7.035e-02 2.022e+05
9.134e-02 1.420e+05
6.581e-02 2.166e+05
6.810e-02 2.106e+05
1.061e-01 1.188e+05
1.010e-01 1.157e+05
6.691e-02 2.173e+05
1.011e-01 1.363e+05
7.453e-02 1.923e+05
1.291e-01 8.267e+04
6.518e-02 2.231e+05
7.461e-02 1.770e+05
8.928e-02 1.390e+05
7.022e-02 2.026e+05
1.061e-01 1.285e+05
1.321e-01 9.167e+04
1.280e-01 9.488e+04
6.689e-02 2.134e+05
6.833e-02 2.136e+05
8.576e-02 1.471e+05
7.250e-02 1.922e+05
6.872e-02 2.055e+05
6.867e-02 2.073e+05
6.872e-02 2.070e+05
6.686e-02 2.098e+05
6.625e-02 2.156e+05
6.918e-02 2.116e+05
7.584e-02 1.852e+05
6.556e-02 2.242e+05
9.334e-02 1.503e+05
6.899e-02 2.059e+05
7.539e-02 1.775e+05
1.509e-01 7.283e+04
6.838e-02 2.065e+05
1.076e-01 1.282e+05
6.900e-02 2.073e+05
8.030e-02 1.623e+05
1.072e-01 1.061e+05
8.883e-02 1.584e+05
7.569e-02 1.735e+05
9.442e-02 1.492e+05
9.478e-02 1.224e+05
1.149e-01 1.031e+05
1.062e-01 1.148e+05
7.089e-02 2.018e+05
9.193e-02 1.384e+05
6.852e-02 2.080e+05
6.495e-02 2.249e+05
7.194e-02 1.983e+05
1.266e-01 9.190e+04
6.968e-02 2.046e+05
1.358e-01 7.791e+04
6.997e-02 2.004e+05
8.119e-02 1.549e+05
7.787e-02 1.717e+05
7.631e-02 1.796e+05
6.507e-02 2.222e+05
1.358e-01 8.391e+04
7.898e-02 1.683e+05
6.494e-02 2.228e+05
6.742e-02 2.126e+05
7.036e-02 2.017e+05
1.190e-01 1.111e+05
1.102e-01 1.160e+05
6.583e-02 2.212e+05
1.451e-01 7.741e+04
8.271e-02 1.580e+05
7.358e-02 1.963e+05
7.188e-02 1.854e+05
6.797e-02 2.057e+05
6.705e-02 2.150e+05
6.909e-02 2.030e+05
1.568e-01 7.482e+04
1.098e-01 1.133e+05
6.805e-02 2.153e+05
6.713e-02 2.171e+05
1.454e-01 7.754e+04
1.333e-01 8.270e+04
9.321e-02 1.308e+05
6.850e-02 2.050e+05
6.880e-02 2.079e+05
6.587e-02 2.168e+05
9.066e-02 1.570e+05
7.218e-02 1.884e+05
1.310e-01 9.344e+04
9.413e-02 1.355e+05
1.093e-01 1.204e+05
1.303e-01 8.495e+04
6.558e-02 2.200e+05
7.047e-02 2.067e+05
6.532e-02 2.224e+05
6.837e-02 2.137e+05
7.025e-02 2.059e+05
1.089e-01 1.208e+05
6.888e-02 2.111e+05
8.103e-02 1.668e+05
6.881e-02 2.067e+05
6.821e-02 2.105e+05
1.186e-01 1.002e+05
8.291e-02 1.595e+05
7.618e-02 1.899e+05
1.088e-01 1.190e+05
7.058e-02 2.004e+05
6.879e-02 1.989e+05
6.728e-02 2.133e+05
7.037e-02 1.984e+05
7.017e-02 2.031e+05
7.102e-02 2.000e+05
6.692e-02 2.112e+05
1.114e-01 1.143e+05
8.693e-02 1.582e+05
6.949e-02 2.035e+05
1.151e-01 1.064e+05
1.463e-01 7.084e+04
6.815e-02 2.132e+05
6.812e-02 2.033e+05
6.541e-02 2.179e+05
1.624e-01 7.216e+04
6.948e-02 1.962e+05
6.537e-02 2.202e+05
6.811e-02 2.118e+05
7.103e-02 1.981e+05
1.002e-01 1.341e+05
7.759e-02 1.751e+05
9.608e-02 1.319e+05
8.518e-02 1.564e+05
1.027e-01 1.182e+05
8.500e-02 1.583e+05
7.018e-02 2.059e+05
9.739e-02 1.354e+05
7.224e-02 1.952e+05
6.829e-02 2.133e+05
7.472e-02 1.911e+05
8.998e-02 1.483e+05
1.382e-01 7.851e+04
6.566e-02 2.210e+05
8.733e-02 1.492e+05
7.137e-02 2.009e+05
7.699e-02 1.806e+05
7.843e-02 1.736e+05
7.235e-02 1.932e+05
1.554e-01 7.410e+04
6.941e-02 2.027e+05
7.884e-02 1.720e+05
1.332e-01 1.007e+05
1.522e-01 7.461e+04
6.881e-02 2.074e+05
7.678e-02 1.811e+05
6.687e-02 2.101e+05
6.723e-02 2.183e+05
8.550e-02 1.435e+05
6.749e-02 2.136e+05
6.877e-02 2.084e+05
6.892e-02 2.061e+05
6.539e-02 2.229e+05
6.780e-02 2.162e+05
8.103e-02 1.664e+05
6.886e-02 2.068e+05
9.591e-02 1.346e+05
6.859e-02 2.065e+05
6.812e-02 2.127e+05
7.759e-02 1.789e+05
1.089e-01 1.078e+05
1.467e-01 7.540e+04
1.154e-01 1.068e+05
1.159e-01 9.768e+04
9.122e-02 1.365e+05
1.487e-01 7.222e+04
1.123e-01 1.060e+05
1.210e-01 9.964e+04
1.545e-01 8.135e+04
1.097e-01 1.180e+05
9.971e-02 1.156e+05
6.893e-02 2.106e+05
8.655e-02 1.446e+05
6.917e-02 2.063e+05
6.793e-02 2.076e+05
6.526e-02 2.202e+05
6.651e-02 2.148e+05
8.169e-02 1.615e+05
9.083e-02 1.406e+05
7.878e-02 1.812e+05
8.247e-02 1.524e+05
7.577e-02 1.846e+05
1.151e-01 1.110e+05
7.872e-02 1.763e+05
1.297e-01 9.033e+04
7.501e-02 1.880e+05
1.499e-01 8.344e+04
7.273e-02 1.882e+05
9.319e-02 1.355e+05
6.985e-02 2.012e+05
1.207e-01 1.124e+05
1.168e-01 1.038e+05
6.711e-02 2.111e+05
1.105e-01 1.076e+05
1.071e-01 1.204e+05
1.410e-01 8.722e+04
1.004e-01 1.282e+05
7.673e-02 1.843e+05
6.825e-02 2.095e+05
1.181e-01 1.055e+05
6.729e-02 2.150e+05
6.905e-02 2.060e+05
9.896e-02 1.230e+05
1.443e-01 7.775e+04
1.034e-01 1.234e+05
1.302e-01 8.204e+04
6.699e-02 2.160e+05
6.987e-02 2.033e+05
7.405e-02 1.938e+05
9.001e-02 1.553e+05
7.478e-02 1.841e+05
7.009e-02 2.079e+05
7.037e-02 2.040e+05
7.198e-02 2.011e+05
7.102e-02 2.009e+05
1.431e-01 8.557e+04
6.774e-02 2.139e+05
9.463e-02 1.408e+05
7.453e-02 1.843e+05
7.382e-02 1.887e+05
1.145e-01 1.023e+05
8.138e-02 1.520e+05
6.735e-02 2.091e+05
6.604e-02 2.170e+05
8.313e-02 1.643e+05
1.223e-01 1.054e+05
7.096e-02 2.002e+05
9.031e-02 1.364e+05
1.290e-01 1.006e+05
9.500e-02 1.359e+05
9.597e-02 1.468e+05
7.860e-02 1.655e+05
6.538e-02 2.203e+05
6.806e-02 2.148e+05
6.650e-02 2.136e+05
1.053e-01 1.083e+05
6.588e-02 2.166e+05
1.181e-01 1.023e+05
1.082e-01 1.076e+05
1.351e-01 8.901e+04
6.590e-02 2.188e+05
7.058e-02 2.034e+05
8.272e-02 1.678e+05
6.684e-02 2.144e+05
1.190e-01 1.088e+05
6.624e-02 2.198e+05
1.117e-01 1.202e+05
1.328e-01 8.918e+04
6.615e-02 2.200e+05
6.933e-02 2.086e+05
9.401e-02 1.409e+05
6.654e-02 2.172e+05
8.083e-02 1.672e+05
6.904e-02 2.070e+05
6.654e-02 2.182e+05
7.468e-02 1.831e+05
6.654e-02 2.175e+05
8.328e-02 1.642e+05
6.603e-02 2.208e+05
1.457e-01 7.640e+04
1.466e-01 7.368e+04
6.529e-02 2.234e+05
8.310e-02 1.618e+05
6.882e-02 2.084e+05
6.802e-02 2.107e+05
9.720e-02 1.257e+05
8.806e-02 1.575e+05
9.125e-02 1.410e+05
8.126e-02 1.634e+05
9.985e-02 1.323e+05
9.343e-02 1.400e+05
1.023e-01 1.249e+05
9.080e-02 1.571e+05
9.697e-02 1.235e+05
6.786e-02 2.133e+05
6.908e-02 2.081e+05
6.816e-02 2.031e+05
7.409e-02 1.893e+05
6.721e-02 2.157e+05
6.588e-02 2.201e+05
6.810e-02 2.107e+05
9.511e-02 1.365e+05
9.286e-02 1.264e+05
8.830e-02 1.533e+05
7.144e-02 1.977e+05
1.006e-01 1.203e+05
9.836e-02 1.352e+05
1.097e-01 1.146e+05
7.878e-02 1.704e+05
6.945e-02 2.076e+05
8.711e-02 1.503e+05
1.389e-01 8.199e+04
1.173e-01 1.032e+05
1.053e-01 1.199e+05
7.991e-02 1.580e+05
6.866e-02 2.121e+05
1.417e-01 7.512e+04
6.767e-02 2.173e+05
6.918e-02 2.070e+05
6.753e-02 2.095e+05
6.790e-02 2.088e+05
6.793e-02 2.087e+05
1.199e-01 1.025e+05
1.279e-01 9.414e+04
8.160e-02 1.766e+05
7.401e-02 1.820e+05
8.997e-02 1.438e+05
1.054e-01 1.230e+05
7.058e-02 1.999e+05
1.118e-01 1.159e+05
1.023e-01 1.321e+05
6.930e-02 2.006e+05
8.430e-02 1.625e+05
6.701e-02 2.151e+05
1.278e-01 1.060e+05
1.340e-01 7.359e+04
9.650e-02 1.460e+05
9.565e-02 1.340e+05
7.380e-02 1.891e+05
1.312e-01 8.858e+04
6.745e-02 2.131e+05
6.775e-02 2.112e+05
8.128e-02 1.620e+05
1.192e-01 9.424e+04
9.454e-02 1.343e+05
6.783e-02 2.083e+05
7.109e-02 1.963e+05
7.284e-02 1.939e+05
7.075e-02 1.993e+05
6.533e-02 2.187e+05
8.032e-02 1.700e+05
9.371e-02 1.242e+05
6.868e-02 2.046e+05
1.358e-01 8.802e+04
7.421e-02 1.862e+05
8.080e-02 1.751e+05
6.770e-02 2.109e+05
8.728e-02 1.537e+05
7.198e-02 1.955e+05
1.410e-01 7.875e+04
8.595e-02 1.578e+05
1.108e-01 1.081e+05
1.394e-01 8.355e+04
7.429e-02 1.834e+05
8.561e-02 1.432e+05
9.551e-02 1.316e+05
9.596e-02 1.346e+05
6.882e-02 2.060e+05
8.273e-02 1.593e+05
7.797e-02 1.793e+05
6.728e-02 2.171e+05
1.101e-01 1.250e+05
6.584e-02 2.212e+05
6.506e-02 2.230e+05
6.809e-02 2.116e+05
7.423e-02 1.818e+05
6.977e-02 2.035e+05
6.835e-02 2.117e+05
6.888e-02 2.045e+05
1.204e-01 1.102e+05
6.580e-02 2.190e+05
1.287e-01 9.051e+04
1.529e-01 7.253e+04
6.528e-02 2.214e+05
8.579e-02 1.436e+05
6.808e-02 2.048e+05
8.338e-02 1.687e+05
7.955e-02 1.713e+05
1.399e-01 7.901e+04
8.439e-02 1.677e+05
6.824e-02 2.067e+05
1.513e-01 7.350e+04
1.048e-01 1.146e+05
1.490e-01 7.491e+04
6.908e-02 2.067e+05
6.827e-02 2.038e+05
7.304e-02 1.885e+05
9.353e-02 1.475e+05
1.358e-01 7.566e+04
1.356e-01 9.307e+04
6.928e-02 2.019e+05
7.572e-02 1.881e+05
7.071e-02 2.047e+05
6.942e-02 2.097e+05
1.307e-01 9.035e+04
6.959e-02 2.058e+05
6.641e-02 2.129e+05
1.173e-01 1.139e+05
6.666e-02 2.159e+05
7.003e-02 1.995e+05
1.064e-01 1.203e+05
1.038e-01 1.308e+05
6.877e-02 2.047e+05
9.553e-02 1.187e+05
8.882e-02 1.444e+05
6.991e-02 2.024e+05
1.508e-01 7.198e+04
7.200e-02 1.865e+05
1.354e-01 8.691e+04
6.593e-02 2.217e+05
7.106e-02 2.000e+05
6.911e-02 2.017e+05
7.123e-02 2.010e+05
7.510e-02 1.852e+05
6.814e-02 2.091e+05
8.720e-02 1.591e+05
6.591e-02 2.221e+05
1.142e-01 1.198e+05
1.256e-01 9.537e+04
7.503e-02 1.888e+05
6.665e-02 2.132e+05
8.495e-02 1.529e+05
7.034e-02 2.016e+05
6.945e-02 2.046e+05
7.035e-02 2.014e+05
1.236e-01 1.002e+05
8.163e-02 1.513e+05
6.987e-02 2.025e+05
8.894e-02 1.517e+05
7.781e-02 1.699e+05
7.639e-02 1.775e+05
6.508e-02 2.248e+05
6.956e-02 2.042e+05
1.089e-01 1.054e+05
1.095e-01 1.169e+05
6.583e-02 2.177e+05
7.974e-02 1.643e+05
6.531e-02 2.208e+05
7.376e-02 1.946e+05
7.618e-02 1.752e+05
6.699e-02 2.097e+05
1.206e-01 9.434e+04
1.533e-01 7.032e+04
7.265e-02 1.955e+05
8.734e-02 1.615e+05
1.187e-01 9.603e+04
1.192e-01 9.968e+04
1.201e-01 9.798e+04
6.850e-02 2.094e+05
9.494e-02 1.393e+05
8.486e-02 1.693e+05
7.041e-02 2.034e+05
1.236e-01 9.789e+04
1.278e-01 8.417e+04
1.094e-01 1.163e+05
6.832e-02 2.111e+05
1.319e-01 8.791e+04
6.565e-02 2.181e+05
8.387e-02 1.552e+05
6.860e-02 2.099e+05
1.425e-01 8.193e+04
6.814e-02 2.095e+05
6.888e-02 2.061e+05
1.491e-01 7.850e+04
6.634e-02 2.164e+05
1.160e-01 1.039e+05
6.648e-02 2.126e+05
6.819e-02 2.102e+05
6.891e-02 2.072e+05
8.082e-02 1.549e+05
1.170e-01 1.055e+05
6.683e-02 2.108e+05
6.965e-02 2.055e+05
6.557e-02 2.205e+05
6.750e-02 2.168e+05
7.142e-02 2.043e+05
6.899e-02 2.042e+05
7.332e-02 1.896e+05
9.687e-02 1.263e+05
1.126e-01 1.002e+05
1.310e-01 8.682e+04
6.786e-02 2.126e+05
6.804e-02 2.086e+05
7.787e-02 1.803e+05
6.884e-02 2.060e+05
6.722e-02 2.114e+05
7.016e-02 2.017e+05
8.648e-02 1.569e+05
7.047e-02 2.014e+05
1.540e-01 7.372e+04
1.093e-01 1.170e+05
9.398e-02 1.319e+05
9.177e-02 1.522e+05
6.589e-02 2.148e+05
7.080e-02 1.982e+05
7.758e-02 1.862e+05
6.800e-02 2.044e+05
1.327e-01 8.703e+04
7.243e-02 2.006e+05
7.737e-02 1.809e+05
1.064e-01 1.092e+05
6.547e-02 2.197e+05
1.135e-01 1.058e+05
8.867e-02 1.547e+05
7.203e-02 2.024e+05
8.116e-02 1.550e+05
6.541e-02 2.222e+05
6.805e-02 2.115e+05
1.070e-01 1.026e+05
1.061e-01 1.149e+05
6.725e-02 2.162e+05
6.886e-02 2.092e+05
7.030e-02 2.033e+05
9.392e-02 1.471e+05
1.187e-01 9.687e+04
6.739e-02 2.119e+05
8.041e-02 1.743e+05
8.379e-02 1.561e+05
7.512e-02 1.866e+05
6.739e-02 2.131e+05
7.905e-02 1.682e+05
6.802e-02 2.144e+05
6.856e-02 2.099e+05
7.405e-02 1.887e+05
1.086e-01 1.186e+05
6.639e-02 2.150e+05
1.192e-01 1.113e+05
1.260e-01 8.900e+04
6.887e-02 2.059e+05
1.387e-01 7.532e+04
6.591e-02 2.216e+05
7.326e-02 1.931e+05
1.042e-01 1.090e+05
6.699e-02 2.175e+05
6.802e-02 2.139e+05
1.251e-01 8.990e+04
9.248e-02 1.357e+05
1.371e-01 7.464e+04
1.209e-01 9.789e+04
7.062e-02 2.045e+05
6.963e-02 2.101e+05
1.544e-01 7.857e+04
1.481e-01 7.942e+04
7.421e-02 1.862e+05
6.988e-02 2.027e+05
1.096e-01 1.249e+05
7.185e-02 1.945e+05
9.784e-02 1.261e+05
6.891e-02 2.105e+05
6.719e-02 2.187e+05
8.731e-02 1.468e+05
9.253e-02 1.519e+05
7.107e-02 1.982e+05
6.704e-02 2.103e+05
8.001e-02 1.758e+05
6.778e-02 2.095e+05
7.022e-02 2.041e+05
7.190e-02 1.896e+05
7.684e-02 1.736e+05
6.598e-02 2.166e+05
7.018e-02 2.059e+05
6.738e-02 2.120e+05
1.259e-01 9.164e+04
7.069e-02 1.993e+05
6.760e-02 2.148e+05
7.157e-02 1.950e+05
9.754e-02 1.396e+05
6.657e-02 2.147e+05
6.644e-02 2.196e+05
6.945e-02 2.072e+05
7.485e-02 1.942e+05
7.456e-02 1.856e+05
1.068e-01 1.181e+05
7.551e-02 1.840e+05
6.543e-02 2.199e+05
6.775e-02 2.083e+05
6.910e-02 2.075e+05
8.103e-02 1.673e+05
6.982e-02 2.040e+05
8.509e-02 1.629e+05
8.383e-02 1.660e+05
1.353e-01 9.013e+04
8.426e-02 1.667e+05
1.344e-01 8.660e+04
9.751e-02 1.389e+05
1.236e-01 9.202e+04
6.550e-02 2.219e+05
6.678e-02 2.173e+05
6.637e-02 2.184e+05
8.261e-02 1.709e+05
1.285e-01 8.129e+04
6.882e-02 2.070e+05
9.027e-02 1.483e+05
1.236e-01 9.103e+04
1.376e-01 8.009e+04
7.615e-02 1.791e+05
6.850e-02 2.083e+05
1.330e-01 8.852e+04
7.588e-02 1.783e+05
8.981e-02 1.456e+05
6.889e-02 2.039e+05
7.657e-02 1.777e+05
6.901e-02 2.070e+05
6.786e-02 2.169e+05
6.519e-02 2.225e+05
6.678e-02 2.116e+05
6.794e-02 2.107e+05
7.091e-02 1.984e+05
6.946e-02 2.102e+05
8.396e-02 1.431e+05
6.714e-02 2.107e+05
6.820e-02 2.127e+05
6.927e-02 2.044e+05
1.578e-01 7.929e+04
1.204e-01 1.039e+05
7.650e-02 1.815e+05
7.048e-02 1.980e+05
7.092e-02 1.989e+05
7.399e-02 1.922e+05
6.768e-02 2.136e+05
9.966e-02 1.228e+05
7.026e-02 2.023e+05
6.829e-02 2.116e+05
8.763e-02 1.572e+05
6.720e-02 2.127e+05
6.942e-02 2.054e+05
6.833e-02 2.131e+05
6.934e-02 2.097e+05
6.691e-02 2.148e+05
1.189e-01 1.076e+05
6.782e-02 2.106e+05
1.112e-01 1.013e+05
1.048e-01 1.310e+05
7.683e-02 1.836e+05
1.109e-01 1.121e+05
6.904e-02 2.066e+05
8.500e-02 1.549e+05
7.001e-02 2.064e+05
8.489e-02 1.463e+05
8.752e-02 1.510e+05
1.048e-01 1.181e+05
8.791e-02 1.539e+05
7.815e-02 1.650e+05
6.821e-02 2.126e+05
8.163e-02 1.626e+05
9.256e-02 1.286e+05
6.911e-02 1.991e+05
6.859e-02 2.106e+05
9.946e-02 1.375e+05
1.120e-01 1.075e+05
1.261e-01 9.780e+04
1.069e-01 1.207e+05
1.259e-01 9.451e+04
9.268e-02 1.444e+05
1.436e-01 8.519e+04
6.766e-02 2.137e+05
1.078e-01 1.196e+05
9.266e-02 1.413e+05
1.386e-01 7.345e+04
8.975e-02 1.525e+05
1.283e-01 1.007e+05
1.023e-01 1.169e+05
7.277e-02 1.886e+05
6.854e-02 2.058e+05
6.557e-02 2.178e+05
9.094e-02 1.478e+05
6.642e-02 2.120e+05
1.109e-01 9.612e+04
6.945e-02 1.995e+05
6.833e-02 2.106e+05
6.809e-02 2.156e+05
6.787e-02 2.115e+05
1.179e-01 1.075e+05
7.250e-02 2.004e+05
7.526e-02 1.746e+05
6.591e-02 2.175e+05
6.908e-02 2.049e+05
6.785e-02 2.112e+05
9.500e-02 1.452e+05
7.016e-02 2.031e+05
1.462e-01 7.412e+04
1.175e-01 1.019e+05
6.835e-02 2.079e+05
7.045e-02 2.079e+05
9.778e-02 1.349e+05
1.125e-01 1.142e+05
9.964e-02 1.278e+05
9.419e-02 1.444e+05
7.012e-02 2.041e+05
7.886e-02 1.670e+05
1.196e-01 1.100e+05
6.844e-02 2.140e+05
9.883e-02 1.375e+05
6.754e-02 2.143e+05
7.011e-02 1.969e+05
1.024e-01 1.102e+05
1.443e-01 7.590e+04
8.025e-02 1.722e+05
9.584e-02 1.334e+05
6.528e-02 2.224e+05
7.127e-02 1.966e+05
9.904e-02 1.215e+05
6.888e-02 2.070e+05
8.833e-02 1.486e+05
6.703e-02 2.112e+05
1.214e-01 1.001e+05
1.050e-01 1.267e+05
8.804e-02 1.472e+05
1.028e-01 1.214e+05
6.701e-02 2.114e+05
1.409e-01 8.336e+04
7.245e-02 1.905e+05
8.841e-02 1.368e+05
7.283e-02 1.882e+05
9.667e-02 1.268e+05
8.185e-02 1.569e+05
6.927e-02 2.106e+05
6.563e-02 2.175e+05
6.556e-02 2.241e+05
7.004e-02 2.046e+05
6.817e-02 2.152e+05
6.973e-02 2.035e+05
7.186e-02 1.966e+05
7.458e-02 1.881e+05
6.654e-02 2.196e+05
1.164e-01 1.020e+05
1.256e-01 9.372e+04
9.609e-02 1.228e+05
1.403e-01 7.510e+04
1.006e-01 1.278e+05
7.821e-02 1.617e+05
6.753e-02 2.168e+05
1.240e-01 1.003e+05
9.608e-02 1.357e+05
1.202e-01 1.038e+05
8.544e-02 1.579e+05
1.147e-01 1.008e+05
1.215e-01 9.899e+04
1.511e-01 7.386e+04
1.504e-01 7.730e+04
1.189e-01 1.083e+05
8.235e-02 1.601e+05
6.848e-02 2.107e+05
1.015e-01 1.293e+05
1.387e-01 7.772e+04
8.387e-02 1.588e+05
1.228e-01 9.191e+04
8.334e-02 1.610e+05
1.609e-01 7.766e+04
7.143e-02 1.959e+05
8.128e-02 1.732e+05
6.767e-02 2.114e+05
1.045e-01 1.179e+05
6.881e-02 2.099e+05
7.020e-02 1.999e+05
6.700e-02 2.127e+05
8.517e-02 1.545e+05
1.360e-01 7.807e+04
9.135e-02 1.427e+05
6.865e-02 2.075e+05
9.915e-02 1.319e+05
1.198e-01 1.104e+05
6.914e-02 2.057e+05
9.471e-02 1.422e+05
6.572e-02 2.168e+05
6.796e-02 2.116e+05
7.479e-02 1.897e+05
6.588e-02 2.153e+05
6.716e-02 2.163e+05
1.103e-01 1.073e+05
9.364e-02 1.436e+05
1.462e-01 7.916e+04
1.142e-01 1.058e+05
7.998e-02 1.683e+05
1.346e-01 7.666e+04
9.661e-02 1.336e+05
6.557e-02 2.194e+05
1.443e-01 8.000e+04
6.883e-02 2.052e+05
6.976e-02 2.032e+05
9.830e-02 1.349e+05
8.984e-02 1.319e+05
6.611e-02 2.188e+05
1.171e-01 1.092e+05
9.908e-02 1.329e+05
9.592e-02 1.281e+05
1.101e-01 1.199e+05
7.634e-02 1.822e+05
1.524e-01 7.225e+04
7.564e-02 1.901e+05
7.025e-02 2.003e+05
8.677e-02 1.593e+05
6.579e-02 2.186e+05
6.605e-02 2.142e+05
7.023e-02 1.986e+05
8.414e-02 1.527e+05
6.520e-02 2.218e+05
8.170e-02 1.550e+05
7.445e-02 1.840e+05
7.648e-02 1.700e+05
6.784e-02 2.109e+05
1.003e-01 1.103e+05
6.707e-02 2.142e+05
6.688e-02 2.198e+05
9.148e-02 1.382e+05
6.985e-02 2.043e+05
9.075e-02 1.420e+05
6.641e-02 2.143e+05
6.947e-02 2.063e+05
7.345e-02 1.973e+05
1.255e-01 8.809e+04
7.239e-02 1.944e+05
6.962e-02 2.030e+05
9.626e-02 1.294e+05
7.442e-02 1.814e+05
6.501e-02 2.234e+05
6.683e-02 2.134e+05
7.120e-02 1.969e+05
6.837e-02 2.079e+05
6.532e-02 2.216e+05
6.877e-02 2.131e+05
1.099e-01 1.054e+05
9.804e-02 1.386e+05
8.152e-02 1.652e+05
1.263e-01 9.390e+04
9.000e-02 1.453e+05
7.880e-02 1.726e+05
7.116e-02 1.911e+05
6.759e-02 2.111e+05
7.895e-02 1.610e+05
6.793e-02 2.104e+05
1.017e-01 1.205e+05
6.597e-02 2.148e+05
9.092e-02 1.456e+05
9.817e-02 1.426e+05
6.785e-02 2.103e+05
6.752e-02 2.127e+05
1.499e-01 7.227e+04
1.020e-01 1.118e+05
6.795e-02 2.122e+05
8.630e-02 1.506e+05
1.416e-01 7.787e+04
6.878e-02 2.032e+05
6.928e-02 2.058e+05
7.171e-02 1.984e+05
7.383e-02 1.920e+05
9.471e-02 1.426e+05
8.663e-02 1.534e+05
1.021e-01 1.255e+05
8.328e-02 1.664e+05
9.867e-02 1.372e+05
6.644e-02 2.191e+05
1.186e-01 9.333e+04
9.109e-02 1.366e+05
6.763e-02 2.110e+05
7.646e-02 1.812e+05
1.150e-01 1.137e+05
1.526e-01 7.277e+04
6.856e-02 2.097e+05
7.055e-02 2.038e+05
1.487e-01 7.485e+04
7.838e-02 1.769e+05
7.069e-02 1.992e+05
6.857e-02 2.055e+05
1.103e-01 1.153e+05
9.975e-02 1.378e+05
6.615e-02 2.222e+05
7.096e-02 1.951e+05
7.465e-02 1.862e+05
6.747e-02 2.138e+05
1.081e-01 1.158e+05
7.951e-02 1.739e+05
1.387e-01 7.775e+04
1.253e-01 9.020e+04
7.003e-02 2.024e+05
9.432e-02 1.427e+05
1.356e-01 7.984e+04
8.941e-02 1.466e+05
8.934e-02 1.473e+05
7.864e-02 1.642e+05
7.728e-02 1.831e+05
8.159e-02 1.526e+05
1.067e-01 1.294e+05
1.486e-01 7.304e+04
1.246e-01 9.297e+04
6.853e-02 2.099e+05
6.654e-02 2.177e+05
1.465e-01 7.331e+04
1.491e-01 7.564e+04
6.795e-02 2.125e+05
7.021e-02 1.929e+05
1.027e-01 1.264e+05
1.257e-01 9.997e+04
6.683e-02 2.121e+05
1.190e-01 9.588e+04
1.510e-01 7.367e+04
6.723e-02 2.112e+05
8.381e-02 1.575e+05
6.880e-02 1.980e+05
6.725e-02 2.173e+05
6.796e-02 2.093e+05
6.508e-02 2.219e+05
1.347e-01 8.959e+04
9.535e-02 1.468e+05
7.938e-02 1.744e+05
8.375e-02 1.599e+05
6.943e-02 2.043e+05
6.671e-02 2.184e+05
6.784e-02 2.052e+05
6.966e-02 1.989e+05
1.287e-01 9.427e+04
6.671e-02 2.192e+05
1.544e-01 7.516e+04
7.373e-02 1.911e+05
6.838e-02 2.048e+05
1.041e-01 1.198e+05
8.335e-02 1.653e+05
6.792e-02 2.038e+05
7.742e-02 1.753e+05
6.738e-02 2.122e+05
7.249e-02 1.969e+05
1.179e-01 1.139e+05
8.334e-02 1.678e+05
1.017e-01 1.340e+05
7.966e-02 1.704e+05
1.378e-01 8.778e+04
1.091e-01 1.233e+05
1.002e-01 1.286e+05
1.337e-01 8.256e+04
9.682e-02 1.322e+05
6.991e-02 2.046e+05
8.444e-02 1.605e+05
1.185e-01 1.073e+05
6.541e-02 2.250e+05
6.872e-02 2.083e+05
6.725e-02 2.142e+05
6.822e-02 2.106e+05
1.439e-01 7.987e+04
1.021e-01 1.189e+05
6.675e-02 2.150e+05
1.442e-01 7.392e+04
9.997e-02 1.183e+05
6.702e-02 2.145e+05
1.125e-01 1.167e+05
8.566e-02 1.587e+05
6.992e-02 2.073e+05
7.038e-02 2.024e+05
1.591e-01 7.573e+04
1.370e-01 8.662e+04
6.684e-02 2.123e+05
6.897e-02 2.054e+05
1.055e-01 1.142e+05
8.570e-02 1.514e+05
6.843e-02 2.111e+05
1.285e-01 9.005e+04
8.344e-02 1.560e+05
9.877e-02 1.256e+05
9.448e-02 1.341e+05
6.648e-02 2.204e+05
1.077e-01 1.148e+05
8.422e-02 1.578e+05
7.471e-02 1.927e+05
6.861e-02 2.041e+05
7.969e-02 1.716e+05
6.951e-02 2.100e+05
7.142e-02 1.924e+05
8.375e-02 1.554e+05
6.686e-02 2.111e+05
6.984e-02 2.040e+05
6.920e-02 2.048e+05
1.039e-01 1.202e+05
9.021e-02 1.301e+05
1.281e-01 9.514e+04
1.035e-01 1.132e+05
6.683e-02 2.150e+05
6.806e-02 2.108e+05
1.333e-01 8.617e+04
9.882e-02 1.182e+05
6.774e-02 2.108e+05
1.065e-01 1.301e+05
8.070e-02 1.759e+05
6.846e-02 2.137e+05
6.527e-02 2.245e+05
6.841e-02 2.095e+05
8.524e-02 1.456e+05
8.832e-02 1.528e+05
6.804e-02 2.099e+05
6.817e-02 2.056e+05
6.780e-02 2.105e+05
9.144e-02 1.390e+05
6.775e-02 2.116e+05
7.013e-02 2.080e+05
6.788e-02 2.127e+05
6.802e-02 2.117e+05
6.846e-02 2.142e+05
6.919e-02 2.056e+05
7.403e-02 1.885e+05
6.966e-02 2.032e+05
1.031e-01 1.352e+05
8.413e-02 1.584e+05
1.231e-01 8.705e+04
9.037e-02 1.448e+05
8.680e-02 1.642e+05
1.160e-01 1.033e+05
6.731e-02 2.179e+05
1.363e-01 8.423e+04
6.848e-02 2.083e+05
1.327e-01 9.221e+04
6.874e-02 2.110e+05
9.367e-02 1.389e+05
7.730e-02 1.689e+05
6.992e-02 1.994e+05
6.928e-02 2.049e+05
6.715e-02 2.114e+05
8.866e-02 1.549e+05
1.364e-01 8.941e+04
6.817e-02 2.083e+05
6.844e-02 2.055e+05
1.212e-01 9.135e+04
6.572e-02 2.212e+05
7.107e-02 2.010e+05
1.136e-01 1.020e+05
6.608e-02 2.181e+05
7.756e-02 1.776e+05
6.902e-02 2.073e+05
1.470e-01 7.596e+04
6.633e-02 2.189e+05
1.093e-01 1.224e+05
7.882e-02 1.795e+05
9.473e-02 1.362e+05
6.889e-02 2.071e+05
1.067e-01 1.144e+05
7.778e-02 1.752e+05
1.118e-01 1.108e+05
8.919e-02 1.483e+05
1.234e-01 9.743e+04
1.475e-01 7.190e+04
7.393e-02 1.903e+05
1.080e-01 1.177e+05
6.840e-02 2.103e+05
1.030e-01 1.161e+05
6.993e-02 2.045e+05
7.084e-02 2.048e+05
7.121e-02 1.989e+05
6.621e-02 2.135e+05
1.203e-01 1.006e+05
7.781e-02 1.709e+05
6.850e-02 2.055e+05
6.748e-02 2.157e+05
1.218e-01 9.500e+04
8.105e-02 1.664e+05
9.109e-02 1.450e+05
7.435e-02 1.899e+05
9.360e-02 1.470e+05
6.877e-02 2.070e+05
6.643e-02 2.112e+05
1.178e-01 9.436e+04
6.995e-02 2.034e+05
7.461e-02 1.840e+05
7.107e-02 2.048e+05
6.654e-02 2.119e+05
6.552e-02 2.193e+05
6.721e-02 2.099e+05
7.362e-02 1.943e+05
6.692e-02 2.113e+05
8.677e-02 1.559e+05
6.800e-02 2.095e+05
6.853e-02 2.060e+05
7.008e-02 2.013e+05
8.637e-02 1.633e+05
6.855e-02 2.073e+05
6.734e-02 2.139e+05
7.527e-02 1.866e+05
6.734e-02 2.130e+05
7.357e-02 1.917e+05
7.252e-02 1.973e+05
6.727e-02 2.139e+05
6.781e-02 2.152e+05
6.548e-02 2.231e+05
6.990e-02 2.069e+05
6.807e-02 2.137e+05
1.606e-01 7.026e+04
9.049e-02 1.371e+05
1.060e-01 1.139e+05
6.788e-02 2.145e+05
6.764e-02 2.122e+05
8.491e-02 1.535e+05
7.105e-02 2.011e+05
1.282e-01 9.486e+04
6.504e-02 2.255e+05
7.029e-02 1.995e+05
7.723e-02 1.780e+05
6.877e-02 2.071e+05
1.629e-01 7.400e+04
6.892e-02 2.055e+05
1.449e-01 7.509e+04
6.932e-02 2.100e+05
7.041e-02 2.013e+05
6.755e-02 2.131e+05
6.775e-02 2.142e+05
9.520e-02 1.371e+05
7.002e-02 2.002e+05
1.171e-01 9.994e+04
1.103e-01 1.061e+05
6.743e-02 2.117e+05
6.722e-02 2.121e+05
6.563e-02 2.176e+05
7.341e-02 1.894e+05
7.083e-02 2.031e+05
1.436e-01 7.211e+04
6.667e-02 2.126e+05
7.383e-02 1.868e+05
6.822e-02 2.073e+05
1.483e-01 7.149e+04
6.867e-02 2.090e+05
6.910e-02 2.073e+05
7.025e-02 2.044e+05
8.578e-02 1.523e+05
7.816e-02 1.604e+05
7.026e-02 2.033e+05
6.878e-02 2.106e+05
1.251e-01 9.189e+04
1.394e-01 8.285e+04
6.890e-02 2.072e+05
6.904e-02 2.059e+05
8.142e-02 1.596e+05
6.871e-02 2.083e+05
6.621e-02 2.194e+05
7.245e-02 1.945e+05
9.502e-02 1.385e+05
1.324e-01 8.714e+04
7.025e-02 2.021e+05
7.225e-02 1.913e+05
9.524e-02 1.275e+05
1.299e-01 8.581e+04
1.624e-01 7.055e+04
6.604e-02 2.164e+05
6.873e-02 2.056e+05
1.055e-01 1.203e+05
9.186e-02 1.285e+05
6.892e-02 2.114e+05
7.074e-02 2.027e+05
9.258e-02 1.348e+05
6.919e-02 2.064e+05
8.385e-02 1.586e+05
1.369e-01 8.443e+04
7.147e-02 1.974e+05
7.908e-02 1.711e+05
6.795e-02 2.103e+05
1.536e-01 7.333e+04
7.913e-02 1.821e+05
6.966e-02 2.054e+05
9.878e-02 1.343e+05
1.105e-01 1.247e+05
