1.519e-01 9.447e+04
1.635e-01 9.048e+04
1.711e-01 8.255e+04
7.595e-02 2.063e+05
1.589e-01 8.458e+04
2.124e-01 7.186e+04
8.116e-02 1.933e+05
7.802e-02 2.035e+05
1.017e-01 1.519e+05
1.254e-01 1.070e+05
7.819e-02 1.999e+05
7.424e-02 2.158e+05
8.325e-02 1.855e+05
7.764e-02 2.047e+05
9.522e-02 1.569e+05
7.633e-02 2.069e+05
1.017e-01 1.402e+05
1.201e-01 1.248e+05
1.108e-01 1.388e+05
8.627e-02 1.706e+05
9.279e-02 1.600e+05
1.199e-01 1.205e+05
8.091e-02 1.912e+05
7.392e-02 2.159e+05
1.174e-01 1.294e+05
8.193e-02 1.873e+05
7.519e-02 2.127e+05
1.115e-01 1.243e+05
8.230e-02 1.862e+05
8.490e-02 1.808e+05
7.921e-02 2.004e+05
7.667e-02 2.063e+05
1.047e-01 1.380e+05
7.483e-02 2.132e+05
1.134e-01 1.357e+05
7.851e-02 1.956e+05
7.604e-02 2.072e+05
1.234e-01 1.198e+05
8.025e-02 1.962e+05
7.946e-02 1.916e+05
8.208e-02 1.903e+05
8.965e-02 1.743e+05
8.056e-02 1.942e+05
7.902e-02 1.975e+05
8.419e-02 1.825e+05
7.955e-02 1.950e+05
9.534e-02 1.504e+05
9.815e-02 1.553e+05
1.809e-01 8.231e+04
7.742e-02 1.999e+05
8.505e-02 1.818e+05
8.135e-02 1.896e+05
7.909e-02 1.984e+05
7.832e-02 1.997e+05
7.371e-02 2.178e+05
7.898e-02 1.968e+05
9.320e-02 1.606e+05
1.097e-01 1.251e+05
9.151e-02 1.649e+05
9.130e-02 1.609e+05
9.359e-02 1.636e+05
8.018e-02 1.951e+05
1.231e-01 1.176e+05
7.937e-02 1.987e+05
1.332e-01 1.067e+05
1.249e-01 1.207e+05
7.737e-02 2.026e+05
1.082e-01 1.332e+05
1.210e-01 1.202e+05
1.495e-01 1.011e+05
8.265e-02 1.859e+05
1.071e-01 1.434e+05
8.041e-02 1.910e+05
7.767e-02 1.981e+05
1.660e-01 9.175e+04
7.438e-02 2.131e+05
8.491e-02 1.743e+05
1.066e-01 1.371e+05
8.222e-02 1.853e+05
7.731e-02 2.023e+05
8.223e-02 1.903e+05
7.396e-02 2.149e+05
1.026e-01 1.447e+05
7.384e-02 2.155e+05
7.816e-02 2.006e+05
8.035e-02 1.931e+05
1.749e-01 8.045e+04
1.766e-01 8.508e+04
8.329e-02 1.831e+05
8.135e-02 1.901e+05
7.683e-02 2.045e+05
1.013e-01 1.476e+05
7.723e-02 2.027e+05
7.696e-02 2.057e+05
7.370e-02 2.148e+05
7.886e-02 2.003e+05
1.493e-01 1.065e+05
8.863e-02 1.684e+05
9.944e-02 1.458e+05
1.244e-01 1.136e+05
1.621e-01 8.251e+04
7.830e-02 2.018e+05
7.923e-02 1.979e+05
7.799e-02 2.013e+05
7.565e-02 2.075e+05
7.589e-02 2.064e+05
1.168e-01 1.307e+05
7.604e-02 2.062e+05
7.792e-02 2.005e+05
1.714e-01 8.077e+04
7.935e-02 1.950e+05
9.295e-02 1.520e+05
7.971e-02 1.946e+05
7.458e-02 2.147e+05
1.086e-01 1.257e+05
7.383e-02 2.156e+05
9.535e-02 1.588e+05
1.901e-01 8.205e+04
8.244e-02 1.895e+05
1.586e-01 9.909e+04
7.632e-02 2.084e+05
8.723e-02 1.725e+05
9.724e-02 1.501e+05
8.941e-02 1.664e+05
1.672e-01 8.253e+04
7.658e-02 2.022e+05
8.295e-02 1.862e+05
1.569e-01 8.699e+04
8.132e-02 1.888e+05
8.499e-02 1.799e+05
7.493e-02 2.100e+05
1.036e-01 1.465e+05
7.591e-02 2.085e+05
1.558e-01 8.973e+04
7.777e-02 2.019e+05
7.916e-02 1.963e+05
1.181e-01 1.174e+05
7.574e-02 2.068e+05
1.160e-01 1.277e+05
7.732e-02 2.022e+05
1.340e-01 1.125e+05
1.019e-01 1.427e+05
7.672e-02 2.039e+05
7.797e-02 2.005e+05
1.589e-01 9.616e+04
1.949e-01 8.037e+04
7.405e-02 2.169e+05
9.545e-02 1.556e+05
8.196e-02 1.901e+05
1.102e-01 1.330e+05
8.677e-02 1.756e+05
7.770e-02 2.010e+05
9.577e-02 1.607e+05
7.526e-02 2.121e+05
7.677e-02 2.053e+05
1.415e-01 9.780e+04
8.513e-02 1.801e+05
1.000e-01 1.391e+05
7.803e-02 1.975e+05
1.271e-01 1.081e+05
7.742e-02 2.030e+05
8.526e-02 1.760e+05
1.716e-01 8.363e+04
7.766e-02 1.996e+05
8.073e-02 1.889e+05
8.280e-02 1.864e+05
8.883e-02 1.717e+05
8.981e-02 1.646e+05
8.053e-02 1.910e+05
7.962e-02 1.994e+05
9.067e-02 1.685e+05
8.072e-02 1.906e+05
7.883e-02 1.979e+05
8.487e-02 1.840e+05
8.595e-02 1.752e+05
7.705e-02 2.042e+05
7.779e-02 2.019e+05
7.674e-02 2.043e+05
1.676e-01 9.234e+04
1.411e-01 9.577e+04
1.372e-01 1.032e+05
9.358e-02 1.575e+05
7.775e-02 2.009e+05
7.811e-02 2.009e+05
1.548e-01 9.310e+04
8.146e-02 1.855e+05
1.218e-01 1.176e+05
7.469e-02 2.113e+05
8.099e-02 1.938e+05
1.089e-01 1.388e+05
1.367e-01 1.090e+05
7.676e-02 2.053e+05
7.640e-02 2.063e+05
7.602e-02 2.080e+05
1.098e-01 1.278e+05
1.873e-01 8.584e+04
1.075e-01 1.299e+05
1.573e-01 9.079e+04
8.050e-02 1.920e+05
1.179e-01 1.297e+05
1.010e-01 1.396e+05
1.174e-01 1.203e+05
1.497e-01 9.500e+04
1.888e-01 7.598e+04
7.706e-02 2.029e+05
7.818e-02 1.993e+05
7.706e-02 2.012e+05
9.071e-02 1.637e+05
1.719e-01 8.634e+04
1.306e-01 1.114e+05
9.522e-02 1.548e+05
7.744e-02 2.040e+05
1.095e-01 1.333e+05
1.166e-01 1.195e+05
7.761e-02 2.054e+05
7.512e-02 2.100e+05
1.183e-01 1.176e+05
7.707e-02 2.024e+05
1.162e-01 1.190e+05
7.995e-02 1.947e+05
7.622e-02 2.042e+05
8.926e-02 1.617e+05
8.410e-02 1.830e+05
9.341e-02 1.657e+05
8.228e-02 1.880e+05
7.559e-02 2.088e+05
7.657e-02 2.083e+05
7.387e-02 2.139e+05
7.344e-02 2.184e+05
7.751e-02 2.059e+05
8.452e-02 1.796e+05
1.534e-01 9.487e+04
1.479e-01 9.891e+04
1.319e-01 1.147e+05
7.925e-02 1.989e+05
7.623e-02 2.091e+05
7.882e-02 1.978e+05
1.490e-01 9.882e+04
1.236e-01 1.249e+05
1.008e-01 1.424e+05
1.440e-01 9.555e+04
7.420e-02 2.138e+05
8.769e-02 1.728e+05
1.070e-01 1.419e+05
7.648e-02 2.027e+05
1.399e-01 1.032e+05
1.529e-01 9.399e+04
8.161e-02 1.904e+05
7.813e-02 2.025e+05
8.474e-02 1.856e+05
7.956e-02 1.953e+05
1.460e-01 9.822e+04
7.878e-02 2.012e+05
1.019e-01 1.386e+05
1.143e-01 1.297e+05
7.921e-02 2.006e+05
9.402e-02 1.524e+05
1.879e-01 7.635e+04
7.722e-02 2.000e+05
7.508e-02 2.079e+05
8.047e-02 1.914e+05
1.151e-01 1.329e+05
1.695e-01 8.095e+04
7.897e-02 1.974e+05
9.740e-02 1.577e+05
7.776e-02 1.976e+05
1.057e-01 1.441e+05
7.621e-02 2.038e+05
1.300e-01 1.114e+05
7.661e-02 2.049e+05
7.460e-02 2.127e+05
8.202e-02 1.916e+05
1.538e-01 9.042e+04
9.332e-02 1.577e+05
7.628e-02 2.068e+05
8.598e-02 1.789e+05
1.286e-01 1.144e+05
1.167e-01 1.235e+05
7.613e-02 2.091e+05
7.456e-02 2.141e+05
7.852e-02 2.011e+05
1.284e-01 1.123e+05
7.543e-02 2.114e+05
7.928e-02 1.961e+05
7.408e-02 2.129e+05
7.589e-02 2.085e+05
8.469e-02 1.821e+05
8.634e-02 1.751e+05
1.289e-01 1.168e+05
1.003e-01 1.484e+05
7.469e-02 2.121e+05
7.776e-02 2.017e+05
7.444e-02 2.109e+05
1.679e-01 7.655e+04
7.602e-02 2.050e+05
1.411e-01 1.079e+05
9.551e-02 1.537e+05
7.941e-02 1.952e+05
1.247e-01 1.220e+05
7.891e-02 1.960e+05
8.840e-02 1.657e+05
8.016e-02 1.928e+05
7.392e-02 2.163e+05
7.703e-02 2.073e+05
8.111e-02 1.904e+05
7.846e-02 1.984e+05
1.176e-01 1.248e+05
7.810e-02 2.007e+05
7.623e-02 2.083e+05
9.808e-02 1.466e+05
7.546e-02 2.067e+05
8.540e-02 1.803e+05
8.082e-02 1.947e+05
7.761e-02 2.049e+05
1.025e-01 1.423e+05
7.767e-02 1.989e+05
7.446e-02 2.143e+05
7.881e-02 2.013e+05
7.782e-02 1.978e+05
7.700e-02 2.040e+05
8.774e-02 1.766e+05
7.937e-02 1.928e+05
7.514e-02 2.123e+05
9.739e-02 1.495e+05
7.747e-02 1.981e+05
8.403e-02 1.788e+05
1.180e-01 1.177e+05
7.695e-02 2.007e+05
7.696e-02 2.044e+05
7.511e-02 2.120e+05
9.983e-02 1.425e+05
7.848e-02 1.978e+05
1.077e-01 1.389e+05
8.078e-02 1.950e+05
9.627e-02 1.526e+05
8.232e-02 1.885e+05
9.262e-02 1.645e+05
7.616e-02 2.042e+05
1.401e-01 1.058e+05
7.876e-02 2.003e+05
7.898e-02 1.935e+05
1.066e-01 1.406e+05
7.770e-02 2.020e+05
1.175e-01 1.201e+05
7.609e-02 2.072e+05
8.214e-02 1.870e+05
7.947e-02 1.965e+05
1.004e-01 1.532e+05
1.733e-01 8.508e+04
7.448e-02 2.108e+05
1.209e-01 1.234e+05
1.169e-01 1.259e+05
9.889e-02 1.548e+05
7.643e-02 2.061e+05
1.066e-01 1.356e+05
1.025e-01 1.420e+05
7.801e-02 1.989e+05
1.245e-01 1.247e+05
1.305e-01 1.069e+05
1.311e-01 1.107e+05
1.439e-01 1.080e+05
7.683e-02 2.053e+05
8.766e-02 1.726e+05
7.472e-02 2.123e+05
7.910e-02 1.972e+05
7.829e-02 1.988e+05
9.697e-02 1.446e+05
1.016e-01 1.496e+05
9.757e-02 1.576e+05
9.170e-02 1.615e+05
1.029e-01 1.420e+05
7.724e-02 1.995e+05
9.138e-02 1.690e+05
7.432e-02 2.138e+05
8.374e-02 1.841e+05
1.900e-01 7.636e+04
7.931e-02 1.945e+05
9.978e-02 1.500e+05
1.897e-01 7.765e+04
9.017e-02 1.696e+05
7.543e-02 2.114e+05
1.252e-01 1.191e+05
7.554e-02 2.084e+05
7.948e-02 1.952e+05
1.340e-01 1.059e+05
8.178e-02 1.889e+05
7.375e-02 2.143e+05
7.735e-02 2.014e+05
1.368e-01 1.062e+05
1.581e-01 9.559e+04
7.424e-02 2.159e+05
7.568e-02 2.087e+05
1.104e-01 1.317e+05
7.482e-02 2.125e+05
1.887e-01 7.461e+04
7.591e-02 2.102e+05
8.890e-02 1.656e+05
1.184e-01 1.288e+05
7.882e-02 1.973e+05
8.026e-02 1.897e+05
7.890e-02 1.970e+05
1.330e-01 1.046e+05
9.749e-02 1.511e+05
1.001e-01 1.546e+05
7.686e-02 2.037e+05
1.737e-01 8.545e+04
9.698e-02 1.512e+05
7.757e-02 2.013e+05
7.596e-02 2.097e+05
7.391e-02 2.154e+05
1.155e-01 1.241e+05
7.987e-02 1.948e+05
9.461e-02 1.604e+05
7.629e-02 2.043e+05
9.072e-02 1.616e+05
7.738e-02 2.035e+05
7.460e-02 2.140e+05
7.578e-02 2.085e+05
9.239e-02 1.644e+05
7.902e-02 1.980e+05
1.438e-01 1.061e+05
1.468e-01 1.001e+05
7.703e-02 2.035e+05
7.862e-02 1.968e+05
7.779e-02 2.006e+05
8.503e-02 1.771e+05
9.892e-02 1.419e+05
7.708e-02 1.995e+05
8.868e-02 1.647e+05
1.573e-01 9.124e+04
7.843e-02 2.007e+05
7.712e-02 2.010e+05
1.125e-01 1.280e+05
8.093e-02 1.913e+05
7.457e-02 2.138e+05
7.652e-02 2.076e+05
7.702e-02 2.073e+05
1.120e-01 1.253e+05
7.791e-02 2.000e+05
7.664e-02 2.080e+05
1.044e-01 1.470e+05
7.792e-02 2.005e+05
1.475e-01 9.651e+04
1.856e-01 7.614e+04
7.807e-02 2.019e+05
7.607e-02 2.062e+05
1.149e-01 1.291e+05
7.904e-02 1.978e+05
7.644e-02 2.089e+05
7.965e-02 1.989e+05
1.395e-01 1.075e+05
1.236e-01 1.140e+05
7.743e-02 2.033e+05
9.666e-02 1.567e+05
8.461e-02 1.797e+05
2.000e-01 7.571e+04
7.752e-02 1.991e+05
7.967e-02 1.942e+05
9.079e-02 1.634e+05
1.477e-01 9.884e+04
8.861e-02 1.727e+05
7.564e-02 2.080e+05
7.488e-02 2.103e+05
7.709e-02 2.068e+05
1.091e-01 1.323e+05
8.181e-02 1.851e+05
1.056e-01 1.391e+05
7.692e-02 2.053e+05
1.344e-01 1.041e+05
7.442e-02 2.144e+05
8.047e-02 1.913e+05
7.609e-02 2.071e+05
8.137e-02 1.849e+05
1.628e-01 9.306e+04
7.944e-02 1.959e+05
9.058e-02 1.611e+05
1.624e-01 9.550e+04
1.215e-01 1.242e+05
8.424e-02 1.790e+05
7.843e-02 1.983e+05
1.393e-01 1.075e+05
1.052e-01 1.340e+05
7.471e-02 2.103e+05
7.542e-02 2.067e+05
1.146e-01 1.254e+05
8.744e-02 1.746e+05
1.978e-01 7.376e+04
8.186e-02 1.879e+05
1.117e-01 1.346e+05
1.863e-01 7.835e+04
7.632e-02 2.046e+05
7.483e-02 2.144e+05
9.312e-02 1.581e+05
9.609e-02 1.606e+05
9.309e-02 1.556e+05
1.559e-01 9.649e+04
8.054e-02 1.947e+05
7.823e-02 2.005e+05
7.791e-02 2.034e+05
1.153e-01 1.264e+05
1.321e-01 1.060e+05
7.642e-02 2.073e+05
8.077e-02 1.934e+05
9.255e-02 1.579e+05
1.005e-01 1.381e+05
8.927e-02 1.700e+05
7.834e-02 1.989e+05
7.773e-02 2.016e+05
9.104e-02 1.699e+05
7.821e-02 2.025e+05
8.745e-02 1.779e+05
7.623e-02 2.063e+05
1.121e-01 1.326e+05
7.739e-02 2.037e+05
8.743e-02 1.686e+05
9.590e-02 1.555e+05
1.843e-01 7.661e+04
8.931e-02 1.647e+05
1.445e-01 1.061e+05
1.020e-01 1.486e+05
1.585e-01 9.770e+04
9.723e-02 1.475e+05
8.783e-02 1.715e+05
7.872e-02 1.943e+05
1.964e-01 7.472e+04
1.012e-01 1.489e+05
9.035e-02 1.664e+05
7.679e-02 2.028e+05
1.520e-01 9.748e+04
7.828e-02 1.968e+05
7.872e-02 1.973e+05
9.742e-02 1.557e+05
7.705e-02 2.036e+05
7.700e-02 2.033e+05
7.547e-02 2.071e+05
1.044e-01 1.415e+05
1.003e-01 1.444e+05
1.487e-01 1.029e+05
7.663e-02 2.073e+05
1.109e-01 1.336e+05
1.912e-01 7.848e+04
8.277e-02 1.835e+05
1.493e-01 1.000e+05
7.956e-02 1.971e+05
7.480e-02 2.136e+05
8.899e-02 1.701e+05
1.216e-01 1.208e+05
7.391e-02 2.170e+05
1.027e-01 1.422e+05
7.507e-02 2.113e+05
1.088e-01 1.378e+05
1.827e-01 7.920e+04
7.576e-02 2.101e+05
7.540e-02 2.060e+05
8.176e-02 1.882e+05
8.819e-02 1.741e+05
1.358e-01 1.101e+05
7.900e-02 1.977e+05
8.464e-02 1.839e+05
8.246e-02 1.863e+05
7.881e-02 1.984e+05
8.002e-02 1.942e+05
8.144e-02 1.900e+05
7.496e-02 2.087e+05
7.593e-02 2.059e+05
7.734e-02 2.018e+05
1.124e-01 1.264e+05
7.665e-02 2.057e+05
7.590e-02 2.065e+05
7.738e-02 2.017e+05
7.850e-02 1.978e+05
7.726e-02 2.030e+05
1.238e-01 1.198e+05
7.855e-02 1.999e+05
1.515e-01 9.192e+04
1.332e-01 1.049e+05
7.832e-02 1.981e+05
1.384e-01 1.008e+05
1.165e-01 1.199e+05
1.022e-01 1.430e+05
7.755e-02 2.035e+05
1.946e-01 7.304e+04
7.823e-02 1.995e+05
1.836e-01 7.973e+04
8.861e-02 1.637e+05
7.906e-02 1.994e+05
7.549e-02 2.107e+05
7.761e-02 2.034e+05
7.940e-02 1.967e+05
7.691e-02 2.035e+05
9.626e-02 1.526e+05
8.562e-02 1.808e+05
1.906e-01 7.564e+04
7.521e-02 2.097e+05
7.847e-02 1.991e+05
8.436e-02 1.831e+05
1.997e-01 7.811e+04
7.570e-02 2.051e+05
8.073e-02 1.912e+05
7.364e-02 2.154e+05
9.953e-02 1.476e+05
7.476e-02 2.104e+05
7.838e-02 1.976e+05
7.391e-02 2.167e+05
9.443e-02 1.595e+05
7.604e-02 2.069e+05
1.007e-01 1.445e+05
8.528e-02 1.793e+05
1.265e-01 1.204e+05
7.436e-02 2.149e+05
8.233e-02 1.811e+05
7.741e-02 2.005e+05
7.861e-02 1.963e+05
1.158e-01 1.247e+05
9.681e-02 1.517e+05
1.070e-01 1.344e+05
7.688e-02 2.067e+05
7.726e-02 2.031e+05
7.474e-02 2.137e+05
7.718e-02 2.048e+05
7.604e-02 2.081e+05
9.367e-02 1.567e+05
7.701e-02 2.034e+05
7.807e-02 2.021e+05
7.668e-02 2.027e+05
7.769e-02 2.020e+05
8.055e-02 1.948e+05
7.619e-02 2.088e+05
8.069e-02 1.900e+05
8.546e-02 1.711e+05
8.058e-02 1.952e+05
1.175e-01 1.224e+05
1.953e-01 7.668e+04
1.256e-01 1.093e+05
7.864e-02 2.009e+05
7.904e-02 1.985e+05
7.433e-02 2.145e+05
1.693e-01 8.606e+04
9.457e-02 1.574e+05
8.875e-02 1.702e+05
7.768e-02 1.992e+05
1.252e-01 1.217e+05
7.845e-02 2.019e+05
7.847e-02 1.988e+05
1.066e-01 1.378e+05
8.119e-02 1.911e+05
8.637e-02 1.811e+05
1.910e-01 7.786e+04
7.909e-02 1.992e+05
8.020e-02 1.956e+05
1.718e-01 8.782e+04
8.359e-02 1.810e+05
8.044e-02 1.976e+05
1.013e-01 1.485e+05
7.785e-02 2.040e+05
1.650e-01 8.542e+04
1.036e-01 1.401e+05
1.273e-01 1.182e+05
7.706e-02 2.036e+05
1.492e-01 9.432e+04
7.757e-02 1.984e+05
9.441e-02 1.602e+05
1.047e-01 1.435e+05
1.075e-01 1.353e+05
7.708e-02 1.994e+05
7.648e-02 2.042e+05
7.542e-02 2.107e+05
1.719e-01 8.846e+04
7.975e-02 1.956e+05
1.083e-01 1.407e+05
7.707e-02 2.017e+05
9.123e-02 1.676e+05
1.698e-01 7.722e+04
1.067e-01 1.311e+05
7.570e-02 2.071e+05
8.324e-02 1.834e+05
1.388e-01 1.122e+05
1.511e-01 9.608e+04
7.624e-02 2.093e+05
7.694e-02 2.025e+05
1.733e-01 7.697e+04
1.050e-01 1.327e+05
7.819e-02 1.997e+05
7.907e-02 1.973e+05
7.700e-02 2.014e+05
7.445e-02 2.121e+05
7.425e-02 2.144e+05
7.954e-02 1.962e+05
8.119e-02 1.909e+05
7.951e-02 1.950e+05
1.020e-01 1.419e+05
7.867e-02 1.986e+05
7.549e-02 2.076e+05
7.776e-02 2.003e+05
7.609e-02 2.062e+05
8.088e-02 1.914e+05
7.691e-02 2.017e+05
1.015e-01 1.449e+05
7.408e-02 2.148e+05
1.716e-01 9.061e+04
1.010e-01 1.464e+05
2.292e-01 7.173e+04
1.447e-01 1.066e+05
1.060e-01 1.414e+05
1.661e-01 8.951e+04
1.690e-01 9.170e+04
7.665e-02 2.019e+05
8.186e-02 1.882e+05
7.506e-02 2.095e+05
1.551e-01 9.267e+04
7.565e-02 2.056e+05
1.306e-01 1.119e+05
1.909e-01 7.386e+04
1.338e-01 1.091e+05
7.617e-02 2.095e+05
8.028e-02 1.936e+05
8.308e-02 1.893e+05
1.625e-01 8.840e+04
7.792e-02 2.020e+05
7.708e-02 2.020e+05
2.027e-01 7.416e+04
8.230e-02 1.915e+05
7.522e-02 2.072e+05
7.409e-02 2.151e+05
7.411e-02 2.154e+05
8.001e-02 1.929e+05
7.942e-02 1.965e+05
8.694e-02 1.733e+05
1.480e-01 1.073e+05
7.535e-02 2.068e+05
7.580e-02 2.061e+05
8.084e-02 1.854e+05
1.603e-01 8.858e+04
1.284e-01 1.186e+05
7.805e-02 2.003e+05
1.858e-01 8.423e+04
1.973e-01 7.482e+04
7.878e-02 1.977e+05
7.849e-02 2.016e+05
9.810e-02 1.434e+05
1.253e-01 1.191e+05
7.860e-02 2.025e+05
9.269e-02 1.579e+05
8.233e-02 1.906e+05
1.551e-01 8.864e+04
1.480e-01 1.037e+05
1.396e-01 1.068e+05
7.990e-02 1.943e+05
7.699e-02 2.064e+05
1.237e-01 1.214e+05
1.567e-01 9.017e+04
7.425e-02 2.143e+05
7.504e-02 2.093e+05
1.058e-01 1.407e+05
1.666e-01 8.716e+04
1.326e-01 1.120e+05
7.648e-02 2.087e+05
7.630e-02 2.056e+05
7.682e-02 2.051e+05
7.796e-02 2.039e+05
7.849e-02 2.020e+05
9.053e-02 1.669e+05
8.164e-02 1.887e+05
8.239e-02 1.871e+05
1.764e-01 8.444e+04
1.772e-01 7.529e+04
7.845e-02 1.995e+05
1.603e-01 9.583e+04
9.258e-02 1.570e+05
7.512e-02 2.084e+05
7.890e-02 1.994e+05
9.169e-02 1.555e+05
7.726e-02 2.041e+05
1.083e-01 1.275e+05
1.066e-01 1.351e+05
1.092e-01 1.368e+05
7.451e-02 2.150e+05
1.383e-01 1.049e+05
1.189e-01 1.225e+05
9.043e-02 1.592e+05
1.001e-01 1.483e+05
7.811e-02 2.004e+05
7.721e-02 2.000e+05
1.836e-01 7.891e+04
1.612e-01 9.555e+04
9.926e-02 1.508e+05
1.264e-01 1.155e+05
7.795e-02 2.009e+05
7.466e-02 2.151e+05
1.640e-01 8.724e+04
7.447e-02 2.110e+05
1.001e-01 1.543e+05
1.078e-01 1.424e+05
1.280e-01 1.096e+05
1.194e-01 1.201e+05
7.862e-02 2.023e+05
2.059e-01 7.446e+04
1.579e-01 9.491e+04
1.001e-01 1.467e+05
1.017e-01 1.450e+05
9.010e-02 1.734e+05
1.690e-01 8.619e+04
8.077e-02 1.941e+05
1.946e-01 7.733e+04
8.623e-02 1.812e+05
7.447e-02 2.137e+05
8.899e-02 1.742e+05
7.832e-02 2.023e+05
7.860e-02 1.984e+05
7.867e-02 1.970e+05
1.039e-01 1.346e+05
7.683e-02 2.045e+05
1.426e-01 1.069e+05
1.324e-01 1.050e+05
7.503e-02 2.108e+05
8.244e-02 1.893e+05
7.502e-02 2.088e+05
1.572e-01 9.463e+04
8.579e-02 1.770e+05
1.177e-01 1.194e+05
8.245e-02 1.839e+05
1.734e-01 8.171e+04
9.415e-02 1.527e+05
8.786e-02 1.765e+05
1.205e-01 1.121e+05
1.243e-01 1.136e+05
7.490e-02 2.087e+05
7.550e-02 2.117e+05
1.227e-01 1.242e+05
9.923e-02 1.517e+05
1.658e-01 8.827e+04
1.623e-01 8.405e+04
9.206e-02 1.642e+05
8.011e-02 1.937e+05
1.682e-01 8.611e+04
9.689e-02 1.551e+05
8.038e-02 1.931e+05
7.642e-02 2.070e+05
1.217e-01 1.238e+05
1.435e-01 1.014e+05
7.717e-02 2.025e+05
7.748e-02 2.022e+05
9.190e-02 1.584e+05
7.744e-02 2.025e+05
7.537e-02 2.120e+05
1.667e-01 8.777e+04
9.109e-02 1.621e+05
7.722e-02 2.031e+05
1.812e-01 8.077e+04
8.878e-02 1.689e+05
1.501e-01 9.854e+04
2.078e-01 7.236e+04
2.068e-01 7.702e+04
7.748e-02 2.028e+05
7.699e-02 2.012e+05
8.236e-02 1.875e+05
7.929e-02 1.965e+05
7.961e-02 1.976e+05
7.746e-02 2.027e+05
7.907e-02 1.966e+05
1.712e-01 8.224e+04
1.107e-01 1.404e+05
8.043e-02 1.922e+05
7.772e-02 2.011e+05
7.847e-02 2.003e+05
7.477e-02 2.101e+05
1.979e-01 7.583e+04
7.778e-02 1.999e+05
8.967e-02 1.622e+05
1.058e-01 1.341e+05
1.284e-01 1.109e+05
7.448e-02 2.119e+05
7.722e-02 2.031e+05
7.526e-02 2.079e+05
9.224e-02 1.616e+05
1.907e-01 7.667e+04
7.931e-02 1.939e+05
7.747e-02 1.998e+05
7.764e-02 2.018e+05
8.357e-02 1.854e+05
8.302e-02 1.854e+05
8.179e-02 1.881e+05
9.686e-02 1.481e+05
7.622e-02 2.063e+05
1.487e-01 9.844e+04
8.310e-02 1.850e+05
7.625e-02 2.063e+05
9.329e-02 1.572e+05
9.649e-02 1.521e+05
1.050e-01 1.419e+05
7.493e-02 2.123e+05
7.764e-02 2.011e+05
7.765e-02 2.013e+05
7.412e-02 2.155e+05
8.842e-02 1.686e+05
1.241e-01 1.184e+05
1.067e-01 1.362e+05
1.939e-01 7.407e+04
1.465e-01 9.895e+04
9.319e-02 1.602e+05
1.573e-01 9.461e+04
8.116e-02 1.871e+05
7.791e-02 2.018e+05
8.680e-02 1.797e+05
7.988e-02 1.928e+05
1.156e-01 1.293e+05
1.948e-01 7.476e+04
1.848e-01 7.567e+04
9.695e-02 1.553e+05
9.972e-02 1.490e+05
9.369e-02 1.592e+05
7.764e-02 2.000e+05
7.909e-02 1.971e+05
9.451e-02 1.626e+05
8.524e-02 1.750e+05
7.462e-02 2.129e+05
8.000e-02 1.954e+05
7.915e-02 1.952e+05
7.725e-02 2.034e+05
7.667e-02 2.051e+05
7.936e-02 1.959e+05
7.919e-02 1.972e+05
7.691e-02 2.047e+05
1.124e-01 1.383e+05
7.986e-02 1.926e+05
1.521e-01 9.269e+04
8.435e-02 1.802e+05
9.949e-02 1.487e+05
2.011e-01 7.892e+04
7.480e-02 2.099e+05
1.706e-01 8.315e+04
7.359e-02 2.180e+05
7.660e-02 2.057e+05
1.072e-01 1.375e+05
1.045e-01 1.390e+05
7.829e-02 1.974e+05
8.133e-02 1.832e+05
1.190e-01 1.234e+05
7.831e-02 2.007e+05
8.335e-02 1.841e+05
9.128e-02 1.621e+05
1.917e-01 7.774e+04
7.591e-02 2.092e+05
7.562e-02 2.097e+05
1.259e-01 1.211e+05
8.355e-02 1.813e+05
1.122e-01 1.278e+05
7.625e-02 2.049e+05
7.695e-02 2.036e+05
7.730e-02 2.009e+05
8.029e-02 1.937e+05
8.916e-02 1.748e+05
1.623e-01 8.939e+04
8.814e-02 1.768e+05
7.566e-02 2.081e+05
1.020e-01 1.465e+05
8.370e-02 1.811e+05
1.029e-01 1.430e+05
7.641e-02 2.038e+05
8.517e-02 1.817e+05
7.366e-02 2.154e+05
9.344e-02 1.667e+05
1.658e-01 8.486e+04
7.766e-02 2.019e+05
1.103e-01 1.261e+05
8.897e-02 1.713e+05
1.462e-01 9.611e+04
7.711e-02 2.033e+05
8.520e-02 1.755e+05
1.209e-01 1.224e+05
7.708e-02 2.039e+05
9.137e-02 1.661e+05
1.808e-01 8.177e+04
1.505e-01 9.913e+04
7.588e-02 2.108e+05
9.435e-02 1.522e+05
7.757e-02 2.020e+05
1.418e-01 1.082e+05
1.956e-01 7.134e+04
8.749e-02 1.739e+05
1.070e-01 1.387e+05
7.771e-02 2.023e+05
7.793e-02 2.013e+05
8.771e-02 1.661e+05
7.672e-02 2.044e+05
8.181e-02 1.867e+05
1.030e-01 1.443e+05
7.822e-02 2.001e+05
1.508e-01 9.833e+04
7.526e-02 2.083e+05
9.128e-02 1.638e+05
7.812e-02 2.008e+05
1.134e-01 1.344e+05
7.643e-02 2.073e+05
1.446e-01 1.033e+05
9.388e-02 1.612e+05
7.736e-02 2.028e+05
1.447e-01 9.474e+04
7.896e-02 2.008e+05
1.235e-01 1.235e+05
8.199e-02 1.926e+05
1.311e-01 1.045e+05
1.448e-01 1.028e+05
7.904e-02 1.976e+05
8.033e-02 1.936e+05
7.583e-02 2.086e+05
1.173e-01 1.243e+05
7.689e-02 2.013e+05
1.070e-01 1.316e+05
8.091e-02 1.914e+05
7.887e-02 1.993e+05
8.592e-02 1.758e+05
7.595e-02 2.096e+05
7.657e-02 2.033e+05
9.079e-02 1.644e+05
1.378e-01 1.032e+05
8.487e-02 1.832e+05
9.285e-02 1.613e+05
1.404e-01 1.047e+05
1.305e-01 1.104e+05
8.135e-02 1.899e+05
7.571e-02 2.114e+05
7.955e-02 1.989e+05
8.517e-02 1.754e+05
8.610e-02 1.689e+05
1.398e-01 1.081e+05
1.906e-01 7.585e+04
8.003e-02 1.962e+05
1.434e-01 1.006e+05
7.837e-02 1.986e+05
1.297e-01 1.158e+05
1.120e-01 1.328e+05
1.318e-01 1.119e+05
1.801e-01 7.879e+04
7.769e-02 2.017e+05
1.041e-01 1.475e+05
1.450e-01 1.006e+05
1.372e-01 1.094e+05
7.706e-02 2.011e+05
8.944e-02 1.726e+05
7.747e-02 2.000e+05
7.879e-02 1.978e+05
9.350e-02 1.579e+05
8.189e-02 1.813e+05
1.261e-01 1.168e+05
7.745e-02 2.040e+05
7.595e-02 2.079e+05
8.416e-02 1.785e+05
7.964e-02 1.927e+05
1.144e-01 1.242e+05
1.791e-01 8.410e+04
7.935e-02 1.968e+05
7.643e-02 2.056e+05
7.733e-02 2.030e+05
8.568e-02 1.837e+05
1.090e-01 1.359e+05
7.897e-02 1.970e+05
1.194e-01 1.183e+05
8.005e-02 1.947e+05
1.172e-01 1.252e+05
9.875e-02 1.531e+05
7.768e-02 2.053e+05
1.171e-01 1.172e+05
1.114e-01 1.335e+05
1.001e-01 1.411e+05
9.014e-02 1.712e+05
9.471e-02 1.625e+05
9.824e-02 1.504e+05
7.728e-02 2.017e+05
1.007e-01 1.381e+05
7.679e-02 2.054e+05
7.670e-02 2.047e+05
1.976e-01 7.237e+04
1.601e-01 9.006e+04
7.634e-02 2.059e+05
1.250e-01 1.141e+05
1.009e-01 1.527e+05
1.266e-01 1.161e+05
7.425e-02 2.138e+05
1.735e-01 8.123e+04
7.618e-02 2.072e+05
7.859e-02 1.936e+05
7.592e-02 2.099e+05
8.862e-02 1.713e+05
7.394e-02 2.152e+05
7.664e-02 2.064e+05
7.685e-02 2.051e+05
1.912e-01 7.678e+04
7.763e-02 2.002e+05
7.651e-02 2.071e+05
1.101e-01 1.283e+05
9.741e-02 1.542e+05
7.624e-02 2.089e+05
7.522e-02 2.108e+05
1.252e-01 1.106e+05
1.207e-01 1.267e+05
1.575e-01 9.473e+04
1.109e-01 1.354e+05
1.628e-01 9.140e+04
1.232e-01 1.177e+05
7.600e-02 2.054e+05
7.991e-02 1.908e+05
7.450e-02 2.157e+05
1.873e-01 7.585e+04
8.566e-02 1.706e+05
1.547e-01 1.015e+05
8.188e-02 1.867e+05
8.014e-02 1.880e+05
1.565e-01 9.626e+04
7.591e-02 2.106e+05
7.872e-02 1.992e+05
1.260e-01 1.170e+05
1.098e-01 1.389e+05
7.890e-02 1.977e+05
8.304e-02 1.888e+05
1.012e-01 1.474e+05
8.785e-02 1.711e+05
1.076e-01 1.404e+05
7.652e-02 2.050e+05
7.760e-02 1.991e+05
7.920e-02 1.951e+05
1.277e-01 1.222e+05
1.346e-01 1.160e+05
7.673e-02 2.065e+05
8.001e-02 1.943e+05
7.652e-02 2.061e+05
7.737e-02 1.983e+05
1.089e-01 1.374e+05
9.944e-02 1.515e+05
7.650e-02 2.012e+05
9.069e-02 1.653e+05
8.438e-02 1.806e+05
1.260e-01 1.230e+05
1.653e-01 8.843e+04
7.845e-02 1.975e+05
9.507e-02 1.533e+05
1.648e-01 9.138e+04
7.728e-02 2.018e+05
8.113e-02 1.949e+05
7.889e-02 1.978e+05
8.560e-02 1.767e+05
7.509e-02 2.129e+05
7.606e-02 2.041e+05
7.713e-02 2.055e+05
7.759e-02 2.004e+05
7.529e-02 2.119e+05
7.737e-02 1.988e+05
7.557e-02 2.088e+05
8.392e-02 1.779e+05
8.298e-02 1.866e+05
1.330e-01 1.127e+05
1.128e-01 1.228e+05
1.479e-01 9.817e+04
1.397e-01 1.059e+05
7.691e-02 2.058e+05
7.748e-02 2.020e+05
9.982e-02 1.497e+05
1.593e-01 8.672e+04
8.023e-02 1.929e+05
1.471e-01 9.327e+04
7.490e-02 2.092e+05
1.020e-01 1.404e+05
8.024e-02 1.946e+05
9.106e-02 1.569e+05
7.748e-02 1.973e+05
8.177e-02 1.879e+05
7.797e-02 2.026e+05
1.199e-01 1.231e+05
7.648e-02 2.070e+05
7.695e-02 2.041e+05
1.061e-01 1.368e+05
7.777e-02 2.001e+05
7.640e-02 2.047e+05
8.117e-02 1.898e+05
9.510e-02 1.566e+05
1.026e-01 1.465e+05
7.849e-02 1.972e+05
7.584e-02 2.093e+05
1.341e-01 1.073e+05
7.760e-02 1.988e+05
1.355e-01 1.040e+05
9.891e-02 1.552e+05
7.673e-02 2.074e+05
1.089e-01 1.266e+05
1.503e-01 1.002e+05
1.341e-01 1.054e+05
1.458e-01 1.003e+05
1.434e-01 1.062e+05
7.571e-02 2.065e+05
1.273e-01 1.058e+05
7.812e-02 1.995e+05
8.866e-02 1.699e+05
7.949e-02 1.972e+05
1.836e-01 8.245e+04
9.833e-02 1.569e+05
7.919e-02 1.962e+05
8.209e-02 1.894e+05
7.554e-02 2.115e+05
7.408e-02 2.142e+05
1.444e-01 1.014e+05
9.286e-02 1.565e+05
7.678e-02 2.044e+05
1.041e-01 1.429e+05
2.080e-01 7.447e+04
8.826e-02 1.741e+05
8.086e-02 1.911e+05
7.681e-02 2.051e+05
8.058e-02 1.911e+05
7.664e-02 2.025e+05
7.845e-02 1.998e+05
1.052e-01 1.388e+05
8.036e-02 1.930e+05
7.817e-02 2.002e+05
8.252e-02 1.837e+05
7.779e-02 2.019e+05
1.937e-01 7.650e+04
1.030e-01 1.454e+05
1.958e-01 7.659e+04
9.181e-02 1.651e+05
7.650e-02 2.078e+05
7.653e-02 2.067e+05
1.313e-01 1.172e+05
7.609e-02 2.056e+05
7.563e-02 2.098e+05
1.665e-01 8.919e+04
1.422e-01 1.009e+05
1.859e-01 7.467e+04
1.095e-01 1.343e+05
7.733e-02 2.036e+05
7.792e-02 1.998e+05
1.140e-01 1.286e+05
7.943e-02 1.988e+05
7.963e-02 1.958e+05
7.593e-02 2.044e+05
8.009e-02 1.914e+05
1.293e-01 1.133e+05
1.746e-01 7.603e+04
7.616e-02 2.047e+05
1.200e-01 1.224e+05
7.870e-02 1.965e+05
1.657e-01 8.563e+04
9.016e-02 1.667e+05
7.668e-02 2.048e+05
7.698e-02 2.044e+05
1.067e-01 1.363e+05
1.024e-01 1.439e+05
7.495e-02 2.097e+05
1.550e-01 9.295e+04
1.305e-01 1.101e+05
7.711e-02 2.033e+05
9.459e-02 1.584e+05
1.898e-01 7.755e+04
1.240e-01 1.143e+05
1.784e-01 8.125e+04
7.959e-02 1.979e+05
7.711e-02 2.062e+05
7.456e-02 2.120e+05
1.580e-01 8.949e+04
8.223e-02 1.892e+05
7.365e-02 2.152e+05
7.363e-02 2.169e+05
1.792e-01 7.701e+04
7.828e-02 2.000e+05
1.670e-01 8.884e+04
7.691e-02 2.068e+05
8.756e-02 1.726e+05
1.355e-01 1.111e+05
9.655e-02 1.535e+05
9.185e-02 1.699e+05
7.634e-02 2.076e+05
9.310e-02 1.577e+05
2.020e-01 7.209e+04
8.083e-02 1.912e+05
7.788e-02 1.991e+05
7.679e-02 2.039e+05
7.586e-02 2.073e+05
7.385e-02 2.164e+05
1.536e-01 9.672e+04
8.447e-02 1.806e+05
7.957e-02 1.958e+05
7.788e-02 2.049e+05
7.826e-02 2.030e+05
9.214e-02 1.564e+05
7.713e-02 2.025e+05
1.323e-01 1.177e+05
1.788e-01 7.997e+04
2.225e-01 7.128e+04
7.833e-02 1.999e+05
1.843e-01 8.430e+04
7.577e-02 2.116e+05
1.491e-01 1.008e+05
7.704e-02 2.031e+05
7.816e-02 2.024e+05
1.786e-01 8.926e+04
7.437e-02 2.131e+05
8.802e-02 1.752e+05
7.583e-02 2.048e+05
1.663e-01 9.518e+04
7.711e-02 2.039e+05
7.907e-02 1.982e+05
1.355e-01 1.020e+05
1.334e-01 1.064e+05
7.664e-02 2.057e+05
7.995e-02 1.937e+05
7.880e-02 1.980e+05
7.644e-02 2.087e+05
7.700e-02 2.029e+05
7.332e-02 2.181e+05
8.427e-02 1.819e+05
7.600e-02 2.085e+05
1.130e-01 1.315e+05
1.764e-01 8.443e+04
1.051e-01 1.450e+05
7.721e-02 2.019e+05
1.118e-01 1.303e+05
7.496e-02 2.119e+05
7.907e-02 1.949e+05
7.491e-02 2.092e+05
7.564e-02 2.088e+05
7.908e-02 2.001e+05
7.362e-02 2.163e+05
7.812e-02 2.013e+05
1.169e-01 1.267e+05
1.384e-01 1.108e+05
1.063e-01 1.424e+05
8.168e-02 1.881e+05
7.920e-02 1.970e+05
7.485e-02 2.108e+05
8.388e-02 1.817e+05
7.992e-02 1.948e+05
1.223e-01 1.134e+05
8.053e-02 1.928e+05
1.683e-01 8.378e+04
1.399e-01 1.069e+05
1.110e-01 1.306e+05
7.972e-02 1.954e+05
1.253e-01 1.216e+05
7.677e-02 2.055e+05
8.351e-02 1.858e+05
1.583e-01 8.634e+04
7.593e-02 2.054e+05
7.630e-02 2.061e+05
1.316e-01 1.134e+05
8.860e-02 1.660e+05
7.649e-02 2.046e+05
1.322e-01 1.142e+05
7.812e-02 2.008e+05
1.699e-01 7.690e+04
7.883e-02 2.006e+05
7.656e-02 2.015e+05
1.068e-01 1.364e+05
8.603e-02 1.803e+05
1.729e-01 8.457e+04
1.304e-01 1.157e+05
1.219e-01 1.133e+05
9.714e-02 1.555e+05
1.025e-01 1.494e+05
7.617e-02 2.081e+05
1.520e-01 9.695e+04
8.216e-02 1.881e+05
7.594e-02 2.039e+05
1.305e-01 1.084e+05
1.511e-01 1.028e+05
7.750e-02 2.062e+05
7.865e-02 1.980e+05
7.676e-02 2.044e+05
1.851e-01 7.666e+04
8.788e-02 1.703e+05
8.064e-02 1.912e+05
8.481e-02 1.777e+05
7.669e-02 2.049e+05
1.669e-01 8.250e+04
7.441e-02 2.117e+05
1.234e-01 1.244e+05
9.627e-02 1.565e+05
7.415e-02 2.158e+05
7.770e-02 2.051e+05
1.095e-01 1.267e+05
7.750e-02 2.014e+05
7.842e-02 2.027e+05
7.539e-02 2.112e+05
7.735e-02 2.033e+05
1.219e-01 1.190e+05
7.462e-02 2.148e+05
7.589e-02 2.097e+05
7.916e-02 1.976e+05
8.130e-02 1.837e+05
1.553e-01 9.160e+04
9.224e-02 1.569e+05
7.718e-02 2.054e+05
7.758e-02 2.052e+05
1.147e-01 1.303e+05
1.039e-01 1.441e+05
1.985e-01 7.544e+04
7.717e-02 1.987e+05
8.047e-02 1.901e+05
7.365e-02 2.163e+05
7.666e-02 2.042e+05
1.111e-01 1.243e+05
7.660e-02 2.069e+05
9.401e-02 1.613e+05
7.820e-02 2.007e+05
7.778e-02 2.014e+05
7.797e-02 1.990e+05
1.383e-01 1.060e+05
7.707e-02 2.071e+05
7.536e-02 2.079e+05
7.775e-02 2.004e+05
7.720e-02 2.041e+05
1.610e-01 9.055e+04
1.139e-01 1.312e+05
1.521e-01 9.829e+04
1.500e-01 9.539e+04
7.779e-02 2.026e+05
1.398e-01 1.002e+05
7.474e-02 2.114e+05
1.067e-01 1.376e+05
7.694e-02 2.035e+05
7.676e-02 2.036e+05
7.870e-02 1.986e+05
7.991e-02 1.934e+05
8.278e-02 1.878e+05
7.841e-02 2.008e+05
7.745e-02 2.020e+05
7.506e-02 2.084e+05
1.076e-01 1.317e+05
8.573e-02 1.770e+05
1.677e-01 8.783e+04
9.316e-02 1.614e+05
1.743e-01 7.642e+04
1.937e-01 7.649e+04
1.350e-01 1.063e+05
7.513e-02 2.073e+05
8.055e-02 1.944e+05
7.558e-02 2.080e+05
8.546e-02 1.743e+05
8.682e-02 1.762e+05
1.361e-01 1.091e+05
7.644e-02 2.025e+05
7.693e-02 2.036e+05
7.927e-02 1.964e+05
7.522e-02 2.127e+05
7.741e-02 2.036e+05
1.490e-01 9.759e+04
7.817e-02 1.991e+05
1.708e-01 8.880e+04
1.029e-01 1.420e+05
1.539e-01 9.517e+04
7.768e-02 2.053e+05
7.522e-02 2.097e+05
7.905e-02 1.998e+05
7.871e-02 1.964e+05
7.838e-02 1.987e+05
7.754e-02 2.026e+05
7.506e-02 2.093e+05
8.019e-02 1.945e+05
9.182e-02 1.647e+05
1.673e-01 8.896e+04
7.697e-02 2.060e+05
7.612e-02 2.099e+05
8.273e-02 1.849e+05
1.594e-01 9.029e+04
1.105e-01 1.375e+05
7.630e-02 2.056e+05
8.317e-02 1.834e+05
1.419e-01 1.006e+05
8.833e-02 1.692e+05
7.729e-02 2.044e+05
1.698e-01 8.605e+04
1.236e-01 1.109e+05
7.669e-02 2.032e+05
8.143e-02 1.858e+05
7.720e-02 1.993e+05
9.422e-02 1.592e+05
7.948e-02 1.925e+05
1.256e-01 1.176e+05
7.807e-02 2.015e+05
8.502e-02 1.817e+05
8.204e-02 1.865e+05
7.696e-02 2.009e+05
7.890e-02 1.974e+05
8.446e-02 1.856e+05
7.390e-02 2.142e+05
7.750e-02 2.046e+05
8.668e-02 1.681e+05
1.807e-01 7.560e+04
7.819e-02 2.015e+05
1.639e-01 8.914e+04
7.662e-02 2.074e+05
7.584e-02 2.083e+05
7.768e-02 1.975e+05
1.458e-01 1.089e+05
8.055e-02 1.926e+05
9.595e-02 1.545e+05
1.050e-01 1.417e+05
7.769e-02 2.026e+05
2.124e-01 7.282e+04
7.942e-02 1.968e+05
8.220e-02 1.856e+05
1.358e-01 1.035e+05
8.064e-02 1.915e+05
1.085e-01 1.358e+05
7.575e-02 2.071e+05
8.196e-02 1.884e+05
7.783e-02 1.984e+05
7.686e-02 2.030e+05
7.756e-02 2.022e+05
7.577e-02 2.069e+05
1.097e-01 1.298e+05
7.749e-02 1.999e+05
8.789e-02 1.736e+05
1.816e-01 8.203e+04
1.105e-01 1.275e+05
1.154e-01 1.285e+05
7.430e-02 2.132e+05
7.745e-02 1.994e+05
7.676e-02 2.047e+05
1.841e-01 7.711e+04
8.353e-02 1.846e+05
8.464e-02 1.862e+05
1.165e-01 1.209e+05
8.669e-02 1.758e+05
8.276e-02 1.858e+05
1.286e-01 1.193e+05
1.205e-01 1.259e+05
1.135e-01 1.230e+05
7.714e-02 2.012e+05
7.912e-02 2.010e+05
9.749e-02 1.541e+05
7.765e-02 2.017e+05
8.232e-02 1.854e+05
1.015e-01 1.492e+05
7.827e-02 2.010e+05
9.688e-02 1.555e+05
7.889e-02 2.006e+05
1.352e-01 1.100e+05
7.978e-02 1.908e+05
1.024e-01 1.412e+05
7.830e-02 2.013e+05
7.743e-02 2.027e+05
1.422e-01 9.275e+04
9.005e-02 1.661e+05
1.222e-01 1.204e+05
7.615e-02 2.098e+05
8.718e-02 1.670e+05
1.236e-01 1.196e+05
7.572e-02 2.107e+05
1.269e-01 1.189e+05
8.143e-02 1.892e+05
1.137e-01 1.303e+05
9.888e-02 1.430e+05
8.764e-02 1.690e+05
1.178e-01 1.218e+05
1.082e-01 1.423e+05
1.291e-01 1.214e+05
1.043e-01 1.451e+05
9.033e-02 1.684e+05
1.236e-01 1.180e+05
1.422e-01 1.034e+05
1.619e-01 8.973e+04
7.550e-02 2.081e+05
9.164e-02 1.665e+05
9.671e-02 1.594e+05
7.526e-02 2.125e+05
7.734e-02 2.025e+05
7.917e-02 1.999e+05
8.049e-02 1.952e+05
7.765e-02 2.006e+05
9.207e-02 1.613e+05
7.825e-02 2.019e+05
9.667e-02 1.570e+05
1.791e-01 7.881e+04
8.198e-02 1.890e+05
9.369e-02 1.627e+05
1.611e-01 8.677e+04
7.776e-02 2.010e+05
7.800e-02 2.022e+05
2.069e-01 7.398e+04
7.685e-02 2.013e+05
9.745e-02 1.520e+05
1.600e-01 8.907e+04
7.453e-02 2.114e+05
8.991e-02 1.644e+05
1.485e-01 9.861e+04
7.838e-02 2.006e+05
1.015e-01 1.399e+05
7.710e-02 2.033e+05
1.178e-01 1.288e+05
7.877e-02 1.994e+05
1.695e-01 8.482e+04
7.842e-02 2.011e+05
1.307e-01 1.115e+05
7.662e-02 2.052e+05
7.722e-02 2.034e+05
7.938e-02 1.981e+05
7.343e-02 2.169e+05
1.681e-01 8.837e+04
7.570e-02 2.101e+05
9.010e-02 1.698e+05
9.638e-02 1.597e+05
7.780e-02 2.009e+05
9.207e-02 1.588e+05
1.139e-01 1.326e+05
8.464e-02 1.775e+05
1.139e-01 1.292e+05
1.117e-01 1.328e+05
7.619e-02 2.068e+05
7.378e-02 2.166e+05
9.544e-02 1.541e+05
1.309e-01 1.132e+05
1.238e-01 1.087e+05
1.599e-01 9.676e+04
8.556e-02 1.718e+05
7.916e-02 1.927e+05
1.175e-01 1.280e+05
8.434e-02 1.816e+05
8.040e-02 1.929e+05
7.754e-02 2.021e+05
9.268e-02 1.548e+05
8.022e-02 1.938e+05
7.676e-02 2.056e+05
7.962e-02 1.947e+05
1.431e-01 1.059e+05
7.736e-02 2.036e+05
1.402e-01 9.745e+04
9.976e-02 1.389e+05
1.127e-01 1.312e+05
9.048e-02 1.678e+05
1.724e-01 7.989e+04
1.552e-01 9.596e+04
7.684e-02 2.044e+05
1.013e-01 1.439e+05
7.617e-02 2.067e+05
1.343e-01 1.141e+05
7.762e-02 2.034e+05
8.641e-02 1.778e+05
8.294e-02 1.861e+05
7.396e-02 2.141e+05
1.234e-01 1.163e+05
7.402e-02 2.142e+05
7.738e-02 1.990e+05
1.276e-01 1.131e+05
7.856e-02 1.984e+05
1.026e-01 1.452e+05
1.626e-01 9.288e+04
7.713e-02 2.032e+05
1.721e-01 7.630e+04
7.800e-02 2.013e+05
7.509e-02 2.094e+05
7.637e-02 2.064e+05
7.494e-02 2.124e+05
7.684e-02 2.048e+05
9.204e-02 1.580e+05
7.998e-02 1.917e+05
1.459e-01 1.029e+05
8.084e-02 1.918e+05
7.756e-02 2.014e+05
1.793e-01 8.083e+04
9.575e-02 1.518e+05
7.512e-02 2.091e+05
7.923e-02 1.981e+05
1.405e-01 1.023e+05
1.107e-01 1.294e+05
7.419e-02 2.134e+05
7.956e-02 1.951e+05
1.340e-01 1.159e+05
1.377e-01 1.046e+05
9.812e-02 1.465e+05
1.442e-01 1.038e+05
7.634e-02 2.052e+05
1.877e-01 7.978e+04
7.824e-02 2.001e+05
7.713e-02 2.033e+05
1.805e-01 7.779e+04
1.106e-01 1.317e+05
7.551e-02 2.062e+05
8.209e-02 1.875e+05
8.432e-02 1.816e+05
7.893e-02 1.976e+05
7.957e-02 1.935e+05
1.893e-01 7.446e+04
7.791e-02 2.042e+05
8.035e-02 1.949e+05
7.597e-02 2.101e+05
1.558e-01 8.871e+04
7.842e-02 1.984e+05
7.773e-02 2.004e+05
8.078e-02 1.954e+05
7.854e-02 1.977e+05
7.874e-02 1.955e+05
1.450e-01 9.792e+04
1.329e-01 1.107e+05
8.883e-02 1.704e+05
1.470e-01 1.020e+05
7.993e-02 1.949e+05
8.019e-02 1.950e+05
1.255e-01 1.173e+05
8.171e-02 1.888e+05
1.355e-01 1.092e+05
7.709e-02 1.989e+05
8.056e-02 1.925e+05
7.673e-02 2.035e+05
1.684e-01 8.728e+04
7.571e-02 2.090e+05
8.665e-02 1.770e+05
1.479e-01 9.206e+04
1.536e-01 9.776e+04
7.578e-02 2.077e+05
1.341e-01 1.155e+05
1.718e-01 8.540e+04
7.381e-02 2.152e+05
1.553e-01 9.726e+04
7.680e-02 2.035e+05
8.061e-02 1.918e+05
1.102e-01 1.373e+05
9.925e-02 1.472e+05
8.555e-02 1.823e+05
7.926e-02 1.974e+05
7.825e-02 2.004e+05
7.489e-02 2.087e+05
1.258e-01 1.229e+05
8.054e-02 1.927e+05
7.567e-02 2.087e+05
7.714e-02 2.048e+05
7.464e-02 2.136e+05
7.882e-02 2.016e+05
7.820e-02 2.002e+05
7.755e-02 2.007e+05
7.978e-02 1.942e+05
8.803e-02 1.742e+05
1.934e-01 7.386e+04
8.395e-02 1.818e+05
7.557e-02 2.065e+05
1.720e-01 7.428e+04
1.564e-01 8.489e+04
1.029e-01 1.479e+05
1.169e-01 1.268e+05
8.822e-02 1.725e+05
2.083e-01 7.527e+04
8.111e-02 1.932e+05
1.592e-01 9.332e+04
8.022e-02 1.926e+05
7.610e-02 2.038e+05
7.702e-02 2.045e+05
7.495e-02 2.141e+05
1.093e-01 1.421e+05
1.313e-01 1.113e+05
8.478e-02 1.822e+05
7.920e-02 1.978e+05
1.365e-01 1.070e+05
1.064e-01 1.302e+05
8.233e-02 1.795e+05
1.487e-01 9.495e+04
7.547e-02 2.103e+05
9.115e-02 1.651e+05
1.210e-01 1.207e+05
1.275e-01 1.105e+05
8.521e-02 1.773e+05
1.349e-01 1.157e+05
1.478e-01 9.315e+04
8.499e-02 1.828e+05
1.213e-01 1.151e+05
1.106e-01 1.226e+05
1.088e-01 1.409e+05
1.026e-01 1.468e+05
1.127e-01 1.239e+05
7.500e-02 2.106e+05
1.042e-01 1.394e+05
7.371e-02 2.148e+05
1.086e-01 1.353e+05
1.138e-01 1.363e+05
8.302e-02 1.802e+05
9.862e-02 1.509e+05
7.696e-02 2.021e+05
1.658e-01 9.396e+04
8.374e-02 1.864e+05
1.001e-01 1.485e+05
8.446e-02 1.848e+05
1.646e-01 8.398e+04
1.165e-01 1.304e+05
1.237e-01 1.171e+05
7.788e-02 2.008e+05
7.815e-02 1.990e+05
9.624e-02 1.594e+05
7.613e-02 2.100e+05
9.514e-02 1.524e+05
7.747e-02 2.050e+05
7.708e-02 2.045e+05
7.508e-02 2.129e+05
7.336e-02 2.168e+05
1.558e-01 9.738e+04
8.718e-02 1.737e+05
7.602e-02 2.081e+05
7.617e-02 2.065e+05
8.616e-02 1.759e+05
7.605e-02 2.057e+05
8.119e-02 1.904e+05
1.107e-01 1.269e+05
1.471e-01 1.053e+05
1.373e-01 1.085e+05
7.762e-02 1.999e+05
7.732e-02 2.044e+05
1.663e-01 8.975e+04
7.864e-02 1.966e+05
1.583e-01 9.267e+04
8.072e-02 1.952e+05
9.319e-02 1.608e+05
7.917e-02 1.971e+05
7.461e-02 2.148e+05
1.013e-01 1.440e+05
1.112e-01 1.365e+05
8.513e-02 1.789e+05
7.672e-02 2.038e+05
7.926e-02 1.921e+05
7.959e-02 1.955e+05
7.790e-02 2.000e+05
8.430e-02 1.751e+05
8.304e-02 1.863e+05
7.781e-02 1.990e+05
1.400e-01 1.041e+05
9.768e-02 1.458e+05
7.788e-02 2.005e+05
7.982e-02 1.977e+05
9.652e-02 1.528e+05
1.400e-01 1.030e+05
1.226e-01 1.197e+05
1.543e-01 8.427e+04
1.028e-01 1.504e+05
8.349e-02 1.876e+05
7.877e-02 1.986e+05
2.002e-01 7.478e+04
1.518e-01 9.596e+04
7.794e-02 1.976e+05
1.017e-01 1.493e+05
1.039e-01 1.361e+05
7.899e-02 1.972e+05
7.729e-02 2.030e+05
1.077e-01 1.375e+05
7.362e-02 2.159e+05
1.106e-01 1.334e+05
8.179e-02 1.868e+05
7.947e-02 1.955e+05
1.015e-01 1.428e+05
8.845e-02 1.698e+05
1.328e-01 1.160e+05
7.970e-02 1.961e+05
9.429e-02 1.574e+05
7.932e-02 1.992e+05
7.822e-02 2.010e+05
7.596e-02 2.078e+05
8.538e-02 1.825e+05
1.301e-01 1.110e+05
9.670e-02 1.549e+05
8.103e-02 1.916e+05
7.740e-02 2.025e+05
9.216e-02 1.607e+05
1.302e-01 1.135e+05
9.715e-02 1.489e+05
9.908e-02 1.462e+05
1.076e-01 1.339e+05
8.326e-02 1.856e+05
8.022e-02 1.950e+05
1.171e-01 1.272e+05
7.728e-02 2.043e+05
7.762e-02 1.995e+05
7.910e-02 1.963e+05
1.452e-01 9.910e+04
1.519e-01 1.015e+05
7.826e-02 2.008e+05
7.862e-02 2.025e+05
1.092e-01 1.326e+05
7.587e-02 2.084e+05
8.480e-02 1.742e+05
1.372e-01 1.051e+05
1.077e-01 1.419e+05
1.333e-01 1.054e+05
9.635e-02 1.478e+05
7.939e-02 1.961e+05
7.862e-02 1.985e+05
8.174e-02 1.887e+05
7.818e-02 1.999e+05
1.063e-01 1.368e+05
1.163e-01 1.236e+05
7.546e-02 2.099e+05
7.669e-02 2.074e+05
8.705e-02 1.752e+05
7.642e-02 2.032e+05
7.897e-02 1.991e+05
9.051e-02 1.718e+05
1.366e-01 1.088e+05
9.397e-02 1.566e+05
8.101e-02 1.944e+05
7.675e-02 2.073e+05
7.712e-02 2.022e+05
7.942e-02 1.966e+05
7.702e-02 2.039e+05
7.616e-02 2.084e+05
8.121e-02 1.933e+05
9.632e-02 1.465e+05
1.222e-01 1.122e+05
7.683e-02 2.009e+05
1.205e-01 1.125e+05
7.694e-02 2.061e+05
8.394e-02 1.844e+05
7.609e-02 2.069e+05
7.908e-02 1.960e+05
1.813e-01 7.539e+04
1.090e-01 1.333e+05
8.099e-02 1.948e+05
7.500e-02 2.124e+05
7.815e-02 1.957e+05
7.568e-02 2.096e+05
7.795e-02 1.980e+05
9.542e-02 1.610e+05
7.874e-02 2.001e+05
1.091e-01 1.380e+05
1.620e-01 9.036e+04
7.490e-02 2.132e+05
1.267e-01 1.153e+05
1.080e-01 1.356e+05
1.614e-01 9.110e+04
8.001e-02 1.920e+05
7.612e-02 2.098e+05
8.161e-02 1.901e+05
1.339e-01 1.089e+05
1.579e-01 9.700e+04
1.215e-01 1.222e+05
8.852e-02 1.763e+05
7.754e-02 2.046e+05
9.962e-02 1.533e+05
7.809e-02 1.995e+05
7.797e-02 2.004e+05
1.003e-01 1.446e+05
9.029e-02 1.592e+05
1.956e-01 7.206e+04
9.976e-02 1.504e+05
8.392e-02 1.826e+05
1.032e-01 1.468e+05
1.284e-01 1.135e+05
1.262e-01 1.185e+05
1.241e-01 1.220e+05
8.575e-02 1.783e+05
7.823e-02 1.993e+05
8.285e-02 1.899e+05
7.728e-02 2.009e+05
1.076e-01 1.396e+05
8.389e-02 1.828e+05
8.959e-02 1.660e+05
1.179e-01 1.308e+05
7.763e-02 2.037e+05
7.756e-02 2.029e+05
1.346e-01 1.102e+05
9.529e-02 1.560e+05
7.471e-02 2.099e+05
8.029e-02 1.936e+05
7.862e-02 2.016e+05
9.121e-02 1.674e+05
7.754e-02 2.024e+05
1.414e-01 1.005e+05
1.115e-01 1.313e+05
1.651e-01 9.177e+04
7.784e-02 2.010e+05
7.423e-02 2.150e+05
1.744e-01 8.348e+04
8.272e-02 1.859e+05
2.053e-01 7.334e+04
7.675e-02 2.051e+05
7.824e-02 1.985e+05
1.119e-01 1.261e+05
1.617e-01 8.933e+04
1.010e-01 1.485e+05
7.658e-02 2.084e+05
8.476e-02 1.803e+05
2.115e-01 7.352e+04
7.940e-02 1.958e+05
2.050e-01 7.739e+04
7.510e-02 2.099e+05
7.720e-02 2.048e+05
8.220e-02 1.869e+05
8.006e-02 1.888e+05
7.498e-02 2.087e+05
7.713e-02 2.034e+05
7.536e-02 2.095e+05
1.645e-01 8.939e+04
7.749e-02 2.032e+05
7.447e-02 2.122e+05
7.779e-02 2.012e+05
7.942e-02 1.995e+05
1.510e-01 9.686e+04
7.928e-02 1.956e+05
1.454e-01 1.012e+05
9.944e-02 1.526e+05
7.608e-02 2.095e+05
7.861e-02 2.001e+05
1.198e-01 1.285e+05
7.429e-02 2.130e+05
7.574e-02 2.068e+05
1.259e-01 1.188e+05
9.718e-02 1.575e+05
8.736e-02 1.709e+05
9.426e-02 1.592e+05
1.822e-01 7.874e+04
7.658e-02 2.049e+05
7.882e-02 1.935e+05
8.518e-02 1.749e+05
8.988e-02 1.685e+05
8.620e-02 1.783e+05
7.645e-02 2.072e+05
7.494e-02 2.100e+05
7.794e-02 1.983e+05
1.305e-01 1.113e+05
1.607e-01 8.497e+04
7.578e-02 2.063e+05
8.558e-02 1.824e+05
8.515e-02 1.836e+05
7.646e-02 2.058e+05
8.171e-02 1.893e+05
9.106e-02 1.703e+05
7.772e-02 2.021e+05
7.804e-02 2.005e+05
1.689e-01 9.005e+04
8.271e-02 1.844e+05
7.411e-02 2.127e+05
7.768e-02 2.037e+05
1.347e-01 1.108e+05
8.478e-02 1.777e+05
1.863e-01 8.024e+04
2.018e-01 7.235e+04
9.073e-02 1.652e+05
8.190e-02 1.898e+05
7.741e-02 2.052e+05
7.442e-02 2.126e+05
8.034e-02 1.897e+05
1.931e-01 8.395e+04
7.848e-02 1.983e+05
8.236e-02 1.859e+05
7.518e-02 2.117e+05
7.430e-02 2.143e+05
1.824e-01 8.199e+04
1.364e-01 1.138e+05
7.754e-02 2.024e+05
7.528e-02 2.079e+05
9.691e-02 1.534e+05
8.423e-02 1.803e+05
7.717e-02 2.049e+05
1.394e-01 1.020e+05
1.107e-01 1.325e+05
1.091e-01 1.367e+05
7.702e-02 2.037e+05
8.399e-02 1.824e+05
7.659e-02 2.068e+05
1.070e-01 1.386e+05
1.237e-01 1.134e+05
1.505e-01 1.027e+05
7.647e-02 2.065e+05
8.567e-02 1.778e+05
1.604e-01 9.826e+04
7.676e-02 2.038e+05
1.279e-01 1.108e+05
1.702e-01 8.053e+04
7.761e-02 2.010e+05
1.618e-01 9.064e+04
1.930e-01 8.091e+04
9.141e-02 1.705e+05
1.157e-01 1.292e+05
8.463e-02 1.767e+05
7.948e-02 1.961e+05
7.745e-02 2.006e+05
9.958e-02 1.491e+05
7.860e-02 1.979e+05
8.437e-02 1.771e+05
7.729e-02 1.979e+05
1.153e-01 1.237e+05
1.534e-01 9.851e+04
8.160e-02 1.864e+05
8.142e-02 1.895e+05
7.750e-02 2.015e+05
7.723e-02 2.031e+05
1.849e-01 8.050e+04
7.817e-02 2.004e+05
7.622e-02 2.079e+05
8.715e-02 1.728e+05
1.147e-01 1.306e+05
1.530e-01 9.696e+04
7.587e-02 2.039e+05
8.092e-02 1.918e+05
1.198e-01 1.216e+05
8.711e-02 1.748e+05
1.251e-01 1.156e+05
7.454e-02 2.116e+05
7.858e-02 1.994e+05
7.459e-02 2.124e+05
7.829e-02 1.997e+05
7.939e-02 1.996e+05
7.839e-02 1.992e+05
1.786e-01 7.435e+04
1.016e-01 1.500e+05
1.395e-01 1.064e+05
9.329e-02 1.643e+05
1.582e-01 9.005e+04
1.154e-01 1.202e+05
7.665e-02 2.049e+05
7.730e-02 2.018e+05
7.808e-02 2.001e+05
7.745e-02 2.004e+05
7.892e-02 1.973e+05
9.305e-02 1.571e+05
8.156e-02 1.871e+05
1.037e-01 1.416e+05
7.462e-02 2.141e+05
1.354e-01 1.106e+05
1.307e-01 1.106e+05
7.858e-02 1.988e+05
1.172e-01 1.182e+05
7.745e-02 2.060e+05
8.291e-02 1.833e+05
1.205e-01 1.218e+05
7.841e-02 1.990e+05
1.184e-01 1.251e+05
7.948e-02 1.966e+05
9.545e-02 1.514e+05
1.521e-01 9.779e+04
1.721e-01 8.339e+04
1.009e-01 1.504e+05
1.388e-01 1.094e+05
7.686e-02 2.054e+05
1.364e-01 1.030e+05
8.046e-02 1.951e+05
1.501e-01 9.327e+04
9.345e-02 1.637e+05
7.809e-02 1.984e+05
7.454e-02 2.135e+05
1.112e-01 1.284e+05
7.619e-02 2.096e+05
1.422e-01 9.956e+04
1.199e-01 1.142e+05
8.364e-02 1.809e+05
9.156e-02 1.687e+05
1.266e-01 1.147e+05
1.684e-01 7.655e+04
8.370e-02 1.784e+05
8.567e-02 1.786e+05
1.647e-01 8.931e+04
1.062e-01 1.354e+05
1.171e-01 1.178e+05
8.034e-02 1.914e+05
1.466e-01 9.866e+04
8.025e-02 1.971e+05
9.594e-02 1.560e+05
7.674e-02 2.043e+05
1.592e-01 9.075e+04
1.247e-01 1.167e+05
8.698e-02 1.748e+05
7.901e-02 1.987e+05
7.772e-02 1.981e+05
7.967e-02 1.931e+05
7.715e-02 1.995e+05
1.465e-01 9.988e+04
7.557e-02 2.110e+05
8.261e-02 1.887e+05
7.943e-02 1.953e+05
8.870e-02 1.685e+05
7.399e-02 2.158e+05
1.781e-01 8.245e+04
1.771e-01 8.010e+04
7.638e-02 2.026e+05
7.844e-02 1.992e+05
7.648e-02 2.077e+05
7.689e-02 2.040e+05
1.395e-01 1.054e+05
7.487e-02 2.094e+05
7.710e-02 2.034e+05
8.428e-02 1.846e+05
1.110e-01 1.275e+05
7.814e-02 2.024e+05
1.418e-01 9.659e+04
8.132e-02 1.891e+05
7.765e-02 1.985e+05
9.404e-02 1.645e+05
1.007e-01 1.536e+05
8.582e-02 1.787e+05
1.146e-01 1.325e+05
8.418e-02 1.866e+05
8.217e-02 1.865e+05
1.005e-01 1.377e+05
1.649e-01 8.506e+04
7.768e-02 1.995e+05
7.719e-02 2.019e+05
7.549e-02 2.055e+05
8.749e-02 1.710e+05
8.717e-02 1.755e+05
9.774e-02 1.474e+05
1.466e-01 9.704e+04
8.771e-02 1.700e+05
8.388e-02 1.799e+05
1.247e-01 1.145e+05
7.932e-02 1.957e+05
1.824e-01 8.245e+04
7.588e-02 2.074e+05
7.696e-02 2.073e+05
1.369e-01 1.130e+05
8.541e-02 1.776e+05
1.249e-01 1.108e+05
9.388e-02 1.558e+05
1.226e-01 1.207e+05
1.561e-01 9.290e+04
7.575e-02 2.112e+05
8.591e-02 1.793e+05
8.885e-02 1.680e+05
1.472e-01 1.053e+05
1.181e-01 1.296e+05
1.069e-01 1.313e+05
7.527e-02 2.103e+05
1.155e-01 1.290e+05
9.402e-02 1.578e+05
7.422e-02 2.146e+05
1.479e-01 1.020e+05
1.766e-01 8.397e+04
1.332e-01 1.089e+05
1.628e-01 9.750e+04
7.917e-02 1.964e+05
1.788e-01 8.219e+04
7.985e-02 1.951e+05
7.642e-02 2.018e+05
1.806e-01 7.796e+04
8.764e-02 1.730e+05
1.071e-01 1.413e+05
1.460e-01 1.047e+05
7.550e-02 2.063e+05
7.844e-02 1.992e+05
1.063e-01 1.329e+05
1.115e-01 1.292e+05
7.467e-02 2.100e+05
7.803e-02 2.001e+05
7.705e-02 2.020e+05
8.331e-02 1.846e+05
7.899e-02 1.965e+05
1.015e-01 1.415e+05
1.413e-01 1.010e+05
7.899e-02 1.953e+05
7.918e-02 1.944e+05
7.473e-02 2.104e+05
1.793e-01 8.505e+04
8.836e-02 1.697e+05
1.703e-01 8.474e+04
1.845e-01 8.751e+04
7.479e-02 2.140e+05
7.821e-02 2.038e+05
8.858e-02 1.673e+05
1.986e-01 7.796e+04
8.749e-02 1.755e+05
7.595e-02 2.048e+05
7.548e-02 2.119e+05
8.303e-02 1.831e+05
7.880e-02 2.004e+05
1.234e-01 1.155e+05
1.460e-01 9.771e+04
1.824e-01 7.431e+04
7.818e-02 1.975e+05
8.432e-02 1.763e+05
1.161e-01 1.219e+05
8.562e-02 1.807e+05
7.627e-02 2.056e+05
7.329e-02 2.185e+05
7.826e-02 1.987e+05
1.222e-01 1.172e+05
7.622e-02 2.070e+05
9.527e-02 1.527e+05
8.958e-02 1.658e+05
7.809e-02 1.979e+05
1.463e-01 1.034e+05
9.746e-02 1.523e+05
1.832e-01 8.009e+04
7.609e-02 2.069e+05
1.040e-01 1.425e+05
8.488e-02 1.837e+05
7.340e-02 2.179e+05
1.229e-01 1.085e+05
7.584e-02 2.042e+05
9.046e-02 1.675e+05
7.871e-02 2.004e+05
7.971e-02 1.943e+05
7.583e-02 2.089e+05
7.782e-02 2.009e+05
7.882e-02 1.972e+05
1.813e-01 8.205e+04
7.439e-02 2.122e+05
7.763e-02 2.000e+05
1.281e-01 1.092e+05
7.915e-02 1.981e+05
7.938e-02 1.976e+05
7.540e-02 2.122e+05
1.234e-01 1.094e+05
7.982e-02 1.962e+05
7.752e-02 2.018e+05
9.291e-02 1.608e+05
1.082e-01 1.410e+05
1.073e-01 1.372e+05
9.401e-02 1.558e+05
9.693e-02 1.522e+05
8.313e-02 1.857e+05
8.649e-02 1.751e+05
8.029e-02 1.890e+05
7.962e-02 1.981e+05
9.304e-02 1.609e+05
7.625e-02 2.090e+05
7.863e-02 1.982e+05
8.140e-02 1.896e+05
1.283e-01 1.077e+05
1.562e-01 9.511e+04
8.908e-02 1.672e+05
1.281e-01 1.151e+05
1.889e-01 7.252e+04
1.218e-01 1.208e+05
1.641e-01 9.377e+04
7.746e-02 2.023e+05
7.610e-02 2.049e+05
7.739e-02 2.017e+05
1.864e-01 8.145e+04
8.851e-02 1.669e+05
9.072e-02 1.668e+05
7.750e-02 2.032e+05
7.823e-02 1.982e+05
1.981e-01 7.757e+04
7.880e-02 1.982e+05
7.996e-02 1.944e+05
1.377e-01 1.141e+05
7.721e-02 2.033e+05
7.468e-02 2.111e+05
7.825e-02 2.000e+05
1.826e-01 7.654e+04
8.174e-02 1.887e+05
7.910e-02 1.998e+05
9.722e-02 1.532e+05
7.546e-02 2.096e+05
1.405e-01 1.033e+05
1.807e-01 8.564e+04
1.436e-01 9.822e+04
1.547e-01 9.055e+04
7.771e-02 1.989e+05
1.271e-01 1.162e+05
9.063e-02 1.672e+05
1.646e-01 9.218e+04
7.541e-02 2.116e+05
7.533e-02 2.111e+05
1.493e-01 9.847e+04
7.786e-02 2.045e+05
7.536e-02 2.094e+05
7.582e-02 2.072e+05
1.684e-01 8.907e+04
8.288e-02 1.863e+05
1.019e-01 1.403e+05
8.884e-02 1.689e+05
8.634e-02 1.762e+05
1.273e-01 1.128e+05
7.548e-02 2.083e+05
1.817e-01 7.927e+04
7.873e-02 1.979e+05
8.920e-02 1.726e+05
7.872e-02 2.007e+05
7.651e-02 2.065e+05
1.841e-01 7.799e+04
7.599e-02 2.105e+05
7.647e-02 2.045e+05
1.310e-01 1.150e+05
1.364e-01 1.079e+05
7.854e-02 1.997e+05
1.262e-01 1.184e+05
7.700e-02 2.040e+05
1.618e-01 9.087e+04
7.893e-02 1.974e+05
8.335e-02 1.809e+05
1.632e-01 8.640e+04
8.670e-02 1.737e+05
1.475e-01 9.791e+04
1.259e-01 1.193e+05
1.816e-01 7.531e+04
7.507e-02 2.097e+05
1.473e-01 9.686e+04
7.695e-02 2.051e+05
1.378e-01 1.016e+05
7.714e-02 1.999e+05
7.913e-02 1.972e+05
1.000e-01 1.522e+05
1.441e-01 1.040e+05
1.048e-01 1.438e+05
1.657e-01 9.080e+04
7.460e-02 2.139e+05
7.599e-02 2.073e+05
9.596e-02 1.583e+05
1.370e-01 1.101e+05
7.887e-02 2.005e+05
9.443e-02 1.640e+05
7.473e-02 2.100e+05
7.499e-02 2.090e+05
9.012e-02 1.587e+05
1.916e-01 7.348e+04
7.448e-02 2.106e+05
7.537e-02 2.108e+05
7.667e-02 2.043e+05
1.133e-01 1.279e+05
7.462e-02 2.130e+05
1.642e-01 9.055e+04
1.710e-01 8.386e+04
8.343e-02 1.823e+05
7.558e-02 2.086e+05
7.664e-02 2.062e+05
8.546e-02 1.818e+05
7.459e-02 2.120e+05
9.178e-02 1.688e+05
8.362e-02 1.883e+05
7.687e-02 2.025e+05
9.088e-02 1.671e+05
8.147e-02 1.858e+05
7.372e-02 2.158e+05
8.218e-02 1.869e+05
7.783e-02 2.004e+05
7.812e-02 2.003e+05
7.976e-02 1.926e+05
1.221e-01 1.202e+05
1.063e-01 1.302e+05
7.658e-02 2.064e+05
1.405e-01 1.040e+05
8.041e-02 1.935e+05
9.655e-02 1.504e+05
9.171e-02 1.604e+05
7.606e-02 2.037e+05
7.580e-02 2.080e+05
7.896e-02 1.966e+05
7.360e-02 2.153e+05
8.062e-02 1.904e+05
7.761e-02 2.031e+05
7.744e-02 2.019e+05
7.515e-02 2.100e+05
1.182e-01 1.207e+05
7.525e-02 2.102e+05
7.749e-02 2.033e+05
7.506e-02 2.122e+05
1.508e-01 1.029e+05
1.075e-01 1.376e+05
9.080e-02 1.658e+05
7.824e-02 1.998e+05
9.085e-02 1.657e+05
7.958e-02 1.902e+05
7.716e-02 2.015e+05
9.083e-02 1.711e+05
8.567e-02 1.769e+05
7.704e-02 2.043e+05
1.029e-01 1.500e+05
7.571e-02 2.119e+05
1.095e-01 1.376e+05
7.946e-02 1.965e+05
1.367e-01 1.056e+05
1.179e-01 1.196e+05
1.390e-01 1.018e+05
1.145e-01 1.297e+05
1.507e-01 8.951e+04
1.352e-01 1.054e+05
1.089e-01 1.324e+05
9.133e-02 1.633e+05
1.030e-01 1.475e+05
1.182e-01 1.221e+05
1.684e-01 7.664e+04
7.908e-02 1.958e+05
1.443e-01 9.888e+04
7.923e-02 1.981e+05
1.534e-01 9.533e+04
1.347e-01 1.082e+05
1.132e-01 1.303e+05
1.102e-01 1.407e+05
8.075e-02 1.924e+05
1.248e-01 1.225e+05
8.303e-02 1.883e+05
8.189e-02 1.875e+05
1.229e-01 1.245e+05
1.076e-01 1.365e+05
7.904e-02 1.969e+05
1.088e-01 1.284e+05
9.775e-02 1.516e+05
1.051e-01 1.458e+05
9.581e-02 1.541e+05
7.475e-02 2.105e+05
1.032e-01 1.416e+05
8.450e-02 1.824e+05
7.571e-02 2.080e+05
9.706e-02 1.475e+05
9.474e-02 1.562e+05
9.322e-02 1.633e+05
1.734e-01 8.353e+04
9.928e-02 1.466e+05
7.649e-02 2.073e+05
7.716e-02 2.037e+05
7.902e-02 1.951e+05
1.420e-01 1.019e+05
1.662e-01 8.456e+04
7.514e-02 2.074e+05
7.587e-02 2.095e+05
8.618e-02 1.751e+05
7.533e-02 2.092e+05
7.546e-02 2.107e+05
1.662e-01 9.050e+04
7.900e-02 1.944e+05
1.550e-01 9.280e+04
1.868e-01 7.683e+04
7.445e-02 2.149e+05
7.839e-02 2.028e+05
1.277e-01 1.142e+05
7.815e-02 2.035e+05
7.776e-02 2.045e+05
9.994e-02 1.513e+05
1.295e-01 1.131e+05
1.067e-01 1.357e+05
7.718e-02 2.032e+05
1.064e-01 1.432e+05
1.718e-01 8.771e+04
1.973e-01 7.344e+04
7.641e-02 2.080e+05
7.684e-02 2.050e+05
8.647e-02 1.761e+05
1.284e-01 1.091e+05
9.268e-02 1.661e+05
7.373e-02 2.156e+05
7.854e-02 1.970e+05
8.695e-02 1.752e+05
7.495e-02 2.092e+05
1.810e-01 7.885e+04
8.134e-02 1.892e+05
8.430e-02 1.787e+05
1.175e-01 1.244e+05
1.018e-01 1.504e+05
8.824e-02 1.640e+05
7.834e-02 1.996e+05
7.867e-02 1.992e+05
1.189e-01 1.228e+05
1.340e-01 1.033e+05
7.581e-02 2.109e+05
8.057e-02 1.913e+05
1.394e-01 9.846e+04
7.526e-02 2.085e+05
1.358e-01 1.130e+05
1.013e-01 1.533e+05
8.102e-02 1.922e+05
7.939e-02 1.942e+05
7.510e-02 2.097e+05
9.613e-02 1.567e+05
1.717e-01 9.069e+04
7.881e-02 1.980e+05
1.507e-01 9.896e+04
8.654e-02 1.742e+05
1.104e-01 1.303e+05
7.807e-02 2.003e+05
1.095e-01 1.322e+05
7.660e-02 2.068e+05
8.883e-02 1.711e+05
7.517e-02 2.090e+05
7.465e-02 2.136e+05
7.400e-02 2.138e+05
7.798e-02 2.002e+05
1.583e-01 8.945e+04
7.576e-02 2.058e+05
7.801e-02 2.011e+05
9.712e-02 1.541e+05
7.935e-02 1.935e+05
7.559e-02 2.082e+05
1.040e-01 1.460e+05
7.780e-02 2.030e+05
7.774e-02 2.025e+05
1.007e-01 1.488e+05
7.637e-02 2.080e+05
1.479e-01 9.202e+04
8.218e-02 1.861e+05
1.020e-01 1.486e+05
7.496e-02 2.094e+05
8.049e-02 1.926e+05
7.518e-02 2.121e+05
8.131e-02 1.939e+05
7.924e-02 1.925e+05
1.464e-01 9.775e+04
1.924e-01 7.279e+04
1.933e-01 7.310e+04
7.824e-02 2.038e+05
1.319e-01 1.133e+05
1.715e-01 9.127e+04
1.383e-01 1.079e+05
7.652e-02 2.054e+05
1.843e-01 7.455e+04
9.142e-02 1.556e+05
8.797e-02 1.660e+05
1.981e-01 7.160e+04
7.848e-02 1.980e+05
8.395e-02 1.874e+05
1.101e-01 1.321e+05
1.444e-01 9.586e+04
7.416e-02 2.160e+05
7.801e-02 1.983e+05
9.661e-02 1.516e+05
7.838e-02 1.973e+05
1.689e-01 8.589e+04
1.043e-01 1.403e+05
7.974e-02 1.924e+05
1.413e-01 1.013e+05
9.873e-02 1.461e+05
1.008e-01 1.430e+05
7.497e-02 2.136e+05
8.123e-02 1.895e+05
1.546e-01 9.587e+04
8.741e-02 1.741e+05
9.110e-02 1.605e+05
8.267e-02 1.874e+05
7.646e-02 2.055e+05
1.668e-01 8.588e+04
7.937e-02 1.913e+05
8.376e-02 1.773e+05
9.012e-02 1.671e+05
1.010e-01 1.530e+05
1.422e-01 1.047e+05
7.677e-02 2.014e+05
1.755e-01 8.220e+04
1.048e-01 1.338e+05
9.633e-02 1.536e+05
1.184e-01 1.227e+05
8.028e-02 1.877e+05
7.856e-02 2.029e+05
7.560e-02 2.079e+05
7.833e-02 2.004e+05
8.998e-02 1.738e+05
9.991e-02 1.431e+05
1.470e-01 9.684e+04
7.397e-02 2.145e+05
9.844e-02 1.495e+05
9.734e-02 1.455e+05
1.007e-01 1.490e+05
1.279e-01 1.166e+05
2.118e-01 7.363e+04
1.211e-01 1.268e+05
8.910e-02 1.700e+05
7.575e-02 2.080e+05
8.174e-02 1.924e+05
8.094e-02 1.940e+05
7.964e-02 1.949e+05
8.349e-02 1.851e+05
1.367e-01 1.017e+05
1.365e-01 1.070e+05
1.027e-01 1.417e+05
8.536e-02 1.833e+05
7.635e-02 2.065e+05
1.756e-01 7.816e+04
7.543e-02 2.071e+05
1.216e-01 1.120e+05
7.674e-02 2.000e+05
1.936e-01 7.561e+04
1.256e-01 1.156e+05
1.513e-01 1.044e+05
9.099e-02 1.666e+05
7.705e-02 2.039e+05
7.703e-02 2.036e+05
7.713e-02 2.045e+05
1.230e-01 1.246e+05
1.557e-01 9.869e+04
7.745e-02 2.059e+05
7.769e-02 1.996e+05
1.266e-01 1.219e+05
8.809e-02 1.741e+05
8.468e-02 1.821e+05
8.718e-02 1.732e+05
7.369e-02 2.161e+05
8.031e-02 1.971e+05
7.922e-02 1.971e+05
1.877e-01 8.356e+04
8.991e-02 1.690e+05
8.473e-02 1.793e+05
7.809e-02 1.993e+05
1.607e-01 9.231e+04
1.745e-01 8.791e+04
7.595e-02 2.077e+05
7.613e-02 2.027e+05
7.965e-02 1.940e+05
1.099e-01 1.355e+05
1.358e-01 1.121e+05
8.021e-02 1.938e+05
7.499e-02 2.128e+05
9.199e-02 1.550e+05
7.704e-02 2.055e+05
7.501e-02 2.122e+05
1.271e-01 1.137e+05
8.399e-02 1.859e+05
7.400e-02 2.156e+05
8.915e-02 1.740e+05
9.885e-02 1.570e+05
1.928e-01 7.617e+04
1.037e-01 1.501e+05
7.710e-02 2.041e+05
1.035e-01 1.482e+05
9.832e-02 1.569e+05
8.047e-02 1.908e+05
1.024e-01 1.517e+05
1.494e-01 1.039e+05
7.716e-02 2.070e+05
1.319e-01 1.138e+05
8.545e-02 1.807e+05
1.720e-01 7.825e+04
1.006e-01 1.516e+05
1.235e-01 1.215e+05
7.771e-02 2.041e+05
7.556e-02 2.078e+05
7.604e-02 2.064e+05
7.750e-02 2.039e+05
8.133e-02 1.897e+05
7.446e-02 2.139e+05
7.676e-02 2.008e+05
7.615e-02 2.066e+05
8.219e-02 1.838e+05
1.478e-01 9.514e+04
7.795e-02 2.006e+05
1.973e-01 7.353e+04
1.816e-01 7.881e+04
7.474e-02 2.130e+05
8.833e-02 1.642e+05
1.210e-01 1.123e+05
1.492e-01 9.734e+04
8.438e-02 1.794e+05
1.005e-01 1.535e+05
8.320e-02 1.861e+05
7.584e-02 2.109e+05
1.042e-01 1.444e+05
1.153e-01 1.337e+05
7.450e-02 2.138e+05
8.032e-02 1.929e+05
1.423e-01 9.539e+04
1.020e-01 1.371e+05
7.394e-02 2.156e+05
8.015e-02 1.946e+05
7.465e-02 2.113e+05
8.277e-02 1.857e+05
8.018e-02 1.937e+05
8.978e-02 1.720e+05
8.193e-02 1.875e+05
7.720e-02 2.036e+05
7.479e-02 2.105e+05
8.032e-02 1.962e+05
1.086e-01 1.398e+05
1.359e-01 1.081e+05
2.027e-01 7.428e+04
1.095e-01 1.382e+05
8.091e-02 1.922e+05
7.818e-02 1.984e+05
1.162e-01 1.244e+05
7.999e-02 1.931e+05
7.843e-02 1.996e+05
8.094e-02 1.863e+05
8.977e-02 1.667e+05
1.340e-01 1.179e+05
1.652e-01 8.769e+04
7.784e-02 1.995e+05
8.109e-02 1.945e+05
1.123e-01 1.270e+05
7.452e-02 2.112e+05
9.412e-02 1.551e+05
8.175e-02 1.870e+05
2.098e-01 7.411e+04
1.349e-01 1.133e+05
1.071e-01 1.387e+05
1.021e-01 1.417e+05
1.295e-01 1.123e+05
8.859e-02 1.697e+05
8.845e-02 1.703e+05
1.172e-01 1.243e+05
7.505e-02 2.093e+05
1.217e-01 1.111e+05
7.634e-02 2.083e+05
1.077e-01 1.370e+05
7.889e-02 1.955e+05
7.523e-02 2.081e+05
9.021e-02 1.645e+05
1.256e-01 1.148e+05
7.813e-02 1.993e+05
8.091e-02 1.928e+05
1.220e-01 1.156e+05
1.910e-01 7.662e+04
1.739e-01 8.130e+04
1.223e-01 1.222e+05
8.859e-02 1.701e+05
1.215e-01 1.189e+05
7.710e-02 2.019e+05
1.403e-01 9.743e+04
7.908e-02 1.967e+05
7.818e-02 2.026e+05
7.815e-02 2.011e+05
7.787e-02 2.003e+05
1.271e-01 1.200e+05
1.918e-01 7.613e+04
1.895e-01 7.673e+04
7.942e-02 1.960e+05
1.431e-01 1.107e+05
1.053e-01 1.346e+05
1.386e-01 1.039e+05
7.543e-02 2.089e+05
7.525e-02 2.109e+05
7.975e-02 1.989e+05
1.824e-01 8.246e+04
1.326e-01 1.171e+05
7.766e-02 2.014e+05
7.811e-02 1.999e+05
8.597e-02 1.761e+05
1.809e-01 7.996e+04
7.820e-02 1.993e+05
9.844e-02 1.504e+05
7.736e-02 2.005e+05
2.053e-01 7.122e+04
7.690e-02 2.030e+05
1.162e-01 1.259e+05
7.847e-02 2.003e+05
7.950e-02 1.954e+05
1.230e-01 1.238e+05
7.949e-02 1.930e+05
8.023e-02 1.903e+05
8.074e-02 1.920e+05
7.605e-02 2.076e+05
1.912e-01 7.454e+04
8.149e-02 1.864e+05
1.002e-01 1.531e+05
9.575e-02 1.465e+05
7.540e-02 2.110e+05
1.275e-01 1.083e+05
2.072e-01 7.392e+04
1.091e-01 1.269e+05
1.712e-01 7.755e+04
1.704e-01 8.461e+04
9.316e-02 1.658e+05
8.003e-02 1.953e+05
7.652e-02 2.059e+05
8.086e-02 1.936e+05
1.334e-01 1.125e+05
1.037e-01 1.371e+05
7.569e-02 2.089e+05
7.824e-02 2.017e+05
1.886e-01 8.016e+04
7.397e-02 2.136e+05
7.631e-02 2.032e+05
7.994e-02 1.967e+05
1.531e-01 9.555e+04
7.573e-02 2.111e+05
8.109e-02 1.886e+05
9.570e-02 1.497e+05
1.993e-01 7.486e+04
7.536e-02 2.122e+05
7.463e-02 2.140e+05
1.063e-01 1.427e+05
7.625e-02 2.070e+05
7.757e-02 2.007e+05
7.794e-02 2.032e+05
8.246e-02 1.861e+05
9.228e-02 1.669e+05
9.583e-02 1.603e+05
7.533e-02 2.082e+05
7.790e-02 1.978e+05
7.545e-02 2.091e+05
7.701e-02 2.050e+05
1.353e-01 1.077e+05
7.473e-02 2.096e+05
1.560e-01 9.244e+04
7.768e-02 1.986e+05
7.499e-02 2.102e+05
9.533e-02 1.526e+05
7.956e-02 1.949e+05
7.872e-02 1.977e+05
7.649e-02 2.085e+05
7.415e-02 2.139e+05
7.970e-02 1.900e+05
7.687e-02 2.029e+05
7.646e-02 2.030e+05
9.699e-02 1.537e+05
9.494e-02 1.550e+05
7.393e-02 2.139e+05
8.275e-02 1.901e+05
7.933e-02 2.008e+05
7.998e-02 1.946e+05
1.004e-01 1.442e+05
8.446e-02 1.764e+05
7.820e-02 2.001e+05
7.634e-02 2.024e+05
9.403e-02 1.581e+05
7.741e-02 2.030e+05
7.907e-02 1.972e+05
1.377e-01 1.094e+05
7.607e-02 2.095e+05
8.704e-02 1.794e+05
8.094e-02 1.904e+05
7.640e-02 2.052e+05
1.975e-01 7.638e+04
1.384e-01 1.063e+05
8.652e-02 1.755e+05
7.763e-02 1.998e+05
1.680e-01 8.850e+04
8.107e-02 1.919e+05
2.122e-01 7.209e+04
1.174e-01 1.244e+05
7.435e-02 2.148e+05
7.980e-02 1.947e+05
7.622e-02 2.096e+05
8.015e-02 1.925e+05
9.023e-02 1.612e+05
1.030e-01 1.496e+05
7.915e-02 1.963e+05
1.479e-01 9.755e+04
1.579e-01 9.049e+04
9.752e-02 1.512e+05
7.879e-02 2.004e+05
7.647e-02 2.077e+05
7.930e-02 1.983e+05
8.070e-02 1.925e+05
7.358e-02 2.167e+05
8.394e-02 1.848e+05
2.001e-01 7.314e+04
7.595e-02 2.106e+05
1.411e-01 9.828e+04
7.824e-02 1.962e+05
9.414e-02 1.642e+05
1.053e-01 1.324e+05
7.792e-02 2.025e+05
7.591e-02 2.091e+05
1.576e-01 8.765e+04
7.878e-02 1.977e+05
1.112e-01 1.301e+05
8.740e-02 1.728e+05
8.170e-02 1.894e+05
1.178e-01 1.239e+05
7.519e-02 2.120e+05
9.790e-02 1.512e+05
8.337e-02 1.891e+05
1.153e-01 1.329e+05
7.764e-02 2.047e+05
7.831e-02 2.009e+05
1.314e-01 1.073e+05
7.605e-02 2.068e+05
1.177e-01 1.225e+05
7.751e-02 2.010e+05
1.042e-01 1.434e+05
1.436e-01 1.047e+05
1.569e-01 9.496e+04
8.098e-02 1.946e+05
1.270e-01 1.154e+05
1.465e-01 9.460e+04
8.486e-02 1.802e+05
9.107e-02 1.587e+05
7.884e-02 1.994e+05
7.846e-02 1.962e+05
7.933e-02 1.942e+05
7.422e-02 2.127e+05
9.196e-02 1.676e+05
9.458e-02 1.620e+05
7.746e-02 2.019e+05
7.474e-02 2.149e+05
7.558e-02 2.097e+05
8.631e-02 1.731e+05
7.561e-02 2.092e+05
8.793e-02 1.765e+05
7.933e-02 1.977e+05
8.041e-02 1.896e+05
7.903e-02 1.992e+05
9.316e-02 1.608e+05
7.491e-02 2.133e+05
7.607e-02 2.059e+05
8.044e-02 1.897e+05
1.723e-01 8.405e+04
7.645e-02 2.058e+05
8.994e-02 1.660e+05
9.329e-02 1.593e+05
7.502e-02 2.133e+05
1.542e-01 9.208e+04
1.509e-01 1.025e+05
1.480e-01 9.849e+04
7.706e-02 2.047e+05
8.168e-02 1.899e+05
2.124e-01 7.684e+04
7.933e-02 1.959e+05
7.743e-02 2.014e+05
1.171e-01 1.228e+05
8.552e-02 1.800e+05
7.924e-02 1.965e+05
1.300e-01 1.069e+05
7.960e-02 1.913e+05
2.058e-01 7.383e+04
2.097e-01 7.324e+04
1.867e-01 7.740e+04
7.541e-02 2.110e+05
1.549e-01 9.520e+04
1.665e-01 8.091e+04
9.454e-02 1.581e+05
1.316e-01 1.077e+05
1.127e-01 1.316e+05
1.777e-01 7.809e+04
8.036e-02 1.940e+05
7.681e-02 2.019e+05
9.673e-02 1.489e+05
7.942e-02 1.926e+05
1.061e-01 1.341e+05
7.905e-02 2.002e+05
7.845e-02 1.992e+05
1.209e-01 1.164e+05
7.904e-02 1.965e+05
1.983e-01 7.394e+04
8.405e-02 1.826e+05
8.083e-02 1.917e+05
1.482e-01 1.006e+05
7.810e-02 2.008e+05
2.112e-01 7.103e+04
7.444e-02 2.110e+05
7.894e-02 2.006e+05
8.541e-02 1.834e+05
7.432e-02 2.132e+05
1.380e-01 1.070e+05
9.716e-02 1.506e+05
1.017e-01 1.464e+05
7.784e-02 2.017e+05
8.142e-02 1.845e+05
7.940e-02 1.946e+05
9.851e-02 1.551e+05
8.201e-02 1.871e+05
1.472e-01 9.237e+04
2.120e-01 7.541e+04
7.546e-02 2.067e+05
1.360e-01 1.018e+05
1.370e-01 1.065e+05
1.357e-01 1.047e+05
1.807e-01 7.813e+04
1.511e-01 9.938e+04
8.171e-02 1.935e+05
8.912e-02 1.676e+05
7.448e-02 2.116e+05
8.017e-02 1.976e+05
7.640e-02 2.064e+05
1.127e-01 1.355e+05
7.856e-02 1.987e+05
1.973e-01 7.385e+04
7.992e-02 1.950e+05
8.256e-02 1.811e+05
1.112e-01 1.229e+05
7.808e-02 2.010e+05
8.236e-02 1.905e+05
1.013e-01 1.441e+05
7.684e-02 2.011e+05
9.489e-02 1.548e+05
1.400e-01 1.019e+05
7.504e-02 2.082e+05
7.408e-02 2.155e+05
7.700e-02 2.050e+05
7.878e-02 1.962e+05
1.560e-01 9.188e+04
7.704e-02 2.037e+05
7.925e-02 1.972e+05
1.121e-01 1.279e+05
7.528e-02 2.087e+05
1.283e-01 1.106e+05
1.016e-01 1.447e+05
7.773e-02 2.026e+05
1.055e-01 1.357e+05
1.801e-01 8.142e+04
1.684e-01 8.556e+04
1.418e-01 1.027e+05
1.231e-01 1.139e+05
7.726e-02 2.033e+05
8.351e-02 1.868e+05
7.568e-02 2.097e+05
8.923e-02 1.701e+05
7.527e-02 2.079e+05
7.398e-02 2.149e+05
7.929e-02 1.981e+05
8.953e-02 1.726e+05
7.748e-02 2.060e+05
7.527e-02 2.088e+05
7.882e-02 1.981e+05
8.336e-02 1.836e+05
7.412e-02 2.129e+05
1.924e-01 7.818e+04
9.514e-02 1.551e+05
8.614e-02 1.744e+05
9.522e-02 1.541e+05
8.001e-02 1.927e+05
1.362e-01 1.025e+05
7.516e-02 2.118e+05
8.177e-02 1.835e+05
7.723e-02 2.021e+05
1.288e-01 1.064e+05
1.761e-01 7.440e+04
7.959e-02 1.953e+05
1.856e-01 7.984e+04
7.788e-02 2.005e+05
1.469e-01 1.039e+05
7.819e-02 1.988e+05
7.531e-02 2.085e+05
7.738e-02 1.996e+05
8.446e-02 1.812e+05
1.089e-01 1.342e+05
1.790e-01 7.953e+04
1.237e-01 1.180e+05
7.533e-02 2.132e+05
7.941e-02 1.942e+05
7.495e-02 2.134e+05
1.203e-01 1.206e+05
1.030e-01 1.509e+05
8.027e-02 1.967e+05
7.825e-02 1.998e+05
9.437e-02 1.570e+05
1.945e-01 7.559e+04
8.040e-02 1.936e+05
1.688e-01 8.653e+04
8.208e-02 1.861e+05
7.818e-02 2.025e+05
1.531e-01 9.468e+04
1.829e-01 7.745e+04
7.865e-02 2.021e+05
1.213e-01 1.224e+05
1.509e-01 9.218e+04
1.162e-01 1.267e+05
8.087e-02 1.922e+05
7.648e-02 2.046e+05
8.132e-02 1.869e+05
1.046e-01 1.405e+05
1.022e-01 1.503e+05
1.001e-01 1.526e+05
1.012e-01 1.473e+05
1.143e-01 1.321e+05
1.248e-01 1.183e+05
7.737e-02 2.047e+05
7.602e-02 2.081e+05
7.834e-02 2.029e+05
7.589e-02 2.044e+05
7.693e-02 2.045e+05
1.141e-01 1.284e+05
1.786e-01 7.594e+04
1.556e-01 9.468e+04
7.793e-02 2.003e+05
9.067e-02 1.646e+05
8.481e-02 1.842e+05
7.754e-02 2.033e+05
1.861e-01 7.791e+04
7.843e-02 1.996e+05
9.617e-02 1.553e+05
7.678e-02 2.028e+05
7.694e-02 2.019e+05
7.759e-02 2.002e+05
7.845e-02 1.952e+05
8.011e-02 1.901e+05
7.566e-02 2.113e+05
1.264e-01 1.121e+05
7.651e-02 2.069e+05
7.433e-02 2.149e+05
1.134e-01 1.218e+05
1.776e-01 7.827e+04
1.415e-01 1.016e+05
1.063e-01 1.451e+05
8.601e-02 1.715e+05
7.547e-02 2.076e+05
1.243e-01 1.123e+05
7.726e-02 1.994e+05
8.955e-02 1.728e+05
1.917e-01 7.506e+04
7.429e-02 2.145e+05
1.200e-01 1.171e+05
7.807e-02 2.020e+05
7.375e-02 2.165e+05
7.841e-02 2.009e+05
1.038e-01 1.493e+05
1.101e-01 1.358e+05
1.048e-01 1.355e+05
1.414e-01 1.060e+05
9.782e-02 1.483e+05
7.597e-02 2.076e+05
7.654e-02 2.069e+05
7.933e-02 1.969e+05
7.604e-02 2.044e+05
8.803e-02 1.732e+05
8.075e-02 1.954e+05
1.369e-01 1.057e+05
8.961e-02 1.651e+05
8.217e-02 1.892e+05
1.564e-01 9.409e+04
8.033e-02 1.911e+05
2.028e-01 7.338e+04
8.196e-02 1.912e+05
1.467e-01 9.944e+04
7.606e-02 2.062e+05
1.415e-01 9.957e+04
7.921e-02 1.972e+05
7.598e-02 2.067e+05
9.111e-02 1.632e+05
7.883e-02 1.986e+05
1.506e-01 9.826e+04
9.900e-02 1.525e+05
7.989e-02 1.893e+05
1.244e-01 1.204e+05
8.135e-02 1.939e+05
7.603e-02 2.107e+05
8.423e-02 1.795e+05
1.947e-01 7.695e+04
7.508e-02 2.106e+05
7.916e-02 1.953e+05
7.644e-02 2.059e+05
1.502e-01 9.748e+04
7.454e-02 2.134e+05
8.788e-02 1.757e+05
1.053e-01 1.417e+05
7.846e-02 2.014e+05
7.466e-02 2.119e+05
9.230e-02 1.635e+05
7.963e-02 1.941e+05
8.043e-02 1.932e+05
9.065e-02 1.602e+05
1.540e-01 9.905e+04
1.003e-01 1.444e+05
9.565e-02 1.581e+05
1.055e-01 1.328e+05
9.673e-02 1.589e+05
9.805e-02 1.508e+05
1.406e-01 1.018e+05
9.988e-02 1.496e+05
7.526e-02 2.088e+05
7.680e-02 2.045e+05
7.705e-02 2.038e+05
1.439e-01 9.865e+04
7.917e-02 1.968e+05
1.128e-01 1.310e+05
7.408e-02 2.152e+05
1.172e-01 1.222e+05
7.579e-02 2.050e+05
1.485e-01 9.048e+04
7.702e-02 2.040e+05
1.027e-01 1.379e+05
1.956e-01 7.851e+04
9.129e-02 1.684e+05
1.236e-01 1.105e+05
7.458e-02 2.111e+05
2.001e-01 7.699e+04
7.906e-02 1.926e+05
1.685e-01 8.872e+04
1.693e-01 7.866e+04
1.133e-01 1.246e+05
7.890e-02 2.004e+05
1.341e-01 1.076e+05
7.379e-02 2.152e+05
1.543e-01 9.079e+04
7.908e-02 1.989e+05
7.817e-02 1.996e+05
8.832e-02 1.739e+05
1.134e-01 1.352e+05
1.230e-01 1.101e+05
7.604e-02 2.085e+05
1.196e-01 1.247e+05
8.042e-02 1.888e+05
1.467e-01 9.666e+04
8.751e-02 1.683e+05
1.120e-01 1.270e+05
7.661e-02 2.041e+05
9.787e-02 1.569e+05
7.550e-02 2.102e+05
7.470e-02 2.141e+05
8.451e-02 1.829e+05
7.720e-02 2.038e+05
7.519e-02 2.114e+05
8.598e-02 1.759e+05
1.016e-01 1.498e+05
1.290e-01 1.140e+05
1.399e-01 1.026e+05
1.831e-01 8.001e+04
7.620e-02 2.080e+05
9.450e-02 1.630e+05
8.153e-02 1.911e+05
7.598e-02 2.054e+05
7.887e-02 1.977e+05
7.984e-02 1.943e+05
1.750e-01 8.571e+04
1.028e-01 1.436e+05
9.702e-02 1.524e+05
9.597e-02 1.579e+05
9.822e-02 1.508e+05
1.432e-01 1.045e+05
1.628e-01 9.148e+04
7.745e-02 2.042e+05
9.203e-02 1.663e+05
8.317e-02 1.842e+05
1.910e-01 7.908e+04
8.940e-02 1.617e+05
1.471e-01 1.044e+05
7.868e-02 2.026e+05
7.963e-02 1.958e+05
1.086e-01 1.278e+05
1.744e-01 8.548e+04
7.661e-02 2.054e+05
1.701e-01 8.610e+04
9.139e-02 1.637e+05
7.929e-02 1.953e+05
7.578e-02 2.110e+05
7.445e-02 2.146e+05
8.570e-02 1.792e+05
9.575e-02 1.544e+05
8.815e-02 1.638e+05
8.007e-02 1.963e+05
1.777e-01 8.387e+04
1.419e-01 1.093e+05
1.364e-01 1.054e+05
1.333e-01 1.168e+05
7.950e-02 1.911e+05
7.770e-02 2.012e+05
7.867e-02 1.969e+05
8.098e-02 1.888e+05
1.268e-01 1.175e+05
1.225e-01 1.197e+05
1.014e-01 1.463e+05
8.918e-02 1.608e+05
1.298e-01 1.080e+05
1.699e-01 8.175e+04
1.362e-01 1.023e+05
7.609e-02 2.057e+05
1.493e-01 9.710e+04
1.008e-01 1.446e+05
1.210e-01 1.111e+05
7.703e-02 2.015e+05
7.650e-02 2.026e+05
7.724e-02 2.027e+05
7.652e-02 2.069e+05
1.348e-01 1.007e+05
7.725e-02 2.043e+05
7.389e-02 2.139e+05
8.079e-02 1.937e+05
7.851e-02 1.995e+05
1.438e-01 1.051e+05
7.661e-02 2.076e+05
7.863e-02 1.987e+05
7.680e-02 2.006e+05
1.165e-01 1.257e+05
7.640e-02 2.070e+05
9.522e-02 1.548e+05
8.680e-02 1.736e+05
9.265e-02 1.594e+05
1.144e-01 1.288e+05
9.376e-02 1.606e+05
7.945e-02 1.982e+05
1.100e-01 1.325e+05
8.911e-02 1.704e+05
7.690e-02 2.055e+05
1.012e-01 1.503e+05
7.885e-02 1.962e+05
1.389e-01 1.022e+05
1.427e-01 1.085e+05
1.194e-01 1.264e+05
1.095e-01 1.403e+05
1.154e-01 1.283e+05
7.805e-02 2.011e+05
7.632e-02 2.025e+05
1.932e-01 8.100e+04
1.841e-01 7.962e+04
8.263e-02 1.857e+05
8.557e-02 1.825e+05
1.230e-01 1.222e+05
1.167e-01 1.311e+05
8.075e-02 1.905e+05
1.360e-01 1.109e+05
1.774e-01 7.839e+04
9.743e-02 1.496e+05
1.312e-01 1.137e+05
7.672e-02 2.037e+05
7.818e-02 1.997e+05
8.355e-02 1.822e+05
7.369e-02 2.171e+05
1.042e-01 1.408e+05
1.391e-01 1.019e+05
7.714e-02 2.011e+05
9.072e-02 1.691e+05
9.390e-02 1.530e+05
1.616e-01 8.191e+04
1.821e-01 8.341e+04
7.626e-02 2.056e+05
7.478e-02 2.122e+05
1.632e-01 8.910e+04
7.724e-02 2.012e+05
7.910e-02 2.001e+05
7.659e-02 2.048e+05
7.907e-02 1.986e+05
8.402e-02 1.838e+05
1.538e-01 9.192e+04
8.889e-02 1.723e+05
7.495e-02 2.128e+05
7.625e-02 2.057e+05
7.549e-02 2.057e+05
1.175e-01 1.202e+05
1.004e-01 1.438e+05
8.459e-02 1.805e+05
7.746e-02 2.040e+05
1.149e-01 1.221e+05
1.762e-01 8.842e+04
7.941e-02 1.957e+05
8.028e-02 1.905e+05
1.442e-01 9.788e+04
8.160e-02 1.935e+05
1.077e-01 1.257e+05
1.610e-01 9.284e+04
1.957e-01 7.389e+04
1.678e-01 9.017e+04
1.124e-01 1.213e+05
7.550e-02 2.075e+05
8.210e-02 1.888e+05
7.739e-02 2.038e+05
7.925e-02 1.930e+05
1.720e-01 8.681e+04
9.432e-02 1.496e+05
8.891e-02 1.703e+05
1.750e-01 8.900e+04
1.636e-01 8.981e+04
7.803e-02 1.988e+05
1.571e-01 9.323e+04
7.529e-02 2.115e+05
7.724e-02 2.032e+05
1.023e-01 1.413e+05
7.481e-02 2.105e+05
9.010e-02 1.673e+05
8.620e-02 1.761e+05
1.100e-01 1.292e+05
9.342e-02 1.655e+05
7.704e-02 2.027e+05
1.728e-01 8.651e+04
1.121e-01 1.327e+05
1.746e-01 8.266e+04
8.732e-02 1.784e+05
1.756e-01 7.900e+04
7.863e-02 1.950e+05
1.308e-01 1.111e+05
7.704e-02 2.073e+05
7.840e-02 1.982e+05
1.858e-01 7.860e+04
9.477e-02 1.615e+05
1.550e-01 9.028e+04
7.983e-02 1.920e+05
1.110e-01 1.244e+05
7.375e-02 2.154e+05
1.551e-01 9.931e+04
9.420e-02 1.615e+05
1.190e-01 1.234e+05
1.885e-01 8.041e+04
8.569e-02 1.762e+05
7.574e-02 2.107e+05
7.460e-02 2.100e+05
7.775e-02 2.022e+05
1.493e-01 9.343e+04
1.123e-01 1.372e+05
7.672e-02 2.026e+05
7.861e-02 1.990e+05
7.793e-02 1.990e+05
7.621e-02 2.066e+05
1.515e-01 9.987e+04
7.589e-02 2.066e+05
1.343e-01 1.136e+05
1.950e-01 7.591e+04
8.037e-02 1.975e+05
7.717e-02 2.032e+05
7.827e-02 2.036e+05
9.505e-02 1.568e+05
8.815e-02 1.768e+05
7.723e-02 2.050e+05
7.557e-02 2.076e+05
1.185e-01 1.272e+05
1.131e-01 1.247e+05
7.441e-02 2.141e+05
9.491e-02 1.621e+05
7.673e-02 2.050e+05
8.338e-02 1.828e+05
7.669e-02 2.087e+05
1.351e-01 1.067e+05
1.724e-01 7.892e+04
1.935e-01 7.692e+04
1.037e-01 1.427e+05
7.676e-02 2.058e+05
1.463e-01 1.014e+05
8.435e-02 1.856e+05
9.455e-02 1.573e+05
1.171e-01 1.221e+05
1.758e-01 7.639e+04
1.345e-01 1.008e+05
2.110e-01 6.970e+04
1.766e-01 8.766e+04
1.333e-01 1.102e+05
1.188e-01 1.290e+05
1.010e-01 1.477e+05
7.592e-02 2.079e+05
1.100e-01 1.385e+05
9.018e-02 1.616e+05
7.825e-02 1.990e+05
1.427e-01 1.041e+05
1.774e-01 8.263e+04
2.032e-01 7.754e+04
1.813e-01 8.344e+04
7.756e-02 2.024e+05
9.952e-02 1.474e+05
1.274e-01 1.093e+05
7.480e-02 2.112e+05
8.436e-02 1.845e+05
1.347e-01 1.095e+05
1.217e-01 1.143e+05
1.625e-01 9.004e+04
8.107e-02 1.908e+05
7.989e-02 1.942e+05
7.722e-02 2.017e+05
7.456e-02 2.114e+05
8.533e-02 1.784e+05
7.873e-02 1.990e+05
7.387e-02 2.157e+05
1.236e-01 1.197e+05
1.026e-01 1.395e+05
9.130e-02 1.577e+05
1.468e-01 1.071e+05
7.518e-02 2.089e+05
7.520e-02 2.113e+05
7.557e-02 2.086e+05
7.638e-02 2.023e+05
1.460e-01 9.482e+04
1.052e-01 1.418e+05
7.733e-02 2.034e+05
8.444e-02 1.766e+05
7.788e-02 2.020e+05
7.799e-02 2.021e+05
9.782e-02 1.472e+05
9.579e-02 1.594e+05
1.225e-01 1.217e+05
8.132e-02 1.873e+05
1.374e-01 1.056e+05
1.975e-01 7.343e+04
1.486e-01 9.902e+04
8.755e-02 1.777e+05
7.912e-02 1.971e+05
7.973e-02 1.947e+05
7.622e-02 2.097e+05
8.128e-02 1.924e+05
1.524e-01 9.420e+04
1.486e-01 9.988e+04
8.677e-02 1.730e+05
2.071e-01 7.285e+04
7.674e-02 2.057e+05
1.095e-01 1.350e+05
1.997e-01 7.444e+04
1.165e-01 1.230e+05
7.370e-02 2.155e+05
1.885e-01 7.532e+04
7.444e-02 2.145e+05
1.352e-01 1.130e+05
7.691e-02 2.061e+05
1.126e-01 1.297e+05
1.304e-01 1.172e+05
7.904e-02 1.982e+05
7.696e-02 1.999e+05
8.179e-02 1.886e+05
1.737e-01 7.813e+04
7.735e-02 2.055e+05
1.867e-01 7.832e+04
7.843e-02 1.957e+05
7.642e-02 2.058e+05
1.224e-01 1.185e+05
7.718e-02 2.025e+05
1.725e-01 8.104e+04
7.471e-02 2.100e+05
1.954e-01 7.640e+04
8.621e-02 1.766e+05
8.690e-02 1.737e+05
7.688e-02 2.056e+05
8.779e-02 1.744e+05
1.072e-01 1.321e+05
9.878e-02 1.493e+05
1.014e-01 1.413e+05
1.041e-01 1.409e+05
7.785e-02 2.022e+05
1.131e-01 1.307e+05
7.606e-02 2.055e+05
1.726e-01 7.867e+04
7.948e-02 1.937e+05
8.886e-02 1.720e+05
9.763e-02 1.505e+05
7.466e-02 2.130e+05
7.720e-02 2.033e+05
7.779e-02 2.051e+05
1.104e-01 1.352e+05
1.823e-01 8.131e+04
1.334e-01 1.130e+05
9.001e-02 1.689e+05
1.418e-01 1.076e+05
7.771e-02 2.041e+05
8.243e-02 1.861e+05
7.484e-02 2.090e+05
7.903e-02 1.999e+05
7.915e-02 1.983e+05
7.723e-02 2.008e+05
1.139e-01 1.268e+05
7.617e-02 2.044e+05
1.026e-01 1.400e+05
7.505e-02 2.089e+05
9.604e-02 1.491e+05
8.161e-02 1.900e+05
8.824e-02 1.736e+05
1.676e-01 8.505e+04
1.864e-01 7.757e+04
7.475e-02 2.121e+05
8.299e-02 1.881e+05
7.890e-02 1.967e+05
1.231e-01 1.226e+05
8.600e-02 1.720e+05
1.020e-01 1.436e+05
8.015e-02 1.942e+05
7.757e-02 2.002e+05
9.614e-02 1.578e+05
1.080e-01 1.325e+05
1.068e-01 1.374e+05
7.669e-02 2.023e+05
8.640e-02 1.757e+05
7.680e-02 2.014e+05
8.358e-02 1.831e+05
1.055e-01 1.388e+05
8.033e-02 1.924e+05
7.679e-02 2.061e+05
7.859e-02 2.001e+05
1.042e-01 1.447e+05
7.844e-02 1.971e+05
7.712e-02 2.060e+05
1.393e-01 1.054e+05
7.789e-02 2.019e+05
7.820e-02 1.969e+05
7.513e-02 2.087e+05
7.940e-02 1.933e+05
7.830e-02 1.980e+05
7.522e-02 2.130e+05
1.008e-01 1.540e+05
9.703e-02 1.557e+05
9.741e-02 1.558e+05
8.389e-02 1.882e+05
7.936e-02 1.982e+05
1.194e-01 1.182e+05
1.784e-01 7.487e+04
7.864e-02 2.009e+05
8.125e-02 1.927e+05
1.458e-01 9.719e+04
7.737e-02 2.055e+05
8.288e-02 1.819e+05
7.980e-02 1.976e+05
1.270e-01 1.080e+05
7.651e-02 2.023e+05
8.074e-02 1.913e+05
1.697e-01 7.893e+04
9.089e-02 1.716e+05
7.438e-02 2.133e+05
1.596e-01 9.901e+04
1.289e-01 1.147e+05
7.743e-02 2.048e+05
7.652e-02 2.080e+05
7.996e-02 1.960e+05
7.694e-02 2.020e+05
8.283e-02 1.861e+05
1.038e-01 1.394e+05
8.865e-02 1.645e+05
7.499e-02 2.099e+05
7.861e-02 1.967e+05
7.744e-02 2.030e+05
7.583e-02 2.077e+05
9.433e-02 1.627e+05
7.664e-02 2.064e+05
7.485e-02 2.125e+05
8.751e-02 1.725e+05
1.842e-01 7.823e+04
2.003e-01 7.552e+04
2.126e-01 7.518e+04
1.419e-01 1.081e+05
8.989e-02 1.667e+05
7.686e-02 2.058e+05
9.478e-02 1.531e+05
1.051e-01 1.381e+05
1.615e-01 9.339e+04
7.982e-02 1.936e+05
1.964e-01 7.334e+04
7.764e-02 2.003e+05
7.956e-02 1.960e+05
7.934e-02 1.934e+05
7.886e-02 1.981e+05
9.173e-02 1.595e+05
1.602e-01 9.309e+04
8.068e-02 1.926e+05
1.477e-01 9.722e+04
7.860e-02 1.971e+05
1.114e-01 1.354e+05
8.220e-02 1.876e+05
1.056e-01 1.468e+05
8.122e-02 1.879e+05
7.768e-02 2.027e+05
1.730e-01 8.567e+04
9.485e-02 1.583e+05
1.486e-01 9.482e+04
1.252e-01 1.179e+05
8.816e-02 1.717e+05
9.269e-02 1.682e+05
7.465e-02 2.103e+05
9.150e-02 1.665e+05
7.916e-02 1.936e+05
8.421e-02 1.811e+05
7.727e-02 2.036e+05
8.060e-02 1.914e+05
9.834e-02 1.448e+05
7.989e-02 1.956e+05
7.763e-02 2.046e+05
1.033e-01 1.467e+05
8.344e-02 1.836e+05
1.136e-01 1.297e+05
7.532e-02 2.124e+05
8.688e-02 1.752e+05
8.055e-02 1.880e+05
9.313e-02 1.600e+05
1.098e-01 1.316e+05
8.034e-02 1.890e+05
7.807e-02 1.990e+05
1.800e-01 8.447e+04
9.232e-02 1.600e+05
2.045e-01 7.248e+04
1.871e-01 7.774e+04
7.539e-02 2.090e+05
9.213e-02 1.611e+05
1.297e-01 1.100e+05
7.525e-02 2.071e+05
7.568e-02 2.072e+05
7.853e-02 1.986e+05
1.561e-01 9.648e+04
1.737e-01 8.236e+04
8.495e-02 1.770e+05
9.678e-02 1.500e+05
8.617e-02 1.818e+05
7.907e-02 1.950e+05
8.949e-02 1.684e+05
7.762e-02 2.053e+05
1.562e-01 9.457e+04
9.659e-02 1.524e+05
7.993e-02 1.984e+05
8.086e-02 1.925e+05
1.253e-01 1.196e+05
9.521e-02 1.559e+05
1.026e-01 1.456e+05
1.962e-01 7.470e+04
7.566e-02 2.053e+05
1.226e-01 1.203e+05
7.575e-02 2.069e+05
7.717e-02 2.025e+05
7.813e-02 1.997e+05
1.638e-01 8.421e+04
8.016e-02 1.936e+05
8.063e-02 1.907e+05
7.732e-02 2.017e+05
7.997e-02 1.973e+05
9.193e-02 1.615e+05
1.543e-01 9.384e+04
1.852e-01 8.223e+04
1.221e-01 1.124e+05
1.353e-01 1.016e+05
7.597e-02 2.092e+05
9.565e-02 1.569e+05
7.641e-02 2.033e+05
7.620e-02 2.057e+05
1.025e-01 1.409e+05
1.653e-01 9.102e+04
1.190e-01 1.268e+05
1.107e-01 1.358e+05
9.498e-02 1.572e+05
9.988e-02 1.485e+05
1.998e-01 7.546e+04
7.438e-02 2.135e+05
8.162e-02 1.884e+05
1.665e-01 9.178e+04
1.785e-01 7.845e+04
1.333e-01 1.063e+05
7.865e-02 1.979e+05
1.320e-01 1.090e+05
1.770e-01 7.818e+04
8.241e-02 1.858e+05
7.677e-02 2.078e+05
7.791e-02 1.985e+05
7.765e-02 2.020e+05
7.894e-02 1.985e+05
8.083e-02 1.896e+05
8.213e-02 1.858e+05
7.814e-02 1.995e+05
7.870e-02 1.978e+05
1.557e-01 9.532e+04
1.908e-01 7.741e+04
8.271e-02 1.861e+05
7.612e-02 2.095e+05
7.518e-02 2.135e+05
7.841e-02 1.991e+05
7.648e-02 2.088e+05
7.509e-02 2.137e+05
8.003e-02 1.932e+05
7.517e-02 2.098e+05
8.983e-02 1.663e+05
7.838e-02 1.993e+05
1.035e-01 1.431e+05
1.151e-01 1.272e+05
1.097e-01 1.364e+05
1.089e-01 1.352e+05
7.821e-02 1.962e+05
8.760e-02 1.763e+05
1.876e-01 7.767e+04
1.224e-01 1.225e+05
1.499e-01 9.421e+04
7.410e-02 2.165e+05
1.170e-01 1.310e+05
7.538e-02 2.094e+05
8.316e-02 1.886e+05
8.317e-02 1.863e+05
1.220e-01 1.140e+05
1.363e-01 1.140e+05
1.002e-01 1.441e+05
7.574e-02 2.073e+05
1.509e-01 1.002e+05
8.500e-02 1.818e+05
8.087e-02 1.922e+05
7.407e-02 2.167e+05
1.170e-01 1.251e+05
8.414e-02 1.858e+05
1.381e-01 1.022e+05
8.118e-02 1.938e+05
8.072e-02 1.904e+05
8.882e-02 1.694e+05
8.951e-02 1.720e+05
7.758e-02 2.028e+05
7.996e-02 1.943e+05
7.436e-02 2.113e+05
1.215e-01 1.229e+05
7.833e-02 2.002e+05
7.563e-02 2.052e+05
8.587e-02 1.779e+05
7.660e-02 2.044e+05
1.690e-01 8.972e+04
1.039e-01 1.429e+05
7.776e-02 2.014e+05
1.651e-01 8.554e+04
8.754e-02 1.753e+05
7.540e-02 2.090e+05
7.522e-02 2.085e+05
7.527e-02 2.116e+05
7.362e-02 2.176e+05
1.186e-01 1.289e+05
1.661e-01 8.747e+04
7.518e-02 2.105e+05
7.602e-02 2.071e+05
7.889e-02 1.988e+05
9.345e-02 1.558e+05
1.561e-01 1.021e+05
9.946e-02 1.466e+05
1.814e-01 7.836e+04
7.760e-02 2.021e+05
7.601e-02 2.089e+05
9.551e-02 1.548e+05
9.737e-02 1.531e+05
7.932e-02 1.950e+05
9.166e-02 1.561e+05
7.730e-02 2.033e+05
9.118e-02 1.653e+05
1.625e-01 8.941e+04
1.082e-01 1.361e+05
8.064e-02 1.949e+05
1.257e-01 1.209e+05
7.581e-02 2.099e+05
7.995e-02 1.926e+05
1.556e-01 9.440e+04
1.900e-01 7.770e+04
7.727e-02 1.993e+05
7.465e-02 2.124e+05
7.649e-02 2.056e+05
1.800e-01 7.980e+04
7.544e-02 2.069e+05
7.950e-02 1.935e+05
9.264e-02 1.590e+05
8.178e-02 1.858e+05
7.682e-02 2.058e+05
7.800e-02 2.014e+05
7.870e-02 1.984e+05
8.539e-02 1.800e+05
7.799e-02 2.035e+05
1.093e-01 1.370e+05
7.590e-02 2.039e+05
9.397e-02 1.592e+05
7.652e-02 2.037e+05
1.180e-01 1.160e+05
7.776e-02 2.024e+05
7.822e-02 1.995e+05
7.784e-02 2.019e+05
1.506e-01 9.045e+04
1.030e-01 1.346e+05
9.925e-02 1.482e+05
8.144e-02 1.883e+05
7.474e-02 2.142e+05
9.971e-02 1.546e+05
7.827e-02 2.012e+05
9.186e-02 1.618e+05
1.025e-01 1.444e+05
7.473e-02 2.096e+05
1.069e-01 1.425e+05
7.886e-02 1.989e+05
7.730e-02 2.024e+05
7.696e-02 2.022e+05
1.488e-01 1.025e+05
7.630e-02 2.070e+05
7.621e-02 2.061e+05
1.591e-01 9.809e+04
9.356e-02 1.651e+05
7.857e-02 2.022e+05
7.519e-02 2.072e+05
7.768e-02 2.054e+05
9.060e-02 1.684e+05
7.549e-02 2.064e+05
7.888e-02 2.015e+05
7.902e-02 1.955e+05
8.281e-02 1.829e+05
7.368e-02 2.157e+05
8.662e-02 1.721e+05
7.657e-02 2.021e+05
7.949e-02 1.952e+05
1.205e-01 1.295e+05
1.172e-01 1.260e+05
7.776e-02 2.051e+05
9.914e-02 1.494e+05
7.494e-02 2.110e+05
8.892e-02 1.729e+05
1.440e-01 9.619e+04
7.804e-02 2.020e+05
1.113e-01 1.356e+05
8.233e-02 1.860e+05
1.780e-01 7.859e+04
1.667e-01 8.630e+04
1.158e-01 1.341e+05
1.842e-01 7.599e+04
7.582e-02 2.076e+05
1.445e-01 1.072e+05
7.486e-02 2.084e+05
7.733e-02 2.054e+05
8.088e-02 1.871e+05
1.247e-01 1.226e+05
1.042e-01 1.326e+05
8.800e-02 1.684e+05
9.310e-02 1.601e+05
7.477e-02 2.119e+05
7.742e-02 1.982e+05
8.556e-02 1.777e+05
8.134e-02 1.924e+05
1.933e-01 7.752e+04
8.222e-02 1.889e+05
8.696e-02 1.703e+05
7.584e-02 2.068e+05
1.096e-01 1.379e+05
1.182e-01 1.291e+05
8.595e-02 1.822e+05
1.302e-01 1.092e+05
1.436e-01 1.034e+05
1.712e-01 8.315e+04
2.018e-01 7.872e+04
9.214e-02 1.647e+05
9.781e-02 1.505e+05
8.589e-02 1.785e+05
7.978e-02 1.991e+05
1.263e-01 1.158e+05
1.349e-01 1.030e+05
7.937e-02 1.986e+05
7.706e-02 2.034e+05
9.005e-02 1.732e+05
9.319e-02 1.561e+05
1.214e-01 1.222e+05
1.530e-01 9.699e+04
7.782e-02 1.999e+05
1.164e-01 1.221e+05
8.731e-02 1.748e+05
7.396e-02 2.152e+05
1.426e-01 1.001e+05
1.467e-01 9.548e+04
1.179e-01 1.224e+05
9.547e-02 1.545e+05
7.888e-02 1.958e+05
8.225e-02 1.866e+05
1.283e-01 1.098e+05
9.121e-02 1.662e+05
8.652e-02 1.795e+05
8.841e-02 1.748e+05
7.798e-02 1.995e+05
8.803e-02 1.727e+05
1.347e-01 1.088e+05
1.329e-01 1.067e+05
9.829e-02 1.544e+05
1.366e-01 1.012e+05
1.747e-01 7.805e+04
7.732e-02 2.021e+05
1.131e-01 1.338e+05
7.678e-02 2.033e+05
1.358e-01 1.145e+05
7.806e-02 2.040e+05
7.814e-02 1.974e+05
7.373e-02 2.149e+05
9.357e-02 1.563e+05
1.002e-01 1.509e+05
7.787e-02 2.027e+05
7.629e-02 2.056e+05
7.559e-02 2.119e+05
