7.431e-02 2.101e+05
7.451e-02 2.094e+05
8.859e-02 1.715e+05
7.590e-02 2.036e+05
1.251e-01 1.226e+05
1.210e-01 1.305e+05
8.853e-02 1.723e+05
8.853e-02 1.711e+05
1.252e-01 1.332e+05
2.003e-01 8.940e+04
1.723e-01 1.003e+05
7.545e-02 2.078e+05
1.234e-01 1.311e+05
7.333e-02 2.131e+05
1.609e-01 1.033e+05
1.159e-01 1.328e+05
1.278e-01 1.262e+05
7.320e-02 2.147e+05
9.381e-02 1.621e+05
9.537e-02 1.585e+05
8.517e-02 1.741e+05
1.237e-01 1.258e+05
7.822e-02 1.995e+05
7.780e-02 2.017e+05
9.872e-02 1.497e+05
1.146e-01 1.328e+05
1.013e-01 1.532e+05
7.554e-02 2.063e+05
8.254e-02 1.890e+05
8.285e-02 1.872e+05
1.566e-01 1.053e+05
7.139e-02 2.212e+05
1.759e-01 9.805e+04
7.333e-02 2.136e+05
7.252e-02 2.188e+05
7.203e-02 2.187e+05
7.474e-02 2.083e+05
1.610e-01 1.060e+05
1.711e-01 1.013e+05
7.597e-02 2.057e+05
1.597e-01 1.067e+05
7.588e-02 2.088e+05
1.200e-01 1.310e+05
7.320e-02 2.152e+05
1.507e-01 1.132e+05
7.618e-02 2.048e+05
7.825e-02 1.992e+05
1.359e-01 1.155e+05
7.325e-02 2.162e+05
1.764e-01 9.535e+04
7.651e-02 2.039e+05
7.843e-02 2.026e+05
7.513e-02 2.084e+05
9.573e-02 1.537e+05
7.483e-02 2.098e+05
1.690e-01 1.025e+05
7.685e-02 2.046e+05
1.027e-01 1.564e+05
1.608e-01 1.033e+05
7.927e-02 1.994e+05
7.500e-02 2.095e+05
1.424e-01 1.064e+05
7.688e-02 2.033e+05
1.228e-01 1.306e+05
1.606e-01 9.944e+04
1.490e-01 1.122e+05
7.591e-02 2.056e+05
7.310e-02 2.175e+05
7.456e-02 2.110e+05
7.908e-02 1.965e+05
8.217e-02 1.891e+05
1.571e-01 1.014e+05
9.816e-02 1.556e+05
1.396e-01 1.078e+05
1.508e-01 1.092e+05
1.162e-01 1.406e+05
7.371e-02 2.104e+05
1.331e-01 1.213e+05
7.290e-02 2.134e+05
1.063e-01 1.417e+05
1.010e-01 1.503e+05
1.105e-01 1.418e+05
8.216e-02 1.828e+05
1.038e-01 1.450e+05
1.247e-01 1.226e+05
7.745e-02 1.975e+05
7.812e-02 1.971e+05
9.048e-02 1.694e+05
8.404e-02 1.847e+05
8.130e-02 1.937e+05
7.638e-02 2.050e+05
9.367e-02 1.597e+05
1.382e-01 1.208e+05
7.589e-02 2.059e+05
7.392e-02 2.111e+05
7.267e-02 2.172e+05
7.673e-02 2.033e+05
2.181e-01 8.246e+04
7.351e-02 2.160e+05
1.767e-01 1.008e+05
7.761e-02 2.039e+05
7.590e-02 2.063e+05
9.622e-02 1.597e+05
7.448e-02 2.120e+05
9.495e-02 1.622e+05
1.197e-01 1.277e+05
8.807e-02 1.738e+05
8.451e-02 1.840e+05
7.535e-02 2.085e+05
7.491e-02 2.080e+05
7.474e-02 2.095e+05
1.231e-01 1.343e+05
1.167e-01 1.375e+05
7.201e-02 2.172e+05
7.841e-02 2.011e+05
7.504e-02 2.077e+05
7.730e-02 1.991e+05
2.058e-01 8.525e+04
1.093e-01 1.424e+05
1.308e-01 1.193e+05
7.754e-02 2.006e+05
7.823e-02 2.017e+05
9.574e-02 1.594e+05
1.394e-01 1.172e+05
7.556e-02 2.062e+05
7.284e-02 2.139e+05
1.200e-01 1.302e+05
7.796e-02 2.015e+05
1.305e-01 1.208e+05
7.704e-02 2.038e+05
8.585e-02 1.816e+05
8.533e-02 1.794e+05
8.393e-02 1.861e+05
7.270e-02 2.147e+05
2.399e-01 7.528e+04
1.929e-01 9.500e+04
1.661e-01 9.885e+04
7.608e-02 2.077e+05
7.410e-02 2.116e+05
9.899e-02 1.569e+05
9.507e-02 1.619e+05
7.405e-02 2.115e+05
7.487e-02 2.095e+05
7.142e-02 2.201e+05
1.300e-01 1.158e+05
2.133e-01 8.954e+04
1.324e-01 1.184e+05
7.650e-02 2.058e+05
7.596e-02 2.072e+05
1.251e-01 1.204e+05
8.768e-02 1.707e+05
7.901e-02 1.970e+05
1.847e-01 9.854e+04
7.192e-02 2.198e+05
1.211e-01 1.303e+05
1.472e-01 1.144e+05
1.622e-01 1.041e+05
7.121e-02 2.214e+05
1.811e-01 9.415e+04
1.001e-01 1.552e+05
1.769e-01 9.646e+04
1.121e-01 1.365e+05
7.422e-02 2.147e+05
1.974e-01 8.806e+04
1.929e-01 8.475e+04
7.548e-02 2.064e+05
1.366e-01 1.155e+05
7.524e-02 2.048e+05
1.087e-01 1.470e+05
1.189e-01 1.321e+05
8.982e-02 1.722e+05
7.370e-02 2.129e+05
1.116e-01 1.369e+05
8.103e-02 1.947e+05
7.978e-02 1.963e+05
8.619e-02 1.774e+05
7.601e-02 2.067e+05
2.147e-01 8.212e+04
7.516e-02 2.086e+05
7.913e-02 1.961e+05
1.068e-01 1.360e+05
1.318e-01 1.154e+05
1.122e-01 1.384e+05
1.800e-01 9.746e+04
1.113e-01 1.333e+05
8.167e-02 1.865e+05
9.879e-02 1.548e+05
8.593e-02 1.818e+05
1.101e-01 1.425e+05
7.679e-02 2.033e+05
7.877e-02 1.980e+05
9.813e-02 1.510e+05
8.396e-02 1.818e+05
7.960e-02 1.972e+05
7.436e-02 2.134e+05
1.501e-01 1.142e+05
1.311e-01 1.150e+05
2.023e-01 9.297e+04
1.509e-01 1.128e+05
1.531e-01 1.068e+05
7.502e-02 2.091e+05
1.026e-01 1.564e+05
2.050e-01 8.624e+04
1.755e-01 1.024e+05
8.058e-02 1.910e+05
1.861e-01 9.332e+04
1.230e-01 1.329e+05
1.564e-01 1.062e+05
8.047e-02 1.925e+05
7.200e-02 2.200e+05
9.111e-02 1.700e+05
7.501e-02 2.096e+05
9.729e-02 1.613e+05
8.963e-02 1.732e+05
1.062e-01 1.455e+05
1.379e-01 1.102e+05
7.636e-02 2.080e+05
7.675e-02 2.039e+05
7.862e-02 1.983e+05
7.504e-02 2.082e+05
7.515e-02 2.060e+05
1.048e-01 1.443e+05
8.428e-02 1.881e+05
7.406e-02 2.113e+05
9.393e-02 1.556e+05
7.441e-02 2.135e+05
8.538e-02 1.779e+05
8.539e-02 1.819e+05
7.442e-02 2.105e+05
8.931e-02 1.769e+05
7.293e-02 2.164e+05
1.207e-01 1.367e+05
1.089e-01 1.420e+05
9.179e-02 1.655e+05
7.619e-02 2.039e+05
9.097e-02 1.735e+05
7.516e-02 2.075e+05
7.263e-02 2.174e+05
7.723e-02 2.017e+05
1.506e-01 1.044e+05
7.645e-02 2.053e+05
2.172e-01 8.096e+04
8.662e-02 1.706e+05
7.383e-02 2.100e+05
7.294e-02 2.177e+05
1.287e-01 1.265e+05
7.336e-02 2.152e+05
2.088e-01 7.884e+04
1.690e-01 9.846e+04
1.150e-01 1.288e+05
2.184e-01 8.312e+04
7.930e-02 1.930e+05
2.154e-01 8.093e+04
7.631e-02 2.057e+05
2.244e-01 7.763e+04
9.506e-02 1.601e+05
8.020e-02 1.919e+05
7.818e-02 2.001e+05
1.360e-01 1.113e+05
9.809e-02 1.562e+05
1.514e-01 1.054e+05
1.112e-01 1.355e+05
1.164e-01 1.261e+05
7.528e-02 2.092e+05
1.582e-01 1.007e+05
1.476e-01 1.076e+05
7.568e-02 2.074e+05
7.996e-02 1.932e+05
1.482e-01 1.038e+05
7.544e-02 2.067e+05
1.003e-01 1.505e+05
1.348e-01 1.165e+05
8.080e-02 1.925e+05
7.512e-02 2.085e+05
7.785e-02 1.979e+05
8.040e-02 1.961e+05
1.252e-01 1.252e+05
2.294e-01 8.047e+04
7.472e-02 2.094e+05
7.574e-02 2.021e+05
7.676e-02 2.037e+05
7.259e-02 2.154e+05
1.327e-01 1.238e+05
7.297e-02 2.177e+05
1.041e-01 1.502e+05
8.190e-02 1.885e+05
1.315e-01 1.202e+05
8.047e-02 1.927e+05
1.398e-01 1.073e+05
8.417e-02 1.853e+05
2.068e-01 8.693e+04
9.246e-02 1.683e+05
7.897e-02 1.962e+05
1.243e-01 1.336e+05
7.469e-02 2.077e+05
7.432e-02 2.102e+05
7.754e-02 2.020e+05
1.229e-01 1.232e+05
7.408e-02 2.143e+05
2.027e-01 8.910e+04
7.421e-02 2.093e+05
7.432e-02 2.083e+05
7.134e-02 2.221e+05
1.291e-01 1.276e+05
1.906e-01 9.274e+04
7.632e-02 2.034e+05
7.447e-02 2.112e+05
8.545e-02 1.816e+05
7.297e-02 2.154e+05
1.675e-01 1.050e+05
1.057e-01 1.458e+05
9.618e-02 1.524e+05
7.251e-02 2.160e+05
1.448e-01 1.146e+05
1.346e-01 1.267e+05
7.591e-02 2.072e+05
1.265e-01 1.244e+05
7.447e-02 2.109e+05
7.787e-02 2.009e+05
7.334e-02 2.128e+05
7.581e-02 2.069e+05
9.962e-02 1.600e+05
1.817e-01 9.019e+04
1.459e-01 1.082e+05
2.048e-01 8.812e+04
7.584e-02 2.054e+05
1.924e-01 9.130e+04
1.606e-01 1.003e+05
1.018e-01 1.445e+05
7.444e-02 2.100e+05
7.490e-02 2.080e+05
7.343e-02 2.123e+05
1.342e-01 1.188e+05
7.248e-02 2.187e+05
7.564e-02 2.056e+05
7.494e-02 2.085e+05
2.017e-01 8.240e+04
7.436e-02 2.082e+05
7.563e-02 2.059e+05
9.555e-02 1.618e+05
7.841e-02 1.989e+05
2.029e-01 8.116e+04
1.018e-01 1.493e+05
7.316e-02 2.169e+05
9.592e-02 1.559e+05
7.575e-02 2.094e+05
8.407e-02 1.848e+05
1.016e-01 1.506e+05
7.594e-02 2.055e+05
2.265e-01 7.949e+04
1.077e-01 1.394e+05
1.127e-01 1.392e+05
7.342e-02 2.167e+05
7.818e-02 1.960e+05
1.198e-01 1.318e+05
8.686e-02 1.798e+05
1.528e-01 1.078e+05
7.547e-02 2.060e+05
1.565e-01 1.087e+05
7.441e-02 2.097e+05
1.545e-01 1.062e+05
1.056e-01 1.466e+05
9.535e-02 1.639e+05
7.627e-02 2.073e+05
1.317e-01 1.223e+05
1.340e-01 1.207e+05
9.665e-02 1.634e+05
7.583e-02 2.025e+05
7.211e-02 2.192e+05
1.636e-01 1.023e+05
7.688e-02 1.991e+05
7.621e-02 2.051e+05
7.905e-02 1.975e+05
7.538e-02 2.089e+05
7.359e-02 2.158e+05
1.889e-01 8.994e+04
8.085e-02 1.884e+05
8.051e-02 1.935e+05
7.477e-02 2.095e+05
7.232e-02 2.188e+05
1.270e-01 1.247e+05
2.042e-01 8.607e+04
2.221e-01 7.946e+04
7.482e-02 2.099e+05
2.129e-01 7.479e+04
1.483e-01 1.107e+05
7.375e-02 2.107e+05
7.844e-02 2.009e+05
1.092e-01 1.413e+05
8.046e-02 1.922e+05
1.833e-01 8.749e+04
9.638e-02 1.598e+05
1.849e-01 9.794e+04
1.009e-01 1.516e+05
1.076e-01 1.350e+05
1.215e-01 1.275e+05
7.588e-02 2.056e+05
1.556e-01 1.041e+05
8.009e-02 1.960e+05
2.192e-01 7.918e+04
1.435e-01 1.167e+05
7.539e-02 2.091e+05
1.002e-01 1.514e+05
1.964e-01 8.496e+04
7.569e-02 2.079e+05
7.862e-02 1.961e+05
7.749e-02 2.027e+05
7.278e-02 2.170e+05
8.254e-02 1.840e+05
1.029e-01 1.488e+05
1.586e-01 9.919e+04
1.035e-01 1.517e+05
8.668e-02 1.778e+05
2.027e-01 8.468e+04
1.132e-01 1.386e+05
7.497e-02 2.095e+05
2.138e-01 8.272e+04
7.984e-02 1.937e+05
1.251e-01 1.238e+05
1.267e-01 1.258e+05
1.069e-01 1.413e+05
1.254e-01 1.220e+05
1.142e-01 1.311e+05
1.061e-01 1.487e+05
1.418e-01 1.113e+05
8.332e-02 1.882e+05
7.805e-02 2.004e+05
1.313e-01 1.247e+05
1.127e-01 1.360e+05
7.695e-02 2.037e+05
1.650e-01 1.005e+05
7.239e-02 2.163e+05
7.111e-02 2.231e+05
7.527e-02 2.084e+05
9.167e-02 1.715e+05
2.050e-01 8.480e+04
7.396e-02 2.117e+05
7.143e-02 2.228e+05
1.219e-01 1.285e+05
1.464e-01 1.041e+05
2.337e-01 8.093e+04
8.605e-02 1.736e+05
8.772e-02 1.692e+05
9.441e-02 1.645e+05
2.039e-01 8.821e+04
7.459e-02 2.094e+05
7.678e-02 2.028e+05
7.441e-02 2.108e+05
8.993e-02 1.711e+05
7.599e-02 2.036e+05
7.396e-02 2.137e+05
7.323e-02 2.134e+05
1.421e-01 1.133e+05
7.428e-02 2.085e+05
7.931e-02 1.942e+05
1.666e-01 9.456e+04
1.051e-01 1.488e+05
7.619e-02 2.050e+05
1.128e-01 1.398e+05
7.358e-02 2.140e+05
7.761e-02 2.000e+05
7.913e-02 1.979e+05
7.525e-02 2.080e+05
1.508e-01 1.069e+05
7.828e-02 2.000e+05
7.316e-02 2.176e+05
7.520e-02 2.101e+05
1.482e-01 1.145e+05
7.542e-02 2.058e+05
9.865e-02 1.523e+05
8.156e-02 1.902e+05
1.476e-01 1.064e+05
7.227e-02 2.203e+05
7.449e-02 2.096e+05
1.231e-01 1.276e+05
1.567e-01 1.057e+05
1.751e-01 9.808e+04
1.541e-01 1.044e+05
9.405e-02 1.556e+05
9.044e-02 1.695e+05
1.070e-01 1.443e+05
8.515e-02 1.794e+05
7.485e-02 2.094e+05
1.026e-01 1.519e+05
8.219e-02 1.869e+05
2.008e-01 9.099e+04
7.891e-02 1.957e+05
7.417e-02 2.117e+05
1.506e-01 1.151e+05
1.244e-01 1.280e+05
7.553e-02 2.071e+05
1.721e-01 1.019e+05
1.895e-01 9.273e+04
7.303e-02 2.168e+05
7.366e-02 2.164e+05
8.411e-02 1.765e+05
1.737e-01 9.277e+04
9.951e-02 1.602e+05
8.758e-02 1.770e+05
1.109e-01 1.406e+05
7.850e-02 1.987e+05
1.688e-01 9.705e+04
8.718e-02 1.752e+05
1.709e-01 9.774e+04
8.393e-02 1.838e+05
1.367e-01 1.164e+05
9.398e-02 1.607e+05
7.476e-02 2.113e+05
7.482e-02 2.095e+05
7.932e-02 1.953e+05
7.630e-02 1.999e+05
2.274e-01 7.379e+04
9.344e-02 1.627e+05
8.737e-02 1.767e+05
1.142e-01 1.403e+05
7.532e-02 2.072e+05
1.017e-01 1.475e+05
1.135e-01 1.286e+05
1.749e-01 9.920e+04
7.484e-02 2.116e+05
2.094e-01 8.081e+04
7.501e-02 2.089e+05
1.281e-01 1.267e+05
7.174e-02 2.201e+05
7.515e-02 2.097e+05
9.628e-02 1.653e+05
7.716e-02 2.023e+05
7.513e-02 2.104e+05
1.045e-01 1.521e+05
1.335e-01 1.097e+05
1.054e-01 1.469e+05
7.455e-02 2.103e+05
1.272e-01 1.199e+05
1.127e-01 1.386e+05
2.331e-01 7.790e+04
7.596e-02 2.084e+05
7.626e-02 2.044e+05
1.693e-01 9.482e+04
1.094e-01 1.390e+05
1.892e-01 8.855e+04
7.849e-02 1.991e+05
1.098e-01 1.408e+05
7.717e-02 2.024e+05
7.920e-02 1.959e+05
7.597e-02 2.070e+05
1.813e-01 9.124e+04
2.495e-01 7.633e+04
7.932e-02 1.978e+05
1.092e-01 1.367e+05
7.344e-02 2.112e+05
7.743e-02 2.033e+05
9.524e-02 1.627e+05
7.643e-02 2.042e+05
1.363e-01 1.115e+05
8.150e-02 1.857e+05
7.624e-02 2.033e+05
1.243e-01 1.277e+05
7.523e-02 2.079e+05
8.828e-02 1.743e+05
7.452e-02 2.085e+05
9.989e-02 1.598e+05
7.552e-02 2.091e+05
7.531e-02 2.059e+05
1.847e-01 9.546e+04
1.974e-01 8.621e+04
1.514e-01 1.080e+05
1.736e-01 9.623e+04
1.946e-01 8.503e+04
7.516e-02 2.084e+05
7.415e-02 2.124e+05
1.736e-01 9.646e+04
9.002e-02 1.686e+05
7.450e-02 2.117e+05
2.019e-01 8.500e+04
2.049e-01 8.157e+04
7.140e-02 2.223e+05
1.490e-01 1.115e+05
8.368e-02 1.827e+05
9.278e-02 1.640e+05
7.450e-02 2.107e+05
7.270e-02 2.143e+05
9.510e-02 1.637e+05
7.501e-02 2.088e+05
1.791e-01 9.986e+04
1.757e-01 1.008e+05
9.915e-02 1.591e+05
2.469e-01 7.824e+04
2.253e-01 7.622e+04
7.363e-02 2.110e+05
7.747e-02 2.021e+05
8.981e-02 1.691e+05
1.330e-01 1.187e+05
1.271e-01 1.157e+05
7.580e-02 2.056e+05
7.534e-02 2.073e+05
7.591e-02 2.055e+05
9.125e-02 1.649e+05
7.602e-02 2.043e+05
2.071e-01 8.889e+04
7.476e-02 2.108e+05
8.539e-02 1.763e+05
1.093e-01 1.391e+05
8.498e-02 1.825e+05
7.606e-02 2.015e+05
8.492e-02 1.789e+05
1.127e-01 1.398e+05
8.711e-02 1.769e+05
7.503e-02 2.091e+05
7.711e-02 2.021e+05
7.629e-02 2.042e+05
1.355e-01 1.115e+05
7.771e-02 2.002e+05
8.479e-02 1.837e+05
8.720e-02 1.817e+05
7.490e-02 2.098e+05
1.426e-01 1.220e+05
1.381e-01 1.214e+05
1.247e-01 1.215e+05
8.913e-02 1.727e+05
1.480e-01 1.120e+05
1.158e-01 1.360e+05
7.487e-02 2.086e+05
2.050e-01 8.865e+04
7.519e-02 2.083e+05
1.617e-01 1.021e+05
9.223e-02 1.704e+05
7.390e-02 2.116e+05
7.359e-02 2.129e+05
1.482e-01 1.084e+05
7.313e-02 2.154e+05
7.473e-02 2.125e+05
7.533e-02 2.066e+05
7.341e-02 2.130e+05
1.104e-01 1.391e+05
8.732e-02 1.775e+05
7.670e-02 2.057e+05
9.438e-02 1.672e+05
1.405e-01 1.137e+05
1.481e-01 1.147e+05
1.732e-01 9.933e+04
8.528e-02 1.777e+05
1.057e-01 1.511e+05
1.212e-01 1.274e+05
8.166e-02 1.887e+05
7.733e-02 2.053e+05
8.692e-02 1.746e+05
8.831e-02 1.746e+05
1.544e-01 1.003e+05
7.895e-02 1.966e+05
2.132e-01 8.400e+04
8.451e-02 1.818e+05
7.383e-02 2.155e+05
1.585e-01 1.016e+05
9.081e-02 1.709e+05
9.158e-02 1.611e+05
1.401e-01 1.208e+05
1.843e-01 9.378e+04
7.178e-02 2.187e+05
2.168e-01 8.067e+04
7.437e-02 2.106e+05
8.118e-02 1.924e+05
7.529e-02 2.081e+05
7.480e-02 2.104e+05
8.115e-02 1.857e+05
7.661e-02 2.023e+05
1.162e-01 1.409e+05
7.539e-02 2.072e+05
1.016e-01 1.568e+05
1.816e-01 9.082e+04
8.531e-02 1.749e+05
8.215e-02 1.870e+05
7.498e-02 2.087e+05
1.063e-01 1.411e+05
7.253e-02 2.178e+05
2.036e-01 8.697e+04
7.763e-02 2.004e+05
7.198e-02 2.184e+05
7.447e-02 2.076e+05
7.936e-02 1.962e+05
7.653e-02 2.014e+05
7.300e-02 2.167e+05
1.770e-01 1.010e+05
1.130e-01 1.295e+05
1.610e-01 1.006e+05
7.888e-02 1.968e+05
7.439e-02 2.138e+05
7.700e-02 2.049e+05
1.319e-01 1.147e+05
7.335e-02 2.145e+05
7.667e-02 2.038e+05
8.379e-02 1.888e+05
7.728e-02 2.003e+05
7.495e-02 2.115e+05
7.240e-02 2.176e+05
7.424e-02 2.105e+05
7.452e-02 2.105e+05
7.471e-02 2.100e+05
7.643e-02 2.052e+05
7.340e-02 2.156e+05
1.018e-01 1.532e+05
7.726e-02 2.004e+05
1.491e-01 1.067e+05
8.487e-02 1.820e+05
1.816e-01 9.295e+04
7.717e-02 2.027e+05
7.649e-02 2.064e+05
7.375e-02 2.144e+05
7.134e-02 2.222e+05
7.532e-02 2.076e+05
8.289e-02 1.841e+05
7.779e-02 2.002e+05
7.350e-02 2.116e+05
7.783e-02 2.028e+05
7.504e-02 2.098e+05
9.134e-02 1.664e+05
7.398e-02 2.118e+05
1.207e-01 1.224e+05
1.159e-01 1.353e+05
9.898e-02 1.482e+05
2.046e-01 8.342e+04
7.600e-02 2.052e+05
9.051e-02 1.724e+05
1.050e-01 1.442e+05
8.679e-02 1.727e+05
7.969e-02 1.938e+05
7.512e-02 2.068e+05
8.145e-02 1.934e+05
7.616e-02 2.055e+05
1.578e-01 1.050e+05
1.101e-01 1.400e+05
1.150e-01 1.379e+05
1.712e-01 9.525e+04
8.011e-02 1.875e+05
1.290e-01 1.172e+05
7.224e-02 2.169e+05
7.454e-02 2.116e+05
9.175e-02 1.611e+05
1.136e-01 1.334e+05
7.346e-02 2.165e+05
1.139e-01 1.432e+05
8.461e-02 1.762e+05
7.958e-02 1.944e+05
7.586e-02 2.076e+05
1.581e-01 1.039e+05
1.027e-01 1.520e+05
7.594e-02 2.043e+05
9.484e-02 1.581e+05
1.136e-01 1.399e+05
7.599e-02 2.056e+05
9.650e-02 1.564e+05
1.744e-01 9.052e+04
7.659e-02 2.034e+05
7.740e-02 1.992e+05
7.623e-02 2.034e+05
7.373e-02 2.116e+05
7.413e-02 2.113e+05
7.669e-02 2.023e+05
8.032e-02 1.902e+05
7.348e-02 2.124e+05
1.254e-01 1.266e+05
8.306e-02 1.836e+05
7.489e-02 2.096e+05
2.093e-01 8.203e+04
8.567e-02 1.734e+05
1.325e-01 1.169e+05
8.968e-02 1.742e+05
1.567e-01 1.054e+05
8.939e-02 1.701e+05
7.931e-02 1.969e+05
7.574e-02 2.046e+05
8.153e-02 1.865e+05
1.187e-01 1.310e+05
7.548e-02 2.070e+05
2.312e-01 8.050e+04
1.292e-01 1.205e+05
1.873e-01 9.577e+04
7.216e-02 2.191e+05
7.274e-02 2.190e+05
9.176e-02 1.699e+05
8.474e-02 1.851e+05
7.552e-02 2.069e+05
9.425e-02 1.640e+05
1.789e-01 9.321e+04
1.147e-01 1.343e+05
8.879e-02 1.718e+05
1.774e-01 8.843e+04
7.790e-02 1.954e+05
7.579e-02 2.085e+05
7.497e-02 2.107e+05
7.181e-02 2.208e+05
7.600e-02 2.074e+05
1.044e-01 1.427e+05
7.603e-02 2.059e+05
2.229e-01 7.811e+04
7.705e-02 2.004e+05
7.448e-02 2.121e+05
1.297e-01 1.274e+05
1.656e-01 1.036e+05
1.055e-01 1.441e+05
7.446e-02 2.130e+05
7.619e-02 2.044e+05
1.683e-01 9.808e+04
1.057e-01 1.412e+05
7.600e-02 2.063e+05
1.242e-01 1.321e+05
1.529e-01 1.018e+05
7.301e-02 2.168e+05
9.525e-02 1.609e+05
1.108e-01 1.334e+05
9.994e-02 1.547e+05
7.485e-02 2.074e+05
8.766e-02 1.741e+05
7.430e-02 2.138e+05
7.942e-02 1.942e+05
9.446e-02 1.578e+05
9.053e-02 1.707e+05
7.553e-02 2.091e+05
9.320e-02 1.680e+05
9.400e-02 1.642e+05
7.917e-02 1.931e+05
7.154e-02 2.209e+05
7.286e-02 2.145e+05
7.672e-02 2.051e+05
7.419e-02 2.114e+05
7.536e-02 2.079e+05
2.134e-01 8.253e+04
7.231e-02 2.175e+05
8.389e-02 1.813e+05
7.666e-02 2.010e+05
8.564e-02 1.736e+05
1.115e-01 1.345e+05
1.685e-01 1.018e+05
1.023e-01 1.477e+05
8.741e-02 1.693e+05
1.209e-01 1.319e+05
7.259e-02 2.162e+05
9.534e-02 1.596e+05
8.171e-02 1.906e+05
7.257e-02 2.175e+05
7.207e-02 2.185e+05
1.370e-01 1.131e+05
7.178e-02 2.193e+05
7.707e-02 2.015e+05
7.882e-02 1.965e+05
8.434e-02 1.847e+05
7.412e-02 2.108e+05
7.527e-02 2.088e+05
2.208e-01 8.524e+04
7.806e-02 1.986e+05
1.020e-01 1.519e+05
7.867e-02 2.005e+05
7.616e-02 2.034e+05
8.412e-02 1.846e+05
7.501e-02 2.090e+05
7.253e-02 2.150e+05
7.548e-02 2.076e+05
1.557e-01 1.085e+05
7.703e-02 2.017e+05
1.849e-01 9.102e+04
1.947e-01 9.048e+04
7.877e-02 1.980e+05
7.376e-02 2.143e+05
1.534e-01 1.028e+05
7.960e-02 1.944e+05
7.347e-02 2.143e+05
1.329e-01 1.132e+05
7.200e-02 2.174e+05
1.983e-01 9.325e+04
7.816e-02 1.986e+05
1.774e-01 9.737e+04
2.063e-01 8.657e+04
1.097e-01 1.413e+05
7.429e-02 2.121e+05
9.660e-02 1.586e+05
7.829e-02 1.989e+05
7.303e-02 2.171e+05
7.497e-02 2.090e+05
8.607e-02 1.804e+05
7.851e-02 1.988e+05
7.548e-02 2.060e+05
7.644e-02 2.033e+05
8.893e-02 1.700e+05
7.765e-02 2.018e+05
1.370e-01 1.218e+05
7.598e-02 2.063e+05
9.294e-02 1.637e+05
9.296e-02 1.638e+05
7.812e-02 2.000e+05
1.309e-01 1.276e+05
7.708e-02 2.025e+05
8.345e-02 1.831e+05
1.071e-01 1.511e+05
1.612e-01 1.017e+05
7.361e-02 2.155e+05
1.094e-01 1.450e+05
1.101e-01 1.452e+05
1.824e-01 8.992e+04
1.196e-01 1.342e+05
1.937e-01 8.689e+04
7.502e-02 2.087e+05
2.183e-01 7.612e+04
7.609e-02 2.089e+05
7.344e-02 2.131e+05
9.835e-02 1.564e+05
1.226e-01 1.239e+05
1.270e-01 1.241e+05
2.076e-01 8.318e+04
1.409e-01 1.158e+05
7.096e-02 2.234e+05
2.173e-01 8.573e+04
9.415e-02 1.581e+05
8.860e-02 1.738e+05
7.793e-02 2.009e+05
1.498e-01 1.087e+05
7.734e-02 1.999e+05
9.548e-02 1.589e+05
2.140e-01 8.215e+04
2.233e-01 7.464e+04
1.976e-01 8.966e+04
7.619e-02 2.056e+05
1.659e-01 9.918e+04
7.489e-02 2.115e+05
7.391e-02 2.147e+05
7.481e-02 2.060e+05
8.170e-02 1.890e+05
7.546e-02 2.084e+05
7.317e-02 2.134e+05
1.584e-01 9.965e+04
7.209e-02 2.176e+05
7.475e-02 2.093e+05
7.578e-02 2.040e+05
7.849e-02 1.967e+05
9.127e-02 1.654e+05
8.259e-02 1.878e+05
1.451e-01 1.192e+05
1.382e-01 1.107e+05
7.589e-02 2.085e+05
9.349e-02 1.634e+05
1.040e-01 1.429e+05
7.652e-02 2.072e+05
1.854e-01 9.324e+04
1.142e-01 1.359e+05
7.228e-02 2.189e+05
7.948e-02 1.924e+05
7.975e-02 1.893e+05
7.219e-02 2.178e+05
7.486e-02 2.090e+05
9.904e-02 1.567e+05
7.497e-02 2.101e+05
7.461e-02 2.091e+05
8.725e-02 1.693e+05
1.530e-01 1.026e+05
8.125e-02 1.897e+05
1.108e-01 1.431e+05
1.199e-01 1.268e+05
1.591e-01 1.024e+05
1.288e-01 1.233e+05
7.674e-02 2.019e+05
7.774e-02 2.006e+05
7.327e-02 2.154e+05
7.497e-02 2.084e+05
7.566e-02 2.071e+05
9.685e-02 1.592e+05
1.041e-01 1.472e+05
1.106e-01 1.442e+05
9.845e-02 1.540e+05
1.848e-01 9.073e+04
7.553e-02 2.099e+05
7.575e-02 2.062e+05
7.363e-02 2.108e+05
7.557e-02 2.102e+05
7.211e-02 2.179e+05
7.617e-02 2.047e+05
1.434e-01 1.202e+05
7.749e-02 2.017e+05
7.656e-02 2.008e+05
9.732e-02 1.641e+05
7.769e-02 2.024e+05
1.183e-01 1.316e+05
7.283e-02 2.154e+05
7.564e-02 2.065e+05
1.929e-01 8.759e+04
1.332e-01 1.173e+05
9.114e-02 1.748e+05
7.554e-02 2.086e+05
7.123e-02 2.215e+05
1.470e-01 1.106e+05
7.644e-02 2.021e+05
7.817e-02 1.997e+05
7.651e-02 2.034e+05
2.219e-01 7.626e+04
1.824e-01 9.861e+04
8.354e-02 1.865e+05
7.432e-02 2.119e+05
7.865e-02 1.959e+05
1.165e-01 1.371e+05
1.143e-01 1.337e+05
7.363e-02 2.133e+05
7.580e-02 2.058e+05
7.433e-02 2.108e+05
8.281e-02 1.847e+05
1.005e-01 1.496e+05
7.349e-02 2.155e+05
7.320e-02 2.146e+05
9.709e-02 1.557e+05
7.666e-02 2.044e+05
7.766e-02 2.038e+05
1.177e-01 1.251e+05
7.475e-02 2.102e+05
1.334e-01 1.201e+05
8.285e-02 1.867e+05
7.402e-02 2.126e+05
7.422e-02 2.102e+05
7.517e-02 2.072e+05
7.545e-02 2.054e+05
8.450e-02 1.798e+05
1.916e-01 9.099e+04
1.763e-01 9.307e+04
7.934e-02 1.924e+05
7.778e-02 1.993e+05
1.195e-01 1.371e+05
7.254e-02 2.176e+05
2.026e-01 8.220e+04
1.927e-01 9.271e+04
1.862e-01 9.471e+04
2.073e-01 8.270e+04
1.011e-01 1.512e+05
1.464e-01 1.123e+05
7.686e-02 2.014e+05
7.842e-02 1.971e+05
7.818e-02 2.007e+05
7.327e-02 2.146e+05
8.535e-02 1.735e+05
1.566e-01 1.068e+05
7.779e-02 1.974e+05
7.519e-02 2.078e+05
7.450e-02 2.081e+05
7.338e-02 2.151e+05
2.025e-01 8.461e+04
9.003e-02 1.667e+05
7.430e-02 2.110e+05
7.475e-02 2.087e+05
9.553e-02 1.621e+05
8.677e-02 1.723e+05
1.192e-01 1.283e+05
1.470e-01 1.041e+05
8.422e-02 1.795e+05
7.781e-02 2.016e+05
7.143e-02 2.213e+05
8.129e-02 1.902e+05
7.476e-02 2.114e+05
1.377e-01 1.205e+05
7.578e-02 2.066e+05
7.147e-02 2.213e+05
1.792e-01 9.783e+04
1.581e-01 1.003e+05
1.215e-01 1.298e+05
7.304e-02 2.150e+05
7.894e-02 1.988e+05
1.301e-01 1.266e+05
1.289e-01 1.250e+05
2.064e-01 9.204e+04
1.051e-01 1.425e+05
8.741e-02 1.763e+05
7.385e-02 2.137e+05
1.269e-01 1.238e+05
7.431e-02 2.139e+05
7.816e-02 1.996e+05
7.654e-02 2.038e+05
7.427e-02 2.134e+05
1.900e-01 9.457e+04
7.175e-02 2.204e+05
9.342e-02 1.580e+05
7.275e-02 2.153e+05
9.074e-02 1.714e+05
7.199e-02 2.184e+05
7.510e-02 2.102e+05
7.863e-02 2.013e+05
7.540e-02 2.082e+05
7.664e-02 2.041e+05
9.843e-02 1.582e+05
1.013e-01 1.485e+05
1.102e-01 1.468e+05
1.969e-01 8.695e+04
1.073e-01 1.444e+05
7.513e-02 2.090e+05
8.853e-02 1.751e+05
8.360e-02 1.836e+05
8.472e-02 1.830e+05
1.920e-01 9.087e+04
7.548e-02 2.056e+05
1.682e-01 9.366e+04
1.206e-01 1.273e+05
1.115e-01 1.351e+05
9.416e-02 1.673e+05
1.292e-01 1.214e+05
2.040e-01 8.552e+04
7.171e-02 2.196e+05
9.046e-02 1.700e+05
7.252e-02 2.182e+05
8.076e-02 1.942e+05
7.523e-02 2.074e+05
7.369e-02 2.118e+05
7.631e-02 2.042e+05
1.001e-01 1.515e+05
7.670e-02 2.040e+05
7.998e-02 1.975e+05
7.274e-02 2.181e+05
1.940e-01 9.150e+04
7.555e-02 2.077e+05
7.127e-02 2.211e+05
8.955e-02 1.734e+05
7.505e-02 2.087e+05
7.586e-02 2.070e+05
7.880e-02 1.962e+05
1.857e-01 9.705e+04
7.191e-02 2.217e+05
1.090e-01 1.435e+05
7.642e-02 2.041e+05
2.146e-01 8.129e+04
7.415e-02 2.141e+05
1.490e-01 1.112e+05
1.359e-01 1.184e+05
2.087e-01 8.623e+04
1.982e-01 8.764e+04
1.695e-01 9.806e+04
1.433e-01 1.098e+05
1.365e-01 1.198e+05
7.506e-02 2.076e+05
8.158e-02 1.901e+05
7.578e-02 2.055e+05
7.171e-02 2.200e+05
1.565e-01 1.135e+05
7.447e-02 2.105e+05
1.127e-01 1.341e+05
7.707e-02 2.052e+05
7.319e-02 2.127e+05
1.304e-01 1.200e+05
7.631e-02 2.071e+05
7.720e-02 2.044e+05
1.942e-01 8.355e+04
1.206e-01 1.269e+05
7.521e-02 2.083e+05
1.860e-01 9.710e+04
7.554e-02 2.067e+05
7.405e-02 2.144e+05
8.141e-02 1.919e+05
1.387e-01 1.127e+05
7.152e-02 2.212e+05
7.122e-02 2.232e+05
1.146e-01 1.408e+05
1.014e-01 1.559e+05
7.824e-02 1.982e+05
7.326e-02 2.144e+05
7.293e-02 2.170e+05
1.303e-01 1.211e+05
1.253e-01 1.260e+05
7.256e-02 2.182e+05
7.724e-02 2.025e+05
1.202e-01 1.341e+05
1.032e-01 1.539e+05
8.733e-02 1.770e+05
7.756e-02 2.021e+05
1.183e-01 1.308e+05
7.328e-02 2.115e+05
1.863e-01 9.279e+04
7.573e-02 2.076e+05
1.450e-01 1.130e+05
7.159e-02 2.200e+05
7.500e-02 2.062e+05
1.575e-01 1.080e+05
1.152e-01 1.302e+05
7.277e-02 2.156e+05
1.556e-01 1.050e+05
7.323e-02 2.139e+05
1.549e-01 1.127e+05
1.021e-01 1.513e+05
7.791e-02 2.000e+05
1.630e-01 1.022e+05
9.313e-02 1.647e+05
1.807e-01 9.380e+04
1.774e-01 1.002e+05
1.019e-01 1.484e+05
1.905e-01 9.403e+04
1.076e-01 1.475e+05
7.675e-02 2.027e+05
8.944e-02 1.712e+05
7.479e-02 2.092e+05
7.554e-02 2.078e+05
9.275e-02 1.657e+05
8.266e-02 1.880e+05
8.039e-02 1.913e+05
1.009e-01 1.506e+05
8.743e-02 1.800e+05
1.182e-01 1.254e+05
1.199e-01 1.354e+05
7.466e-02 2.102e+05
1.566e-01 1.042e+05
8.137e-02 1.882e+05
7.473e-02 2.117e+05
1.118e-01 1.381e+05
2.140e-01 8.165e+04
8.387e-02 1.850e+05
1.645e-01 9.482e+04
8.622e-02 1.778e+05
7.272e-02 2.180e+05
1.018e-01 1.518e+05
7.675e-02 1.990e+05
7.537e-02 2.081e+05
8.594e-02 1.763e+05
7.633e-02 2.028e+05
1.059e-01 1.448e+05
1.243e-01 1.204e+05
2.168e-01 8.408e+04
1.625e-01 1.018e+05
1.179e-01 1.281e+05
7.361e-02 2.125e+05
8.698e-02 1.791e+05
9.129e-02 1.666e+05
1.204e-01 1.370e+05
1.099e-01 1.396e+05
9.069e-02 1.681e+05
1.326e-01 1.148e+05
7.732e-02 2.033e+05
8.116e-02 1.912e+05
7.492e-02 2.100e+05
7.324e-02 2.164e+05
7.234e-02 2.180e+05
7.164e-02 2.220e+05
1.397e-01 1.216e+05
7.564e-02 2.086e+05
7.933e-02 1.975e+05
7.502e-02 2.090e+05
7.495e-02 2.096e+05
1.983e-01 8.780e+04
8.837e-02 1.788e+05
1.470e-01 1.119e+05
7.336e-02 2.149e+05
1.403e-01 1.135e+05
7.637e-02 2.042e+05
1.052e-01 1.466e+05
7.503e-02 2.108e+05
1.099e-01 1.402e+05
9.776e-02 1.527e+05
7.584e-02 2.064e+05
1.084e-01 1.466e+05
7.798e-02 1.988e+05
1.350e-01 1.170e+05
7.954e-02 1.946e+05
8.830e-02 1.794e+05
1.739e-01 9.423e+04
9.194e-02 1.608e+05
9.367e-02 1.671e+05
7.583e-02 2.075e+05
7.568e-02 2.068e+05
1.951e-01 8.609e+04
7.247e-02 2.155e+05
7.241e-02 2.157e+05
7.192e-02 2.188e+05
1.432e-01 1.077e+05
7.519e-02 2.099e+05
1.246e-01 1.325e+05
7.607e-02 2.061e+05
7.462e-02 2.079e+05
1.109e-01 1.419e+05
1.826e-01 9.843e+04
1.062e-01 1.386e+05
7.358e-02 2.111e+05
7.662e-02 1.985e+05
9.443e-02 1.601e+05
7.346e-02 2.154e+05
7.405e-02 2.110e+05
7.493e-02 2.121e+05
7.391e-02 2.116e+05
7.546e-02 2.050e+05
2.054e-01 8.723e+04
1.218e-01 1.284e+05
7.832e-02 1.985e+05
7.940e-02 1.942e+05
7.360e-02 2.141e+05
7.459e-02 2.104e+05
7.517e-02 2.088e+05
8.188e-02 1.859e+05
7.765e-02 2.005e+05
7.149e-02 2.222e+05
2.051e-01 7.851e+04
2.095e-01 8.441e+04
1.391e-01 1.159e+05
1.183e-01 1.353e+05
1.085e-01 1.409e+05
1.075e-01 1.445e+05
7.527e-02 2.072e+05
1.104e-01 1.415e+05
7.777e-02 2.028e+05
9.481e-02 1.613e+05
9.284e-02 1.646e+05
1.115e-01 1.372e+05
7.791e-02 1.957e+05
1.392e-01 1.136e+05
7.834e-02 1.985e+05
1.689e-01 1.061e+05
2.294e-01 7.732e+04
8.158e-02 1.888e+05
1.252e-01 1.231e+05
7.801e-02 1.987e+05
9.494e-02 1.551e+05
7.700e-02 2.022e+05
7.768e-02 2.005e+05
7.552e-02 2.059e+05
7.136e-02 2.204e+05
7.521e-02 2.075e+05
7.426e-02 2.108e+05
7.609e-02 2.033e+05
7.465e-02 2.123e+05
8.240e-02 1.914e+05
7.489e-02 2.119e+05
8.167e-02 1.910e+05
7.578e-02 2.067e+05
1.326e-01 1.203e+05
9.500e-02 1.618e+05
8.114e-02 1.950e+05
1.617e-01 1.056e+05
7.242e-02 2.160e+05
7.572e-02 2.051e+05
9.602e-02 1.604e+05
7.224e-02 2.201e+05
7.550e-02 2.068e+05
7.607e-02 2.072e+05
1.295e-01 1.259e+05
1.204e-01 1.351e+05
1.253e-01 1.227e+05
7.727e-02 2.017e+05
1.098e-01 1.407e+05
1.367e-01 1.161e+05
1.362e-01 1.234e+05
9.043e-02 1.632e+05
1.450e-01 1.121e+05
1.037e-01 1.517e+05
7.444e-02 2.108e+05
7.915e-02 1.972e+05
8.093e-02 1.906e+05
7.340e-02 2.127e+05
7.688e-02 2.038e+05
1.598e-01 1.082e+05
9.863e-02 1.533e+05
7.568e-02 2.067e+05
1.118e-01 1.373e+05
7.554e-02 2.065e+05
1.014e-01 1.454e+05
9.932e-02 1.548e+05
8.072e-02 1.905e+05
8.115e-02 1.903e+05
7.435e-02 2.084e+05
2.127e-01 8.790e+04
2.323e-01 8.583e+04
2.084e-01 8.069e+04
7.971e-02 1.923e+05
7.337e-02 2.120e+05
2.066e-01 8.535e+04
7.467e-02 2.125e+05
7.725e-02 2.023e+05
7.629e-02 2.042e+05
1.466e-01 1.114e+05
7.735e-02 2.012e+05
1.905e-01 9.506e+04
9.367e-02 1.674e+05
8.711e-02 1.754e+05
2.267e-01 8.238e+04
7.430e-02 2.125e+05
7.526e-02 2.097e+05
2.356e-01 7.953e+04
1.027e-01 1.530e+05
1.363e-01 1.165e+05
8.974e-02 1.716e+05
8.554e-02 1.842e+05
7.719e-02 2.027e+05
1.987e-01 8.872e+04
1.989e-01 9.443e+04
7.797e-02 2.018e+05
9.151e-02 1.731e+05
1.824e-01 9.966e+04
1.771e-01 1.003e+05
7.598e-02 2.063e+05
7.864e-02 1.983e+05
9.316e-02 1.702e+05
7.577e-02 2.070e+05
1.353e-01 1.207e+05
7.578e-02 2.036e+05
8.572e-02 1.800e+05
1.301e-01 1.172e+05
1.517e-01 1.103e+05
7.593e-02 2.063e+05
7.533e-02 2.059e+05
7.882e-02 1.958e+05
2.308e-01 7.951e+04
8.449e-02 1.852e+05
7.309e-02 2.175e+05
1.325e-01 1.194e+05
1.148e-01 1.319e+05
1.471e-01 1.076e+05
1.286e-01 1.227e+05
7.921e-02 1.953e+05
7.790e-02 1.992e+05
7.754e-02 1.993e+05
7.548e-02 2.067e+05
1.156e-01 1.344e+05
1.809e-01 9.573e+04
8.930e-02 1.770e+05
1.571e-01 1.078e+05
1.938e-01 8.269e+04
7.528e-02 2.080e+05
7.256e-02 2.153e+05
1.875e-01 9.265e+04
1.402e-01 1.165e+05
7.423e-02 2.111e+05
1.930e-01 8.737e+04
7.322e-02 2.136e+05
9.094e-02 1.703e+05
8.194e-02 1.882e+05
8.751e-02 1.776e+05
9.884e-02 1.563e+05
8.054e-02 1.912e+05
2.297e-01 7.962e+04
7.512e-02 2.086e+05
1.785e-01 9.320e+04
9.324e-02 1.641e+05
1.314e-01 1.190e+05
1.925e-01 8.631e+04
1.230e-01 1.251e+05
1.717e-01 1.041e+05
7.859e-02 1.980e+05
8.911e-02 1.670e+05
7.785e-02 1.982e+05
8.149e-02 1.882e+05
7.490e-02 2.096e+05
9.294e-02 1.613e+05
1.362e-01 1.245e+05
7.420e-02 2.144e+05
7.524e-02 2.111e+05
8.482e-02 1.845e+05
7.383e-02 2.115e+05
2.196e-01 8.189e+04
1.228e-01 1.245e+05
7.183e-02 2.201e+05
1.295e-01 1.221e+05
1.214e-01 1.282e+05
7.599e-02 2.043e+05
7.507e-02 2.088e+05
1.971e-01 8.759e+04
7.474e-02 2.086e+05
8.699e-02 1.715e+05
8.890e-02 1.671e+05
9.288e-02 1.619e+05
1.326e-01 1.124e+05
2.108e-01 7.946e+04
1.006e-01 1.512e+05
1.888e-01 9.233e+04
7.552e-02 2.039e+05
7.749e-02 2.000e+05
7.685e-02 2.041e+05
7.584e-02 2.078e+05
7.470e-02 2.113e+05
7.756e-02 2.000e+05
1.695e-01 1.014e+05
7.499e-02 2.071e+05
1.218e-01 1.230e+05
7.839e-02 1.968e+05
1.386e-01 1.139e+05
7.301e-02 2.173e+05
9.368e-02 1.695e+05
7.281e-02 2.140e+05
7.859e-02 1.988e+05
9.009e-02 1.717e+05
7.140e-02 2.211e+05
8.936e-02 1.757e+05
2.107e-01 8.293e+04
7.548e-02 2.098e+05
1.977e-01 8.481e+04
7.125e-02 2.217e+05
7.559e-02 2.078e+05
7.696e-02 2.024e+05
1.399e-01 1.162e+05
7.469e-02 2.129e+05
7.690e-02 1.983e+05
7.336e-02 2.122e+05
1.080e-01 1.484e+05
1.239e-01 1.228e+05
1.142e-01 1.335e+05
1.015e-01 1.519e+05
7.660e-02 2.035e+05
7.271e-02 2.187e+05
9.915e-02 1.600e+05
7.911e-02 1.986e+05
7.494e-02 2.123e+05
2.171e-01 7.921e+04
7.928e-02 1.971e+05
7.804e-02 1.999e+05
8.419e-02 1.827e+05
7.627e-02 2.053e+05
7.546e-02 2.067e+05
7.468e-02 2.115e+05
7.289e-02 2.168e+05
1.492e-01 1.120e+05
7.877e-02 1.993e+05
1.842e-01 8.719e+04
1.056e-01 1.491e+05
7.784e-02 1.971e+05
1.100e-01 1.443e+05
1.143e-01 1.309e+05
9.648e-02 1.562e+05
1.515e-01 1.045e+05
1.239e-01 1.301e+05
7.445e-02 2.116e+05
2.144e-01 8.655e+04
7.283e-02 2.179e+05
7.973e-02 1.934e+05
9.924e-02 1.580e+05
7.253e-02 2.188e+05
7.476e-02 2.119e+05
7.504e-02 2.111e+05
7.756e-02 2.006e+05
1.319e-01 1.178e+05
1.022e-01 1.462e+05
1.014e-01 1.514e+05
7.517e-02 2.072e+05
2.197e-01 8.000e+04
1.443e-01 1.086e+05
7.942e-02 1.996e+05
7.562e-02 2.056e+05
8.544e-02 1.777e+05
7.962e-02 1.940e+05
7.820e-02 2.009e+05
7.421e-02 2.118e+05
7.638e-02 2.037e+05
1.580e-01 1.055e+05
1.010e-01 1.501e+05
7.565e-02 2.064e+05
8.194e-02 1.921e+05
1.095e-01 1.409e+05
7.653e-02 2.038e+05
1.105e-01 1.432e+05
7.493e-02 2.060e+05
7.573e-02 2.089e+05
7.392e-02 2.092e+05
1.969e-01 9.289e+04
1.158e-01 1.421e+05
7.396e-02 2.150e+05
7.413e-02 2.124e+05
2.227e-01 8.293e+04
7.600e-02 2.051e+05
1.462e-01 1.173e+05
1.879e-01 8.403e+04
7.135e-02 2.224e+05
1.274e-01 1.261e+05
7.633e-02 2.049e+05
8.196e-02 1.879e+05
9.619e-02 1.586e+05
1.865e-01 9.328e+04
1.591e-01 9.924e+04
7.454e-02 2.096e+05
1.955e-01 8.892e+04
1.796e-01 8.832e+04
1.220e-01 1.294e+05
7.608e-02 2.062e+05
1.003e-01 1.531e+05
8.722e-02 1.818e+05
7.380e-02 2.140e+05
7.780e-02 2.036e+05
7.637e-02 2.055e+05
7.449e-02 2.129e+05
7.578e-02 2.080e+05
9.067e-02 1.744e+05
7.684e-02 2.036e+05
1.029e-01 1.476e+05
1.932e-01 8.549e+04
7.516e-02 2.085e+05
7.496e-02 2.087e+05
1.201e-01 1.228e+05
7.925e-02 1.951e+05
1.599e-01 1.014e+05
7.579e-02 2.089e+05
1.603e-01 1.094e+05
1.673e-01 9.076e+04
7.848e-02 1.997e+05
7.628e-02 2.010e+05
2.412e-01 7.485e+04
7.504e-02 2.093e+05
7.767e-02 1.993e+05
9.323e-02 1.620e+05
1.074e-01 1.462e+05
1.165e-01 1.314e+05
7.439e-02 2.113e+05
1.038e-01 1.501e+05
1.266e-01 1.240e+05
7.586e-02 2.056e+05
7.656e-02 2.017e+05
1.533e-01 1.052e+05
1.095e-01 1.435e+05
1.317e-01 1.276e+05
2.001e-01 8.630e+04
8.021e-02 1.974e+05
8.812e-02 1.677e+05
7.422e-02 2.120e+05
1.333e-01 1.186e+05
1.079e-01 1.420e+05
1.812e-01 9.839e+04
9.488e-02 1.643e+05
7.310e-02 2.141e+05
7.472e-02 2.091e+05
1.130e-01 1.343e+05
2.044e-01 7.757e+04
8.094e-02 1.882e+05
9.961e-02 1.523e+05
7.550e-02 2.054e+05
1.236e-01 1.304e+05
7.813e-02 1.992e+05
7.721e-02 2.027e+05
1.202e-01 1.353e+05
7.360e-02 2.126e+05
7.537e-02 2.094e+05
9.264e-02 1.652e+05
2.148e-01 7.924e+04
7.897e-02 1.963e+05
1.025e-01 1.531e+05
1.107e-01 1.360e+05
1.219e-01 1.293e+05
7.624e-02 2.050e+05
9.293e-02 1.681e+05
7.641e-02 2.029e+05
1.342e-01 1.178e+05
7.730e-02 2.005e+05
1.173e-01 1.320e+05
1.959e-01 9.405e+04
7.241e-02 2.189e+05
9.257e-02 1.701e+05
1.419e-01 1.165e+05
7.340e-02 2.129e+05
8.047e-02 1.929e+05
1.522e-01 1.071e+05
2.276e-01 7.958e+04
7.219e-02 2.170e+05
7.544e-02 2.098e+05
7.274e-02 2.154e+05
1.813e-01 9.127e+04
7.268e-02 2.192e+05
1.003e-01 1.526e+05
7.550e-02 2.107e+05
7.663e-02 2.039e+05
1.948e-01 9.133e+04
7.582e-02 2.052e+05
1.135e-01 1.379e+05
7.695e-02 2.026e+05
9.136e-02 1.734e+05
7.405e-02 2.096e+05
8.466e-02 1.820e+05
1.081e-01 1.485e+05
1.055e-01 1.494e+05
7.270e-02 2.188e+05
7.441e-02 2.083e+05
7.951e-02 1.953e+05
7.550e-02 2.060e+05
2.103e-01 8.135e+04
8.443e-02 1.820e+05
1.556e-01 1.094e+05
1.915e-01 9.426e+04
9.090e-02 1.686e+05
7.481e-02 2.102e+05
1.041e-01 1.527e+05
2.448e-01 7.831e+04
1.413e-01 1.120e+05
9.160e-02 1.680e+05
8.223e-02 1.838e+05
7.688e-02 2.018e+05
1.610e-01 1.011e+05
7.370e-02 2.122e+05
8.896e-02 1.731e+05
1.396e-01 1.160e+05
8.458e-02 1.806e+05
8.773e-02 1.768e+05
7.575e-02 2.087e+05
1.331e-01 1.143e+05
1.008e-01 1.515e+05
8.838e-02 1.684e+05
9.695e-02 1.609e+05
1.098e-01 1.474e+05
8.237e-02 1.881e+05
1.115e-01 1.380e+05
8.021e-02 1.922e+05
7.666e-02 2.037e+05
1.030e-01 1.490e+05
1.286e-01 1.183e+05
1.244e-01 1.238e+05
8.935e-02 1.744e+05
1.603e-01 1.014e+05
1.016e-01 1.534e+05
7.901e-02 2.003e+05
1.153e-01 1.340e+05
2.039e-01 8.179e+04
1.375e-01 1.198e+05
7.208e-02 2.182e+05
7.671e-02 2.034e+05
1.385e-01 1.177e+05
7.662e-02 2.071e+05
7.605e-02 2.021e+05
9.177e-02 1.668e+05
7.403e-02 2.113e+05
8.117e-02 1.918e+05
9.797e-02 1.593e+05
7.154e-02 2.220e+05
7.483e-02 2.055e+05
1.001e-01 1.490e+05
7.674e-02 2.027e+05
7.191e-02 2.183e+05
8.959e-02 1.763e+05
7.780e-02 2.009e+05
1.010e-01 1.556e+05
7.551e-02 2.083e+05
9.477e-02 1.555e+05
7.259e-02 2.189e+05
7.475e-02 2.088e+05
2.112e-01 8.442e+04
1.741e-01 1.018e+05
7.320e-02 2.121e+05
8.007e-02 1.898e+05
8.591e-02 1.761e+05
1.086e-01 1.393e+05
7.907e-02 1.961e+05
1.862e-01 8.654e+04
9.640e-02 1.590e+05
7.502e-02 2.095e+05
9.191e-02 1.715e+05
7.578e-02 2.073e+05
7.622e-02 2.057e+05
7.416e-02 2.134e+05
1.867e-01 8.846e+04
7.292e-02 2.149e+05
1.596e-01 1.021e+05
1.757e-01 1.008e+05
1.106e-01 1.410e+05
1.605e-01 1.025e+05
2.424e-01 7.467e+04
1.331e-01 1.139e+05
1.303e-01 1.226e+05
9.382e-02 1.658e+05
7.489e-02 2.094e+05
7.503e-02 2.063e+05
9.765e-02 1.533e+05
1.090e-01 1.415e+05
9.555e-02 1.634e+05
1.314e-01 1.278e+05
9.060e-02 1.641e+05
1.490e-01 1.074e+05
7.495e-02 2.084e+05
1.048e-01 1.467e+05
7.430e-02 2.134e+05
1.066e-01 1.427e+05
1.793e-01 9.609e+04
9.664e-02 1.642e+05
1.355e-01 1.202e+05
7.377e-02 2.141e+05
9.033e-02 1.703e+05
1.425e-01 1.103e+05
7.419e-02 2.118e+05
7.545e-02 2.078e+05
8.885e-02 1.751e+05
1.635e-01 1.030e+05
2.215e-01 8.091e+04
7.145e-02 2.206e+05
7.539e-02 2.045e+05
1.972e-01 9.079e+04
1.433e-01 1.140e+05
9.622e-02 1.548e+05
7.664e-02 2.072e+05
1.845e-01 9.741e+04
7.383e-02 2.130e+05
8.492e-02 1.816e+05
7.567e-02 2.082e+05
1.079e-01 1.422e+05
7.454e-02 2.067e+05
7.521e-02 2.090e+05
7.600e-02 2.056e+05
1.387e-01 1.180e+05
8.589e-02 1.738e+05
9.610e-02 1.657e+05
8.463e-02 1.786e+05
8.490e-02 1.804e+05
9.103e-02 1.679e+05
9.660e-02 1.642e+05
9.763e-02 1.590e+05
8.495e-02 1.804e+05
7.794e-02 1.995e+05
8.441e-02 1.874e+05
7.256e-02 2.169e+05
7.901e-02 1.982e+05
7.822e-02 1.982e+05
8.140e-02 1.937e+05
7.496e-02 2.085e+05
7.795e-02 2.034e+05
1.534e-01 1.033e+05
2.043e-01 8.057e+04
7.618e-02 2.048e+05
9.840e-02 1.575e+05
1.497e-01 1.081e+05
7.139e-02 2.212e+05
1.919e-01 8.870e+04
8.788e-02 1.785e+05
7.732e-02 2.001e+05
1.395e-01 1.182e+05
1.068e-01 1.473e+05
1.661e-01 1.033e+05
7.539e-02 2.034e+05
1.104e-01 1.464e+05
8.793e-02 1.680e+05
8.024e-02 1.941e+05
7.557e-02 2.073e+05
9.687e-02 1.569e+05
7.242e-02 2.176e+05
1.215e-01 1.311e+05
7.854e-02 2.000e+05
2.006e-01 8.070e+04
7.429e-02 2.129e+05
7.923e-02 1.990e+05
1.823e-01 9.654e+04
7.644e-02 2.075e+05
1.976e-01 9.066e+04
2.042e-01 8.925e+04
1.734e-01 1.016e+05
1.683e-01 1.013e+05
7.428e-02 2.092e+05
7.565e-02 2.066e+05
7.818e-02 1.986e+05
9.762e-02 1.523e+05
2.092e-01 8.668e+04
9.758e-02 1.551e+05
7.258e-02 2.188e+05
7.329e-02 2.166e+05
9.271e-02 1.594e+05
9.968e-02 1.539e+05
7.517e-02 2.064e+05
7.355e-02 2.151e+05
7.660e-02 1.999e+05
8.257e-02 1.852e+05
2.278e-01 8.043e+04
1.849e-01 8.648e+04
1.070e-01 1.450e+05
1.595e-01 1.118e+05
7.754e-02 2.001e+05
1.329e-01 1.210e+05
7.849e-02 1.990e+05
7.393e-02 2.105e+05
1.014e-01 1.518e+05
9.414e-02 1.600e+05
7.503e-02 2.084e+05
7.615e-02 2.064e+05
1.173e-01 1.322e+05
1.012e-01 1.519e+05
1.941e-01 8.583e+04
7.315e-02 2.123e+05
8.079e-02 1.900e+05
7.797e-02 1.985e+05
9.350e-02 1.638e+05
7.708e-02 2.034e+05
7.907e-02 1.978e+05
2.347e-01 7.734e+04
1.831e-01 9.508e+04
1.520e-01 1.134e+05
8.805e-02 1.710e+05
7.607e-02 2.067e+05
1.632e-01 9.667e+04
1.499e-01 1.157e+05
1.104e-01 1.380e+05
7.799e-02 2.012e+05
7.512e-02 2.083e+05
1.189e-01 1.303e+05
1.025e-01 1.506e+05
7.974e-02 1.940e+05
9.062e-02 1.697e+05
8.534e-02 1.787e+05
1.176e-01 1.327e+05
8.028e-02 1.972e+05
1.827e-01 9.099e+04
1.799e-01 8.080e+04
2.059e-01 7.815e+04
1.272e-01 1.183e+05
8.102e-02 1.849e+05
7.464e-02 2.090e+05
7.312e-02 2.180e+05
8.539e-02 1.798e+05
8.412e-02 1.813e+05
1.991e-01 8.028e+04
9.725e-02 1.524e+05
1.129e-01 1.397e+05
7.329e-02 2.174e+05
1.401e-01 1.222e+05
7.354e-02 2.130e+05
8.471e-02 1.820e+05
9.468e-02 1.589e+05
7.961e-02 1.924e+05
1.854e-01 8.853e+04
7.908e-02 1.933e+05
9.126e-02 1.674e+05
7.650e-02 2.037e+05
1.550e-01 1.072e+05
7.765e-02 2.006e+05
2.444e-01 8.150e+04
1.652e-01 1.007e+05
8.315e-02 1.906e+05
1.732e-01 9.658e+04
7.976e-02 1.963e+05
9.867e-02 1.559e+05
7.592e-02 2.055e+05
7.357e-02 2.127e+05
7.467e-02 2.087e+05
7.565e-02 2.070e+05
7.505e-02 2.069e+05
1.025e-01 1.518e+05
1.116e-01 1.388e+05
7.560e-02 2.100e+05
1.431e-01 1.076e+05
7.515e-02 2.089e+05
7.656e-02 2.029e+05
1.122e-01 1.340e+05
7.380e-02 2.112e+05
2.380e-01 8.094e+04
7.292e-02 2.160e+05
7.550e-02 2.092e+05
1.927e-01 9.429e+04
8.983e-02 1.695e+05
7.529e-02 2.055e+05
9.180e-02 1.659e+05
1.156e-01 1.341e+05
1.252e-01 1.254e+05
1.331e-01 1.168e+05
7.851e-02 1.999e+05
1.553e-01 1.035e+05
7.316e-02 2.130e+05
1.126e-01 1.292e+05
7.376e-02 2.147e+05
7.618e-02 2.069e+05
7.257e-02 2.181e+05
1.009e-01 1.571e+05
8.630e-02 1.747e+05
8.488e-02 1.802e+05
8.441e-02 1.811e+05
7.420e-02 2.117e+05
7.272e-02 2.144e+05
1.357e-01 1.128e+05
1.581e-01 1.000e+05
1.198e-01 1.329e+05
2.132e-01 7.995e+04
2.301e-01 8.357e+04
1.293e-01 1.277e+05
1.752e-01 1.020e+05
1.570e-01 1.074e+05
1.380e-01 1.179e+05
1.028e-01 1.533e+05
7.339e-02 2.133e+05
1.067e-01 1.464e+05
7.580e-02 2.096e+05
7.656e-02 2.014e+05
1.176e-01 1.362e+05
1.931e-01 8.829e+04
8.396e-02 1.849e+05
1.830e-01 9.196e+04
1.147e-01 1.365e+05
8.641e-02 1.740e+05
7.545e-02 2.061e+05
1.011e-01 1.472e+05
8.163e-02 1.915e+05
1.641e-01 9.521e+04
1.688e-01 9.465e+04
7.255e-02 2.157e+05
1.204e-01 1.316e+05
1.374e-01 1.199e+05
7.515e-02 2.081e+05
7.335e-02 2.168e+05
7.865e-02 2.010e+05
2.203e-01 7.973e+04
8.345e-02 1.856e+05
7.640e-02 2.055e+05
1.511e-01 1.097e+05
8.577e-02 1.741e+05
1.282e-01 1.221e+05
9.508e-02 1.661e+05
7.721e-02 2.024e+05
7.246e-02 2.178e+05
1.140e-01 1.348e+05
1.478e-01 1.118e+05
1.588e-01 1.001e+05
1.203e-01 1.361e+05
1.024e-01 1.534e+05
1.886e-01 9.009e+04
7.703e-02 1.999e+05
7.410e-02 2.112e+05
2.143e-01 8.445e+04
8.477e-02 1.802e+05
7.932e-02 1.989e+05
7.503e-02 2.096e+05
1.855e-01 8.809e+04
7.924e-02 1.964e+05
8.570e-02 1.787e+05
2.224e-01 7.847e+04
8.936e-02 1.686e+05
1.261e-01 1.256e+05
1.284e-01 1.248e+05
7.172e-02 2.196e+05
1.454e-01 1.087e+05
8.559e-02 1.798e+05
1.175e-01 1.339e+05
1.154e-01 1.333e+05
1.708e-01 9.977e+04
8.667e-02 1.770e+05
7.484e-02 2.092e+05
1.594e-01 1.042e+05
1.041e-01 1.464e+05
1.166e-01 1.320e+05
8.943e-02 1.713e+05
8.073e-02 1.873e+05
9.444e-02 1.580e+05
7.417e-02 2.102e+05
1.498e-01 1.103e+05
7.354e-02 2.125e+05
1.194e-01 1.282e+05
1.049e-01 1.465e+05
7.843e-02 1.971e+05
1.506e-01 1.116e+05
1.183e-01 1.241e+05
1.947e-01 8.992e+04
8.530e-02 1.784e+05
7.506e-02 2.081e+05
7.385e-02 2.096e+05
7.837e-02 1.982e+05
1.389e-01 1.161e+05
7.782e-02 1.983e+05
1.170e-01 1.328e+05
7.761e-02 1.995e+05
7.424e-02 2.116e+05
7.567e-02 2.058e+05
2.168e-01 8.138e+04
9.076e-02 1.662e+05
1.495e-01 1.159e+05
7.410e-02 2.122e+05
9.220e-02 1.631e+05
7.579e-02 2.071e+05
7.567e-02 2.070e+05
7.618e-02 2.060e+05
1.064e-01 1.417e+05
7.779e-02 2.026e+05
1.806e-01 1.019e+05
8.917e-02 1.756e+05
7.180e-02 2.202e+05
1.748e-01 9.475e+04
1.509e-01 1.166e+05
8.273e-02 1.838e+05
9.441e-02 1.663e+05
2.179e-01 8.170e+04
7.807e-02 1.993e+05
1.357e-01 1.242e+05
7.919e-02 1.968e+05
9.137e-02 1.617e+05
1.273e-01 1.310e+05
7.267e-02 2.175e+05
2.026e-01 8.639e+04
1.614e-01 1.077e+05
7.362e-02 2.113e+05
7.439e-02 2.099e+05
1.582e-01 1.064e+05
1.345e-01 1.202e+05
8.527e-02 1.760e+05
1.244e-01 1.284e+05
7.513e-02 2.062e+05
7.441e-02 2.121e+05
7.619e-02 2.046e+05
7.373e-02 2.116e+05
1.521e-01 1.124e+05
7.572e-02 2.056e+05
7.185e-02 2.193e+05
1.065e-01 1.416e+05
7.465e-02 2.097e+05
1.068e-01 1.467e+05
7.354e-02 2.153e+05
8.818e-02 1.676e+05
8.655e-02 1.762e+05
7.476e-02 2.089e+05
7.359e-02 2.140e+05
7.862e-02 1.970e+05
1.029e-01 1.498e+05
9.119e-02 1.632e+05
1.061e-01 1.454e+05
7.770e-02 1.992e+05
8.041e-02 1.902e+05
7.897e-02 1.963e+05
7.740e-02 2.004e+05
9.997e-02 1.523e+05
7.706e-02 2.060e+05
1.206e-01 1.344e+05
8.477e-02 1.775e+05
1.050e-01 1.383e+05
7.577e-02 2.079e+05
8.161e-02 1.899e+05
8.340e-02 1.852e+05
8.702e-02 1.765e+05
7.558e-02 2.038e+05
1.035e-01 1.520e+05
7.617e-02 2.045e+05
8.896e-02 1.670e+05
8.879e-02 1.723e+05
7.215e-02 2.187e+05
9.122e-02 1.696e+05
7.850e-02 1.988e+05
7.539e-02 2.095e+05
1.063e-01 1.498e+05
1.615e-01 1.071e+05
1.008e-01 1.516e+05
1.064e-01 1.505e+05
7.798e-02 2.009e+05
7.937e-02 1.935e+05
7.220e-02 2.170e+05
1.179e-01 1.330e+05
8.261e-02 1.869e+05
7.462e-02 2.117e+05
7.304e-02 2.162e+05
1.628e-01 9.923e+04
1.157e-01 1.350e+05
9.988e-02 1.551e+05
1.731e-01 9.692e+04
7.563e-02 2.057e+05
1.802e-01 9.731e+04
7.487e-02 2.103e+05
8.519e-02 1.852e+05
7.265e-02 2.182e+05
7.612e-02 2.053e+05
1.787e-01 9.021e+04
1.210e-01 1.277e+05
1.363e-01 1.172e+05
7.799e-02 2.035e+05
7.599e-02 2.035e+05
9.761e-02 1.513e+05
8.752e-02 1.761e+05
1.275e-01 1.243e+05
7.863e-02 1.969e+05
8.452e-02 1.821e+05
1.930e-01 9.049e+04
2.070e-01 8.945e+04
7.437e-02 2.127e+05
1.127e-01 1.314e+05
7.533e-02 2.084e+05
1.602e-01 1.075e+05
7.276e-02 2.163e+05
8.538e-02 1.737e+05
1.165e-01 1.354e+05
7.367e-02 2.160e+05
7.406e-02 2.114e+05
7.770e-02 1.972e+05
7.832e-02 2.018e+05
1.049e-01 1.489e+05
7.466e-02 2.128e+05
1.230e-01 1.263e+05
8.114e-02 1.917e+05
7.596e-02 2.011e+05
7.573e-02 2.081e+05
7.548e-02 2.051e+05
9.865e-02 1.584e+05
7.836e-02 2.011e+05
1.502e-01 1.089e+05
7.550e-02 2.071e+05
1.054e-01 1.467e+05
7.614e-02 2.065e+05
7.703e-02 2.019e+05
7.429e-02 2.108e+05
7.821e-02 1.992e+05
9.367e-02 1.663e+05
7.581e-02 2.043e+05
7.154e-02 2.202e+05
9.759e-02 1.535e+05
7.397e-02 2.153e+05
7.546e-02 2.082e+05
7.680e-02 2.031e+05
9.851e-02 1.529e+05
1.494e-01 1.072e+05
9.734e-02 1.637e+05
7.165e-02 2.200e+05
1.102e-01 1.435e+05
1.540e-01 9.879e+04
7.292e-02 2.177e+05
1.161e-01 1.398e+05
7.555e-02 2.038e+05
1.449e-01 1.086e+05
7.384e-02 2.113e+05
8.742e-02 1.687e+05
1.053e-01 1.392e+05
8.427e-02 1.823e+05
1.476e-01 1.068e+05
7.477e-02 2.078e+05
7.455e-02 2.113e+05
1.610e-01 1.059e+05
1.809e-01 9.722e+04
7.421e-02 2.126e+05
1.253e-01 1.246e+05
7.444e-02 2.128e+05
1.261e-01 1.226e+05
9.020e-02 1.694e+05
1.293e-01 1.230e+05
7.381e-02 2.123e+05
7.854e-02 2.006e+05
1.450e-01 1.107e+05
1.765e-01 9.362e+04
9.471e-02 1.621e+05
7.805e-02 1.996e+05
7.365e-02 2.122e+05
1.246e-01 1.283e+05
1.589e-01 1.035e+05
8.887e-02 1.670e+05
8.274e-02 1.801e+05
1.748e-01 1.012e+05
2.279e-01 8.250e+04
7.723e-02 2.029e+05
8.337e-02 1.843e+05
8.013e-02 1.935e+05
1.480e-01 1.181e+05
2.065e-01 7.839e+04
7.878e-02 1.988e+05
7.492e-02 2.106e+05
7.333e-02 2.144e+05
2.151e-01 8.341e+04
8.028e-02 1.910e+05
7.731e-02 1.990e+05
1.188e-01 1.355e+05
1.430e-01 1.167e+05
1.675e-01 1.002e+05
7.689e-02 2.055e+05
8.369e-02 1.849e+05
7.290e-02 2.151e+05
8.350e-02 1.849e+05
7.400e-02 2.151e+05
1.177e-01 1.317e+05
8.954e-02 1.717e+05
8.103e-02 1.933e+05
7.530e-02 2.087e+05
8.087e-02 1.890e+05
2.112e-01 8.166e+04
1.901e-01 9.335e+04
1.083e-01 1.425e+05
1.695e-01 1.001e+05
8.496e-02 1.764e+05
7.253e-02 2.148e+05
7.548e-02 2.066e+05
7.417e-02 2.123e+05
1.675e-01 9.856e+04
7.404e-02 2.111e+05
9.620e-02 1.599e+05
2.460e-01 7.335e+04
7.460e-02 2.108e+05
8.780e-02 1.743e+05
7.569e-02 2.075e+05
1.564e-01 1.092e+05
7.238e-02 2.201e+05
1.798e-01 9.882e+04
7.758e-02 2.006e+05
1.204e-01 1.300e+05
7.980e-02 1.980e+05
1.095e-01 1.398e+05
1.269e-01 1.272e+05
1.050e-01 1.416e+05
2.312e-01 8.189e+04
9.279e-02 1.657e+05
1.100e-01 1.362e+05
7.261e-02 2.193e+05
1.611e-01 9.626e+04
7.578e-02 2.051e+05
7.338e-02 2.116e+05
8.782e-02 1.741e+05
7.369e-02 2.138e+05
7.640e-02 2.076e+05
1.428e-01 1.203e+05
1.116e-01 1.315e+05
1.422e-01 1.190e+05
7.943e-02 1.961e+05
7.752e-02 2.044e+05
8.724e-02 1.744e+05
7.280e-02 2.153e+05
1.536e-01 1.017e+05
9.663e-02 1.596e+05
1.102e-01 1.423e+05
7.639e-02 2.040e+05
1.188e-01 1.397e+05
7.754e-02 1.997e+05
7.456e-02 2.095e+05
8.604e-02 1.753e+05
7.608e-02 2.055e+05
7.338e-02 2.135e+05
8.405e-02 1.841e+05
8.828e-02 1.783e+05
7.119e-02 2.223e+05
1.090e-01 1.394e+05
2.072e-01 8.443e+04
7.765e-02 2.006e+05
7.884e-02 1.982e+05
7.753e-02 2.002e+05
7.416e-02 2.078e+05
1.291e-01 1.274e+05
7.282e-02 2.153e+05
7.671e-02 2.045e+05
7.702e-02 2.035e+05
7.292e-02 2.145e+05
1.490e-01 1.148e+05
7.651e-02 1.993e+05
7.764e-02 2.010e+05
1.236e-01 1.261e+05
1.567e-01 1.057e+05
7.891e-02 2.005e+05
1.075e-01 1.445e+05
7.999e-02 1.899e+05
1.667e-01 1.020e+05
1.191e-01 1.353e+05
7.724e-02 2.003e+05
7.713e-02 2.009e+05
1.306e-01 1.283e+05
1.244e-01 1.256e+05
1.248e-01 1.276e+05
9.363e-02 1.614e+05
7.506e-02 2.092e+05
1.181e-01 1.251e+05
7.738e-02 2.025e+05
1.894e-01 9.051e+04
1.385e-01 1.197e+05
1.239e-01 1.320e+05
1.352e-01 1.262e+05
9.690e-02 1.585e+05
1.565e-01 1.028e+05
7.900e-02 1.967e+05
8.994e-02 1.673e+05
1.365e-01 1.178e+05
7.721e-02 1.999e+05
7.901e-02 1.947e+05
1.343e-01 1.177e+05
7.514e-02 2.084e+05
1.729e-01 9.640e+04
7.803e-02 1.988e+05
9.471e-02 1.655e+05
7.489e-02 2.119e+05
7.609e-02 2.044e+05
7.605e-02 2.078e+05
7.201e-02 2.177e+05
1.156e-01 1.350e+05
1.722e-01 1.010e+05
7.619e-02 2.056e+05
9.387e-02 1.634e+05
8.740e-02 1.798e+05
7.559e-02 2.075e+05
1.391e-01 1.168e+05
1.038e-01 1.451e+05
1.039e-01 1.495e+05
7.640e-02 2.037e+05
8.276e-02 1.870e+05
1.104e-01 1.387e+05
1.323e-01 1.221e+05
1.712e-01 9.715e+04
1.344e-01 1.178e+05
2.199e-01 8.047e+04
1.369e-01 1.197e+05
7.471e-02 2.099e+05
1.079e-01 1.485e+05
1.845e-01 9.504e+04
7.502e-02 2.113e+05
1.849e-01 9.482e+04
1.205e-01 1.285e+05
7.284e-02 2.148e+05
7.972e-02 1.949e+05
7.452e-02 2.122e+05
1.648e-01 1.087e+05
7.938e-02 1.955e+05
1.097e-01 1.399e+05
7.687e-02 2.003e+05
2.002e-01 9.062e+04
7.334e-02 2.137e+05
7.785e-02 1.996e+05
7.746e-02 2.003e+05
1.112e-01 1.346e+05
8.507e-02 1.840e+05
7.226e-02 2.177e+05
1.807e-01 9.467e+04
7.444e-02 2.092e+05
1.218e-01 1.291e+05
1.231e-01 1.245e+05
1.273e-01 1.274e+05
1.534e-01 1.112e+05
7.410e-02 2.111e+05
1.465e-01 1.092e+05
9.776e-02 1.535e+05
1.001e-01 1.522e+05
1.186e-01 1.360e+05
1.309e-01 1.199e+05
1.276e-01 1.162e+05
1.828e-01 9.478e+04
1.811e-01 8.744e+04
1.136e-01 1.394e+05
7.871e-02 1.965e+05
7.735e-02 2.013e+05
8.348e-02 1.875e+05
9.145e-02 1.623e+05
1.384e-01 1.151e+05
7.775e-02 2.009e+05
1.388e-01 1.146e+05
1.095e-01 1.424e+05
1.038e-01 1.508e+05
7.751e-02 1.989e+05
7.435e-02 2.111e+05
7.492e-02 2.075e+05
1.477e-01 1.155e+05
1.058e-01 1.445e+05
8.134e-02 1.899e+05
8.474e-02 1.774e+05
1.068e-01 1.455e+05
7.452e-02 2.086e+05
1.098e-01 1.424e+05
7.455e-02 2.072e+05
7.798e-02 2.009e+05
1.457e-01 1.120e+05
7.714e-02 1.975e+05
1.407e-01 1.071e+05
7.156e-02 2.195e+05
7.734e-02 1.991e+05
8.470e-02 1.809e+05
1.002e-01 1.550e+05
7.545e-02 2.086e+05
9.365e-02 1.579e+05
1.047e-01 1.481e+05
7.383e-02 2.117e+05
9.377e-02 1.593e+05
9.667e-02 1.624e+05
1.106e-01 1.408e+05
7.379e-02 2.131e+05
7.589e-02 2.038e+05
7.960e-02 1.984e+05
8.042e-02 1.903e+05
2.138e-01 9.121e+04
1.015e-01 1.525e+05
2.088e-01 7.850e+04
1.262e-01 1.212e+05
1.279e-01 1.232e+05
7.190e-02 2.188e+05
1.656e-01 1.028e+05
7.549e-02 2.075e+05
8.113e-02 1.881e+05
7.471e-02 2.101e+05
7.480e-02 2.109e+05
7.529e-02 2.076e+05
1.714e-01 9.928e+04
1.480e-01 1.166e+05
7.468e-02 2.107e+05
1.620e-01 1.011e+05
1.464e-01 1.085e+05
1.030e-01 1.485e+05
1.471e-01 1.123e+05
7.536e-02 2.077e+05
1.215e-01 1.276e+05
1.243e-01 1.321e+05
1.314e-01 1.196e+05
7.589e-02 2.053e+05
1.522e-01 1.158e+05
1.172e-01 1.307e+05
7.782e-02 2.023e+05
8.202e-02 1.882e+05
2.070e-01 7.715e+04
7.849e-02 1.962e+05
8.100e-02 1.919e+05
1.283e-01 1.314e+05
7.532e-02 2.078e+05
7.346e-02 2.124e+05
8.002e-02 1.917e+05
8.701e-02 1.782e+05
1.658e-01 9.847e+04
7.479e-02 2.064e+05
8.709e-02 1.764e+05
7.365e-02 2.119e+05
1.353e-01 1.193e+05
7.460e-02 2.104e+05
7.592e-02 2.026e+05
7.771e-02 2.013e+05
1.684e-01 9.434e+04
7.389e-02 2.102e+05
1.672e-01 9.555e+04
7.721e-02 2.021e+05
7.769e-02 2.038e+05
1.264e-01 1.257e+05
7.705e-02 2.035e+05
1.193e-01 1.239e+05
2.186e-01 8.582e+04
7.396e-02 2.140e+05
7.182e-02 2.200e+05
8.280e-02 1.822e+05
7.453e-02 2.124e+05
7.302e-02 2.173e+05
7.549e-02 2.073e+05
9.254e-02 1.639e+05
9.164e-02 1.665e+05
7.162e-02 2.207e+05
8.485e-02 1.805e+05
7.469e-02 2.112e+05
1.974e-01 8.579e+04
1.241e-01 1.277e+05
1.133e-01 1.367e+05
9.533e-02 1.588e+05
1.057e-01 1.424e+05
1.790e-01 9.007e+04
7.654e-02 2.062e+05
9.637e-02 1.561e+05
1.111e-01 1.377e+05
7.486e-02 2.092e+05
7.427e-02 2.118e+05
7.666e-02 2.051e+05
7.437e-02 2.125e+05
7.572e-02 2.082e+05
7.280e-02 2.142e+05
1.547e-01 1.028e+05
7.257e-02 2.165e+05
8.268e-02 1.837e+05
1.218e-01 1.307e+05
1.656e-01 9.334e+04
1.135e-01 1.362e+05
7.696e-02 2.038e+05
7.547e-02 2.086e+05
8.125e-02 1.886e+05
7.443e-02 2.103e+05
7.282e-02 2.147e+05
1.274e-01 1.230e+05
7.564e-02 2.052e+05
7.191e-02 2.213e+05
9.271e-02 1.664e+05
7.726e-02 2.018e+05
8.633e-02 1.778e+05
1.117e-01 1.439e+05
7.422e-02 2.138e+05
1.884e-01 9.057e+04
1.259e-01 1.199e+05
9.111e-02 1.728e+05
7.521e-02 2.096e+05
7.284e-02 2.163e+05
7.476e-02 2.091e+05
1.203e-01 1.354e+05
8.042e-02 1.923e+05
7.775e-02 2.026e+05
9.153e-02 1.705e+05
7.552e-02 2.070e+05
7.721e-02 2.029e+05
1.682e-01 9.813e+04
1.636e-01 1.036e+05
7.728e-02 1.996e+05
7.184e-02 2.183e+05
7.341e-02 2.127e+05
7.594e-02 2.066e+05
8.009e-02 1.934e+05
8.597e-02 1.811e+05
1.130e-01 1.399e+05
1.421e-01 1.150e+05
1.107e-01 1.469e+05
9.602e-02 1.637e+05
7.206e-02 2.207e+05
7.522e-02 2.087e+05
1.631e-01 1.038e+05
7.587e-02 2.071e+05
1.931e-01 9.069e+04
7.482e-02 2.060e+05
1.889e-01 9.563e+04
7.405e-02 2.146e+05
8.508e-02 1.743e+05
2.638e-01 7.899e+04
7.495e-02 2.056e+05
9.929e-02 1.475e+05
8.843e-02 1.677e+05
8.242e-02 1.807e+05
1.116e-01 1.313e+05
7.645e-02 2.053e+05
1.608e-01 9.595e+04
7.580e-02 2.092e+05
7.189e-02 2.184e+05
2.327e-01 8.169e+04
1.560e-01 9.939e+04
1.661e-01 1.033e+05
7.297e-02 2.155e+05
1.086e-01 1.440e+05
1.370e-01 1.226e+05
1.223e-01 1.330e+05
8.189e-02 1.868e+05
7.859e-02 1.973e+05
7.829e-02 2.008e+05
1.270e-01 1.259e+05
7.579e-02 2.048e+05
8.005e-02 1.941e+05
7.697e-02 2.024e+05
7.392e-02 2.128e+05
7.347e-02 2.120e+05
1.464e-01 1.036e+05
2.436e-01 7.822e+04
9.659e-02 1.653e+05
1.016e-01 1.557e+05
2.126e-01 8.277e+04
1.655e-01 1.042e+05
8.073e-02 1.920e+05
7.548e-02 2.073e+05
8.861e-02 1.710e+05
7.158e-02 2.218e+05
8.503e-02 1.843e+05
1.228e-01 1.257e+05
7.278e-02 2.178e+05
1.104e-01 1.394e+05
7.607e-02 2.065e+05
8.277e-02 1.870e+05
8.638e-02 1.749e+05
7.548e-02 2.085e+05
1.577e-01 1.025e+05
1.116e-01 1.393e+05
7.283e-02 2.155e+05
1.280e-01 1.281e+05
7.261e-02 2.183e+05
7.925e-02 1.929e+05
1.404e-01 1.116e+05
1.409e-01 1.137e+05
1.540e-01 1.078e+05
7.907e-02 1.999e+05
1.694e-01 9.671e+04
1.039e-01 1.510e+05
7.271e-02 2.147e+05
7.310e-02 2.160e+05
1.682e-01 9.946e+04
1.247e-01 1.272e+05
7.647e-02 2.039e+05
1.016e-01 1.527e+05
9.098e-02 1.675e+05
1.235e-01 1.288e+05
8.373e-02 1.842e+05
1.861e-01 9.299e+04
1.235e-01 1.304e+05
7.578e-02 2.039e+05
7.601e-02 2.053e+05
1.736e-01 1.004e+05
7.590e-02 2.053e+05
8.458e-02 1.823e+05
7.244e-02 2.185e+05
7.617e-02 2.056e+05
7.572e-02 2.097e+05
1.158e-01 1.413e+05
2.269e-01 8.374e+04
7.621e-02 2.053e+05
7.445e-02 2.121e+05
1.562e-01 1.005e+05
7.496e-02 2.088e+05
7.117e-02 2.226e+05
9.373e-02 1.650e+05
1.480e-01 1.093e+05
1.377e-01 1.119e+05
2.372e-01 8.233e+04
9.222e-02 1.663e+05
7.798e-02 2.004e+05
1.017e-01 1.506e+05
8.109e-02 1.877e+05
8.398e-02 1.886e+05
8.675e-02 1.766e+05
8.043e-02 1.918e+05
1.527e-01 1.018e+05
7.799e-02 2.002e+05
1.046e-01 1.455e+05
1.074e-01 1.458e+05
9.707e-02 1.616e+05
1.464e-01 1.102e+05
1.260e-01 1.299e+05
1.676e-01 1.004e+05
7.705e-02 2.014e+05
1.235e-01 1.218e+05
7.735e-02 2.005e+05
7.500e-02 2.100e+05
7.454e-02 2.098e+05
8.842e-02 1.747e+05
1.028e-01 1.493e+05
7.627e-02 2.052e+05
1.082e-01 1.367e+05
1.329e-01 1.235e+05
7.476e-02 2.093e+05
7.486e-02 2.066e+05
1.339e-01 1.167e+05
1.141e-01 1.288e+05
7.478e-02 2.092e+05
7.152e-02 2.221e+05
1.350e-01 1.202e+05
7.874e-02 1.994e+05
7.541e-02 2.073e+05
7.623e-02 2.063e+05
7.393e-02 2.135e+05
7.753e-02 2.015e+05
1.169e-01 1.320e+05
1.023e-01 1.560e+05
1.366e-01 1.138e+05
7.572e-02 2.081e+05
7.460e-02 2.094e+05
1.011e-01 1.570e+05
1.851e-01 9.278e+04
1.425e-01 1.114e+05
7.656e-02 2.030e+05
7.465e-02 2.106e+05
7.934e-02 1.958e+05
7.504e-02 2.080e+05
7.964e-02 1.935e+05
1.521e-01 1.095e+05
7.729e-02 2.011e+05
8.416e-02 1.844e+05
9.430e-02 1.688e+05
1.822e-01 9.517e+04
1.835e-01 9.582e+04
7.460e-02 2.116e+05
7.794e-02 2.006e+05
1.610e-01 1.056e+05
1.668e-01 1.053e+05
7.169e-02 2.209e+05
7.738e-02 2.010e+05
1.393e-01 1.174e+05
2.164e-01 8.244e+04
7.843e-02 1.995e+05
8.163e-02 1.878e+05
7.354e-02 2.148e+05
1.239e-01 1.333e+05
7.702e-02 2.005e+05
7.582e-02 2.052e+05
8.638e-02 1.814e+05
7.604e-02 2.078e+05
1.543e-01 1.074e+05
1.272e-01 1.239e+05
7.430e-02 2.092e+05
1.706e-01 1.033e+05
7.644e-02 2.039e+05
2.088e-01 8.151e+04
7.182e-02 2.191e+05
7.285e-02 2.171e+05
7.218e-02 2.170e+05
7.310e-02 2.159e+05
8.502e-02 1.832e+05
1.007e-01 1.449e+05
7.903e-02 1.974e+05
1.399e-01 1.156e+05
1.038e-01 1.482e+05
8.867e-02 1.722e+05
7.130e-02 2.227e+05
2.051e-01 8.852e+04
7.605e-02 2.057e+05
9.272e-02 1.698e+05
1.771e-01 9.615e+04
7.411e-02 2.131e+05
8.838e-02 1.768e+05
7.630e-02 2.068e+05
9.109e-02 1.700e+05
7.325e-02 2.161e+05
7.519e-02 2.106e+05
1.035e-01 1.502e+05
7.732e-02 2.040e+05
7.503e-02 2.093e+05
1.578e-01 1.006e+05
7.559e-02 2.083e+05
8.072e-02 1.896e+05
7.328e-02 2.142e+05
8.561e-02 1.814e+05
1.304e-01 1.181e+05
1.457e-01 1.069e+05
1.103e-01 1.405e+05
1.272e-01 1.169e+05
1.341e-01 1.203e+05
8.052e-02 1.943e+05
2.599e-01 7.665e+04
7.447e-02 2.112e+05
8.086e-02 1.947e+05
7.254e-02 2.152e+05
1.744e-01 9.702e+04
1.483e-01 1.098e+05
1.020e-01 1.499e+05
1.516e-01 1.153e+05
8.324e-02 1.848e+05
1.742e-01 9.027e+04
1.367e-01 1.205e+05
1.756e-01 9.250e+04
1.413e-01 1.155e+05
8.805e-02 1.780e+05
1.804e-01 1.009e+05
7.620e-02 2.055e+05
7.773e-02 2.043e+05
7.661e-02 2.058e+05
8.251e-02 1.812e+05
1.065e-01 1.498e+05
7.514e-02 2.059e+05
1.107e-01 1.433e+05
1.438e-01 1.077e+05
7.642e-02 2.029e+05
8.117e-02 1.857e+05
7.468e-02 2.119e+05
7.444e-02 2.113e+05
1.234e-01 1.219e+05
7.919e-02 1.981e+05
2.121e-01 8.000e+04
1.008e-01 1.533e+05
1.760e-01 9.401e+04
7.426e-02 2.140e+05
7.287e-02 2.150e+05
1.109e-01 1.418e+05
7.542e-02 2.078e+05
7.736e-02 2.015e+05
1.376e-01 1.164e+05
7.293e-02 2.133e+05
7.592e-02 2.061e+05
1.032e-01 1.500e+05
7.330e-02 2.128e+05
2.100e-01 8.364e+04
1.122e-01 1.398e+05
7.824e-02 1.994e+05
1.275e-01 1.143e+05
7.269e-02 2.146e+05
7.473e-02 2.094e+05
1.302e-01 1.180e+05
8.013e-02 1.952e+05
9.543e-02 1.634e+05
7.571e-02 2.057e+05
7.511e-02 2.099e+05
1.998e-01 8.609e+04
7.315e-02 2.159e+05
7.329e-02 2.146e+05
7.110e-02 2.228e+05
1.214e-01 1.293e+05
1.690e-01 9.492e+04
2.468e-01 8.011e+04
7.159e-02 2.193e+05
9.684e-02 1.529e+05
1.826e-01 9.925e+04
8.683e-02 1.798e+05
7.396e-02 2.122e+05
7.800e-02 1.982e+05
7.127e-02 2.215e+05
1.812e-01 9.138e+04
7.381e-02 2.142e+05
7.610e-02 2.081e+05
7.369e-02 2.133e+05
7.561e-02 2.069e+05
7.360e-02 2.155e+05
1.566e-01 1.080e+05
1.518e-01 1.116e+05
8.562e-02 1.781e+05
9.537e-02 1.608e+05
1.170e-01 1.383e+05
1.046e-01 1.517e+05
7.774e-02 2.001e+05
1.276e-01 1.263e+05
8.138e-02 1.946e+05
7.428e-02 2.087e+05
1.206e-01 1.225e+05
7.537e-02 2.069e+05
1.409e-01 1.144e+05
1.149e-01 1.381e+05
7.259e-02 2.158e+05
7.221e-02 2.164e+05
8.512e-02 1.833e+05
7.744e-02 2.047e+05
7.817e-02 2.002e+05
7.452e-02 2.069e+05
1.289e-01 1.242e+05
1.373e-01 1.185e+05
1.124e-01 1.359e+05
1.579e-01 1.023e+05
8.021e-02 1.933e+05
1.073e-01 1.356e+05
1.957e-01 8.693e+04
7.897e-02 1.968e+05
9.592e-02 1.613e+05
8.753e-02 1.740e+05
7.690e-02 2.029e+05
7.516e-02 2.113e+05
9.370e-02 1.679e+05
7.587e-02 2.019e+05
7.534e-02 2.059e+05
2.003e-01 8.780e+04
7.342e-02 2.137e+05
8.056e-02 1.931e+05
1.292e-01 1.298e+05
7.359e-02 2.139e+05
1.410e-01 1.138e+05
8.507e-02 1.810e+05
8.428e-02 1.782e+05
7.355e-02 2.160e+05
7.431e-02 2.123e+05
7.571e-02 2.067e+05
7.475e-02 2.094e+05
7.717e-02 2.018e+05
7.506e-02 2.107e+05
7.204e-02 2.174e+05
1.737e-01 1.010e+05
1.184e-01 1.383e+05
7.974e-02 1.947e+05
8.794e-02 1.756e+05
1.963e-01 9.142e+04
2.275e-01 8.142e+04
1.007e-01 1.515e+05
7.307e-02 2.134e+05
1.998e-01 9.126e+04
7.972e-02 1.958e+05
8.269e-02 1.875e+05
7.545e-02 2.083e+05
7.841e-02 1.976e+05
8.724e-02 1.775e+05
7.790e-02 1.966e+05
1.423e-01 1.181e+05
8.392e-02 1.886e+05
2.671e-01 7.493e+04
7.349e-02 2.151e+05
8.107e-02 1.856e+05
9.969e-02 1.566e+05
1.234e-01 1.286e+05
7.521e-02 2.064e+05
1.077e-01 1.404e+05
1.888e-01 9.797e+04
1.485e-01 1.097e+05
9.549e-02 1.575e+05
7.415e-02 2.081e+05
7.985e-02 1.935e+05
7.890e-02 1.967e+05
1.878e-01 9.715e+04
1.287e-01 1.137e+05
7.233e-02 2.156e+05
7.764e-02 2.021e+05
7.362e-02 2.132e+05
1.185e-01 1.384e+05
7.234e-02 2.156e+05
1.938e-01 9.261e+04
9.352e-02 1.642e+05
7.677e-02 2.069e+05
1.933e-01 8.402e+04
1.439e-01 1.163e+05
1.851e-01 9.004e+04
7.723e-02 2.020e+05
7.655e-02 2.037e+05
1.805e-01 9.072e+04
8.976e-02 1.761e+05
7.371e-02 2.108e+05
1.093e-01 1.414e+05
9.082e-02 1.732e+05
1.480e-01 1.119e+05
1.207e-01 1.334e+05
2.017e-01 8.843e+04
1.132e-01 1.333e+05
9.215e-02 1.680e+05
7.380e-02 2.153e+05
7.581e-02 2.079e+05
1.027e-01 1.519e+05
7.387e-02 2.153e+05
2.262e-01 7.935e+04
1.607e-01 1.086e+05
7.712e-02 2.027e+05
9.381e-02 1.602e+05
8.917e-02 1.708e+05
7.454e-02 2.104e+05
1.087e-01 1.355e+05
1.843e-01 8.511e+04
7.335e-02 2.172e+05
8.496e-02 1.800e+05
1.344e-01 1.111e+05
1.837e-01 9.284e+04
1.263e-01 1.246e+05
1.283e-01 1.304e+05
1.592e-01 1.094e+05
1.347e-01 1.154e+05
8.380e-02 1.844e+05
7.724e-02 2.045e+05
7.873e-02 1.964e+05
7.364e-02 2.132e+05
9.856e-02 1.512e+05
1.660e-01 1.030e+05
1.888e-01 8.720e+04
7.146e-02 2.202e+05
7.499e-02 2.076e+05
1.035e-01 1.531e+05
7.239e-02 2.154e+05
1.529e-01 1.116e+05
1.419e-01 1.100e+05
1.149e-01 1.416e+05
9.649e-02 1.570e+05
1.206e-01 1.300e+05
8.060e-02 1.923e+05
7.212e-02 2.184e+05
1.548e-01 1.053e+05
1.308e-01 1.280e+05
8.117e-02 1.886e+05
7.900e-02 1.984e+05
7.452e-02 2.137e+05
2.053e-01 8.457e+04
7.745e-02 2.018e+05
7.938e-02 1.971e+05
7.670e-02 2.063e+05
1.524e-01 1.033e+05
7.817e-02 1.980e+05
7.771e-02 2.026e+05
1.079e-01 1.399e+05
1.398e-01 1.204e+05
8.011e-02 1.966e+05
1.168e-01 1.310e+05
7.751e-02 2.024e+05
7.419e-02 2.121e+05
7.643e-02 2.073e+05
1.223e-01 1.329e+05
7.687e-02 2.033e+05
1.416e-01 1.073e+05
1.122e-01 1.401e+05
1.098e-01 1.415e+05
1.491e-01 1.160e+05
8.130e-02 1.860e+05
1.644e-01 9.947e+04
1.176e-01 1.332e+05
7.509e-02 2.091e+05
2.188e-01 7.773e+04
8.417e-02 1.765e+05
7.647e-02 2.037e+05
1.371e-01 1.165e+05
7.480e-02 2.082e+05
7.256e-02 2.184e+05
9.026e-02 1.694e+05
7.754e-02 2.007e+05
7.276e-02 2.175e+05
2.003e-01 9.128e+04
7.707e-02 1.986e+05
7.658e-02 2.024e+05
1.499e-01 1.099e+05
7.937e-02 1.941e+05
1.242e-01 1.271e+05
1.599e-01 1.076e+05
8.234e-02 1.833e+05
7.459e-02 2.126e+05
7.779e-02 1.990e+05
7.588e-02 2.055e+05
1.486e-01 1.022e+05
1.914e-01 8.549e+04
1.078e-01 1.370e+05
1.036e-01 1.450e+05
1.866e-01 9.124e+04
1.209e-01 1.320e+05
2.111e-01 8.604e+04
1.147e-01 1.341e+05
7.406e-02 2.122e+05
2.240e-01 8.268e+04
1.335e-01 1.276e+05
8.081e-02 1.940e+05
9.680e-02 1.601e+05
7.762e-02 2.025e+05
9.330e-02 1.624e+05
7.353e-02 2.119e+05
1.058e-01 1.462e+05
1.660e-01 9.165e+04
8.315e-02 1.904e+05
1.416e-01 1.173e+05
7.700e-02 2.054e+05
1.024e-01 1.468e+05
1.915e-01 9.108e+04
7.560e-02 2.055e+05
7.827e-02 2.001e+05
7.202e-02 2.200e+05
7.479e-02 2.096e+05
1.340e-01 1.177e+05
9.591e-02 1.656e+05
9.888e-02 1.570e+05
7.848e-02 1.984e+05
7.458e-02 2.095e+05
7.533e-02 2.093e+05
7.269e-02 2.169e+05
7.518e-02 2.083e+05
1.434e-01 1.143e+05
1.546e-01 1.037e+05
1.829e-01 9.718e+04
7.660e-02 2.031e+05
7.513e-02 2.108e+05
1.453e-01 1.085e+05
8.612e-02 1.744e+05
1.051e-01 1.479e+05
7.461e-02 2.108e+05
7.390e-02 2.143e+05
1.513e-01 1.088e+05
7.623e-02 2.057e+05
7.639e-02 2.036e+05
1.956e-01 9.387e+04
8.685e-02 1.774e+05
8.872e-02 1.751e+05
1.536e-01 1.080e+05
7.971e-02 1.951e+05
1.067e-01 1.450e+05
2.160e-01 8.118e+04
1.109e-01 1.436e+05
7.588e-02 2.046e+05
1.527e-01 1.035e+05
7.603e-02 2.054e+05
1.660e-01 9.921e+04
1.282e-01 1.205e+05
1.228e-01 1.192e+05
9.442e-02 1.669e+05
8.529e-02 1.747e+05
1.397e-01 1.169e+05
7.441e-02 2.129e+05
7.422e-02 2.112e+05
7.598e-02 2.042e+05
7.763e-02 2.023e+05
7.407e-02 2.137e+05
2.342e-01 8.188e+04
8.035e-02 1.907e+05
1.577e-01 1.074e+05
7.660e-02 2.035e+05
7.318e-02 2.158e+05
2.170e-01 8.111e+04
1.720e-01 9.991e+04
7.385e-02 2.154e+05
7.493e-02 2.097e+05
8.049e-02 1.931e+05
9.435e-02 1.593e+05
1.939e-01 8.419e+04
7.565e-02 2.075e+05
1.508e-01 1.030e+05
8.121e-02 1.911e+05
7.642e-02 2.057e+05
7.197e-02 2.209e+05
1.884e-01 9.401e+04
9.021e-02 1.731e+05
1.805e-01 9.895e+04
1.433e-01 1.136e+05
8.006e-02 1.917e+05
7.474e-02 2.079e+05
1.087e-01 1.407e+05
1.076e-01 1.471e+05
7.556e-02 2.087e+05
1.048e-01 1.484e+05
7.344e-02 2.156e+05
1.172e-01 1.302e+05
7.648e-02 2.031e+05
1.418e-01 1.184e+05
1.605e-01 9.796e+04
7.294e-02 2.149e+05
1.445e-01 1.125e+05
7.687e-02 2.042e+05
7.546e-02 2.104e+05
1.004e-01 1.479e+05
1.941e-01 9.169e+04
7.746e-02 2.006e+05
7.579e-02 2.084e+05
7.473e-02 2.098e+05
7.288e-02 2.142e+05
8.323e-02 1.844e+05
1.152e-01 1.415e+05
7.747e-02 2.010e+05
7.665e-02 2.031e+05
1.294e-01 1.275e+05
1.445e-01 1.107e+05
1.495e-01 1.169e+05
9.758e-02 1.576e+05
7.598e-02 2.090e+05
1.019e-01 1.494e+05
7.612e-02 2.053e+05
2.329e-01 8.025e+04
7.477e-02 2.094e+05
2.374e-01 7.563e+04
1.386e-01 1.232e+05
7.499e-02 2.087e+05
2.245e-01 7.980e+04
7.534e-02 2.081e+05
1.109e-01 1.429e+05
1.305e-01 1.251e+05
9.389e-02 1.662e+05
1.288e-01 1.294e+05
9.478e-02 1.639e+05
1.764e-01 9.399e+04
1.816e-01 9.317e+04
1.053e-01 1.477e+05
1.092e-01 1.459e+05
8.223e-02 1.875e+05
7.632e-02 2.028e+05
1.001e-01 1.551e+05
1.728e-01 9.686e+04
8.105e-02 1.902e+05
7.496e-02 2.075e+05
1.615e-01 1.012e+05
1.821e-01 8.622e+04
7.904e-02 1.956e+05
7.427e-02 2.118e+05
9.557e-02 1.532e+05
1.390e-01 1.187e+05
1.172e-01 1.344e+05
1.161e-01 1.358e+05
1.660e-01 9.484e+04
7.154e-02 2.217e+05
9.087e-02 1.700e+05
7.528e-02 2.082e+05
7.582e-02 2.053e+05
9.698e-02 1.638e+05
7.294e-02 2.158e+05
1.292e-01 1.218e+05
7.631e-02 2.068e+05
1.084e-01 1.427e+05
7.501e-02 2.093e+05
1.080e-01 1.425e+05
8.160e-02 1.930e+05
7.428e-02 2.103e+05
1.753e-01 9.608e+04
7.221e-02 2.175e+05
7.770e-02 1.952e+05
7.282e-02 2.138e+05
8.751e-02 1.794e+05
8.325e-02 1.862e+05
1.279e-01 1.305e+05
9.399e-02 1.648e+05
7.660e-02 2.037e+05
7.314e-02 2.147e+05
7.344e-02 2.162e+05
1.201e-01 1.290e+05
1.344e-01 1.115e+05
1.236e-01 1.279e+05
9.415e-02 1.679e+05
9.400e-02 1.555e+05
7.761e-02 2.015e+05
8.193e-02 1.875e+05
7.925e-02 1.931e+05
7.546e-02 2.063e+05
7.283e-02 2.164e+05
7.430e-02 2.069e+05
9.249e-02 1.678e+05
7.864e-02 1.977e+05
1.187e-01 1.353e+05
7.929e-02 1.975e+05
7.549e-02 2.094e+05
7.506e-02 2.096e+05
7.502e-02 2.099e+05
8.853e-02 1.726e+05
1.802e-01 9.850e+04
1.126e-01 1.338e+05
7.728e-02 2.003e+05
9.207e-02 1.702e+05
8.007e-02 1.926e+05
9.017e-02 1.628e+05
7.849e-02 1.985e+05
7.500e-02 2.109e+05
1.222e-01 1.356e+05
9.619e-02 1.554e+05
1.914e-01 9.235e+04
1.130e-01 1.335e+05
8.022e-02 1.941e+05
7.869e-02 1.974e+05
1.119e-01 1.358e+05
7.337e-02 2.158e+05
1.231e-01 1.310e+05
1.970e-01 8.831e+04
7.719e-02 2.011e+05
9.239e-02 1.652e+05
8.562e-02 1.788e+05
1.998e-01 8.422e+04
7.549e-02 2.104e+05
8.756e-02 1.773e+05
7.462e-02 2.081e+05
7.965e-02 1.947e+05
7.755e-02 1.993e+05
1.912e-01 9.249e+04
7.196e-02 2.185e+05
1.276e-01 1.254e+05
7.268e-02 2.182e+05
8.396e-02 1.844e+05
7.241e-02 2.191e+05
1.036e-01 1.466e+05
7.250e-02 2.195e+05
1.590e-01 1.037e+05
1.014e-01 1.501e+05
7.760e-02 1.989e+05
7.385e-02 2.149e+05
2.119e-01 7.862e+04
7.412e-02 2.107e+05
1.907e-01 9.700e+04
7.769e-02 1.992e+05
7.322e-02 2.170e+05
9.315e-02 1.633e+05
1.217e-01 1.228e+05
7.449e-02 2.109e+05
8.129e-02 1.927e+05
7.712e-02 2.017e+05
7.692e-02 2.031e+05
7.559e-02 2.067e+05
1.793e-01 9.356e+04
1.098e-01 1.420e+05
2.019e-01 8.622e+04
7.898e-02 1.926e+05
1.296e-01 1.256e+05
1.541e-01 1.098e+05
7.531e-02 2.081e+05
8.504e-02 1.786e+05
1.137e-01 1.343e+05
1.201e-01 1.276e+05
7.472e-02 2.070e+05
1.369e-01 1.132e+05
9.861e-02 1.491e+05
1.049e-01 1.469e+05
7.232e-02 2.182e+05
1.811e-01 9.539e+04
8.034e-02 1.921e+05
7.504e-02 2.102e+05
7.698e-02 2.022e+05
8.479e-02 1.820e+05
1.066e-01 1.458e+05
1.309e-01 1.246e+05
7.881e-02 1.990e+05
7.472e-02 2.081e+05
1.888e-01 9.274e+04
9.005e-02 1.698e+05
1.635e-01 9.935e+04
7.475e-02 2.101e+05
7.721e-02 2.034e+05
1.732e-01 9.804e+04
7.166e-02 2.212e+05
1.215e-01 1.279e+05
7.796e-02 2.018e+05
1.844e-01 8.723e+04
7.751e-02 2.010e+05
1.166e-01 1.347e+05
1.958e-01 8.486e+04
7.966e-02 1.950e+05
7.479e-02 2.106e+05
8.633e-02 1.779e+05
8.859e-02 1.755e+05
1.445e-01 1.090e+05
1.597e-01 1.074e+05
1.479e-01 1.126e+05
1.489e-01 1.119e+05
7.489e-02 2.098e+05
7.342e-02 2.114e+05
7.274e-02 2.156e+05
1.927e-01 8.340e+04
2.394e-01 8.264e+04
2.085e-01 8.775e+04
7.695e-02 2.024e+05
7.493e-02 2.093e+05
7.339e-02 2.128e+05
1.442e-01 1.154e+05
7.600e-02 2.050e+05
1.013e-01 1.586e+05
1.182e-01 1.314e+05
7.794e-02 2.014e+05
8.622e-02 1.746e+05
7.369e-02 2.121e+05
2.212e-01 7.785e+04
1.621e-01 9.703e+04
8.881e-02 1.749e+05
7.638e-02 2.061e+05
7.746e-02 2.025e+05
1.204e-01 1.246e+05
1.286e-01 1.221e+05
7.426e-02 2.117e+05
1.328e-01 1.185e+05
7.530e-02 2.085e+05
7.315e-02 2.146e+05
7.547e-02 2.079e+05
9.023e-02 1.704e+05
2.175e-01 8.565e+04
7.218e-02 2.199e+05
1.581e-01 1.030e+05
1.091e-01 1.443e+05
7.793e-02 1.983e+05
8.548e-02 1.793e+05
9.636e-02 1.547e+05
9.273e-02 1.683e+05
7.307e-02 2.161e+05
7.538e-02 2.074e+05
2.123e-01 8.365e+04
2.085e-01 8.201e+04
1.246e-01 1.299e+05
8.025e-02 1.922e+05
7.329e-02 2.151e+05
1.151e-01 1.296e+05
7.903e-02 1.972e+05
9.499e-02 1.635e+05
1.339e-01 1.174e+05
1.312e-01 1.168e+05
7.203e-02 2.179e+05
7.248e-02 2.165e+05
1.218e-01 1.306e+05
9.762e-02 1.622e+05
8.083e-02 1.953e+05
2.510e-01 7.457e+04
7.330e-02 2.153e+05
7.957e-02 1.929e+05
8.957e-02 1.686e+05
7.792e-02 2.001e+05
7.420e-02 2.111e+05
7.780e-02 2.031e+05
7.406e-02 2.091e+05
1.060e-01 1.428e+05
7.458e-02 2.096e+05
7.342e-02 2.126e+05
7.429e-02 2.130e+05
1.411e-01 1.107e+05
1.449e-01 1.165e+05
1.418e-01 1.152e+05
8.271e-02 1.869e+05
1.018e-01 1.441e+05
7.850e-02 2.004e+05
7.356e-02 2.113e+05
7.878e-02 1.984e+05
1.041e-01 1.412e+05
9.958e-02 1.489e+05
7.671e-02 2.031e+05
9.958e-02 1.565e+05
7.527e-02 2.090e+05
7.346e-02 2.116e+05
7.692e-02 2.044e+05
7.216e-02 2.207e+05
8.962e-02 1.646e+05
7.444e-02 2.105e+05
7.744e-02 1.995e+05
7.866e-02 1.976e+05
7.351e-02 2.121e+05
2.020e-01 8.041e+04
7.632e-02 2.034e+05
8.220e-02 1.877e+05
8.171e-02 1.886e+05
7.663e-02 1.992e+05
8.126e-02 1.906e+05
1.248e-01 1.278e+05
9.458e-02 1.607e+05
1.634e-01 1.077e+05
1.560e-01 1.104e+05
9.312e-02 1.618e+05
7.674e-02 2.040e+05
1.873e-01 8.988e+04
7.318e-02 2.154e+05
1.092e-01 1.423e+05
7.292e-02 2.159e+05
7.439e-02 2.121e+05
1.795e-01 9.273e+04
1.169e-01 1.267e+05
1.428e-01 1.192e+05
1.189e-01 1.347e+05
7.431e-02 2.132e+05
1.103e-01 1.358e+05
7.842e-02 1.979e+05
8.196e-02 1.866e+05
1.221e-01 1.277e+05
7.693e-02 2.009e+05
1.710e-01 1.007e+05
1.313e-01 1.137e+05
8.172e-02 1.897e+05
7.396e-02 2.139e+05
8.529e-02 1.838e+05
7.332e-02 2.120e+05
1.760e-01 9.760e+04
8.281e-02 1.830e+05
7.385e-02 2.109e+05
1.158e-01 1.257e+05
7.427e-02 2.138e+05
1.172e-01 1.335e+05
7.433e-02 2.139e+05
1.137e-01 1.409e+05
7.371e-02 2.154e+05
7.428e-02 2.135e+05
7.896e-02 1.981e+05
1.932e-01 8.908e+04
1.735e-01 9.983e+04
7.620e-02 2.060e+05
1.092e-01 1.352e+05
7.369e-02 2.120e+05
7.446e-02 2.110e+05
1.682e-01 9.874e+04
7.518e-02 2.085e+05
1.968e-01 8.828e+04
1.179e-01 1.259e+05
8.315e-02 1.881e+05
1.709e-01 1.049e+05
7.787e-02 2.003e+05
1.118e-01 1.393e+05
7.561e-02 2.070e+05
1.880e-01 9.178e+04
7.143e-02 2.202e+05
7.739e-02 1.967e+05
7.233e-02 2.175e+05
7.233e-02 2.195e+05
7.664e-02 2.067e+05
1.147e-01 1.320e+05
7.445e-02 2.116e+05
1.520e-01 1.154e+05
7.582e-02 2.034e+05
9.125e-02 1.714e+05
8.131e-02 1.912e+05
1.271e-01 1.258e+05
7.529e-02 2.061e+05
7.526e-02 2.094e+05
7.459e-02 2.085e+05
7.288e-02 2.170e+05
7.547e-02 2.104e+05
9.023e-02 1.715e+05
1.627e-01 1.044e+05
7.417e-02 2.099e+05
1.665e-01 9.837e+04
1.035e-01 1.549e+05
1.991e-01 9.115e+04
7.403e-02 2.129e+05
8.181e-02 1.920e+05
8.135e-02 1.915e+05
7.269e-02 2.164e+05
7.747e-02 1.999e+05
1.276e-01 1.253e+05
7.935e-02 1.953e+05
7.125e-02 2.227e+05
7.533e-02 2.082e+05
7.738e-02 2.004e+05
9.851e-02 1.604e+05
7.428e-02 2.101e+05
7.778e-02 1.970e+05
1.688e-01 9.902e+04
7.607e-02 2.032e+05
7.638e-02 2.031e+05
8.162e-02 1.865e+05
7.464e-02 2.086e+05
9.558e-02 1.613e+05
1.267e-01 1.275e+05
8.910e-02 1.668e+05
7.557e-02 2.087e+05
1.710e-01 1.012e+05
7.638e-02 2.054e+05
7.341e-02 2.166e+05
1.340e-01 1.198e+05
7.898e-02 1.996e+05
2.061e-01 8.597e+04
7.614e-02 2.049e+05
7.439e-02 2.133e+05
1.205e-01 1.227e+05
7.525e-02 2.079e+05
7.346e-02 2.157e+05
8.035e-02 1.928e+05
7.346e-02 2.166e+05
7.921e-02 1.954e+05
7.682e-02 2.014e+05
1.499e-01 1.088e+05
1.013e-01 1.580e+05
7.594e-02 2.070e+05
9.105e-02 1.635e+05
2.401e-01 7.898e+04
7.327e-02 2.131e+05
8.274e-02 1.902e+05
7.514e-02 2.077e+05
7.368e-02 2.120e+05
1.239e-01 1.250e+05
7.554e-02 2.099e+05
7.414e-02 2.098e+05
7.967e-02 1.962e+05
7.936e-02 1.963e+05
7.548e-02 2.083e+05
1.933e-01 9.033e+04
1.381e-01 1.115e+05
2.021e-01 8.389e+04
7.445e-02 2.109e+05
1.611e-01 1.071e+05
8.030e-02 1.891e+05
1.784e-01 1.007e+05
1.705e-01 1.018e+05
1.720e-01 9.645e+04
1.139e-01 1.349e+05
8.066e-02 1.908e+05
1.686e-01 9.254e+04
7.876e-02 1.970e+05
7.811e-02 1.996e+05
7.400e-02 2.117e+05
7.803e-02 1.982e+05
7.324e-02 2.144e+05
1.069e-01 1.454e+05
7.548e-02 2.070e+05
8.729e-02 1.776e+05
7.424e-02 2.085e+05
7.926e-02 1.989e+05
7.488e-02 2.111e+05
1.287e-01 1.304e+05
7.549e-02 2.056e+05
1.009e-01 1.525e+05
9.422e-02 1.575e+05
1.520e-01 1.042e+05
7.282e-02 2.157e+05
1.638e-01 9.784e+04
7.978e-02 1.975e+05
7.404e-02 2.086e+05
9.691e-02 1.558e+05
9.385e-02 1.653e+05
7.418e-02 2.113e+05
7.681e-02 2.020e+05
7.290e-02 2.172e+05
7.627e-02 2.017e+05
7.739e-02 1.995e+05
1.107e-01 1.323e+05
7.159e-02 2.197e+05
7.494e-02 2.093e+05
7.218e-02 2.200e+05
7.871e-02 1.981e+05
8.149e-02 1.924e+05
7.948e-02 1.946e+05
7.682e-02 2.022e+05
1.633e-01 9.885e+04
7.789e-02 1.966e+05
8.368e-02 1.859e+05
7.728e-02 2.022e+05
1.087e-01 1.406e+05
8.591e-02 1.789e+05
1.183e-01 1.252e+05
7.599e-02 2.061e+05
1.113e-01 1.386e+05
1.131e-01 1.337e+05
9.620e-02 1.654e+05
1.463e-01 1.118e+05
7.644e-02 2.066e+05
8.724e-02 1.745e+05
7.277e-02 2.188e+05
7.518e-02 2.104e+05
1.042e-01 1.433e+05
1.231e-01 1.260e+05
7.234e-02 2.163e+05
1.583e-01 1.004e+05
7.879e-02 1.949e+05
1.184e-01 1.256e+05
7.253e-02 2.185e+05
9.543e-02 1.668e+05
7.766e-02 1.992e+05
7.652e-02 2.063e+05
2.137e-01 8.391e+04
7.662e-02 2.038e+05
1.948e-01 9.328e+04
7.520e-02 2.070e+05
7.459e-02 2.092e+05
2.218e-01 7.923e+04
9.544e-02 1.620e+05
7.186e-02 2.206e+05
7.272e-02 2.177e+05
7.351e-02 2.130e+05
1.024e-01 1.557e+05
7.615e-02 2.054e+05
1.140e-01 1.368e+05
7.128e-02 2.224e+05
7.427e-02 2.113e+05
2.013e-01 8.653e+04
7.468e-02 2.109e+05
7.487e-02 2.109e+05
7.413e-02 2.138e+05
1.032e-01 1.468e+05
1.164e-01 1.298e+05
7.754e-02 2.021e+05
1.212e-01 1.342e+05
9.547e-02 1.635e+05
8.490e-02 1.754e+05
7.963e-02 1.949e+05
7.377e-02 2.116e+05
7.595e-02 2.077e+05
7.684e-02 2.024e+05
8.249e-02 1.873e+05
1.252e-01 1.321e+05
1.536e-01 1.125e+05
7.436e-02 2.077e+05
1.332e-01 1.156e+05
1.067e-01 1.388e+05
7.433e-02 2.108e+05
8.392e-02 1.820e+05
7.599e-02 2.061e+05
7.505e-02 2.077e+05
1.155e-01 1.296e+05
1.212e-01 1.220e+05
7.467e-02 2.112e+05
7.681e-02 2.048e+05
1.287e-01 1.217e+05
1.251e-01 1.304e+05
2.337e-01 8.359e+04
8.508e-02 1.804e+05
7.815e-02 1.977e+05
7.618e-02 2.027e+05
1.643e-01 9.305e+04
1.963e-01 8.597e+04
7.461e-02 2.098e+05
1.150e-01 1.370e+05
9.688e-02 1.578e+05
8.249e-02 1.919e+05
1.059e-01 1.396e+05
1.236e-01 1.218e+05
1.318e-01 1.257e+05
1.116e-01 1.443e+05
7.369e-02 2.159e+05
1.853e-01 9.724e+04
8.454e-02 1.820e+05
1.289e-01 1.237e+05
1.278e-01 1.287e+05
7.352e-02 2.119e+05
7.525e-02 2.091e+05
1.938e-01 8.859e+04
7.519e-02 2.070e+05
1.798e-01 8.292e+04
1.198e-01 1.221e+05
7.251e-02 2.191e+05
1.293e-01 1.212e+05
7.808e-02 1.994e+05
1.592e-01 1.087e+05
8.145e-02 1.907e+05
7.436e-02 2.101e+05
9.559e-02 1.606e+05
1.071e-01 1.476e+05
9.213e-02 1.709e+05
7.520e-02 2.099e+05
7.462e-02 2.092e+05
7.645e-02 2.036e+05
8.179e-02 1.892e+05
7.584e-02 2.052e+05
7.492e-02 2.120e+05
1.292e-01 1.263e+05
1.690e-01 1.003e+05
1.092e-01 1.403e+05
7.629e-02 2.064e+05
9.466e-02 1.572e+05
7.497e-02 2.076e+05
7.514e-02 2.054e+05
7.448e-02 2.113e+05
1.480e-01 1.146e+05
8.311e-02 1.882e+05
7.874e-02 1.959e+05
1.412e-01 1.120e+05
1.455e-01 1.096e+05
1.872e-01 9.336e+04
7.477e-02 2.091e+05
7.390e-02 2.140e+05
7.622e-02 2.038e+05
8.763e-02 1.716e+05
7.550e-02 2.096e+05
7.500e-02 2.059e+05
8.757e-02 1.739e+05
1.104e-01 1.371e+05
7.315e-02 2.154e+05
9.493e-02 1.654e+05
8.027e-02 1.912e+05
9.001e-02 1.728e+05
8.866e-02 1.689e+05
7.560e-02 2.079e+05
1.569e-01 1.055e+05
7.632e-02 2.069e+05
8.971e-02 1.701e+05
1.852e-01 9.280e+04
1.101e-01 1.433e+05
1.501e-01 1.145e+05
1.142e-01 1.320e+05
8.872e-02 1.701e+05
8.379e-02 1.824e+05
7.528e-02 2.068e+05
1.395e-01 1.231e+05
1.743e-01 1.011e+05
2.187e-01 8.408e+04
7.379e-02 2.106e+05
8.158e-02 1.908e+05
1.411e-01 1.209e+05
2.164e-01 8.047e+04
7.484e-02 2.117e+05
1.647e-01 1.018e+05
2.153e-01 8.551e+04
7.411e-02 2.091e+05
8.098e-02 1.935e+05
1.845e-01 9.552e+04
7.732e-02 2.017e+05
2.245e-01 8.380e+04
1.790e-01 9.603e+04
7.625e-02 2.029e+05
1.131e-01 1.346e+05
7.524e-02 2.107e+05
1.502e-01 1.140e+05
7.474e-02 2.087e+05
2.382e-01 8.140e+04
9.910e-02 1.516e+05
7.850e-02 1.983e+05
1.060e-01 1.441e+05
1.257e-01 1.252e+05
1.210e-01 1.294e+05
7.348e-02 2.141e+05
7.778e-02 2.003e+05
7.268e-02 2.185e+05
1.076e-01 1.388e+05
1.161e-01 1.332e+05
7.621e-02 2.048e+05
7.177e-02 2.217e+05
7.857e-02 1.991e+05
1.082e-01 1.355e+05
7.551e-02 2.084e+05
1.087e-01 1.431e+05
7.748e-02 1.962e+05
7.559e-02 2.078e+05
1.108e-01 1.391e+05
8.262e-02 1.817e+05
8.066e-02 1.895e+05
7.435e-02 2.102e+05
1.755e-01 9.810e+04
1.292e-01 1.159e+05
7.824e-02 2.027e+05
7.203e-02 2.188e+05
7.534e-02 2.059e+05
7.596e-02 2.082e+05
9.245e-02 1.665e+05
1.612e-01 1.058e+05
2.018e-01 9.144e+04
7.484e-02 2.105e+05
1.226e-01 1.348e+05
7.792e-02 1.995e+05
9.203e-02 1.674e+05
7.719e-02 2.029e+05
7.479e-02 2.090e+05
7.491e-02 2.097e+05
1.506e-01 1.118e+05
1.903e-01 9.142e+04
9.200e-02 1.660e+05
7.597e-02 2.040e+05
7.734e-02 2.048e+05
9.529e-02 1.620e+05
1.075e-01 1.451e+05
7.466e-02 2.104e+05
7.690e-02 2.018e+05
7.267e-02 2.148e+05
7.272e-02 2.158e+05
7.364e-02 2.128e+05
1.149e-01 1.333e+05
8.896e-02 1.722e+05
7.504e-02 2.100e+05
1.053e-01 1.384e+05
7.721e-02 2.013e+05
7.839e-02 1.983e+05
9.798e-02 1.577e+05
7.775e-02 1.949e+05
7.374e-02 2.159e+05
1.769e-01 9.816e+04
1.117e-01 1.395e+05
9.521e-02 1.568e+05
9.066e-02 1.677e+05
8.781e-02 1.752e+05
8.210e-02 1.895e+05
1.531e-01 1.064e+05
9.196e-02 1.655e+05
7.702e-02 2.024e+05
1.252e-01 1.237e+05
1.046e-01 1.503e+05
7.763e-02 1.995e+05
2.205e-01 7.982e+04
7.311e-02 2.137e+05
7.421e-02 2.122e+05
7.909e-02 1.914e+05
1.668e-01 1.008e+05
7.580e-02 2.064e+05
1.965e-01 8.998e+04
9.802e-02 1.534e+05
7.687e-02 2.029e+05
7.512e-02 2.084e+05
1.066e-01 1.446e+05
7.430e-02 2.091e+05
7.498e-02 2.064e+05
7.286e-02 2.151e+05
7.215e-02 2.201e+05
1.289e-01 1.236e+05
7.710e-02 2.013e+05
1.411e-01 1.094e+05
8.479e-02 1.751e+05
7.620e-02 2.042e+05
7.876e-02 2.006e+05
7.626e-02 2.057e+05
7.417e-02 2.131e+05
7.682e-02 2.031e+05
1.206e-01 1.273e+05
1.119e-01 1.329e+05
7.951e-02 1.914e+05
7.287e-02 2.181e+05
1.009e-01 1.539e+05
7.426e-02 2.085e+05
7.421e-02 2.096e+05
7.890e-02 1.968e+05
7.414e-02 2.135e+05
1.370e-01 1.173e+05
8.181e-02 1.907e+05
8.366e-02 1.873e+05
1.313e-01 1.209e+05
9.167e-02 1.715e+05
7.576e-02 2.054e+05
1.155e-01 1.332e+05
7.688e-02 2.047e+05
7.484e-02 2.055e+05
7.239e-02 2.196e+05
7.138e-02 2.230e+05
1.802e-01 9.901e+04
7.399e-02 2.105e+05
7.747e-02 2.052e+05
1.240e-01 1.257e+05
7.315e-02 2.123e+05
1.770e-01 9.602e+04
2.131e-01 8.109e+04
2.200e-01 8.042e+04
7.302e-02 2.142e+05
7.860e-02 1.974e+05
7.348e-02 2.114e+05
1.158e-01 1.303e+05
8.474e-02 1.782e+05
7.434e-02 2.117e+05
7.646e-02 2.053e+05
7.499e-02 2.112e+05
7.608e-02 2.055e+05
7.382e-02 2.157e+05
8.090e-02 1.910e+05
7.299e-02 2.148e+05
8.958e-02 1.721e+05
1.416e-01 1.091e+05
7.658e-02 2.046e+05
7.702e-02 1.999e+05
7.731e-02 2.047e+05
1.338e-01 1.157e+05
1.691e-01 9.636e+04
1.949e-01 8.754e+04
1.358e-01 1.236e+05
7.507e-02 2.091e+05
7.721e-02 2.054e+05
1.195e-01 1.267e+05
7.674e-02 2.034e+05
1.225e-01 1.217e+05
1.010e-01 1.532e+05
2.227e-01 8.276e+04
7.477e-02 2.092e+05
7.447e-02 2.117e+05
7.294e-02 2.161e+05
1.214e-01 1.272e+05
1.713e-01 1.013e+05
2.156e-01 8.651e+04
7.530e-02 2.068e+05
7.458e-02 2.129e+05
1.620e-01 1.035e+05
1.293e-01 1.213e+05
7.634e-02 2.047e+05
8.434e-02 1.855e+05
9.092e-02 1.672e+05
1.982e-01 9.434e+04
1.345e-01 1.118e+05
1.447e-01 1.016e+05
7.327e-02 2.170e+05
7.462e-02 2.106e+05
1.904e-01 9.226e+04
8.520e-02 1.833e+05
8.577e-02 1.789e+05
8.564e-02 1.837e+05
8.636e-02 1.832e+05
8.834e-02 1.708e+05
7.568e-02 2.072e+05
1.005e-01 1.454e+05
7.436e-02 2.116e+05
1.101e-01 1.390e+05
9.125e-02 1.729e+05
1.720e-01 1.011e+05
7.224e-02 2.180e+05
8.522e-02 1.766e+05
9.033e-02 1.704e+05
7.517e-02 2.091e+05
7.328e-02 2.122e+05
8.137e-02 1.848e+05
7.464e-02 2.102e+05
7.948e-02 1.995e+05
1.074e-01 1.428e+05
7.564e-02 2.062e+05
1.756e-01 9.891e+04
7.310e-02 2.175e+05
8.278e-02 1.853e+05
7.864e-02 1.976e+05
7.280e-02 2.146e+05
2.337e-01 7.857e+04
7.184e-02 2.188e+05
1.223e-01 1.325e+05
7.264e-02 2.179e+05
7.626e-02 2.055e+05
1.100e-01 1.349e+05
7.460e-02 2.101e+05
7.335e-02 2.154e+05
7.524e-02 2.093e+05
8.162e-02 1.902e+05
7.436e-02 2.125e+05
1.544e-01 1.062e+05
9.301e-02 1.684e+05
7.209e-02 2.196e+05
1.264e-01 1.222e+05
7.742e-02 2.021e+05
1.386e-01 1.071e+05
1.154e-01 1.374e+05
7.770e-02 2.016e+05
7.126e-02 2.223e+05
7.903e-02 1.984e+05
7.683e-02 2.033e+05
7.579e-02 2.060e+05
1.565e-01 1.058e+05
8.222e-02 1.838e+05
7.411e-02 2.106e+05
7.614e-02 2.041e+05
1.358e-01 1.258e+05
8.144e-02 1.910e+05
9.439e-02 1.626e+05
7.778e-02 1.985e+05
7.894e-02 1.969e+05
9.468e-02 1.617e+05
8.217e-02 1.865e+05
1.234e-01 1.261e+05
8.755e-02 1.740e+05
1.881e-01 9.340e+04
7.726e-02 2.020e+05
2.501e-01 7.866e+04
7.555e-02 2.061e+05
