1.190e-01 1.520e+05
8.679e-02 1.869e+05
8.125e-02 1.978e+05
2.149e-01 1.003e+05
2.743e-01 1.009e+05
1.395e-01 1.366e+05
8.178e-02 1.959e+05
1.589e-01 1.244e+05
8.972e-02 1.830e+05
1.771e-01 1.235e+05
2.040e-01 1.077e+05
3.052e-01 9.731e+04
1.816e-01 1.137e+05
1.632e-01 1.279e+05
8.707e-02 1.868e+05
9.245e-02 1.773e+05
9.651e-02 1.710e+05
1.887e-01 1.162e+05
8.560e-02 1.900e+05
9.135e-02 1.790e+05
8.434e-02 1.902e+05
1.360e-01 1.368e+05
8.982e-02 1.824e+05
9.054e-02 1.810e+05
8.453e-02 1.930e+05
8.086e-02 1.984e+05
2.268e-01 1.078e+05
9.704e-02 1.668e+05
8.641e-02 1.875e+05
2.020e-01 1.114e+05
2.173e-01 1.101e+05
8.489e-02 1.926e+05
1.324e-01 1.400e+05
8.514e-02 1.907e+05
1.344e-01 1.345e+05
1.460e-01 1.323e+05
8.708e-02 1.863e+05
8.465e-02 1.909e+05
8.590e-02 1.898e+05
1.207e-01 1.439e+05
8.774e-02 1.863e+05
2.629e-01 9.602e+04
9.077e-02 1.831e+05
8.681e-02 1.876e+05
8.545e-02 1.900e+05
1.072e-01 1.537e+05
9.292e-02 1.777e+05
1.103e-01 1.557e+05
8.809e-02 1.854e+05
8.976e-02 1.824e+05
8.689e-02 1.866e+05
8.460e-02 1.908e+05
9.708e-02 1.716e+05
8.808e-02 1.857e+05
9.527e-02 1.734e+05
9.143e-02 1.782e+05
8.438e-02 1.928e+05
2.202e-01 1.134e+05
2.281e-01 1.069e+05
1.671e-01 1.233e+05
8.614e-02 1.885e+05
8.816e-02 1.839e+05
8.994e-02 1.827e+05
1.639e-01 1.214e+05
8.402e-02 1.927e+05
9.020e-02 1.813e+05
1.018e-01 1.675e+05
1.200e-01 1.459e+05
1.482e-01 1.264e+05
2.781e-01 1.006e+05
8.646e-02 1.877e+05
2.304e-01 1.064e+05
9.655e-02 1.740e+05
2.266e-01 1.088e+05
8.734e-02 1.870e+05
8.877e-02 1.845e+05
8.542e-02 1.890e+05
2.770e-01 9.798e+04
8.745e-02 1.834e+05
1.105e-01 1.567e+05
8.904e-02 1.840e+05
2.066e-01 1.138e+05
1.094e-01 1.600e+05
8.495e-02 1.911e+05
8.230e-02 1.975e+05
1.351e-01 1.360e+05
8.496e-02 1.926e+05
8.692e-02 1.878e+05
1.636e-01 1.216e+05
1.547e-01 1.306e+05
2.542e-01 9.839e+04
8.269e-02 1.964e+05
1.151e-01 1.529e+05
8.255e-02 1.966e+05
8.617e-02 1.882e+05
8.612e-02 1.881e+05
1.457e-01 1.313e+05
9.237e-02 1.788e+05
8.907e-02 1.844e+05
8.915e-02 1.837e+05
1.744e-01 1.231e+05
2.371e-01 1.039e+05
1.401e-01 1.307e+05
1.892e-01 1.183e+05
8.468e-02 1.920e+05
8.733e-02 1.868e+05
1.646e-01 1.217e+05
1.448e-01 1.316e+05
1.205e-01 1.417e+05
1.102e-01 1.521e+05
9.524e-02 1.734e+05
1.106e-01 1.564e+05
1.095e-01 1.532e+05
8.729e-02 1.868e+05
8.727e-02 1.879e+05
2.281e-01 1.041e+05
9.381e-02 1.764e+05
8.169e-02 1.962e+05
8.644e-02 1.880e+05
1.650e-01 1.271e+05
9.141e-02 1.790e+05
8.805e-02 1.844e+05
1.413e-01 1.342e+05
8.246e-02 1.957e+05
9.670e-02 1.750e+05
1.119e-01 1.517e+05
8.742e-02 1.881e+05
8.795e-02 1.832e+05
9.043e-02 1.800e+05
1.059e-01 1.632e+05
1.484e-01 1.330e+05
1.092e-01 1.561e+05
2.465e-01 1.057e+05
8.697e-02 1.868e+05
2.949e-01 8.328e+04
8.412e-02 1.912e+05
1.571e-01 1.253e+05
1.123e-01 1.549e+05
8.634e-02 1.885e+05
8.560e-02 1.911e+05
8.241e-02 1.942e+05
1.495e-01 1.288e+05
1.147e-01 1.569e+05
1.496e-01 1.334e+05
2.255e-01 1.005e+05
8.898e-02 1.837e+05
9.071e-02 1.787e+05
9.964e-02 1.688e+05
9.280e-02 1.764e+05
2.277e-01 1.093e+05
1.119e-01 1.542e+05
1.417e-01 1.351e+05
1.807e-01 1.137e+05
8.615e-02 1.880e+05
8.180e-02 1.966e+05
9.235e-02 1.775e+05
8.789e-02 1.847e+05
1.445e-01 1.257e+05
1.033e-01 1.642e+05
9.104e-02 1.803e+05
1.804e-01 1.195e+05
8.650e-02 1.856e+05
1.964e-01 1.171e+05
9.523e-02 1.770e+05
8.798e-02 1.835e+05
1.980e-01 1.183e+05
1.154e-01 1.522e+05
9.791e-02 1.722e+05
2.822e-01 9.417e+04
8.791e-02 1.854e+05
1.020e-01 1.621e+05
2.822e-01 9.750e+04
1.086e-01 1.607e+05
8.643e-02 1.869e+05
8.944e-02 1.827e+05
1.064e-01 1.630e+05
8.611e-02 1.874e+05
2.391e-01 1.043e+05
2.270e-01 1.079e+05
8.561e-02 1.913e+05
1.023e-01 1.659e+05
1.151e-01 1.525e+05
8.773e-02 1.871e+05
8.524e-02 1.902e+05
8.488e-02 1.896e+05
1.268e-01 1.452e+05
3.960e-01 9.143e+04
8.686e-02 1.875e+05
8.527e-02 1.923e+05
8.703e-02 1.867e+05
1.239e-01 1.420e+05
8.905e-02 1.832e+05
9.697e-02 1.695e+05
2.353e-01 1.031e+05
8.434e-02 1.917e+05
1.130e-01 1.518e+05
8.460e-02 1.915e+05
9.148e-02 1.791e+05
8.921e-02 1.820e+05
8.734e-02 1.877e+05
8.414e-02 1.910e+05
1.376e-01 1.303e+05
1.942e-01 1.091e+05
9.086e-02 1.800e+05
1.849e-01 1.175e+05
9.146e-02 1.798e+05
2.780e-01 9.697e+04
9.365e-02 1.758e+05
1.361e-01 1.355e+05
8.184e-02 1.954e+05
2.582e-01 1.052e+05
8.654e-02 1.888e+05
8.714e-02 1.874e+05
9.141e-02 1.792e+05
1.212e-01 1.446e+05
2.258e-01 1.032e+05
2.460e-01 9.818e+04
8.496e-02 1.912e+05
8.564e-02 1.898e+05
2.515e-01 9.985e+04
2.317e-01 1.060e+05
1.133e-01 1.533e+05
1.096e-01 1.510e+05
8.659e-02 1.879e+05
8.792e-02 1.826e+05
1.133e-01 1.547e+05
8.902e-02 1.842e+05
9.369e-02 1.765e+05
8.783e-02 1.856e+05
2.801e-01 9.793e+04
8.335e-02 1.928e+05
8.721e-02 1.860e+05
1.300e-01 1.347e+05
1.303e-01 1.370e+05
1.659e-01 1.238e+05
1.217e-01 1.459e+05
9.089e-02 1.823e+05
8.735e-02 1.867e+05
8.515e-02 1.873e+05
1.587e-01 1.302e+05
8.543e-02 1.891e+05
8.572e-02 1.890e+05
8.860e-02 1.824e+05
9.047e-02 1.813e+05
8.754e-02 1.864e+05
1.093e-01 1.604e+05
9.283e-02 1.760e+05
9.443e-02 1.704e+05
8.678e-02 1.869e+05
1.102e-01 1.519e+05
8.677e-02 1.872e+05
8.692e-02 1.856e+05
9.457e-02 1.777e+05
9.094e-02 1.790e+05
8.784e-02 1.866e+05
2.657e-01 1.033e+05
3.196e-01 9.651e+04
1.664e-01 1.164e+05
1.011e-01 1.653e+05
1.111e-01 1.555e+05
1.597e-01 1.284e+05
1.202e-01 1.451e+05
8.817e-02 1.850e+05
8.704e-02 1.857e+05
8.542e-02 1.915e+05
9.523e-02 1.746e+05
1.676e-01 1.209e+05
1.487e-01 1.326e+05
8.533e-02 1.896e+05
8.999e-02 1.814e+05
1.166e-01 1.494e+05
2.586e-01 1.041e+05
8.462e-02 1.934e+05
8.645e-02 1.873e+05
9.226e-02 1.784e+05
1.031e-01 1.632e+05
8.473e-02 1.910e+05
8.834e-02 1.850e+05
1.062e-01 1.636e+05
9.967e-02 1.672e+05
1.417e-01 1.267e+05
1.233e-01 1.446e+05
1.017e-01 1.626e+05
2.410e-01 1.098e+05
9.213e-02 1.775e+05
8.567e-02 1.867e+05
1.298e-01 1.411e+05
8.827e-02 1.827e+05
8.820e-02 1.843e+05
8.516e-02 1.892e+05
9.698e-02 1.717e+05
1.181e-01 1.464e+05
2.969e-01 9.912e+04
1.471e-01 1.248e+05
8.352e-02 1.932e+05
9.430e-02 1.753e+05
1.034e-01 1.622e+05
9.181e-02 1.782e+05
1.047e-01 1.612e+05
8.679e-02 1.882e+05
8.346e-02 1.948e+05
9.101e-02 1.767e+05
9.199e-02 1.801e+05
2.974e-01 9.523e+04
1.950e-01 1.143e+05
1.896e-01 1.208e+05
1.363e-01 1.386e+05
1.381e-01 1.337e+05
1.470e-01 1.357e+05
1.022e-01 1.623e+05
3.088e-01 9.490e+04
1.450e-01 1.279e+05
8.958e-02 1.822e+05
8.724e-02 1.859e+05
2.826e-01 9.775e+04
1.803e-01 1.162e+05
9.381e-02 1.778e+05
8.419e-02 1.922e+05
9.115e-02 1.818e+05
2.290e-01 1.042e+05
2.177e-01 1.062e+05
9.380e-02 1.757e+05
2.281e-01 1.080e+05
9.033e-02 1.817e+05
1.471e-01 1.318e+05
8.874e-02 1.840e+05
8.506e-02 1.899e+05
1.186e-01 1.504e+05
8.761e-02 1.859e+05
1.380e-01 1.388e+05
3.075e-01 9.035e+04
8.929e-02 1.837e+05
1.091e-01 1.584e+05
8.432e-02 1.925e+05
8.558e-02 1.914e+05
2.297e-01 1.052e+05
2.833e-01 9.917e+04
1.710e-01 1.179e+05
2.038e-01 1.135e+05
8.707e-02 1.872e+05
9.359e-02 1.758e+05
1.042e-01 1.647e+05
9.118e-02 1.803e+05
1.483e-01 1.273e+05
8.051e-02 1.995e+05
2.334e-01 1.021e+05
2.032e-01 1.125e+05
9.287e-02 1.773e+05
1.082e-01 1.619e+05
8.780e-02 1.857e+05
9.141e-02 1.805e+05
1.237e-01 1.408e+05
1.229e-01 1.458e+05
8.273e-02 1.945e+05
9.045e-02 1.819e+05
9.146e-02 1.796e+05
1.292e-01 1.410e+05
2.018e-01 1.114e+05
1.765e-01 1.162e+05
1.770e-01 1.168e+05
1.080e-01 1.536e+05
8.653e-02 1.875e+05
2.284e-01 1.043e+05
9.487e-02 1.763e+05
8.431e-02 1.940e+05
1.510e-01 1.275e+05
9.208e-02 1.774e+05
8.695e-02 1.872e+05
1.932e-01 1.177e+05
2.329e-01 1.075e+05
8.199e-02 1.964e+05
2.108e-01 1.120e+05
1.919e-01 1.171e+05
1.188e-01 1.528e+05
9.518e-02 1.742e+05
1.460e-01 1.343e+05
8.253e-02 1.964e+05
8.705e-02 1.881e+05
8.993e-02 1.818e+05
8.732e-02 1.873e+05
8.633e-02 1.885e+05
1.257e-01 1.418e+05
8.980e-02 1.829e+05
8.617e-02 1.891e+05
1.862e-01 1.128e+05
9.174e-02 1.756e+05
9.011e-02 1.823e+05
3.161e-01 7.685e+04
8.163e-02 1.964e+05
8.623e-02 1.906e+05
8.758e-02 1.862e+05
8.564e-02 1.891e+05
8.854e-02 1.849e+05
1.415e-01 1.309e+05
9.022e-02 1.827e+05
8.980e-02 1.828e+05
1.006e-01 1.691e+05
8.977e-02 1.831e+05
2.033e-01 1.131e+05
8.520e-02 1.921e+05
9.695e-02 1.713e+05
1.328e-01 1.414e+05
1.421e-01 1.310e+05
8.896e-02 1.848e+05
9.043e-02 1.807e+05
8.767e-02 1.879e+05
1.561e-01 1.273e+05
1.161e-01 1.476e+05
2.072e-01 1.126e+05
1.892e-01 1.148e+05
8.606e-02 1.892e+05
1.162e-01 1.517e+05
2.516e-01 1.013e+05
8.362e-02 1.936e+05
8.416e-02 1.937e+05
1.004e-01 1.656e+05
8.332e-02 1.946e+05
9.210e-02 1.782e+05
8.730e-02 1.866e+05
8.919e-02 1.826e+05
2.014e-01 1.168e+05
2.119e-01 1.093e+05
8.493e-02 1.900e+05
9.529e-02 1.733e+05
8.691e-02 1.866e+05
8.805e-02 1.848e+05
8.439e-02 1.918e+05
3.216e-01 9.369e+04
2.392e-01 1.030e+05
1.010e-01 1.646e+05
8.608e-02 1.906e+05
1.395e-01 1.384e+05
8.586e-02 1.895e+05
1.163e-01 1.533e+05
1.085e-01 1.554e+05
8.579e-02 1.894e+05
2.657e-01 9.905e+04
1.579e-01 1.233e+05
1.993e-01 1.087e+05
1.034e-01 1.597e+05
2.585e-01 1.001e+05
9.316e-02 1.781e+05
8.783e-02 1.864e+05
1.974e-01 1.179e+05
8.719e-02 1.867e+05
8.632e-02 1.875e+05
1.106e-01 1.578e+05
3.161e-01 9.502e+04
8.368e-02 1.920e+05
8.424e-02 1.905e+05
9.505e-02 1.716e+05
9.939e-02 1.684e+05
2.152e-01 1.117e+05
2.238e-01 1.098e+05
8.652e-02 1.868e+05
8.585e-02 1.905e+05
1.442e-01 1.316e+05
1.307e-01 1.374e+05
8.615e-02 1.887e+05
1.735e-01 1.253e+05
8.950e-02 1.821e+05
1.914e-01 1.202e+05
1.607e-01 1.236e+05
8.257e-02 1.969e+05
8.847e-02 1.831e+05
1.159e-01 1.517e+05
9.315e-02 1.725e+05
8.465e-02 1.890e+05
2.083e-01 1.127e+05
8.899e-02 1.809e+05
3.056e-01 9.882e+04
1.909e-01 1.109e+05
1.799e-01 1.130e+05
2.136e-01 1.054e+05
1.439e-01 1.343e+05
1.365e-01 1.394e+05
1.615e-01 1.276e+05
9.908e-02 1.690e+05
8.141e-02 1.974e+05
8.949e-02 1.814e+05
8.104e-02 1.982e+05
1.575e-01 1.198e+05
2.379e-01 1.010e+05
8.282e-02 1.967e+05
8.794e-02 1.848e+05
8.612e-02 1.897e+05
1.028e-01 1.632e+05
9.782e-02 1.731e+05
8.876e-02 1.830e+05
1.246e-01 1.442e+05
8.796e-02 1.860e+05
1.168e-01 1.540e+05
1.072e-01 1.596e+05
1.287e-01 1.424e+05
9.165e-02 1.815e+05
8.549e-02 1.914e+05
8.577e-02 1.892e+05
1.340e-01 1.370e+05
9.277e-02 1.786e+05
8.937e-02 1.796e+05
9.139e-02 1.792e+05
1.426e-01 1.349e+05
8.430e-02 1.902e+05
8.712e-02 1.849e+05
8.207e-02 1.959e+05
8.977e-02 1.829e+05
1.364e-01 1.377e+05
8.386e-02 1.929e+05
9.463e-02 1.715e+05
1.349e-01 1.372e+05
1.036e-01 1.623e+05
1.151e-01 1.505e+05
1.903e-01 1.168e+05
1.807e-01 1.172e+05
1.191e-01 1.482e+05
1.091e-01 1.565e+05
9.395e-02 1.762e+05
2.654e-01 1.047e+05
1.650e-01 1.223e+05
9.024e-02 1.827e+05
8.699e-02 1.887e+05
9.680e-02 1.738e+05
8.876e-02 1.830e+05
8.489e-02 1.897e+05
2.442e-01 1.035e+05
8.580e-02 1.882e+05
1.112e-01 1.493e+05
9.200e-02 1.799e+05
1.066e-01 1.593e+05
8.568e-02 1.882e+05
2.425e-01 1.069e+05
8.560e-02 1.885e+05
2.875e-01 1.014e+05
1.029e-01 1.648e+05
1.165e-01 1.509e+05
8.674e-02 1.895e+05
8.823e-02 1.840e+05
8.550e-02 1.896e+05
9.277e-02 1.804e+05
1.913e-01 1.088e+05
2.184e-01 1.116e+05
2.819e-01 7.723e+04
8.662e-02 1.856e+05
1.141e-01 1.521e+05
3.023e-01 9.844e+04
1.623e-01 1.243e+05
1.081e-01 1.601e+05
8.462e-02 1.892e+05
8.427e-02 1.940e+05
8.354e-02 1.915e+05
1.807e-01 1.143e+05
8.918e-02 1.830e+05
1.778e-01 1.180e+05
9.461e-02 1.750e+05
1.244e-01 1.440e+05
9.989e-02 1.641e+05
8.359e-02 1.928e+05
1.673e-01 1.226e+05
8.536e-02 1.900e+05
1.501e-01 1.265e+05
1.114e-01 1.571e+05
9.203e-02 1.789e+05
2.006e-01 1.081e+05
1.317e-01 1.383e+05
2.277e-01 1.061e+05
8.829e-02 1.846e+05
1.191e-01 1.482e+05
8.976e-02 1.802e+05
1.378e-01 1.326e+05
8.459e-02 1.890e+05
1.691e-01 1.165e+05
9.108e-02 1.800e+05
1.100e-01 1.582e+05
8.600e-02 1.873e+05
8.554e-02 1.890e+05
9.818e-02 1.676e+05
1.065e-01 1.589e+05
1.203e-01 1.478e+05
8.570e-02 1.894e+05
3.006e-01 9.585e+04
1.152e-01 1.524e+05
9.038e-02 1.818e+05
1.146e-01 1.538e+05
1.080e-01 1.529e+05
9.287e-02 1.775e+05
8.657e-02 1.871e+05
9.009e-02 1.825e+05
1.210e-01 1.471e+05
8.728e-02 1.878e+05
8.613e-02 1.908e+05
1.406e-01 1.323e+05
8.671e-02 1.870e+05
1.251e-01 1.430e+05
9.239e-02 1.783e+05
8.843e-02 1.845e+05
2.640e-01 9.919e+04
8.624e-02 1.900e+05
8.695e-02 1.874e+05
2.076e-01 1.158e+05
8.207e-02 1.970e+05
2.524e-01 9.719e+04
1.078e-01 1.557e+05
8.283e-02 1.967e+05
1.140e-01 1.559e+05
8.243e-02 1.941e+05
2.779e-01 9.989e+04
2.227e-01 1.075e+05
8.645e-02 1.869e+05
1.616e-01 1.261e+05
1.035e-01 1.674e+05
8.706e-02 1.871e+05
9.116e-02 1.789e+05
3.215e-01 9.531e+04
1.409e-01 1.324e+05
2.226e-01 1.026e+05
8.562e-02 1.889e+05
9.397e-02 1.754e+05
8.749e-02 1.854e+05
1.836e-01 1.189e+05
8.615e-02 1.898e+05
8.749e-02 1.847e+05
8.691e-02 1.865e+05
8.272e-02 1.967e+05
8.468e-02 1.913e+05
1.060e-01 1.551e+05
8.975e-02 1.824e+05
9.024e-02 1.819e+05
1.200e-01 1.491e+05
1.818e-01 1.092e+05
2.564e-01 1.008e+05
9.718e-02 1.720e+05
9.392e-02 1.738e+05
8.660e-02 1.871e+05
8.188e-02 1.958e+05
8.799e-02 1.851e+05
8.606e-02 1.865e+05
8.693e-02 1.880e+05
8.614e-02 1.893e+05
9.250e-02 1.767e+05
1.321e-01 1.366e+05
8.414e-02 1.912e+05
1.701e-01 1.200e+05
8.755e-02 1.853e+05
8.781e-02 1.859e+05
8.831e-02 1.851e+05
8.608e-02 1.882e+05
2.505e-01 9.856e+04
8.695e-02 1.858e+05
1.120e-01 1.541e+05
8.703e-02 1.880e+05
8.482e-02 1.894e+05
8.463e-02 1.915e+05
1.005e-01 1.690e+05
9.060e-02 1.790e+05
1.209e-01 1.507e+05
8.297e-02 1.948e+05
1.572e-01 1.320e+05
1.499e-01 1.283e+05
8.657e-02 1.872e+05
8.292e-02 1.947e+05
1.286e-01 1.416e+05
9.540e-02 1.739e+05
1.362e-01 1.340e+05
8.755e-02 1.857e+05
2.538e-01 1.053e+05
3.278e-01 9.748e+04
1.063e-01 1.600e+05
9.863e-02 1.686e+05
1.200e-01 1.470e+05
1.362e-01 1.414e+05
1.376e-01 1.333e+05
9.022e-02 1.827e+05
8.751e-02 1.872e+05
1.024e-01 1.636e+05
8.738e-02 1.856e+05
8.696e-02 1.876e+05
1.000e-01 1.666e+05
9.308e-02 1.764e+05
8.866e-02 1.818e+05
8.397e-02 1.917e+05
1.574e-01 1.311e+05
1.572e-01 1.269e+05
8.663e-02 1.872e+05
9.721e-02 1.707e+05
8.368e-02 1.933e+05
1.256e-01 1.440e+05
9.018e-02 1.821e+05
1.357e-01 1.388e+05
8.898e-02 1.832e+05
9.007e-02 1.841e+05
2.713e-01 9.905e+04
2.645e-01 9.573e+04
1.013e-01 1.662e+05
8.647e-02 1.875e+05
8.771e-02 1.870e+05
8.799e-02 1.866e+05
8.919e-02 1.848e+05
1.595e-01 1.264e+05
8.556e-02 1.913e+05
1.155e-01 1.536e+05
1.341e-01 1.312e+05
8.729e-02 1.863e+05
8.877e-02 1.861e+05
8.592e-02 1.904e+05
1.563e-01 1.253e+05
8.534e-02 1.888e+05
8.783e-02 1.858e+05
3.166e-01 9.778e+04
8.786e-02 1.875e+05
1.262e-01 1.458e+05
1.978e-01 1.158e+05
8.619e-02 1.897e+05
9.107e-02 1.809e+05
1.023e-01 1.665e+05
8.929e-02 1.804e+05
9.346e-02 1.768e+05
1.072e-01 1.596e+05
1.022e-01 1.607e+05
8.511e-02 1.896e+05
1.004e-01 1.690e+05
8.046e-02 2.007e+05
1.190e-01 1.468e+05
1.770e-01 1.118e+05
8.077e-02 1.984e+05
1.846e-01 1.171e+05
1.560e-01 1.261e+05
8.328e-02 1.955e+05
8.544e-02 1.899e+05
8.738e-02 1.858e+05
8.379e-02 1.929e+05
8.379e-02 1.946e+05
8.687e-02 1.888e+05
8.386e-02 1.940e+05
8.831e-02 1.817e+05
9.792e-02 1.683e+05
2.408e-01 9.923e+04
1.874e-01 1.121e+05
1.645e-01 1.237e+05
1.531e-01 1.323e+05
8.812e-02 1.844e+05
8.757e-02 1.853e+05
2.119e-01 1.061e+05
8.840e-02 1.851e+05
9.662e-02 1.734e+05
9.933e-02 1.642e+05
1.839e-01 1.177e+05
8.516e-02 1.900e+05
1.542e-01 1.243e+05
8.608e-02 1.885e+05
2.219e-01 1.125e+05
9.797e-02 1.699e+05
9.414e-02 1.744e+05
9.600e-02 1.685e+05
8.154e-02 1.971e+05
8.671e-02 1.884e+05
1.487e-01 1.352e+05
1.067e-01 1.612e+05
8.749e-02 1.873e+05
9.326e-02 1.770e+05
8.908e-02 1.838e+05
1.911e-01 1.168e+05
1.120e-01 1.543e+05
9.192e-02 1.775e+05
2.982e-01 9.385e+04
3.471e-01 9.352e+04
8.581e-02 1.886e+05
1.194e-01 1.457e+05
1.400e-01 1.334e+05
8.558e-02 1.878e+05
8.330e-02 1.930e+05
1.631e-01 1.247e+05
1.008e-01 1.646e+05
8.779e-02 1.862e+05
1.001e-01 1.642e+05
8.448e-02 1.891e+05
2.524e-01 1.021e+05
8.822e-02 1.857e+05
8.407e-02 1.928e+05
2.151e-01 1.089e+05
8.928e-02 1.829e+05
8.276e-02 1.959e+05
9.304e-02 1.769e+05
8.596e-02 1.881e+05
3.028e-01 9.719e+04
2.864e-01 1.001e+05
2.042e-01 1.145e+05
1.638e-01 1.243e+05
1.031e-01 1.587e+05
2.172e-01 1.121e+05
1.898e-01 1.171e+05
1.456e-01 1.323e+05
1.004e-01 1.651e+05
8.448e-02 1.921e+05
1.004e-01 1.678e+05
8.957e-02 1.816e+05
8.149e-02 1.985e+05
9.392e-02 1.750e+05
2.712e-01 9.262e+04
8.852e-02 1.842e+05
8.899e-02 1.827e+05
8.862e-02 1.868e+05
8.612e-02 1.860e+05
9.227e-02 1.778e+05
9.600e-02 1.724e+05
1.391e-01 1.282e+05
8.685e-02 1.847e+05
9.011e-02 1.827e+05
8.170e-02 1.962e+05
2.247e-01 1.083e+05
8.577e-02 1.881e+05
8.452e-02 1.918e+05
8.532e-02 1.906e+05
8.773e-02 1.854e+05
8.282e-02 1.961e+05
1.591e-01 1.230e+05
8.942e-02 1.838e+05
9.253e-02 1.773e+05
1.769e-01 1.235e+05
9.297e-02 1.758e+05
1.555e-01 1.285e+05
1.122e-01 1.529e+05
9.053e-02 1.817e+05
1.620e-01 1.220e+05
9.906e-02 1.682e+05
2.931e-01 9.765e+04
9.381e-02 1.760e+05
2.722e-01 9.870e+04
1.475e-01 1.347e+05
1.004e-01 1.637e+05
2.530e-01 1.025e+05
1.867e-01 1.209e+05
2.984e-01 9.501e+04
8.608e-02 1.900e+05
8.932e-02 1.835e+05
9.475e-02 1.714e+05
8.932e-02 1.843e+05
1.249e-01 1.434e+05
2.171e-01 1.118e+05
8.388e-02 1.909e+05
1.528e-01 1.332e+05
9.936e-02 1.687e+05
1.240e-01 1.484e+05
2.604e-01 1.021e+05
2.080e-01 1.095e+05
1.267e-01 1.444e+05
8.485e-02 1.913e+05
2.144e-01 1.138e+05
8.870e-02 1.842e+05
1.211e-01 1.461e+05
9.159e-02 1.799e+05
8.913e-02 1.799e+05
8.416e-02 1.919e+05
1.129e-01 1.527e+05
8.875e-02 1.852e+05
8.462e-02 1.896e+05
8.845e-02 1.811e+05
1.738e-01 1.186e+05
2.180e-01 1.074e+05
1.658e-01 1.196e+05
2.048e-01 1.070e+05
8.826e-02 1.837e+05
3.224e-01 8.742e+04
8.493e-02 1.889e+05
1.601e-01 1.275e+05
1.308e-01 1.400e+05
8.346e-02 1.920e+05
2.351e-01 1.069e+05
1.617e-01 1.282e+05
2.491e-01 1.023e+05
9.110e-02 1.801e+05
1.168e-01 1.485e+05
1.261e-01 1.455e+05
9.479e-02 1.755e+05
2.365e-01 1.092e+05
8.569e-02 1.916e+05
8.643e-02 1.899e+05
3.017e-01 9.857e+04
1.392e-01 1.331e+05
8.560e-02 1.880e+05
1.396e-01 1.380e+05
1.496e-01 1.310e+05
9.074e-02 1.813e+05
1.566e-01 1.281e+05
8.379e-02 1.935e+05
1.006e-01 1.698e+05
2.092e-01 1.138e+05
2.960e-01 9.909e+04
1.634e-01 1.252e+05
8.110e-02 1.979e+05
8.668e-02 1.882e+05
8.599e-02 1.886e+05
2.439e-01 1.055e+05
8.702e-02 1.875e+05
1.265e-01 1.442e+05
8.798e-02 1.847e+05
1.049e-01 1.623e+05
2.158e-01 1.027e+05
8.796e-02 1.820e+05
9.363e-02 1.755e+05
8.553e-02 1.882e+05
1.316e-01 1.397e+05
1.189e-01 1.439e+05
8.661e-02 1.886e+05
8.377e-02 1.949e+05
9.531e-02 1.742e+05
8.164e-02 1.970e+05
9.007e-02 1.823e+05
1.344e-01 1.427e+05
9.009e-02 1.826e+05
8.352e-02 1.922e+05
8.572e-02 1.914e+05
1.423e-01 1.335e+05
2.091e-01 1.108e+05
9.024e-02 1.810e+05
1.276e-01 1.471e+05
1.569e-01 1.257e+05
2.611e-01 9.243e+04
9.542e-02 1.743e+05
8.904e-02 1.832e+05
1.043e-01 1.647e+05
9.462e-02 1.704e+05
8.871e-02 1.829e+05
8.899e-02 1.822e+05
8.431e-02 1.942e+05
9.964e-02 1.675e+05
9.188e-02 1.812e+05
1.343e-01 1.417e+05
2.090e-01 1.142e+05
1.558e-01 1.283e+05
2.599e-01 9.645e+04
8.774e-02 1.856e+05
1.523e-01 1.287e+05
8.902e-02 1.842e+05
1.413e-01 1.295e+05
2.024e-01 1.108e+05
8.226e-02 1.964e+05
8.857e-02 1.847e+05
9.298e-02 1.775e+05
1.073e-01 1.589e+05
2.231e-01 1.028e+05
1.292e-01 1.409e+05
8.583e-02 1.886e+05
9.006e-02 1.814e+05
8.568e-02 1.895e+05
8.760e-02 1.869e+05
2.422e-01 1.060e+05
1.766e-01 1.137e+05
2.071e-01 1.118e+05
9.237e-02 1.784e+05
8.852e-02 1.857e+05
9.028e-02 1.824e+05
1.384e-01 1.348e+05
1.864e-01 1.177e+05
2.014e-01 1.142e+05
9.057e-02 1.820e+05
8.409e-02 1.914e+05
2.832e-01 1.020e+05
1.717e-01 1.193e+05
8.324e-02 1.959e+05
2.122e-01 1.093e+05
1.297e-01 1.407e+05
9.707e-02 1.693e+05
9.448e-02 1.719e+05
2.118e-01 1.061e+05
8.674e-02 1.875e+05
1.556e-01 1.284e+05
9.042e-02 1.802e+05
8.826e-02 1.844e+05
8.458e-02 1.922e+05
8.232e-02 1.947e+05
8.881e-02 1.832e+05
8.169e-02 1.970e+05
8.956e-02 1.821e+05
2.420e-01 1.089e+05
8.329e-02 1.920e+05
8.729e-02 1.851e+05
8.220e-02 1.969e+05
8.527e-02 1.914e+05
2.796e-01 1.002e+05
2.870e-01 9.259e+04
1.435e-01 1.320e+05
9.137e-02 1.785e+05
1.436e-01 1.317e+05
8.950e-02 1.828e+05
9.616e-02 1.738e+05
1.681e-01 1.279e+05
9.455e-02 1.731e+05
2.346e-01 1.025e+05
2.099e-01 1.136e+05
2.656e-01 1.020e+05
8.706e-02 1.870e+05
9.189e-02 1.782e+05
8.849e-02 1.841e+05
1.044e-01 1.619e+05
1.926e-01 1.181e+05
1.067e-01 1.596e+05
1.045e-01 1.647e+05
1.699e-01 1.172e+05
1.655e-01 1.229e+05
8.842e-02 1.853e+05
1.014e-01 1.670e+05
8.311e-02 1.937e+05
8.767e-02 1.858e+05
9.178e-02 1.776e+05
1.327e-01 1.356e+05
3.543e-01 9.416e+04
8.737e-02 1.831e+05
8.736e-02 1.858e+05
8.212e-02 1.948e+05
2.042e-01 1.126e+05
8.526e-02 1.889e+05
2.152e-01 1.043e+05
1.207e-01 1.505e+05
8.931e-02 1.828e+05
8.756e-02 1.882e+05
1.033e-01 1.620e+05
1.158e-01 1.471e+05
8.437e-02 1.913e+05
1.299e-01 1.368e+05
2.045e-01 1.144e+05
2.017e-01 1.146e+05
8.445e-02 1.904e+05
1.604e-01 1.280e+05
8.553e-02 1.921e+05
9.252e-02 1.751e+05
8.605e-02 1.890e+05
8.853e-02 1.833e+05
8.947e-02 1.811e+05
1.055e-01 1.616e+05
8.583e-02 1.890e+05
2.983e-01 9.221e+04
8.579e-02 1.908e+05
1.479e-01 1.261e+05
1.899e-01 1.216e+05
9.299e-02 1.766e+05
9.499e-02 1.703e+05
1.536e-01 1.285e+05
9.201e-02 1.782e+05
1.440e-01 1.339e+05
8.593e-02 1.883e+05
8.685e-02 1.865e+05
8.514e-02 1.903e+05
1.121e-01 1.556e+05
2.207e-01 1.078e+05
1.211e-01 1.424e+05
9.910e-02 1.680e+05
1.791e-01 1.194e+05
9.116e-02 1.769e+05
1.124e-01 1.491e+05
2.092e-01 1.082e+05
1.713e-01 1.228e+05
8.865e-02 1.851e+05
8.641e-02 1.881e+05
8.265e-02 1.956e+05
8.716e-02 1.861e+05
1.063e-01 1.598e+05
2.529e-01 1.019e+05
1.015e-01 1.674e+05
9.053e-02 1.812e+05
1.457e-01 1.340e+05
1.240e-01 1.402e+05
8.969e-02 1.808e+05
9.076e-02 1.825e+05
8.501e-02 1.896e+05
2.377e-01 1.026e+05
1.390e-01 1.359e+05
9.093e-02 1.804e+05
1.203e-01 1.462e+05
2.615e-01 1.023e+05
9.017e-02 1.810e+05
3.104e-01 9.607e+04
8.389e-02 1.921e+05
8.346e-02 1.933e+05
8.440e-02 1.921e+05
1.639e-01 1.287e+05
8.763e-02 1.858e+05
1.184e-01 1.432e+05
9.448e-02 1.761e+05
9.179e-02 1.804e+05
8.621e-02 1.884e+05
8.246e-02 1.971e+05
1.660e-01 1.279e+05
9.013e-02 1.809e+05
8.382e-02 1.915e+05
8.610e-02 1.879e+05
1.543e-01 1.231e+05
1.419e-01 1.361e+05
9.019e-02 1.787e+05
1.266e-01 1.460e+05
8.968e-02 1.833e+05
1.025e-01 1.646e+05
8.475e-02 1.893e+05
8.792e-02 1.847e+05
9.862e-02 1.685e+05
1.116e-01 1.528e+05
9.012e-02 1.835e+05
8.689e-02 1.887e+05
8.775e-02 1.869e+05
8.815e-02 1.862e+05
9.996e-02 1.667e+05
8.321e-02 1.929e+05
8.068e-02 2.001e+05
9.054e-02 1.800e+05
9.640e-02 1.681e+05
1.913e-01 1.117e+05
2.129e-01 1.082e+05
2.076e-01 1.099e+05
1.159e-01 1.460e+05
1.387e-01 1.370e+05
1.852e-01 1.164e+05
2.540e-01 1.017e+05
1.069e-01 1.553e+05
2.681e-01 9.994e+04
8.462e-02 1.911e+05
8.554e-02 1.882e+05
1.730e-01 1.243e+05
1.425e-01 1.300e+05
8.151e-02 1.967e+05
1.267e-01 1.417e+05
2.996e-01 8.878e+04
8.693e-02 1.890e+05
1.303e-01 1.386e+05
9.017e-02 1.814e+05
1.061e-01 1.557e+05
1.668e-01 1.235e+05
1.371e-01 1.390e+05
1.027e-01 1.630e+05
9.797e-02 1.731e+05
2.605e-01 1.017e+05
8.254e-02 1.955e+05
8.237e-02 1.958e+05
1.100e-01 1.589e+05
1.242e-01 1.443e+05
1.041e-01 1.601e+05
2.445e-01 9.965e+04
8.646e-02 1.861e+05
1.298e-01 1.424e+05
1.219e-01 1.487e+05
1.009e-01 1.645e+05
2.423e-01 1.040e+05
8.592e-02 1.890e+05
1.304e-01 1.361e+05
8.993e-02 1.826e+05
1.030e-01 1.608e+05
1.061e-01 1.621e+05
2.309e-01 9.839e+04
1.002e-01 1.679e+05
1.682e-01 1.241e+05
9.236e-02 1.780e+05
9.130e-02 1.794e+05
1.826e-01 1.139e+05
8.174e-02 1.962e+05
2.025e-01 1.134e+05
8.524e-02 1.910e+05
2.706e-01 9.952e+04
1.999e-01 1.132e+05
2.128e-01 1.095e+05
1.324e-01 1.374e+05
1.506e-01 1.290e+05
8.769e-02 1.855e+05
9.011e-02 1.817e+05
1.168e-01 1.464e+05
1.080e-01 1.623e+05
1.176e-01 1.503e+05
1.725e-01 1.224e+05
8.446e-02 1.918e+05
9.544e-02 1.737e+05
9.927e-02 1.668e+05
9.195e-02 1.788e+05
9.144e-02 1.792e+05
9.058e-02 1.792e+05
8.606e-02 1.901e+05
8.237e-02 1.945e+05
8.904e-02 1.835e+05
9.825e-02 1.663e+05
1.820e-01 1.208e+05
8.890e-02 1.838e+05
8.888e-02 1.860e+05
1.251e-01 1.463e+05
8.979e-02 1.803e+05
8.586e-02 1.889e+05
1.672e-01 1.241e+05
2.334e-01 1.090e+05
8.664e-02 1.881e+05
1.879e-01 1.189e+05
9.386e-02 1.757e+05
1.353e-01 1.352e+05
8.262e-02 1.938e+05
8.261e-02 1.937e+05
8.640e-02 1.876e+05
8.489e-02 1.896e+05
1.558e-01 1.253e+05
8.933e-02 1.834e+05
1.791e-01 1.147e+05
1.007e-01 1.682e+05
1.162e-01 1.497e+05
8.439e-02 1.917e+05
9.161e-02 1.814e+05
9.271e-02 1.772e+05
9.721e-02 1.669e+05
8.815e-02 1.847e+05
1.755e-01 1.202e+05
1.166e-01 1.541e+05
8.614e-02 1.870e+05
1.487e-01 1.335e+05
1.714e-01 1.174e+05
8.179e-02 1.979e+05
1.305e-01 1.359e+05
8.850e-02 1.836e+05
1.565e-01 1.267e+05
2.222e-01 1.126e+05
8.340e-02 1.952e+05
1.752e-01 1.202e+05
2.450e-01 1.079e+05
8.521e-02 1.888e+05
8.209e-02 1.956e+05
1.093e-01 1.591e+05
8.209e-02 1.978e+05
9.587e-02 1.745e+05
1.195e-01 1.472e+05
8.574e-02 1.886e+05
1.202e-01 1.451e+05
8.686e-02 1.894e+05
2.623e-01 9.847e+04
1.299e-01 1.430e+05
8.685e-02 1.864e+05
8.169e-02 1.962e+05
1.905e-01 1.194e+05
1.847e-01 1.162e+05
8.543e-02 1.909e+05
8.730e-02 1.848e+05
1.073e-01 1.582e+05
1.189e-01 1.531e+05
8.454e-02 1.917e+05
1.505e-01 1.236e+05
3.212e-01 9.097e+04
9.065e-02 1.795e+05
1.057e-01 1.613e+05
1.233e-01 1.465e+05
9.161e-02 1.795e+05
8.677e-02 1.898e+05
8.657e-02 1.895e+05
9.024e-02 1.842e+05
8.822e-02 1.817e+05
8.450e-02 1.929e+05
9.038e-02 1.812e+05
8.258e-02 1.957e+05
2.819e-01 9.351e+04
9.018e-02 1.821e+05
8.122e-02 1.988e+05
1.188e-01 1.522e+05
2.230e-01 1.075e+05
1.022e-01 1.635e+05
1.870e-01 1.161e+05
8.695e-02 1.865e+05
1.604e-01 1.301e+05
2.266e-01 1.058e+05
1.208e-01 1.497e+05
1.251e-01 1.487e+05
8.954e-02 1.817e+05
1.914e-01 1.148e+05
8.709e-02 1.869e+05
1.928e-01 1.123e+05
9.382e-02 1.752e+05
9.286e-02 1.788e+05
8.399e-02 1.925e+05
1.779e-01 1.126e+05
1.068e-01 1.543e+05
1.206e-01 1.480e+05
9.417e-02 1.757e+05
8.293e-02 1.965e+05
1.944e-01 1.130e+05
8.769e-02 1.854e+05
1.815e-01 1.192e+05
9.545e-02 1.744e+05
1.744e-01 1.212e+05
1.358e-01 1.410e+05
8.463e-02 1.902e+05
2.700e-01 1.006e+05
9.456e-02 1.747e+05
1.683e-01 1.175e+05
9.167e-02 1.791e+05
9.644e-02 1.720e+05
8.661e-02 1.879e+05
9.649e-02 1.700e+05
1.829e-01 1.106e+05
1.065e-01 1.609e+05
9.712e-02 1.724e+05
8.354e-02 1.929e+05
8.953e-02 1.812e+05
1.082e-01 1.570e+05
1.346e-01 1.396e+05
2.550e-01 1.016e+05
1.268e-01 1.438e+05
9.794e-02 1.712e+05
8.102e-02 1.998e+05
8.535e-02 1.919e+05
8.461e-02 1.930e+05
1.395e-01 1.355e+05
8.991e-02 1.833e+05
2.566e-01 9.506e+04
8.287e-02 1.942e+05
9.102e-02 1.808e+05
8.089e-02 1.985e+05
1.093e-01 1.582e+05
2.032e-01 1.117e+05
9.065e-02 1.802e+05
3.015e-01 9.470e+04
8.635e-02 1.891e+05
2.146e-01 1.121e+05
8.490e-02 1.923e+05
2.585e-01 1.065e+05
8.163e-02 1.974e+05
1.345e-01 1.389e+05
8.980e-02 1.820e+05
1.415e-01 1.362e+05
3.080e-01 9.803e+04
3.374e-01 9.043e+04
8.552e-02 1.889e+05
1.726e-01 1.175e+05
1.333e-01 1.369e+05
8.245e-02 1.953e+05
9.166e-02 1.774e+05
1.858e-01 1.166e+05
9.054e-02 1.812e+05
9.779e-02 1.691e+05
8.525e-02 1.899e+05
9.073e-02 1.791e+05
8.677e-02 1.892e+05
8.724e-02 1.867e+05
1.099e-01 1.575e+05
8.775e-02 1.840e+05
2.664e-01 1.020e+05
9.322e-02 1.791e+05
8.639e-02 1.879e+05
9.421e-02 1.757e+05
8.423e-02 1.909e+05
1.315e-01 1.392e+05
8.638e-02 1.875e+05
8.484e-02 1.904e+05
9.284e-02 1.779e+05
1.812e-01 1.106e+05
1.030e-01 1.666e+05
1.801e-01 1.118e+05
2.471e-01 1.088e+05
1.873e-01 1.119e+05
1.323e-01 1.402e+05
8.956e-02 1.818e+05
8.788e-02 1.856e+05
8.107e-02 1.995e+05
1.001e-01 1.691e+05
8.626e-02 1.870e+05
8.697e-02 1.876e+05
1.042e-01 1.589e+05
1.418e-01 1.356e+05
8.317e-02 1.941e+05
8.047e-02 1.998e+05
9.036e-02 1.834e+05
1.136e-01 1.504e+05
9.765e-02 1.684e+05
9.323e-02 1.771e+05
8.595e-02 1.895e+05
2.880e-01 9.722e+04
2.753e-01 1.009e+05
8.515e-02 1.892e+05
2.554e-01 1.027e+05
9.270e-02 1.770e+05
1.138e-01 1.487e+05
9.253e-02 1.770e+05
8.872e-02 1.835e+05
8.589e-02 1.886e+05
8.882e-02 1.839e+05
8.581e-02 1.906e+05
8.609e-02 1.886e+05
8.824e-02 1.837e+05
2.058e-01 1.110e+05
8.479e-02 1.908e+05
1.977e-01 1.105e+05
1.312e-01 1.337e+05
8.666e-02 1.847e+05
2.816e-01 1.010e+05
1.245e-01 1.436e+05
9.464e-02 1.749e+05
1.638e-01 1.224e+05
1.844e-01 1.188e+05
2.028e-01 1.156e+05
8.750e-02 1.871e+05
1.150e-01 1.548e+05
8.172e-02 1.978e+05
1.528e-01 1.235e+05
8.345e-02 1.945e+05
9.097e-02 1.804e+05
8.890e-02 1.814e+05
8.801e-02 1.846e+05
9.847e-02 1.690e+05
9.348e-02 1.758e+05
8.808e-02 1.849e+05
2.895e-01 9.682e+04
9.028e-02 1.831e+05
1.687e-01 1.225e+05
1.177e-01 1.523e+05
1.139e-01 1.478e+05
1.301e-01 1.439e+05
2.817e-01 9.612e+04
9.023e-02 1.824e+05
8.997e-02 1.827e+05
1.132e-01 1.530e+05
3.013e-01 9.674e+04
9.052e-02 1.817e+05
1.219e-01 1.451e+05
1.911e-01 1.205e+05
1.119e-01 1.540e+05
8.442e-02 1.908e+05
1.293e-01 1.430e+05
8.843e-02 1.841e+05
2.312e-01 1.075e+05
1.703e-01 1.250e+05
2.679e-01 9.979e+04
1.318e-01 1.435e+05
8.455e-02 1.918e+05
8.343e-02 1.917e+05
8.455e-02 1.933e+05
1.190e-01 1.493e+05
1.736e-01 1.212e+05
8.727e-02 1.862e+05
8.504e-02 1.885e+05
1.020e-01 1.633e+05
1.467e-01 1.322e+05
8.432e-02 1.906e+05
9.676e-02 1.683e+05
1.557e-01 1.268e+05
1.734e-01 1.257e+05
8.437e-02 1.904e+05
1.213e-01 1.463e+05
8.388e-02 1.921e+05
9.020e-02 1.777e+05
1.046e-01 1.607e+05
1.286e-01 1.433e+05
2.273e-01 1.051e+05
8.395e-02 1.904e+05
2.144e-01 1.086e+05
8.635e-02 1.896e+05
2.837e-01 9.884e+04
1.714e-01 1.227e+05
8.858e-02 1.806e+05
2.732e-01 9.068e+04
1.119e-01 1.533e+05
1.788e-01 1.192e+05
9.218e-02 1.794e+05
8.483e-02 1.903e+05
8.502e-02 1.883e+05
1.223e-01 1.452e+05
8.445e-02 1.917e+05
8.588e-02 1.901e+05
8.981e-02 1.811e+05
9.111e-02 1.801e+05
1.040e-01 1.623e+05
1.294e-01 1.450e+05
1.068e-01 1.629e+05
8.618e-02 1.874e+05
8.245e-02 1.957e+05
2.626e-01 9.644e+04
9.589e-02 1.687e+05
2.498e-01 9.245e+04
9.781e-02 1.671e+05
8.933e-02 1.820e+05
1.363e-01 1.375e+05
8.457e-02 1.915e+05
8.828e-02 1.844e+05
1.857e-01 1.175e+05
8.745e-02 1.870e+05
8.724e-02 1.849e+05
8.955e-02 1.803e+05
8.235e-02 1.949e+05
8.520e-02 1.881e+05
1.908e-01 1.095e+05
8.171e-02 1.970e+05
8.374e-02 1.940e+05
1.658e-01 1.270e+05
1.064e-01 1.632e+05
1.334e-01 1.357e+05
9.474e-02 1.755e+05
8.483e-02 1.917e+05
8.663e-02 1.873e+05
9.263e-02 1.779e+05
8.720e-02 1.863e+05
8.547e-02 1.867e+05
2.027e-01 1.113e+05
8.597e-02 1.866e+05
1.018e-01 1.646e+05
1.483e-01 1.295e+05
9.332e-02 1.765e+05
8.875e-02 1.836e+05
2.093e-01 1.025e+05
8.169e-02 1.970e+05
9.666e-02 1.747e+05
1.191e-01 1.459e+05
9.734e-02 1.740e+05
1.018e-01 1.630e+05
8.412e-02 1.916e+05
8.633e-02 1.899e+05
8.522e-02 1.901e+05
2.823e-01 9.805e+04
3.617e-01 8.210e+04
8.750e-02 1.870e+05
2.044e-01 1.126e+05
8.804e-02 1.869e+05
8.739e-02 1.856e+05
9.220e-02 1.789e+05
8.345e-02 1.935e+05
8.852e-02 1.867e+05
1.077e-01 1.583e+05
8.689e-02 1.871e+05
1.820e-01 1.168e+05
8.215e-02 1.957e+05
8.466e-02 1.923e+05
9.210e-02 1.774e+05
1.214e-01 1.472e+05
9.002e-02 1.816e+05
1.097e-01 1.545e+05
2.199e-01 1.069e+05
8.192e-02 1.982e+05
8.487e-02 1.928e+05
8.193e-02 1.966e+05
9.579e-02 1.736e+05
8.563e-02 1.894e+05
1.108e-01 1.549e+05
9.170e-02 1.781e+05
8.931e-02 1.843e+05
8.960e-02 1.820e+05
8.936e-02 1.810e+05
8.631e-02 1.883e+05
2.829e-01 9.188e+04
8.625e-02 1.885e+05
1.791e-01 1.221e+05
1.875e-01 1.161e+05
1.019e-01 1.652e+05
1.791e-01 1.174e+05
1.625e-01 1.245e+05
9.197e-02 1.792e+05
8.739e-02 1.865e+05
8.121e-02 1.990e+05
8.961e-02 1.824e+05
8.129e-02 1.973e+05
9.216e-02 1.765e+05
1.432e-01 1.339e+05
8.763e-02 1.859e+05
8.374e-02 1.929e+05
8.662e-02 1.869e+05
8.431e-02 1.938e+05
1.077e-01 1.570e+05
8.992e-02 1.819e+05
2.329e-01 1.056e+05
8.169e-02 1.988e+05
8.755e-02 1.864e+05
9.097e-02 1.794e+05
8.741e-02 1.863e+05
8.714e-02 1.863e+05
1.630e-01 1.193e+05
3.463e-01 9.009e+04
9.535e-02 1.750e+05
1.464e-01 1.242e+05
9.394e-02 1.745e+05
1.094e-01 1.582e+05
8.801e-02 1.856e+05
9.058e-02 1.815e+05
8.277e-02 1.950e+05
2.124e-01 1.033e+05
2.733e-01 9.534e+04
1.067e-01 1.609e+05
1.874e-01 1.159e+05
1.146e-01 1.518e+05
8.573e-02 1.917e+05
1.867e-01 1.191e+05
8.530e-02 1.894e+05
8.922e-02 1.848e+05
8.486e-02 1.891e+05
9.743e-02 1.705e+05
8.426e-02 1.910e+05
1.312e-01 1.403e+05
8.673e-02 1.879e+05
1.802e-01 1.186e+05
9.585e-02 1.739e+05
9.344e-02 1.784e+05
8.742e-02 1.862e+05
8.597e-02 1.894e+05
1.095e-01 1.584e+05
9.216e-02 1.782e+05
2.452e-01 1.005e+05
8.771e-02 1.850e+05
8.042e-02 1.998e+05
1.979e-01 1.109e+05
8.829e-02 1.846e+05
1.297e-01 1.411e+05
9.585e-02 1.713e+05
9.158e-02 1.802e+05
8.831e-02 1.839e+05
1.547e-01 1.319e+05
8.345e-02 1.930e+05
8.826e-02 1.862e+05
8.927e-02 1.831e+05
1.131e-01 1.521e+05
1.331e-01 1.334e+05
8.264e-02 1.943e+05
2.410e-01 1.042e+05
1.583e-01 1.229e+05
1.180e-01 1.521e+05
9.333e-02 1.753e+05
1.269e-01 1.368e+05
9.401e-02 1.749e+05
8.851e-02 1.838e+05
8.354e-02 1.924e+05
1.228e-01 1.452e+05
1.694e-01 1.195e+05
8.401e-02 1.939e+05
3.214e-01 9.604e+04
8.199e-02 1.962e+05
8.690e-02 1.860e+05
8.338e-02 1.955e+05
8.898e-02 1.827e+05
8.294e-02 1.952e+05
2.195e-01 1.076e+05
1.976e-01 1.132e+05
1.685e-01 1.197e+05
8.405e-02 1.918e+05
9.385e-02 1.730e+05
8.380e-02 1.942e+05
9.487e-02 1.742e+05
9.702e-02 1.710e+05
8.880e-02 1.833e+05
8.577e-02 1.899e+05
1.360e-01 1.332e+05
8.824e-02 1.844e+05
1.904e-01 1.194e+05
1.899e-01 1.087e+05
1.032e-01 1.675e+05
9.464e-02 1.773e+05
1.975e-01 1.178e+05
1.305e-01 1.408e+05
1.572e-01 1.246e+05
9.094e-02 1.811e+05
1.285e-01 1.380e+05
1.781e-01 1.154e+05
9.387e-02 1.759e+05
1.260e-01 1.436e+05
8.765e-02 1.855e+05
1.136e-01 1.557e+05
1.302e-01 1.417e+05
9.758e-02 1.691e+05
1.110e-01 1.561e+05
1.032e-01 1.592e+05
1.017e-01 1.626e+05
8.163e-02 1.976e+05
9.734e-02 1.711e+05
8.965e-02 1.810e+05
9.220e-02 1.772e+05
8.864e-02 1.855e+05
8.801e-02 1.828e+05
8.651e-02 1.879e+05
9.180e-02 1.789e+05
9.088e-02 1.821e+05
2.509e-01 1.031e+05
1.304e-01 1.417e+05
8.292e-02 1.930e+05
8.364e-02 1.931e+05
8.420e-02 1.931e+05
3.037e-01 9.739e+04
1.016e-01 1.687e+05
2.216e-01 1.059e+05
1.760e-01 1.136e+05
8.613e-02 1.883e+05
9.045e-02 1.797e+05
8.251e-02 1.955e+05
2.997e-01 9.763e+04
1.858e-01 1.177e+05
8.990e-02 1.824e+05
2.714e-01 1.010e+05
1.568e-01 1.260e+05
1.567e-01 1.269e+05
8.554e-02 1.904e+05
1.245e-01 1.441e+05
8.801e-02 1.836e+05
8.637e-02 1.879e+05
1.198e-01 1.505e+05
9.825e-02 1.688e+05
9.076e-02 1.815e+05
2.113e-01 1.066e+05
1.651e-01 1.221e+05
8.285e-02 1.941e+05
1.356e-01 1.357e+05
1.452e-01 1.339e+05
8.493e-02 1.890e+05
1.332e-01 1.370e+05
9.753e-02 1.701e+05
2.188e-01 1.056e+05
2.509e-01 1.046e+05
1.941e-01 1.119e+05
8.584e-02 1.905e+05
9.073e-02 1.811e+05
1.333e-01 1.397e+05
2.360e-01 1.040e+05
9.024e-02 1.824e+05
1.602e-01 1.267e+05
1.240e-01 1.440e+05
1.470e-01 1.287e+05
1.799e-01 1.198e+05
2.462e-01 1.011e+05
8.657e-02 1.887e+05
8.122e-02 1.975e+05
2.128e-01 1.120e+05
1.007e-01 1.664e+05
8.872e-02 1.833e+05
1.534e-01 1.252e+05
1.356e-01 1.353e+05
9.573e-02 1.716e+05
9.463e-02 1.766e+05
9.063e-02 1.793e+05
8.473e-02 1.890e+05
8.810e-02 1.845e+05
1.012e-01 1.659e+05
8.831e-02 1.857e+05
2.921e-01 9.817e+04
1.886e-01 1.168e+05
9.447e-02 1.730e+05
9.116e-02 1.797e+05
8.413e-02 1.904e+05
9.292e-02 1.763e+05
8.527e-02 1.912e+05
8.670e-02 1.868e+05
1.452e-01 1.339e+05
8.732e-02 1.865e+05
8.851e-02 1.836e+05
8.477e-02 1.921e+05
8.602e-02 1.882e+05
9.708e-02 1.695e+05
8.955e-02 1.833e+05
8.823e-02 1.829e+05
8.688e-02 1.877e+05
8.658e-02 1.869e+05
1.748e-01 1.191e+05
8.936e-02 1.834e+05
9.780e-02 1.696e+05
8.316e-02 1.940e+05
8.187e-02 1.977e+05
1.519e-01 1.277e+05
8.915e-02 1.851e+05
1.629e-01 1.238e+05
8.721e-02 1.863e+05
8.818e-02 1.853e+05
1.187e-01 1.455e+05
1.670e-01 1.200e+05
8.851e-02 1.846e+05
2.042e-01 1.122e+05
8.710e-02 1.849e+05
1.874e-01 1.223e+05
1.849e-01 1.216e+05
1.189e-01 1.483e+05
1.258e-01 1.453e+05
9.261e-02 1.752e+05
9.989e-02 1.669e+05
1.480e-01 1.318e+05
1.317e-01 1.404e+05
1.501e-01 1.294e+05
3.892e-01 8.034e+04
1.279e-01 1.440e+05
8.335e-02 1.947e+05
9.182e-02 1.804e+05
1.400e-01 1.395e+05
2.379e-01 1.076e+05
9.948e-02 1.637e+05
8.129e-02 1.974e+05
8.154e-02 1.973e+05
1.392e-01 1.358e+05
1.178e-01 1.528e+05
1.472e-01 1.323e+05
8.770e-02 1.841e+05
2.283e-01 1.050e+05
9.372e-02 1.752e+05
9.322e-02 1.751e+05
1.030e-01 1.609e+05
2.981e-01 9.450e+04
8.874e-02 1.842e+05
9.545e-02 1.732e+05
8.651e-02 1.876e+05
9.175e-02 1.791e+05
2.747e-01 9.455e+04
1.023e-01 1.670e+05
9.008e-02 1.832e+05
8.411e-02 1.905e+05
9.250e-02 1.802e+05
8.756e-02 1.854e+05
8.667e-02 1.892e+05
9.581e-02 1.713e+05
3.672e-01 8.308e+04
1.263e-01 1.434e+05
8.558e-02 1.885e+05
1.010e-01 1.681e+05
8.639e-02 1.880e+05
8.987e-02 1.818e+05
8.328e-02 1.933e+05
1.149e-01 1.502e+05
9.861e-02 1.658e+05
9.058e-02 1.807e+05
1.508e-01 1.291e+05
8.609e-02 1.880e+05
1.117e-01 1.558e+05
8.633e-02 1.858e+05
1.000e-01 1.669e+05
8.142e-02 1.971e+05
1.917e-01 1.111e+05
8.678e-02 1.852e+05
1.478e-01 1.340e+05
9.682e-02 1.702e+05
9.291e-02 1.739e+05
8.365e-02 1.916e+05
8.791e-02 1.867e+05
9.158e-02 1.788e+05
8.690e-02 1.868e+05
1.211e-01 1.442e+05
8.347e-02 1.933e+05
2.761e-01 9.921e+04
1.565e-01 1.220e+05
8.763e-02 1.885e+05
9.595e-02 1.745e+05
9.011e-02 1.822e+05
1.501e-01 1.270e+05
2.387e-01 1.026e+05
1.130e-01 1.563e+05
1.799e-01 1.158e+05
8.578e-02 1.905e+05
2.058e-01 1.076e+05
2.333e-01 1.044e+05
8.581e-02 1.901e+05
8.592e-02 1.894e+05
1.560e-01 1.264e+05
8.689e-02 1.861e+05
9.395e-02 1.751e+05
1.248e-01 1.459e+05
9.159e-02 1.790e+05
8.350e-02 1.933e+05
8.538e-02 1.905e+05
1.130e-01 1.516e+05
1.569e-01 1.237e+05
8.570e-02 1.912e+05
9.257e-02 1.799e+05
9.038e-02 1.808e+05
2.110e-01 1.135e+05
8.247e-02 1.945e+05
3.063e-01 9.318e+04
1.343e-01 1.405e+05
8.618e-02 1.900e+05
1.706e-01 1.202e+05
1.026e-01 1.643e+05
1.468e-01 1.316e+05
1.760e-01 1.202e+05
8.611e-02 1.866e+05
1.908e-01 1.103e+05
1.121e-01 1.564e+05
1.714e-01 1.193e+05
9.206e-02 1.808e+05
8.758e-02 1.852e+05
8.300e-02 1.962e+05
1.037e-01 1.577e+05
8.716e-02 1.873e+05
8.042e-02 2.004e+05
8.715e-02 1.882e+05
1.564e-01 1.224e+05
2.905e-01 9.103e+04
8.912e-02 1.842e+05
1.200e-01 1.471e+05
2.083e-01 1.100e+05
8.704e-02 1.871e+05
8.468e-02 1.929e+05
1.653e-01 1.214e+05
8.047e-02 2.001e+05
8.606e-02 1.874e+05
8.280e-02 1.942e+05
8.300e-02 1.961e+05
8.279e-02 1.957e+05
1.373e-01 1.372e+05
8.525e-02 1.901e+05
9.073e-02 1.811e+05
1.151e-01 1.526e+05
9.261e-02 1.774e+05
9.428e-02 1.725e+05
9.204e-02 1.768e+05
9.637e-02 1.713e+05
8.207e-02 1.950e+05
1.027e-01 1.651e+05
2.724e-01 9.667e+04
2.174e-01 1.099e+05
8.978e-02 1.813e+05
1.532e-01 1.298e+05
2.339e-01 1.057e+05
8.103e-02 1.982e+05
1.488e-01 1.324e+05
8.279e-02 1.942e+05
1.352e-01 1.386e+05
1.114e-01 1.554e+05
8.656e-02 1.879e+05
1.048e-01 1.602e+05
1.117e-01 1.535e+05
1.396e-01 1.375e+05
1.458e-01 1.344e+05
8.736e-02 1.862e+05
9.682e-02 1.712e+05
1.117e-01 1.529e+05
8.950e-02 1.832e+05
1.202e-01 1.469e+05
1.299e-01 1.406e+05
9.517e-02 1.755e+05
2.257e-01 1.075e+05
1.160e-01 1.526e+05
8.608e-02 1.881e+05
9.704e-02 1.723e+05
3.096e-01 8.719e+04
8.503e-02 1.901e+05
1.957e-01 1.091e+05
8.372e-02 1.936e+05
8.685e-02 1.879e+05
8.708e-02 1.873e+05
2.367e-01 1.061e+05
2.500e-01 1.027e+05
2.424e-01 1.025e+05
8.964e-02 1.822e+05
9.630e-02 1.723e+05
1.176e-01 1.476e+05
8.653e-02 1.860e+05
8.879e-02 1.839e+05
9.522e-02 1.746e+05
8.555e-02 1.874e+05
1.251e-01 1.461e+05
9.267e-02 1.773e+05
8.872e-02 1.812e+05
9.730e-02 1.665e+05
2.744e-01 1.014e+05
1.802e-01 1.200e+05
8.745e-02 1.879e+05
1.158e-01 1.542e+05
1.118e-01 1.540e+05
8.726e-02 1.837e+05
8.729e-02 1.861e+05
2.178e-01 1.081e+05
8.745e-02 1.876e+05
2.664e-01 9.760e+04
1.549e-01 1.267e+05
1.523e-01 1.290e+05
1.422e-01 1.324e+05
1.788e-01 1.150e+05
8.821e-02 1.835e+05
8.976e-02 1.824e+05
8.372e-02 1.919e+05
8.697e-02 1.883e+05
1.809e-01 1.209e+05
8.971e-02 1.820e+05
2.733e-01 1.009e+05
8.445e-02 1.907e+05
9.469e-02 1.760e+05
2.267e-01 1.014e+05
8.535e-02 1.880e+05
8.606e-02 1.897e+05
2.959e-01 9.467e+04
2.389e-01 1.014e+05
8.826e-02 1.866e+05
8.971e-02 1.838e+05
8.775e-02 1.846e+05
2.593e-01 9.962e+04
8.838e-02 1.842e+05
1.098e-01 1.552e+05
8.596e-02 1.890e+05
1.987e-01 1.128e+05
2.756e-01 9.387e+04
9.105e-02 1.804e+05
2.758e-01 9.801e+04
1.621e-01 1.246e+05
1.455e-01 1.345e+05
8.857e-02 1.836e+05
2.584e-01 9.843e+04
1.343e-01 1.399e+05
1.667e-01 1.191e+05
1.003e-01 1.685e+05
8.897e-02 1.836e+05
8.296e-02 1.956e+05
1.342e-01 1.406e+05
8.659e-02 1.892e+05
1.484e-01 1.346e+05
3.259e-01 9.522e+04
8.747e-02 1.857e+05
1.549e-01 1.322e+05
1.263e-01 1.371e+05
9.431e-02 1.731e+05
8.805e-02 1.872e+05
8.820e-02 1.828e+05
1.077e-01 1.563e+05
1.011e-01 1.670e+05
8.882e-02 1.848e+05
1.964e-01 1.196e+05
9.120e-02 1.808e+05
8.789e-02 1.841e+05
8.322e-02 1.957e+05
2.359e-01 1.024e+05
8.746e-02 1.878e+05
1.004e-01 1.659e+05
8.421e-02 1.930e+05
8.710e-02 1.864e+05
8.654e-02 1.874e+05
1.741e-01 1.198e+05
1.619e-01 1.252e+05
8.797e-02 1.856e+05
2.458e-01 1.032e+05
1.538e-01 1.303e+05
8.784e-02 1.866e+05
9.668e-02 1.674e+05
9.213e-02 1.764e+05
8.718e-02 1.867e+05
2.864e-01 1.001e+05
8.663e-02 1.878e+05
8.234e-02 1.942e+05
1.229e-01 1.436e+05
9.143e-02 1.805e+05
2.244e-01 1.008e+05
1.063e-01 1.624e+05
9.045e-02 1.810e+05
8.317e-02 1.958e+05
8.523e-02 1.902e+05
8.883e-02 1.860e+05
8.738e-02 1.866e+05
8.955e-02 1.834e+05
9.096e-02 1.827e+05
9.045e-02 1.804e+05
1.333e-01 1.401e+05
1.632e-01 1.298e+05
8.556e-02 1.914e+05
9.863e-02 1.670e+05
1.021e-01 1.645e+05
8.853e-02 1.844e+05
8.702e-02 1.865e+05
1.194e-01 1.485e+05
8.454e-02 1.908e+05
2.563e-01 1.022e+05
1.032e-01 1.615e+05
2.621e-01 1.016e+05
1.175e-01 1.518e+05
8.933e-02 1.851e+05
8.401e-02 1.914e+05
1.429e-01 1.290e+05
9.788e-02 1.661e+05
8.584e-02 1.890e+05
8.363e-02 1.924e+05
9.032e-02 1.797e+05
8.816e-02 1.837e+05
8.473e-02 1.911e+05
8.863e-02 1.832e+05
8.550e-02 1.895e+05
8.971e-02 1.806e+05
8.667e-02 1.881e+05
8.586e-02 1.897e+05
8.602e-02 1.893e+05
8.148e-02 1.981e+05
8.350e-02 1.920e+05
8.975e-02 1.824e+05
8.987e-02 1.819e+05
9.099e-02 1.782e+05
8.256e-02 1.965e+05
3.336e-01 9.241e+04
8.326e-02 1.954e+05
1.724e-01 1.245e+05
9.041e-02 1.813e+05
8.680e-02 1.866e+05
9.153e-02 1.804e+05
1.869e-01 1.138e+05
1.259e-01 1.420e+05
9.033e-02 1.802e+05
1.732e-01 1.249e+05
8.338e-02 1.917e+05
8.542e-02 1.895e+05
8.914e-02 1.839e+05
8.374e-02 1.935e+05
8.887e-02 1.837e+05
8.666e-02 1.869e+05
8.685e-02 1.868e+05
3.153e-01 9.509e+04
2.744e-01 1.012e+05
8.827e-02 1.839e+05
8.554e-02 1.883e+05
9.102e-02 1.801e+05
8.766e-02 1.854e+05
9.661e-02 1.717e+05
8.609e-02 1.887e+05
1.687e-01 1.227e+05
2.567e-01 9.717e+04
8.711e-02 1.865e+05
2.116e-01 1.068e+05
1.039e-01 1.637e+05
2.076e-01 1.119e+05
9.314e-02 1.773e+05
1.610e-01 1.290e+05
9.926e-02 1.679e+05
1.791e-01 1.164e+05
1.212e-01 1.448e+05
2.874e-01 9.830e+04
1.622e-01 1.232e+05
2.118e-01 1.138e+05
8.416e-02 1.922e+05
9.289e-02 1.748e+05
1.805e-01 1.143e+05
1.211e-01 1.479e+05
8.707e-02 1.877e+05
8.858e-02 1.839e+05
2.793e-01 9.582e+04
1.638e-01 1.299e+05
1.153e-01 1.452e+05
1.108e-01 1.564e+05
1.033e-01 1.593e+05
2.117e-01 1.106e+05
8.605e-02 1.871e+05
8.895e-02 1.830e+05
2.795e-01 9.652e+04
1.830e-01 1.225e+05
1.533e-01 1.269e+05
8.883e-02 1.833e+05
8.560e-02 1.894e+05
2.536e-01 1.019e+05
8.508e-02 1.885e+05
8.576e-02 1.894e+05
8.673e-02 1.865e+05
3.034e-01 8.480e+04
1.096e-01 1.563e+05
1.897e-01 1.138e+05
8.753e-02 1.848e+05
8.893e-02 1.852e+05
1.031e-01 1.676e+05
8.890e-02 1.831e+05
9.148e-02 1.791e+05
1.199e-01 1.442e+05
1.801e-01 1.176e+05
1.116e-01 1.529e+05
8.041e-02 2.001e+05
1.505e-01 1.283e+05
8.777e-02 1.855e+05
8.371e-02 1.938e+05
8.825e-02 1.814e+05
1.787e-01 1.196e+05
1.556e-01 1.293e+05
3.047e-01 9.762e+04
2.247e-01 1.086e+05
1.209e-01 1.443e+05
1.855e-01 1.211e+05
8.099e-02 1.993e+05
2.861e-01 9.916e+04
1.796e-01 1.155e+05
2.732e-01 1.015e+05
1.590e-01 1.240e+05
1.643e-01 1.214e+05
9.224e-02 1.783e+05
8.372e-02 1.940e+05
9.040e-02 1.808e+05
2.328e-01 1.086e+05
8.655e-02 1.881e+05
1.006e-01 1.646e+05
2.003e-01 1.179e+05
1.071e-01 1.587e+05
2.473e-01 9.795e+04
9.041e-02 1.788e+05
2.318e-01 1.038e+05
1.684e-01 1.170e+05
8.216e-02 1.948e+05
8.762e-02 1.843e+05
8.956e-02 1.823e+05
2.080e-01 1.082e+05
2.567e-01 1.011e+05
1.159e-01 1.556e+05
9.087e-02 1.786e+05
8.685e-02 1.865e+05
8.379e-02 1.947e+05
2.941e-01 8.674e+04
9.888e-02 1.694e+05
9.394e-02 1.774e+05
9.478e-02 1.752e+05
9.753e-02 1.668e+05
9.822e-02 1.672e+05
1.983e-01 1.115e+05
8.940e-02 1.819e+05
1.236e-01 1.421e+05
8.905e-02 1.834e+05
2.843e-01 9.477e+04
9.230e-02 1.788e+05
9.409e-02 1.761e+05
1.114e-01 1.524e+05
3.763e-01 7.943e+04
1.169e-01 1.525e+05
8.963e-02 1.816e+05
1.496e-01 1.298e+05
8.594e-02 1.881e+05
8.651e-02 1.903e+05
1.534e-01 1.287e+05
9.481e-02 1.741e+05
8.181e-02 1.982e+05
8.556e-02 1.901e+05
1.134e-01 1.504e+05
8.515e-02 1.896e+05
1.169e-01 1.500e+05
8.753e-02 1.885e+05
8.807e-02 1.868e+05
2.780e-01 9.748e+04
8.667e-02 1.868e+05
8.696e-02 1.878e+05
9.067e-02 1.806e+05
2.017e-01 1.137e+05
1.487e-01 1.262e+05
2.913e-01 9.049e+04
1.534e-01 1.286e+05
8.133e-02 1.978e+05
1.133e-01 1.548e+05
1.933e-01 1.162e+05
9.080e-02 1.803e+05
2.008e-01 1.151e+05
1.763e-01 1.121e+05
8.732e-02 1.886e+05
8.433e-02 1.910e+05
8.781e-02 1.864e+05
2.000e-01 1.148e+05
2.170e-01 1.127e+05
8.774e-02 1.851e+05
9.055e-02 1.794e+05
8.134e-02 1.991e+05
1.019e-01 1.654e+05
1.043e-01 1.624e+05
1.006e-01 1.659e+05
1.698e-01 1.150e+05
9.015e-02 1.813e+05
1.078e-01 1.575e+05
8.348e-02 1.944e+05
1.278e-01 1.389e+05
8.485e-02 1.883e+05
1.100e-01 1.554e+05
8.849e-02 1.852e+05
8.359e-02 1.927e+05
8.607e-02 1.884e+05
9.600e-02 1.732e+05
1.235e-01 1.430e+05
2.544e-01 1.009e+05
8.845e-02 1.844e+05
8.246e-02 1.950e+05
1.881e-01 1.119e+05
8.678e-02 1.875e+05
9.602e-02 1.731e+05
9.144e-02 1.826e+05
1.887e-01 1.172e+05
1.279e-01 1.397e+05
8.542e-02 1.875e+05
8.652e-02 1.873e+05
9.146e-02 1.823e+05
8.462e-02 1.912e+05
1.989e-01 1.138e+05
1.518e-01 1.224e+05
1.005e-01 1.668e+05
1.027e-01 1.642e+05
8.149e-02 1.982e+05
8.405e-02 1.946e+05
8.631e-02 1.891e+05
2.915e-01 9.820e+04
8.231e-02 1.972e+05
3.071e-01 9.499e+04
9.042e-02 1.812e+05
1.555e-01 1.315e+05
1.951e-01 1.133e+05
1.712e-01 1.208e+05
1.073e-01 1.558e+05
2.928e-01 9.684e+04
2.076e-01 1.104e+05
9.264e-02 1.786e+05
8.552e-02 1.898e+05
1.639e-01 1.271e+05
1.663e-01 1.253e+05
8.841e-02 1.844e+05
1.803e-01 1.108e+05
8.878e-02 1.837e+05
1.959e-01 1.192e+05
9.301e-02 1.796e+05
2.202e-01 1.051e+05
8.688e-02 1.853e+05
1.407e-01 1.329e+05
8.209e-02 1.948e+05
1.900e-01 1.145e+05
1.954e-01 1.136e+05
1.437e-01 1.377e+05
8.678e-02 1.877e+05
8.639e-02 1.872e+05
1.312e-01 1.388e+05
1.097e-01 1.574e+05
2.426e-01 1.029e+05
2.156e-01 1.149e+05
1.690e-01 1.197e+05
8.728e-02 1.838e+05
1.583e-01 1.266e+05
1.013e-01 1.678e+05
1.096e-01 1.561e+05
1.939e-01 1.168e+05
8.318e-02 1.931e+05
1.564e-01 1.223e+05
2.801e-01 9.080e+04
8.278e-02 1.957e+05
1.465e-01 1.337e+05
2.374e-01 1.037e+05
9.157e-02 1.787e+05
8.456e-02 1.898e+05
9.538e-02 1.738e+05
8.713e-02 1.881e+05
8.877e-02 1.840e+05
9.108e-02 1.799e+05
8.846e-02 1.858e+05
9.142e-02 1.808e+05
9.647e-02 1.707e+05
1.385e-01 1.385e+05
8.241e-02 1.967e+05
1.263e-01 1.429e+05
8.833e-02 1.851e+05
2.168e-01 1.133e+05
9.483e-02 1.759e+05
8.305e-02 1.951e+05
8.225e-02 1.949e+05
2.090e-01 1.141e+05
1.634e-01 1.268e+05
8.993e-02 1.824e+05
1.304e-01 1.422e+05
9.653e-02 1.730e+05
9.130e-02 1.810e+05
1.086e-01 1.611e+05
8.748e-02 1.864e+05
1.265e-01 1.441e+05
9.939e-02 1.679e+05
8.129e-02 1.976e+05
8.435e-02 1.931e+05
8.649e-02 1.872e+05
8.496e-02 1.890e+05
8.381e-02 1.920e+05
1.992e-01 1.199e+05
9.369e-02 1.733e+05
1.459e-01 1.367e+05
8.237e-02 1.971e+05
9.470e-02 1.738e+05
1.687e-01 1.218e+05
9.302e-02 1.771e+05
1.979e-01 1.104e+05
8.896e-02 1.824e+05
8.842e-02 1.863e+05
8.466e-02 1.927e+05
9.909e-02 1.704e+05
8.094e-02 1.990e+05
8.981e-02 1.791e+05
1.079e-01 1.621e+05
2.801e-01 1.014e+05
9.799e-02 1.696e+05
2.053e-01 1.069e+05
8.886e-02 1.832e+05
1.179e-01 1.465e+05
8.929e-02 1.814e+05
8.734e-02 1.857e+05
2.099e-01 1.155e+05
1.575e-01 1.326e+05
8.660e-02 1.850e+05
9.733e-02 1.714e+05
8.141e-02 1.972e+05
9.510e-02 1.756e+05
1.478e-01 1.292e+05
1.749e-01 1.186e+05
1.348e-01 1.355e+05
8.917e-02 1.823e+05
8.516e-02 1.896e+05
8.263e-02 1.950e+05
8.400e-02 1.918e+05
1.389e-01 1.313e+05
1.134e-01 1.554e+05
1.032e-01 1.680e+05
1.202e-01 1.413e+05
8.484e-02 1.904e+05
8.980e-02 1.801e+05
8.711e-02 1.872e+05
3.065e-01 9.424e+04
9.563e-02 1.753e+05
9.704e-02 1.718e+05
8.903e-02 1.835e+05
1.302e-01 1.406e+05
8.773e-02 1.860e+05
1.325e-01 1.356e+05
9.071e-02 1.811e+05
2.257e-01 1.035e+05
9.337e-02 1.792e+05
1.167e-01 1.543e+05
1.430e-01 1.336e+05
2.435e-01 1.073e+05
3.123e-01 7.621e+04
8.467e-02 1.896e+05
2.141e-01 1.105e+05
8.779e-02 1.842e+05
8.322e-02 1.922e+05
3.391e-01 9.206e+04
9.395e-02 1.779e+05
8.788e-02 1.845e+05
9.131e-02 1.817e+05
1.609e-01 1.243e+05
9.285e-02 1.767e+05
2.056e-01 1.105e+05
1.316e-01 1.386e+05
8.386e-02 1.915e+05
1.301e-01 1.347e+05
9.250e-02 1.810e+05
1.694e-01 1.261e+05
2.994e-01 9.661e+04
1.827e-01 1.216e+05
8.852e-02 1.850e+05
8.656e-02 1.882e+05
1.899e-01 1.136e+05
1.119e-01 1.515e+05
8.674e-02 1.884e+05
3.514e-01 8.419e+04
1.025e-01 1.642e+05
1.026e-01 1.675e+05
9.080e-02 1.828e+05
8.542e-02 1.922e+05
8.676e-02 1.859e+05
9.053e-02 1.823e+05
9.262e-02 1.774e+05
8.533e-02 1.891e+05
2.393e-01 1.071e+05
1.541e-01 1.248e+05
8.601e-02 1.890e+05
1.431e-01 1.387e+05
8.972e-02 1.825e+05
1.002e-01 1.686e+05
2.411e-01 1.084e+05
8.125e-02 1.995e+05
8.651e-02 1.899e+05
9.929e-02 1.685e+05
1.312e-01 1.396e+05
1.233e-01 1.403e+05
9.401e-02 1.755e+05
2.170e-01 1.039e+05
8.229e-02 1.949e+05
8.560e-02 1.887e+05
8.873e-02 1.835e+05
1.073e-01 1.620e+05
3.111e-01 9.376e+04
3.565e-01 8.985e+04
1.511e-01 1.269e+05
8.750e-02 1.857e+05
8.725e-02 1.855e+05
8.741e-02 1.851e+05
1.875e-01 1.169e+05
8.964e-02 1.822e+05
8.972e-02 1.828e+05
1.293e-01 1.378e+05
8.751e-02 1.851e+05
8.864e-02 1.823e+05
1.208e-01 1.475e+05
8.531e-02 1.919e+05
8.879e-02 1.811e+05
8.736e-02 1.846e+05
9.105e-02 1.788e+05
1.764e-01 1.176e+05
1.001e-01 1.685e+05
1.258e-01 1.425e+05
2.264e-01 1.103e+05
9.088e-02 1.774e+05
2.623e-01 9.934e+04
9.159e-02 1.786e+05
1.933e-01 1.142e+05
1.194e-01 1.497e+05
8.746e-02 1.884e+05
8.183e-02 1.968e+05
8.449e-02 1.920e+05
8.729e-02 1.870e+05
8.516e-02 1.909e+05
1.976e-01 1.100e+05
2.639e-01 9.453e+04
8.394e-02 1.913e+05
8.597e-02 1.896e+05
2.328e-01 1.075e+05
8.649e-02 1.897e+05
1.229e-01 1.400e+05
1.563e-01 1.248e+05
2.792e-01 9.715e+04
2.078e-01 1.172e+05
1.015e-01 1.649e+05
8.112e-02 1.978e+05
1.752e-01 1.189e+05
1.468e-01 1.325e+05
8.496e-02 1.895e+05
8.082e-02 1.996e+05
1.367e-01 1.365e+05
1.441e-01 1.328e+05
1.215e-01 1.444e+05
8.849e-02 1.831e+05
8.282e-02 1.943e+05
8.168e-02 1.964e+05
9.329e-02 1.766e+05
2.270e-01 1.019e+05
9.276e-02 1.776e+05
8.438e-02 1.912e+05
8.698e-02 1.863e+05
8.670e-02 1.893e+05
1.081e-01 1.578e+05
1.644e-01 1.231e+05
8.723e-02 1.834e+05
8.788e-02 1.851e+05
9.035e-02 1.814e+05
8.492e-02 1.891e+05
8.921e-02 1.850e+05
8.708e-02 1.877e+05
8.924e-02 1.839e+05
8.458e-02 1.912e+05
1.379e-01 1.315e+05
1.508e-01 1.265e+05
8.528e-02 1.905e+05
8.801e-02 1.857e+05
2.396e-01 1.022e+05
8.699e-02 1.867e+05
8.937e-02 1.829e+05
9.633e-02 1.730e+05
1.847e-01 1.163e+05
8.810e-02 1.852e+05
1.230e-01 1.452e+05
8.940e-02 1.840e+05
8.588e-02 1.882e+05
1.865e-01 1.158e+05
3.259e-01 9.333e+04
9.514e-02 1.742e+05
8.381e-02 1.934e+05
8.862e-02 1.828e+05
9.189e-02 1.786e+05
1.967e-01 1.088e+05
2.928e-01 9.446e+04
2.235e-01 1.073e+05
1.190e-01 1.447e+05
1.513e-01 1.300e+05
9.736e-02 1.666e+05
2.125e-01 1.137e+05
1.822e-01 1.109e+05
1.010e-01 1.619e+05
1.376e-01 1.388e+05
9.268e-02 1.779e+05
8.536e-02 1.893e+05
9.158e-02 1.795e+05
8.415e-02 1.909e+05
9.205e-02 1.778e+05
1.523e-01 1.269e+05
1.305e-01 1.439e+05
1.393e-01 1.291e+05
8.873e-02 1.840e+05
1.033e-01 1.631e+05
8.666e-02 1.898e+05
8.807e-02 1.862e+05
9.121e-02 1.807e+05
8.634e-02 1.877e+05
1.883e-01 1.182e+05
1.083e-01 1.590e+05
1.570e-01 1.244e+05
8.781e-02 1.853e+05
8.969e-02 1.819e+05
8.593e-02 1.887e+05
8.559e-02 1.891e+05
2.062e-01 1.096e+05
8.935e-02 1.809e+05
8.314e-02 1.932e+05
8.985e-02 1.830e+05
8.638e-02 1.879e+05
8.376e-02 1.939e+05
2.088e-01 1.115e+05
8.647e-02 1.891e+05
9.145e-02 1.790e+05
1.095e-01 1.554e+05
8.925e-02 1.829e+05
8.441e-02 1.896e+05
8.906e-02 1.846e+05
8.955e-02 1.830e+05
8.890e-02 1.826e+05
9.169e-02 1.788e+05
8.687e-02 1.867e+05
2.130e-01 1.103e+05
1.839e-01 1.173e+05
8.692e-02 1.867e+05
1.665e-01 1.199e+05
8.650e-02 1.898e+05
8.897e-02 1.801e+05
2.298e-01 1.051e+05
8.762e-02 1.835e+05
1.028e-01 1.668e+05
1.077e-01 1.604e+05
8.556e-02 1.903e+05
8.800e-02 1.847e+05
1.692e-01 1.235e+05
8.639e-02 1.881e+05
1.034e-01 1.651e+05
1.233e-01 1.492e+05
8.519e-02 1.903e+05
8.565e-02 1.907e+05
1.230e-01 1.425e+05
1.534e-01 1.295e+05
1.974e-01 1.085e+05
8.571e-02 1.898e+05
8.648e-02 1.887e+05
8.583e-02 1.895e+05
9.220e-02 1.787e+05
1.415e-01 1.284e+05
1.438e-01 1.342e+05
9.099e-02 1.799e+05
8.863e-02 1.843e+05
9.756e-02 1.676e+05
9.077e-02 1.821e+05
8.605e-02 1.878e+05
9.526e-02 1.753e+05
1.859e-01 1.091e+05
1.287e-01 1.432e+05
9.008e-02 1.818e+05
9.338e-02 1.778e+05
2.335e-01 1.064e+05
8.555e-02 1.906e+05
1.172e-01 1.458e+05
8.848e-02 1.841e+05
1.275e-01 1.436e+05
1.699e-01 1.224e+05
8.805e-02 1.845e+05
3.663e-01 9.051e+04
1.330e-01 1.401e+05
1.147e-01 1.566e+05
8.539e-02 1.916e+05
8.789e-02 1.859e+05
9.501e-02 1.729e+05
1.272e-01 1.408e+05
9.843e-02 1.693e+05
8.866e-02 1.840e+05
8.544e-02 1.906e+05
9.006e-02 1.815e+05
1.065e-01 1.588e+05
1.712e-01 1.187e+05
8.819e-02 1.842e+05
8.858e-02 1.841e+05
1.887e-01 1.173e+05
2.157e-01 1.109e+05
8.118e-02 1.994e+05
1.665e-01 1.196e+05
1.623e-01 1.289e+05
1.260e-01 1.399e+05
8.428e-02 1.933e+05
9.720e-02 1.709e+05
8.838e-02 1.847e+05
1.038e-01 1.655e+05
8.770e-02 1.859e+05
9.129e-02 1.814e+05
2.168e-01 1.069e+05
1.380e-01 1.406e+05
1.172e-01 1.526e+05
2.620e-01 9.933e+04
8.473e-02 1.913e+05
8.230e-02 1.945e+05
2.582e-01 1.012e+05
8.424e-02 1.938e+05
8.461e-02 1.897e+05
1.070e-01 1.635e+05
8.270e-02 1.947e+05
3.135e-01 8.970e+04
8.186e-02 1.976e+05
8.802e-02 1.845e+05
8.199e-02 1.959e+05
9.453e-02 1.771e+05
2.850e-01 9.765e+04
1.090e-01 1.579e+05
9.172e-02 1.780e+05
1.125e-01 1.526e+05
2.728e-01 9.924e+04
1.121e-01 1.522e+05
8.843e-02 1.846e+05
1.410e-01 1.362e+05
9.167e-02 1.777e+05
8.677e-02 1.864e+05
2.367e-01 9.272e+04
2.379e-01 1.046e+05
1.094e-01 1.587e+05
8.595e-02 1.890e+05
8.078e-02 1.984e+05
2.844e-01 1.018e+05
8.751e-02 1.857e+05
9.269e-02 1.739e+05
1.606e-01 1.296e+05
1.002e-01 1.663e+05
1.410e-01 1.263e+05
1.386e-01 1.339e+05
1.169e-01 1.488e+05
1.306e-01 1.411e+05
1.229e-01 1.428e+05
1.231e-01 1.452e+05
9.282e-02 1.780e+05
9.014e-02 1.826e+05
2.467e-01 1.031e+05
9.353e-02 1.758e+05
1.902e-01 1.099e+05
1.514e-01 1.302e+05
1.161e-01 1.550e+05
8.853e-02 1.836e+05
2.191e-01 1.020e+05
2.134e-01 1.047e+05
1.033e-01 1.597e+05
8.181e-02 1.963e+05
1.062e-01 1.602e+05
8.311e-02 1.946e+05
8.668e-02 1.894e+05
2.937e-01 1.010e+05
1.465e-01 1.338e+05
1.188e-01 1.495e+05
1.380e-01 1.306e+05
1.133e-01 1.520e+05
8.513e-02 1.924e+05
2.929e-01 9.169e+04
1.106e-01 1.555e+05
1.352e-01 1.376e+05
8.594e-02 1.882e+05
9.066e-02 1.795e+05
8.758e-02 1.859e+05
8.422e-02 1.920e+05
8.549e-02 1.889e+05
1.068e-01 1.629e+05
2.297e-01 9.946e+04
1.695e-01 1.260e+05
8.735e-02 1.875e+05
8.695e-02 1.874e+05
8.323e-02 1.924e+05
1.538e-01 1.279e+05
2.003e-01 1.135e+05
1.102e-01 1.571e+05
1.548e-01 1.241e+05
1.732e-01 1.214e+05
1.034e-01 1.629e+05
1.210e-01 1.468e+05
8.455e-02 1.898e+05
1.072e-01 1.586e+05
8.883e-02 1.844e+05
1.507e-01 1.339e+05
9.252e-02 1.800e+05
1.418e-01 1.367e+05
1.566e-01 1.268e+05
1.134e-01 1.506e+05
1.513e-01 1.261e+05
8.585e-02 1.883e+05
9.322e-02 1.751e+05
1.294e-01 1.416e+05
8.219e-02 1.962e+05
8.991e-02 1.823e+05
8.252e-02 1.949e+05
8.655e-02 1.874e+05
3.069e-01 8.406e+04
1.101e-01 1.552e+05
2.741e-01 1.042e+05
1.184e-01 1.476e+05
8.640e-02 1.878e+05
8.922e-02 1.842e+05
9.367e-02 1.763e+05
8.869e-02 1.838e+05
1.130e-01 1.565e+05
8.765e-02 1.859e+05
2.446e-01 1.021e+05
9.221e-02 1.797e+05
8.686e-02 1.865e+05
8.318e-02 1.938e+05
2.074e-01 1.124e+05
8.273e-02 1.932e+05
1.169e-01 1.500e+05
8.223e-02 1.951e+05
8.234e-02 1.970e+05
1.015e-01 1.601e+05
8.806e-02 1.863e+05
8.024e-02 2.007e+05
8.277e-02 1.949e+05
3.026e-01 9.581e+04
2.042e-01 1.087e+05
1.741e-01 1.190e+05
8.665e-02 1.899e+05
1.138e-01 1.539e+05
2.109e-01 1.078e+05
8.912e-02 1.841e+05
2.071e-01 1.074e+05
9.211e-02 1.755e+05
8.833e-02 1.840e+05
1.185e-01 1.454e+05
1.231e-01 1.506e+05
1.200e-01 1.452e+05
1.058e-01 1.621e+05
1.963e-01 1.135e+05
8.344e-02 1.946e+05
1.001e-01 1.680e+05
8.868e-02 1.852e+05
2.039e-01 1.124e+05
2.579e-01 9.776e+04
1.446e-01 1.317e+05
1.348e-01 1.365e+05
1.956e-01 1.116e+05
1.527e-01 1.295e+05
1.841e-01 1.141e+05
1.177e-01 1.504e+05
2.333e-01 1.086e+05
1.043e-01 1.620e+05
9.329e-02 1.756e+05
8.371e-02 1.924e+05
9.173e-02 1.778e+05
1.726e-01 1.215e+05
2.388e-01 9.898e+04
8.168e-02 1.968e+05
8.800e-02 1.869e+05
9.005e-02 1.824e+05
8.796e-02 1.876e+05
9.729e-02 1.671e+05
2.140e-01 1.139e+05
9.357e-02 1.760e+05
1.115e-01 1.499e+05
2.398e-01 1.101e+05
8.678e-02 1.893e+05
8.784e-02 1.872e+05
8.195e-02 1.966e+05
9.819e-02 1.732e+05
9.075e-02 1.807e+05
8.746e-02 1.854e+05
1.035e-01 1.610e+05
8.748e-02 1.837e+05
8.447e-02 1.914e+05
1.017e-01 1.644e+05
8.702e-02 1.864e+05
8.840e-02 1.855e+05
9.325e-02 1.762e+05
8.671e-02 1.896e+05
8.556e-02 1.893e+05
8.267e-02 1.962e+05
8.743e-02 1.830e+05
8.926e-02 1.829e+05
9.064e-02 1.802e+05
8.751e-02 1.869e+05
8.609e-02 1.880e+05
1.261e-01 1.453e+05
9.334e-02 1.727e+05
9.741e-02 1.702e+05
8.113e-02 1.981e+05
1.748e-01 1.194e+05
8.873e-02 1.842e+05
8.873e-02 1.853e+05
3.342e-01 9.570e+04
3.115e-01 9.401e+04
2.071e-01 1.025e+05
1.383e-01 1.330e+05
1.211e-01 1.449e+05
2.198e-01 1.054e+05
8.828e-02 1.849e+05
1.054e-01 1.634e+05
8.848e-02 1.829e+05
3.718e-01 7.837e+04
2.611e-01 9.520e+04
8.641e-02 1.882e+05
2.335e-01 1.035e+05
2.209e-01 1.108e+05
9.380e-02 1.756e+05
1.680e-01 1.212e+05
1.522e-01 1.270e+05
8.686e-02 1.886e+05
1.409e-01 1.336e+05
8.694e-02 1.875e+05
2.197e-01 1.080e+05
8.716e-02 1.861e+05
9.582e-02 1.722e+05
9.167e-02 1.785e+05
8.326e-02 1.926e+05
1.234e-01 1.448e+05
2.230e-01 1.102e+05
1.023e-01 1.658e+05
8.397e-02 1.943e+05
8.337e-02 1.921e+05
2.385e-01 1.040e+05
8.448e-02 1.896e+05
1.314e-01 1.390e+05
1.648e-01 1.176e+05
1.012e-01 1.649e+05
9.071e-02 1.807e+05
2.985e-01 9.974e+04
9.058e-02 1.816e+05
8.611e-02 1.883e+05
1.943e-01 1.165e+05
1.623e-01 1.279e+05
1.144e-01 1.517e+05
2.221e-01 1.083e+05
3.052e-01 9.228e+04
9.976e-02 1.680e+05
1.360e-01 1.388e+05
8.902e-02 1.831e+05
8.226e-02 1.957e+05
8.497e-02 1.902e+05
9.655e-02 1.700e+05
2.387e-01 1.038e+05
8.400e-02 1.936e+05
9.012e-02 1.811e+05
1.427e-01 1.279e+05
2.118e-01 1.163e+05
1.023e-01 1.622e+05
9.171e-02 1.796e+05
1.009e-01 1.643e+05
1.634e-01 1.213e+05
2.412e-01 1.017e+05
1.510e-01 1.283e+05
8.555e-02 1.883e+05
1.086e-01 1.600e+05
9.178e-02 1.797e+05
9.035e-02 1.821e+05
8.586e-02 1.909e+05
2.522e-01 1.073e+05
1.080e-01 1.590e+05
9.803e-02 1.655e+05
1.902e-01 1.192e+05
2.059e-01 1.127e+05
8.751e-02 1.869e+05
1.219e-01 1.448e+05
8.493e-02 1.928e+05
8.420e-02 1.943e+05
1.735e-01 1.169e+05
8.580e-02 1.877e+05
9.918e-02 1.683e+05
1.448e-01 1.251e+05
8.586e-02 1.902e+05
9.166e-02 1.789e+05
8.987e-02 1.793e+05
8.293e-02 1.943e+05
1.072e-01 1.595e+05
1.398e-01 1.279e+05
8.749e-02 1.849e+05
1.188e-01 1.497e+05
8.723e-02 1.879e+05
9.101e-02 1.786e+05
8.314e-02 1.929e+05
1.236e-01 1.461e+05
8.101e-02 1.995e+05
3.059e-01 9.835e+04
2.366e-01 1.065e+05
2.241e-01 1.048e+05
2.395e-01 1.054e+05
1.874e-01 1.165e+05
8.971e-02 1.824e+05
9.076e-02 1.794e+05
1.534e-01 1.310e+05
8.283e-02 1.967e+05
1.072e-01 1.565e+05
8.927e-02 1.850e+05
9.098e-02 1.805e+05
1.167e-01 1.444e+05
8.801e-02 1.837e+05
9.137e-02 1.791e+05
2.229e-01 1.020e+05
1.149e-01 1.529e+05
8.158e-02 1.963e+05
9.812e-02 1.717e+05
9.005e-02 1.794e+05
8.838e-02 1.853e+05
8.808e-02 1.874e+05
1.757e-01 1.159e+05
9.181e-02 1.792e+05
2.319e-01 1.070e+05
9.135e-02 1.797e+05
1.499e-01 1.307e+05
1.006e-01 1.677e+05
1.887e-01 1.127e+05
1.298e-01 1.432e+05
8.680e-02 1.891e+05
8.440e-02 1.920e+05
8.531e-02 1.902e+05
8.344e-02 1.953e+05
1.815e-01 1.142e+05
8.191e-02 1.957e+05
1.084e-01 1.602e+05
1.310e-01 1.355e+05
9.068e-02 1.790e+05
1.820e-01 1.206e+05
1.226e-01 1.459e+05
1.844e-01 1.201e+05
1.361e-01 1.384e+05
9.678e-02 1.744e+05
1.976e-01 1.089e+05
2.395e-01 1.036e+05
1.037e-01 1.663e+05
1.254e-01 1.473e+05
1.342e-01 1.394e+05
1.252e-01 1.426e+05
2.132e-01 1.085e+05
8.952e-02 1.813e+05
8.756e-02 1.880e+05
9.050e-02 1.804e+05
8.168e-02 1.963e+05
1.509e-01 1.299e+05
9.563e-02 1.739e+05
8.746e-02 1.867e+05
8.610e-02 1.868e+05
8.714e-02 1.891e+05
8.516e-02 1.912e+05
2.097e-01 1.124e+05
8.781e-02 1.854e+05
1.036e-01 1.635e+05
2.513e-01 1.025e+05
1.367e-01 1.324e+05
9.170e-02 1.794e+05
8.556e-02 1.903e+05
1.822e-01 1.188e+05
1.142e-01 1.534e+05
2.226e-01 1.058e+05
9.063e-02 1.826e+05
3.319e-01 9.210e+04
3.021e-01 9.215e+04
8.151e-02 1.977e+05
1.237e-01 1.486e+05
8.368e-02 1.948e+05
8.415e-02 1.919e+05
8.634e-02 1.901e+05
9.261e-02 1.785e+05
8.416e-02 1.917e+05
1.011e-01 1.660e+05
8.549e-02 1.897e+05
2.020e-01 1.072e+05
8.398e-02 1.944e+05
8.780e-02 1.862e+05
8.503e-02 1.918e+05
1.734e-01 1.208e+05
1.221e-01 1.406e+05
8.901e-02 1.846e+05
8.444e-02 1.912e+05
8.982e-02 1.820e+05
1.121e-01 1.563e+05
8.864e-02 1.863e+05
1.275e-01 1.445e+05
8.943e-02 1.823e+05
8.749e-02 1.840e+05
8.607e-02 1.910e+05
1.633e-01 1.264e+05
8.894e-02 1.833e+05
2.293e-01 1.056e+05
9.035e-02 1.828e+05
8.239e-02 1.949e+05
2.522e-01 1.042e+05
1.597e-01 1.245e+05
1.063e-01 1.598e+05
8.880e-02 1.850e+05
8.805e-02 1.838e+05
1.158e-01 1.507e+05
8.400e-02 1.913e+05
1.561e-01 1.251e+05
8.181e-02 1.983e+05
8.211e-02 1.965e+05
1.545e-01 1.287e+05
8.656e-02 1.875e+05
1.040e-01 1.630e+05
1.154e-01 1.517e+05
8.969e-02 1.817e+05
1.512e-01 1.264e+05
8.068e-02 1.994e+05
8.822e-02 1.861e+05
1.151e-01 1.501e+05
8.336e-02 1.945e+05
1.033e-01 1.668e+05
9.031e-02 1.803e+05
1.892e-01 1.129e+05
9.326e-02 1.765e+05
8.560e-02 1.910e+05
1.070e-01 1.537e+05
1.152e-01 1.567e+05
1.232e-01 1.479e+05
1.785e-01 1.166e+05
8.763e-02 1.864e+05
2.157e-01 1.138e+05
8.560e-02 1.891e+05
1.301e-01 1.399e+05
1.911e-01 1.127e+05
1.359e-01 1.345e+05
8.607e-02 1.894e+05
1.002e-01 1.668e+05
1.087e-01 1.553e+05
8.081e-02 1.997e+05
9.212e-02 1.788e+05
2.565e-01 1.035e+05
8.205e-02 1.971e+05
1.286e-01 1.407e+05
8.864e-02 1.840e+05
8.817e-02 1.869e+05
1.175e-01 1.485e+05
9.522e-02 1.748e+05
8.412e-02 1.906e+05
1.177e-01 1.521e+05
2.021e-01 1.061e+05
8.235e-02 1.956e+05
9.572e-02 1.727e+05
9.285e-02 1.765e+05
1.979e-01 1.163e+05
1.317e-01 1.404e+05
1.104e-01 1.561e+05
8.889e-02 1.829e+05
9.119e-02 1.792e+05
8.805e-02 1.859e+05
8.605e-02 1.892e+05
1.184e-01 1.448e+05
9.707e-02 1.694e+05
8.759e-02 1.869e+05
1.344e-01 1.374e+05
2.179e-01 1.082e+05
1.169e-01 1.538e+05
8.799e-02 1.854e+05
8.037e-02 2.004e+05
8.525e-02 1.905e+05
3.062e-01 9.442e+04
1.037e-01 1.616e+05
2.603e-01 9.619e+04
2.280e-01 1.088e+05
1.132e-01 1.530e+05
9.107e-02 1.827e+05
1.395e-01 1.377e+05
8.924e-02 1.834e+05
8.779e-02 1.875e+05
1.176e-01 1.518e+05
9.685e-02 1.719e+05
3.105e-01 9.107e+04
1.581e-01 1.277e+05
1.821e-01 1.237e+05
1.144e-01 1.511e+05
1.138e-01 1.508e+05
8.639e-02 1.884e+05
8.557e-02 1.912e+05
1.002e-01 1.669e+05
2.108e-01 1.121e+05
1.102e-01 1.562e+05
9.057e-02 1.817e+05
1.860e-01 1.161e+05
8.627e-02 1.876e+05
2.029e-01 1.128e+05
8.682e-02 1.875e+05
9.465e-02 1.737e+05
2.471e-01 1.041e+05
9.063e-02 1.813e+05
1.057e-01 1.619e+05
2.875e-01 1.003e+05
1.608e-01 1.288e+05
9.113e-02 1.792e+05
8.322e-02 1.929e+05
9.027e-02 1.814e+05
9.348e-02 1.765e+05
8.949e-02 1.826e+05
9.003e-02 1.842e+05
1.462e-01 1.312e+05
8.411e-02 1.930e+05
8.544e-02 1.907e+05
8.384e-02 1.914e+05
1.031e-01 1.592e+05
8.914e-02 1.827e+05
8.986e-02 1.810e+05
8.751e-02 1.879e+05
2.236e-01 1.078e+05
1.004e-01 1.653e+05
9.006e-02 1.825e+05
8.948e-02 1.833e+05
8.482e-02 1.894e+05
8.622e-02 1.885e+05
1.025e-01 1.645e+05
8.761e-02 1.841e+05
9.398e-02 1.757e+05
9.227e-02 1.785e+05
2.204e-01 1.040e+05
1.064e-01 1.594e+05
2.462e-01 1.036e+05
1.037e-01 1.640e+05
8.452e-02 1.897e+05
8.958e-02 1.829e+05
2.524e-01 9.384e+04
2.105e-01 1.086e+05
9.162e-02 1.820e+05
2.676e-01 9.900e+04
2.520e-01 1.016e+05
9.659e-02 1.714e+05
1.530e-01 1.265e+05
8.771e-02 1.865e+05
8.519e-02 1.914e+05
9.985e-02 1.661e+05
1.068e-01 1.607e+05
2.343e-01 1.074e+05
8.475e-02 1.930e+05
1.139e-01 1.543e+05
1.117e-01 1.527e+05
8.978e-02 1.817e+05
2.436e-01 1.056e+05
2.137e-01 1.127e+05
9.249e-02 1.775e+05
2.133e-01 1.090e+05
1.681e-01 1.258e+05
8.583e-02 1.882e+05
1.473e-01 1.283e+05
8.315e-02 1.931e+05
1.044e-01 1.639e+05
8.604e-02 1.894e+05
1.761e-01 1.176e+05
1.313e-01 1.414e+05
2.137e-01 1.052e+05
8.712e-02 1.860e+05
1.416e-01 1.377e+05
9.153e-02 1.803e+05
1.112e-01 1.554e+05
8.685e-02 1.871e+05
8.274e-02 1.959e+05
8.362e-02 1.927e+05
9.029e-02 1.844e+05
8.932e-02 1.833e+05
8.584e-02 1.913e+05
8.706e-02 1.872e+05
8.291e-02 1.934e+05
8.530e-02 1.916e+05
1.687e-01 1.149e+05
9.221e-02 1.775e+05
8.745e-02 1.859e+05
1.273e-01 1.450e+05
9.485e-02 1.728e+05
1.092e-01 1.546e+05
1.488e-01 1.315e+05
1.321e-01 1.376e+05
1.679e-01 1.168e+05
1.034e-01 1.624e+05
8.658e-02 1.894e+05
8.553e-02 1.903e+05
2.753e-01 9.877e+04
8.485e-02 1.908e+05
2.066e-01 1.074e+05
1.340e-01 1.397e+05
1.045e-01 1.623e+05
1.007e-01 1.674e+05
2.601e-01 1.003e+05
2.779e-01 9.594e+04
8.919e-02 1.835e+05
8.607e-02 1.887e+05
2.115e-01 1.073e+05
8.510e-02 1.895e+05
2.390e-01 1.015e+05
1.685e-01 1.247e+05
2.478e-01 1.022e+05
8.840e-02 1.844e+05
8.604e-02 1.902e+05
8.412e-02 1.928e+05
1.235e-01 1.424e+05
9.017e-02 1.823e+05
9.533e-02 1.738e+05
2.082e-01 1.129e+05
8.376e-02 1.919e+05
1.619e-01 1.277e+05
2.671e-01 1.001e+05
8.632e-02 1.903e+05
8.613e-02 1.880e+05
8.600e-02 1.881e+05
1.965e-01 1.128e+05
9.287e-02 1.762e+05
1.212e-01 1.477e+05
1.078e-01 1.630e+05
1.161e-01 1.450e+05
1.092e-01 1.602e+05
8.608e-02 1.890e+05
2.865e-01 9.448e+04
8.075e-02 1.998e+05
8.754e-02 1.861e+05
8.909e-02 1.837e+05
8.877e-02 1.831e+05
1.968e-01 1.085e+05
1.299e-01 1.354e+05
8.857e-02 1.866e+05
8.757e-02 1.875e+05
8.633e-02 1.885e+05
2.304e-01 1.081e+05
9.000e-02 1.806e+05
1.369e-01 1.406e+05
8.615e-02 1.880e+05
9.354e-02 1.760e+05
1.321e-01 1.426e+05
8.689e-02 1.846e+05
9.030e-02 1.789e+05
8.100e-02 1.981e+05
8.630e-02 1.855e+05
2.379e-01 1.051e+05
1.099e-01 1.554e+05
1.363e-01 1.370e+05
1.163e-01 1.505e+05
1.414e-01 1.326e+05
8.464e-02 1.899e+05
1.500e-01 1.247e+05
8.824e-02 1.829e+05
1.054e-01 1.625e+05
1.052e-01 1.589e+05
9.510e-02 1.743e+05
8.354e-02 1.944e+05
8.550e-02 1.912e+05
8.539e-02 1.916e+05
8.840e-02 1.841e+05
1.724e-01 1.217e+05
2.798e-01 9.616e+04
8.806e-02 1.851e+05
1.586e-01 1.306e+05
8.519e-02 1.892e+05
9.495e-02 1.767e+05
2.131e-01 1.067e+05
1.041e-01 1.638e+05
9.515e-02 1.707e+05
1.713e-01 1.175e+05
1.214e-01 1.492e+05
9.946e-02 1.646e+05
1.549e-01 1.329e+05
8.790e-02 1.824e+05
9.106e-02 1.822e+05
8.512e-02 1.895e+05
8.412e-02 1.941e+05
3.263e-01 8.882e+04
9.800e-02 1.715e+05
1.939e-01 1.151e+05
8.934e-02 1.839e+05
9.504e-02 1.734e+05
1.158e-01 1.489e+05
8.600e-02 1.891e+05
8.896e-02 1.836e+05
1.621e-01 1.246e+05
8.389e-02 1.919e+05
2.739e-01 1.024e+05
3.795e-01 9.176e+04
1.289e-01 1.451e+05
9.078e-02 1.816e+05
1.584e-01 1.235e+05
8.784e-02 1.856e+05
1.265e-01 1.395e+05
1.016e-01 1.655e+05
8.618e-02 1.853e+05
9.571e-02 1.724e+05
1.388e-01 1.361e+05
1.151e-01 1.500e+05
1.243e-01 1.443e+05
1.091e-01 1.572e+05
8.194e-02 1.962e+05
2.403e-01 1.085e+05
9.811e-02 1.674e+05
8.493e-02 1.896e+05
1.170e-01 1.504e+05
8.713e-02 1.853e+05
2.183e-01 1.080e+05
9.602e-02 1.736e+05
1.040e-01 1.635e+05
8.981e-02 1.825e+05
8.565e-02 1.891e+05
1.245e-01 1.431e+05
1.550e-01 1.253e+05
9.015e-02 1.817e+05
2.883e-01 9.950e+04
1.257e-01 1.408e+05
3.515e-01 9.034e+04
8.191e-02 1.954e+05
1.716e-01 1.206e+05
9.052e-02 1.780e+05
8.411e-02 1.906e+05
2.502e-01 1.076e+05
8.856e-02 1.826e+05
8.756e-02 1.863e+05
8.711e-02 1.863e+05
9.009e-02 1.783e+05
8.513e-02 1.921e+05
3.005e-01 9.989e+04
9.153e-02 1.796e+05
1.292e-01 1.412e+05
1.113e-01 1.577e+05
8.848e-02 1.844e+05
2.260e-01 1.024e+05
9.439e-02 1.758e+05
1.014e-01 1.640e+05
8.928e-02 1.822e+05
1.593e-01 1.255e+05
1.114e-01 1.533e+05
1.325e-01 1.317e+05
1.701e-01 1.175e+05
1.941e-01 1.096e+05
9.094e-02 1.808e+05
2.292e-01 1.037e+05
2.899e-01 1.001e+05
8.711e-02 1.866e+05
1.273e-01 1.436e+05
1.557e-01 1.275e+05
8.373e-02 1.920e+05
9.067e-02 1.822e+05
1.354e-01 1.334e+05
8.801e-02 1.834e+05
8.442e-02 1.911e+05
2.291e-01 1.070e+05
8.662e-02 1.868e+05
2.834e-01 9.524e+04
1.413e-01 1.361e+05
8.563e-02 1.915e+05
1.297e-01 1.424e+05
8.699e-02 1.864e+05
9.208e-02 1.781e+05
1.507e-01 1.298e+05
8.662e-02 1.892e+05
8.606e-02 1.895e+05
9.217e-02 1.788e+05
8.663e-02 1.879e+05
1.346e-01 1.392e+05
9.164e-02 1.790e+05
1.041e-01 1.636e+05
1.040e-01 1.616e+05
1.722e-01 1.193e+05
9.522e-02 1.734e+05
8.518e-02 1.891e+05
8.274e-02 1.966e+05
1.171e-01 1.506e+05
8.476e-02 1.905e+05
1.805e-01 1.176e+05
2.142e-01 1.128e+05
3.025e-01 9.622e+04
1.733e-01 1.199e+05
2.581e-01 9.590e+04
8.315e-02 1.934e+05
1.842e-01 1.190e+05
1.796e-01 1.176e+05
1.454e-01 1.265e+05
1.127e-01 1.562e+05
8.699e-02 1.867e+05
9.252e-02 1.792e+05
8.791e-02 1.843e+05
2.128e-01 1.122e+05
1.308e-01 1.401e+05
1.674e-01 1.259e+05
1.692e-01 1.240e+05
1.563e-01 1.256e+05
1.166e-01 1.486e+05
1.136e-01 1.522e+05
9.425e-02 1.755e+05
2.021e-01 1.131e+05
8.594e-02 1.887e+05
8.568e-02 1.898e+05
2.721e-01 9.790e+04
8.313e-02 1.938e+05
8.171e-02 1.979e+05
9.343e-02 1.762e+05
9.060e-02 1.816e+05
2.076e-01 1.122e+05
2.573e-01 1.011e+05
9.217e-02 1.781e+05
1.858e-01 1.186e+05
8.935e-02 1.828e+05
1.268e-01 1.406e+05
2.320e-01 1.057e+05
1.787e-01 1.195e+05
8.941e-02 1.834e+05
9.438e-02 1.748e+05
1.918e-01 1.187e+05
9.529e-02 1.747e+05
1.046e-01 1.625e+05
9.935e-02 1.692e+05
1.037e-01 1.640e+05
8.967e-02 1.821e+05
8.263e-02 1.952e+05
8.653e-02 1.862e+05
1.258e-01 1.399e+05
8.498e-02 1.883e+05
9.514e-02 1.755e+05
1.256e-01 1.439e+05
1.254e-01 1.421e+05
1.656e-01 1.181e+05
3.000e-01 9.294e+04
8.662e-02 1.883e+05
1.089e-01 1.584e+05
8.534e-02 1.899e+05
8.602e-02 1.869e+05
8.932e-02 1.831e+05
8.737e-02 1.858e+05
1.147e-01 1.500e+05
8.122e-02 1.981e+05
8.529e-02 1.894e+05
1.809e-01 1.160e+05
1.107e-01 1.565e+05
8.263e-02 1.936e+05
8.299e-02 1.947e+05
8.493e-02 1.908e+05
2.227e-01 1.126e+05
8.885e-02 1.804e+05
1.961e-01 1.108e+05
1.807e-01 1.143e+05
8.199e-02 1.963e+05
1.649e-01 1.237e+05
8.461e-02 1.904e+05
8.937e-02 1.852e+05
8.036e-02 2.001e+05
9.714e-02 1.695e+05
9.683e-02 1.733e+05
1.279e-01 1.457e+05
8.472e-02 1.894e+05
2.238e-01 1.116e+05
8.531e-02 1.894e+05
1.579e-01 1.309e+05
1.268e-01 1.390e+05
1.651e-01 1.275e+05
1.965e-01 1.121e+05
2.860e-01 9.798e+04
1.775e-01 1.187e+05
1.125e-01 1.536e+05
8.835e-02 1.834e+05
8.501e-02 1.908e+05
1.042e-01 1.627e+05
1.067e-01 1.582e+05
1.612e-01 1.190e+05
2.652e-01 9.301e+04
8.819e-02 1.847e+05
8.171e-02 1.969e+05
8.482e-02 1.915e+05
8.770e-02 1.876e+05
8.602e-02 1.912e+05
8.289e-02 1.933e+05
8.548e-02 1.916e+05
9.780e-02 1.708e+05
2.000e-01 1.156e+05
8.527e-02 1.907e+05
9.287e-02 1.783e+05
9.095e-02 1.809e+05
2.024e-01 1.058e+05
1.002e-01 1.677e+05
8.719e-02 1.861e+05
8.632e-02 1.874e+05
8.726e-02 1.854e+05
1.449e-01 1.277e+05
1.000e-01 1.686e+05
8.873e-02 1.828e+05
8.333e-02 1.933e+05
1.586e-01 1.245e+05
8.660e-02 1.876e+05
1.885e-01 1.187e+05
1.629e-01 1.246e+05
8.298e-02 1.943e+05
1.427e-01 1.310e+05
8.772e-02 1.850e+05
1.363e-01 1.371e+05
8.435e-02 1.936e+05
1.249e-01 1.410e+05
8.284e-02 1.937e+05
8.660e-02 1.876e+05
8.738e-02 1.867e+05
8.235e-02 1.959e+05
1.310e-01 1.331e+05
1.097e-01 1.573e+05
9.533e-02 1.691e+05
8.625e-02 1.871e+05
1.598e-01 1.194e+05
8.800e-02 1.849e+05
1.951e-01 1.088e+05
2.082e-01 1.035e+05
9.048e-02 1.814e+05
2.357e-01 1.023e+05
8.858e-02 1.860e+05
8.746e-02 1.857e+05
1.023e-01 1.652e+05
8.105e-02 1.989e+05
8.667e-02 1.853e+05
8.563e-02 1.918e+05
2.599e-01 9.665e+04
1.169e-01 1.543e+05
1.529e-01 1.279e+05
8.668e-02 1.894e+05
8.609e-02 1.879e+05
2.790e-01 9.453e+04
9.860e-02 1.715e+05
2.305e-01 1.033e+05
1.066e-01 1.576e+05
1.559e-01 1.247e+05
1.424e-01 1.310e+05
2.508e-01 1.006e+05
1.259e-01 1.455e+05
8.715e-02 1.862e+05
8.988e-02 1.819e+05
8.734e-02 1.873e+05
9.563e-02 1.743e+05
8.714e-02 1.871e+05
1.808e-01 1.147e+05
1.724e-01 1.219e+05
8.768e-02 1.864e+05
1.432e-01 1.327e+05
1.000e-01 1.626e+05
9.626e-02 1.730e+05
1.142e-01 1.536e+05
9.258e-02 1.770e+05
2.202e-01 1.102e+05
9.034e-02 1.819e+05
1.450e-01 1.308e+05
9.018e-02 1.812e+05
8.612e-02 1.887e+05
1.205e-01 1.462e+05
2.801e-01 1.030e+05
2.530e-01 1.044e+05
9.054e-02 1.806e+05
9.828e-02 1.685e+05
1.183e-01 1.524e+05
8.750e-02 1.880e+05
9.545e-02 1.714e+05
1.313e-01 1.407e+05
8.584e-02 1.884e+05
1.827e-01 1.118e+05
1.235e-01 1.472e+05
8.586e-02 1.887e+05
8.890e-02 1.843e+05
2.086e-01 1.072e+05
2.752e-01 9.909e+04
2.207e-01 1.033e+05
1.067e-01 1.593e+05
8.166e-02 1.989e+05
8.733e-02 1.872e+05
1.122e-01 1.586e+05
8.707e-02 1.869e+05
8.688e-02 1.871e+05
1.294e-01 1.352e+05
8.606e-02 1.876e+05
8.503e-02 1.903e+05
1.914e-01 1.189e+05
2.020e-01 1.183e+05
2.468e-01 1.064e+05
8.915e-02 1.826e+05
8.382e-02 1.921e+05
8.684e-02 1.887e+05
2.814e-01 9.879e+04
3.128e-01 9.254e+04
1.612e-01 1.263e+05
8.500e-02 1.905e+05
1.121e-01 1.506e+05
8.589e-02 1.882e+05
1.392e-01 1.392e+05
1.076e-01 1.571e+05
1.144e-01 1.517e+05
2.537e-01 1.030e+05
1.181e-01 1.495e+05
2.189e-01 1.072e+05
2.369e-01 1.022e+05
8.617e-02 1.884e+05
1.744e-01 1.175e+05
8.672e-02 1.888e+05
8.903e-02 1.812e+05
8.540e-02 1.871e+05
1.708e-01 1.202e+05
9.211e-02 1.787e+05
1.494e-01 1.347e+05
1.284e-01 1.435e+05
2.241e-01 1.049e+05
1.041e-01 1.630e+05
8.595e-02 1.887e+05
8.514e-02 1.904e+05
9.164e-02 1.804e+05
8.534e-02 1.921e+05
8.650e-02 1.873e+05
1.165e-01 1.468e+05
8.821e-02 1.847e+05
1.273e-01 1.474e+05
8.321e-02 1.957e+05
8.088e-02 1.988e+05
8.547e-02 1.894e+05
9.273e-02 1.745e+05
8.418e-02 1.913e+05
8.477e-02 1.894e+05
8.530e-02 1.915e+05
8.830e-02 1.853e+05
1.957e-01 1.096e+05
1.940e-01 1.135e+05
1.005e-01 1.681e+05
1.839e-01 1.155e+05
8.397e-02 1.938e+05
9.921e-02 1.673e+05
8.989e-02 1.825e+05
1.396e-01 1.359e+05
1.944e-01 1.147e+05
8.696e-02 1.864e+05
1.291e-01 1.391e+05
2.895e-01 9.841e+04
8.652e-02 1.871e+05
2.142e-01 1.105e+05
9.071e-02 1.806e+05
1.937e-01 1.054e+05
8.461e-02 1.913e+05
1.694e-01 1.214e+05
8.592e-02 1.891e+05
8.939e-02 1.825e+05
9.002e-02 1.814e+05
8.532e-02 1.919e+05
8.519e-02 1.886e+05
2.967e-01 9.832e+04
1.700e-01 1.203e+05
3.224e-01 9.359e+04
1.114e-01 1.530e+05
8.623e-02 1.879e+05
1.915e-01 1.128e+05
8.915e-02 1.830e+05
8.897e-02 1.840e+05
9.277e-02 1.768e+05
8.050e-02 1.994e+05
8.656e-02 1.896e+05
1.629e-01 1.285e+05
8.802e-02 1.852e+05
2.934e-01 9.395e+04
1.043e-01 1.643e+05
2.168e-01 1.122e+05
1.443e-01 1.308e+05
8.658e-02 1.874e+05
1.455e-01 1.348e+05
2.338e-01 1.030e+05
1.637e-01 1.186e+05
8.504e-02 1.896e+05
1.160e-01 1.478e+05
8.673e-02 1.872e+05
8.554e-02 1.891e+05
8.505e-02 1.905e+05
1.810e-01 1.175e+05
1.585e-01 1.229e+05
8.315e-02 1.957e+05
2.215e-01 1.097e+05
8.954e-02 1.813e+05
9.068e-02 1.820e+05
9.915e-02 1.722e+05
1.758e-01 1.198e+05
8.481e-02 1.919e+05
8.368e-02 1.936e+05
8.522e-02 1.915e+05
8.344e-02 1.916e+05
8.676e-02 1.864e+05
9.441e-02 1.738e+05
8.841e-02 1.843e+05
1.147e-01 1.506e+05
1.300e-01 1.365e+05
8.921e-02 1.829e+05
1.366e-01 1.353e+05
3.040e-01 9.275e+04
1.355e-01 1.355e+05
8.811e-02 1.845e+05
8.281e-02 1.955e+05
8.519e-02 1.900e+05
1.456e-01 1.347e+05
3.041e-01 9.198e+04
9.668e-02 1.715e+05
8.599e-02 1.887e+05
1.257e-01 1.410e+05
1.128e-01 1.498e+05
9.258e-02 1.797e+05
8.638e-02 1.877e+05
1.322e-01 1.390e+05
1.453e-01 1.316e+05
9.578e-02 1.736e+05
9.996e-02 1.624e+05
9.759e-02 1.692e+05
9.401e-02 1.749e+05
1.224e-01 1.426e+05
8.286e-02 1.949e+05
1.024e-01 1.662e+05
1.181e-01 1.454e+05
8.570e-02 1.911e+05
1.087e-01 1.579e+05
1.159e-01 1.464e+05
8.880e-02 1.831e+05
8.255e-02 1.965e+05
1.372e-01 1.365e+05
1.360e-01 1.382e+05
8.451e-02 1.927e+05
8.627e-02 1.885e+05
1.567e-01 1.295e+05
2.216e-01 1.098e+05
1.349e-01 1.409e+05
8.502e-02 1.924e+05
2.402e-01 9.981e+04
2.359e-01 1.092e+05
1.036e-01 1.633e+05
1.577e-01 1.195e+05
8.390e-02 1.935e+05
1.533e-01 1.239e+05
8.942e-02 1.824e+05
2.745e-01 9.417e+04
9.191e-02 1.768e+05
2.115e-01 1.098e+05
8.646e-02 1.891e+05
2.270e-01 1.110e+05
1.495e-01 1.290e+05
1.052e-01 1.620e+05
8.710e-02 1.852e+05
1.504e-01 1.281e+05
3.350e-01 9.523e+04
1.180e-01 1.499e+05
8.494e-02 1.906e+05
8.685e-02 1.869e+05
1.780e-01 1.134e+05
1.184e-01 1.488e+05
9.447e-02 1.736e+05
8.617e-02 1.893e+05
1.370e-01 1.376e+05
8.167e-02 1.968e+05
2.435e-01 9.182e+04
8.512e-02 1.879e+05
1.129e-01 1.579e+05
8.923e-02 1.831e+05
8.905e-02 1.826e+05
9.822e-02 1.700e+05
8.791e-02 1.881e+05
8.298e-02 1.932e+05
8.444e-02 1.910e+05
8.321e-02 1.927e+05
8.543e-02 1.912e+05
1.317e-01 1.370e+05
1.002e-01 1.668e+05
1.435e-01 1.337e+05
9.036e-02 1.812e+05
8.164e-02 1.972e+05
9.780e-02 1.698e+05
8.860e-02 1.832e+05
9.770e-02 1.699e+05
8.584e-02 1.903e+05
8.253e-02 1.970e+05
1.538e-01 1.292e+05
8.218e-02 1.958e+05
3.311e-01 9.901e+04
8.793e-02 1.869e+05
3.681e-01 8.362e+04
8.769e-02 1.876e+05
1.303e-01 1.361e+05
1.214e-01 1.498e+05
8.162e-02 1.964e+05
1.239e-01 1.385e+05
9.222e-02 1.781e+05
1.339e-01 1.399e+05
8.583e-02 1.869e+05
8.761e-02 1.878e+05
8.586e-02 1.870e+05
8.710e-02 1.866e+05
1.133e-01 1.528e+05
2.856e-01 9.959e+04
8.303e-02 1.947e+05
1.540e-01 1.233e+05
1.096e-01 1.557e+05
8.795e-02 1.858e+05
8.580e-02 1.895e+05
8.102e-02 1.987e+05
8.449e-02 1.927e+05
8.494e-02 1.932e+05
2.692e-01 9.926e+04
8.935e-02 1.833e+05
1.580e-01 1.236e+05
1.204e-01 1.408e+05
1.969e-01 1.127e+05
8.629e-02 1.889e+05
1.935e-01 1.181e+05
9.055e-02 1.809e+05
2.761e-01 9.241e+04
1.625e-01 1.260e+05
8.751e-02 1.852e+05
8.894e-02 1.841e+05
8.508e-02 1.878e+05
8.150e-02 1.988e+05
9.005e-02 1.836e+05
9.028e-02 1.831e+05
8.320e-02 1.942e+05
3.299e-01 9.224e+04
9.139e-02 1.769e+05
1.672e-01 1.216e+05
8.561e-02 1.905e+05
3.070e-01 9.548e+04
9.339e-02 1.760e+05
8.258e-02 1.937e+05
1.933e-01 1.200e+05
9.265e-02 1.803e+05
9.133e-02 1.786e+05
1.201e-01 1.441e+05
8.382e-02 1.914e+05
1.252e-01 1.444e+05
9.395e-02 1.768e+05
1.414e-01 1.367e+05
8.775e-02 1.864e+05
8.565e-02 1.883e+05
8.575e-02 1.881e+05
8.776e-02 1.862e+05
2.475e-01 1.054e+05
2.799e-01 9.916e+04
1.770e-01 1.228e+05
2.490e-01 1.023e+05
1.042e-01 1.583e+05
3.596e-01 9.332e+04
2.209e-01 1.031e+05
3.287e-01 8.027e+04
8.608e-02 1.893e+05
8.991e-02 1.799e+05
1.188e-01 1.455e+05
1.395e-01 1.322e+05
1.359e-01 1.337e+05
1.242e-01 1.490e+05
8.850e-02 1.850e+05
1.411e-01 1.302e+05
9.963e-02 1.683e+05
1.340e-01 1.361e+05
1.197e-01 1.486e+05
9.886e-02 1.682e+05
1.962e-01 1.157e+05
1.163e-01 1.448e+05
2.643e-01 8.723e+04
1.032e-01 1.656e+05
2.457e-01 9.801e+04
9.344e-02 1.774e+05
2.886e-01 9.609e+04
1.654e-01 1.207e+05
8.678e-02 1.876e+05
9.228e-02 1.798e+05
9.264e-02 1.776e+05
8.953e-02 1.826e+05
1.297e-01 1.379e+05
8.488e-02 1.890e+05
8.864e-02 1.831e+05
8.255e-02 1.961e+05
9.713e-02 1.726e+05
8.576e-02 1.907e+05
8.799e-02 1.850e+05
9.236e-02 1.776e+05
1.035e-01 1.619e+05
8.725e-02 1.861e+05
1.815e-01 1.188e+05
1.349e-01 1.353e+05
2.754e-01 9.678e+04
8.572e-02 1.897e+05
9.701e-02 1.695e+05
1.406e-01 1.394e+05
9.179e-02 1.791e+05
9.384e-02 1.771e+05
1.157e-01 1.550e+05
8.513e-02 1.886e+05
8.603e-02 1.879e+05
1.651e-01 1.238e+05
8.248e-02 1.963e+05
1.310e-01 1.381e+05
8.940e-02 1.835e+05
1.401e-01 1.351e+05
8.605e-02 1.862e+05
1.043e-01 1.640e+05
8.509e-02 1.904e+05
1.175e-01 1.514e+05
8.123e-02 1.992e+05
9.418e-02 1.754e+05
8.991e-02 1.814e+05
8.579e-02 1.908e+05
8.718e-02 1.864e+05
8.033e-02 2.000e+05
1.481e-01 1.355e+05
9.019e-02 1.812e+05
8.787e-02 1.843e+05
8.255e-02 1.964e+05
1.887e-01 1.118e+05
1.241e-01 1.497e+05
1.221e-01 1.397e+05
8.365e-02 1.944e+05
8.666e-02 1.892e+05
9.129e-02 1.794e+05
1.468e-01 1.319e+05
9.405e-02 1.749e+05
8.607e-02 1.881e+05
9.262e-02 1.779e+05
2.439e-01 1.043e+05
8.849e-02 1.841e+05
8.836e-02 1.849e+05
2.065e-01 1.106e+05
9.043e-02 1.816e+05
1.120e-01 1.558e+05
1.627e-01 1.280e+05
8.192e-02 1.973e+05
2.351e-01 9.995e+04
9.052e-02 1.813e+05
9.553e-02 1.744e+05
1.113e-01 1.557e+05
8.768e-02 1.836e+05
9.796e-02 1.685e+05
1.911e-01 1.092e+05
8.592e-02 1.888e+05
9.982e-02 1.668e+05
1.489e-01 1.346e+05
1.054e-01 1.603e+05
8.975e-02 1.832e+05
1.314e-01 1.399e+05
1.031e-01 1.650e+05
1.211e-01 1.421e+05
1.523e-01 1.277e+05
9.091e-02 1.796e+05
1.009e-01 1.679e+05
8.684e-02 1.885e+05
1.127e-01 1.536e+05
9.540e-02 1.717e+05
8.348e-02 1.947e+05
8.626e-02 1.861e+05
9.239e-02 1.787e+05
1.648e-01 1.187e+05
8.889e-02 1.858e+05
9.318e-02 1.727e+05
8.729e-02 1.858e+05
8.975e-02 1.813e+05
8.946e-02 1.824e+05
1.610e-01 1.211e+05
1.094e-01 1.540e+05
1.296e-01 1.417e+05
8.872e-02 1.843e+05
8.314e-02 1.923e+05
1.748e-01 1.182e+05
8.733e-02 1.859e+05
8.310e-02 1.956e+05
