9.056e-02 1.755e+05
7.653e-02 1.961e+05
7.629e-02 1.972e+05
8.173e-02 1.875e+05
7.109e-02 2.052e+05
7.914e-02 1.938e+05
2.817e-01 1.329e+05
7.610e-02 1.987e+05
7.521e-02 1.956e+05
7.743e-02 1.949e+05
2.995e-01 9.337e+04
7.905e-02 1.929e+05
1.194e-01 1.594e+05
2.094e-01 1.411e+05
7.724e-02 1.961e+05
7.557e-02 1.976e+05
8.130e-02 1.903e+05
1.173e-01 1.613e+05
8.152e-02 1.926e+05
8.440e-02 1.858e+05
1.715e-01 1.432e+05
7.630e-02 1.969e+05
1.442e-01 1.495e+05
2.877e-01 1.281e+05
3.758e-01 1.214e+05
1.045e-01 1.630e+05
7.567e-02 1.966e+05
1.221e-01 1.588e+05
9.908e-02 1.701e+05
2.207e-01 1.272e+05
8.693e-02 1.827e+05
3.530e-01 1.270e+05
1.192e-01 1.634e+05
8.715e-02 1.817e+05
1.008e-01 1.715e+05
1.059e-01 1.669e+05
7.838e-02 1.933e+05
1.267e-01 1.565e+05
8.200e-02 1.878e+05
7.602e-02 1.978e+05
2.200e-01 1.288e+05
1.659e-01 1.449e+05
9.934e-02 1.678e+05
1.480e-01 1.452e+05
7.590e-02 1.971e+05
1.787e-01 1.360e+05
8.136e-02 1.895e+05
2.056e-01 1.231e+05
7.925e-02 1.934e+05
2.120e-01 1.343e+05
2.817e-01 1.292e+05
7.898e-02 1.909e+05
1.754e-01 1.368e+05
1.361e-01 1.554e+05
2.100e-01 9.894e+04
7.308e-02 2.013e+05
7.696e-02 1.957e+05
1.134e-01 1.584e+05
9.487e-02 1.734e+05
1.776e-01 1.438e+05
1.240e-01 1.510e+05
7.596e-02 1.969e+05
8.376e-02 1.878e+05
2.176e-01 1.337e+05
7.393e-02 1.993e+05
1.425e-01 1.493e+05
1.028e-01 1.703e+05
7.661e-02 1.965e+05
1.179e-01 1.560e+05
7.556e-02 2.004e+05
7.495e-02 1.975e+05
2.105e-01 1.332e+05
1.174e-01 1.635e+05
7.654e-02 1.991e+05
6.972e-02 2.064e+05
1.280e-01 1.503e+05
6.996e-02 2.063e+05
8.336e-02 1.903e+05
7.731e-02 1.935e+05
7.286e-02 2.016e+05
9.069e-02 1.773e+05
7.486e-02 1.994e+05
8.353e-02 1.888e+05
7.463e-02 2.018e+05
9.563e-02 1.767e+05
7.660e-02 1.966e+05
3.325e-01 1.240e+05
7.094e-02 2.057e+05
3.584e-01 1.245e+05
7.575e-02 1.981e+05
3.361e-01 1.217e+05
6.904e-02 2.087e+05
7.315e-02 2.004e+05
1.339e-01 1.526e+05
7.733e-02 1.927e+05
4.276e-01 1.227e+05
1.956e-01 1.398e+05
2.126e-01 1.328e+05
1.909e-01 1.442e+05
2.672e-01 1.260e+05
4.440e-01 1.204e+05
1.064e-01 1.672e+05
8.297e-02 1.887e+05
7.463e-02 1.988e+05
1.120e-01 1.554e+05
8.586e-02 1.858e+05
7.801e-02 1.919e+05
3.577e-01 1.198e+05
2.628e-01 1.300e+05
1.652e-01 1.232e+05
3.160e-01 1.269e+05
8.158e-02 1.904e+05
7.801e-02 1.943e+05
8.182e-02 1.886e+05
7.677e-02 1.962e+05
1.908e-01 1.297e+05
7.701e-02 1.948e+05
7.183e-02 2.041e+05
8.363e-02 1.876e+05
7.345e-02 1.992e+05
7.779e-02 1.930e+05
7.687e-02 1.938e+05
2.909e-01 1.275e+05
1.852e-01 1.385e+05
7.271e-02 2.033e+05
7.798e-02 1.951e+05
1.698e-01 1.465e+05
9.331e-02 1.766e+05
1.178e-01 1.592e+05
8.339e-02 1.860e+05
8.053e-02 1.926e+05
8.775e-02 1.822e+05
1.287e-01 1.567e+05
7.178e-02 2.030e+05
1.018e-01 1.717e+05
7.672e-02 1.985e+05
2.953e-01 1.152e+05
1.584e-01 1.426e+05
7.982e-02 1.951e+05
8.892e-02 1.846e+05
7.431e-02 1.997e+05
1.699e-01 1.472e+05
1.252e-01 1.496e+05
7.202e-02 2.049e+05
7.779e-02 1.957e+05
2.007e-01 1.378e+05
8.297e-02 1.861e+05
1.373e-01 1.477e+05
2.477e-01 1.252e+05
7.520e-02 1.978e+05
1.471e-01 1.535e+05
1.650e-01 1.392e+05
3.338e-01 1.251e+05
8.074e-02 1.889e+05
1.107e-01 1.649e+05
7.849e-02 1.930e+05
8.978e-02 1.788e+05
2.267e-01 1.315e+05
2.966e-01 1.318e+05
4.011e-01 1.219e+05
2.025e-01 1.334e+05
8.019e-02 1.907e+05
1.351e-01 1.496e+05
7.619e-02 1.975e+05
7.314e-02 1.994e+05
8.273e-02 1.875e+05
7.252e-02 2.038e+05
7.045e-02 2.049e+05
2.060e-01 1.296e+05
7.512e-02 2.004e+05
7.892e-02 1.934e+05
1.017e-01 1.713e+05
8.992e-02 1.845e+05
2.675e-01 1.107e+05
3.751e-01 1.238e+05
7.832e-02 1.935e+05
1.660e-01 1.484e+05
7.768e-02 1.959e+05
7.312e-02 2.014e+05
3.142e-01 1.242e+05
3.113e-01 1.250e+05
7.976e-02 1.910e+05
1.153e-01 1.593e+05
2.224e-01 1.297e+05
8.036e-02 1.925e+05
8.004e-02 1.942e+05
1.668e-01 1.344e+05
1.105e-01 1.647e+05
4.731e-01 1.062e+05
8.809e-02 1.843e+05
7.976e-02 1.930e+05
7.671e-02 1.983e+05
1.251e-01 1.628e+05
2.612e-01 1.286e+05
7.351e-02 1.986e+05
1.159e-01 1.588e+05
1.841e-01 1.453e+05
3.321e-01 1.227e+05
1.414e-01 1.483e+05
1.061e-01 1.649e+05
1.588e-01 1.403e+05
7.189e-02 2.028e+05
1.220e-01 1.587e+05
1.160e-01 1.639e+05
7.675e-02 1.957e+05
1.072e-01 1.598e+05
1.597e-01 1.432e+05
7.656e-02 1.967e+05
7.317e-02 1.999e+05
1.276e-01 1.556e+05
4.493e-01 1.063e+05
7.709e-02 1.945e+05
7.188e-02 2.026e+05
2.486e-01 1.330e+05
7.686e-02 1.957e+05
1.711e-01 1.398e+05
1.842e-01 1.422e+05
1.218e-01 1.598e+05
7.262e-02 2.042e+05
1.020e-01 1.722e+05
1.588e-01 1.493e+05
8.428e-02 1.876e+05
3.079e-01 1.292e+05
7.539e-02 1.984e+05
8.699e-02 1.834e+05
1.081e-01 1.630e+05
1.434e-01 1.444e+05
9.946e-02 1.707e+05
1.898e-01 1.406e+05
2.723e-01 1.331e+05
1.105e-01 1.613e+05
1.407e-01 1.504e+05
1.293e-01 1.563e+05
1.247e-01 1.598e+05
1.058e-01 1.680e+05
8.355e-02 1.867e+05
7.424e-02 2.022e+05
1.667e-01 1.431e+05
2.466e-01 1.309e+05
7.478e-02 1.973e+05
1.956e-01 1.426e+05
1.120e-01 1.626e+05
1.601e-01 1.458e+05
8.089e-02 1.918e+05
4.752e-01 1.094e+05
3.700e-01 1.250e+05
8.007e-02 1.921e+05
7.508e-02 1.988e+05
9.970e-02 1.719e+05
8.186e-02 1.906e+05
1.122e-01 1.620e+05
7.068e-02 2.055e+05
1.024e-01 1.737e+05
1.170e-01 1.642e+05
7.376e-02 2.007e+05
7.166e-02 2.033e+05
1.622e-01 1.385e+05
1.749e-01 1.406e+05
7.687e-02 1.960e+05
7.293e-02 2.012e+05
8.618e-02 1.861e+05
2.253e-01 1.313e+05
1.978e-01 1.038e+05
8.557e-02 1.845e+05
7.445e-02 1.984e+05
1.290e-01 1.531e+05
7.780e-02 1.949e+05
8.974e-02 1.842e+05
7.314e-02 2.011e+05
7.561e-02 1.987e+05
2.279e-01 1.271e+05
1.347e-01 1.543e+05
1.279e-01 1.580e+05
1.108e-01 1.632e+05
7.039e-02 2.065e+05
7.685e-02 1.981e+05
2.525e-01 1.274e+05
7.190e-02 2.046e+05
7.111e-02 2.032e+05
1.857e-01 1.426e+05
1.823e-01 1.379e+05
2.781e-01 1.236e+05
1.034e-01 1.654e+05
7.951e-02 1.935e+05
1.392e-01 1.524e+05
7.506e-02 1.981e+05
8.757e-02 1.838e+05
7.058e-02 2.054e+05
7.301e-02 2.034e+05
3.120e-01 1.295e+05
2.006e-01 1.337e+05
2.472e-01 1.288e+05
8.401e-02 1.868e+05
7.136e-02 2.050e+05
1.791e-01 1.003e+05
1.024e-01 1.692e+05
7.242e-02 2.016e+05
7.269e-02 2.041e+05
8.322e-02 1.889e+05
7.501e-02 1.990e+05
2.323e-01 1.323e+05
1.653e-01 1.396e+05
8.178e-02 1.873e+05
1.328e-01 1.561e+05
9.885e-02 1.730e+05
1.947e-01 1.344e+05
1.040e-01 1.736e+05
8.301e-02 1.878e+05
7.549e-02 1.971e+05
8.362e-02 1.875e+05
1.518e-01 1.443e+05
9.312e-02 1.812e+05
8.041e-02 1.918e+05
1.935e-01 1.361e+05
1.173e-01 1.557e+05
7.579e-02 1.992e+05
7.428e-02 2.023e+05
1.399e-01 1.498e+05
1.945e-01 1.279e+05
2.371e-01 1.323e+05
2.163e-01 1.366e+05
3.536e-01 1.223e+05
2.758e-01 1.269e+05
7.581e-02 1.957e+05
2.236e-01 1.309e+05
7.715e-02 1.962e+05
1.345e-01 1.495e+05
1.906e-01 1.353e+05
7.146e-02 2.024e+05
1.396e-01 1.559e+05
2.090e-01 1.400e+05
2.263e-01 8.926e+04
8.804e-02 1.824e+05
1.145e-01 1.646e+05
2.029e-01 1.356e+05
2.372e-01 1.281e+05
7.925e-02 1.937e+05
3.333e-01 1.292e+05
7.721e-02 1.970e+05
8.204e-02 1.895e+05
1.200e-01 1.530e+05
2.733e-01 1.235e+05
1.988e-01 1.421e+05
1.298e-01 1.497e+05
8.044e-02 1.911e+05
1.056e-01 1.723e+05
7.200e-02 2.045e+05
1.878e-01 1.421e+05
1.616e-01 1.454e+05
2.152e-01 1.320e+05
8.159e-02 1.908e+05
1.104e-01 1.597e+05
1.497e-01 1.532e+05
7.771e-02 1.944e+05
4.872e-01 1.068e+05
1.848e-01 1.421e+05
7.960e-02 1.921e+05
1.801e-01 1.395e+05
7.659e-02 1.976e+05
1.631e-01 1.431e+05
9.822e-02 1.751e+05
7.636e-02 1.983e+05
1.700e-01 1.405e+05
7.609e-02 1.991e+05
7.411e-02 2.005e+05
7.873e-02 1.918e+05
7.370e-02 2.007e+05
9.381e-02 1.714e+05
8.280e-02 1.879e+05
2.146e-01 1.320e+05
1.748e-01 1.479e+05
9.046e-02 1.806e+05
6.896e-02 2.099e+05
7.427e-02 2.010e+05
1.469e-01 1.433e+05
3.751e-01 1.244e+05
6.955e-02 2.087e+05
7.326e-02 2.009e+05
7.675e-02 1.964e+05
7.076e-02 2.075e+05
2.487e-01 1.333e+05
8.618e-02 1.812e+05
2.742e-01 1.300e+05
2.186e-01 1.051e+05
2.474e-01 1.301e+05
6.930e-02 2.082e+05
7.737e-02 1.982e+05
1.026e-01 1.717e+05
1.494e-01 1.473e+05
7.308e-02 2.034e+05
7.330e-02 2.029e+05
8.120e-02 1.903e+05
9.242e-02 1.743e+05
3.475e-01 1.210e+05
8.968e-02 1.791e+05
1.938e-01 1.438e+05
7.289e-02 2.037e+05
7.866e-02 1.942e+05
1.494e-01 1.461e+05
1.530e-01 1.444e+05
1.403e-01 1.500e+05
8.418e-02 1.856e+05
1.300e-01 1.559e+05
1.321e-01 1.535e+05
2.335e-01 1.345e+05
8.045e-02 1.911e+05
2.429e-01 1.332e+05
1.072e-01 1.654e+05
4.152e-01 1.235e+05
2.904e-01 1.286e+05
7.591e-02 1.982e+05
8.412e-02 1.869e+05
7.446e-02 1.989e+05
7.160e-02 2.035e+05
2.720e-01 1.274e+05
9.355e-02 1.777e+05
7.246e-02 2.042e+05
1.160e-01 1.538e+05
9.490e-02 1.755e+05
2.541e-01 1.243e+05
9.175e-02 1.803e+05
2.599e-01 1.280e+05
3.040e-01 1.216e+05
1.606e-01 1.347e+05
7.829e-02 1.936e+05
7.714e-02 1.974e+05
3.859e-01 1.233e+05
1.799e-01 1.353e+05
1.248e-01 1.590e+05
7.799e-02 1.943e+05
8.330e-02 1.905e+05
8.598e-02 1.842e+05
7.603e-02 1.987e+05
8.357e-02 1.846e+05
9.838e-02 1.764e+05
8.474e-02 1.873e+05
1.348e-01 1.568e+05
1.111e-01 1.666e+05
2.140e-01 1.326e+05
3.794e-01 1.229e+05
1.416e-01 1.539e+05
1.190e-01 1.599e+05
7.933e-02 1.947e+05
2.295e-01 1.373e+05
8.187e-02 1.894e+05
1.415e-01 1.525e+05
7.654e-02 1.935e+05
1.358e-01 1.512e+05
7.825e-02 1.941e+05
7.882e-02 1.939e+05
7.188e-02 2.037e+05
1.353e-01 1.438e+05
1.489e-01 1.515e+05
7.931e-02 1.925e+05
1.341e-01 1.520e+05
7.234e-02 2.033e+05
1.299e-01 1.548e+05
8.739e-02 1.840e+05
4.642e-01 1.218e+05
5.222e-01 1.118e+05
1.189e-01 1.644e+05
1.018e-01 1.718e+05
7.727e-02 1.951e+05
9.944e-02 1.724e+05
7.167e-02 2.060e+05
8.618e-02 1.860e+05
7.664e-02 1.971e+05
7.504e-02 1.985e+05
7.028e-02 2.052e+05
7.562e-02 1.985e+05
8.001e-02 1.941e+05
1.472e-01 1.418e+05
7.777e-02 1.945e+05
2.125e-01 1.212e+05
2.018e-01 1.343e+05
7.405e-02 2.014e+05
8.549e-02 1.854e+05
7.828e-02 1.948e+05
7.491e-02 1.997e+05
1.655e-01 1.354e+05
7.650e-02 1.975e+05
7.160e-02 2.030e+05
2.417e-01 1.329e+05
2.169e-01 1.333e+05
1.583e-01 1.428e+05
1.609e-01 1.426e+05
7.332e-02 2.033e+05
1.651e-01 1.423e+05
8.590e-02 1.844e+05
7.792e-02 1.953e+05
1.959e-01 1.377e+05
7.672e-02 1.972e+05
7.799e-02 1.957e+05
2.099e-01 1.327e+05
7.503e-02 1.984e+05
1.151e-01 1.622e+05
7.506e-02 1.979e+05
8.395e-02 1.883e+05
1.628e-01 1.434e+05
2.749e-01 1.297e+05
8.047e-02 1.924e+05
8.402e-02 1.878e+05
1.083e-01 1.695e+05
1.077e-01 1.686e+05
7.890e-02 1.934e+05
1.474e-01 1.491e+05
7.654e-02 1.980e+05
3.610e-01 1.226e+05
7.954e-02 1.946e+05
9.596e-02 1.751e+05
7.718e-02 1.954e+05
2.998e-01 1.277e+05
2.433e-01 1.304e+05
8.201e-02 1.872e+05
1.463e-01 1.550e+05
1.452e-01 1.554e+05
6.967e-02 2.083e+05
1.717e-01 1.428e+05
7.736e-02 1.938e+05
2.823e-01 1.271e+05
7.866e-02 1.939e+05
1.805e-01 1.280e+05
7.327e-02 2.027e+05
7.473e-02 1.996e+05
2.088e-01 1.357e+05
1.251e-01 1.576e+05
7.541e-02 1.996e+05
1.527e-01 1.469e+05
2.120e-01 1.399e+05
2.548e-01 1.309e+05
1.897e-01 1.369e+05
2.505e-01 1.359e+05
9.030e-02 1.756e+05
8.133e-02 1.908e+05
9.954e-02 1.697e+05
7.414e-02 1.976e+05
7.638e-02 1.993e+05
1.251e-01 1.551e+05
1.979e-01 1.064e+05
2.361e-01 1.031e+05
1.451e-01 1.496e+05
2.415e-01 1.356e+05
7.383e-02 2.007e+05
7.638e-02 1.994e+05
8.508e-02 1.854e+05
7.387e-02 2.023e+05
2.383e-01 1.254e+05
7.623e-02 1.982e+05
7.033e-02 2.058e+05
7.306e-02 2.034e+05
7.715e-02 1.963e+05
1.674e-01 1.358e+05
1.730e-01 1.400e+05
8.390e-02 1.865e+05
8.877e-02 1.793e+05
1.060e-01 1.705e+05
9.576e-02 1.736e+05
7.291e-02 2.017e+05
1.351e-01 1.509e+05
8.404e-02 1.836e+05
6.859e-02 2.094e+05
9.499e-02 1.767e+05
8.321e-02 1.874e+05
2.151e-01 1.295e+05
1.022e-01 1.748e+05
2.379e-01 1.280e+05
2.919e-01 1.273e+05
1.140e-01 1.666e+05
1.003e-01 1.717e+05
1.983e-01 1.350e+05
7.635e-02 1.969e+05
2.210e-01 1.327e+05
8.032e-02 1.919e+05
2.351e-01 1.286e+05
7.022e-02 2.055e+05
1.576e-01 1.495e+05
3.090e-01 1.228e+05
1.230e-01 1.573e+05
9.350e-02 1.779e+05
7.485e-02 1.993e+05
4.365e-01 1.058e+05
1.354e-01 1.474e+05
1.735e-01 1.445e+05
2.492e-01 1.270e+05
1.857e-01 1.397e+05
8.988e-02 1.803e+05
1.792e-01 1.452e+05
8.092e-02 1.911e+05
8.180e-02 1.870e+05
1.924e-01 1.390e+05
8.499e-02 1.861e+05
2.877e-01 1.292e+05
7.689e-02 1.955e+05
1.773e-01 1.384e+05
1.489e-01 1.472e+05
8.130e-02 1.913e+05
7.841e-02 1.942e+05
7.288e-02 2.001e+05
2.255e-01 1.301e+05
1.193e-01 1.614e+05
8.407e-02 1.881e+05
7.424e-02 2.009e+05
8.070e-02 1.915e+05
1.625e-01 1.389e+05
7.182e-02 2.028e+05
1.310e-01 1.556e+05
8.032e-02 1.916e+05
6.867e-02 2.092e+05
2.516e-01 1.344e+05
3.147e-01 1.281e+05
7.838e-02 1.935e+05
7.325e-02 2.010e+05
7.664e-02 1.958e+05
7.901e-02 1.913e+05
1.759e-01 1.344e+05
2.079e-01 1.360e+05
5.227e-01 1.139e+05
2.345e-01 1.251e+05
1.964e-01 1.371e+05
1.376e-01 1.586e+05
7.800e-02 1.935e+05
2.104e-01 1.336e+05
1.775e-01 1.361e+05
7.664e-02 1.969e+05
7.586e-02 1.978e+05
1.082e-01 1.642e+05
9.762e-02 1.746e+05
2.068e-01 1.351e+05
4.574e-01 1.206e+05
1.049e-01 1.684e+05
1.795e-01 1.440e+05
1.105e-01 1.650e+05
1.392e-01 1.527e+05
1.298e-01 1.472e+05
3.224e-01 1.283e+05
1.090e-01 1.651e+05
1.524e-01 1.517e+05
7.930e-02 1.918e+05
2.102e-01 1.339e+05
2.673e-01 1.299e+05
3.122e-01 1.262e+05
7.522e-02 2.000e+05
2.000e-01 1.405e+05
1.301e-01 1.591e+05
7.524e-02 1.992e+05
1.134e-01 1.647e+05
2.436e-01 1.290e+05
1.569e-01 1.432e+05
7.718e-02 1.965e+05
8.268e-02 1.874e+05
8.169e-02 1.900e+05
7.436e-02 2.009e+05
8.011e-02 1.917e+05
1.200e-01 1.588e+05
1.229e-01 1.589e+05
1.128e-01 1.634e+05
2.358e-01 9.565e+04
7.798e-02 1.957e+05
2.051e-01 9.546e+04
1.838e-01 1.408e+05
4.204e-01 1.182e+05
7.859e-02 1.931e+05
7.925e-02 1.923e+05
1.498e-01 1.499e+05
7.600e-02 2.000e+05
1.097e-01 1.675e+05
7.705e-02 1.959e+05
1.180e-01 1.646e+05
1.645e-01 1.413e+05
1.331e-01 1.478e+05
7.269e-02 2.008e+05
1.114e-01 1.660e+05
3.469e-01 1.279e+05
1.096e-01 1.630e+05
7.308e-02 2.023e+05
7.118e-02 2.029e+05
1.924e-01 1.367e+05
8.178e-02 1.894e+05
1.346e-01 1.530e+05
8.019e-02 1.921e+05
9.701e-02 1.716e+05
4.597e-01 1.205e+05
3.250e-01 1.069e+05
1.440e-01 1.454e+05
9.488e-02 1.781e+05
1.520e-01 1.366e+05
1.082e-01 1.612e+05
7.045e-02 2.076e+05
2.768e-01 1.238e+05
7.798e-02 1.948e+05
2.865e-01 1.267e+05
8.105e-02 1.872e+05
3.139e-01 1.217e+05
1.858e-01 1.320e+05
7.784e-02 1.946e+05
9.801e-02 1.740e+05
7.270e-02 2.022e+05
7.085e-02 2.071e+05
1.125e-01 1.642e+05
8.647e-02 1.834e+05
8.897e-02 1.837e+05
1.168e-01 1.646e+05
7.114e-02 2.032e+05
1.036e-01 1.669e+05
9.513e-02 1.744e+05
2.011e-01 1.425e+05
1.854e-01 1.441e+05
7.572e-02 1.992e+05
8.131e-02 1.895e+05
8.723e-02 1.848e+05
7.505e-02 2.003e+05
8.029e-02 1.917e+05
1.116e-01 1.641e+05
7.356e-02 1.997e+05
7.334e-02 2.006e+05
1.756e-01 1.400e+05
8.712e-02 1.836e+05
2.884e-01 1.238e+05
1.481e-01 1.536e+05
2.293e-01 1.303e+05
2.883e-01 1.233e+05
1.211e-01 1.639e+05
7.384e-02 2.022e+05
8.035e-02 1.932e+05
8.745e-02 1.822e+05
7.935e-02 1.930e+05
8.714e-02 1.837e+05
1.143e-01 1.654e+05
7.713e-02 1.943e+05
7.709e-02 1.961e+05
9.037e-02 1.808e+05
9.257e-02 1.795e+05
8.500e-02 1.854e+05
1.209e-01 1.642e+05
1.852e-01 9.999e+04
8.264e-02 1.888e+05
6.963e-02 2.074e+05
7.022e-02 2.080e+05
2.012e-01 1.355e+05
1.068e-01 1.660e+05
1.404e-01 1.511e+05
7.796e-02 1.938e+05
7.467e-02 1.980e+05
1.545e-01 1.515e+05
7.952e-02 1.938e+05
7.721e-02 1.980e+05
3.012e-01 1.275e+05
7.492e-02 1.984e+05
3.301e-01 1.276e+05
7.691e-02 1.962e+05
7.059e-02 2.045e+05
2.940e-01 1.269e+05
1.033e-01 1.699e+05
2.824e-01 1.293e+05
2.445e-01 9.535e+04
1.110e-01 1.636e+05
7.293e-02 2.024e+05
9.102e-02 1.794e+05
8.033e-02 1.927e+05
1.085e-01 1.678e+05
7.664e-02 1.972e+05
1.117e-01 1.658e+05
1.151e-01 1.569e+05
2.145e-01 1.355e+05
8.899e-02 1.826e+05
2.005e-01 1.042e+05
7.286e-02 2.007e+05
1.203e-01 1.529e+05
7.702e-02 1.978e+05
7.855e-02 1.921e+05
7.386e-02 2.006e+05
7.030e-02 2.077e+05
1.447e-01 1.461e+05
7.497e-02 1.996e+05
7.615e-02 1.980e+05
8.258e-02 1.895e+05
1.846e-01 1.444e+05
1.742e-01 1.380e+05
8.116e-02 1.905e+05
8.135e-02 1.884e+05
9.547e-02 1.758e+05
5.974e-01 1.037e+05
1.097e-01 1.676e+05
1.190e-01 1.605e+05
2.048e-01 1.371e+05
9.315e-02 1.804e+05
8.430e-02 1.882e+05
1.008e-01 1.749e+05
9.951e-02 1.679e+05
8.782e-02 1.839e+05
1.277e-01 1.514e+05
7.583e-02 1.993e+05
3.560e-01 1.191e+05
7.567e-02 1.984e+05
7.887e-02 1.932e+05
7.643e-02 1.933e+05
7.601e-02 1.988e+05
4.997e-01 1.116e+05
7.035e-02 2.071e+05
1.868e-01 1.019e+05
1.350e-01 1.467e+05
7.004e-02 2.068e+05
9.696e-02 1.712e+05
2.480e-01 1.291e+05
7.737e-02 1.959e+05
1.165e-01 1.622e+05
7.640e-02 1.976e+05
1.790e-01 1.362e+05
1.514e-01 1.481e+05
1.342e-01 1.522e+05
3.700e-01 1.217e+05
1.084e-01 1.667e+05
1.669e-01 1.472e+05
1.216e-01 1.569e+05
7.508e-02 1.996e+05
7.742e-02 1.944e+05
1.351e-01 1.510e+05
7.669e-02 1.957e+05
4.412e-01 1.231e+05
2.073e-01 1.361e+05
2.325e-01 1.307e+05
1.591e-01 1.417e+05
7.989e-02 1.922e+05
1.965e-01 1.424e+05
3.257e-01 1.269e+05
1.899e-01 1.297e+05
2.009e-01 1.426e+05
2.320e-01 1.359e+05
9.606e-02 1.717e+05
3.003e-01 1.235e+05
7.984e-02 1.934e+05
7.870e-02 1.960e+05
1.027e-01 1.692e+05
8.060e-02 1.881e+05
9.478e-02 1.773e+05
1.581e-01 1.435e+05
1.728e-01 1.481e+05
1.003e-01 1.712e+05
1.415e-01 1.492e+05
7.945e-02 1.927e+05
1.435e-01 1.450e+05
7.687e-02 1.967e+05
7.434e-02 1.999e+05
7.109e-02 2.044e+05
7.318e-02 1.986e+05
7.852e-02 1.942e+05
4.187e-01 1.224e+05
7.421e-02 2.014e+05
3.834e-01 1.035e+05
8.101e-02 1.904e+05
7.044e-02 2.064e+05
8.053e-02 1.887e+05
1.156e-01 1.639e+05
1.343e-01 1.529e+05
7.449e-02 1.996e+05
2.860e-01 1.314e+05
2.073e-01 1.269e+05
1.512e-01 1.485e+05
2.100e-01 1.329e+05
6.988e-02 2.059e+05
1.495e-01 1.502e+05
7.052e-02 2.060e+05
3.217e-01 1.232e+05
8.021e-02 1.920e+05
1.945e-01 1.423e+05
7.874e-02 1.939e+05
7.572e-02 1.998e+05
7.638e-02 1.968e+05
1.494e-01 1.521e+05
8.312e-02 1.882e+05
3.368e-01 1.255e+05
2.036e-01 1.351e+05
1.024e-01 1.716e+05
1.505e-01 1.480e+05
7.255e-02 2.044e+05
2.124e-01 1.378e+05
2.391e-01 1.158e+05
1.139e-01 1.636e+05
7.190e-02 2.014e+05
2.290e-01 1.318e+05
9.620e-02 1.751e+05
1.093e-01 1.693e+05
1.560e-01 1.412e+05
7.273e-02 2.001e+05
1.627e-01 1.388e+05
7.824e-02 1.956e+05
1.068e-01 1.680e+05
1.751e-01 1.351e+05
8.848e-02 1.803e+05
1.252e-01 1.531e+05
9.183e-02 1.737e+05
7.767e-02 1.953e+05
7.825e-02 1.938e+05
7.085e-02 2.053e+05
6.971e-02 2.075e+05
7.444e-02 1.991e+05
7.825e-02 1.923e+05
2.255e-01 1.301e+05
7.573e-02 1.973e+05
1.350e-01 1.572e+05
7.553e-02 1.977e+05
1.399e-01 1.569e+05
7.974e-02 1.897e+05
1.210e-01 1.610e+05
1.255e-01 1.580e+05
7.214e-02 2.023e+05
1.091e-01 1.633e+05
1.487e-01 1.460e+05
2.267e-01 1.057e+05
1.461e-01 1.550e+05
1.792e-01 1.346e+05
2.108e-01 1.277e+05
8.041e-02 1.900e+05
7.691e-02 1.975e+05
1.753e-01 1.226e+05
8.160e-02 1.916e+05
2.389e-01 1.355e+05
7.691e-02 1.924e+05
8.997e-02 1.816e+05
2.926e-01 1.001e+05
1.841e-01 1.418e+05
2.160e-01 1.292e+05
7.160e-02 2.061e+05
7.646e-02 1.966e+05
2.665e-01 1.277e+05
7.336e-02 1.993e+05
1.366e-01 1.513e+05
3.686e-01 1.251e+05
1.840e-01 1.367e+05
8.333e-02 1.880e+05
7.601e-02 1.970e+05
1.119e-01 1.625e+05
7.280e-02 2.034e+05
3.017e-01 1.257e+05
8.556e-02 1.875e+05
7.361e-02 2.000e+05
3.910e-01 1.244e+05
1.386e-01 1.531e+05
2.078e-01 1.350e+05
8.102e-02 1.909e+05
2.529e-01 1.278e+05
7.154e-02 2.046e+05
1.124e-01 1.621e+05
2.041e-01 1.354e+05
7.806e-02 1.959e+05
1.022e-01 1.712e+05
9.209e-02 1.771e+05
8.296e-02 1.903e+05
7.723e-02 1.966e+05
1.822e-01 1.397e+05
4.464e-01 1.199e+05
7.822e-02 1.954e+05
7.461e-02 2.000e+05
3.747e-01 1.203e+05
1.857e-01 1.392e+05
1.117e-01 1.614e+05
9.077e-02 1.775e+05
8.442e-02 1.861e+05
9.104e-02 1.753e+05
7.962e-02 1.920e+05
1.111e-01 1.587e+05
7.574e-02 1.946e+05
8.395e-02 1.861e+05
1.430e-01 1.520e+05
7.652e-02 1.977e+05
1.578e-01 1.495e+05
8.251e-02 1.879e+05
7.624e-02 1.998e+05
7.177e-02 2.047e+05
1.108e-01 1.665e+05
8.290e-02 1.868e+05
7.241e-02 2.028e+05
7.567e-02 1.973e+05
7.253e-02 2.024e+05
8.328e-02 1.889e+05
7.368e-02 2.014e+05
7.673e-02 1.951e+05
8.892e-02 1.796e+05
7.911e-02 1.956e+05
6.939e-02 2.071e+05
7.530e-02 1.958e+05
3.987e-01 1.207e+05
7.468e-02 1.961e+05
1.663e-01 1.405e+05
7.644e-02 1.969e+05
2.159e-01 1.401e+05
7.283e-02 2.018e+05
2.205e-01 1.394e+05
9.185e-02 1.745e+05
3.440e-01 1.256e+05
1.041e-01 1.719e+05
1.357e-01 1.431e+05
1.680e-01 1.411e+05
9.654e-02 1.740e+05
7.296e-02 2.011e+05
7.293e-02 2.015e+05
1.067e-01 1.668e+05
8.208e-02 1.894e+05
8.070e-02 1.907e+05
1.129e-01 1.677e+05
2.126e-01 1.304e+05
7.702e-02 1.937e+05
2.397e-01 1.114e+05
1.835e-01 1.338e+05
7.615e-02 1.942e+05
8.040e-02 1.911e+05
2.490e-01 1.340e+05
2.017e-01 1.367e+05
7.831e-02 1.907e+05
8.280e-02 1.882e+05
7.871e-02 1.935e+05
1.005e-01 1.678e+05
3.659e-01 1.252e+05
1.448e-01 1.476e+05
1.183e-01 1.521e+05
2.186e-01 1.104e+05
7.584e-02 1.970e+05
7.317e-02 2.004e+05
1.742e-01 1.443e+05
8.295e-02 1.875e+05
8.937e-02 1.762e+05
9.596e-02 1.725e+05
1.501e-01 1.541e+05
1.186e-01 1.595e+05
7.827e-02 1.945e+05
7.638e-02 1.970e+05
1.208e-01 1.620e+05
7.336e-02 2.026e+05
1.877e-01 1.428e+05
8.694e-02 1.785e+05
2.948e-01 1.250e+05
7.017e-02 2.074e+05
9.549e-02 1.748e+05
2.245e-01 1.256e+05
7.286e-02 2.044e+05
3.073e-01 1.262e+05
7.766e-02 1.950e+05
4.241e-01 1.217e+05
7.751e-02 1.954e+05
7.988e-02 1.942e+05
7.679e-02 1.978e+05
2.484e-01 9.935e+04
8.018e-02 1.913e+05
1.350e-01 1.519e+05
8.796e-02 1.818e+05
7.952e-02 1.911e+05
7.808e-02 1.935e+05
7.705e-02 1.942e+05
2.352e-01 1.332e+05
7.584e-02 2.004e+05
2.294e-01 1.280e+05
1.591e-01 1.406e+05
7.531e-02 1.991e+05
8.559e-02 1.857e+05
2.260e-01 1.387e+05
1.013e-01 1.752e+05
7.266e-02 2.018e+05
1.657e-01 1.480e+05
8.008e-02 1.917e+05
1.966e-01 1.368e+05
9.424e-02 1.752e+05
7.464e-02 1.985e+05
1.501e-01 1.491e+05
7.745e-02 1.944e+05
7.833e-02 1.938e+05
8.223e-02 1.922e+05
8.520e-02 1.859e+05
2.887e-01 1.295e+05
4.712e-01 1.205e+05
8.620e-02 1.841e+05
2.544e-01 1.302e+05
2.308e-01 1.308e+05
8.223e-02 1.917e+05
8.025e-02 1.914e+05
8.223e-02 1.908e+05
7.667e-02 1.944e+05
2.071e-01 1.328e+05
7.756e-02 1.975e+05
7.440e-02 2.013e+05
8.838e-02 1.829e+05
7.087e-02 2.047e+05
7.185e-02 2.045e+05
1.412e-01 1.511e+05
2.699e-01 1.322e+05
9.289e-02 1.822e+05
2.222e-01 1.205e+05
7.735e-02 1.973e+05
7.045e-02 2.045e+05
2.277e-01 1.328e+05
7.351e-02 2.019e+05
3.336e-01 1.243e+05
1.680e-01 1.436e+05
7.500e-02 1.997e+05
7.490e-02 1.990e+05
7.780e-02 1.949e+05
7.594e-02 1.978e+05
1.366e-01 1.581e+05
7.827e-02 1.952e+05
1.828e-01 1.377e+05
8.029e-02 1.876e+05
2.402e-01 1.298e+05
1.569e-01 1.462e+05
2.030e-01 1.336e+05
7.160e-02 2.041e+05
1.385e-01 1.552e+05
1.372e-01 1.552e+05
1.118e-01 1.561e+05
7.927e-02 1.942e+05
1.045e-01 1.683e+05
2.290e-01 1.362e+05
7.438e-02 1.986e+05
8.268e-02 1.882e+05
1.585e-01 1.444e+05
1.966e-01 1.441e+05
2.986e-01 1.255e+05
9.639e-02 1.716e+05
1.052e-01 1.678e+05
8.563e-02 1.863e+05
7.480e-02 2.007e+05
7.888e-02 1.922e+05
7.855e-02 1.941e+05
3.345e-01 1.221e+05
1.410e-01 1.494e+05
7.468e-02 1.992e+05
2.093e-01 1.400e+05
1.072e-01 1.684e+05
2.005e-01 1.336e+05
7.303e-02 2.016e+05
7.168e-02 2.055e+05
7.714e-02 1.946e+05
1.084e-01 1.701e+05
2.411e-01 1.293e+05
2.148e-01 1.357e+05
7.902e-02 1.916e+05
1.445e-01 1.419e+05
1.546e-01 1.479e+05
1.575e-01 1.448e+05
1.649e-01 1.385e+05
8.912e-02 1.801e+05
1.725e-01 1.390e+05
3.853e-01 1.108e+05
5.961e-01 1.059e+05
7.835e-02 1.951e+05
2.205e-01 1.287e+05
1.706e-01 1.376e+05
7.303e-02 2.006e+05
7.322e-02 2.016e+05
7.743e-02 1.981e+05
7.956e-02 1.927e+05
9.968e-02 1.667e+05
1.778e-01 1.402e+05
7.701e-02 1.968e+05
9.265e-02 1.760e+05
1.191e-01 1.504e+05
7.406e-02 2.019e+05
8.269e-02 1.889e+05
2.083e-01 1.378e+05
1.213e-01 1.509e+05
1.188e-01 1.604e+05
1.132e-01 1.637e+05
3.976e-01 1.222e+05
1.370e-01 1.555e+05
8.575e-02 1.864e+05
7.862e-02 1.950e+05
7.981e-02 1.925e+05
8.223e-02 1.892e+05
7.975e-02 1.914e+05
8.496e-02 1.850e+05
1.722e-01 1.418e+05
2.026e-01 1.078e+05
1.043e-01 1.677e+05
1.878e-01 1.373e+05
1.002e-01 1.721e+05
7.613e-02 1.972e+05
7.556e-02 1.983e+05
7.659e-02 1.966e+05
2.209e-01 1.352e+05
1.658e-01 1.358e+05
2.205e-01 1.282e+05
1.910e-01 9.328e+04
1.348e-01 1.441e+05
1.092e-01 1.703e+05
7.364e-02 2.010e+05
8.511e-02 1.827e+05
1.451e-01 1.392e+05
7.012e-02 2.067e+05
3.366e-01 1.235e+05
7.769e-02 1.955e+05
2.359e-01 1.305e+05
9.153e-02 1.757e+05
2.111e-01 1.380e+05
7.373e-02 2.024e+05
2.146e-01 1.118e+05
4.215e-01 1.224e+05
2.858e-01 1.304e+05
8.474e-02 1.896e+05
9.061e-02 1.800e+05
7.155e-02 2.028e+05
7.618e-02 1.972e+05
7.886e-02 1.939e+05
7.818e-02 1.964e+05
8.038e-02 1.907e+05
8.760e-02 1.824e+05
7.603e-02 1.977e+05
3.403e-01 1.103e+05
2.181e-01 1.312e+05
1.272e-01 1.491e+05
1.373e-01 1.466e+05
7.449e-02 1.989e+05
7.347e-02 1.997e+05
7.778e-02 1.941e+05
9.246e-02 1.789e+05
1.627e-01 1.394e+05
2.904e-01 1.274e+05
7.673e-02 1.957e+05
1.793e-01 1.465e+05
1.460e-01 1.526e+05
3.134e-01 1.214e+05
2.239e-01 1.336e+05
6.942e-02 2.075e+05
7.142e-02 2.042e+05
1.668e-01 1.368e+05
1.329e-01 1.544e+05
7.671e-02 1.969e+05
9.693e-02 1.767e+05
7.556e-02 1.991e+05
4.112e-01 1.236e+05
7.573e-02 1.976e+05
7.551e-02 1.966e+05
2.195e-01 1.331e+05
7.588e-02 1.984e+05
1.920e-01 1.369e+05
8.986e-02 1.790e+05
7.346e-02 1.996e+05
1.410e-01 1.474e+05
7.867e-02 1.937e+05
7.161e-02 2.046e+05
7.520e-02 1.971e+05
1.433e-01 1.517e+05
7.881e-02 1.952e+05
7.302e-02 2.042e+05
1.101e-01 1.584e+05
2.815e-01 1.291e+05
2.547e-01 1.307e+05
8.169e-02 1.896e+05
2.142e-01 1.314e+05
1.719e-01 1.381e+05
2.533e-01 1.321e+05
8.937e-02 1.802e+05
1.593e-01 1.453e+05
7.908e-02 1.926e+05
8.906e-02 1.821e+05
1.631e-01 1.476e+05
1.229e-01 1.572e+05
1.279e-01 1.542e+05
8.039e-02 1.899e+05
7.769e-02 1.948e+05
2.308e-01 9.377e+04
1.397e-01 1.537e+05
7.675e-02 1.958e+05
7.754e-02 1.949e+05
7.933e-02 1.930e+05
1.076e-01 1.637e+05
5.162e-01 1.230e+05
2.166e-01 1.344e+05
8.145e-02 1.903e+05
1.029e-01 1.698e+05
1.998e-01 1.345e+05
8.634e-02 1.843e+05
7.327e-02 2.025e+05
7.944e-02 1.921e+05
1.077e-01 1.647e+05
7.415e-02 1.974e+05
9.691e-02 1.693e+05
8.404e-02 1.864e+05
5.214e-01 1.095e+05
2.331e-01 1.339e+05
1.960e-01 1.362e+05
2.644e-01 1.286e+05
8.791e-02 1.818e+05
8.470e-02 1.855e+05
7.053e-02 2.065e+05
1.063e-01 1.709e+05
7.074e-02 2.041e+05
1.166e-01 1.600e+05
7.470e-02 1.984e+05
7.113e-02 2.054e+05
7.894e-02 1.937e+05
3.129e-01 1.268e+05
7.513e-02 1.995e+05
3.103e-01 1.246e+05
1.911e-01 1.400e+05
8.268e-02 1.890e+05
1.957e-01 1.303e+05
1.570e-01 1.350e+05
9.040e-02 1.777e+05
8.793e-02 1.842e+05
1.774e-01 1.436e+05
1.002e-01 1.703e+05
5.700e-01 1.040e+05
2.313e-01 1.331e+05
1.776e-01 1.224e+05
7.618e-02 1.995e+05
1.530e-01 1.486e+05
2.682e-01 1.315e+05
1.459e-01 1.488e+05
7.824e-02 1.961e+05
2.165e-01 1.320e+05
7.587e-02 1.973e+05
1.741e-01 1.400e+05
8.967e-02 1.840e+05
7.266e-02 2.033e+05
1.642e-01 1.424e+05
2.781e-01 1.321e+05
9.212e-02 1.794e+05
8.673e-02 1.845e+05
3.341e-01 1.223e+05
2.824e-01 1.270e+05
1.591e-01 1.502e+05
1.628e-01 1.450e+05
7.942e-02 1.937e+05
7.452e-02 1.982e+05
8.043e-02 1.913e+05
1.158e-01 1.611e+05
1.539e-01 1.420e+05
7.159e-02 2.057e+05
2.020e-01 1.335e+05
7.966e-02 1.949e+05
7.042e-02 2.049e+05
1.127e-01 1.566e+05
2.923e-01 1.257e+05
1.307e-01 1.450e+05
7.586e-02 2.001e+05
8.079e-02 1.922e+05
1.987e-01 1.398e+05
3.423e-01 9.639e+04
8.529e-02 1.833e+05
1.047e-01 1.685e+05
8.035e-02 1.941e+05
1.486e-01 1.490e+05
9.381e-02 1.780e+05
7.753e-02 1.947e+05
1.129e-01 1.612e+05
1.441e-01 1.493e+05
9.225e-02 1.777e+05
7.518e-02 1.978e+05
1.824e-01 1.394e+05
3.859e-01 1.195e+05
1.749e-01 1.382e+05
7.227e-02 2.030e+05
8.314e-02 1.872e+05
7.473e-02 1.985e+05
1.111e-01 1.616e+05
1.081e-01 1.649e+05
6.968e-02 2.075e+05
8.123e-02 1.908e+05
7.241e-02 2.034e+05
8.503e-02 1.847e+05
6.982e-02 2.070e+05
1.070e-01 1.639e+05
7.283e-02 2.002e+05
2.064e-01 1.088e+05
1.294e-01 1.497e+05
8.220e-02 1.888e+05
7.693e-02 1.962e+05
2.022e-01 1.301e+05
7.169e-02 2.046e+05
1.334e-01 1.471e+05
9.857e-02 1.753e+05
7.194e-02 2.038e+05
8.184e-02 1.898e+05
7.096e-02 2.045e+05
7.919e-02 1.955e+05
2.048e-01 1.401e+05
8.874e-02 1.823e+05
2.622e-01 1.248e+05
1.480e-01 1.494e+05
2.167e-01 1.378e+05
8.049e-02 1.908e+05
7.408e-02 1.994e+05
8.018e-02 1.922e+05
7.515e-02 1.995e+05
7.313e-02 2.006e+05
2.345e-01 1.297e+05
7.592e-02 1.981e+05
2.603e-01 1.017e+05
1.029e-01 1.661e+05
1.484e-01 1.465e+05
1.530e-01 1.435e+05
1.504e-01 1.421e+05
8.665e-02 1.850e+05
1.154e-01 1.594e+05
1.518e-01 1.478e+05
7.552e-02 1.977e+05
1.560e-01 1.449e+05
1.440e-01 1.565e+05
1.742e-01 1.393e+05
1.388e-01 1.520e+05
8.915e-02 1.807e+05
2.445e-01 1.358e+05
8.550e-02 1.878e+05
7.546e-02 1.978e+05
8.079e-02 1.915e+05
4.981e-01 1.073e+05
7.527e-02 1.998e+05
2.253e-01 1.109e+05
8.017e-02 1.899e+05
1.610e-01 1.449e+05
7.512e-02 1.999e+05
7.569e-02 1.944e+05
7.630e-02 1.971e+05
2.254e-01 1.332e+05
7.987e-02 1.934e+05
1.361e-01 1.449e+05
1.168e-01 1.635e+05
8.271e-02 1.893e+05
7.480e-02 2.006e+05
7.857e-02 1.952e+05
7.939e-02 1.894e+05
1.264e-01 1.596e+05
2.958e-01 1.290e+05
8.022e-02 1.934e+05
7.341e-02 1.999e+05
2.037e-01 1.360e+05
8.765e-02 1.821e+05
7.547e-02 1.973e+05
8.228e-02 1.899e+05
8.777e-02 1.815e+05
1.715e-01 1.329e+05
1.149e-01 1.640e+05
7.888e-02 1.937e+05
7.157e-02 2.021e+05
8.033e-02 1.912e+05
7.459e-02 1.982e+05
1.531e-01 1.480e+05
1.033e-01 1.718e+05
1.343e-01 1.548e+05
7.436e-02 1.974e+05
1.058e-01 1.653e+05
7.594e-02 1.962e+05
1.661e-01 1.495e+05
7.764e-02 1.955e+05
7.728e-02 1.962e+05
1.784e-01 1.304e+05
7.126e-02 2.065e+05
2.442e-01 1.290e+05
2.557e-01 1.344e+05
3.356e-01 1.217e+05
1.144e-01 1.611e+05
6.900e-02 2.079e+05
7.567e-02 1.978e+05
7.787e-02 1.921e+05
1.242e-01 1.553e+05
7.003e-02 2.053e+05
1.811e-01 1.458e+05
1.656e-01 1.398e+05
2.797e-01 1.286e+05
1.177e-01 1.627e+05
7.411e-02 1.990e+05
1.793e-01 1.355e+05
8.197e-02 1.897e+05
7.196e-02 2.041e+05
4.938e-01 1.020e+05
7.545e-02 1.988e+05
7.921e-02 1.913e+05
7.999e-02 1.925e+05
1.443e-01 1.505e+05
1.588e-01 1.500e+05
8.094e-02 1.925e+05
1.407e-01 1.543e+05
1.396e-01 1.523e+05
8.490e-02 1.857e+05
2.249e-01 1.316e+05
1.651e-01 1.422e+05
2.351e-01 1.297e+05
1.380e-01 1.470e+05
1.799e-01 1.414e+05
8.079e-02 1.926e+05
1.001e-01 1.747e+05
8.281e-02 1.881e+05
7.431e-02 2.017e+05
8.090e-02 1.870e+05
2.133e-01 1.351e+05
7.903e-02 1.938e+05
2.014e-01 1.041e+05
7.604e-02 1.978e+05
8.027e-02 1.909e+05
7.735e-02 1.976e+05
7.976e-02 1.941e+05
7.280e-02 2.037e+05
7.347e-02 2.006e+05
2.456e-01 1.368e+05
7.285e-02 2.037e+05
5.292e-01 1.207e+05
1.341e-01 1.477e+05
2.051e-01 1.385e+05
6.907e-02 2.083e+05
7.546e-02 1.977e+05
7.163e-02 2.062e+05
1.874e-01 1.382e+05
7.678e-02 1.966e+05
1.538e-01 1.434e+05
7.231e-02 2.048e+05
4.164e-01 1.215e+05
2.421e-01 1.292e+05
4.038e-01 1.001e+05
2.143e-01 1.368e+05
8.389e-02 1.857e+05
2.292e-01 1.091e+05
8.000e-02 1.922e+05
8.771e-02 1.859e+05
2.849e-01 1.301e+05
4.100e-01 1.224e+05
7.110e-02 2.036e+05
8.119e-02 1.918e+05
7.996e-02 1.922e+05
7.319e-02 2.031e+05
9.363e-02 1.795e+05
7.089e-02 2.047e+05
1.944e-01 1.343e+05
7.515e-02 1.977e+05
7.433e-02 1.991e+05
8.197e-02 1.887e+05
7.711e-02 1.932e+05
1.554e-01 1.509e+05
1.138e-01 1.638e+05
7.669e-02 1.962e+05
1.496e-01 1.509e+05
7.883e-02 1.932e+05
9.410e-02 1.760e+05
7.523e-02 1.979e+05
1.472e-01 1.447e+05
7.504e-02 1.990e+05
8.383e-02 1.882e+05
8.758e-02 1.776e+05
8.837e-02 1.763e+05
1.573e-01 1.413e+05
1.077e-01 1.620e+05
7.619e-02 1.976e+05
1.323e-01 1.575e+05
1.370e-01 1.498e+05
3.616e-01 1.248e+05
1.290e-01 1.576e+05
8.079e-02 1.916e+05
1.303e-01 1.560e+05
1.279e-01 1.563e+05
7.867e-02 1.934e+05
7.681e-02 1.970e+05
7.396e-02 2.023e+05
7.650e-02 1.967e+05
5.745e-01 1.013e+05
7.508e-02 2.002e+05
7.297e-02 2.037e+05
1.408e-01 1.547e+05
1.776e-01 1.449e+05
1.244e-01 1.557e+05
7.148e-02 2.052e+05
7.538e-02 1.979e+05
8.018e-02 1.921e+05
7.770e-02 1.962e+05
8.150e-02 1.924e+05
9.919e-02 1.732e+05
7.764e-02 1.966e+05
1.395e-01 1.509e+05
6.846e-02 2.094e+05
2.091e-01 9.655e+04
3.574e-01 1.237e+05
1.135e-01 1.544e+05
8.012e-02 1.916e+05
7.323e-02 2.000e+05
7.976e-02 1.926e+05
1.095e-01 1.628e+05
2.216e-01 1.399e+05
7.406e-02 2.026e+05
7.692e-02 1.956e+05
1.583e-01 1.452e+05
9.455e-02 1.800e+05
1.854e-01 1.094e+05
7.114e-02 2.051e+05
2.237e-01 1.372e+05
7.095e-02 2.047e+05
9.830e-02 1.731e+05
2.147e-01 1.198e+05
2.398e-01 1.356e+05
1.240e-01 1.581e+05
2.175e-01 1.355e+05
8.813e-02 1.786e+05
1.140e-01 1.617e+05
7.711e-02 1.956e+05
4.752e-01 1.208e+05
1.806e-01 1.378e+05
7.417e-02 1.977e+05
2.836e-01 1.242e+05
1.947e-01 1.258e+05
1.849e-01 1.392e+05
7.535e-02 1.967e+05
6.970e-02 2.070e+05
2.373e-01 1.377e+05
7.778e-02 1.959e+05
1.479e-01 1.418e+05
2.124e-01 1.325e+05
7.401e-02 1.990e+05
7.845e-02 1.952e+05
1.228e-01 1.565e+05
1.435e-01 1.555e+05
7.859e-02 1.933e+05
1.105e-01 1.634e+05
9.898e-02 1.685e+05
8.495e-02 1.870e+05
1.262e-01 1.586e+05
7.523e-02 1.973e+05
8.683e-02 1.802e+05
2.579e-01 1.075e+05
9.402e-02 1.785e+05
7.171e-02 2.051e+05
1.683e-01 1.478e+05
7.190e-02 2.054e+05
2.150e-01 1.397e+05
7.661e-02 1.963e+05
7.794e-02 1.949e+05
1.565e-01 1.462e+05
1.296e-01 1.575e+05
7.677e-02 1.973e+05
1.977e-01 1.324e+05
7.478e-02 1.984e+05
1.277e-01 1.553e+05
7.568e-02 1.967e+05
2.233e-01 1.294e+05
7.300e-02 2.008e+05
1.334e-01 1.573e+05
1.716e-01 1.409e+05
1.837e-01 1.397e+05
3.629e-01 1.243e+05
1.584e-01 1.394e+05
7.738e-02 1.954e+05
2.102e-01 1.349e+05
2.012e-01 1.350e+05
9.489e-02 1.761e+05
7.176e-02 2.059e+05
7.159e-02 2.043e+05
1.212e-01 1.503e+05
1.484e-01 1.446e+05
8.016e-02 1.906e+05
2.761e-01 1.275e+05
7.095e-02 2.053e+05
9.480e-02 1.775e+05
7.767e-02 1.953e+05
7.935e-02 1.923e+05
2.409e-01 1.241e+05
1.039e-01 1.722e+05
6.837e-02 2.099e+05
7.950e-02 1.932e+05
1.535e-01 1.528e+05
7.253e-02 2.014e+05
7.739e-02 1.948e+05
7.529e-02 1.983e+05
8.196e-02 1.886e+05
4.504e-01 1.198e+05
7.361e-02 1.999e+05
7.208e-02 2.026e+05
7.237e-02 2.040e+05
7.688e-02 1.975e+05
6.975e-02 2.063e+05
2.492e-01 1.338e+05
1.959e-01 1.386e+05
4.202e-01 1.210e+05
5.740e-01 1.089e+05
3.265e-01 1.285e+05
7.080e-02 2.070e+05
1.623e-01 1.377e+05
3.539e-01 1.025e+05
2.480e-01 1.309e+05
1.227e-01 1.560e+05
2.764e-01 1.276e+05
7.668e-02 1.935e+05
8.246e-02 1.880e+05
8.344e-02 1.870e+05
2.439e-01 1.299e+05
1.840e-01 1.132e+05
1.293e-01 1.504e+05
2.425e-01 1.318e+05
7.502e-02 1.982e+05
7.667e-02 1.964e+05
2.811e-01 1.292e+05
8.477e-02 1.862e+05
3.240e-01 1.275e+05
1.024e-01 1.729e+05
7.782e-02 1.956e+05
4.554e-01 1.224e+05
1.013e-01 1.745e+05
7.195e-02 2.046e+05
1.539e-01 1.437e+05
1.061e-01 1.695e+05
9.036e-02 1.823e+05
7.758e-02 1.962e+05
1.051e-01 1.709e+05
2.126e-01 1.305e+05
1.375e-01 1.569e+05
7.764e-02 1.970e+05
8.133e-02 1.903e+05
7.661e-02 1.955e+05
7.507e-02 1.964e+05
8.162e-02 1.890e+05
7.310e-02 2.027e+05
7.777e-02 1.977e+05
7.767e-02 1.946e+05
7.840e-02 1.942e+05
3.142e-01 1.238e+05
1.515e-01 1.370e+05
1.871e-01 1.437e+05
7.564e-02 1.999e+05
7.135e-02 2.030e+05
1.025e-01 1.702e+05
8.665e-02 1.869e+05
7.686e-02 1.953e+05
4.632e-01 1.201e+05
1.417e-01 1.558e+05
3.024e-01 1.293e+05
2.296e-01 1.362e+05
2.299e-01 1.110e+05
2.016e-01 1.379e+05
7.235e-02 2.027e+05
8.375e-02 1.884e+05
8.062e-02 1.907e+05
7.710e-02 1.956e+05
7.194e-02 2.041e+05
8.136e-02 1.933e+05
1.676e-01 1.457e+05
1.254e-01 1.553e+05
8.108e-02 1.897e+05
7.679e-02 1.962e+05
1.136e-01 1.631e+05
1.271e-01 1.509e+05
2.950e-01 1.260e+05
8.459e-02 1.815e+05
7.630e-02 1.972e+05
7.822e-02 1.935e+05
8.611e-02 1.853e+05
7.637e-02 1.960e+05
7.593e-02 1.965e+05
1.614e-01 1.426e+05
7.594e-02 2.003e+05
8.780e-02 1.857e+05
8.244e-02 1.911e+05
8.233e-02 1.902e+05
7.898e-02 1.950e+05
7.620e-02 1.965e+05
7.349e-02 1.987e+05
8.693e-02 1.862e+05
1.201e-01 1.534e+05
7.198e-02 2.021e+05
8.837e-02 1.820e+05
7.210e-02 2.047e+05
7.153e-02 2.035e+05
1.066e-01 1.683e+05
8.092e-02 1.896e+05
1.429e-01 1.359e+05
1.024e-01 1.703e+05
2.236e-01 1.357e+05
1.075e-01 1.662e+05
9.806e-02 1.763e+05
1.063e-01 1.685e+05
1.960e-01 1.402e+05
8.007e-02 1.914e+05
9.071e-02 1.756e+05
1.185e-01 1.529e+05
2.874e-01 1.300e+05
7.853e-02 1.927e+05
1.822e-01 1.366e+05
1.972e-01 1.357e+05
1.383e-01 1.465e+05
1.181e-01 1.566e+05
1.146e-01 1.663e+05
7.504e-02 2.000e+05
8.133e-02 1.918e+05
1.236e-01 1.478e+05
7.436e-02 1.986e+05
7.982e-02 1.913e+05
7.407e-02 1.986e+05
1.079e-01 1.597e+05
2.394e-01 1.274e+05
7.269e-02 2.038e+05
1.508e-01 1.441e+05
1.119e-01 1.676e+05
1.162e-01 1.626e+05
1.607e-01 1.490e+05
7.665e-02 1.966e+05
8.108e-02 1.904e+05
2.264e-01 1.288e+05
1.027e-01 1.695e+05
1.408e-01 1.564e+05
7.872e-02 1.941e+05
7.480e-02 1.974e+05
9.456e-02 1.786e+05
1.478e-01 1.455e+05
7.027e-02 2.061e+05
3.916e-01 1.241e+05
7.639e-02 1.963e+05
7.466e-02 1.976e+05
7.631e-02 1.965e+05
7.810e-02 1.962e+05
2.444e-01 1.243e+05
7.633e-02 1.992e+05
6.984e-02 2.081e+05
8.297e-02 1.856e+05
1.869e-01 1.347e+05
1.855e-01 1.322e+05
7.068e-02 2.041e+05
1.480e-01 1.446e+05
7.540e-02 1.989e+05
8.164e-02 1.890e+05
9.773e-02 1.778e+05
1.953e-01 9.871e+04
8.151e-02 1.870e+05
1.592e-01 1.396e+05
9.205e-02 1.758e+05
7.730e-02 1.958e+05
2.305e-01 1.069e+05
9.300e-02 1.761e+05
1.987e-01 1.121e+05
7.875e-02 1.951e+05
1.312e-01 1.571e+05
1.326e-01 1.535e+05
8.509e-02 1.833e+05
9.754e-02 1.738e+05
1.684e-01 1.473e+05
7.464e-02 2.001e+05
9.947e-02 1.695e+05
7.229e-02 2.035e+05
7.620e-02 1.983e+05
7.387e-02 1.995e+05
1.438e-01 1.403e+05
8.007e-02 1.892e+05
7.670e-02 1.971e+05
2.571e-01 1.225e+05
7.387e-02 2.017e+05
7.822e-02 1.953e+05
8.997e-02 1.817e+05
8.079e-02 1.896e+05
2.243e-01 1.380e+05
3.146e-01 1.084e+05
1.045e-01 1.730e+05
1.819e-01 1.382e+05
7.526e-02 1.995e+05
7.898e-02 1.924e+05
1.689e-01 1.435e+05
7.597e-02 1.976e+05
1.012e-01 1.699e+05
1.643e-01 1.391e+05
7.427e-02 2.021e+05
1.100e-01 1.683e+05
9.145e-02 1.749e+05
1.791e-01 1.358e+05
8.354e-02 1.900e+05
2.719e-01 1.267e+05
7.290e-02 2.003e+05
7.860e-02 1.942e+05
7.283e-02 2.019e+05
4.402e-01 1.187e+05
7.020e-02 2.071e+05
3.057e-01 1.237e+05
7.869e-02 1.933e+05
7.761e-02 1.959e+05
7.641e-02 1.959e+05
2.238e-01 1.285e+05
7.879e-02 1.931e+05
7.060e-02 2.058e+05
8.131e-02 1.891e+05
7.580e-02 1.977e+05
8.652e-02 1.800e+05
2.106e-01 1.337e+05
2.384e-01 1.302e+05
1.497e-01 1.465e+05
7.652e-02 1.972e+05
7.049e-02 2.043e+05
3.893e-01 1.196e+05
1.324e-01 1.493e+05
1.652e-01 1.414e+05
7.956e-02 1.933e+05
8.157e-02 1.898e+05
7.709e-02 1.975e+05
2.581e-01 1.119e+05
2.229e-01 1.319e+05
1.014e-01 1.680e+05
7.592e-02 1.974e+05
8.498e-02 1.848e+05
1.033e-01 1.693e+05
8.494e-02 1.807e+05
2.700e-01 1.309e+05
1.054e-01 1.636e+05
7.508e-02 1.990e+05
2.016e-01 1.348e+05
1.386e-01 1.508e+05
1.625e-01 1.385e+05
8.699e-02 1.851e+05
1.559e-01 1.437e+05
2.712e-01 1.331e+05
1.497e-01 1.542e+05
3.504e-01 1.233e+05
1.206e-01 1.638e+05
7.336e-02 2.028e+05
1.022e-01 1.669e+05
7.557e-02 1.974e+05
7.599e-02 1.966e+05
8.384e-02 1.878e+05
7.443e-02 1.989e+05
7.997e-02 1.923e+05
3.446e-01 1.278e+05
1.492e-01 1.475e+05
1.190e-01 1.561e+05
7.544e-02 1.986e+05
8.217e-02 1.882e+05
7.932e-02 1.926e+05
9.365e-02 1.761e+05
1.403e-01 1.502e+05
8.245e-02 1.862e+05
8.588e-02 1.853e+05
4.129e-01 1.223e+05
8.057e-02 1.913e+05
8.272e-02 1.871e+05
1.461e-01 1.541e+05
1.984e-01 1.407e+05
2.400e-01 1.333e+05
8.130e-02 1.920e+05
2.235e-01 1.268e+05
8.655e-02 1.841e+05
8.436e-02 1.851e+05
1.208e-01 1.614e+05
7.204e-02 2.041e+05
2.502e-01 1.309e+05
1.225e-01 1.500e+05
2.525e-01 1.282e+05
1.530e-01 1.530e+05
6.997e-02 2.054e+05
9.618e-02 1.749e+05
2.047e-01 1.343e+05
7.870e-02 1.934e+05
4.283e-01 1.206e+05
8.849e-02 1.831e+05
9.362e-02 1.800e+05
1.009e-01 1.728e+05
8.434e-02 1.870e+05
8.101e-02 1.917e+05
1.247e-01 1.554e+05
1.242e-01 1.552e+05
8.097e-02 1.918e+05
1.703e-01 1.490e+05
7.980e-02 1.908e+05
1.403e-01 1.519e+05
7.501e-02 1.996e+05
5.207e-01 1.129e+05
8.099e-02 1.911e+05
1.382e-01 1.473e+05
7.938e-02 1.915e+05
8.001e-02 1.906e+05
1.144e-01 1.553e+05
7.030e-02 2.072e+05
1.356e-01 1.490e+05
7.045e-02 2.073e+05
8.174e-02 1.898e+05
7.710e-02 1.951e+05
1.274e-01 1.543e+05
8.135e-02 1.907e+05
7.096e-02 2.070e+05
3.386e-01 1.262e+05
7.587e-02 1.991e+05
7.545e-02 1.980e+05
1.555e-01 1.491e+05
1.944e-01 1.444e+05
2.245e-01 1.336e+05
1.568e-01 1.471e+05
9.138e-02 1.801e+05
7.862e-02 1.940e+05
1.159e-01 1.669e+05
1.111e-01 1.614e+05
8.063e-02 1.930e+05
7.798e-02 1.934e+05
1.343e-01 1.581e+05
7.719e-02 1.953e+05
1.640e-01 1.464e+05
1.379e-01 1.526e+05
3.470e-01 1.250e+05
7.434e-02 1.970e+05
6.957e-02 2.073e+05
2.391e-01 1.249e+05
3.703e-01 1.261e+05
2.812e-01 1.329e+05
9.577e-02 1.726e+05
5.004e-01 1.153e+05
2.709e-01 1.271e+05
8.427e-02 1.891e+05
2.025e-01 1.341e+05
2.485e-01 1.368e+05
9.243e-02 1.811e+05
8.095e-02 1.905e+05
2.188e-01 1.303e+05
1.759e-01 1.377e+05
2.284e-01 1.371e+05
8.014e-02 1.922e+05
1.389e-01 1.493e+05
8.846e-02 1.828e+05
4.497e-01 1.203e+05
1.229e-01 1.598e+05
7.637e-02 1.968e+05
7.358e-02 1.999e+05
1.059e-01 1.723e+05
8.252e-02 1.847e+05
3.212e-01 1.240e+05
1.943e-01 1.325e+05
1.995e-01 1.328e+05
8.129e-02 1.915e+05
4.528e-01 1.069e+05
2.812e-01 1.250e+05
8.073e-02 1.917e+05
3.601e-01 1.256e+05
2.492e-01 1.242e+05
9.892e-02 1.761e+05
7.676e-02 1.969e+05
7.093e-02 2.067e+05
7.049e-02 2.042e+05
1.693e-01 1.448e+05
3.409e-01 1.262e+05
9.659e-02 1.774e+05
7.518e-02 1.984e+05
9.718e-02 1.713e+05
7.581e-02 1.973e+05
1.061e-01 1.686e+05
1.139e-01 1.634e+05
7.819e-02 1.941e+05
1.451e-01 1.466e+05
1.851e-01 1.414e+05
1.799e-01 1.405e+05
1.586e-01 1.437e+05
7.559e-02 1.993e+05
8.056e-02 1.913e+05
1.925e-01 1.426e+05
7.093e-02 2.055e+05
8.202e-02 1.911e+05
7.663e-02 1.954e+05
1.203e-01 1.605e+05
1.113e-01 1.681e+05
3.000e-01 1.267e+05
7.476e-02 1.985e+05
8.380e-02 1.860e+05
7.176e-02 2.043e+05
8.075e-02 1.920e+05
1.745e-01 1.263e+05
8.010e-02 1.902e+05
8.224e-02 1.894e+05
8.041e-02 1.918e+05
4.000e-01 1.222e+05
3.165e-01 1.301e+05
2.962e-01 1.243e+05
7.273e-02 2.028e+05
7.126e-02 2.038e+05
1.293e-01 1.599e+05
7.682e-02 1.974e+05
1.854e-01 1.351e+05
1.805e-01 1.431e+05
1.835e-01 1.371e+05
3.317e-01 1.247e+05
7.215e-02 2.039e+05
7.643e-02 1.973e+05
7.475e-02 2.012e+05
8.969e-02 1.765e+05
4.531e-01 1.205e+05
7.252e-02 2.005e+05
8.152e-02 1.889e+05
3.580e-01 1.226e+05
7.917e-02 1.934e+05
4.082e-01 1.193e+05
1.799e-01 1.362e+05
1.681e-01 1.417e+05
7.944e-02 1.921e+05
6.952e-02 2.078e+05
1.147e-01 1.635e+05
2.260e-01 1.341e+05
7.861e-02 1.931e+05
8.109e-02 1.900e+05
7.303e-02 1.995e+05
1.325e-01 1.553e+05
1.713e-01 1.360e+05
7.690e-02 1.967e+05
1.218e-01 1.502e+05
1.280e-01 1.488e+05
1.097e-01 1.641e+05
3.847e-01 1.241e+05
2.370e-01 1.343e+05
7.278e-02 2.006e+05
7.508e-02 1.995e+05
7.636e-02 1.994e+05
8.429e-02 1.882e+05
1.951e-01 1.394e+05
7.337e-02 2.014e+05
1.637e-01 1.414e+05
1.202e-01 1.562e+05
9.743e-02 1.702e+05
1.331e-01 1.531e+05
2.564e-01 1.294e+05
7.338e-02 2.030e+05
7.600e-02 1.978e+05
1.170e-01 1.617e+05
7.976e-02 1.908e+05
6.866e-02 2.100e+05
2.016e-01 1.214e+05
1.004e-01 1.754e+05
1.007e-01 1.710e+05
7.971e-02 1.917e+05
7.527e-02 2.007e+05
1.368e-01 1.560e+05
7.815e-02 1.966e+05
7.883e-02 1.942e+05
1.817e-01 1.396e+05
7.602e-02 1.970e+05
8.802e-02 1.779e+05
9.326e-02 1.795e+05
1.719e-01 1.458e+05
7.916e-02 1.940e+05
1.622e-01 1.434e+05
1.140e-01 1.627e+05
7.635e-02 1.992e+05
1.594e-01 1.422e+05
7.890e-02 1.916e+05
1.860e-01 1.305e+05
7.376e-02 2.029e+05
8.382e-02 1.884e+05
8.631e-02 1.848e+05
8.341e-02 1.871e+05
1.084e-01 1.622e+05
7.614e-02 1.973e+05
1.547e-01 1.468e+05
1.218e-01 1.591e+05
1.205e-01 1.519e+05
1.738e-01 1.379e+05
1.181e-01 1.582e+05
9.383e-02 1.772e+05
8.541e-02 1.809e+05
2.143e-01 1.330e+05
2.518e-01 1.142e+05
3.659e-01 1.225e+05
1.788e-01 1.374e+05
1.507e-01 1.423e+05
7.682e-02 1.948e+05
9.993e-02 1.750e+05
9.303e-02 1.790e+05
1.287e-01 1.523e+05
7.341e-02 2.001e+05
7.500e-02 1.972e+05
4.761e-01 1.210e+05
2.846e-01 1.300e+05
8.171e-02 1.880e+05
7.894e-02 1.935e+05
1.958e-01 1.009e+05
8.147e-02 1.905e+05
1.115e-01 1.664e+05
2.093e-01 1.323e+05
1.434e-01 1.493e+05
2.777e-01 1.278e+05
7.454e-02 2.010e+05
8.976e-02 1.816e+05
8.490e-02 1.829e+05
2.056e-01 1.306e+05
8.168e-02 1.927e+05
8.012e-02 1.917e+05
8.391e-02 1.870e+05
7.658e-02 1.967e+05
9.101e-02 1.821e+05
8.409e-02 1.899e+05
3.170e-01 1.093e+05
1.046e-01 1.706e+05
1.123e-01 1.649e+05
8.379e-02 1.869e+05
1.663e-01 1.476e+05
1.575e-01 1.461e+05
8.447e-02 1.828e+05
8.077e-02 1.906e+05
2.576e-01 1.263e+05
7.631e-02 1.939e+05
1.310e-01 1.603e+05
2.072e-01 1.335e+05
7.078e-02 2.054e+05
1.287e-01 1.537e+05
8.632e-02 1.825e+05
6.953e-02 2.079e+05
7.424e-02 2.024e+05
7.820e-02 1.942e+05
8.532e-02 1.812e+05
8.145e-02 1.921e+05
2.610e-01 1.329e+05
7.967e-02 1.921e+05
1.566e-01 1.472e+05
6.842e-02 2.100e+05
1.326e-01 1.535e+05
1.400e-01 1.493e+05
7.864e-02 1.928e+05
3.264e-01 1.296e+05
7.813e-02 1.956e+05
8.285e-02 1.917e+05
8.386e-02 1.874e+05
7.145e-02 2.065e+05
8.184e-02 1.898e+05
7.021e-02 2.079e+05
7.667e-02 1.966e+05
7.683e-02 1.987e+05
1.998e-01 1.367e+05
6.917e-02 2.098e+05
7.459e-02 1.994e+05
1.674e-01 1.391e+05
2.529e-01 1.325e+05
1.263e-01 1.611e+05
2.005e-01 1.427e+05
3.739e-01 1.031e+05
1.325e-01 1.546e+05
7.888e-02 1.941e+05
3.425e-01 1.234e+05
1.151e-01 1.618e+05
7.937e-02 1.944e+05
8.471e-02 1.861e+05
7.932e-02 1.911e+05
2.076e-01 1.394e+05
8.078e-02 1.893e+05
3.633e-01 1.188e+05
2.680e-01 1.267e+05
1.921e-01 1.368e+05
1.121e-01 1.667e+05
1.915e-01 1.357e+05
1.132e-01 1.589e+05
1.459e-01 1.441e+05
8.475e-02 1.882e+05
7.622e-02 1.970e+05
1.651e-01 1.401e+05
2.184e-01 1.354e+05
1.958e-01 1.339e+05
8.364e-02 1.849e+05
7.920e-02 1.933e+05
2.047e-01 1.342e+05
9.932e-02 1.701e+05
8.345e-02 1.860e+05
1.418e-01 1.400e+05
2.856e-01 1.225e+05
1.532e-01 1.519e+05
1.117e-01 1.679e+05
8.342e-02 1.882e+05
7.472e-02 1.987e+05
1.458e-01 1.513e+05
7.143e-02 2.022e+05
8.342e-02 1.863e+05
7.400e-02 1.993e+05
3.127e-01 1.224e+05
3.043e-01 1.012e+05
1.704e-01 1.412e+05
1.293e-01 1.515e+05
1.401e-01 1.521e+05
2.162e-01 1.327e+05
2.205e-01 1.312e+05
7.581e-02 1.968e+05
1.058e-01 1.641e+05
2.559e-01 1.205e+05
8.104e-02 1.919e+05
5.605e-01 1.144e+05
8.188e-02 1.931e+05
1.090e-01 1.667e+05
9.095e-02 1.740e+05
7.128e-02 2.044e+05
7.521e-02 1.978e+05
1.047e-01 1.667e+05
8.147e-02 1.894e+05
2.248e-01 1.333e+05
1.219e-01 1.577e+05
8.745e-02 1.853e+05
7.492e-02 1.993e+05
2.072e-01 1.290e+05
1.353e-01 1.535e+05
2.209e-01 1.292e+05
1.327e-01 1.505e+05
4.262e-01 1.121e+05
7.605e-02 1.976e+05
1.242e-01 1.547e+05
9.236e-02 1.760e+05
1.571e-01 1.461e+05
7.859e-02 1.929e+05
1.077e-01 1.660e+05
7.744e-02 1.961e+05
8.804e-02 1.860e+05
1.244e-01 1.589e+05
2.150e-01 1.334e+05
1.207e-01 1.517e+05
7.486e-02 1.963e+05
8.290e-02 1.887e+05
1.894e-01 1.352e+05
1.445e-01 1.417e+05
7.788e-02 1.959e+05
1.531e-01 1.456e+05
1.274e-01 1.610e+05
8.380e-02 1.881e+05
1.699e-01 1.409e+05
1.102e-01 1.627e+05
7.343e-02 2.016e+05
7.577e-02 1.991e+05
9.700e-02 1.775e+05
1.468e-01 1.409e+05
3.525e-01 1.231e+05
7.761e-02 1.964e+05
3.315e-01 1.242e+05
2.501e-01 1.297e+05
7.531e-02 2.000e+05
1.484e-01 1.471e+05
7.750e-02 1.920e+05
8.262e-02 1.882e+05
7.516e-02 1.988e+05
7.169e-02 2.051e+05
7.892e-02 1.950e+05
1.606e-01 1.433e+05
7.481e-02 1.977e+05
9.878e-02 1.747e+05
7.102e-02 2.032e+05
8.207e-02 1.899e+05
7.983e-02 1.926e+05
9.257e-02 1.808e+05
2.525e-01 1.304e+05
2.354e-01 1.322e+05
8.638e-02 1.809e+05
1.444e-01 1.502e+05
7.348e-02 1.998e+05
7.203e-02 2.020e+05
1.069e-01 1.679e+05
1.025e-01 1.753e+05
7.184e-02 2.033e+05
2.297e-01 1.352e+05
7.978e-02 1.925e+05
2.177e-01 9.512e+04
2.976e-01 1.252e+05
9.536e-02 1.697e+05
1.672e-01 1.375e+05
7.491e-02 1.989e+05
7.885e-02 1.939e+05
1.395e-01 1.527e+05
9.917e-02 1.732e+05
7.821e-02 1.962e+05
1.444e-01 1.429e+05
7.111e-02 2.035e+05
3.171e-01 1.252e+05
8.064e-02 1.910e+05
7.738e-02 1.955e+05
1.073e-01 1.697e+05
1.164e-01 1.574e+05
1.492e-01 1.485e+05
2.344e-01 1.307e+05
1.726e-01 1.453e+05
2.583e-01 1.253e+05
8.371e-02 1.837e+05
4.061e-01 1.233e+05
2.184e-01 1.320e+05
5.814e-01 1.201e+05
7.592e-02 1.975e+05
8.137e-02 1.882e+05
7.319e-02 2.014e+05
1.532e-01 1.405e+05
8.265e-02 1.895e+05
7.252e-02 2.021e+05
9.796e-02 1.762e+05
1.728e-01 1.399e+05
7.858e-02 1.938e+05
8.728e-02 1.798e+05
2.579e-01 1.333e+05
1.139e-01 1.619e+05
1.987e-01 1.363e+05
7.814e-02 1.946e+05
8.452e-02 1.841e+05
1.007e-01 1.697e+05
7.894e-02 1.939e+05
7.818e-02 1.926e+05
8.081e-02 1.903e+05
7.562e-02 1.960e+05
2.534e-01 1.299e+05
4.577e-01 1.193e+05
1.404e-01 1.523e+05
8.914e-02 1.812e+05
7.583e-02 1.969e+05
7.797e-02 1.941e+05
7.725e-02 1.967e+05
7.496e-02 2.002e+05
2.607e-01 1.292e+05
2.813e-01 1.291e+05
1.670e-01 1.422e+05
7.766e-02 1.941e+05
1.580e-01 1.432e+05
1.367e-01 1.542e+05
7.069e-02 2.061e+05
9.945e-02 1.720e+05
8.223e-02 1.900e+05
7.752e-02 1.956e+05
8.353e-02 1.874e+05
1.483e-01 1.491e+05
5.559e-01 1.166e+05
7.888e-02 1.931e+05
1.925e-01 1.392e+05
7.272e-02 2.010e+05
1.348e-01 1.535e+05
5.408e-01 1.102e+05
1.131e-01 1.662e+05
7.756e-02 1.968e+05
1.531e-01 1.379e+05
1.545e-01 1.454e+05
7.154e-02 2.026e+05
1.830e-01 1.377e+05
7.871e-02 1.962e+05
8.276e-02 1.868e+05
8.250e-02 1.889e+05
8.230e-02 1.927e+05
1.598e-01 1.343e+05
1.260e-01 1.554e+05
7.683e-02 1.932e+05
8.856e-02 1.787e+05
3.909e-01 1.221e+05
1.474e-01 1.530e+05
2.795e-01 1.327e+05
8.177e-02 1.908e+05
8.917e-02 1.821e+05
1.866e-01 1.376e+05
8.149e-02 1.899e+05
7.862e-02 1.942e+05
2.432e-01 1.243e+05
2.303e-01 1.305e+05
7.761e-02 1.949e+05
7.544e-02 1.989e+05
1.652e-01 1.432e+05
3.148e-01 1.226e+05
1.168e-01 1.612e+05
8.904e-02 1.824e+05
7.725e-02 1.963e+05
2.293e-01 1.333e+05
1.070e-01 1.692e+05
2.006e-01 9.517e+04
7.545e-02 1.994e+05
9.448e-02 1.769e+05
7.795e-02 1.950e+05
3.718e-01 1.266e+05
8.808e-02 1.825e+05
7.317e-02 2.001e+05
7.628e-02 1.969e+05
1.008e-01 1.742e+05
7.631e-02 1.965e+05
1.562e-01 1.457e+05
7.251e-02 2.009e+05
1.165e-01 1.612e+05
2.539e-01 1.322e+05
1.861e-01 1.381e+05
7.728e-02 1.957e+05
1.723e-01 1.466e+05
7.525e-02 1.978e+05
8.228e-02 1.875e+05
7.966e-02 1.914e+05
9.683e-02 1.748e+05
1.051e-01 1.736e+05
5.244e-01 1.163e+05
7.869e-02 1.932e+05
2.380e-01 1.348e+05
7.499e-02 1.999e+05
1.592e-01 1.419e+05
9.961e-02 1.700e+05
1.030e-01 1.686e+05
7.983e-02 1.928e+05
7.875e-02 1.930e+05
1.393e-01 1.558e+05
1.939e-01 1.088e+05
1.706e-01 1.401e+05
1.529e-01 1.430e+05
6.886e-02 2.088e+05
3.488e-01 1.251e+05
1.447e-01 1.517e+05
8.031e-02 1.931e+05
7.686e-02 1.951e+05
7.283e-02 2.006e+05
7.561e-02 1.988e+05
8.196e-02 1.871e+05
2.186e-01 1.316e+05
3.475e-01 1.203e+05
2.171e-01 1.332e+05
3.713e-01 1.220e+05
9.847e-02 1.774e+05
3.097e-01 1.144e+05
1.635e-01 1.484e+05
1.222e-01 1.481e+05
1.367e-01 1.497e+05
1.109e-01 1.662e+05
7.698e-02 1.972e+05
7.928e-02 1.929e+05
2.189e-01 1.350e+05
1.079e-01 1.704e+05
8.666e-02 1.855e+05
8.031e-02 1.915e+05
1.440e-01 1.474e+05
2.661e-01 1.249e+05
8.236e-02 1.896e+05
8.105e-02 1.889e+05
1.946e-01 1.360e+05
7.768e-02 1.968e+05
7.408e-02 1.993e+05
1.729e-01 1.216e+05
2.033e-01 1.363e+05
1.405e-01 1.470e+05
7.135e-02 2.055e+05
1.206e-01 1.595e+05
9.506e-02 1.782e+05
1.255e-01 1.596e+05
2.121e-01 1.343e+05
1.647e-01 1.481e+05
7.595e-02 1.994e+05
6.982e-02 2.070e+05
6.956e-02 2.082e+05
8.070e-02 1.922e+05
1.271e-01 1.534e+05
8.172e-02 1.851e+05
2.235e-01 1.373e+05
7.670e-02 1.957e+05
1.836e-01 1.442e+05
2.838e-01 1.156e+05
2.303e-01 1.369e+05
1.825e-01 1.443e+05
6.899e-02 2.095e+05
1.150e-01 1.629e+05
2.961e-01 1.307e+05
7.869e-02 1.911e+05
6.975e-02 2.059e+05
7.490e-02 1.986e+05
3.120e-01 1.279e+05
1.248e-01 1.579e+05
7.272e-02 2.011e+05
1.537e-01 1.467e+05
8.332e-02 1.872e+05
7.527e-02 1.982e+05
2.192e-01 1.331e+05
1.465e-01 1.400e+05
2.127e-01 1.393e+05
8.112e-02 1.904e+05
1.102e-01 1.606e+05
1.445e-01 1.423e+05
1.228e-01 1.627e+05
2.665e-01 1.265e+05
1.934e-01 1.384e+05
1.918e-01 1.400e+05
2.311e-01 1.298e+05
2.328e-01 1.333e+05
1.809e-01 1.384e+05
1.896e-01 1.356e+05
1.120e-01 1.670e+05
1.037e-01 1.724e+05
1.629e-01 1.471e+05
7.930e-02 1.945e+05
7.550e-02 1.964e+05
1.757e-01 1.377e+05
1.414e-01 1.518e+05
8.226e-02 1.888e+05
1.681e-01 1.480e+05
1.929e-01 1.367e+05
8.020e-02 1.911e+05
1.251e-01 1.558e+05
7.981e-02 1.925e+05
3.055e-01 1.248e+05
1.155e-01 1.615e+05
3.092e-01 1.299e+05
1.977e-01 1.358e+05
7.678e-02 1.965e+05
1.208e-01 1.574e+05
7.441e-02 1.983e+05
2.280e-01 1.338e+05
7.510e-02 1.996e+05
2.108e-01 1.375e+05
1.006e-01 1.703e+05
1.447e-01 1.544e+05
7.144e-02 2.027e+05
7.495e-02 1.971e+05
7.124e-02 2.032e+05
8.084e-02 1.906e+05
7.930e-02 1.905e+05
7.576e-02 1.995e+05
3.657e-01 1.219e+05
2.719e-01 1.327e+05
1.416e-01 1.394e+05
7.466e-02 1.972e+05
7.853e-02 1.930e+05
7.808e-02 1.934e+05
7.679e-02 1.960e+05
1.656e-01 1.470e+05
7.740e-02 1.956e+05
7.849e-02 1.959e+05
7.600e-02 1.979e+05
7.514e-02 1.994e+05
1.314e-01 1.497e+05
1.207e-01 1.513e+05
7.628e-02 1.962e+05
6.977e-02 2.089e+05
1.402e-01 1.509e+05
1.768e-01 1.388e+05
7.596e-02 1.956e+05
7.571e-02 1.985e+05
2.183e-01 1.294e+05
2.484e-01 1.259e+05
7.007e-02 2.060e+05
2.549e-01 1.305e+05
7.317e-02 2.037e+05
7.494e-02 1.981e+05
7.781e-02 1.933e+05
7.831e-02 1.942e+05
1.121e-01 1.645e+05
6.962e-02 2.068e+05
1.196e-01 1.518e+05
1.825e-01 1.379e+05
2.012e-01 1.341e+05
4.085e-01 1.002e+05
7.432e-02 1.995e+05
1.032e-01 1.692e+05
8.298e-02 1.880e+05
1.146e-01 1.631e+05
7.873e-02 1.934e+05
1.967e-01 1.391e+05
7.035e-02 2.046e+05
7.201e-02 2.018e+05
7.721e-02 1.949e+05
1.623e-01 1.426e+05
7.362e-02 2.005e+05
8.292e-02 1.917e+05
7.109e-02 2.058e+05
1.422e-01 1.496e+05
1.830e-01 1.364e+05
1.789e-01 1.381e+05
7.261e-02 2.013e+05
8.105e-02 1.916e+05
7.842e-02 1.905e+05
7.672e-02 1.987e+05
3.310e-01 1.290e+05
2.175e-01 1.310e+05
1.015e-01 1.672e+05
7.269e-02 2.013e+05
8.019e-02 1.890e+05
1.237e-01 1.497e+05
1.515e-01 1.496e+05
7.213e-02 2.014e+05
3.132e-01 1.039e+05
1.065e-01 1.659e+05
8.266e-02 1.864e+05
4.072e-01 1.209e+05
1.231e-01 1.492e+05
2.188e-01 1.297e+05
2.319e-01 1.309e+05
7.768e-02 1.945e+05
7.233e-02 2.044e+05
9.855e-02 1.747e+05
1.234e-01 1.603e+05
2.620e-01 1.240e+05
3.456e-01 1.208e+05
7.832e-02 1.935e+05
7.616e-02 1.974e+05
7.275e-02 2.002e+05
4.102e-01 1.203e+05
1.443e-01 1.403e+05
3.125e-01 1.251e+05
1.019e-01 1.656e+05
9.027e-02 1.781e+05
2.712e-01 9.611e+04
2.887e-01 1.272e+05
7.607e-02 1.981e+05
7.108e-02 2.065e+05
7.433e-02 1.994e+05
7.598e-02 1.969e+05
1.390e-01 1.536e+05
8.084e-02 1.923e+05
7.525e-02 1.957e+05
4.240e-01 1.079e+05
1.021e-01 1.735e+05
7.708e-02 1.968e+05
7.778e-02 1.952e+05
2.139e-01 1.002e+05
7.231e-02 2.020e+05
1.697e-01 1.421e+05
9.696e-02 1.760e+05
7.983e-02 1.922e+05
1.558e-01 1.370e+05
2.055e-01 1.292e+05
2.293e-01 1.368e+05
1.291e-01 1.526e+05
2.922e-01 1.300e+05
1.027e-01 1.675e+05
2.252e-01 9.561e+04
7.442e-02 2.016e+05
9.443e-02 1.806e+05
2.779e-01 1.307e+05
7.729e-02 1.960e+05
7.491e-02 2.000e+05
7.905e-02 1.922e+05
8.398e-02 1.840e+05
1.598e-01 1.421e+05
1.774e-01 1.466e+05
1.587e-01 1.474e+05
1.159e-01 1.585e+05
1.488e-01 1.437e+05
3.463e-01 1.247e+05
2.901e-01 1.261e+05
1.971e-01 1.259e+05
7.643e-02 1.980e+05
7.457e-02 2.008e+05
1.963e-01 1.342e+05
4.003e-01 1.221e+05
7.104e-02 2.031e+05
7.823e-02 1.936e+05
7.145e-02 2.057e+05
7.154e-02 2.044e+05
7.509e-02 2.002e+05
7.521e-02 1.972e+05
7.548e-02 1.988e+05
7.706e-02 1.958e+05
8.366e-02 1.901e+05
2.471e-01 1.308e+05
4.583e-01 1.206e+05
7.095e-02 2.039e+05
3.971e-01 1.058e+05
7.770e-02 1.927e+05
8.286e-02 1.884e+05
1.856e-01 1.340e+05
7.557e-02 1.981e+05
7.647e-02 1.971e+05
2.519e-01 1.289e+05
4.361e-01 1.200e+05
7.844e-02 1.935e+05
1.925e-01 1.444e+05
9.797e-02 1.713e+05
8.046e-02 1.907e+05
8.008e-02 1.933e+05
3.694e-01 1.221e+05
2.585e-01 1.301e+05
7.666e-02 1.969e+05
8.114e-02 1.897e+05
1.813e-01 1.342e+05
7.968e-02 1.922e+05
7.396e-02 1.986e+05
7.782e-02 1.940e+05
7.955e-02 1.913e+05
8.422e-02 1.893e+05
7.262e-02 2.043e+05
2.039e-01 1.427e+05
7.585e-02 1.971e+05
3.407e-01 1.270e+05
3.002e-01 1.177e+05
2.275e-01 1.310e+05
7.616e-02 1.967e+05
1.120e-01 1.644e+05
1.473e-01 1.445e+05
7.237e-02 2.011e+05
8.272e-02 1.884e+05
7.163e-02 2.041e+05
2.811e-01 1.006e+05
7.262e-02 2.029e+05
2.398e-01 1.325e+05
7.113e-02 2.039e+05
9.329e-02 1.757e+05
1.935e-01 1.268e+05
7.794e-02 1.943e+05
1.091e-01 1.611e+05
8.235e-02 1.899e+05
3.067e-01 1.197e+05
1.821e-01 1.363e+05
1.019e-01 1.654e+05
9.357e-02 1.775e+05
7.863e-02 1.924e+05
7.616e-02 1.999e+05
8.096e-02 1.908e+05
1.442e-01 1.496e+05
7.625e-02 1.978e+05
8.985e-02 1.812e+05
7.028e-02 2.050e+05
1.111e-01 1.643e+05
6.937e-02 2.075e+05
7.778e-02 1.948e+05
1.132e-01 1.651e+05
1.077e-01 1.658e+05
1.148e-01 1.656e+05
1.153e-01 1.578e+05
7.742e-02 1.954e+05
1.449e-01 1.449e+05
2.832e-01 1.246e+05
7.904e-02 1.923e+05
7.955e-02 1.933e+05
8.390e-02 1.869e+05
7.566e-02 1.995e+05
1.372e-01 1.558e+05
1.688e-01 1.117e+05
1.225e-01 1.503e+05
1.169e-01 1.614e+05
7.186e-02 2.023e+05
1.506e-01 1.476e+05
7.665e-02 1.968e+05
7.939e-02 1.902e+05
8.849e-02 1.844e+05
7.835e-02 1.965e+05
1.509e-01 1.459e+05
8.968e-02 1.811e+05
1.206e-01 1.640e+05
1.285e-01 1.564e+05
1.252e-01 1.629e+05
7.119e-02 2.033e+05
9.877e-02 1.734e+05
7.187e-02 2.027e+05
1.624e-01 1.448e+05
7.965e-02 1.896e+05
1.340e-01 1.541e+05
7.222e-02 2.032e+05
8.733e-02 1.803e+05
2.162e-01 1.364e+05
1.474e-01 1.442e+05
7.967e-02 1.923e+05
2.022e-01 1.338e+05
7.359e-02 2.005e+05
1.227e-01 1.571e+05
1.453e-01 1.428e+05
7.285e-02 2.010e+05
2.575e-01 1.304e+05
1.868e-01 1.367e+05
1.640e-01 1.393e+05
4.888e-01 1.195e+05
8.987e-02 1.838e+05
7.862e-02 1.956e+05
8.104e-02 1.912e+05
1.197e-01 1.577e+05
7.238e-02 2.022e+05
7.493e-02 2.009e+05
8.433e-02 1.878e+05
1.866e-01 1.441e+05
8.125e-02 1.896e+05
3.609e-01 1.208e+05
1.084e-01 1.640e+05
1.513e-01 1.448e+05
7.485e-02 1.979e+05
7.547e-02 1.987e+05
1.044e-01 1.708e+05
7.741e-02 1.955e+05
7.855e-02 1.929e+05
7.139e-02 2.032e+05
2.648e-01 1.295e+05
7.894e-02 1.926e+05
8.278e-02 1.891e+05
1.008e-01 1.701e+05
9.330e-02 1.771e+05
2.946e-01 1.290e+05
8.693e-02 1.818e+05
8.564e-02 1.817e+05
7.479e-02 1.985e+05
8.615e-02 1.828e+05
7.436e-02 2.015e+05
8.352e-02 1.876e+05
2.493e-01 1.271e+05
8.200e-02 1.888e+05
2.648e-01 1.312e+05
1.583e-01 1.412e+05
1.173e-01 1.617e+05
7.097e-02 2.038e+05
1.565e-01 1.353e+05
8.114e-02 1.873e+05
9.498e-02 1.771e+05
2.054e-01 1.253e+05
1.057e-01 1.682e+05
8.704e-02 1.871e+05
7.925e-02 1.933e+05
1.518e-01 1.480e+05
7.798e-02 1.945e+05
1.169e-01 1.622e+05
7.046e-02 2.078e+05
2.179e-01 1.278e+05
7.746e-02 1.947e+05
1.416e-01 1.500e+05
2.309e-01 1.355e+05
1.618e-01 1.463e+05
2.999e-01 1.222e+05
7.957e-02 1.928e+05
1.066e-01 1.661e+05
9.070e-02 1.795e+05
1.776e-01 1.463e+05
7.683e-02 1.968e+05
1.333e-01 1.528e+05
7.959e-02 1.926e+05
8.362e-02 1.897e+05
7.414e-02 1.993e+05
1.684e-01 1.413e+05
8.310e-02 1.903e+05
8.591e-02 1.819e+05
1.687e-01 1.428e+05
7.273e-02 2.027e+05
1.176e-01 1.591e+05
6.974e-02 2.066e+05
1.430e-01 1.548e+05
7.481e-02 1.977e+05
7.917e-02 1.926e+05
8.070e-02 1.891e+05
7.570e-02 1.979e+05
7.645e-02 1.958e+05
7.564e-02 1.974e+05
7.817e-02 1.939e+05
7.243e-02 2.022e+05
8.888e-02 1.821e+05
1.580e-01 1.476e+05
1.570e-01 1.426e+05
1.719e-01 1.427e+05
7.759e-02 1.973e+05
1.114e-01 1.597e+05
7.329e-02 1.991e+05
1.173e-01 1.561e+05
1.658e-01 1.377e+05
2.110e-01 1.312e+05
2.432e-01 1.039e+05
9.120e-02 1.822e+05
7.798e-02 1.958e+05
7.572e-02 1.998e+05
8.783e-02 1.808e+05
3.257e-01 1.041e+05
7.312e-02 2.006e+05
2.794e-01 1.003e+05
2.417e-01 1.266e+05
7.679e-02 1.969e+05
1.038e-01 1.707e+05
1.310e-01 1.439e+05
1.969e-01 1.328e+05
1.428e-01 1.394e+05
3.498e-01 1.253e+05
8.649e-02 1.853e+05
1.089e-01 1.674e+05
7.535e-02 1.991e+05
1.190e-01 1.560e+05
7.935e-02 1.929e+05
7.299e-02 2.042e+05
1.305e-01 1.598e+05
8.117e-02 1.889e+05
7.860e-02 1.930e+05
3.058e-01 1.241e+05
7.952e-02 1.932e+05
1.880e-01 1.401e+05
1.818e-01 1.446e+05
7.460e-02 2.018e+05
2.133e-01 1.346e+05
8.051e-02 1.906e+05
1.094e-01 1.630e+05
2.642e-01 1.346e+05
1.234e-01 1.554e+05
1.726e-01 1.403e+05
1.731e-01 1.434e+05
7.956e-02 1.914e+05
7.725e-02 1.951e+05
2.277e-01 1.304e+05
1.072e-01 1.685e+05
1.281e-01 1.477e+05
8.216e-02 1.896e+05
7.409e-02 1.971e+05
1.583e-01 1.379e+05
1.861e-01 1.389e+05
1.316e-01 1.526e+05
7.220e-02 2.052e+05
9.396e-02 1.765e+05
9.314e-02 1.740e+05
1.211e-01 1.577e+05
7.768e-02 1.936e+05
7.077e-02 2.055e+05
7.663e-02 1.991e+05
2.351e-01 1.282e+05
7.799e-02 1.944e+05
7.938e-02 1.918e+05
1.492e-01 1.459e+05
8.009e-02 1.911e+05
1.275e-01 1.507e+05
3.109e-01 1.288e+05
1.988e-01 1.323e+05
7.820e-02 1.936e+05
2.528e-01 8.940e+04
5.967e-01 1.089e+05
1.046e-01 1.633e+05
3.138e-01 1.238e+05
7.557e-02 1.986e+05
7.519e-02 1.998e+05
1.835e-01 1.359e+05
1.746e-01 1.342e+05
9.368e-02 1.750e+05
7.517e-02 1.967e+05
1.425e-01 1.499e+05
1.670e-01 1.406e+05
7.014e-02 2.056e+05
7.901e-02 1.925e+05
3.455e-01 1.256e+05
1.873e-01 9.867e+04
1.373e-01 1.507e+05
2.434e-01 1.052e+05
1.479e-01 1.481e+05
7.328e-02 2.035e+05
1.107e-01 1.633e+05
2.841e-01 1.243e+05
1.797e-01 1.312e+05
1.197e-01 1.592e+05
7.901e-02 1.895e+05
2.125e-01 8.827e+04
2.692e-01 1.266e+05
8.624e-02 1.867e+05
1.512e-01 1.465e+05
7.592e-02 1.970e+05
7.684e-02 1.968e+05
8.614e-02 1.880e+05
1.335e-01 1.482e+05
7.881e-02 1.945e+05
7.998e-02 1.929e+05
7.974e-02 1.934e+05
1.870e-01 1.084e+05
7.719e-02 1.955e+05
1.079e-01 1.692e+05
7.889e-02 1.903e+05
8.427e-02 1.844e+05
8.841e-02 1.823e+05
8.564e-02 1.862e+05
7.913e-02 1.910e+05
7.744e-02 1.947e+05
1.422e-01 1.545e+05
7.162e-02 2.022e+05
7.237e-02 2.032e+05
8.905e-02 1.824e+05
1.124e-01 1.656e+05
1.024e-01 1.717e+05
7.763e-02 1.930e+05
3.032e-01 1.298e+05
1.764e-01 1.404e+05
2.370e-01 1.323e+05
7.729e-02 1.960e+05
7.531e-02 1.972e+05
7.470e-02 1.971e+05
9.321e-02 1.767e+05
4.480e-01 1.225e+05
7.686e-02 1.977e+05
6.860e-02 2.101e+05
3.182e-01 1.235e+05
1.176e-01 1.597e+05
2.518e-01 1.347e+05
8.019e-02 1.932e+05
1.440e-01 1.513e+05
8.105e-02 1.919e+05
1.332e-01 1.588e+05
2.199e-01 1.379e+05
7.482e-02 1.989e+05
2.208e-01 1.287e+05
1.162e-01 1.603e+05
1.695e-01 1.430e+05
8.138e-02 1.895e+05
1.965e-01 1.330e+05
1.766e-01 1.394e+05
8.508e-02 1.847e+05
1.091e-01 1.662e+05
7.140e-02 2.035e+05
7.190e-02 2.055e+05
2.618e-01 1.127e+05
5.335e-01 1.207e+05
2.266e-01 1.388e+05
1.302e-01 1.579e+05
9.654e-02 1.722e+05
8.068e-02 1.912e+05
8.229e-02 1.879e+05
1.888e-01 1.424e+05
2.314e-01 1.321e+05
1.259e-01 1.601e+05
8.866e-02 1.808e+05
8.054e-02 1.922e+05
7.703e-02 1.977e+05
2.652e-01 1.277e+05
7.833e-02 1.939e+05
1.102e-01 1.687e+05
7.937e-02 1.925e+05
1.211e-01 1.514e+05
4.031e-01 1.213e+05
8.870e-02 1.803e+05
8.269e-02 1.894e+05
2.143e-01 1.318e+05
1.472e-01 1.421e+05
1.342e-01 1.485e+05
9.219e-02 1.796e+05
7.712e-02 1.960e+05
7.586e-02 1.982e+05
1.583e-01 1.477e+05
2.546e-01 1.295e+05
7.433e-02 1.990e+05
2.500e-01 1.306e+05
7.970e-02 1.947e+05
7.630e-02 1.955e+05
4.636e-01 1.007e+05
9.081e-02 1.746e+05
1.130e-01 1.632e+05
3.547e-01 1.262e+05
1.648e-01 1.414e+05
1.064e-01 1.708e+05
7.890e-02 1.909e+05
6.801e-02 2.110e+05
8.719e-02 1.839e+05
1.079e-01 1.669e+05
7.299e-02 2.019e+05
7.958e-02 1.916e+05
2.860e-01 1.284e+05
3.169e-01 1.285e+05
8.629e-02 1.839e+05
7.808e-02 1.942e+05
2.349e-01 1.310e+05
2.529e-01 1.323e+05
7.213e-02 2.052e+05
1.440e-01 1.497e+05
8.029e-02 1.916e+05
1.102e-01 1.662e+05
8.154e-02 1.930e+05
7.839e-02 1.948e+05
7.650e-02 1.944e+05
1.222e-01 1.489e+05
5.089e-01 1.117e+05
1.786e-01 1.401e+05
6.887e-02 2.091e+05
2.572e-01 1.287e+05
7.585e-02 1.975e+05
7.191e-02 2.053e+05
7.353e-02 1.998e+05
1.066e-01 1.681e+05
1.619e-01 1.341e+05
8.122e-02 1.861e+05
7.642e-02 1.986e+05
1.838e-01 1.368e+05
8.623e-02 1.851e+05
4.101e-01 1.202e+05
1.406e-01 1.482e+05
1.092e-01 1.685e+05
1.466e-01 1.504e+05
7.687e-02 1.944e+05
1.747e-01 1.443e+05
2.672e-01 1.309e+05
1.360e-01 1.532e+05
7.589e-02 1.999e+05
1.724e-01 1.358e+05
1.548e-01 1.430e+05
1.288e-01 1.516e+05
8.631e-02 1.836e+05
7.945e-02 1.961e+05
7.514e-02 1.957e+05
2.069e-01 1.306e+05
7.632e-02 1.970e+05
8.019e-02 1.921e+05
9.198e-02 1.786e+05
7.946e-02 1.935e+05
7.550e-02 1.956e+05
8.369e-02 1.878e+05
8.085e-02 1.897e+05
9.173e-02 1.801e+05
7.469e-02 1.972e+05
1.089e-01 1.633e+05
2.231e-01 1.397e+05
8.806e-02 1.779e+05
1.351e-01 1.479e+05
8.013e-02 1.926e+05
1.036e-01 1.700e+05
7.666e-02 1.960e+05
9.408e-02 1.777e+05
2.770e-01 1.280e+05
7.087e-02 2.069e+05
3.785e-01 1.231e+05
1.714e-01 1.416e+05
1.767e-01 1.406e+05
1.187e-01 1.539e+05
7.894e-02 1.937e+05
1.020e-01 1.674e+05
7.713e-02 1.960e+05
1.296e-01 1.602e+05
1.010e-01 1.706e+05
8.190e-02 1.865e+05
2.840e-01 1.277e+05
1.456e-01 1.503e+05
5.157e-01 1.179e+05
8.838e-02 1.828e+05
7.486e-02 1.983e+05
8.221e-02 1.897e+05
7.804e-02 1.953e+05
7.362e-02 2.028e+05
1.392e-01 1.429e+05
2.976e-01 1.269e+05
2.467e-01 1.338e+05
1.197e-01 1.608e+05
7.614e-02 1.980e+05
2.237e-01 1.368e+05
1.204e-01 1.591e+05
5.893e-01 1.107e+05
1.755e-01 1.382e+05
1.231e-01 1.529e+05
7.118e-02 2.039e+05
7.657e-02 1.960e+05
7.482e-02 2.002e+05
7.692e-02 1.966e+05
7.933e-02 1.934e+05
1.069e-01 1.655e+05
3.178e-01 1.214e+05
7.745e-02 1.950e+05
9.253e-02 1.770e+05
2.378e-01 1.285e+05
2.238e-01 1.291e+05
7.236e-02 2.019e+05
9.279e-02 1.771e+05
1.350e-01 1.596e+05
8.439e-02 1.873e+05
1.887e-01 1.355e+05
1.276e-01 1.590e+05
8.101e-02 1.915e+05
1.123e-01 1.617e+05
2.396e-01 1.375e+05
1.350e-01 1.431e+05
7.589e-02 2.002e+05
7.798e-02 1.949e+05
6.981e-02 2.063e+05
7.807e-02 1.971e+05
8.207e-02 1.923e+05
3.306e-01 1.253e+05
7.501e-02 1.982e+05
2.448e-01 1.349e+05
2.067e-01 1.295e+05
2.193e-01 1.302e+05
1.045e-01 1.670e+05
7.347e-02 1.993e+05
7.403e-02 2.021e+05
1.111e-01 1.620e+05
1.085e-01 1.650e+05
7.471e-02 1.971e+05
8.973e-02 1.751e+05
8.058e-02 1.920e+05
7.930e-02 1.936e+05
7.039e-02 2.077e+05
1.386e-01 1.453e+05
7.172e-02 2.052e+05
7.993e-02 1.927e+05
1.568e-01 1.437e+05
7.726e-02 1.948e+05
1.758e-01 1.007e+05
7.034e-02 2.060e+05
7.624e-02 1.980e+05
7.631e-02 1.975e+05
8.271e-02 1.859e+05
9.315e-02 1.737e+05
8.412e-02 1.853e+05
3.352e-01 1.259e+05
4.016e-01 1.235e+05
1.272e-01 1.539e+05
1.232e-01 1.558e+05
8.114e-02 1.899e+05
1.088e-01 1.666e+05
7.585e-02 1.983e+05
1.339e-01 1.547e+05
7.517e-02 1.996e+05
1.140e-01 1.660e+05
7.422e-02 1.993e+05
7.605e-02 1.996e+05
1.095e-01 1.655e+05
8.965e-02 1.801e+05
8.236e-02 1.886e+05
9.858e-02 1.729e+05
8.440e-02 1.891e+05
7.652e-02 1.970e+05
2.218e-01 1.405e+05
7.882e-02 1.920e+05
1.047e-01 1.689e+05
8.333e-02 1.870e+05
1.238e-01 1.575e+05
1.415e-01 1.508e+05
8.128e-02 1.900e+05
1.011e-01 1.718e+05
1.824e-01 1.392e+05
7.744e-02 1.954e+05
1.347e-01 1.536e+05
2.239e-01 1.101e+05
1.518e-01 1.442e+05
7.548e-02 1.960e+05
7.473e-02 1.996e+05
7.479e-02 1.974e+05
8.567e-02 1.873e+05
1.630e-01 1.441e+05
2.621e-01 1.195e+05
8.643e-02 1.835e+05
7.049e-02 2.075e+05
8.375e-02 1.872e+05
7.017e-02 2.078e+05
3.040e-01 1.287e+05
1.028e-01 1.729e+05
8.214e-02 1.857e+05
7.167e-02 2.058e+05
1.313e-01 1.523e+05
7.223e-02 2.022e+05
1.777e-01 1.378e+05
2.375e-01 1.065e+05
7.186e-02 2.035e+05
7.330e-02 2.010e+05
1.379e-01 1.497e+05
1.635e-01 1.436e+05
1.889e-01 1.362e+05
1.269e-01 1.552e+05
9.493e-02 1.742e+05
1.035e-01 1.639e+05
9.930e-02 1.678e+05
7.213e-02 2.051e+05
8.674e-02 1.841e+05
7.095e-02 2.062e+05
7.520e-02 2.009e+05
3.140e-01 1.283e+05
3.886e-01 1.203e+05
8.121e-02 1.900e+05
7.257e-02 2.030e+05
9.322e-02 1.801e+05
1.002e-01 1.684e+05
1.260e-01 1.532e+05
7.760e-02 1.938e+05
1.767e-01 1.404e+05
3.073e-01 1.261e+05
2.601e-01 1.307e+05
2.200e-01 1.126e+05
1.934e-01 1.392e+05
1.111e-01 1.660e+05
9.894e-02 1.716e+05
7.158e-02 2.022e+05
8.088e-02 1.920e+05
3.699e-01 1.256e+05
8.086e-02 1.893e+05
1.235e-01 1.602e+05
1.796e-01 1.420e+05
7.227e-02 2.026e+05
8.130e-02 1.890e+05
7.768e-02 1.967e+05
7.631e-02 1.969e+05
7.893e-02 1.960e+05
2.110e-01 1.308e+05
8.303e-02 1.880e+05
8.303e-02 1.878e+05
8.105e-02 1.913e+05
1.734e-01 1.378e+05
1.928e-01 1.280e+05
7.796e-02 1.939e+05
8.649e-02 1.833e+05
2.005e-01 1.419e+05
7.982e-02 1.940e+05
8.189e-02 1.894e+05
7.474e-02 1.973e+05
3.455e-01 1.102e+05
7.041e-02 2.062e+05
9.800e-02 1.707e+05
9.823e-02 1.737e+05
7.582e-02 1.981e+05
8.146e-02 1.908e+05
2.457e-01 1.321e+05
3.238e-01 1.289e+05
2.394e-01 1.314e+05
1.116e-01 1.649e+05
8.215e-02 1.878e+05
7.909e-02 1.925e+05
7.338e-02 2.033e+05
1.000e-01 1.728e+05
1.596e-01 1.405e+05
7.416e-02 1.985e+05
7.719e-02 1.948e+05
9.249e-02 1.764e+05
2.556e-01 1.038e+05
7.667e-02 1.942e+05
2.694e-01 1.289e+05
7.315e-02 2.008e+05
1.598e-01 1.494e+05
1.310e-01 1.562e+05
7.866e-02 1.944e+05
1.087e-01 1.671e+05
3.184e-01 1.261e+05
7.557e-02 2.001e+05
9.622e-02 1.761e+05
7.053e-02 2.060e+05
7.850e-02 1.954e+05
7.787e-02 1.947e+05
9.672e-02 1.742e+05
7.680e-02 1.966e+05
3.474e-01 1.190e+05
1.063e-01 1.708e+05
7.773e-02 1.949e+05
1.630e-01 1.463e+05
3.479e-01 1.276e+05
7.815e-02 1.942e+05
1.675e-01 1.447e+05
1.269e-01 1.564e+05
8.444e-02 1.870e+05
8.227e-02 1.891e+05
7.235e-02 2.050e+05
1.388e-01 1.488e+05
1.644e-01 1.355e+05
2.417e-01 1.106e+05
1.015e-01 1.756e+05
2.267e-01 1.301e+05
8.946e-02 1.799e+05
8.242e-02 1.891e+05
1.619e-01 1.394e+05
1.015e-01 1.648e+05
1.142e-01 1.597e+05
2.123e-01 1.018e+05
7.806e-02 1.972e+05
1.342e-01 1.453e+05
7.154e-02 2.057e+05
1.116e-01 1.651e+05
7.586e-02 1.992e+05
7.162e-02 2.060e+05
8.577e-02 1.826e+05
4.229e-01 1.225e+05
1.585e-01 1.505e+05
7.932e-02 1.930e+05
7.774e-02 1.927e+05
8.086e-02 1.922e+05
8.073e-02 1.910e+05
1.617e-01 1.395e+05
9.085e-02 1.781e+05
2.023e-01 1.374e+05
7.210e-02 2.051e+05
1.503e-01 1.459e+05
1.753e-01 1.401e+05
7.672e-02 1.955e+05
1.889e-01 1.246e+05
7.384e-02 1.992e+05
1.076e-01 1.677e+05
4.110e-01 1.165e+05
7.745e-02 1.962e+05
2.051e-01 1.348e+05
7.408e-02 1.981e+05
7.795e-02 1.954e+05
7.758e-02 1.972e+05
3.549e-01 1.221e+05
8.471e-02 1.842e+05
2.058e-01 1.392e+05
8.001e-02 1.923e+05
3.288e-01 1.241e+05
1.934e-01 1.324e+05
7.097e-02 2.038e+05
1.090e-01 1.636e+05
1.725e-01 1.345e+05
8.653e-02 1.845e+05
7.786e-02 1.960e+05
3.041e-01 1.261e+05
9.900e-02 1.762e+05
1.237e-01 1.566e+05
8.003e-02 1.917e+05
7.423e-02 1.987e+05
2.296e-01 1.366e+05
1.692e-01 1.397e+05
7.635e-02 1.978e+05
2.775e-01 1.241e+05
2.886e-01 1.265e+05
5.012e-01 1.049e+05
7.382e-02 2.024e+05
7.504e-02 1.994e+05
2.031e-01 1.391e+05
7.117e-02 2.043e+05
9.473e-02 1.803e+05
7.591e-02 1.947e+05
7.092e-02 2.052e+05
1.531e-01 1.445e+05
1.100e-01 1.700e+05
3.131e-01 1.092e+05
2.041e-01 1.348e+05
6.907e-02 2.093e+05
2.053e-01 1.246e+05
5.884e-01 1.052e+05
8.748e-02 1.836e+05
8.027e-02 1.916e+05
1.502e-01 1.482e+05
2.580e-01 1.273e+05
7.740e-02 1.969e+05
7.024e-02 2.065e+05
7.673e-02 1.964e+05
8.734e-02 1.847e+05
8.791e-02 1.827e+05
6.910e-02 2.083e+05
7.219e-02 2.048e+05
8.026e-02 1.907e+05
7.239e-02 2.033e+05
6.948e-02 2.077e+05
1.376e-01 1.415e+05
1.773e-01 1.435e+05
7.431e-02 1.995e+05
7.813e-02 1.946e+05
7.104e-02 2.055e+05
7.976e-02 1.906e+05
3.766e-01 1.228e+05
7.620e-02 1.963e+05
7.580e-02 1.994e+05
7.272e-02 2.006e+05
1.119e-01 1.656e+05
7.464e-02 2.002e+05
8.498e-02 1.880e+05
7.959e-02 1.926e+05
8.250e-02 1.878e+05
1.998e-01 1.357e+05
7.890e-02 1.922e+05
7.781e-02 1.951e+05
7.595e-02 1.978e+05
1.210e-01 1.571e+05
9.137e-02 1.773e+05
9.617e-02 1.725e+05
9.047e-02 1.744e+05
1.408e-01 1.480e+05
7.324e-02 2.001e+05
7.609e-02 1.971e+05
7.128e-02 2.059e+05
1.799e-01 1.336e+05
1.248e-01 1.521e+05
8.465e-02 1.889e+05
2.076e-01 1.420e+05
1.639e-01 1.431e+05
7.733e-02 1.955e+05
2.997e-01 1.248e+05
7.500e-02 1.998e+05
2.258e-01 1.369e+05
1.390e-01 1.492e+05
7.228e-02 2.026e+05
2.135e-01 1.336e+05
1.059e-01 1.712e+05
7.536e-02 1.990e+05
1.068e-01 1.683e+05
2.698e-01 1.272e+05
3.068e-01 1.263e+05
3.994e-01 1.257e+05
1.608e-01 1.445e+05
4.729e-01 1.071e+05
9.586e-02 1.741e+05
9.492e-02 1.721e+05
2.648e-01 1.292e+05
7.646e-02 1.968e+05
2.734e-01 1.328e+05
8.323e-02 1.886e+05
7.003e-02 2.083e+05
1.730e-01 1.461e+05
1.886e-01 1.407e+05
7.185e-02 2.016e+05
7.849e-02 1.953e+05
7.628e-02 1.981e+05
7.283e-02 1.998e+05
8.014e-02 1.914e+05
8.801e-02 1.782e+05
2.825e-01 1.266e+05
1.033e-01 1.715e+05
1.356e-01 1.577e+05
9.323e-02 1.759e+05
7.034e-02 2.062e+05
9.342e-02 1.727e+05
8.246e-02 1.899e+05
7.484e-02 1.985e+05
8.141e-02 1.923e+05
7.816e-02 1.931e+05
7.870e-02 1.958e+05
8.931e-02 1.828e+05
9.086e-02 1.796e+05
7.349e-02 2.025e+05
8.164e-02 1.898e+05
7.808e-02 1.917e+05
7.632e-02 1.977e+05
7.641e-02 1.978e+05
6.853e-02 2.089e+05
8.312e-02 1.881e+05
7.960e-02 1.938e+05
7.947e-02 1.911e+05
9.762e-02 1.698e+05
8.133e-02 1.908e+05
7.215e-02 2.025e+05
2.606e-01 1.282e+05
9.491e-02 1.728e+05
9.107e-02 1.804e+05
1.867e-01 1.334e+05
7.626e-02 1.952e+05
1.542e-01 1.500e+05
7.758e-02 1.959e+05
7.484e-02 1.992e+05
2.216e-01 1.149e+05
8.096e-02 1.906e+05
1.596e-01 1.418e+05
8.788e-02 1.831e+05
9.344e-02 1.796e+05
9.251e-02 1.744e+05
7.298e-02 2.007e+05
7.501e-02 1.968e+05
7.355e-02 2.035e+05
7.449e-02 1.990e+05
1.639e-01 1.434e+05
7.285e-02 2.031e+05
1.204e-01 1.535e+05
2.841e-01 1.279e+05
1.907e-01 8.711e+04
2.239e-01 1.375e+05
7.072e-02 2.044e+05
7.754e-02 1.941e+05
7.636e-02 1.973e+05
3.133e-01 1.260e+05
2.207e-01 1.337e+05
3.618e-01 1.234e+05
7.336e-02 1.999e+05
2.571e-01 1.334e+05
7.833e-02 1.936e+05
7.454e-02 2.002e+05
7.899e-02 1.932e+05
1.435e-01 1.477e+05
1.035e-01 1.743e+05
2.442e-01 1.327e+05
7.732e-02 1.942e+05
1.997e-01 1.405e+05
6.870e-02 2.092e+05
9.852e-02 1.701e+05
2.179e-01 1.344e+05
1.589e-01 1.453e+05
1.057e-01 1.683e+05
3.167e-01 1.266e+05
7.639e-02 1.962e+05
1.038e-01 1.698e+05
7.461e-02 2.014e+05
7.998e-02 1.903e+05
7.593e-02 1.987e+05
7.811e-02 1.939e+05
8.301e-02 1.891e+05
7.073e-02 2.057e+05
8.352e-02 1.889e+05
7.782e-02 1.957e+05
1.876e-01 1.432e+05
8.115e-02 1.914e+05
7.193e-02 2.014e+05
7.693e-02 1.952e+05
8.239e-02 1.878e+05
1.695e-01 1.436e+05
2.313e-01 1.180e+05
1.118e-01 1.632e+05
1.213e-01 1.590e+05
9.721e-02 1.782e+05
2.058e-01 1.311e+05
7.796e-02 1.942e+05
2.349e-01 1.268e+05
1.478e-01 1.455e+05
2.437e-01 1.317e+05
2.767e-01 1.274e+05
1.791e-01 1.412e+05
1.016e-01 1.735e+05
8.215e-02 1.894e+05
3.508e-01 1.200e+05
3.064e-01 1.307e+05
7.613e-02 1.967e+05
7.637e-02 1.939e+05
3.451e-01 1.259e+05
7.756e-02 1.948e+05
2.345e-01 1.288e+05
7.397e-02 2.021e+05
7.681e-02 1.931e+05
7.882e-02 1.928e+05
7.128e-02 2.053e+05
7.333e-02 1.993e+05
2.209e-01 1.322e+05
2.234e-01 1.222e+05
1.387e-01 1.514e+05
2.103e-01 1.397e+05
2.274e-01 1.313e+05
7.360e-02 2.030e+05
7.248e-02 2.044e+05
8.582e-02 1.845e+05
2.015e-01 1.353e+05
2.290e-01 1.374e+05
7.301e-02 2.000e+05
1.164e-01 1.652e+05
1.161e-01 1.649e+05
1.365e-01 1.551e+05
2.760e-01 1.254e+05
8.189e-02 1.902e+05
2.452e-01 1.010e+05
1.369e-01 1.470e+05
7.635e-02 1.985e+05
7.561e-02 1.981e+05
3.759e-01 1.236e+05
1.532e-01 1.427e+05
4.190e-01 1.190e+05
8.135e-02 1.872e+05
2.872e-01 1.264e+05
3.923e-01 1.161e+05
1.326e-01 1.514e+05
2.893e-01 1.273e+05
8.846e-02 1.813e+05
8.094e-02 1.908e+05
2.431e-01 1.263e+05
7.857e-02 1.932e+05
8.322e-02 1.873e+05
1.715e-01 1.377e+05
2.192e-01 1.299e+05
7.779e-02 1.966e+05
7.923e-02 1.938e+05
7.908e-02 1.936e+05
1.042e-01 1.707e+05
2.291e-01 1.284e+05
2.301e-01 1.335e+05
1.020e-01 1.699e+05
2.396e-01 1.325e+05
8.100e-02 1.912e+05
7.945e-02 1.945e+05
7.807e-02 1.928e+05
7.250e-02 2.004e+05
3.064e-01 1.257e+05
2.361e-01 1.302e+05
1.690e-01 1.409e+05
7.357e-02 2.027e+05
2.469e-01 1.298e+05
2.293e-01 1.356e+05
1.011e-01 1.709e+05
1.740e-01 1.420e+05
7.151e-02 2.049e+05
8.380e-02 1.863e+05
2.481e-01 1.249e+05
7.044e-02 2.053e+05
2.604e-01 1.278e+05
3.497e-01 1.264e+05
1.109e-01 1.700e+05
7.702e-02 1.959e+05
7.887e-02 1.940e+05
7.917e-02 1.918e+05
9.446e-02 1.709e+05
2.553e-01 1.311e+05
1.393e-01 1.546e+05
2.093e-01 1.349e+05
2.812e-01 1.296e+05
2.339e-01 1.331e+05
7.810e-02 1.960e+05
2.745e-01 1.284e+05
1.958e-01 1.402e+05
7.453e-02 1.994e+05
1.771e-01 1.367e+05
1.768e-01 1.463e+05
8.470e-02 1.859e+05
2.939e-01 1.283e+05
8.434e-02 1.866e+05
3.680e-01 1.206e+05
7.479e-02 1.987e+05
7.033e-02 2.058e+05
1.820e-01 1.385e+05
8.025e-02 1.909e+05
1.538e-01 1.423e+05
1.278e-01 1.613e+05
7.024e-02 2.075e+05
8.814e-02 1.818e+05
7.452e-02 2.015e+05
9.740e-02 1.753e+05
7.820e-02 1.929e+05
8.612e-02 1.863e+05
9.707e-02 1.718e+05
7.604e-02 1.969e+05
8.771e-02 1.830e+05
3.373e-01 1.258e+05
7.977e-02 1.950e+05
7.962e-02 1.943e+05
1.339e-01 1.467e+05
7.737e-02 1.957e+05
1.329e-01 1.535e+05
1.104e-01 1.663e+05
7.303e-02 2.025e+05
3.680e-01 1.258e+05
1.627e-01 1.452e+05
1.076e-01 1.633e+05
1.441e-01 1.540e+05
2.441e-01 1.339e+05
7.916e-02 1.933e+05
1.488e-01 1.495e+05
1.342e-01 1.552e+05
1.931e-01 1.405e+05
7.353e-02 2.002e+05
2.521e-01 9.875e+04
2.696e-01 1.279e+05
1.866e-01 1.365e+05
1.512e-01 1.477e+05
7.540e-02 1.988e+05
7.329e-02 1.994e+05
1.434e-01 1.489e+05
8.821e-02 1.810e+05
8.073e-02 1.910e+05
8.381e-02 1.867e+05
2.109e-01 1.387e+05
7.332e-02 1.997e+05
1.723e-01 1.461e+05
9.317e-02 1.761e+05
1.316e-01 1.549e+05
1.512e-01 1.387e+05
1.584e-01 1.471e+05
3.319e-01 1.268e+05
7.508e-02 1.978e+05
6.989e-02 2.060e+05
1.091e-01 1.685e+05
7.918e-02 1.924e+05
7.607e-02 1.945e+05
1.693e-01 1.335e+05
2.607e-01 1.012e+05
1.499e-01 1.397e+05
1.066e-01 1.612e+05
1.278e-01 1.553e+05
2.403e-01 1.296e+05
1.519e-01 1.468e+05
1.034e-01 1.725e+05
8.357e-02 1.871e+05
7.669e-02 1.977e+05
3.080e-01 1.299e+05
7.795e-02 1.954e+05
2.827e-01 8.929e+04
4.791e-01 1.201e+05
2.983e-01 1.275e+05
7.857e-02 1.925e+05
9.358e-02 1.789e+05
8.201e-02 1.889e+05
1.853e-01 1.328e+05
8.271e-02 1.887e+05
3.054e-01 1.288e+05
1.095e-01 1.682e+05
7.273e-02 2.007e+05
1.398e-01 1.408e+05
7.372e-02 2.023e+05
5.811e-01 1.075e+05
9.780e-02 1.710e+05
1.424e-01 1.510e+05
1.353e-01 1.499e+05
8.251e-02 1.910e+05
8.054e-02 1.908e+05
7.625e-02 1.971e+05
1.277e-01 1.563e+05
9.376e-02 1.740e+05
7.127e-02 2.064e+05
1.465e-01 1.486e+05
7.615e-02 1.967e+05
1.643e-01 1.412e+05
9.927e-02 1.742e+05
7.705e-02 1.954e+05
1.201e-01 1.645e+05
2.237e-01 1.371e+05
1.532e-01 1.481e+05
9.717e-02 1.738e+05
7.932e-02 1.926e+05
7.327e-02 1.988e+05
8.149e-02 1.898e+05
8.860e-02 1.840e+05
4.000e-01 1.208e+05
2.091e-01 1.398e+05
9.385e-02 1.751e+05
7.522e-02 1.986e+05
7.835e-02 1.946e+05
7.470e-02 2.005e+05
1.860e-01 1.384e+05
9.801e-02 1.725e+05
7.712e-02 1.982e+05
2.164e-01 1.331e+05
7.487e-02 2.004e+05
1.104e-01 1.677e+05
2.989e-01 1.268e+05
1.286e-01 1.551e+05
8.136e-02 1.899e+05
7.687e-02 1.974e+05
1.284e-01 1.618e+05
1.749e-01 1.374e+05
7.973e-02 1.942e+05
1.066e-01 1.688e+05
8.100e-02 1.923e+05
1.384e-01 1.456e+05
8.330e-02 1.887e+05
9.286e-02 1.795e+05
7.407e-02 1.997e+05
1.810e-01 1.433e+05
7.040e-02 2.048e+05
7.404e-02 1.991e+05
1.970e-01 1.346e+05
3.072e-01 1.197e+05
1.778e-01 1.442e+05
7.104e-02 2.037e+05
9.305e-02 1.767e+05
2.312e-01 1.282e+05
8.497e-02 1.854e+05
7.474e-02 1.975e+05
8.092e-02 1.909e+05
7.438e-02 2.002e+05
7.950e-02 1.883e+05
7.170e-02 2.019e+05
8.218e-02 1.894e+05
7.608e-02 1.939e+05
7.250e-02 2.040e+05
7.339e-02 2.013e+05
7.269e-02 2.023e+05
4.107e-01 1.180e+05
1.156e-01 1.591e+05
7.295e-02 2.033e+05
9.796e-02 1.695e+05
7.824e-02 1.927e+05
9.512e-02 1.711e+05
7.607e-02 1.971e+05
3.063e-01 1.229e+05
1.460e-01 1.442e+05
8.105e-02 1.894e+05
7.466e-02 1.988e+05
7.505e-02 1.982e+05
2.037e-01 1.347e+05
2.706e-01 1.260e+05
7.526e-02 1.993e+05
1.028e-01 1.730e+05
2.504e-01 1.315e+05
1.795e-01 1.445e+05
7.393e-02 2.022e+05
2.033e-01 1.292e+05
1.360e-01 1.452e+05
7.714e-02 1.957e+05
7.668e-02 1.970e+05
2.010e-01 1.383e+05
1.229e-01 1.632e+05
4.269e-01 1.211e+05
1.680e-01 1.458e+05
1.369e-01 1.546e+05
8.205e-02 1.889e+05
7.539e-02 1.966e+05
7.327e-02 2.017e+05
1.827e-01 1.342e+05
7.591e-02 1.984e+05
1.747e-01 1.412e+05
1.427e-01 1.515e+05
7.844e-02 1.924e+05
1.649e-01 1.341e+05
1.381e-01 1.492e+05
7.253e-02 2.024e+05
3.309e-01 1.289e+05
1.313e-01 1.513e+05
7.352e-02 2.014e+05
2.633e-01 1.247e+05
7.911e-02 1.937e+05
1.027e-01 1.688e+05
1.010e-01 1.754e+05
1.693e-01 1.373e+05
2.845e-01 1.271e+05
1.095e-01 1.596e+05
8.090e-02 1.934e+05
7.836e-02 1.946e+05
1.301e-01 1.466e+05
7.527e-02 1.973e+05
2.072e-01 1.059e+05
8.008e-02 1.897e+05
1.186e-01 1.581e+05
7.276e-02 2.008e+05
2.554e-01 1.253e+05
1.983e-01 1.296e+05
1.459e-01 1.469e+05
2.361e-01 1.308e+05
9.143e-02 1.789e+05
8.129e-02 1.904e+05
7.557e-02 1.958e+05
8.142e-02 1.905e+05
8.022e-02 1.917e+05
8.278e-02 1.880e+05
2.193e-01 1.290e+05
7.786e-02 1.972e+05
7.724e-02 1.968e+05
8.073e-02 1.932e+05
2.222e-01 1.336e+05
7.874e-02 1.958e+05
2.372e-01 1.286e+05
1.221e-01 1.598e+05
9.975e-02 1.714e+05
7.653e-02 1.973e+05
1.279e-01 1.496e+05
1.722e-01 1.367e+05
2.135e-01 1.397e+05
9.370e-02 1.726e+05
7.616e-02 1.946e+05
2.271e-01 1.347e+05
1.289e-01 1.605e+05
4.170e-01 1.205e+05
2.109e-01 1.357e+05
7.549e-02 1.970e+05
3.693e-01 1.231e+05
7.493e-02 1.986e+05
7.606e-02 1.995e+05
1.523e-01 1.404e+05
1.667e-01 1.450e+05
8.085e-02 1.910e+05
8.062e-02 1.910e+05
2.823e-01 1.161e+05
7.069e-02 2.040e+05
1.307e-01 1.552e+05
1.050e-01 1.635e+05
3.511e-01 1.232e+05
7.433e-02 2.004e+05
7.777e-02 1.940e+05
7.722e-02 1.963e+05
7.831e-02 1.936e+05
2.136e-01 1.297e+05
7.617e-02 1.966e+05
7.541e-02 1.984e+05
7.588e-02 1.977e+05
9.212e-02 1.822e+05
7.956e-02 1.924e+05
3.376e-01 1.261e+05
1.827e-01 1.400e+05
7.758e-02 1.959e+05
2.431e-01 1.305e+05
7.046e-02 2.078e+05
7.849e-02 1.930e+05
1.428e-01 1.506e+05
7.879e-02 1.935e+05
9.407e-02 1.815e+05
7.207e-02 2.025e+05
7.241e-02 2.017e+05
9.284e-02 1.764e+05
8.279e-02 1.878e+05
