3.029e-01 7.739e+04
3.109e-01 7.077e+04
3.066e-01 7.171e+04
3.044e-01 7.740e+04
3.080e-01 7.365e+04
3.052e-01 7.582e+04
3.181e-01 6.446e+04
3.122e-01 6.695e+04
3.074e-01 7.433e+04
3.063e-01 7.434e+04
3.016e-01 7.781e+04
3.078e-01 7.167e+04
3.083e-01 7.416e+04
3.191e-01 6.261e+04
3.090e-01 7.142e+04
3.033e-01 7.682e+04
3.058e-01 7.462e+04
3.043e-01 7.666e+04
3.010e-01 7.892e+04
3.064e-01 7.482e+04
3.032e-01 7.664e+04
3.059e-01 7.515e+04
3.070e-01 7.290e+04
3.056e-01 7.625e+04
3.026e-01 7.623e+04
3.061e-01 7.809e+04
3.051e-01 7.500e+04
3.040e-01 7.593e+04
3.072e-01 7.421e+04
3.067e-01 7.437e+04
3.067e-01 7.593e+04
3.052e-01 7.706e+04
3.089e-01 7.441e+04
3.058e-01 7.646e+04
3.058e-01 7.199e+04
3.060e-01 7.651e+04
3.014e-01 7.911e+04
3.062e-01 7.317e+04
3.047e-01 7.652e+04
3.153e-01 7.080e+04
3.062e-01 7.462e+04
3.069e-01 7.415e+04
3.053e-01 7.356e+04
3.033e-01 7.737e+04
3.058e-01 7.490e+04
3.031e-01 7.781e+04
3.131e-01 7.268e+04
3.090e-01 7.377e+04
3.204e-01 6.558e+04
3.020e-01 7.744e+04
3.123e-01 7.311e+04
3.223e-01 6.142e+04
3.088e-01 7.283e+04
3.110e-01 7.360e+04
3.077e-01 7.392e+04
3.211e-01 6.415e+04
3.031e-01 7.710e+04
3.049e-01 7.524e+04
3.041e-01 7.610e+04
3.039e-01 7.741e+04
3.043e-01 7.682e+04
3.006e-01 7.792e+04
3.064e-01 7.592e+04
3.031e-01 7.717e+04
3.055e-01 7.669e+04
3.026e-01 7.894e+04
3.014e-01 7.863e+04
3.040e-01 7.710e+04
3.054e-01 7.204e+04
3.154e-01 6.802e+04
3.043e-01 7.728e+04
3.175e-01 6.916e+04
3.036e-01 7.429e+04
3.061e-01 7.371e+04
3.050e-01 7.527e+04
3.077e-01 7.469e+04
3.161e-01 6.945e+04
3.143e-01 7.016e+04
3.036e-01 7.734e+04
3.131e-01 6.510e+04
3.057e-01 7.746e+04
3.087e-01 7.509e+04
3.091e-01 7.441e+04
3.081e-01 7.408e+04
3.145e-01 6.654e+04
3.049e-01 7.726e+04
3.040e-01 7.757e+04
3.054e-01 7.652e+04
3.045e-01 7.555e+04
3.055e-01 7.765e+04
3.045e-01 7.777e+04
3.073e-01 7.411e+04
3.061e-01 7.607e+04
3.087e-01 7.223e+04
3.035e-01 7.573e+04
3.047e-01 7.724e+04
3.039e-01 7.657e+04
3.019e-01 7.742e+04
3.083e-01 7.467e+04
3.070e-01 7.613e+04
3.060e-01 7.670e+04
3.022e-01 7.810e+04
3.046e-01 7.700e+04
3.067e-01 7.752e+04
3.066e-01 7.466e+04
3.092e-01 7.368e+04
3.069e-01 7.244e+04
3.053e-01 7.512e+04
3.098e-01 7.327e+04
3.024e-01 7.809e+04
3.075e-01 7.561e+04
3.051e-01 7.381e+04
3.049e-01 7.429e+04
3.039e-01 7.828e+04
3.019e-01 7.462e+04
3.049e-01 7.291e+04
3.061e-01 7.620e+04
3.059e-01 7.520e+04
3.154e-01 6.420e+04
3.073e-01 7.546e+04
3.057e-01 7.384e+04
3.055e-01 7.455e+04
3.105e-01 7.384e+04
3.029e-01 7.841e+04
3.139e-01 6.719e+04
3.026e-01 7.810e+04
3.031e-01 7.575e+04
3.076e-01 7.283e+04
3.065e-01 7.282e+04
3.148e-01 6.615e+04
3.105e-01 7.518e+04
3.032e-01 7.533e+04
3.076e-01 7.580e+04
3.170e-01 6.230e+04
3.023e-01 7.783e+04
3.047e-01 7.801e+04
3.035e-01 7.820e+04
3.046e-01 7.743e+04
3.088e-01 7.523e+04
3.115e-01 7.294e+04
3.050e-01 7.571e+04
3.113e-01 7.416e+04
3.047e-01 7.718e+04
3.076e-01 7.465e+04
3.022e-01 7.745e+04
3.053e-01 7.416e+04
3.089e-01 7.471e+04
3.040e-01 7.616e+04
3.070e-01 7.397e+04
3.070e-01 7.247e+04
3.109e-01 7.151e+04
3.171e-01 6.406e+04
3.060e-01 7.433e+04
3.014e-01 7.707e+04
3.083e-01 7.315e+04
3.062e-01 7.547e+04
3.061e-01 7.451e+04
3.047e-01 7.786e+04
3.055e-01 7.624e+04
3.143e-01 6.627e+04
3.027e-01 7.737e+04
3.032e-01 7.602e+04
3.037e-01 7.810e+04
3.140e-01 6.534e+04
3.080e-01 7.236e+04
3.067e-01 7.726e+04
3.106e-01 7.289e+04
3.087e-01 7.085e+04
3.061e-01 7.577e+04
3.079e-01 7.455e+04
3.069e-01 6.731e+04
3.033e-01 7.800e+04
3.041e-01 7.622e+04
3.052e-01 7.650e+04
3.017e-01 7.716e+04
3.099e-01 7.090e+04
3.078e-01 7.404e+04
3.120e-01 7.164e+04
3.032e-01 7.779e+04
3.038e-01 7.503e+04
3.046e-01 7.652e+04
3.071e-01 7.554e+04
3.068e-01 7.324e+04
3.047e-01 7.568e+04
3.099e-01 7.433e+04
3.098e-01 7.026e+04
3.035e-01 7.628e+04
3.062e-01 7.680e+04
3.041e-01 7.632e+04
3.142e-01 7.227e+04
3.116e-01 6.618e+04
3.052e-01 7.527e+04
3.043e-01 7.746e+04
3.049e-01 7.267e+04
3.020e-01 7.757e+04
3.097e-01 7.466e+04
3.203e-01 6.291e+04
3.078e-01 7.313e+04
3.073e-01 7.564e+04
3.010e-01 7.926e+04
3.043e-01 7.521e+04
3.141e-01 6.876e+04
3.044e-01 7.625e+04
3.074e-01 7.543e+04
3.117e-01 6.952e+04
3.053e-01 7.504e+04
3.021e-01 7.861e+04
3.040e-01 7.763e+04
3.050e-01 7.604e+04
3.155e-01 6.484e+04
3.054e-01 7.572e+04
3.067e-01 7.564e+04
3.138e-01 6.406e+04
3.025e-01 7.851e+04
3.035e-01 7.832e+04
3.090e-01 7.362e+04
3.087e-01 7.404e+04
3.109e-01 6.491e+04
3.070e-01 7.235e+04
3.051e-01 7.573e+04
3.088e-01 7.113e+04
3.031e-01 7.730e+04
3.071e-01 7.374e+04
3.059e-01 7.593e+04
3.046e-01 7.601e+04
3.114e-01 7.142e+04
3.138e-01 7.150e+04
3.218e-01 6.271e+04
3.057e-01 7.596e+04
3.104e-01 7.295e+04
3.272e-01 6.358e+04
3.057e-01 7.299e+04
3.034e-01 7.686e+04
3.044e-01 7.560e+04
3.194e-01 6.300e+04
3.034e-01 7.851e+04
3.084e-01 7.142e+04
3.044e-01 7.582e+04
3.076e-01 7.535e+04
3.103e-01 6.996e+04
3.047e-01 7.818e+04
3.065e-01 7.410e+04
3.057e-01 7.292e+04
3.088e-01 7.322e+04
3.032e-01 7.759e+04
3.161e-01 6.341e+04
3.033e-01 7.943e+04
3.035e-01 7.722e+04
3.044e-01 7.570e+04
3.146e-01 6.600e+04
3.053e-01 7.640e+04
3.033e-01 7.609e+04
3.130e-01 6.504e+04
3.039e-01 7.699e+04
3.043e-01 7.717e+04
3.062e-01 7.615e+04
3.040e-01 7.825e+04
3.086e-01 7.304e+04
3.033e-01 7.815e+04
3.034e-01 7.680e+04
3.072e-01 7.324e+04
3.089e-01 7.322e+04
3.121e-01 7.088e+04
3.190e-01 6.368e+04
3.035e-01 7.561e+04
3.069e-01 7.218e+04
3.185e-01 6.482e+04
3.060e-01 7.481e+04
3.082e-01 7.433e+04
3.049e-01 7.714e+04
3.083e-01 7.057e+04
3.031e-01 7.724e+04
3.035e-01 7.760e+04
3.057e-01 7.518e+04
3.035e-01 7.858e+04
3.044e-01 7.658e+04
3.126e-01 7.092e+04
3.015e-01 7.622e+04
3.027e-01 7.566e+04
3.070e-01 7.428e+04
3.078e-01 7.439e+04
3.115e-01 7.254e+04
3.056e-01 7.480e+04
3.091e-01 7.032e+04
3.057e-01 7.592e+04
3.057e-01 7.484e+04
3.028e-01 7.705e+04
3.081e-01 7.401e+04
3.072e-01 7.639e+04
3.042e-01 7.746e+04
3.042e-01 7.830e+04
3.080e-01 7.455e+04
3.161e-01 6.546e+04
3.055e-01 7.644e+04
3.049e-01 7.489e+04
3.067e-01 7.620e+04
3.067e-01 7.498e+04
3.019e-01 7.755e+04
3.055e-01 7.680e+04
3.052e-01 7.472e+04
3.026e-01 7.846e+04
3.038e-01 7.730e+04
3.082e-01 7.291e+04
3.133e-01 7.095e+04
3.049e-01 7.563e+04
3.054e-01 7.595e+04
3.045e-01 7.708e+04
3.060e-01 7.573e+04
3.033e-01 7.747e+04
3.026e-01 7.896e+04
3.094e-01 7.196e+04
3.066e-01 7.531e+04
3.024e-01 7.659e+04
3.079e-01 7.414e+04
3.075e-01 7.395e+04
3.057e-01 7.502e+04
3.086e-01 7.464e+04
3.046e-01 7.750e+04
3.059e-01 7.635e+04
3.058e-01 7.653e+04
3.121e-01 6.975e+04
3.056e-01 7.514e+04
3.055e-01 7.646e+04
3.017e-01 7.885e+04
3.030e-01 7.850e+04
3.178e-01 6.109e+04
3.072e-01 7.561e+04
3.042e-01 7.674e+04
3.051e-01 7.470e+04
3.135e-01 6.466e+04
3.061e-01 7.730e+04
3.107e-01 7.222e+04
3.072e-01 7.470e+04
3.051e-01 7.478e+04
3.031e-01 7.716e+04
3.049e-01 7.826e+04
3.107e-01 7.240e+04
3.077e-01 7.457e+04
3.046e-01 7.436e+04
3.053e-01 7.646e+04
3.059e-01 7.685e+04
3.138e-01 6.912e+04
3.081e-01 7.134e+04
3.051e-01 7.677e+04
3.065e-01 7.593e+04
3.069e-01 7.464e+04
3.067e-01 7.420e+04
3.021e-01 7.752e+04
3.063e-01 7.559e+04
3.021e-01 7.829e+04
3.082e-01 7.128e+04
3.068e-01 7.626e+04
3.158e-01 6.639e+04
3.080e-01 7.282e+04
3.254e-01 6.099e+04
3.068e-01 7.419e+04
3.167e-01 6.599e+04
3.104e-01 6.665e+04
3.027e-01 7.877e+04
3.218e-01 6.611e+04
3.058e-01 7.595e+04
3.080e-01 7.468e+04
3.070e-01 7.207e+04
3.028e-01 7.776e+04
3.023e-01 7.832e+04
3.072e-01 7.460e+04
3.146e-01 6.662e+04
3.138e-01 7.171e+04
3.079e-01 7.380e+04
3.147e-01 6.332e+04
3.048e-01 7.559e+04
3.052e-01 7.493e+04
3.078e-01 7.244e+04
3.060e-01 7.425e+04
3.084e-01 7.355e+04
3.073e-01 6.999e+04
3.062e-01 7.738e+04
3.069e-01 7.617e+04
3.098e-01 7.191e+04
3.052e-01 7.494e+04
3.095e-01 7.081e+04
3.045e-01 7.768e+04
3.035e-01 7.736e+04
3.094e-01 7.594e+04
3.057e-01 7.740e+04
3.032e-01 7.823e+04
3.043e-01 7.563e+04
3.039e-01 7.766e+04
3.013e-01 7.536e+04
3.050e-01 7.777e+04
3.082e-01 7.268e+04
3.094e-01 7.348e+04
3.080e-01 7.309e+04
3.190e-01 6.973e+04
3.056e-01 7.394e+04
3.025e-01 7.680e+04
3.068e-01 7.200e+04
3.055e-01 7.727e+04
3.100e-01 7.320e+04
3.057e-01 7.662e+04
3.080e-01 7.430e+04
3.075e-01 7.477e+04
3.085e-01 6.979e+04
3.051e-01 7.683e+04
3.211e-01 6.481e+04
3.141e-01 6.768e+04
3.041e-01 7.402e+04
3.024e-01 7.770e+04
3.092e-01 7.422e+04
3.034e-01 7.748e+04
3.032e-01 7.847e+04
3.019e-01 7.926e+04
3.033e-01 7.627e+04
3.151e-01 6.900e+04
3.048e-01 7.656e+04
3.057e-01 7.698e+04
3.069e-01 6.438e+04
3.023e-01 7.682e+04
3.048e-01 7.721e+04
3.044e-01 7.797e+04
3.072e-01 7.189e+04
3.021e-01 7.914e+04
3.046e-01 7.621e+04
3.034e-01 7.735e+04
3.109e-01 7.255e+04
3.055e-01 7.494e+04
3.043e-01 7.641e+04
3.064e-01 7.426e+04
3.038e-01 7.712e+04
3.070e-01 7.465e+04
3.087e-01 7.396e+04
3.113e-01 7.054e+04
3.068e-01 7.584e+04
3.106e-01 7.258e+04
3.207e-01 6.394e+04
3.032e-01 7.657e+04
3.166e-01 6.822e+04
3.047e-01 7.615e+04
3.071e-01 7.417e+04
3.077e-01 7.436e+04
3.066e-01 7.608e+04
3.067e-01 7.614e+04
3.021e-01 7.879e+04
3.075e-01 6.654e+04
3.044e-01 7.802e+04
3.073e-01 7.491e+04
3.092e-01 7.106e+04
3.084e-01 7.144e+04
3.024e-01 7.655e+04
3.060e-01 7.521e+04
3.055e-01 7.692e+04
3.053e-01 7.758e+04
3.220e-01 6.273e+04
3.073e-01 7.196e+04
3.042e-01 7.603e+04
3.047e-01 7.652e+04
3.116e-01 7.302e+04
3.090e-01 7.561e+04
3.082e-01 7.535e+04
3.067e-01 7.694e+04
3.075e-01 7.554e+04
3.024e-01 7.553e+04
3.065e-01 7.681e+04
3.123e-01 6.678e+04
3.051e-01 7.411e+04
3.033e-01 7.886e+04
3.054e-01 7.802e+04
3.033e-01 7.807e+04
3.079e-01 7.393e+04
3.025e-01 7.860e+04
3.112e-01 7.138e+04
3.082e-01 7.477e+04
3.070e-01 7.648e+04
3.082e-01 7.654e+04
3.056e-01 7.619e+04
3.046e-01 7.729e+04
3.045e-01 7.555e+04
3.071e-01 7.465e+04
3.060e-01 7.394e+04
3.081e-01 7.427e+04
3.078e-01 7.348e+04
3.168e-01 6.505e+04
3.070e-01 7.648e+04
3.040e-01 7.547e+04
3.230e-01 6.353e+04
3.110e-01 7.263e+04
3.076e-01 7.471e+04
3.128e-01 7.219e+04
3.192e-01 6.413e+04
3.080e-01 7.404e+04
3.072e-01 7.597e+04
3.107e-01 7.013e+04
3.191e-01 6.456e+04
3.095e-01 6.624e+04
3.109e-01 7.431e+04
3.082e-01 7.466e+04
3.071e-01 7.597e+04
3.040e-01 7.464e+04
3.067e-01 7.233e+04
3.036e-01 7.785e+04
3.055e-01 6.847e+04
3.218e-01 6.300e+04
3.056e-01 7.062e+04
3.069e-01 7.573e+04
3.060e-01 7.559e+04
3.108e-01 7.111e+04
3.042e-01 7.663e+04
3.077e-01 7.317e+04
3.023e-01 7.756e+04
3.040e-01 7.697e+04
3.071e-01 7.501e+04
3.039e-01 7.714e+04
3.111e-01 7.119e+04
3.026e-01 7.748e+04
3.052e-01 7.497e+04
3.051e-01 7.618e+04
3.057e-01 7.554e+04
3.068e-01 7.364e+04
3.034e-01 7.774e+04
3.059e-01 7.506e+04
3.031e-01 7.681e+04
3.045e-01 7.718e+04
3.086e-01 7.378e+04
3.018e-01 7.763e+04
3.149e-01 6.513e+04
3.028e-01 7.659e+04
3.100e-01 6.841e+04
3.062e-01 7.405e+04
3.080e-01 7.599e+04
3.060e-01 7.629e+04
3.019e-01 7.975e+04
3.060e-01 7.403e+04
3.082e-01 7.481e+04
3.040e-01 7.819e+04
3.084e-01 7.356e+04
3.049e-01 7.594e+04
3.144e-01 6.803e+04
3.066e-01 7.355e+04
3.079e-01 7.277e+04
3.069e-01 7.690e+04
3.048e-01 7.644e+04
3.128e-01 7.213e+04
3.103e-01 7.315e+04
3.033e-01 7.546e+04
3.030e-01 7.865e+04
3.058e-01 7.580e+04
3.078e-01 7.467e+04
3.073e-01 7.567e+04
3.056e-01 7.709e+04
3.099e-01 7.459e+04
3.093e-01 7.509e+04
3.068e-01 7.700e+04
3.093e-01 7.265e+04
3.078e-01 7.533e+04
3.063e-01 7.551e+04
3.054e-01 7.808e+04
3.043e-01 7.568e+04
3.034e-01 7.735e+04
3.151e-01 6.772e+04
3.080e-01 7.487e+04
3.010e-01 7.863e+04
3.063e-01 7.649e+04
3.047e-01 7.749e+04
3.080e-01 7.304e+04
3.016e-01 7.684e+04
3.042e-01 7.747e+04
3.062e-01 7.295e+04
3.079e-01 7.611e+04
3.065e-01 7.459e+04
3.114e-01 7.077e+04
3.060e-01 7.528e+04
3.049e-01 7.608e+04
3.189e-01 6.661e+04
3.105e-01 6.514e+04
3.051e-01 7.327e+04
3.070e-01 7.284e+04
3.048e-01 7.788e+04
3.013e-01 7.826e+04
3.099e-01 7.328e+04
3.098e-01 7.197e+04
3.046e-01 7.558e+04
3.091e-01 6.860e+04
3.057e-01 7.525e+04
3.106e-01 7.073e+04
3.114e-01 7.077e+04
3.062e-01 7.468e+04
3.087e-01 7.226e+04
3.046e-01 7.848e+04
3.020e-01 7.833e+04
3.181e-01 6.588e+04
3.062e-01 7.493e+04
3.073e-01 7.476e+04
3.128e-01 6.841e+04
3.040e-01 7.694e+04
3.069e-01 7.370e+04
3.057e-01 7.472e+04
3.061e-01 7.500e+04
3.128e-01 6.622e+04
3.082e-01 7.537e+04
3.190e-01 6.449e+04
3.179e-01 6.311e+04
3.022e-01 7.861e+04
3.042e-01 7.594e+04
3.066e-01 7.715e+04
3.051e-01 7.565e+04
3.052e-01 7.182e+04
3.141e-01 6.754e+04
3.036e-01 7.693e+04
3.058e-01 7.512e+04
3.120e-01 6.871e+04
3.063e-01 7.559e+04
3.102e-01 7.181e+04
3.079e-01 7.503e+04
3.099e-01 7.405e+04
3.057e-01 7.238e+04
3.116e-01 7.138e+04
3.044e-01 7.721e+04
3.150e-01 6.812e+04
3.071e-01 7.499e+04
3.060e-01 7.219e+04
3.111e-01 7.249e+04
3.154e-01 6.799e+04
3.091e-01 7.384e+04
3.093e-01 7.157e+04
3.085e-01 7.497e+04
3.069e-01 7.597e+04
3.023e-01 7.838e+04
3.064e-01 7.519e+04
3.040e-01 7.274e+04
3.017e-01 7.830e+04
3.102e-01 6.526e+04
3.056e-01 7.405e+04
3.055e-01 7.703e+04
3.044e-01 7.600e+04
3.037e-01 7.708e+04
3.055e-01 7.750e+04
3.035e-01 7.739e+04
3.045e-01 7.840e+04
3.068e-01 7.617e+04
3.049e-01 7.488e+04
3.042e-01 7.509e+04
3.079e-01 7.286e+04
3.039e-01 7.494e+04
3.012e-01 7.877e+04
3.017e-01 7.843e+04
3.034e-01 7.820e+04
3.095e-01 7.291e+04
3.094e-01 7.259e+04
3.065e-01 7.401e+04
3.067e-01 7.546e+04
3.085e-01 7.358e+04
3.048e-01 7.461e+04
3.058e-01 7.680e+04
3.109e-01 6.373e+04
3.053e-01 7.705e+04
3.110e-01 6.842e+04
3.097e-01 7.308e+04
3.000e-01 7.768e+04
3.055e-01 7.357e+04
3.070e-01 7.403e+04
3.028e-01 7.636e+04
3.044e-01 7.526e+04
3.086e-01 7.318e+04
3.063e-01 7.680e+04
3.184e-01 6.574e+04
3.151e-01 6.399e+04
3.067e-01 7.399e+04
3.038e-01 7.479e+04
3.052e-01 7.681e+04
3.162e-01 6.637e+04
3.157e-01 6.905e+04
3.062e-01 7.552e+04
3.048e-01 7.496e+04
3.175e-01 6.621e+04
3.032e-01 7.438e+04
3.080e-01 7.362e+04
3.127e-01 6.923e+04
3.032e-01 7.853e+04
3.025e-01 7.668e+04
3.065e-01 7.442e+04
3.047e-01 7.661e+04
3.072e-01 7.443e+04
3.050e-01 7.777e+04
3.086e-01 7.337e+04
3.103e-01 7.266e+04
3.047e-01 7.711e+04
3.036e-01 7.471e+04
3.034e-01 7.705e+04
3.052e-01 7.731e+04
3.069e-01 7.462e+04
3.083e-01 7.416e+04
3.104e-01 7.191e+04
3.064e-01 7.735e+04
3.190e-01 6.599e+04
3.021e-01 7.827e+04
3.087e-01 7.281e+04
3.049e-01 7.574e+04
3.045e-01 7.602e+04
3.067e-01 7.489e+04
3.122e-01 7.033e+04
3.070e-01 7.146e+04
3.018e-01 7.601e+04
3.051e-01 7.422e+04
3.056e-01 7.639e+04
3.095e-01 7.508e+04
3.029e-01 7.771e+04
3.109e-01 7.092e+04
3.032e-01 7.734e+04
3.035e-01 7.621e+04
3.042e-01 7.664e+04
3.139e-01 6.572e+04
3.138e-01 6.820e+04
3.060e-01 7.609e+04
3.018e-01 7.859e+04
3.027e-01 7.770e+04
3.069e-01 7.564e+04
3.059e-01 7.666e+04
3.074e-01 7.633e+04
3.039e-01 7.749e+04
3.057e-01 7.756e+04
3.195e-01 6.229e+04
3.084e-01 7.220e+04
3.049e-01 7.820e+04
3.079e-01 7.456e+04
3.102e-01 7.283e+04
3.110e-01 7.294e+04
3.150e-01 6.962e+04
3.062e-01 7.756e+04
3.043e-01 7.489e+04
3.111e-01 7.249e+04
3.090e-01 7.238e+04
3.047e-01 7.378e+04
3.063e-01 7.510e+04
3.080e-01 7.363e+04
3.083e-01 7.183e+04
3.077e-01 7.243e+04
3.222e-01 6.378e+04
3.050e-01 7.591e+04
3.071e-01 7.559e+04
3.079e-01 7.423e+04
3.108e-01 7.054e+04
3.161e-01 6.751e+04
3.024e-01 7.537e+04
3.049e-01 7.651e+04
3.248e-01 6.263e+04
3.043e-01 7.475e+04
3.026e-01 7.763e+04
3.040e-01 7.635e+04
3.062e-01 7.401e+04
3.094e-01 6.810e+04
3.075e-01 7.591e+04
3.049e-01 7.476e+04
3.051e-01 7.537e+04
3.037e-01 7.765e+04
3.086e-01 7.417e+04
3.051e-01 7.662e+04
3.062e-01 7.368e+04
3.069e-01 7.625e+04
3.220e-01 6.711e+04
3.056e-01 7.607e+04
3.080e-01 7.537e+04
3.037e-01 7.457e+04
3.087e-01 7.461e+04
3.033e-01 7.730e+04
3.087e-01 7.429e+04
3.100e-01 7.047e+04
3.121e-01 7.197e+04
3.080e-01 7.255e+04
3.142e-01 6.648e+04
3.092e-01 7.316e+04
3.091e-01 7.320e+04
3.112e-01 7.334e+04
3.075e-01 7.515e+04
3.049e-01 7.622e+04
3.063e-01 7.562e+04
3.050e-01 7.354e+04
3.180e-01 6.441e+04
3.047e-01 7.820e+04
3.047e-01 7.718e+04
3.085e-01 6.960e+04
3.088e-01 7.255e+04
3.057e-01 7.772e+04
3.094e-01 7.305e+04
3.142e-01 7.261e+04
3.064e-01 7.532e+04
3.069e-01 7.580e+04
3.053e-01 7.556e+04
3.124e-01 7.412e+04
3.102e-01 7.288e+04
3.059e-01 7.640e+04
3.063e-01 7.541e+04
3.045e-01 7.619e+04
3.023e-01 7.792e+04
3.048e-01 7.298e+04
3.100e-01 7.171e+04
3.060e-01 7.233e+04
3.172e-01 7.031e+04
3.056e-01 7.595e+04
3.094e-01 7.152e+04
3.060e-01 7.491e+04
3.073e-01 7.305e+04
3.047e-01 7.509e+04
3.085e-01 7.312e+04
3.063e-01 7.645e+04
3.042e-01 7.680e+04
3.111e-01 6.526e+04
3.125e-01 7.080e+04
3.080e-01 7.205e+04
3.050e-01 7.545e+04
3.043e-01 7.535e+04
3.046e-01 7.683e+04
3.059e-01 7.492e+04
3.077e-01 7.475e+04
3.043e-01 7.712e+04
3.159e-01 6.532e+04
3.164e-01 6.852e+04
3.084e-01 7.454e+04
3.101e-01 7.255e+04
3.050e-01 7.325e+04
3.050e-01 7.641e+04
3.071e-01 7.577e+04
3.021e-01 7.856e+04
3.032e-01 7.496e+04
3.061e-01 7.335e+04
3.057e-01 7.402e+04
3.060e-01 7.402e+04
3.104e-01 7.235e+04
3.050e-01 7.526e+04
3.053e-01 7.575e+04
3.079e-01 7.073e+04
3.148e-01 6.491e+04
3.067e-01 7.472e+04
3.171e-01 6.707e+04
3.042e-01 7.775e+04
3.073e-01 7.486e+04
3.100e-01 7.396e+04
3.067e-01 7.529e+04
3.067e-01 7.725e+04
3.049e-01 7.859e+04
3.090e-01 7.379e+04
3.083e-01 7.476e+04
3.087e-01 7.395e+04
3.171e-01 6.393e+04
3.062e-01 7.639e+04
3.062e-01 7.518e+04
3.095e-01 7.179e+04
3.041e-01 7.512e+04
3.051e-01 7.541e+04
3.052e-01 7.456e+04
3.048e-01 7.760e+04
3.071e-01 7.410e+04
3.040e-01 7.865e+04
3.063e-01 7.530e+04
3.089e-01 7.333e+04
3.076e-01 7.189e+04
3.061e-01 7.514e+04
3.067e-01 7.403e+04
3.102e-01 7.422e+04
3.067e-01 7.249e+04
3.048e-01 7.442e+04
3.032e-01 7.791e+04
3.081e-01 7.330e+04
3.080e-01 7.285e+04
3.026e-01 7.802e+04
3.159e-01 6.453e+04
3.093e-01 7.330e+04
3.065e-01 7.329e+04
3.093e-01 7.060e+04
3.133e-01 6.521e+04
3.096e-01 7.131e+04
3.027e-01 7.681e+04
3.141e-01 6.892e+04
3.049e-01 7.630e+04
3.054e-01 7.476e+04
3.050e-01 7.621e+04
3.052e-01 7.372e+04
3.046e-01 7.688e+04
3.034e-01 7.679e+04
3.038e-01 7.830e+04
3.050e-01 7.552e+04
3.048e-01 7.288e+04
3.057e-01 7.592e+04
3.063e-01 7.326e+04
3.048e-01 7.455e+04
3.183e-01 6.378e+04
3.171e-01 6.633e+04
3.082e-01 7.227e+04
3.062e-01 7.372e+04
3.070e-01 7.623e+04
3.167e-01 6.470e+04
3.045e-01 7.603e+04
3.023e-01 7.749e+04
3.053e-01 7.398e+04
3.037e-01 7.522e+04
3.061e-01 7.723e+04
3.039e-01 7.759e+04
3.082e-01 7.202e+04
3.076e-01 7.408e+04
3.057e-01 7.725e+04
3.099e-01 7.375e+04
3.029e-01 7.679e+04
3.034e-01 7.746e+04
3.060e-01 7.670e+04
3.066e-01 7.646e+04
3.100e-01 7.267e+04
3.088e-01 7.391e+04
3.041e-01 7.840e+04
3.026e-01 7.886e+04
3.069e-01 7.429e+04
3.075e-01 7.358e+04
3.079e-01 7.581e+04
3.072e-01 7.564e+04
3.077e-01 7.678e+04
3.043e-01 7.803e+04
3.076e-01 7.244e+04
3.028e-01 7.653e+04
3.096e-01 7.288e+04
3.024e-01 7.721e+04
3.071e-01 7.333e+04
3.182e-01 6.359e+04
3.029e-01 7.784e+04
3.098e-01 7.253e+04
3.044e-01 7.266e+04
3.178e-01 6.214e+04
3.098e-01 7.333e+04
3.098e-01 7.495e+04
3.066e-01 7.535e+04
3.053e-01 7.474e+04
3.033e-01 7.642e+04
3.158e-01 6.568e+04
3.097e-01 7.177e+04
3.088e-01 6.723e+04
3.039e-01 7.711e+04
3.056e-01 7.840e+04
3.039e-01 7.529e+04
3.032e-01 7.627e+04
3.153e-01 6.806e+04
3.074e-01 7.500e+04
3.051e-01 7.616e+04
3.053e-01 7.623e+04
3.081e-01 7.459e+04
3.042e-01 7.478e+04
3.071e-01 7.484e+04
3.042e-01 7.690e+04
3.042e-01 7.731e+04
3.031e-01 7.770e+04
3.049e-01 7.609e+04
3.149e-01 6.494e+04
3.062e-01 7.527e+04
3.011e-01 7.892e+04
3.040e-01 7.644e+04
3.152e-01 6.715e+04
3.096e-01 7.426e+04
3.046e-01 7.423e+04
3.090e-01 7.393e+04
3.130e-01 6.570e+04
3.034e-01 7.780e+04
3.025e-01 7.759e+04
3.062e-01 7.598e+04
3.035e-01 7.882e+04
3.040e-01 7.639e+04
3.171e-01 6.309e+04
3.019e-01 7.734e+04
3.115e-01 7.077e+04
3.031e-01 7.808e+04
3.134e-01 6.657e+04
3.024e-01 7.716e+04
3.145e-01 6.541e+04
3.100e-01 7.221e+04
3.120e-01 7.174e+04
3.046e-01 7.617e+04
3.046e-01 7.680e+04
3.221e-01 6.268e+04
3.067e-01 7.508e+04
3.023e-01 7.511e+04
3.060e-01 7.421e+04
3.024e-01 7.762e+04
3.083e-01 7.560e+04
3.103e-01 7.643e+04
3.064e-01 7.698e+04
3.109e-01 7.370e+04
3.101e-01 6.737e+04
3.081e-01 7.504e+04
3.044e-01 7.734e+04
3.022e-01 7.864e+04
3.059e-01 7.661e+04
3.083e-01 7.449e+04
3.016e-01 7.716e+04
3.130e-01 7.152e+04
3.124e-01 6.772e+04
3.095e-01 7.184e+04
3.220e-01 6.208e+04
3.152e-01 6.950e+04
3.032e-01 7.538e+04
3.039e-01 7.718e+04
3.082e-01 7.243e+04
3.162e-01 6.599e+04
3.035e-01 7.611e+04
3.063e-01 7.589e+04
3.093e-01 7.268e+04
3.080e-01 7.580e+04
3.109e-01 7.307e+04
3.066e-01 7.583e+04
3.053e-01 7.405e+04
3.089e-01 7.138e+04
3.030e-01 7.817e+04
3.124e-01 7.106e+04
3.065e-01 7.456e+04
3.066e-01 7.657e+04
3.064e-01 7.710e+04
3.096e-01 7.531e+04
3.061e-01 7.689e+04
3.068e-01 7.516e+04
3.074e-01 7.303e+04
3.100e-01 7.264e+04
3.049e-01 7.771e+04
3.030e-01 7.817e+04
3.041e-01 7.762e+04
3.067e-01 7.329e+04
3.046e-01 7.605e+04
3.104e-01 7.317e+04
3.062e-01 7.496e+04
3.034e-01 7.786e+04
3.121e-01 6.981e+04
3.170e-01 6.362e+04
3.040e-01 7.741e+04
3.011e-01 7.863e+04
3.065e-01 7.526e+04
3.187e-01 6.637e+04
3.018e-01 7.834e+04
3.068e-01 7.516e+04
3.107e-01 6.612e+04
3.066e-01 7.418e+04
3.143e-01 6.637e+04
3.068e-01 7.328e+04
3.092e-01 7.509e+04
3.067e-01 7.562e+04
3.070e-01 7.506e+04
3.038e-01 7.739e+04
3.062e-01 7.443e+04
3.056e-01 7.603e+04
3.059e-01 7.560e+04
3.141e-01 6.530e+04
3.024e-01 7.876e+04
3.096e-01 7.270e+04
3.123e-01 7.127e+04
3.068e-01 7.495e+04
3.142e-01 6.422e+04
3.086e-01 7.137e+04
3.048e-01 7.343e+04
3.140e-01 6.928e+04
3.078e-01 7.550e+04
3.189e-01 6.670e+04
3.028e-01 7.637e+04
3.022e-01 7.720e+04
3.050e-01 7.570e+04
3.080e-01 7.394e+04
3.078e-01 7.529e+04
3.158e-01 6.596e+04
3.078e-01 7.588e+04
3.179e-01 6.454e+04
3.065e-01 7.503e+04
3.045e-01 7.499e+04
3.053e-01 7.627e+04
3.075e-01 7.410e+04
3.189e-01 6.375e+04
3.042e-01 7.653e+04
3.038e-01 7.816e+04
3.068e-01 7.615e+04
3.045e-01 7.750e+04
3.156e-01 6.801e+04
3.088e-01 7.309e+04
3.110e-01 7.201e+04
3.027e-01 7.771e+04
3.092e-01 7.361e+04
3.041e-01 7.349e+04
3.068e-01 7.429e+04
3.049e-01 7.307e+04
3.164e-01 6.480e+04
3.038e-01 7.752e+04
3.037e-01 7.655e+04
3.133e-01 7.063e+04
3.045e-01 7.694e+04
3.037e-01 7.509e+04
3.057e-01 7.548e+04
3.084e-01 7.467e+04
3.056e-01 7.663e+04
3.058e-01 7.302e+04
3.066e-01 7.644e+04
3.074e-01 7.529e+04
3.019e-01 7.769e+04
3.212e-01 6.324e+04
3.021e-01 7.773e+04
3.063e-01 7.648e+04
3.073e-01 7.485e+04
3.038e-01 7.766e+04
3.032e-01 7.784e+04
3.076e-01 7.214e+04
3.076e-01 7.412e+04
3.064e-01 7.559e+04
3.049e-01 7.461e+04
3.016e-01 7.776e+04
3.122e-01 7.140e+04
3.078e-01 7.575e+04
3.051e-01 7.314e+04
3.041e-01 7.734e+04
3.048e-01 7.694e+04
3.059e-01 7.740e+04
3.065e-01 7.688e+04
3.055e-01 7.578e+04
3.087e-01 7.469e+04
3.159e-01 6.827e+04
3.089e-01 7.382e+04
3.057e-01 7.594e+04
3.082e-01 7.342e+04
3.159e-01 6.671e+04
3.083e-01 6.510e+04
3.080e-01 7.348e+04
3.050e-01 7.605e+04
3.136e-01 6.464e+04
3.232e-01 6.354e+04
3.043e-01 7.718e+04
3.128e-01 6.614e+04
3.062e-01 7.483e+04
3.053e-01 7.510e+04
3.125e-01 7.249e+04
3.121e-01 6.921e+04
3.044e-01 7.652e+04
3.090e-01 7.126e+04
3.030e-01 7.847e+04
3.103e-01 7.320e+04
3.051e-01 7.621e+04
3.105e-01 7.365e+04
3.086e-01 7.528e+04
3.097e-01 7.166e+04
3.052e-01 7.762e+04
3.075e-01 7.466e+04
3.031e-01 7.671e+04
3.030e-01 7.528e+04
3.078e-01 7.525e+04
3.064e-01 7.378e+04
3.051e-01 7.532e+04
3.048e-01 7.711e+04
3.056e-01 7.529e+04
3.115e-01 7.266e+04
3.074e-01 7.479e+04
3.125e-01 7.220e+04
3.057e-01 7.662e+04
3.040e-01 7.779e+04
3.118e-01 6.878e+04
3.045e-01 7.681e+04
3.088e-01 7.210e+04
3.078e-01 7.331e+04
3.057e-01 7.385e+04
3.037e-01 7.724e+04
3.052e-01 7.620e+04
3.056e-01 7.675e+04
3.048e-01 7.746e+04
3.049e-01 7.392e+04
3.141e-01 7.010e+04
3.138e-01 7.091e+04
3.068e-01 7.624e+04
3.077e-01 7.538e+04
3.044e-01 7.648e+04
3.167e-01 6.245e+04
3.079e-01 7.463e+04
3.077e-01 7.349e+04
3.075e-01 7.411e+04
3.033e-01 7.748e+04
3.031e-01 7.803e+04
3.025e-01 7.837e+04
3.029e-01 7.586e+04
3.153e-01 6.680e+04
3.022e-01 7.754e+04
3.017e-01 7.883e+04
3.041e-01 7.723e+04
3.064e-01 7.557e+04
3.051e-01 7.493e+04
3.059e-01 7.522e+04
3.075e-01 7.306e+04
3.057e-01 7.279e+04
3.008e-01 7.910e+04
3.021e-01 7.799e+04
3.052e-01 7.462e+04
3.063e-01 7.644e+04
3.065e-01 7.497e+04
3.092e-01 7.428e+04
3.042e-01 7.576e+04
3.091e-01 7.293e+04
3.104e-01 7.386e+04
3.110e-01 7.091e+04
3.059e-01 7.523e+04
3.193e-01 6.460e+04
3.056e-01 7.585e+04
3.042e-01 7.748e+04
3.062e-01 7.513e+04
3.064e-01 7.423e+04
3.066e-01 7.313e+04
3.014e-01 7.756e+04
3.070e-01 7.591e+04
3.100e-01 7.271e+04
3.063e-01 7.404e+04
3.046e-01 7.718e+04
3.180e-01 6.654e+04
3.046e-01 7.623e+04
3.061e-01 7.483e+04
3.083e-01 7.575e+04
3.121e-01 6.571e+04
3.085e-01 7.302e+04
3.055e-01 7.639e+04
3.092e-01 7.317e+04
3.209e-01 6.645e+04
3.045e-01 7.447e+04
3.044e-01 7.462e+04
3.046e-01 7.545e+04
3.176e-01 6.574e+04
3.066e-01 7.583e+04
3.197e-01 6.540e+04
3.033e-01 7.612e+04
3.065e-01 7.183e+04
3.039e-01 7.583e+04
3.195e-01 6.421e+04
3.048e-01 7.546e+04
3.098e-01 7.056e+04
3.047e-01 7.471e+04
3.173e-01 6.851e+04
3.050e-01 7.637e+04
3.176e-01 6.374e+04
3.039e-01 7.602e+04
3.030e-01 7.733e+04
3.058e-01 7.550e+04
3.066e-01 7.642e+04
3.021e-01 7.382e+04
3.051e-01 7.655e+04
3.092e-01 7.197e+04
3.063e-01 7.053e+04
3.056e-01 7.623e+04
3.165e-01 6.333e+04
3.045e-01 7.665e+04
3.054e-01 7.525e+04
3.054e-01 7.582e+04
3.057e-01 7.590e+04
3.057e-01 7.626e+04
3.023e-01 7.843e+04
3.051e-01 7.550e+04
3.056e-01 7.801e+04
3.085e-01 7.283e+04
3.066e-01 7.302e+04
3.087e-01 7.560e+04
3.114e-01 7.227e+04
3.021e-01 7.620e+04
3.030e-01 7.775e+04
3.037e-01 7.731e+04
3.050e-01 7.695e+04
3.035e-01 7.866e+04
3.040e-01 7.596e+04
3.063e-01 7.500e+04
3.177e-01 6.529e+04
3.062e-01 7.539e+04
3.047e-01 7.703e+04
3.085e-01 7.433e+04
3.079e-01 7.438e+04
3.084e-01 7.460e+04
3.053e-01 7.547e+04
3.033e-01 7.855e+04
3.062e-01 7.561e+04
3.026e-01 7.758e+04
3.208e-01 6.517e+04
3.092e-01 7.267e+04
3.047e-01 7.575e+04
3.051e-01 7.612e+04
3.236e-01 6.583e+04
3.073e-01 7.371e+04
3.045e-01 7.497e+04
3.077e-01 7.646e+04
3.050e-01 7.579e+04
3.022e-01 7.863e+04
3.086e-01 7.251e+04
3.125e-01 7.042e+04
3.134e-01 6.526e+04
3.188e-01 6.297e+04
3.068e-01 7.447e+04
3.095e-01 7.410e+04
3.054e-01 7.536e+04
3.067e-01 7.581e+04
3.049e-01 7.102e+04
3.038e-01 7.809e+04
3.073e-01 7.327e+04
3.006e-01 7.709e+04
3.054e-01 7.697e+04
3.037e-01 7.693e+04
3.037e-01 7.774e+04
3.033e-01 7.663e+04
3.087e-01 7.320e+04
3.068e-01 7.571e+04
3.066e-01 7.415e+04
3.091e-01 7.488e+04
3.058e-01 7.530e+04
3.110e-01 6.613e+04
3.124e-01 7.167e+04
3.125e-01 7.188e+04
3.075e-01 7.417e+04
3.129e-01 6.917e+04
3.059e-01 7.676e+04
3.108e-01 6.507e+04
3.126e-01 6.993e+04
3.020e-01 7.735e+04
3.034e-01 7.763e+04
3.123e-01 6.712e+04
3.133e-01 6.927e+04
3.068e-01 7.457e+04
3.032e-01 7.489e+04
3.081e-01 7.338e+04
3.038e-01 7.798e+04
3.019e-01 7.624e+04
3.062e-01 7.450e+04
3.024e-01 7.738e+04
3.043e-01 7.529e+04
3.033e-01 7.720e+04
3.074e-01 7.579e+04
3.052e-01 7.703e+04
3.030e-01 7.831e+04
3.033e-01 7.787e+04
3.052e-01 7.622e+04
3.063e-01 7.555e+04
3.076e-01 7.489e+04
3.083e-01 7.300e+04
3.059e-01 7.737e+04
3.099e-01 7.253e+04
3.048e-01 7.498e+04
3.032e-01 7.596e+04
3.087e-01 7.506e+04
3.128e-01 6.282e+04
3.066e-01 7.473e+04
3.115e-01 6.440e+04
3.083e-01 7.562e+04
3.065e-01 7.257e+04
3.038e-01 7.719e+04
3.054e-01 7.297e+04
3.166e-01 6.720e+04
3.093e-01 7.442e+04
3.088e-01 7.603e+04
3.063e-01 7.554e+04
3.060e-01 7.653e+04
3.106e-01 7.314e+04
3.139e-01 6.515e+04
3.059e-01 7.554e+04
3.054e-01 7.748e+04
3.180e-01 6.492e+04
3.021e-01 7.744e+04
3.062e-01 7.487e+04
3.116e-01 7.190e+04
3.069e-01 7.611e+04
3.052e-01 7.368e+04
3.082e-01 7.128e+04
3.107e-01 7.559e+04
3.103e-01 7.349e+04
3.096e-01 7.308e+04
3.029e-01 7.787e+04
3.143e-01 6.579e+04
3.041e-01 7.487e+04
3.018e-01 7.868e+04
3.087e-01 7.400e+04
3.051e-01 7.174e+04
3.015e-01 7.871e+04
3.037e-01 7.541e+04
3.143e-01 6.391e+04
3.049e-01 7.753e+04
3.082e-01 7.415e+04
3.089e-01 7.322e+04
3.030e-01 7.847e+04
3.078e-01 7.238e+04
3.059e-01 7.259e+04
3.084e-01 7.562e+04
3.036e-01 7.439e+04
3.099e-01 7.197e+04
3.097e-01 6.946e+04
3.081e-01 7.424e+04
3.059e-01 7.565e+04
3.054e-01 7.420e+04
3.106e-01 7.023e+04
3.058e-01 7.404e+04
3.062e-01 7.378e+04
3.051e-01 7.477e+04
3.071e-01 7.517e+04
3.066e-01 7.572e+04
3.026e-01 7.667e+04
3.071e-01 7.566e+04
3.035e-01 7.709e+04
3.154e-01 6.322e+04
3.059e-01 7.603e+04
3.069e-01 7.480e+04
3.067e-01 7.635e+04
3.116e-01 6.586e+04
3.082e-01 7.413e+04
3.143e-01 7.018e+04
3.054e-01 7.681e+04
3.050e-01 7.498e+04
3.111e-01 7.000e+04
3.032e-01 7.778e+04
3.060e-01 7.611e+04
3.058e-01 7.591e+04
3.048e-01 7.497e+04
3.068e-01 7.561e+04
3.090e-01 7.391e+04
3.097e-01 7.161e+04
3.087e-01 7.235e+04
3.161e-01 6.265e+04
3.054e-01 7.637e+04
3.202e-01 6.505e+04
3.055e-01 7.584e+04
3.076e-01 7.241e+04
3.089e-01 7.285e+04
3.042e-01 7.702e+04
3.093e-01 7.474e+04
3.063e-01 7.602e+04
3.041e-01 7.360e+04
3.050e-01 7.572e+04
3.205e-01 6.740e+04
3.044e-01 7.691e+04
3.029e-01 7.770e+04
3.063e-01 7.612e+04
3.062e-01 7.596e+04
3.022e-01 7.832e+04
3.039e-01 7.792e+04
3.059e-01 7.529e+04
3.034e-01 7.254e+04
3.054e-01 7.563e+04
3.059e-01 7.748e+04
3.114e-01 7.277e+04
3.056e-01 7.680e+04
3.063e-01 7.487e+04
3.073e-01 7.574e+04
3.036e-01 7.667e+04
3.077e-01 7.409e+04
3.050e-01 7.635e+04
3.046e-01 7.595e+04
3.021e-01 7.683e+04
3.060e-01 7.673e+04
3.076e-01 7.441e+04
3.072e-01 7.366e+04
3.085e-01 7.169e+04
3.072e-01 7.680e+04
3.222e-01 6.263e+04
3.157e-01 6.661e+04
3.053e-01 7.594e+04
3.061e-01 7.612e+04
3.061e-01 7.483e+04
3.031e-01 7.861e+04
3.103e-01 7.275e+04
3.098e-01 7.010e+04
3.065e-01 7.489e+04
3.079e-01 7.248e+04
3.073e-01 7.630e+04
3.144e-01 6.449e+04
3.031e-01 7.780e+04
3.097e-01 7.133e+04
3.066e-01 7.662e+04
3.068e-01 7.609e+04
3.060e-01 7.590e+04
3.032e-01 7.587e+04
3.157e-01 6.451e+04
3.070e-01 7.549e+04
3.227e-01 6.590e+04
3.062e-01 7.665e+04
3.132e-01 6.465e+04
3.052e-01 7.583e+04
3.190e-01 6.386e+04
3.061e-01 7.614e+04
3.041e-01 7.747e+04
3.095e-01 7.046e+04
3.100e-01 7.350e+04
3.038e-01 7.733e+04
3.027e-01 7.663e+04
3.047e-01 7.729e+04
3.195e-01 6.228e+04
3.086e-01 7.133e+04
3.113e-01 7.318e+04
3.077e-01 7.464e+04
3.039e-01 7.827e+04
3.073e-01 7.523e+04
3.116e-01 7.212e+04
3.069e-01 7.478e+04
3.054e-01 7.594e+04
3.028e-01 7.604e+04
3.058e-01 7.583e+04
3.092e-01 6.791e+04
3.138e-01 6.533e+04
3.064e-01 7.656e+04
3.095e-01 6.688e+04
3.043e-01 7.786e+04
3.020e-01 7.634e+04
3.179e-01 6.895e+04
3.027e-01 7.610e+04
3.034e-01 7.753e+04
3.040e-01 7.809e+04
3.031e-01 7.657e+04
3.059e-01 7.356e+04
3.032e-01 7.787e+04
3.146e-01 6.902e+04
3.060e-01 7.350e+04
3.035e-01 7.717e+04
3.072e-01 7.392e+04
3.069e-01 7.528e+04
3.079e-01 7.548e+04
3.071e-01 7.438e+04
3.155e-01 6.786e+04
3.067e-01 7.400e+04
3.035e-01 7.793e+04
3.038e-01 7.755e+04
3.043e-01 7.372e+04
3.031e-01 7.739e+04
3.126e-01 6.883e+04
3.060e-01 7.330e+04
3.045e-01 7.623e+04
3.037e-01 7.797e+04
3.086e-01 7.349e+04
3.053e-01 7.593e+04
3.021e-01 7.912e+04
3.093e-01 7.351e+04
3.057e-01 7.675e+04
3.035e-01 7.786e+04
3.044e-01 7.637e+04
3.025e-01 7.696e+04
3.164e-01 6.587e+04
3.064e-01 7.435e+04
3.094e-01 7.461e+04
3.025e-01 7.833e+04
3.038e-01 7.942e+04
3.136e-01 6.735e+04
3.123e-01 6.815e+04
3.036e-01 7.753e+04
3.086e-01 7.291e+04
3.037e-01 7.428e+04
3.023e-01 7.867e+04
3.114e-01 7.085e+04
3.026e-01 7.680e+04
3.031e-01 7.630e+04
3.092e-01 7.131e+04
3.058e-01 7.478e+04
3.061e-01 7.466e+04
3.057e-01 7.497e+04
3.109e-01 7.158e+04
3.046e-01 7.758e+04
3.060e-01 7.543e+04
3.034e-01 7.838e+04
3.041e-01 7.551e+04
3.018e-01 7.835e+04
3.035e-01 7.640e+04
3.138e-01 6.378e+04
3.133e-01 6.576e+04
3.036e-01 7.676e+04
3.056e-01 7.574e+04
3.105e-01 7.220e+04
3.050e-01 7.515e+04
3.060e-01 7.409e+04
3.077e-01 7.389e+04
3.045e-01 7.545e+04
3.032e-01 7.556e+04
3.071e-01 7.315e+04
3.063e-01 7.331e+04
3.040e-01 7.740e+04
3.096e-01 6.951e+04
3.039e-01 7.759e+04
3.161e-01 6.431e+04
3.048e-01 7.764e+04
3.063e-01 7.529e+04
3.033e-01 7.824e+04
3.045e-01 7.613e+04
3.081e-01 7.467e+04
3.102e-01 7.200e+04
3.060e-01 7.550e+04
3.017e-01 7.912e+04
3.046e-01 7.486e+04
3.049e-01 7.606e+04
3.088e-01 7.407e+04
3.076e-01 7.492e+04
3.065e-01 7.262e+04
3.082e-01 7.480e+04
3.061e-01 7.408e+04
3.080e-01 7.398e+04
3.055e-01 7.479e+04
3.120e-01 7.017e+04
3.026e-01 7.800e+04
3.030e-01 7.802e+04
3.048e-01 7.693e+04
3.022e-01 7.714e+04
3.040e-01 7.737e+04
3.069e-01 7.486e+04
3.029e-01 7.619e+04
3.074e-01 7.401e+04
3.035e-01 7.502e+04
3.105e-01 7.036e+04
3.026e-01 7.780e+04
3.132e-01 7.002e+04
3.108e-01 7.334e+04
3.079e-01 7.332e+04
3.061e-01 7.295e+04
3.193e-01 6.559e+04
3.053e-01 7.560e+04
3.083e-01 7.508e+04
3.133e-01 6.666e+04
3.062e-01 7.606e+04
3.038e-01 7.800e+04
3.097e-01 7.411e+04
3.053e-01 7.480e+04
3.028e-01 7.846e+04
3.077e-01 7.453e+04
3.057e-01 7.664e+04
3.133e-01 6.795e+04
3.087e-01 7.212e+04
3.028e-01 7.839e+04
3.061e-01 7.495e+04
3.035e-01 7.681e+04
3.035e-01 7.771e+04
3.044e-01 7.853e+04
3.059e-01 7.497e+04
3.068e-01 7.582e+04
3.046e-01 7.744e+04
3.049e-01 7.668e+04
3.054e-01 7.211e+04
3.103e-01 7.167e+04
3.053e-01 7.299e+04
3.054e-01 7.694e+04
3.040e-01 7.798e+04
3.037e-01 7.710e+04
3.121e-01 6.624e+04
3.033e-01 7.707e+04
3.084e-01 7.420e+04
3.044e-01 7.683e+04
3.059e-01 7.736e+04
3.029e-01 7.730e+04
3.053e-01 7.485e+04
3.231e-01 6.408e+04
3.047e-01 7.748e+04
3.035e-01 7.677e+04
3.043e-01 7.602e+04
3.044e-01 7.613e+04
3.103e-01 6.810e+04
3.013e-01 7.738e+04
3.076e-01 7.470e+04
3.005e-01 7.934e+04
3.035e-01 7.609e+04
3.044e-01 7.648e+04
3.026e-01 7.529e+04
3.092e-01 7.331e+04
3.217e-01 6.377e+04
3.032e-01 7.844e+04
3.079e-01 7.559e+04
3.110e-01 7.084e+04
3.077e-01 7.345e+04
3.073e-01 7.595e+04
3.021e-01 7.819e+04
3.079e-01 7.387e+04
3.069e-01 7.525e+04
3.183e-01 6.379e+04
3.040e-01 7.710e+04
3.039e-01 7.671e+04
3.085e-01 7.438e+04
3.087e-01 6.889e+04
3.053e-01 7.767e+04
3.038e-01 7.881e+04
3.033e-01 7.621e+04
3.059e-01 7.696e+04
3.155e-01 6.610e+04
3.137e-01 7.248e+04
3.045e-01 7.812e+04
3.046e-01 7.790e+04
3.158e-01 6.861e+04
3.045e-01 7.267e+04
3.040e-01 7.532e+04
3.064e-01 7.597e+04
3.205e-01 6.445e+04
3.029e-01 7.632e+04
3.125e-01 6.992e+04
3.095e-01 7.095e+04
3.024e-01 7.944e+04
3.052e-01 7.368e+04
3.041e-01 7.647e+04
3.138e-01 6.816e+04
3.041e-01 7.719e+04
3.053e-01 7.564e+04
3.043e-01 7.691e+04
3.067e-01 7.623e+04
3.052e-01 7.603e+04
3.038e-01 7.686e+04
3.146e-01 6.757e+04
3.060e-01 7.449e+04
3.050e-01 7.488e+04
3.053e-01 7.511e+04
3.047e-01 7.635e+04
3.050e-01 7.558e+04
3.098e-01 7.308e+04
3.037e-01 7.820e+04
3.058e-01 7.383e+04
3.085e-01 7.340e+04
3.076e-01 7.485e+04
3.048e-01 7.785e+04
3.203e-01 6.439e+04
3.070e-01 7.398e+04
3.082e-01 7.277e+04
3.054e-01 7.140e+04
3.048e-01 7.204e+04
3.040e-01 7.854e+04
3.109e-01 7.080e+04
3.129e-01 7.062e+04
3.045e-01 7.778e+04
3.053e-01 7.392e+04
3.081e-01 7.342e+04
3.037e-01 7.516e+04
3.037e-01 7.559e+04
3.096e-01 7.260e+04
3.023e-01 7.781e+04
3.206e-01 6.163e+04
3.070e-01 7.598e+04
3.016e-01 7.916e+04
3.113e-01 6.990e+04
3.022e-01 7.817e+04
3.170e-01 6.570e+04
3.070e-01 7.193e+04
3.027e-01 7.686e+04
3.027e-01 7.746e+04
3.210e-01 6.264e+04
3.092e-01 7.242e+04
3.100e-01 7.196e+04
3.052e-01 7.721e+04
3.054e-01 7.449e+04
3.035e-01 7.765e+04
3.108e-01 7.074e+04
3.039e-01 7.617e+04
3.190e-01 6.478e+04
3.049e-01 7.736e+04
3.064e-01 7.662e+04
3.175e-01 6.386e+04
3.052e-01 7.310e+04
3.026e-01 7.797e+04
3.044e-01 7.580e+04
3.097e-01 7.154e+04
3.068e-01 7.201e+04
3.106e-01 7.202e+04
3.041e-01 7.588e+04
3.112e-01 6.926e+04
3.208e-01 6.308e+04
3.059e-01 7.477e+04
3.047e-01 7.706e+04
3.071e-01 7.291e+04
3.057e-01 7.423e+04
3.017e-01 7.820e+04
3.046e-01 7.654e+04
3.094e-01 6.865e+04
3.091e-01 7.305e+04
3.011e-01 7.868e+04
3.129e-01 6.206e+04
3.053e-01 7.698e+04
3.148e-01 6.389e+04
3.040e-01 7.718e+04
3.053e-01 7.770e+04
3.171e-01 6.746e+04
3.026e-01 7.786e+04
3.029e-01 7.569e+04
3.061e-01 7.403e+04
3.099e-01 7.231e+04
3.043e-01 7.430e+04
3.019e-01 7.800e+04
3.068e-01 7.358e+04
3.080e-01 7.464e+04
3.040e-01 7.730e+04
3.027e-01 7.673e+04
3.064e-01 7.419e+04
3.148e-01 6.819e+04
3.060e-01 7.394e+04
3.041e-01 7.635e+04
3.063e-01 7.463e+04
3.020e-01 7.872e+04
3.032e-01 7.862e+04
3.081e-01 7.275e+04
3.091e-01 7.081e+04
3.038e-01 7.688e+04
3.056e-01 7.520e+04
3.030e-01 7.681e+04
3.109e-01 7.052e+04
3.082e-01 7.423e+04
3.061e-01 7.236e+04
3.076e-01 7.457e+04
3.124e-01 7.173e+04
3.094e-01 7.357e+04
3.035e-01 7.756e+04
3.097e-01 7.239e+04
3.069e-01 7.411e+04
3.054e-01 7.717e+04
3.190e-01 6.352e+04
3.091e-01 7.373e+04
3.047e-01 7.313e+04
3.072e-01 7.384e+04
3.044e-01 7.433e+04
3.135e-01 6.395e+04
3.067e-01 7.667e+04
3.102e-01 7.371e+04
3.061e-01 7.551e+04
3.030e-01 7.844e+04
3.045e-01 7.663e+04
3.020e-01 7.829e+04
3.083e-01 7.480e+04
3.057e-01 7.427e+04
3.073e-01 7.458e+04
3.059e-01 7.575e+04
3.030e-01 7.823e+04
3.067e-01 7.413e+04
3.117e-01 7.379e+04
3.057e-01 7.346e+04
3.043e-01 7.792e+04
3.059e-01 7.386e+04
3.030e-01 7.762e+04
3.074e-01 7.279e+04
3.039e-01 7.680e+04
3.076e-01 7.276e+04
3.099e-01 6.892e+04
3.048e-01 7.794e+04
3.061e-01 7.519e+04
3.045e-01 7.734e+04
3.033e-01 7.742e+04
3.072e-01 7.590e+04
3.213e-01 6.386e+04
3.038e-01 7.847e+04
3.055e-01 7.650e+04
3.082e-01 7.391e+04
3.105e-01 7.255e+04
3.143e-01 7.120e+04
3.062e-01 7.578e+04
3.056e-01 7.495e+04
3.048e-01 7.760e+04
3.089e-01 7.384e+04
3.128e-01 7.211e+04
3.080e-01 7.304e+04
3.090e-01 7.317e+04
3.173e-01 6.688e+04
3.107e-01 7.256e+04
3.075e-01 7.427e+04
3.084e-01 7.362e+04
3.071e-01 7.426e+04
3.085e-01 7.392e+04
3.037e-01 7.514e+04
3.053e-01 7.715e+04
3.026e-01 7.551e+04
3.075e-01 7.590e+04
3.066e-01 7.306e+04
3.039e-01 7.764e+04
3.034e-01 7.678e+04
3.113e-01 7.034e+04
3.093e-01 7.358e+04
3.036e-01 7.565e+04
3.074e-01 7.512e+04
3.054e-01 7.292e+04
3.069e-01 7.462e+04
3.082e-01 7.334e+04
3.106e-01 7.191e+04
3.073e-01 7.632e+04
3.108e-01 7.180e+04
3.048e-01 7.588e+04
3.032e-01 7.641e+04
3.030e-01 7.842e+04
3.067e-01 7.651e+04
3.026e-01 7.596e+04
3.033e-01 7.436e+04
3.172e-01 6.521e+04
3.019e-01 7.963e+04
3.184e-01 6.413e+04
3.048e-01 7.548e+04
3.086e-01 7.667e+04
3.017e-01 7.948e+04
3.055e-01 7.531e+04
3.037e-01 7.875e+04
3.017e-01 7.620e+04
3.062e-01 7.674e+04
3.099e-01 7.373e+04
3.047e-01 7.561e+04
3.123e-01 6.251e+04
3.041e-01 7.669e+04
3.249e-01 6.351e+04
3.038e-01 7.421e+04
3.033e-01 7.589e+04
3.105e-01 7.225e+04
3.051e-01 7.715e+04
3.064e-01 7.597e+04
3.059e-01 7.363e+04
3.036e-01 7.698e+04
3.089e-01 7.181e+04
3.051e-01 7.584e+04
3.042e-01 7.760e+04
3.056e-01 7.689e+04
3.084e-01 7.373e+04
3.020e-01 7.755e+04
3.057e-01 7.507e+04
3.045e-01 7.571e+04
3.110e-01 7.094e+04
3.162e-01 7.118e+04
3.041e-01 7.736e+04
3.059e-01 7.716e+04
3.090e-01 7.250e+04
3.173e-01 6.787e+04
3.102e-01 7.204e+04
3.035e-01 7.721e+04
3.076e-01 7.576e+04
3.169e-01 6.590e+04
3.186e-01 6.628e+04
3.075e-01 7.681e+04
3.025e-01 7.875e+04
3.105e-01 6.679e+04
3.044e-01 7.774e+04
3.030e-01 7.767e+04
3.067e-01 7.451e+04
3.086e-01 7.583e+04
3.110e-01 6.639e+04
3.046e-01 7.477e+04
3.173e-01 6.357e+04
3.069e-01 7.599e+04
3.076e-01 7.391e+04
3.029e-01 7.596e+04
3.032e-01 7.788e+04
3.039e-01 7.825e+04
3.053e-01 7.430e+04
3.115e-01 7.089e+04
3.028e-01 7.770e+04
3.123e-01 6.913e+04
3.044e-01 7.681e+04
3.035e-01 7.651e+04
3.042e-01 7.497e+04
3.127e-01 6.663e+04
3.075e-01 6.675e+04
3.062e-01 7.598e+04
3.200e-01 6.633e+04
3.095e-01 7.094e+04
3.040e-01 7.810e+04
3.063e-01 7.425e+04
3.068e-01 7.282e+04
3.088e-01 7.331e+04
3.157e-01 6.800e+04
3.050e-01 7.307e+04
3.047e-01 7.663e+04
3.076e-01 7.308e+04
3.056e-01 7.665e+04
3.221e-01 6.360e+04
3.097e-01 7.293e+04
3.039e-01 7.853e+04
3.089e-01 7.197e+04
3.062e-01 7.290e+04
3.105e-01 7.136e+04
3.170e-01 6.476e+04
3.058e-01 7.608e+04
3.060e-01 7.252e+04
3.063e-01 7.723e+04
3.099e-01 7.089e+04
3.081e-01 7.562e+04
3.072e-01 7.637e+04
3.082e-01 7.315e+04
3.061e-01 7.437e+04
3.116e-01 7.168e+04
3.086e-01 7.228e+04
3.060e-01 7.535e+04
3.041e-01 7.583e+04
3.156e-01 6.773e+04
3.127e-01 6.935e+04
3.029e-01 7.895e+04
3.088e-01 7.481e+04
3.042e-01 7.763e+04
3.043e-01 7.700e+04
3.071e-01 7.376e+04
3.053e-01 7.594e+04
3.051e-01 7.522e+04
3.049e-01 7.695e+04
3.023e-01 7.728e+04
3.112e-01 7.464e+04
3.216e-01 6.396e+04
3.053e-01 7.829e+04
3.061e-01 7.412e+04
3.099e-01 7.492e+04
3.087e-01 7.530e+04
3.034e-01 7.664e+04
3.114e-01 6.468e+04
3.038e-01 7.711e+04
3.086e-01 7.447e+04
3.037e-01 7.547e+04
3.067e-01 7.426e+04
3.053e-01 7.225e+04
3.058e-01 7.614e+04
3.074e-01 7.474e+04
3.068e-01 7.109e+04
3.118e-01 7.268e+04
3.049e-01 7.537e+04
3.029e-01 7.836e+04
3.079e-01 7.570e+04
3.029e-01 7.765e+04
3.070e-01 7.420e+04
3.037e-01 7.704e+04
3.136e-01 6.907e+04
3.019e-01 7.835e+04
3.212e-01 6.450e+04
3.074e-01 7.597e+04
3.095e-01 7.192e+04
3.021e-01 7.830e+04
3.052e-01 7.094e+04
3.054e-01 7.535e+04
3.153e-01 6.716e+04
3.086e-01 7.367e+04
3.057e-01 7.582e+04
3.172e-01 6.843e+04
3.047e-01 7.469e+04
3.114e-01 7.209e+04
3.134e-01 7.054e+04
3.212e-01 6.419e+04
3.168e-01 6.521e+04
3.062e-01 7.604e+04
3.055e-01 7.635e+04
3.023e-01 7.898e+04
3.017e-01 7.708e+04
3.036e-01 7.768e+04
3.098e-01 7.363e+04
3.064e-01 7.368e+04
3.049e-01 7.533e+04
3.036e-01 7.850e+04
3.057e-01 7.567e+04
3.101e-01 6.857e+04
3.028e-01 7.813e+04
3.083e-01 7.315e+04
3.048e-01 7.469e+04
3.091e-01 7.316e+04
3.177e-01 6.472e+04
3.084e-01 7.373e+04
3.037e-01 7.722e+04
3.100e-01 7.405e+04
3.031e-01 7.788e+04
3.195e-01 6.298e+04
3.084e-01 7.396e+04
3.203e-01 6.479e+04
3.054e-01 7.362e+04
3.105e-01 6.841e+04
3.131e-01 6.548e+04
3.066e-01 7.611e+04
3.046e-01 7.640e+04
3.096e-01 7.394e+04
3.025e-01 7.865e+04
3.048e-01 7.695e+04
3.059e-01 7.296e+04
3.090e-01 7.406e+04
3.033e-01 7.810e+04
3.101e-01 6.970e+04
3.113e-01 6.433e+04
3.033e-01 7.638e+04
3.195e-01 6.262e+04
3.067e-01 7.464e+04
3.069e-01 7.487e+04
3.213e-01 6.159e+04
3.150e-01 6.528e+04
3.052e-01 7.667e+04
3.028e-01 7.740e+04
3.098e-01 7.143e+04
3.042e-01 7.761e+04
3.129e-01 6.979e+04
3.044e-01 7.620e+04
3.093e-01 7.367e+04
3.148e-01 6.668e+04
3.086e-01 7.229e+04
3.055e-01 7.506e+04
3.045e-01 7.785e+04
3.051e-01 7.723e+04
3.067e-01 7.520e+04
3.043e-01 7.384e+04
3.069e-01 7.198e+04
3.087e-01 7.528e+04
3.101e-01 7.260e+04
3.065e-01 7.588e+04
3.024e-01 7.679e+04
3.061e-01 7.544e+04
3.095e-01 7.354e+04
3.112e-01 6.913e+04
3.063e-01 7.625e+04
3.093e-01 7.173e+04
3.038e-01 7.750e+04
3.109e-01 6.747e+04
3.084e-01 7.312e+04
3.172e-01 6.378e+04
3.082e-01 6.608e+04
3.007e-01 7.689e+04
3.044e-01 7.338e+04
3.064e-01 7.373e+04
3.186e-01 6.356e+04
3.083e-01 7.249e+04
3.105e-01 7.128e+04
3.043e-01 7.475e+04
3.043e-01 7.701e+04
3.044e-01 7.683e+04
3.026e-01 7.778e+04
3.048e-01 7.801e+04
3.036e-01 7.766e+04
3.051e-01 7.600e+04
3.053e-01 7.484e+04
3.035e-01 7.635e+04
3.061e-01 7.593e+04
3.090e-01 7.319e+04
3.177e-01 6.692e+04
3.023e-01 7.756e+04
3.045e-01 7.707e+04
3.043e-01 7.788e+04
3.066e-01 7.614e+04
3.085e-01 7.581e+04
3.057e-01 7.540e+04
3.185e-01 6.483e+04
3.048e-01 7.644e+04
3.065e-01 7.532e+04
3.034e-01 7.797e+04
3.023e-01 7.842e+04
3.115e-01 7.203e+04
3.031e-01 7.660e+04
3.115e-01 7.286e+04
3.037e-01 7.856e+04
3.039e-01 7.504e+04
3.035e-01 7.813e+04
3.039e-01 7.550e+04
3.049e-01 7.495e+04
3.159e-01 6.495e+04
3.058e-01 7.613e+04
3.112e-01 7.208e+04
3.030e-01 7.809e+04
3.082e-01 7.201e+04
3.094e-01 7.208e+04
3.054e-01 7.612e+04
3.086e-01 6.918e+04
3.056e-01 7.503e+04
3.176e-01 6.426e+04
3.092e-01 7.347e+04
3.136e-01 6.975e+04
3.012e-01 7.922e+04
3.089e-01 7.282e+04
3.070e-01 7.369e+04
3.083e-01 7.485e+04
3.061e-01 7.297e+04
3.082e-01 7.421e+04
3.062e-01 7.473e+04
3.063e-01 7.625e+04
3.044e-01 7.757e+04
3.116e-01 6.599e+04
3.107e-01 7.130e+04
3.159e-01 6.789e+04
3.045e-01 7.491e+04
3.051e-01 7.582e+04
3.063e-01 7.638e+04
3.096e-01 7.300e+04
3.043e-01 7.769e+04
3.044e-01 7.708e+04
3.046e-01 7.420e+04
3.078e-01 7.399e+04
3.037e-01 7.848e+04
3.137e-01 6.774e+04
3.036e-01 7.732e+04
3.092e-01 7.039e+04
3.074e-01 7.491e+04
3.035e-01 7.603e+04
3.056e-01 7.699e+04
3.031e-01 7.756e+04
3.111e-01 7.307e+04
3.082e-01 7.542e+04
3.090e-01 7.247e+04
3.090e-01 7.190e+04
3.091e-01 7.289e+04
3.198e-01 6.487e+04
3.086e-01 7.478e+04
3.070e-01 7.466e+04
3.126e-01 7.075e+04
3.040e-01 7.624e+04
3.033e-01 7.736e+04
3.056e-01 7.558e+04
3.062e-01 7.316e+04
3.124e-01 7.133e+04
3.115e-01 7.075e+04
3.062e-01 7.635e+04
3.053e-01 7.349e+04
3.062e-01 7.376e+04
3.052e-01 7.634e+04
3.111e-01 7.149e+04
3.042e-01 7.869e+04
3.227e-01 6.232e+04
3.026e-01 7.581e+04
3.058e-01 7.390e+04
3.088e-01 7.080e+04
3.077e-01 7.650e+04
3.057e-01 7.726e+04
3.045e-01 7.860e+04
3.071e-01 7.357e+04
3.048e-01 7.670e+04
3.065e-01 7.456e+04
3.205e-01 6.604e+04
3.128e-01 7.143e+04
3.025e-01 7.654e+04
3.048e-01 7.671e+04
3.064e-01 7.554e+04
3.050e-01 7.797e+04
3.049e-01 7.424e+04
3.254e-01 6.269e+04
3.027e-01 7.560e+04
3.094e-01 7.166e+04
3.051e-01 7.647e+04
3.111e-01 7.027e+04
3.036e-01 7.600e+04
3.041e-01 7.760e+04
3.034e-01 7.822e+04
3.025e-01 7.676e+04
3.146e-01 6.593e+04
3.062e-01 7.707e+04
3.137e-01 7.177e+04
3.071e-01 7.569e+04
3.049e-01 7.592e+04
3.153e-01 6.546e+04
3.103e-01 7.276e+04
3.031e-01 7.791e+04
3.090e-01 7.025e+04
3.089e-01 7.328e+04
3.080e-01 7.243e+04
3.041e-01 7.648e+04
3.089e-01 7.558e+04
3.043e-01 7.738e+04
3.100e-01 7.231e+04
3.034e-01 7.693e+04
3.095e-01 7.256e+04
3.049e-01 7.573e+04
3.058e-01 7.544e+04
3.057e-01 7.625e+04
3.012e-01 7.724e+04
3.040e-01 7.800e+04
3.163e-01 6.246e+04
3.090e-01 7.180e+04
3.052e-01 7.763e+04
3.065e-01 7.350e+04
3.120e-01 7.163e+04
3.042e-01 7.518e+04
3.035e-01 7.714e+04
3.046e-01 7.554e+04
3.049e-01 7.634e+04
3.039e-01 7.574e+04
3.051e-01 7.603e+04
3.190e-01 6.694e+04
3.094e-01 7.323e+04
3.068e-01 7.226e+04
3.080e-01 7.445e+04
3.065e-01 7.346e+04
3.085e-01 7.557e+04
3.030e-01 7.443e+04
3.045e-01 7.430e+04
3.044e-01 7.548e+04
3.044e-01 7.511e+04
3.159e-01 6.522e+04
3.220e-01 6.330e+04
3.137e-01 7.265e+04
3.036e-01 7.808e+04
3.056e-01 7.458e+04
3.043e-01 7.766e+04
3.028e-01 7.771e+04
3.086e-01 7.403e+04
3.087e-01 7.150e+04
3.057e-01 7.644e+04
3.088e-01 7.433e+04
3.028e-01 7.501e+04
3.056e-01 7.631e+04
3.023e-01 7.860e+04
3.076e-01 7.353e+04
3.036e-01 7.712e+04
3.131e-01 6.583e+04
3.065e-01 7.619e+04
3.064e-01 7.437e+04
3.048e-01 7.787e+04
3.037e-01 7.611e+04
3.084e-01 7.141e+04
3.044e-01 7.635e+04
3.101e-01 7.113e+04
3.124e-01 7.163e+04
3.048e-01 7.816e+04
3.081e-01 7.609e+04
3.136e-01 6.637e+04
3.037e-01 7.560e+04
3.034e-01 7.647e+04
3.121e-01 7.072e+04
3.037e-01 7.739e+04
3.202e-01 6.830e+04
3.056e-01 7.421e+04
3.055e-01 7.513e+04
3.061e-01 7.295e+04
3.026e-01 7.841e+04
3.088e-01 7.388e+04
3.070e-01 7.613e+04
3.072e-01 7.432e+04
3.091e-01 7.192e+04
3.189e-01 6.254e+04
3.037e-01 7.783e+04
3.101e-01 7.464e+04
3.031e-01 7.746e+04
3.045e-01 7.767e+04
3.063e-01 7.619e+04
3.127e-01 7.265e+04
3.059e-01 7.342e+04
3.029e-01 7.805e+04
3.074e-01 7.418e+04
3.071e-01 7.496e+04
3.071e-01 7.517e+04
3.039e-01 7.609e+04
3.214e-01 6.493e+04
3.082e-01 7.365e+04
3.070e-01 7.341e+04
3.022e-01 7.791e+04
3.098e-01 7.174e+04
3.046e-01 7.722e+04
3.057e-01 7.547e+04
3.085e-01 7.486e+04
3.161e-01 6.556e+04
3.116e-01 6.461e+04
3.042e-01 7.768e+04
3.215e-01 6.410e+04
3.037e-01 7.625e+04
3.191e-01 6.508e+04
3.159e-01 6.615e+04
3.116e-01 7.173e+04
3.072e-01 7.507e+04
3.024e-01 7.826e+04
3.069e-01 7.464e+04
3.082e-01 7.214e+04
3.064e-01 7.383e+04
3.040e-01 7.379e+04
3.053e-01 7.678e+04
3.038e-01 7.596e+04
3.060e-01 7.572e+04
3.064e-01 7.595e+04
3.016e-01 7.810e+04
3.068e-01 7.439e+04
3.030e-01 7.803e+04
3.040e-01 7.730e+04
3.092e-01 6.946e+04
3.100e-01 7.162e+04
3.075e-01 7.499e+04
3.055e-01 7.537e+04
3.038e-01 7.724e+04
3.051e-01 7.656e+04
3.216e-01 6.412e+04
3.206e-01 6.236e+04
3.037e-01 7.696e+04
3.025e-01 7.736e+04
3.045e-01 7.493e+04
3.067e-01 7.465e+04
3.199e-01 6.584e+04
3.222e-01 6.550e+04
3.027e-01 7.728e+04
3.035e-01 7.827e+04
3.035e-01 7.612e+04
3.096e-01 7.193e+04
3.033e-01 7.752e+04
3.061e-01 7.599e+04
3.052e-01 7.281e+04
3.031e-01 7.613e+04
3.022e-01 7.868e+04
3.029e-01 7.808e+04
3.055e-01 7.794e+04
3.082e-01 7.464e+04
3.029e-01 7.786e+04
3.141e-01 6.630e+04
3.050e-01 7.742e+04
3.042e-01 7.409e+04
3.039e-01 7.611e+04
3.012e-01 7.941e+04
3.055e-01 7.567e+04
3.041e-01 7.688e+04
3.053e-01 7.403e+04
3.068e-01 7.262e+04
3.034e-01 7.755e+04
3.049e-01 7.628e+04
3.171e-01 6.460e+04
3.029e-01 7.643e+04
3.026e-01 7.672e+04
3.031e-01 7.777e+04
3.127e-01 6.349e+04
3.050e-01 7.728e+04
3.055e-01 7.472e+04
3.069e-01 7.194e+04
3.054e-01 7.368e+04
3.059e-01 7.401e+04
3.209e-01 6.225e+04
3.061e-01 7.640e+04
3.068e-01 7.486e+04
3.015e-01 7.855e+04
3.072e-01 7.029e+04
3.060e-01 7.496e+04
3.047e-01 7.572e+04
3.036e-01 7.679e+04
3.039e-01 7.525e+04
3.038e-01 7.433e+04
3.055e-01 7.694e+04
3.108e-01 7.309e+04
3.048e-01 7.688e+04
3.141e-01 6.897e+04
3.163e-01 6.596e+04
3.032e-01 7.859e+04
3.087e-01 7.161e+04
3.074e-01 7.631e+04
3.062e-01 7.688e+04
3.106e-01 7.288e+04
3.059e-01 7.403e+04
3.040e-01 7.683e+04
3.043e-01 7.462e+04
3.086e-01 7.010e+04
3.066e-01 7.564e+04
3.039e-01 7.776e+04
3.096e-01 7.192e+04
3.123e-01 6.950e+04
3.029e-01 7.650e+04
3.010e-01 7.779e+04
3.061e-01 7.495e+04
3.081e-01 7.270e+04
3.150e-01 6.774e+04
3.020e-01 7.890e+04
3.130e-01 7.109e+04
3.038e-01 7.660e+04
3.095e-01 7.341e+04
3.052e-01 7.697e+04
3.095e-01 7.395e+04
3.047e-01 7.517e+04
3.052e-01 7.782e+04
3.132e-01 7.084e+04
3.050e-01 7.774e+04
3.098e-01 7.286e+04
3.092e-01 7.367e+04
3.025e-01 7.751e+04
3.067e-01 7.257e+04
3.065e-01 7.722e+04
3.120e-01 7.228e+04
3.154e-01 6.461e+04
3.053e-01 7.177e+04
3.026e-01 7.787e+04
3.095e-01 7.332e+04
3.047e-01 7.255e+04
3.052e-01 7.779e+04
3.050e-01 7.660e+04
3.058e-01 7.711e+04
3.012e-01 7.961e+04
3.099e-01 7.297e+04
3.066e-01 7.756e+04
3.034e-01 7.563e+04
3.023e-01 7.842e+04
3.046e-01 7.415e+04
3.098e-01 6.830e+04
3.043e-01 7.747e+04
3.047e-01 7.622e+04
3.032e-01 7.764e+04
3.075e-01 7.443e+04
3.082e-01 7.437e+04
3.046e-01 7.828e+04
3.079e-01 7.557e+04
3.063e-01 7.558e+04
3.132e-01 7.214e+04
3.050e-01 7.703e+04
3.015e-01 7.781e+04
3.167e-01 6.480e+04
3.082e-01 7.157e+04
3.226e-01 6.368e+04
3.070e-01 7.717e+04
3.068e-01 7.395e+04
3.066e-01 7.224e+04
3.042e-01 7.798e+04
3.132e-01 6.337e+04
3.126e-01 7.055e+04
3.023e-01 7.754e+04
3.070e-01 7.584e+04
3.060e-01 7.711e+04
3.073e-01 7.254e+04
3.178e-01 6.335e+04
3.056e-01 7.531e+04
3.122e-01 7.022e+04
3.042e-01 7.528e+04
3.070e-01 7.655e+04
3.066e-01 7.629e+04
3.077e-01 7.470e+04
3.054e-01 7.587e+04
3.079e-01 7.286e+04
3.046e-01 7.649e+04
3.090e-01 7.340e+04
3.037e-01 7.672e+04
3.029e-01 7.868e+04
3.032e-01 7.468e+04
3.039e-01 7.609e+04
3.112e-01 7.267e+04
3.078e-01 7.482e+04
3.044e-01 7.553e+04
3.037e-01 7.837e+04
3.047e-01 7.716e+04
3.064e-01 7.625e+04
3.047e-01 7.800e+04
3.058e-01 7.657e+04
3.071e-01 7.356e+04
3.035e-01 7.663e+04
3.218e-01 6.503e+04
3.039e-01 7.822e+04
3.057e-01 7.730e+04
3.075e-01 7.578e+04
3.082e-01 7.070e+04
3.053e-01 7.086e+04
3.084e-01 7.352e+04
3.008e-01 7.761e+04
3.064e-01 7.273e+04
3.065e-01 7.711e+04
3.051e-01 7.389e+04
3.043e-01 7.661e+04
3.058e-01 7.619e+04
3.049e-01 7.441e+04
3.074e-01 7.666e+04
3.114e-01 6.569e+04
3.065e-01 7.422e+04
3.032e-01 7.818e+04
3.142e-01 6.835e+04
3.040e-01 7.663e+04
3.094e-01 7.242e+04
3.055e-01 7.425e+04
3.076e-01 7.418e+04
3.090e-01 7.150e+04
3.151e-01 6.730e+04
3.091e-01 7.165e+04
3.171e-01 6.793e+04
3.078e-01 7.454e+04
3.041e-01 7.815e+04
3.019e-01 7.764e+04
3.091e-01 7.111e+04
3.088e-01 7.314e+04
3.066e-01 7.596e+04
3.082e-01 7.467e+04
3.039e-01 7.808e+04
3.054e-01 7.493e+04
3.026e-01 7.876e+04
3.039e-01 7.592e+04
3.062e-01 7.583e+04
3.080e-01 7.404e+04
3.028e-01 7.825e+04
3.042e-01 7.664e+04
3.036e-01 7.718e+04
3.066e-01 7.481e+04
3.129e-01 6.939e+04
3.054e-01 7.463e+04
3.046e-01 7.719e+04
3.083e-01 7.443e+04
3.069e-01 7.512e+04
3.085e-01 7.506e+04
3.146e-01 6.813e+04
3.022e-01 7.541e+04
3.088e-01 7.045e+04
3.067e-01 7.600e+04
3.093e-01 7.314e+04
3.033e-01 7.655e+04
3.043e-01 7.884e+04
3.037e-01 7.778e+04
3.067e-01 7.497e+04
3.078e-01 7.538e+04
3.176e-01 6.495e+04
3.045e-01 7.671e+04
3.077e-01 7.225e+04
3.050e-01 7.618e+04
3.040e-01 7.779e+04
3.049e-01 7.671e+04
3.051e-01 7.659e+04
3.089e-01 7.217e+04
3.074e-01 7.254e+04
3.056e-01 7.713e+04
3.194e-01 6.481e+04
3.033e-01 7.634e+04
3.095e-01 6.711e+04
3.047e-01 7.796e+04
3.044e-01 7.495e+04
3.188e-01 6.481e+04
3.043e-01 7.425e+04
3.080e-01 7.396e+04
3.016e-01 7.827e+04
3.104e-01 7.357e+04
3.060e-01 7.432e+04
3.034e-01 7.417e+04
3.017e-01 7.699e+04
3.067e-01 7.491e+04
3.045e-01 7.680e+04
3.038e-01 7.546e+04
3.026e-01 7.838e+04
3.024e-01 7.898e+04
3.082e-01 7.514e+04
3.051e-01 7.408e+04
3.086e-01 7.410e+04
3.057e-01 7.685e+04
3.067e-01 7.156e+04
3.115e-01 7.003e+04
3.081e-01 7.181e+04
3.028e-01 7.799e+04
3.126e-01 6.382e+04
3.073e-01 7.487e+04
3.122e-01 7.179e+04
3.163e-01 6.830e+04
3.084e-01 7.238e+04
3.049e-01 7.569e+04
3.102e-01 7.244e+04
3.083e-01 7.380e+04
3.053e-01 7.685e+04
3.062e-01 7.456e+04
3.087e-01 7.496e+04
3.028e-01 7.789e+04
3.020e-01 7.845e+04
3.061e-01 7.650e+04
3.069e-01 7.379e+04
3.018e-01 7.599e+04
3.016e-01 7.828e+04
3.074e-01 7.513e+04
3.067e-01 7.607e+04
3.038e-01 7.514e+04
3.030e-01 7.782e+04
3.065e-01 7.586e+04
3.064e-01 7.569e+04
3.036e-01 7.606e+04
3.079e-01 7.222e+04
3.066e-01 7.519e+04
3.056e-01 7.641e+04
3.060e-01 7.297e+04
3.120e-01 6.447e+04
3.035e-01 7.718e+04
3.019e-01 7.678e+04
3.038e-01 7.718e+04
3.059e-01 7.591e+04
3.061e-01 7.496e+04
3.037e-01 7.495e+04
3.084e-01 7.408e+04
3.056e-01 7.360e+04
3.009e-01 7.825e+04
3.067e-01 7.456e+04
3.058e-01 7.399e+04
3.072e-01 7.328e+04
3.057e-01 7.619e+04
3.021e-01 7.774e+04
3.052e-01 7.729e+04
3.056e-01 7.236e+04
3.061e-01 7.733e+04
3.081e-01 7.053e+04
3.085e-01 7.504e+04
3.051e-01 7.439e+04
3.059e-01 7.351e+04
3.059e-01 7.439e+04
3.066e-01 7.550e+04
3.025e-01 7.768e+04
3.057e-01 7.584e+04
3.043e-01 7.635e+04
3.102e-01 7.314e+04
3.090e-01 7.276e+04
3.019e-01 7.819e+04
3.047e-01 7.804e+04
3.028e-01 7.814e+04
3.043e-01 7.663e+04
3.117e-01 7.280e+04
3.121e-01 7.163e+04
3.098e-01 7.250e+04
3.077e-01 7.441e+04
3.079e-01 7.557e+04
3.068e-01 7.526e+04
3.027e-01 7.776e+04
3.031e-01 7.812e+04
3.057e-01 7.436e+04
3.188e-01 6.521e+04
3.045e-01 7.726e+04
3.030e-01 7.763e+04
3.160e-01 6.545e+04
3.095e-01 7.133e+04
3.032e-01 7.639e+04
3.129e-01 7.139e+04
3.081e-01 7.306e+04
3.064e-01 7.214e+04
3.058e-01 7.401e+04
3.035e-01 7.663e+04
3.021e-01 7.716e+04
3.058e-01 7.410e+04
3.019e-01 7.823e+04
3.106e-01 7.448e+04
3.038e-01 7.737e+04
3.057e-01 7.633e+04
3.042e-01 7.555e+04
3.048e-01 7.643e+04
3.055e-01 7.763e+04
3.030e-01 7.215e+04
3.181e-01 6.687e+04
3.214e-01 6.507e+04
3.170e-01 6.259e+04
3.033e-01 7.593e+04
3.058e-01 7.516e+04
3.041e-01 7.839e+04
3.084e-01 7.390e+04
3.082e-01 7.318e+04
3.173e-01 6.417e+04
3.168e-01 6.473e+04
3.119e-01 7.218e+04
3.079e-01 7.174e+04
3.099e-01 7.290e+04
3.104e-01 7.104e+04
3.168e-01 6.513e+04
3.092e-01 7.072e+04
3.079e-01 7.332e+04
3.061e-01 7.720e+04
3.064e-01 7.453e+04
3.198e-01 6.567e+04
3.033e-01 7.725e+04
3.028e-01 7.824e+04
3.067e-01 7.736e+04
3.037e-01 7.767e+04
3.045e-01 7.661e+04
3.087e-01 7.210e+04
3.018e-01 7.850e+04
3.030e-01 7.842e+04
3.157e-01 6.538e+04
3.045e-01 7.582e+04
3.048e-01 7.638e+04
3.096e-01 7.296e+04
3.053e-01 7.407e+04
3.017e-01 7.770e+04
3.046e-01 7.436e+04
3.170e-01 6.598e+04
3.056e-01 7.734e+04
3.092e-01 7.337e+04
3.079e-01 7.513e+04
3.117e-01 7.026e+04
3.053e-01 7.675e+04
3.079e-01 7.537e+04
3.068e-01 7.271e+04
3.080e-01 7.600e+04
3.098e-01 7.298e+04
3.129e-01 6.184e+04
3.100e-01 6.806e+04
3.045e-01 7.573e+04
3.061e-01 7.631e+04
3.172e-01 6.317e+04
3.041e-01 7.606e+04
3.053e-01 7.658e+04
3.086e-01 7.240e+04
3.063e-01 7.421e+04
3.072e-01 7.376e+04
3.104e-01 7.176e+04
3.059e-01 7.489e+04
3.050e-01 7.561e+04
3.033e-01 7.722e+04
3.099e-01 7.224e+04
3.068e-01 7.510e+04
3.112e-01 6.566e+04
3.068e-01 7.442e+04
3.051e-01 7.393e+04
3.154e-01 6.533e+04
3.045e-01 7.706e+04
3.056e-01 7.636e+04
3.058e-01 7.756e+04
3.058e-01 7.535e+04
3.046e-01 7.584e+04
3.068e-01 7.609e+04
3.174e-01 6.357e+04
3.047e-01 7.579e+04
3.048e-01 7.627e+04
3.029e-01 7.530e+04
3.019e-01 7.816e+04
3.190e-01 6.635e+04
3.060e-01 7.609e+04
3.051e-01 7.364e+04
3.105e-01 7.122e+04
3.034e-01 7.804e+04
3.053e-01 7.774e+04
3.065e-01 7.413e+04
3.023e-01 7.605e+04
3.106e-01 7.335e+04
3.026e-01 7.774e+04
3.116e-01 7.155e+04
3.092e-01 7.416e+04
3.064e-01 7.305e+04
3.054e-01 7.366e+04
3.106e-01 7.408e+04
3.049e-01 7.553e+04
3.038e-01 7.615e+04
3.089e-01 7.492e+04
3.040e-01 7.711e+04
3.081e-01 7.451e+04
3.024e-01 7.763e+04
3.186e-01 6.857e+04
3.038e-01 7.773e+04
3.104e-01 6.810e+04
3.047e-01 7.664e+04
3.055e-01 7.589e+04
3.057e-01 7.703e+04
3.021e-01 7.820e+04
3.088e-01 7.441e+04
3.075e-01 7.534e+04
3.112e-01 7.053e+04
3.058e-01 7.496e+04
3.068e-01 7.597e+04
3.029e-01 7.719e+04
3.110e-01 7.245e+04
3.173e-01 6.510e+04
3.044e-01 7.620e+04
3.063e-01 7.674e+04
3.108e-01 6.763e+04
3.100e-01 6.410e+04
3.061e-01 7.323e+04
3.076e-01 7.303e+04
3.084e-01 7.530e+04
3.088e-01 7.415e+04
3.105e-01 7.243e+04
3.118e-01 6.638e+04
3.021e-01 7.840e+04
3.236e-01 6.364e+04
3.044e-01 7.491e+04
3.150e-01 6.784e+04
3.146e-01 6.573e+04
3.092e-01 7.171e+04
3.056e-01 7.642e+04
3.107e-01 7.147e+04
3.016e-01 7.860e+04
3.233e-01 6.117e+04
3.055e-01 7.627e+04
3.095e-01 7.264e+04
3.081e-01 7.557e+04
3.036e-01 7.465e+04
3.167e-01 7.069e+04
3.093e-01 7.153e+04
3.060e-01 7.506e+04
3.048e-01 7.774e+04
3.086e-01 7.505e+04
3.108e-01 7.174e+04
3.053e-01 7.763e+04
3.020e-01 7.914e+04
3.061e-01 7.635e+04
3.166e-01 6.640e+04
3.130e-01 6.852e+04
3.040e-01 7.777e+04
3.100e-01 7.118e+04
3.102e-01 7.101e+04
3.036e-01 7.630e+04
3.051e-01 7.415e+04
3.038e-01 7.529e+04
3.056e-01 7.429e+04
3.211e-01 6.357e+04
3.073e-01 7.522e+04
3.039e-01 7.452e+04
3.080e-01 7.375e+04
3.102e-01 7.130e+04
3.169e-01 6.656e+04
3.047e-01 7.826e+04
3.092e-01 7.202e+04
3.076e-01 7.489e+04
3.070e-01 7.591e+04
3.136e-01 6.765e+04
3.075e-01 7.415e+04
3.051e-01 7.599e+04
3.102e-01 7.080e+04
3.065e-01 7.252e+04
3.060e-01 7.466e+04
3.031e-01 7.581e+04
3.070e-01 7.528e+04
3.067e-01 7.695e+04
3.014e-01 7.829e+04
3.036e-01 7.781e+04
3.064e-01 7.318e+04
3.067e-01 7.621e+04
3.054e-01 7.522e+04
3.085e-01 7.113e+04
3.130e-01 6.738e+04
3.074e-01 7.505e+04
3.054e-01 7.585e+04
3.070e-01 7.139e+04
3.069e-01 7.518e+04
3.216e-01 6.354e+04
3.056e-01 7.238e+04
3.064e-01 7.554e+04
3.135e-01 7.003e+04
3.047e-01 7.815e+04
3.118e-01 7.020e+04
3.093e-01 7.342e+04
3.030e-01 7.769e+04
3.066e-01 7.298e+04
3.030e-01 7.351e+04
3.120e-01 7.073e+04
3.087e-01 7.523e+04
3.071e-01 7.584e+04
3.060e-01 7.506e+04
3.066e-01 7.700e+04
3.079e-01 7.438e+04
3.045e-01 7.646e+04
3.173e-01 6.630e+04
3.088e-01 6.678e+04
3.124e-01 7.221e+04
3.046e-01 7.647e+04
3.023e-01 7.855e+04
3.134e-01 6.597e+04
3.059e-01 7.545e+04
3.027e-01 7.761e+04
3.083e-01 7.427e+04
3.105e-01 7.299e+04
3.056e-01 7.545e+04
3.079e-01 7.524e+04
3.051e-01 7.801e+04
3.043e-01 7.672e+04
3.069e-01 7.245e+04
3.075e-01 7.551e+04
3.033e-01 7.689e+04
3.040e-01 7.758e+04
3.070e-01 7.535e+04
3.095e-01 7.429e+04
3.038e-01 7.597e+04
3.051e-01 7.471e+04
3.028e-01 7.737e+04
3.067e-01 7.541e+04
3.030e-01 7.855e+04
3.106e-01 7.234e+04
3.032e-01 7.787e+04
3.047e-01 7.532e+04
3.060e-01 7.663e+04
3.051e-01 7.416e+04
3.074e-01 7.464e+04
3.048e-01 7.578e+04
3.071e-01 7.457e+04
3.057e-01 7.510e+04
3.106e-01 7.243e+04
3.092e-01 7.309e+04
3.069e-01 7.481e+04
3.142e-01 6.744e+04
3.091e-01 7.294e+04
3.040e-01 7.720e+04
3.047e-01 7.450e+04
3.050e-01 7.599e+04
3.249e-01 6.115e+04
3.078e-01 7.182e+04
3.214e-01 6.379e+04
3.117e-01 7.337e+04
3.071e-01 6.828e+04
3.064e-01 7.396e+04
3.083e-01 7.407e+04
3.083e-01 7.431e+04
3.025e-01 7.843e+04
3.079e-01 7.342e+04
3.064e-01 7.429e+04
3.118e-01 6.439e+04
3.115e-01 7.441e+04
3.051e-01 7.801e+04
3.077e-01 7.612e+04
3.031e-01 7.831e+04
3.032e-01 7.494e+04
3.049e-01 7.619e+04
3.154e-01 6.412e+04
3.070e-01 7.630e+04
3.068e-01 7.419e+04
3.075e-01 7.414e+04
3.079e-01 7.600e+04
3.076e-01 7.301e+04
3.057e-01 7.535e+04
3.106e-01 7.118e+04
3.089e-01 7.247e+04
3.041e-01 7.436e+04
3.061e-01 7.621e+04
3.190e-01 6.390e+04
3.083e-01 7.363e+04
3.033e-01 7.632e+04
3.056e-01 7.668e+04
3.037e-01 7.378e+04
3.160e-01 6.349e+04
3.086e-01 7.420e+04
3.061e-01 7.568e+04
3.065e-01 7.426e+04
3.097e-01 6.935e+04
3.080e-01 7.235e+04
3.042e-01 7.735e+04
3.025e-01 7.885e+04
3.047e-01 7.687e+04
3.112e-01 6.971e+04
3.149e-01 6.433e+04
3.025e-01 7.640e+04
3.056e-01 7.678e+04
3.082e-01 7.276e+04
3.094e-01 7.407e+04
3.057e-01 7.502e+04
3.131e-01 7.092e+04
3.107e-01 7.087e+04
3.081e-01 7.449e+04
3.154e-01 6.969e+04
3.063e-01 7.506e+04
3.035e-01 7.674e+04
3.064e-01 7.640e+04
3.034e-01 7.758e+04
3.064e-01 7.598e+04
3.058e-01 7.750e+04
3.032e-01 7.727e+04
3.031e-01 7.709e+04
3.066e-01 7.451e+04
3.112e-01 7.113e+04
3.184e-01 6.278e+04
3.114e-01 7.206e+04
3.060e-01 7.364e+04
3.050e-01 7.708e+04
3.034e-01 7.762e+04
3.155e-01 6.356e+04
3.116e-01 6.559e+04
3.068e-01 7.274e+04
3.071e-01 7.571e+04
3.081e-01 7.327e+04
3.098e-01 7.041e+04
3.241e-01 6.177e+04
