1.782e-01 9.556e+04
2.303e-01 7.678e+04
1.769e-01 9.679e+04
1.790e-01 9.673e+04
1.888e-01 9.205e+04
1.787e-01 9.551e+04
1.869e-01 9.202e+04
1.824e-01 9.302e+04
1.871e-01 9.289e+04
1.947e-01 8.748e+04
1.794e-01 9.581e+04
2.342e-01 7.055e+04
1.750e-01 9.696e+04
1.806e-01 9.407e+04
1.869e-01 9.135e+04
1.751e-01 9.706e+04
1.876e-01 9.015e+04
1.858e-01 9.452e+04
1.865e-01 9.136e+04
1.872e-01 8.977e+04
1.840e-01 9.357e+04
2.202e-01 7.691e+04
1.763e-01 9.692e+04
1.815e-01 9.469e+04
2.263e-01 7.236e+04
2.012e-01 8.665e+04
1.891e-01 9.154e+04
1.754e-01 9.819e+04
2.114e-01 8.056e+04
1.797e-01 9.616e+04
1.920e-01 9.132e+04
1.803e-01 9.485e+04
1.736e-01 9.881e+04
1.788e-01 9.503e+04
1.808e-01 9.505e+04
1.831e-01 9.424e+04
1.788e-01 9.556e+04
1.788e-01 9.746e+04
1.810e-01 9.292e+04
1.958e-01 8.965e+04
1.848e-01 9.309e+04
1.835e-01 9.417e+04
9.483e-06 5.329e+03
1.815e-01 9.425e+04
1.807e-01 9.454e+04
1.954e-01 8.878e+04
1.781e-01 9.669e+04
1.802e-01 9.453e+04
1.902e-01 9.172e+04
1.754e-01 9.619e+04
1.886e-01 9.051e+04
1.826e-01 9.498e+04
1.776e-01 9.648e+04
1.793e-01 9.729e+04
1.827e-01 9.390e+04
2.363e-01 7.061e+04
1.831e-01 9.477e+04
1.822e-01 9.402e+04
2.167e-01 7.828e+04
1.853e-01 9.339e+04
1.790e-01 9.722e+04
1.791e-01 9.296e+04
2.271e-01 7.108e+04
1.769e-01 9.427e+04
1.770e-01 9.573e+04
1.751e-01 9.745e+04
1.801e-01 9.585e+04
1.761e-01 9.586e+04
1.833e-01 9.361e+04
1.786e-01 9.631e+04
1.830e-01 9.478e+04
1.778e-01 9.374e+04
1.773e-01 9.715e+04
1.905e-01 9.185e+04
2.347e-01 7.160e+04
1.734e-01 9.713e+04
1.842e-01 9.366e+04
1.786e-01 9.444e+04
1.787e-01 9.322e+04
1.854e-01 9.419e+04
1.773e-01 9.736e+04
1.779e-01 9.577e+04
1.958e-01 8.810e+04
1.747e-01 9.559e+04
2.001e-01 8.632e+04
1.759e-01 9.702e+04
1.744e-01 9.803e+04
1.995e-01 8.559e+04
1.870e-01 9.369e+04
1.858e-01 9.252e+04
1.777e-01 9.627e+04
1.796e-01 9.461e+04
1.933e-01 9.101e+04
1.802e-01 9.496e+04
1.763e-01 9.823e+04
1.839e-01 9.464e+04
1.812e-01 9.398e+04
1.890e-01 9.084e+04
1.955e-01 8.880e+04
1.759e-01 9.816e+04
1.801e-01 9.380e+04
2.271e-01 7.242e+04
1.848e-01 9.136e+04
1.791e-01 9.696e+04
1.745e-01 9.766e+04
1.793e-01 9.406e+04
1.858e-01 9.207e+04
1.920e-01 8.885e+04
1.776e-01 9.558e+04
1.794e-01 9.685e+04
1.859e-01 9.114e+04
1.768e-01 9.645e+04
2.130e-01 8.178e+04
1.827e-01 9.600e+04
1.775e-01 9.691e+04
2.337e-01 7.128e+04
1.855e-01 9.249e+04
1.750e-01 9.759e+04
1.797e-01 9.414e+04
1.822e-01 9.420e+04
1.888e-01 9.268e+04
1.831e-01 9.386e+04
1.944e-01 9.054e+04
1.827e-01 9.579e+04
2.427e-01 7.101e+04
1.767e-01 9.770e+04
1.780e-01 9.591e+04
2.254e-01 7.577e+04
1.795e-01 9.415e+04
2.389e-01 7.067e+04
2.115e-01 7.779e+04
1.807e-01 9.331e+04
2.192e-01 7.510e+04
2.230e-01 7.542e+04
1.778e-01 9.537e+04
1.770e-01 9.742e+04
1.834e-01 9.349e+04
1.767e-01 9.549e+04
1.842e-01 9.471e+04
1.805e-01 9.497e+04
1.829e-01 9.201e+04
1.780e-01 9.544e+04
1.834e-01 9.373e+04
1.866e-01 9.042e+04
1.823e-01 9.368e+04
1.827e-01 9.409e+04
1.825e-01 9.442e+04
1.802e-01 9.467e+04
2.116e-01 8.347e+04
1.825e-01 9.156e+04
1.761e-01 9.827e+04
1.790e-01 9.665e+04
1.789e-01 9.591e+04
1.775e-01 9.578e+04
2.288e-01 7.214e+04
1.822e-01 9.655e+04
2.347e-01 7.279e+04
1.840e-01 9.300e+04
1.856e-01 9.387e+04
1.792e-01 9.442e+04
1.805e-01 9.528e+04
1.736e-01 9.869e+04
1.828e-01 9.242e+04
1.912e-01 8.944e+04
1.864e-01 9.063e+04
1.864e-01 9.361e+04
1.873e-01 9.322e+04
2.365e-01 7.194e+04
1.816e-01 9.443e+04
1.797e-01 9.548e+04
2.334e-01 7.260e+04
1.908e-01 9.099e+04
1.802e-01 9.498e+04
1.812e-01 9.407e+04
1.777e-01 9.686e+04
1.837e-01 9.097e+04
1.775e-01 9.659e+04
1.785e-01 9.532e+04
1.809e-01 9.437e+04
1.944e-01 9.027e+04
1.797e-01 9.486e+04
1.869e-01 9.365e+04
2.147e-01 7.450e+04
1.794e-01 9.755e+04
1.727e-01 9.832e+04
1.920e-01 8.925e+04
1.916e-01 9.037e+04
2.377e-01 7.398e+04
1.750e-01 9.852e+04
1.841e-01 9.150e+04
1.828e-01 9.399e+04
1.775e-01 9.659e+04
1.828e-01 9.526e+04
2.308e-01 7.330e+04
1.822e-01 9.228e+04
1.811e-01 9.629e+04
1.765e-01 9.532e+04
2.236e-01 7.697e+04
1.736e-01 9.916e+04
1.793e-01 9.225e+04
1.834e-01 9.257e+04
2.299e-01 7.125e+04
1.848e-01 9.478e+04
1.800e-01 9.603e+04
1.806e-01 9.458e+04
2.385e-01 6.913e+04
1.856e-01 9.130e+04
1.800e-01 9.435e+04
1.803e-01 9.487e+04
2.306e-01 7.422e+04
1.801e-01 9.601e+04
1.856e-01 9.219e+04
2.404e-01 6.968e+04
1.908e-01 9.133e+04
1.818e-01 9.415e+04
1.822e-01 9.368e+04
1.759e-01 9.767e+04
1.841e-01 9.448e+04
1.788e-01 9.638e+04
2.466e-01 7.222e+04
1.866e-01 9.204e+04
1.850e-01 9.177e+04
1.832e-01 9.174e+04
1.808e-01 9.481e+04
2.110e-01 7.913e+04
1.728e-01 9.839e+04
1.802e-01 9.205e+04
1.868e-01 9.242e+04
1.812e-01 9.582e+04
1.849e-01 9.348e+04
1.800e-01 9.525e+04
2.415e-01 7.218e+04
1.821e-01 9.492e+04
1.764e-01 9.785e+04
2.393e-01 7.224e+04
2.201e-01 7.399e+04
1.809e-01 9.520e+04
1.796e-01 9.401e+04
1.757e-01 9.629e+04
1.795e-01 9.645e+04
1.859e-01 9.221e+04
1.793e-01 9.522e+04
1.863e-01 9.119e+04
1.937e-01 8.897e+04
1.821e-01 9.409e+04
1.828e-01 9.476e+04
1.808e-01 9.452e+04
1.828e-01 9.483e+04
1.755e-01 9.728e+04
2.256e-01 7.750e+04
1.800e-01 9.332e+04
1.854e-01 9.366e+04
1.823e-01 9.284e+04
1.915e-01 9.031e+04
2.097e-01 7.953e+04
1.770e-01 9.694e+04
2.268e-01 7.491e+04
1.798e-01 9.667e+04
1.862e-01 9.350e+04
1.784e-01 9.457e+04
2.206e-01 7.587e+04
1.947e-01 8.921e+04
1.812e-01 9.582e+04
1.767e-01 9.731e+04
2.154e-01 7.357e+04
1.841e-01 9.230e+04
1.748e-01 9.610e+04
1.756e-01 9.707e+04
1.998e-01 8.656e+04
2.375e-01 7.425e+04
1.829e-01 9.283e+04
1.989e-01 8.237e+04
2.315e-01 7.316e+04
1.810e-01 9.469e+04
2.440e-01 7.371e+04
2.313e-01 7.422e+04
2.511e-01 7.032e+04
2.266e-01 7.397e+04
1.746e-01 9.836e+04
1.762e-01 9.668e+04
1.846e-01 9.408e+04
2.162e-01 7.642e+04
1.800e-01 9.521e+04
1.851e-01 9.487e+04
1.879e-01 9.208e+04
1.780e-01 9.702e+04
1.917e-01 9.193e+04
1.860e-01 9.267e+04
2.119e-01 7.374e+04
1.863e-01 9.137e+04
1.811e-01 9.482e+04
1.831e-01 9.402e+04
1.855e-01 9.083e+04
1.823e-01 9.531e+04
1.786e-01 9.640e+04
1.849e-01 9.368e+04
1.763e-01 9.720e+04
1.844e-01 9.311e+04
2.316e-01 7.407e+04
1.874e-01 9.316e+04
1.796e-01 9.198e+04
1.862e-01 9.212e+04
1.778e-01 9.487e+04
2.409e-01 7.080e+04
1.770e-01 9.500e+04
1.821e-01 9.313e+04
2.000e-01 8.312e+04
2.355e-01 7.365e+04
1.841e-01 9.280e+04
1.879e-01 9.247e+04
1.826e-01 9.328e+04
1.855e-01 9.353e+04
1.802e-01 9.419e+04
1.846e-01 9.266e+04
2.181e-01 7.958e+04
1.910e-01 9.021e+04
2.496e-01 7.123e+04
1.752e-01 9.661e+04
1.814e-01 9.436e+04
1.740e-01 9.847e+04
2.323e-01 7.284e+04
1.778e-01 9.560e+04
1.827e-01 9.396e+04
1.813e-01 9.384e+04
1.838e-01 9.263e+04
2.533e-01 6.878e+04
1.914e-01 9.087e+04
2.391e-01 7.066e+04
1.903e-01 9.148e+04
1.815e-01 9.602e+04
1.808e-01 9.401e+04
1.780e-01 9.564e+04
1.819e-01 9.495e+04
2.064e-01 8.120e+04
1.920e-01 8.930e+04
2.088e-01 7.413e+04
1.811e-01 9.324e+04
1.760e-01 9.743e+04
1.953e-01 8.714e+04
1.802e-01 9.192e+04
1.816e-01 9.395e+04
2.410e-01 7.010e+04
1.890e-01 9.000e+04
2.162e-01 7.419e+04
1.791e-01 9.559e+04
1.838e-01 9.236e+04
1.771e-01 9.726e+04
1.795e-01 9.715e+04
1.811e-01 9.225e+04
1.882e-01 9.357e+04
1.776e-01 9.543e+04
1.814e-01 9.420e+04
1.804e-01 9.490e+04
1.936e-01 9.035e+04
1.728e-01 9.854e+04
1.867e-01 9.311e+04
1.800e-01 9.602e+04
1.805e-01 9.291e+04
1.770e-01 9.672e+04
1.796e-01 9.528e+04
1.785e-01 9.539e+04
2.431e-01 7.096e+04
1.822e-01 9.395e+04
1.901e-01 8.974e+04
1.766e-01 9.595e+04
1.789e-01 9.543e+04
2.173e-01 7.464e+04
1.854e-01 9.289e+04
2.332e-01 6.985e+04
1.797e-01 9.574e+04
1.784e-01 9.698e+04
1.941e-01 8.868e+04
1.751e-01 9.638e+04
1.866e-01 9.117e+04
1.790e-01 9.716e+04
1.854e-01 9.179e+04
1.833e-01 9.387e+04
1.852e-01 9.336e+04
1.844e-01 9.396e+04
1.846e-01 9.275e+04
2.280e-01 7.382e+04
1.745e-01 9.757e+04
1.780e-01 9.697e+04
2.253e-01 7.271e+04
2.277e-01 7.850e+04
1.787e-01 9.384e+04
1.870e-01 9.152e+04
2.035e-01 8.432e+04
1.732e-01 9.807e+04
1.963e-01 8.776e+04
1.771e-01 9.550e+04
1.820e-01 9.606e+04
2.389e-01 7.274e+04
1.865e-01 9.172e+04
1.968e-01 8.934e+04
1.878e-01 9.370e+04
1.740e-01 9.913e+04
1.762e-01 9.720e+04
2.382e-01 7.435e+04
2.334e-01 7.453e+04
2.368e-01 7.074e+04
2.063e-01 8.531e+04
2.329e-01 7.011e+04
1.817e-01 9.464e+04
1.835e-01 9.328e+04
2.107e-01 7.676e+04
1.797e-01 9.525e+04
1.972e-01 8.595e+04
1.733e-01 9.971e+04
1.926e-01 9.101e+04
1.837e-01 9.325e+04
1.849e-01 9.391e+04
1.755e-01 9.789e+04
1.849e-01 9.283e+04
1.846e-01 9.307e+04
1.872e-01 9.375e+04
1.909e-01 9.092e+04
2.378e-01 6.990e+04
1.811e-01 9.432e+04
1.841e-01 9.393e+04
1.796e-01 9.378e+04
1.834e-01 9.444e+04
2.383e-01 7.330e+04
2.232e-01 7.143e+04
1.810e-01 9.425e+04
1.777e-01 9.391e+04
1.918e-01 9.051e+04
1.760e-01 9.759e+04
1.848e-01 9.486e+04
1.844e-01 9.457e+04
1.900e-01 9.010e+04
1.871e-01 9.109e+04
1.869e-01 9.233e+04
1.863e-01 9.160e+04
1.787e-01 9.528e+04
1.788e-01 9.740e+04
1.746e-01 9.802e+04
1.916e-01 8.926e+04
1.911e-01 9.064e+04
1.798e-01 9.665e+04
1.781e-01 9.445e+04
2.330e-01 7.463e+04
2.384e-01 7.183e+04
1.840e-01 9.428e+04
1.803e-01 9.308e+04
2.353e-01 7.373e+04
2.307e-01 7.231e+04
1.819e-01 9.374e+04
1.816e-01 9.333e+04
1.812e-01 9.457e+04
2.453e-01 7.238e+04
1.917e-01 8.735e+04
1.890e-01 9.140e+04
1.768e-01 9.645e+04
1.843e-01 9.148e+04
1.805e-01 9.657e+04
1.800e-01 9.517e+04
1.891e-01 9.158e+04
1.744e-01 9.772e+04
1.956e-01 8.548e+04
1.789e-01 9.382e+04
1.925e-01 9.048e+04
1.824e-01 9.411e+04
2.175e-01 7.397e+04
2.169e-01 7.988e+04
2.400e-01 7.145e+04
1.810e-01 9.246e+04
2.148e-01 7.421e+04
1.842e-01 9.252e+04
1.803e-01 9.481e+04
1.794e-01 9.332e+04
1.834e-01 9.514e+04
2.410e-01 7.193e+04
1.806e-01 9.539e+04
1.778e-01 9.529e+04
1.791e-01 9.693e+04
1.769e-01 9.777e+04
2.164e-01 7.668e+04
1.853e-01 9.363e+04
1.800e-01 9.246e+04
1.834e-01 9.430e+04
1.843e-01 9.279e+04
1.871e-01 9.206e+04
2.126e-01 7.884e+04
1.970e-01 8.728e+04
2.221e-01 7.224e+04
1.780e-01 9.423e+04
1.779e-01 9.616e+04
1.830e-01 9.424e+04
1.807e-01 9.517e+04
1.853e-01 9.284e+04
2.496e-01 7.313e+04
1.798e-01 9.647e+04
1.859e-01 9.053e+04
1.727e-01 9.884e+04
1.856e-01 9.022e+04
2.575e-01 6.931e+04
1.841e-01 9.346e+04
2.326e-01 7.275e+04
1.786e-01 9.600e+04
1.882e-01 9.150e+04
1.983e-01 8.392e+04
1.806e-01 9.454e+04
1.803e-01 9.583e+04
2.082e-01 7.382e+04
1.752e-01 9.662e+04
1.829e-01 9.407e+04
1.830e-01 9.442e+04
2.283e-01 7.287e+04
1.890e-01 9.204e+04
1.817e-01 9.520e+04
2.197e-01 8.138e+04
1.790e-01 9.627e+04
1.769e-01 9.635e+04
1.832e-01 9.175e+04
1.941e-01 8.775e+04
1.793e-01 9.470e+04
1.775e-01 9.536e+04
2.054e-01 8.085e+04
2.234e-01 7.466e+04
1.734e-01 9.867e+04
2.196e-01 7.498e+04
1.780e-01 9.583e+04
2.046e-01 8.342e+04
1.730e-01 9.773e+04
1.937e-01 8.944e+04
2.132e-01 7.692e+04
1.809e-01 9.409e+04
1.840e-01 9.349e+04
2.200e-01 7.675e+04
1.867e-01 9.062e+04
1.860e-01 9.333e+04
1.827e-01 9.396e+04
1.846e-01 9.431e+04
1.795e-01 9.507e+04
1.798e-01 9.410e+04
1.819e-01 9.368e+04
2.330e-01 7.176e+04
1.753e-01 9.729e+04
1.810e-01 9.403e+04
1.953e-01 8.749e+04
1.849e-01 9.538e+04
1.816e-01 9.552e+04
1.844e-01 9.471e+04
1.920e-01 8.946e+04
1.817e-01 9.509e+04
1.917e-01 9.202e+04
2.376e-01 7.058e+04
1.854e-01 9.202e+04
1.859e-01 9.229e+04
1.766e-01 9.593e+04
1.743e-01 9.648e+04
1.920e-01 9.012e+04
1.804e-01 9.636e+04
1.898e-01 9.102e+04
1.861e-01 9.209e+04
2.320e-01 7.312e+04
2.013e-01 8.558e+04
1.806e-01 9.398e+04
1.884e-01 9.289e+04
1.762e-01 9.639e+04
2.370e-01 7.189e+04
1.885e-01 8.879e+04
1.751e-01 9.760e+04
1.859e-01 9.110e+04
1.794e-01 9.542e+04
1.780e-01 9.484e+04
1.817e-01 9.447e+04
1.850e-01 9.411e+04
1.795e-01 9.550e+04
1.849e-01 9.232e+04
1.800e-01 9.489e+04
1.988e-01 8.305e+04
1.873e-01 9.147e+04
1.918e-01 8.763e+04
1.750e-01 9.785e+04
1.868e-01 9.207e+04
1.770e-01 9.677e+04
2.297e-01 7.525e+04
1.788e-01 9.581e+04
1.848e-01 9.494e+04
1.812e-01 9.392e+04
1.862e-01 9.175e+04
1.855e-01 9.197e+04
1.765e-01 9.749e+04
1.819e-01 9.469e+04
1.939e-01 8.695e+04
1.832e-01 9.293e+04
1.871e-01 9.245e+04
1.964e-01 8.882e+04
1.795e-01 9.299e+04
1.792e-01 9.649e+04
1.783e-01 9.676e+04
1.883e-01 9.051e+04
2.357e-01 7.129e+04
1.763e-01 9.853e+04
1.857e-01 9.270e+04
1.756e-01 9.536e+04
1.758e-01 9.832e+04
1.785e-01 9.481e+04
1.906e-01 9.057e+04
1.795e-01 9.548e+04
1.792e-01 9.534e+04
1.799e-01 9.341e+04
2.163e-01 7.423e+04
1.837e-01 9.237e+04
1.774e-01 9.680e+04
1.827e-01 9.320e+04
1.843e-01 9.378e+04
1.779e-01 9.558e+04
1.764e-01 9.563e+04
1.791e-01 9.720e+04
1.938e-01 8.867e+04
2.453e-01 6.927e+04
1.820e-01 9.585e+04
2.391e-01 7.235e+04
2.287e-01 7.357e+04
1.873e-01 8.767e+04
2.249e-01 7.838e+04
1.851e-01 9.168e+04
1.791e-01 9.417e+04
1.806e-01 9.609e+04
2.096e-01 7.781e+04
1.791e-01 9.342e+04
1.967e-01 8.860e+04
1.824e-01 9.370e+04
2.208e-01 7.508e+04
1.794e-01 9.427e+04
1.752e-01 9.698e+04
1.811e-01 9.434e+04
2.144e-01 7.736e+04
1.874e-01 9.193e+04
2.232e-01 7.555e+04
1.868e-01 9.298e+04
1.779e-01 9.785e+04
1.768e-01 9.496e+04
1.733e-01 9.907e+04
1.872e-01 9.176e+04
1.849e-01 9.316e+04
1.797e-01 9.566e+04
1.855e-01 8.984e+04
1.855e-01 9.275e+04
1.862e-01 9.219e+04
2.033e-01 8.576e+04
1.754e-01 9.597e+04
2.311e-01 6.874e+04
1.803e-01 9.626e+04
1.804e-01 9.506e+04
2.283e-01 7.027e+04
1.732e-01 9.874e+04
1.786e-01 9.764e+04
1.820e-01 9.317e+04
2.323e-01 7.273e+04
1.740e-01 9.846e+04
2.350e-01 7.133e+04
1.796e-01 9.602e+04
2.224e-01 7.471e+04
1.847e-01 9.286e+04
1.825e-01 9.331e+04
1.795e-01 9.528e+04
1.888e-01 9.107e+04
1.724e-01 9.870e+04
1.854e-01 9.129e+04
1.810e-01 9.209e+04
1.813e-01 9.446e+04
1.873e-01 9.091e+04
2.312e-01 7.369e+04
1.785e-01 9.674e+04
1.840e-01 9.208e+04
1.777e-01 9.486e+04
1.905e-01 9.062e+04
1.813e-01 9.355e+04
2.103e-01 8.308e+04
2.231e-01 7.251e+04
1.766e-01 9.693e+04
2.259e-01 7.374e+04
1.742e-01 9.844e+04
1.795e-01 9.431e+04
2.149e-01 7.718e+04
1.804e-01 9.575e+04
1.783e-01 9.690e+04
1.799e-01 9.302e+04
1.805e-01 9.414e+04
1.850e-01 9.185e+04
2.455e-01 6.932e+04
1.929e-01 8.977e+04
2.035e-01 8.420e+04
1.866e-01 9.175e+04
1.793e-01 9.458e+04
1.827e-01 9.298e+04
1.890e-01 9.201e+04
1.839e-01 9.525e+04
2.382e-01 7.088e+04
1.750e-01 9.629e+04
1.894e-01 9.225e+04
1.780e-01 9.434e+04
2.507e-01 7.121e+04
1.822e-01 9.432e+04
1.795e-01 9.588e+04
1.758e-01 9.519e+04
1.794e-01 9.525e+04
2.275e-01 7.424e+04
1.789e-01 9.365e+04
1.810e-01 9.434e+04
1.845e-01 9.259e+04
1.747e-01 9.764e+04
1.920e-01 8.705e+04
1.864e-01 9.136e+04
1.804e-01 9.627e+04
1.836e-01 9.464e+04
1.799e-01 9.521e+04
1.753e-01 9.892e+04
1.805e-01 9.588e+04
1.907e-01 8.903e+04
1.840e-01 9.441e+04
2.393e-01 6.887e+04
1.822e-01 9.544e+04
1.854e-01 9.331e+04
1.803e-01 9.415e+04
1.924e-01 9.067e+04
1.791e-01 9.519e+04
1.881e-01 9.074e+04
1.764e-01 9.666e+04
1.818e-01 9.518e+04
1.804e-01 9.521e+04
1.904e-01 9.117e+04
1.811e-01 9.530e+04
1.919e-01 9.140e+04
2.017e-01 8.412e+04
1.880e-01 9.075e+04
1.841e-01 9.201e+04
1.786e-01 9.615e+04
1.804e-01 9.476e+04
1.852e-01 9.282e+04
1.818e-01 9.322e+04
1.776e-01 9.657e+04
1.757e-01 9.727e+04
1.821e-01 9.516e+04
2.184e-01 7.692e+04
1.808e-01 9.527e+04
2.230e-01 7.603e+04
1.802e-01 9.605e+04
2.074e-01 8.143e+04
2.186e-01 7.931e+04
2.066e-01 7.632e+04
1.804e-01 9.336e+04
1.854e-01 9.137e+04
1.751e-01 9.764e+04
1.816e-01 9.453e+04
2.388e-01 6.940e+04
1.835e-01 9.357e+04
1.788e-01 9.545e+04
1.759e-01 9.828e+04
1.856e-01 9.086e+04
1.774e-01 9.619e+04
1.828e-01 9.321e+04
1.747e-01 9.713e+04
1.867e-01 9.202e+04
1.892e-01 9.277e+04
1.823e-01 9.344e+04
1.848e-01 9.290e+04
2.117e-01 8.363e+04
1.819e-01 9.279e+04
1.794e-01 9.325e+04
2.074e-01 8.369e+04
1.808e-01 9.539e+04
2.190e-01 7.470e+04
1.772e-01 9.656e+04
1.825e-01 9.509e+04
1.837e-01 9.463e+04
1.873e-01 9.102e+04
1.893e-01 9.195e+04
2.024e-01 8.137e+04
1.861e-01 9.392e+04
1.862e-01 9.272e+04
1.834e-01 9.172e+04
1.784e-01 9.332e+04
2.253e-01 7.572e+04
1.795e-01 9.674e+04
1.822e-01 9.277e+04
1.808e-01 9.448e+04
1.809e-01 9.526e+04
1.778e-01 9.472e+04
2.300e-01 7.122e+04
1.906e-01 9.045e+04
2.100e-01 8.038e+04
1.772e-01 9.570e+04
1.792e-01 9.443e+04
2.006e-01 8.075e+04
1.851e-01 9.232e+04
2.109e-01 7.416e+04
1.725e-01 9.939e+04
1.855e-01 9.233e+04
2.302e-01 7.383e+04
1.854e-01 9.428e+04
1.903e-01 9.157e+04
1.797e-01 9.490e+04
2.260e-01 7.587e+04
1.863e-01 9.029e+04
1.781e-01 9.445e+04
1.837e-01 9.301e+04
1.774e-01 9.600e+04
1.827e-01 9.401e+04
1.829e-01 9.163e+04
1.841e-01 9.259e+04
1.784e-01 9.532e+04
1.749e-01 9.697e+04
1.918e-01 8.943e+04
1.876e-01 9.182e+04
1.740e-01 9.731e+04
1.761e-01 9.567e+04
1.842e-01 9.396e+04
2.356e-01 7.179e+04
2.401e-01 7.486e+04
1.822e-01 9.578e+04
1.861e-01 9.338e+04
1.773e-01 9.564e+04
1.819e-01 9.484e+04
1.983e-01 8.727e+04
1.794e-01 9.675e+04
1.795e-01 9.428e+04
1.963e-01 8.779e+04
2.072e-01 8.003e+04
1.837e-01 9.316e+04
1.782e-01 9.595e+04
1.761e-01 9.739e+04
1.780e-01 9.420e+04
1.785e-01 9.465e+04
2.318e-01 7.461e+04
2.440e-01 7.166e+04
2.294e-01 6.970e+04
1.846e-01 9.401e+04
1.797e-01 9.622e+04
1.809e-01 9.285e+04
2.245e-01 7.606e+04
1.770e-01 9.806e+04
1.770e-01 9.572e+04
1.773e-01 9.771e+04
1.827e-01 9.493e+04
1.863e-01 9.212e+04
2.302e-01 7.184e+04
1.851e-01 9.325e+04
1.852e-01 9.369e+04
2.076e-01 7.939e+04
1.797e-01 9.700e+04
1.920e-01 9.080e+04
2.039e-01 8.151e+04
1.777e-01 9.701e+04
1.789e-01 9.342e+04
1.861e-01 9.246e+04
1.810e-01 9.526e+04
2.147e-01 8.102e+04
1.792e-01 9.424e+04
2.324e-01 7.150e+04
1.767e-01 9.701e+04
2.451e-01 7.122e+04
1.776e-01 9.643e+04
1.777e-01 9.436e+04
1.818e-01 9.345e+04
1.837e-01 9.300e+04
1.927e-01 8.733e+04
1.757e-01 9.733e+04
1.864e-01 9.221e+04
1.853e-01 9.112e+04
1.805e-01 9.436e+04
2.004e-01 8.464e+04
1.814e-01 9.304e+04
1.842e-01 9.424e+04
1.777e-01 9.724e+04
1.856e-01 9.157e+04
2.251e-01 7.447e+04
1.813e-01 9.479e+04
1.910e-01 8.915e+04
2.420e-01 7.447e+04
1.873e-01 9.051e+04
2.293e-01 7.621e+04
1.882e-01 9.271e+04
2.396e-01 7.252e+04
1.775e-01 9.464e+04
1.805e-01 9.235e+04
2.067e-01 8.353e+04
1.784e-01 9.645e+04
2.272e-01 7.780e+04
2.107e-01 7.921e+04
2.304e-01 7.376e+04
1.826e-01 9.499e+04
1.917e-01 9.107e+04
2.310e-01 7.773e+04
1.833e-01 9.422e+04
1.785e-01 9.628e+04
2.319e-01 7.026e+04
1.902e-01 8.785e+04
1.808e-01 9.359e+04
1.822e-01 9.480e+04
2.470e-01 7.123e+04
1.766e-01 9.467e+04
2.228e-01 7.129e+04
1.952e-01 8.861e+04
1.776e-01 9.561e+04
1.836e-01 9.393e+04
1.836e-01 9.395e+04
1.844e-01 9.243e+04
1.843e-01 9.198e+04
1.823e-01 9.380e+04
1.782e-01 9.488e+04
2.403e-01 7.149e+04
1.850e-01 9.242e+04
1.834e-01 9.319e+04
1.801e-01 9.249e+04
2.199e-01 7.767e+04
1.766e-01 9.656e+04
1.793e-01 9.655e+04
1.836e-01 9.450e+04
1.793e-01 9.603e+04
2.149e-01 7.821e+04
1.795e-01 9.576e+04
1.793e-01 9.507e+04
1.823e-01 9.403e+04
1.809e-01 9.603e+04
1.838e-01 9.505e+04
1.890e-01 8.909e+04
1.783e-01 9.697e+04
1.830e-01 9.129e+04
1.863e-01 9.406e+04
1.851e-01 9.221e+04
1.818e-01 9.472e+04
1.752e-01 9.723e+04
1.752e-01 9.750e+04
1.796e-01 9.407e+04
2.458e-01 7.084e+04
1.883e-01 8.938e+04
1.763e-01 9.638e+04
1.863e-01 9.076e+04
2.190e-01 7.656e+04
2.140e-01 8.181e+04
1.751e-01 9.680e+04
2.008e-01 8.527e+04
1.972e-01 8.792e+04
1.836e-01 9.391e+04
1.841e-01 9.086e+04
1.871e-01 8.949e+04
2.087e-01 8.345e+04
2.258e-01 7.285e+04
1.768e-01 9.617e+04
1.769e-01 9.685e+04
2.174e-01 7.951e+04
1.814e-01 9.344e+04
1.870e-01 9.198e+04
1.810e-01 9.246e+04
1.752e-01 9.607e+04
1.877e-01 9.238e+04
1.799e-01 9.369e+04
1.742e-01 9.803e+04
1.953e-01 8.659e+04
1.780e-01 9.640e+04
2.250e-01 7.286e+04
1.810e-01 9.569e+04
1.780e-01 9.559e+04
1.858e-01 9.270e+04
1.940e-01 9.000e+04
1.794e-01 9.547e+04
2.014e-01 8.326e+04
1.807e-01 9.391e+04
1.908e-01 8.707e+04
1.873e-01 9.261e+04
1.769e-01 9.752e+04
1.760e-01 9.779e+04
1.782e-01 9.642e+04
2.370e-01 7.409e+04
2.112e-01 8.347e+04
1.769e-01 9.568e+04
1.845e-01 9.272e+04
1.833e-01 9.133e+04
1.859e-01 9.265e+04
1.803e-01 9.447e+04
1.875e-01 8.944e+04
1.746e-01 9.701e+04
1.882e-01 9.321e+04
1.789e-01 9.607e+04
1.985e-01 8.565e+04
1.800e-01 9.554e+04
1.860e-01 9.301e+04
1.769e-01 9.661e+04
2.108e-01 8.020e+04
1.769e-01 9.622e+04
1.809e-01 9.429e+04
2.298e-01 7.087e+04
1.893e-01 9.106e+04
1.760e-01 9.585e+04
1.759e-01 9.590e+04
1.824e-01 9.363e+04
1.784e-01 9.499e+04
1.826e-01 9.082e+04
1.813e-01 9.516e+04
2.289e-01 7.093e+04
2.242e-01 7.751e+04
2.318e-01 7.260e+04
2.209e-01 7.492e+04
1.940e-01 8.873e+04
1.862e-01 9.262e+04
1.904e-01 9.103e+04
2.096e-01 8.288e+04
2.358e-01 7.166e+04
1.970e-01 8.897e+04
2.006e-01 8.435e+04
1.808e-01 9.411e+04
1.854e-01 9.495e+04
1.857e-01 9.170e+04
2.405e-01 6.934e+04
1.775e-01 9.502e+04
1.851e-01 9.373e+04
2.421e-01 7.125e+04
1.780e-01 9.743e+04
2.291e-01 7.162e+04
1.883e-01 8.994e+04
1.808e-01 9.349e+04
1.765e-01 9.650e+04
1.788e-01 9.713e+04
1.825e-01 9.421e+04
1.778e-01 9.612e+04
1.837e-01 9.432e+04
1.864e-01 9.306e+04
1.828e-01 9.454e+04
1.859e-01 9.222e+04
2.325e-01 7.212e+04
1.762e-01 9.583e+04
1.791e-01 9.545e+04
1.761e-01 9.593e+04
2.301e-01 7.136e+04
1.853e-01 9.226e+04
1.811e-01 9.516e+04
1.802e-01 9.670e+04
2.462e-01 7.016e+04
1.846e-01 9.269e+04
1.868e-01 8.858e+04
1.873e-01 9.161e+04
1.808e-01 9.398e+04
1.796e-01 9.598e+04
1.811e-01 9.411e+04
1.796e-01 9.317e+04
1.814e-01 9.610e+04
1.793e-01 9.477e+04
1.853e-01 9.406e+04
1.768e-01 9.634e+04
1.824e-01 9.373e+04
1.842e-01 9.376e+04
1.821e-01 9.486e+04
1.811e-01 9.443e+04
1.821e-01 9.483e+04
1.809e-01 9.435e+04
2.319e-01 7.058e+04
1.815e-01 9.232e+04
1.899e-01 9.278e+04
1.864e-01 9.357e+04
2.316e-01 7.022e+04
1.795e-01 9.389e+04
2.348e-01 7.071e+04
1.762e-01 9.843e+04
1.856e-01 9.305e+04
1.937e-01 9.031e+04
1.783e-01 9.562e+04
2.517e-01 7.099e+04
1.881e-01 9.145e+04
1.826e-01 9.178e+04
1.863e-01 9.250e+04
1.794e-01 9.618e+04
2.191e-01 7.889e+04
1.804e-01 9.485e+04
1.885e-01 8.997e+04
1.784e-01 9.662e+04
1.791e-01 9.725e+04
1.817e-01 9.386e+04
1.815e-01 9.582e+04
1.756e-01 9.633e+04
2.143e-01 8.137e+04
1.840e-01 9.365e+04
2.319e-01 7.467e+04
2.185e-01 7.746e+04
2.066e-01 8.091e+04
1.898e-01 9.074e+04
1.841e-01 9.298e+04
2.184e-01 7.612e+04
1.818e-01 9.479e+04
1.921e-01 8.981e+04
1.880e-01 9.142e+04
2.003e-01 8.600e+04
1.912e-01 8.984e+04
1.827e-01 9.268e+04
1.763e-01 9.807e+04
2.516e-01 7.143e+04
1.924e-01 8.901e+04
2.141e-01 7.608e+04
2.203e-01 7.959e+04
2.057e-01 7.853e+04
1.841e-01 9.393e+04
1.779e-01 9.549e+04
1.780e-01 9.761e+04
2.161e-01 7.976e+04
1.814e-01 9.540e+04
1.770e-01 9.503e+04
1.938e-01 8.903e+04
1.743e-01 9.744e+04
1.877e-01 9.393e+04
1.837e-01 9.440e+04
1.787e-01 9.612e+04
2.354e-01 7.446e+04
1.795e-01 9.571e+04
1.798e-01 9.305e+04
1.754e-01 9.669e+04
1.871e-01 9.243e+04
1.882e-01 9.011e+04
1.794e-01 9.442e+04
1.811e-01 9.536e+04
1.778e-01 9.695e+04
1.762e-01 9.544e+04
1.811e-01 9.429e+04
1.885e-01 9.264e+04
1.795e-01 9.458e+04
1.802e-01 9.649e+04
1.768e-01 9.780e+04
1.941e-01 8.876e+04
2.283e-01 7.431e+04
2.152e-01 8.000e+04
1.767e-01 9.678e+04
1.925e-01 8.995e+04
2.086e-01 8.343e+04
1.797e-01 9.274e+04
2.052e-01 8.498e+04
1.857e-01 9.363e+04
1.837e-01 9.431e+04
1.794e-01 9.648e+04
2.315e-01 7.172e+04
1.768e-01 9.743e+04
1.801e-01 9.641e+04
1.754e-01 9.613e+04
1.879e-01 9.135e+04
1.859e-01 9.052e+04
1.798e-01 9.449e+04
1.931e-01 8.878e+04
1.854e-01 9.471e+04
1.818e-01 9.611e+04
1.848e-01 9.447e+04
1.868e-01 9.306e+04
1.894e-01 9.073e+04
1.816e-01 9.368e+04
1.775e-01 9.689e+04
1.819e-01 9.526e+04
1.767e-01 9.466e+04
1.754e-01 9.754e+04
1.849e-01 9.282e+04
1.849e-01 8.948e+04
1.834e-01 9.415e+04
1.767e-01 9.640e+04
1.892e-01 8.898e+04
1.809e-01 9.469e+04
2.424e-01 7.146e+04
1.953e-01 8.947e+04
1.845e-01 9.500e+04
1.874e-01 9.121e+04
2.391e-01 6.907e+04
1.866e-01 8.999e+04
1.827e-01 9.322e+04
1.884e-01 9.282e+04
1.764e-01 9.608e+04
1.843e-01 9.332e+04
2.516e-01 7.211e+04
2.228e-01 7.248e+04
1.878e-01 9.197e+04
1.813e-01 9.461e+04
1.886e-01 9.175e+04
1.794e-01 9.631e+04
1.758e-01 9.612e+04
1.870e-01 9.063e+04
1.887e-01 9.045e+04
1.778e-01 9.752e+04
1.762e-01 9.479e+04
1.798e-01 9.666e+04
2.026e-01 8.344e+04
1.814e-01 9.366e+04
1.888e-01 9.294e+04
1.863e-01 8.996e+04
1.809e-01 9.236e+04
1.722e-01 9.824e+04
1.820e-01 9.424e+04
1.909e-01 8.802e+04
1.842e-01 9.209e+04
1.770e-01 9.658e+04
1.807e-01 9.526e+04
1.815e-01 9.611e+04
2.321e-01 7.231e+04
1.819e-01 9.418e+04
1.787e-01 9.592e+04
1.857e-01 9.163e+04
1.885e-01 9.124e+04
1.839e-01 9.486e+04
2.334e-01 7.271e+04
1.973e-01 8.740e+04
2.154e-01 7.565e+04
1.778e-01 9.564e+04
2.055e-01 7.981e+04
1.808e-01 9.392e+04
1.770e-01 9.522e+04
2.217e-01 7.345e+04
1.805e-01 9.528e+04
1.834e-01 9.595e+04
1.927e-01 8.829e+04
1.811e-01 9.625e+04
1.796e-01 9.747e+04
2.334e-01 7.067e+04
1.888e-01 9.116e+04
1.766e-01 9.636e+04
1.797e-01 9.421e+04
1.830e-01 9.434e+04
1.799e-01 9.594e+04
1.799e-01 9.588e+04
1.860e-01 9.210e+04
1.814e-01 9.530e+04
2.292e-01 7.353e+04
1.779e-01 9.538e+04
1.843e-01 9.347e+04
1.901e-01 9.163e+04
1.856e-01 9.453e+04
1.817e-01 9.430e+04
1.765e-01 9.534e+04
1.768e-01 9.745e+04
1.907e-01 8.998e+04
1.812e-01 9.350e+04
1.798e-01 9.434e+04
1.781e-01 9.700e+04
1.847e-01 9.298e+04
2.308e-01 7.613e+04
1.781e-01 9.555e+04
1.934e-01 8.973e+04
1.854e-01 9.323e+04
1.867e-01 9.427e+04
2.180e-01 7.262e+04
1.791e-01 9.268e+04
1.777e-01 9.744e+04
1.794e-01 9.531e+04
1.864e-01 9.254e+04
1.796e-01 9.515e+04
1.805e-01 9.349e+04
1.780e-01 9.559e+04
1.976e-01 8.876e+04
1.826e-01 9.345e+04
1.775e-01 9.632e+04
1.834e-01 9.329e+04
1.773e-01 9.482e+04
1.806e-01 9.394e+04
2.346e-01 7.125e+04
1.824e-01 9.462e+04
1.929e-01 8.966e+04
1.772e-01 9.638e+04
1.754e-01 9.676e+04
1.823e-01 9.344e+04
1.808e-01 9.578e+04
1.888e-01 9.294e+04
1.817e-01 9.452e+04
1.852e-01 9.266e+04
1.861e-01 9.308e+04
1.814e-01 9.538e+04
1.754e-01 9.702e+04
1.726e-01 9.853e+04
1.763e-01 9.556e+04
1.870e-01 9.351e+04
2.260e-01 7.539e+04
2.266e-01 7.012e+04
1.859e-01 9.327e+04
1.785e-01 9.488e+04
1.925e-01 8.721e+04
1.838e-01 9.357e+04
2.421e-01 6.983e+04
1.851e-01 9.353e+04
1.725e-01 9.920e+04
2.221e-01 8.034e+04
2.231e-01 7.555e+04
2.009e-01 8.117e+04
2.125e-01 8.101e+04
1.831e-01 9.462e+04
1.744e-01 9.674e+04
1.782e-01 9.668e+04
2.004e-01 8.546e+04
1.801e-01 9.546e+04
1.806e-01 9.492e+04
1.752e-01 9.656e+04
2.040e-01 8.463e+04
1.762e-01 9.674e+04
1.794e-01 9.630e+04
2.393e-01 6.991e+04
1.885e-01 9.267e+04
1.846e-01 9.305e+04
1.773e-01 9.788e+04
2.188e-01 7.643e+04
1.808e-01 9.349e+04
2.239e-01 7.892e+04
1.868e-01 9.152e+04
1.784e-01 9.512e+04
2.308e-01 7.342e+04
1.774e-01 9.545e+04
1.754e-01 9.744e+04
1.821e-01 9.299e+04
1.802e-01 9.321e+04
1.807e-01 9.626e+04
1.863e-01 9.119e+04
2.331e-01 7.379e+04
1.810e-01 9.540e+04
1.827e-01 9.296e+04
1.912e-01 8.989e+04
1.762e-01 9.634e+04
1.938e-01 8.891e+04
1.803e-01 9.144e+04
1.792e-01 9.749e+04
2.370e-01 7.084e+04
2.244e-01 7.415e+04
1.828e-01 9.312e+04
2.049e-01 8.282e+04
2.234e-01 7.349e+04
2.411e-01 7.264e+04
1.764e-01 9.505e+04
2.489e-01 7.276e+04
2.304e-01 7.141e+04
1.798e-01 9.432e+04
1.773e-01 9.623e+04
2.203e-01 7.431e+04
1.822e-01 9.272e+04
1.883e-01 9.128e+04
1.908e-01 8.899e+04
1.809e-01 9.439e+04
1.792e-01 9.716e+04
1.785e-01 9.652e+04
1.835e-01 9.379e+04
1.815e-01 9.504e+04
1.911e-01 8.812e+04
2.168e-01 8.164e+04
2.369e-01 6.933e+04
1.831e-01 9.470e+04
1.871e-01 9.069e+04
1.948e-01 8.800e+04
1.918e-01 9.046e+04
1.745e-01 9.929e+04
1.838e-01 9.234e+04
2.231e-01 7.806e+04
1.813e-01 9.299e+04
2.417e-01 7.138e+04
2.045e-01 8.164e+04
1.773e-01 9.755e+04
1.809e-01 9.230e+04
1.800e-01 9.344e+04
1.839e-01 9.247e+04
1.741e-01 9.756e+04
1.842e-01 9.398e+04
1.783e-01 9.557e+04
2.082e-01 8.097e+04
1.810e-01 9.425e+04
1.812e-01 9.543e+04
1.861e-01 9.336e+04
1.852e-01 9.321e+04
1.838e-01 9.302e+04
1.777e-01 9.569e+04
2.503e-01 6.926e+04
1.775e-01 9.724e+04
1.858e-01 9.071e+04
1.808e-01 9.416e+04
2.297e-01 7.527e+04
1.912e-01 8.860e+04
1.875e-01 8.944e+04
1.815e-01 9.676e+04
1.865e-01 8.956e+04
1.848e-01 9.204e+04
1.772e-01 9.695e+04
1.830e-01 9.524e+04
1.753e-01 9.811e+04
1.818e-01 9.418e+04
1.797e-01 9.294e+04
1.860e-01 9.390e+04
1.862e-01 9.245e+04
1.904e-01 8.847e+04
1.774e-01 9.557e+04
2.071e-01 7.847e+04
1.855e-01 9.037e+04
1.839e-01 9.502e+04
1.818e-01 9.336e+04
1.924e-01 9.009e+04
1.824e-01 9.356e+04
1.807e-01 9.511e+04
1.768e-01 9.645e+04
2.457e-01 7.134e+04
1.794e-01 9.461e+04
1.927e-01 8.905e+04
1.877e-01 9.229e+04
1.805e-01 9.391e+04
2.161e-01 7.271e+04
1.894e-01 9.015e+04
1.806e-01 9.399e+04
1.818e-01 9.649e+04
1.842e-01 9.494e+04
1.792e-01 9.424e+04
1.837e-01 9.346e+04
1.820e-01 9.462e+04
1.771e-01 9.787e+04
1.739e-01 9.701e+04
1.887e-01 8.850e+04
2.104e-01 7.966e+04
1.783e-01 9.475e+04
2.226e-01 7.171e+04
2.408e-01 7.436e+04
1.833e-01 9.490e+04
1.869e-01 8.895e+04
2.238e-01 7.404e+04
1.807e-01 9.416e+04
1.759e-01 9.757e+04
1.882e-01 9.273e+04
1.977e-01 8.806e+04
2.268e-01 7.892e+04
1.888e-01 8.736e+04
1.823e-01 9.529e+04
1.823e-01 9.201e+04
2.454e-01 7.146e+04
1.801e-01 9.489e+04
2.310e-01 7.048e+04
2.346e-01 7.454e+04
1.928e-01 9.001e+04
1.781e-01 9.779e+04
1.767e-01 9.756e+04
1.887e-01 9.211e+04
1.804e-01 9.602e+04
1.840e-01 9.423e+04
1.772e-01 9.645e+04
1.798e-01 9.460e+04
1.829e-01 9.484e+04
1.815e-01 9.461e+04
1.802e-01 9.436e+04
2.355e-01 7.288e+04
1.968e-01 8.824e+04
1.746e-01 9.618e+04
2.453e-01 7.033e+04
1.840e-01 9.331e+04
1.758e-01 9.894e+04
1.894e-01 8.997e+04
1.801e-01 9.350e+04
1.854e-01 9.334e+04
2.339e-01 7.315e+04
1.745e-01 9.851e+04
1.758e-01 9.823e+04
1.761e-01 9.833e+04
1.852e-01 9.408e+04
2.236e-01 7.617e+04
1.766e-01 9.711e+04
1.724e-01 9.923e+04
1.870e-01 9.063e+04
1.782e-01 9.619e+04
1.809e-01 9.332e+04
1.770e-01 9.729e+04
1.991e-01 8.479e+04
1.800e-01 9.508e+04
1.876e-01 8.895e+04
1.749e-01 9.766e+04
1.777e-01 9.602e+04
1.841e-01 9.465e+04
1.860e-01 9.219e+04
1.764e-01 9.537e+04
1.996e-01 8.680e+04
1.796e-01 9.554e+04
1.749e-01 9.775e+04
1.779e-01 9.568e+04
1.901e-01 9.093e+04
1.794e-01 9.466e+04
1.786e-01 9.608e+04
1.836e-01 9.333e+04
2.094e-01 8.316e+04
1.922e-01 9.116e+04
1.833e-01 9.288e+04
2.340e-01 7.442e+04
1.768e-01 9.824e+04
1.873e-01 9.407e+04
1.826e-01 9.350e+04
1.811e-01 9.547e+04
1.806e-01 9.420e+04
1.794e-01 9.671e+04
2.287e-01 7.259e+04
1.807e-01 9.401e+04
1.938e-01 9.061e+04
2.109e-01 7.688e+04
2.139e-01 8.015e+04
1.802e-01 9.720e+04
1.766e-01 9.640e+04
1.856e-01 9.294e+04
1.890e-01 8.981e+04
1.844e-01 9.319e+04
1.762e-01 9.805e+04
2.084e-01 7.982e+04
2.266e-01 7.291e+04
2.092e-01 7.829e+04
1.802e-01 9.489e+04
1.797e-01 9.504e+04
1.831e-01 9.197e+04
1.792e-01 9.606e+04
1.834e-01 8.998e+04
1.781e-01 9.803e+04
1.787e-01 9.407e+04
1.862e-01 9.351e+04
1.761e-01 9.615e+04
1.762e-01 9.596e+04
1.826e-01 9.459e+04
1.737e-01 9.804e+04
1.817e-01 9.261e+04
1.789e-01 9.424e+04
1.801e-01 9.395e+04
2.143e-01 7.658e+04
1.773e-01 9.638e+04
2.380e-01 7.024e+04
1.819e-01 9.388e+04
2.292e-01 7.108e+04
1.799e-01 9.269e+04
1.820e-01 9.540e+04
1.823e-01 9.190e+04
1.795e-01 9.483e+04
1.797e-01 9.616e+04
3.169e-06 3.899e+03
1.779e-01 9.707e+04
1.802e-01 9.600e+04
1.791e-01 9.459e+04
1.817e-01 9.412e+04
1.837e-01 9.185e+04
1.768e-01 9.645e+04
1.911e-01 9.184e+04
1.850e-01 9.184e+04
1.922e-01 8.936e+04
1.910e-01 8.983e+04
1.930e-01 9.017e+04
1.877e-01 9.180e+04
2.297e-01 7.391e+04
1.797e-01 9.468e+04
1.767e-01 9.672e+04
1.773e-01 9.618e+04
1.829e-01 9.266e+04
1.759e-01 9.738e+04
1.727e-01 9.936e+04
1.924e-01 8.932e+04
1.826e-01 9.402e+04
1.850e-01 9.095e+04
1.776e-01 9.534e+04
1.887e-01 8.997e+04
2.296e-01 7.736e+04
1.782e-01 9.664e+04
2.052e-01 8.172e+04
1.807e-01 9.481e+04
1.827e-01 9.228e+04
1.837e-01 9.145e+04
1.775e-01 9.727e+04
1.821e-01 9.385e+04
1.866e-01 9.042e+04
1.766e-01 9.572e+04
1.995e-01 8.787e+04
1.768e-01 9.531e+04
1.790e-01 9.654e+04
1.830e-01 9.372e+04
1.771e-01 9.703e+04
1.805e-01 9.565e+04
1.815e-01 9.446e+04
1.807e-01 9.435e+04
1.761e-01 9.533e+04
1.853e-01 9.318e+04
1.872e-01 9.168e+04
1.794e-01 9.422e+04
1.794e-01 9.517e+04
1.876e-01 8.966e+04
1.950e-01 8.675e+04
1.828e-01 9.421e+04
1.883e-01 8.839e+04
1.815e-01 9.436e+04
1.792e-01 9.454e+04
2.206e-01 7.559e+04
1.792e-01 9.555e+04
1.841e-01 9.401e+04
2.099e-01 8.044e+04
1.840e-01 9.490e+04
1.788e-01 9.616e+04
1.817e-01 9.249e+04
1.788e-01 9.646e+04
1.801e-01 9.544e+04
1.863e-01 9.095e+04
1.824e-01 9.242e+04
1.882e-01 9.016e+04
1.913e-01 8.595e+04
1.846e-01 9.507e+04
1.839e-01 9.303e+04
1.863e-01 9.352e+04
2.306e-01 7.125e+04
1.827e-01 9.555e+04
1.819e-01 9.488e+04
2.384e-01 7.122e+04
1.806e-01 9.501e+04
2.287e-01 7.534e+04
2.330e-01 6.968e+04
1.858e-01 9.210e+04
1.833e-01 9.391e+04
1.793e-01 9.447e+04
1.819e-01 9.429e+04
1.897e-01 9.210e+04
2.121e-01 7.989e+04
2.365e-01 7.029e+04
2.515e-01 7.353e+04
1.941e-01 8.991e+04
2.402e-01 7.155e+04
2.229e-01 7.841e+04
1.810e-01 9.454e+04
1.994e-01 8.766e+04
1.790e-01 9.450e+04
1.847e-01 9.311e+04
1.863e-01 9.294e+04
1.858e-01 9.041e+04
1.929e-01 8.804e+04
1.838e-01 9.125e+04
2.582e-01 7.130e+04
1.844e-01 9.485e+04
2.081e-01 7.981e+04
1.804e-01 9.495e+04
1.799e-01 9.592e+04
1.838e-01 9.203e+04
1.867e-01 9.162e+04
1.878e-01 9.267e+04
1.757e-01 9.826e+04
1.772e-01 9.644e+04
1.885e-01 9.247e+04
1.929e-01 9.023e+04
1.800e-01 9.458e+04
1.856e-01 9.235e+04
1.851e-01 9.449e+04
1.982e-01 8.456e+04
1.805e-01 9.671e+04
1.890e-01 8.981e+04
1.778e-01 9.680e+04
1.849e-01 9.312e+04
1.904e-01 8.904e+04
2.053e-01 8.311e+04
1.823e-01 9.162e+04
1.899e-01 9.096e+04
1.803e-01 9.404e+04
1.824e-01 9.520e+04
2.218e-01 7.335e+04
1.876e-01 8.909e+04
1.860e-01 9.267e+04
2.271e-01 7.804e+04
1.779e-01 9.661e+04
1.831e-01 9.335e+04
2.333e-01 7.232e+04
1.776e-01 9.631e+04
1.888e-01 9.135e+04
1.802e-01 9.297e+04
2.158e-01 7.447e+04
1.743e-01 9.843e+04
1.815e-01 9.622e+04
2.304e-01 7.268e+04
1.777e-01 9.572e+04
1.753e-01 9.776e+04
2.173e-01 7.080e+04
2.290e-01 7.664e+04
1.873e-01 9.162e+04
1.794e-01 9.516e+04
1.866e-01 9.358e+04
1.768e-01 9.674e+04
2.401e-01 7.075e+04
1.861e-01 9.345e+04
1.824e-01 9.366e+04
1.809e-01 9.338e+04
1.769e-01 9.733e+04
1.818e-01 9.530e+04
2.379e-01 7.121e+04
1.922e-01 9.169e+04
1.743e-01 9.872e+04
2.167e-01 8.001e+04
1.802e-01 9.638e+04
1.784e-01 9.404e+04
1.774e-01 9.585e+04
2.376e-01 7.228e+04
1.817e-01 9.423e+04
1.765e-01 9.866e+04
1.815e-01 9.371e+04
1.833e-01 9.363e+04
1.731e-01 9.865e+04
1.744e-01 9.763e+04
2.260e-01 7.251e+04
1.963e-01 8.561e+04
1.886e-01 8.990e+04
1.813e-01 9.376e+04
1.794e-01 9.649e+04
1.844e-01 9.343e+04
2.229e-01 7.109e+04
1.894e-01 8.800e+04
1.853e-01 9.247e+04
1.833e-01 9.171e+04
1.755e-01 9.736e+04
2.464e-01 6.987e+04
2.265e-01 7.172e+04
1.980e-01 8.959e+04
2.386e-01 7.363e+04
1.922e-01 9.055e+04
1.862e-01 9.320e+04
1.892e-01 9.108e+04
1.802e-01 9.530e+04
1.873e-01 9.173e+04
1.819e-01 9.488e+04
1.869e-01 9.020e+04
1.808e-01 9.615e+04
1.819e-01 9.411e+04
2.261e-01 7.520e+04
1.832e-01 9.435e+04
1.925e-01 8.934e+04
1.827e-01 9.255e+04
1.837e-01 9.226e+04
2.282e-01 7.204e+04
1.819e-01 9.365e+04
1.882e-01 9.223e+04
1.782e-01 9.369e+04
1.860e-01 9.350e+04
2.342e-01 7.726e+04
1.807e-01 9.549e+04
1.883e-01 9.082e+04
1.736e-01 9.714e+04
1.858e-01 9.166e+04
1.832e-01 9.230e+04
1.950e-01 8.863e+04
1.849e-01 9.418e+04
1.871e-01 9.140e+04
1.864e-01 8.843e+04
2.371e-01 7.517e+04
1.853e-01 9.168e+04
1.779e-01 9.582e+04
2.282e-01 7.216e+04
1.827e-01 9.282e+04
2.288e-01 7.423e+04
2.351e-01 7.098e+04
1.802e-01 9.351e+04
1.794e-01 9.471e+04
1.808e-01 9.485e+04
1.798e-01 9.570e+04
1.905e-01 9.043e+04
1.776e-01 9.536e+04
1.859e-01 9.255e+04
1.867e-01 9.318e+04
1.823e-01 9.447e+04
2.388e-01 7.253e+04
2.292e-01 7.547e+04
1.933e-01 8.824e+04
1.846e-01 9.173e+04
1.843e-01 9.362e+04
2.425e-01 7.080e+04
1.758e-01 9.774e+04
2.341e-01 7.511e+04
1.866e-01 9.067e+04
1.861e-01 9.097e+04
2.154e-01 7.227e+04
1.817e-01 9.511e+04
1.906e-01 9.222e+04
1.867e-01 9.376e+04
1.899e-01 9.082e+04
1.829e-01 9.473e+04
1.824e-01 9.398e+04
1.783e-01 9.673e+04
1.983e-01 8.443e+04
1.809e-01 9.645e+04
1.744e-01 9.720e+04
2.211e-01 7.436e+04
2.421e-01 7.068e+04
1.887e-01 9.204e+04
2.439e-01 7.486e+04
1.773e-01 9.730e+04
1.841e-01 9.393e+04
1.856e-01 9.404e+04
2.175e-01 7.422e+04
2.411e-01 7.198e+04
2.283e-01 7.143e+04
2.317e-01 7.448e+04
1.879e-01 9.104e+04
1.816e-01 9.470e+04
1.761e-01 9.631e+04
1.871e-01 9.199e+04
1.868e-01 9.199e+04
1.811e-01 9.361e+04
1.900e-01 9.298e+04
1.815e-01 9.325e+04
1.825e-01 9.229e+04
1.824e-01 9.362e+04
1.793e-01 9.519e+04
1.810e-01 9.428e+04
2.222e-01 7.302e+04
1.819e-01 9.469e+04
1.887e-01 8.978e+04
1.807e-01 9.326e+04
1.851e-01 9.311e+04
1.737e-01 9.734e+04
1.781e-01 9.638e+04
1.826e-01 9.388e+04
1.820e-01 9.393e+04
1.787e-01 9.565e+04
1.799e-01 9.528e+04
1.735e-01 9.784e+04
1.795e-01 9.567e+04
1.792e-01 9.601e+04
1.805e-01 9.520e+04
1.834e-01 9.376e+04
1.803e-01 9.559e+04
1.774e-01 9.711e+04
1.820e-01 9.568e+04
2.261e-01 7.460e+04
1.885e-01 9.091e+04
2.513e-01 6.998e+04
1.825e-01 9.474e+04
1.870e-01 9.292e+04
2.231e-01 7.853e+04
2.320e-01 7.216e+04
1.795e-01 9.619e+04
1.842e-01 9.286e+04
1.763e-01 9.516e+04
1.863e-01 9.426e+04
1.816e-01 9.341e+04
2.081e-01 7.908e+04
2.319e-01 7.076e+04
1.806e-01 9.313e+04
1.935e-01 8.808e+04
1.767e-01 9.850e+04
1.802e-01 9.519e+04
1.845e-01 9.157e+04
1.874e-01 9.187e+04
1.820e-01 9.518e+04
2.368e-01 7.130e+04
1.920e-01 8.951e+04
2.393e-01 7.138e+04
1.800e-01 9.473e+04
1.980e-01 8.443e+04
1.816e-01 9.510e+04
2.286e-01 7.113e+04
1.760e-01 9.710e+04
1.888e-01 9.245e+04
1.763e-01 9.858e+04
1.886e-01 8.951e+04
2.491e-01 6.989e+04
1.850e-01 9.442e+04
1.859e-01 9.239e+04
1.844e-01 9.354e+04
1.867e-01 9.218e+04
2.344e-01 7.144e+04
1.875e-01 9.246e+04
1.752e-01 9.672e+04
1.746e-01 9.801e+04
1.875e-01 9.279e+04
1.822e-01 9.378e+04
1.814e-01 9.520e+04
1.778e-01 9.772e+04
1.937e-01 9.071e+04
2.214e-01 7.491e+04
1.866e-01 9.124e+04
1.751e-01 9.854e+04
1.978e-01 8.853e+04
1.748e-01 9.669e+04
1.741e-01 9.833e+04
1.836e-01 9.479e+04
1.810e-01 9.392e+04
1.798e-01 9.715e+04
1.805e-01 9.468e+04
1.946e-01 8.655e+04
1.820e-01 9.539e+04
1.866e-01 9.172e+04
1.893e-01 8.908e+04
1.755e-01 9.814e+04
1.753e-01 9.736e+04
1.800e-01 9.522e+04
1.884e-01 9.100e+04
1.731e-01 9.854e+04
1.804e-01 9.409e+04
1.799e-01 9.644e+04
1.881e-01 9.092e+04
2.213e-01 7.190e+04
1.829e-01 9.506e+04
1.828e-01 9.373e+04
1.991e-01 8.893e+04
2.325e-01 7.190e+04
1.868e-01 9.075e+04
1.849e-01 9.118e+04
1.806e-01 9.425e+04
1.798e-01 9.548e+04
1.750e-01 9.579e+04
1.797e-01 9.665e+04
1.848e-01 9.386e+04
1.815e-01 9.245e+04
2.341e-01 7.140e+04
1.768e-01 9.510e+04
1.794e-01 9.544e+04
1.891e-01 8.994e+04
2.374e-01 7.342e+04
1.805e-01 9.617e+04
1.792e-01 9.561e+04
2.249e-01 7.560e+04
1.816e-01 9.421e+04
1.776e-01 9.498e+04
2.109e-01 7.598e+04
1.797e-01 9.521e+04
1.771e-01 9.663e+04
1.780e-01 9.378e+04
1.809e-01 9.656e+04
1.883e-01 9.165e+04
1.766e-01 9.651e+04
1.735e-01 9.873e+04
1.844e-01 9.323e+04
1.806e-01 9.441e+04
1.884e-01 9.054e+04
1.820e-01 9.374e+04
1.999e-01 8.815e+04
1.782e-01 9.470e+04
1.889e-01 9.084e+04
1.844e-01 9.349e+04
1.898e-01 9.029e+04
1.788e-01 9.570e+04
1.857e-01 9.239e+04
2.450e-01 7.227e+04
1.830e-01 9.424e+04
1.776e-01 9.584e+04
1.896e-01 9.170e+04
1.807e-01 9.611e+04
1.796e-01 9.426e+04
1.758e-01 9.807e+04
2.309e-01 7.450e+04
1.822e-01 9.373e+04
1.758e-01 9.698e+04
1.908e-01 9.239e+04
1.765e-01 9.642e+04
2.406e-01 7.510e+04
1.793e-01 9.526e+04
2.317e-01 7.306e+04
1.777e-01 9.699e+04
1.890e-01 9.155e+04
1.868e-01 9.290e+04
1.855e-01 9.231e+04
2.222e-01 7.317e+04
1.833e-01 9.377e+04
1.943e-01 8.637e+04
1.852e-01 9.196e+04
1.810e-01 9.491e+04
1.787e-01 9.495e+04
1.817e-01 9.329e+04
1.856e-01 9.371e+04
2.140e-01 7.779e+04
1.806e-01 9.547e+04
1.830e-01 9.414e+04
2.214e-01 7.208e+04
1.855e-01 9.333e+04
1.787e-01 9.530e+04
1.824e-01 9.596e+04
1.765e-01 9.616e+04
1.883e-01 9.323e+04
1.826e-01 9.173e+04
1.823e-01 9.508e+04
1.846e-01 9.278e+04
1.911e-01 9.056e+04
1.748e-01 9.690e+04
1.846e-01 9.314e+04
1.878e-01 9.200e+04
1.793e-01 9.603e+04
1.754e-01 9.836e+04
1.828e-01 9.384e+04
1.859e-01 9.148e+04
1.790e-01 9.521e+04
1.873e-01 9.256e+04
1.805e-01 9.467e+04
2.185e-01 7.767e+04
1.772e-01 9.672e+04
1.789e-01 9.629e+04
1.853e-01 9.274e+04
1.776e-01 9.610e+04
1.757e-01 9.588e+04
1.806e-01 9.488e+04
1.905e-01 8.913e+04
1.760e-01 9.703e+04
1.818e-01 9.483e+04
1.859e-01 9.225e+04
2.306e-01 7.347e+04
1.834e-01 9.203e+04
1.831e-01 9.422e+04
1.809e-01 9.480e+04
1.755e-01 9.762e+04
1.784e-01 9.794e+04
1.924e-01 8.846e+04
1.828e-01 9.469e+04
1.891e-01 9.174e+04
1.880e-01 9.174e+04
1.798e-01 9.584e+04
1.910e-01 9.109e+04
1.815e-01 9.487e+04
1.788e-01 9.585e+04
1.766e-01 9.681e+04
1.814e-01 9.503e+04
1.753e-01 9.741e+04
1.815e-01 9.440e+04
1.794e-01 9.421e+04
1.771e-01 9.506e+04
2.269e-01 7.304e+04
2.463e-01 7.207e+04
1.822e-01 9.350e+04
1.805e-01 9.414e+04
1.930e-01 8.979e+04
2.434e-01 7.552e+04
1.821e-01 9.393e+04
1.757e-01 9.600e+04
1.847e-01 9.185e+04
2.248e-01 7.213e+04
2.269e-01 7.467e+04
1.892e-01 9.011e+04
1.825e-01 9.558e+04
1.754e-01 9.692e+04
1.808e-01 9.561e+04
1.868e-01 9.215e+04
1.796e-01 9.450e+04
1.773e-01 9.734e+04
1.883e-01 9.066e+04
1.825e-01 9.236e+04
1.879e-01 9.083e+04
2.201e-01 7.969e+04
1.843e-01 9.313e+04
1.790e-01 9.679e+04
1.875e-01 9.124e+04
1.823e-01 9.298e+04
1.888e-01 9.322e+04
1.924e-01 9.019e+04
1.791e-01 9.462e+04
1.805e-01 9.660e+04
1.956e-01 8.898e+04
1.878e-01 9.200e+04
2.072e-01 7.887e+04
1.778e-01 9.756e+04
2.017e-01 8.582e+04
1.851e-01 9.071e+04
1.807e-01 9.697e+04
1.886e-01 8.817e+04
1.781e-01 9.631e+04
1.847e-01 9.291e+04
1.744e-01 9.874e+04
1.870e-01 9.245e+04
2.199e-01 7.286e+04
1.792e-01 9.747e+04
2.388e-01 7.425e+04
1.793e-01 9.415e+04
1.914e-01 9.013e+04
1.935e-01 8.947e+04
1.752e-01 9.671e+04
1.781e-01 9.516e+04
1.786e-01 9.616e+04
1.858e-01 9.317e+04
1.814e-01 9.551e+04
1.783e-01 9.645e+04
1.772e-01 9.651e+04
1.753e-01 9.648e+04
2.433e-01 7.314e+04
1.885e-01 9.221e+04
1.834e-01 9.239e+04
1.907e-01 8.787e+04
1.865e-01 9.114e+04
1.829e-01 9.201e+04
1.907e-01 9.186e+04
1.755e-01 9.725e+04
1.834e-01 9.310e+04
1.845e-01 9.318e+04
1.746e-01 9.824e+04
1.943e-01 9.052e+04
1.880e-01 9.170e+04
1.883e-01 9.001e+04
2.209e-01 7.315e+04
1.798e-01 9.503e+04
1.753e-01 9.712e+04
1.851e-01 9.441e+04
1.860e-01 9.199e+04
1.762e-01 9.614e+04
2.372e-01 6.971e+04
1.920e-01 9.162e+04
1.743e-01 9.812e+04
1.784e-01 9.379e+04
1.794e-01 9.480e+04
1.875e-01 9.088e+04
1.792e-01 9.589e+04
1.755e-01 9.738e+04
1.871e-01 9.122e+04
1.919e-01 8.795e+04
1.809e-01 9.359e+04
1.806e-01 9.298e+04
1.802e-01 9.310e+04
1.780e-01 9.643e+04
2.316e-01 7.203e+04
1.809e-01 9.424e+04
1.799e-01 9.521e+04
1.825e-01 9.269e+04
1.812e-01 9.446e+04
1.762e-01 9.622e+04
1.818e-01 9.430e+04
1.890e-01 9.162e+04
2.171e-01 7.668e+04
1.871e-01 9.373e+04
2.216e-01 7.194e+04
1.741e-01 9.814e+04
1.837e-01 9.174e+04
2.016e-01 8.583e+04
1.837e-01 9.375e+04
1.817e-01 9.392e+04
2.034e-01 8.610e+04
1.775e-01 9.759e+04
2.211e-01 7.910e+04
1.816e-01 9.396e+04
2.131e-01 8.037e+04
1.776e-01 9.533e+04
2.198e-01 7.554e+04
1.780e-01 9.721e+04
1.798e-01 9.448e+04
2.471e-01 7.210e+04
1.764e-01 9.685e+04
1.892e-01 8.901e+04
2.326e-01 7.235e+04
1.783e-01 9.763e+04
1.802e-01 9.575e+04
1.786e-01 9.640e+04
2.100e-01 7.873e+04
2.060e-01 8.318e+04
1.813e-01 9.415e+04
1.890e-01 9.209e+04
1.911e-01 8.956e+04
2.174e-01 7.932e+04
2.355e-01 7.331e+04
1.815e-01 9.516e+04
1.906e-01 9.164e+04
1.813e-01 9.507e+04
1.849e-01 9.224e+04
1.735e-01 9.734e+04
1.999e-01 8.360e+04
1.741e-01 9.922e+04
1.831e-01 9.324e+04
1.804e-01 9.495e+04
2.168e-01 8.029e+04
1.966e-01 8.721e+04
2.257e-01 7.380e+04
1.814e-01 9.324e+04
1.854e-01 9.350e+04
2.029e-01 8.513e+04
1.919e-01 8.851e+04
1.854e-01 9.160e+04
2.259e-01 7.353e+04
1.808e-01 9.364e+04
2.248e-01 7.207e+04
2.328e-01 7.153e+04
1.830e-01 9.085e+04
1.838e-01 9.469e+04
1.754e-01 9.654e+04
2.136e-01 8.084e+04
1.752e-01 9.710e+04
1.904e-01 8.896e+04
1.747e-01 9.865e+04
1.829e-01 9.479e+04
1.779e-01 9.503e+04
2.357e-01 7.384e+04
2.260e-01 7.491e+04
1.812e-01 9.528e+04
1.788e-01 9.561e+04
1.766e-01 9.747e+04
1.896e-01 9.038e+04
2.026e-01 8.251e+04
2.386e-01 7.207e+04
2.058e-01 8.284e+04
1.815e-01 9.242e+04
1.941e-01 8.820e+04
1.912e-01 8.963e+04
1.792e-01 9.579e+04
2.385e-01 6.988e+04
1.944e-01 8.369e+04
1.879e-01 8.973e+04
1.785e-01 9.453e+04
1.885e-01 9.068e+04
1.849e-01 9.360e+04
1.789e-01 9.775e+04
1.806e-01 9.526e+04
2.430e-01 7.333e+04
2.371e-01 7.089e+04
1.893e-01 8.967e+04
1.891e-01 9.137e+04
1.757e-01 9.777e+04
1.794e-01 9.672e+04
1.796e-01 9.651e+04
1.847e-01 9.289e+04
1.897e-01 9.035e+04
1.819e-01 9.343e+04
1.799e-01 9.440e+04
1.778e-01 9.547e+04
1.808e-01 9.464e+04
1.887e-01 9.012e+04
1.809e-01 9.432e+04
1.870e-01 9.153e+04
2.264e-01 7.623e+04
2.433e-01 7.012e+04
1.863e-01 9.356e+04
1.933e-01 8.652e+04
1.823e-01 9.605e+04
1.874e-01 9.278e+04
1.832e-01 9.310e+04
2.296e-01 7.216e+04
1.820e-01 9.420e+04
1.811e-01 9.469e+04
1.771e-01 9.722e+04
1.826e-01 9.280e+04
2.254e-01 7.535e+04
1.861e-01 9.314e+04
2.473e-01 6.718e+04
1.940e-01 8.950e+04
1.883e-01 9.041e+04
1.810e-01 9.556e+04
2.021e-01 7.975e+04
1.830e-01 9.236e+04
1.812e-01 9.351e+04
1.783e-01 9.525e+04
1.787e-01 9.622e+04
2.254e-01 7.332e+04
2.322e-01 7.217e+04
1.864e-01 9.108e+04
1.902e-01 9.182e+04
1.996e-01 8.760e+04
1.965e-01 8.736e+04
1.793e-01 9.580e+04
1.854e-01 9.365e+04
1.792e-01 9.470e+04
1.874e-01 9.167e+04
1.830e-01 9.296e+04
1.807e-01 9.437e+04
2.042e-01 8.452e+04
1.781e-01 9.412e+04
1.760e-01 9.759e+04
1.929e-01 9.109e+04
1.811e-01 9.318e+04
1.792e-01 9.692e+04
1.791e-01 9.686e+04
2.325e-01 7.311e+04
1.847e-01 9.438e+04
1.883e-01 9.112e+04
1.883e-01 9.233e+04
1.758e-01 9.651e+04
1.814e-01 9.293e+04
2.341e-01 7.098e+04
1.858e-01 9.160e+04
1.768e-01 9.623e+04
1.938e-01 8.613e+04
1.734e-01 9.888e+04
1.790e-01 9.621e+04
1.905e-01 8.994e+04
1.786e-01 9.350e+04
1.832e-01 9.251e+04
1.962e-01 8.601e+04
1.839e-01 9.474e+04
1.934e-01 9.046e+04
6.304e-06 4.658e+03
1.738e-01 9.690e+04
1.801e-01 9.510e+04
2.213e-01 7.092e+04
1.804e-01 9.585e+04
2.321e-01 7.390e+04
1.784e-01 9.704e+04
1.803e-01 9.645e+04
1.818e-01 9.394e+04
1.819e-01 9.186e+04
2.217e-01 7.553e+04
1.896e-01 9.241e+04
1.800e-01 9.546e+04
1.882e-01 9.256e+04
1.794e-01 9.562e+04
2.358e-01 7.201e+04
2.383e-01 7.522e+04
1.908e-01 9.094e+04
1.893e-01 9.213e+04
2.283e-01 7.268e+04
1.802e-01 9.495e+04
1.831e-01 9.167e+04
1.810e-01 9.445e+04
2.199e-01 7.381e+04
1.785e-01 9.448e+04
1.772e-01 9.712e+04
2.174e-01 8.066e+04
2.196e-01 7.651e+04
1.756e-01 9.805e+04
1.788e-01 9.650e+04
1.837e-01 9.556e+04
1.920e-01 9.101e+04
1.832e-01 9.308e+04
2.322e-01 7.155e+04
1.843e-01 9.358e+04
1.897e-01 8.959e+04
1.791e-01 9.668e+04
1.758e-01 9.667e+04
1.790e-01 9.620e+04
1.775e-01 9.538e+04
1.819e-01 9.198e+04
1.807e-01 9.543e+04
1.834e-01 9.336e+04
1.827e-01 9.323e+04
1.774e-01 9.596e+04
1.747e-01 9.662e+04
1.941e-01 8.907e+04
1.904e-01 8.962e+04
1.804e-01 9.658e+04
1.850e-01 9.443e+04
1.836e-01 9.517e+04
1.849e-01 9.279e+04
1.831e-01 9.426e+04
1.956e-01 8.883e+04
1.944e-01 8.660e+04
1.798e-01 9.517e+04
2.106e-01 7.667e+04
2.182e-01 7.179e+04
1.917e-01 8.778e+04
1.752e-01 9.875e+04
1.831e-01 9.521e+04
1.859e-01 9.281e+04
1.790e-01 9.732e+04
1.801e-01 9.592e+04
1.779e-01 9.517e+04
1.875e-01 9.106e+04
1.863e-01 9.122e+04
1.859e-01 9.150e+04
1.783e-01 9.474e+04
1.820e-01 9.495e+04
1.734e-01 9.881e+04
1.895e-01 9.167e+04
1.765e-01 9.688e+04
1.839e-01 9.201e+04
1.798e-01 9.610e+04
1.838e-01 9.263e+04
1.808e-01 9.368e+04
1.735e-01 9.718e+04
1.875e-01 9.250e+04
1.906e-01 8.923e+04
1.784e-01 9.610e+04
1.804e-01 9.403e+04
1.843e-01 9.310e+04
1.852e-01 9.353e+04
1.810e-01 9.490e+04
1.865e-01 9.219e+04
1.787e-01 9.617e+04
1.844e-01 9.120e+04
1.923e-01 8.972e+04
1.857e-01 9.135e+04
1.838e-01 9.098e+04
1.780e-01 9.453e+04
1.905e-01 8.792e+04
1.806e-01 9.520e+04
1.787e-01 9.627e+04
2.399e-01 7.117e+04
1.870e-01 9.217e+04
1.770e-01 9.626e+04
1.847e-01 9.338e+04
1.793e-01 9.547e+04
1.816e-01 9.559e+04
1.788e-01 9.577e+04
1.862e-01 9.293e+04
1.885e-01 9.221e+04
1.918e-01 8.837e+04
1.924e-01 8.897e+04
1.852e-01 9.447e+04
2.284e-01 7.111e+04
1.796e-01 9.587e+04
1.809e-01 9.393e+04
1.901e-01 9.152e+04
1.809e-01 9.508e+04
1.843e-01 9.424e+04
1.792e-01 9.709e+04
1.845e-01 9.481e+04
1.858e-01 9.389e+04
1.915e-01 8.932e+04
1.759e-01 9.700e+04
1.779e-01 9.458e+04
1.820e-01 9.324e+04
1.860e-01 9.397e+04
1.811e-01 9.399e+04
2.190e-01 7.294e+04
1.816e-01 9.452e+04
1.854e-01 9.307e+04
1.883e-01 9.027e+04
1.853e-01 9.332e+04
1.755e-01 9.685e+04
2.275e-01 7.336e+04
1.859e-01 9.074e+04
2.423e-01 7.319e+04
1.866e-01 9.149e+04
2.336e-01 7.039e+04
1.808e-01 9.510e+04
2.457e-01 7.131e+04
1.854e-01 9.430e+04
1.770e-01 9.803e+04
2.290e-01 7.045e+04
1.798e-01 9.739e+04
1.944e-01 8.652e+04
1.855e-01 9.228e+04
1.896e-01 9.149e+04
1.773e-01 9.684e+04
1.785e-01 9.558e+04
1.772e-01 9.610e+04
1.737e-01 9.755e+04
1.732e-01 9.854e+04
1.898e-01 8.846e+04
1.814e-01 9.671e+04
1.753e-01 9.782e+04
1.783e-01 9.688e+04
1.853e-01 9.399e+04
1.845e-01 9.388e+04
1.815e-01 9.628e+04
1.832e-01 9.328e+04
2.396e-01 6.975e+04
1.833e-01 9.354e+04
1.943e-01 9.148e+04
1.835e-01 9.288e+04
1.898e-01 8.976e+04
1.810e-01 9.433e+04
1.803e-01 9.361e+04
1.790e-01 9.531e+04
1.749e-01 9.715e+04
1.808e-01 9.193e+04
1.752e-01 9.925e+04
1.802e-01 9.564e+04
1.791e-01 9.638e+04
2.428e-01 7.197e+04
1.796e-01 9.425e+04
1.785e-01 9.542e+04
2.016e-01 8.589e+04
1.862e-01 9.201e+04
2.095e-01 8.107e+04
1.802e-01 9.516e+04
1.818e-01 9.337e+04
1.800e-01 9.595e+04
1.758e-01 9.659e+04
1.846e-01 9.319e+04
1.837e-01 9.134e+04
1.892e-01 9.340e+04
1.848e-01 9.399e+04
1.775e-01 9.576e+04
1.752e-01 9.693e+04
1.765e-01 9.543e+04
1.795e-01 9.537e+04
1.804e-01 9.650e+04
2.505e-01 7.281e+04
1.870e-01 9.297e+04
1.866e-01 9.272e+04
1.781e-01 9.826e+04
2.382e-01 6.996e+04
2.177e-01 7.889e+04
1.811e-01 9.436e+04
2.340e-01 7.393e+04
1.830e-01 9.535e+04
2.271e-01 7.019e+04
1.828e-01 9.434e+04
1.796e-01 9.345e+04
1.799e-01 9.501e+04
1.849e-01 9.349e+04
1.834e-01 9.239e+04
1.879e-01 9.318e+04
1.874e-01 9.177e+04
2.229e-01 7.375e+04
1.827e-01 9.536e+04
1.746e-01 9.808e+04
1.797e-01 9.440e+04
1.853e-01 9.218e+04
1.803e-01 9.541e+04
1.798e-01 9.378e+04
1.873e-01 9.105e+04
1.786e-01 9.450e+04
1.766e-01 9.779e+04
1.847e-01 9.166e+04
1.810e-01 9.439e+04
1.822e-01 9.324e+04
1.802e-01 9.521e+04
2.051e-01 8.284e+04
1.736e-01 9.866e+04
1.848e-01 9.469e+04
1.874e-01 9.181e+04
1.815e-01 9.635e+04
1.815e-01 9.598e+04
1.761e-01 9.712e+04
1.886e-01 9.179e+04
1.897e-01 9.055e+04
1.880e-01 9.301e+04
1.810e-01 9.326e+04
1.822e-01 9.516e+04
1.862e-01 9.251e+04
1.778e-01 9.775e+04
1.809e-01 9.338e+04
1.766e-01 9.612e+04
1.825e-01 9.513e+04
1.871e-01 9.265e+04
1.800e-01 9.399e+04
2.381e-01 7.413e+04
1.832e-01 9.484e+04
1.869e-01 9.103e+04
2.433e-01 7.181e+04
1.846e-01 9.166e+04
1.830e-01 9.562e+04
2.230e-01 7.041e+04
2.327e-01 7.377e+04
2.422e-01 7.265e+04
2.010e-01 8.545e+04
1.773e-01 9.730e+04
1.768e-01 9.802e+04
1.805e-01 9.449e+04
1.832e-01 9.349e+04
1.863e-01 9.093e+04
1.830e-01 9.309e+04
1.795e-01 9.521e+04
1.879e-01 9.135e+04
1.813e-01 9.498e+04
1.840e-01 9.305e+04
1.863e-01 9.038e+04
2.280e-01 7.323e+04
2.409e-01 7.114e+04
1.767e-01 9.485e+04
2.320e-01 7.274e+04
1.789e-01 9.604e+04
1.756e-01 9.766e+04
1.813e-01 9.377e+04
1.918e-01 8.972e+04
1.840e-01 9.476e+04
2.225e-01 7.740e+04
1.769e-01 9.759e+04
1.906e-01 8.948e+04
1.784e-01 9.668e+04
1.912e-01 9.122e+04
1.825e-01 9.486e+04
1.849e-01 8.999e+04
1.805e-01 9.574e+04
1.875e-01 9.165e+04
1.779e-01 9.445e+04
2.499e-01 7.035e+04
1.744e-01 9.712e+04
1.845e-01 9.434e+04
1.819e-01 9.539e+04
2.466e-01 7.106e+04
1.800e-01 9.545e+04
1.895e-01 9.120e+04
1.840e-01 9.386e+04
2.350e-01 7.124e+04
1.875e-01 9.423e+04
1.840e-01 9.478e+04
1.874e-01 9.141e+04
1.810e-01 9.490e+04
1.830e-01 9.375e+04
1.969e-01 9.047e+04
1.767e-01 9.846e+04
1.786e-01 9.606e+04
1.822e-01 9.293e+04
1.778e-01 9.575e+04
1.744e-01 9.868e+04
1.901e-01 8.893e+04
1.789e-01 9.407e+04
1.809e-01 9.476e+04
1.796e-01 9.569e+04
2.026e-01 8.073e+04
1.780e-01 9.474e+04
1.780e-01 9.537e+04
1.910e-01 8.929e+04
2.320e-01 7.347e+04
1.870e-01 9.187e+04
1.760e-01 9.812e+04
1.856e-01 9.350e+04
1.775e-01 9.686e+04
2.348e-01 7.022e+04
1.847e-01 9.399e+04
1.755e-01 9.740e+04
1.747e-01 9.816e+04
1.840e-01 9.176e+04
1.737e-01 9.732e+04
1.740e-01 9.923e+04
1.833e-01 9.464e+04
1.770e-01 9.723e+04
1.825e-01 9.199e+04
1.938e-01 9.076e+04
1.894e-01 9.132e+04
1.962e-01 8.728e+04
1.816e-01 9.499e+04
2.270e-01 7.279e+04
1.807e-01 9.452e+04
2.212e-01 7.736e+04
2.308e-01 7.303e+04
2.375e-01 7.631e+04
1.839e-01 9.099e+04
1.866e-01 9.190e+04
2.350e-01 7.252e+04
1.849e-01 9.394e+04
1.797e-01 9.495e+04
1.714e-01 9.901e+04
2.137e-01 8.154e+04
1.862e-01 9.396e+04
1.809e-01 9.463e+04
1.818e-01 9.552e+04
1.812e-01 9.536e+04
1.738e-01 9.813e+04
1.749e-01 9.654e+04
1.953e-01 8.912e+04
1.818e-01 9.382e+04
2.340e-01 7.039e+04
1.789e-01 9.608e+04
1.816e-01 9.519e+04
1.876e-01 9.337e+04
1.845e-01 9.298e+04
1.809e-01 9.294e+04
1.831e-01 9.502e+04
1.835e-01 9.399e+04
1.842e-01 9.368e+04
1.738e-01 9.859e+04
1.848e-01 9.150e+04
2.401e-01 7.158e+04
1.876e-01 9.109e+04
1.764e-01 9.573e+04
1.832e-01 9.300e+04
1.798e-01 9.322e+04
1.764e-01 9.836e+04
1.791e-01 9.483e+04
1.769e-01 9.517e+04
1.790e-01 9.346e+04
1.976e-01 8.711e+04
1.817e-01 9.531e+04
1.811e-01 9.493e+04
1.826e-01 9.385e+04
1.777e-01 9.484e+04
1.814e-01 9.638e+04
1.816e-01 9.381e+04
1.815e-01 9.391e+04
1.782e-01 9.555e+04
1.827e-01 9.199e+04
1.788e-01 9.454e+04
1.817e-01 9.432e+04
1.837e-01 9.187e+04
2.385e-01 7.197e+04
1.959e-01 8.719e+04
1.926e-01 8.989e+04
1.837e-01 9.310e+04
2.260e-01 7.052e+04
1.780e-01 9.747e+04
1.797e-01 9.478e+04
1.899e-01 9.047e+04
1.881e-01 9.157e+04
2.093e-01 8.076e+04
1.780e-01 9.629e+04
1.989e-01 8.163e+04
1.920e-01 8.851e+04
1.759e-01 9.726e+04
1.780e-01 9.691e+04
1.776e-01 9.773e+04
1.946e-01 8.945e+04
2.397e-01 7.074e+04
1.772e-01 9.670e+04
1.794e-01 9.708e+04
1.796e-01 9.505e+04
1.757e-01 9.713e+04
1.899e-01 8.873e+04
2.214e-01 7.572e+04
2.307e-01 7.023e+04
1.718e-01 9.857e+04
2.216e-01 7.539e+04
1.772e-01 9.810e+04
1.860e-01 9.432e+04
1.774e-01 9.759e+04
1.807e-01 9.573e+04
1.797e-01 9.356e+04
1.822e-01 9.584e+04
2.048e-01 8.141e+04
1.815e-01 9.453e+04
2.346e-01 7.258e+04
1.771e-01 9.539e+04
1.799e-01 9.496e+04
1.757e-01 9.653e+04
1.813e-01 9.316e+04
1.875e-01 8.989e+04
1.851e-01 9.265e+04
2.359e-01 7.220e+04
1.866e-01 9.272e+04
2.379e-01 6.936e+04
1.966e-01 8.936e+04
1.845e-01 9.261e+04
1.757e-01 9.850e+04
1.959e-01 8.706e+04
1.767e-01 9.470e+04
1.800e-01 9.442e+04
1.820e-01 9.460e+04
1.815e-01 9.417e+04
1.804e-01 9.372e+04
1.810e-01 9.404e+04
1.806e-01 9.580e+04
2.273e-01 7.562e+04
1.871e-01 9.288e+04
1.782e-01 9.517e+04
2.360e-01 7.175e+04
1.819e-01 9.433e+04
1.739e-01 9.823e+04
1.781e-01 9.796e+04
2.224e-01 7.354e+04
2.300e-01 7.773e+04
1.844e-01 9.423e+04
1.878e-01 9.208e+04
1.926e-01 9.075e+04
1.914e-01 9.029e+04
2.023e-01 8.498e+04
1.729e-01 9.822e+04
1.807e-01 9.125e+04
1.909e-01 8.707e+04
2.278e-01 7.292e+04
1.776e-01 9.765e+04
1.815e-01 9.434e+04
1.786e-01 9.647e+04
1.874e-01 9.365e+04
1.760e-01 9.704e+04
1.800e-01 9.525e+04
1.726e-01 9.846e+04
1.754e-01 9.673e+04
1.883e-01 9.204e+04
2.324e-01 7.030e+04
1.845e-01 9.373e+04
1.839e-01 9.231e+04
1.829e-01 9.399e+04
1.791e-01 9.697e+04
1.811e-01 9.514e+04
1.776e-01 9.623e+04
1.810e-01 9.263e+04
1.784e-01 9.328e+04
1.978e-01 8.696e+04
1.837e-01 9.406e+04
1.864e-01 9.092e+04
1.819e-01 9.448e+04
1.768e-01 9.539e+04
2.417e-01 7.400e+04
2.338e-01 7.482e+04
1.842e-01 9.452e+04
1.798e-01 9.436e+04
1.747e-01 9.682e+04
1.974e-01 8.566e+04
1.817e-01 9.467e+04
1.792e-01 9.597e+04
1.769e-01 9.597e+04
2.496e-01 6.884e+04
1.809e-01 9.429e+04
1.851e-01 9.317e+04
1.802e-01 9.544e+04
1.869e-01 9.374e+04
1.765e-01 9.704e+04
1.918e-01 8.645e+04
1.744e-01 9.842e+04
1.817e-01 9.536e+04
1.797e-01 9.590e+04
1.812e-01 9.540e+04
2.221e-01 7.692e+04
2.283e-01 7.620e+04
1.898e-01 9.141e+04
1.849e-01 9.204e+04
1.886e-01 9.097e+04
1.853e-01 9.215e+04
1.929e-01 8.848e+04
1.778e-01 9.645e+04
1.798e-01 9.427e+04
2.270e-01 7.377e+04
1.899e-01 9.109e+04
2.248e-01 7.239e+04
1.833e-01 9.530e+04
1.820e-01 9.255e+04
1.817e-01 9.633e+04
1.820e-01 9.589e+04
2.356e-01 7.568e+04
1.770e-01 9.658e+04
1.996e-01 8.654e+04
1.766e-01 9.558e+04
1.762e-01 9.636e+04
1.748e-01 9.848e+04
1.800e-01 9.505e+04
1.824e-01 9.553e+04
1.771e-01 9.699e+04
1.832e-01 9.507e+04
1.831e-01 9.468e+04
1.901e-01 8.855e+04
2.237e-01 7.539e+04
1.826e-01 9.369e+04
1.806e-01 9.608e+04
1.836e-01 9.429e+04
2.316e-01 7.228e+04
1.760e-01 9.549e+04
1.771e-01 9.586e+04
1.832e-01 9.323e+04
1.850e-01 9.219e+04
1.835e-01 9.504e+04
1.922e-01 9.035e+04
1.890e-01 8.772e+04
1.788e-01 9.356e+04
1.861e-01 9.415e+04
1.821e-01 9.295e+04
1.877e-01 9.187e+04
1.922e-01 8.942e+04
1.769e-01 9.778e+04
1.909e-01 9.010e+04
1.742e-01 9.864e+04
1.817e-01 9.290e+04
1.874e-01 9.271e+04
1.913e-01 9.123e+04
1.761e-01 9.698e+04
2.317e-01 7.160e+04
1.838e-01 9.377e+04
1.857e-01 9.260e+04
1.821e-01 9.292e+04
1.818e-01 9.442e+04
1.797e-01 9.638e+04
1.799e-01 9.513e+04
2.230e-01 7.252e+04
1.810e-01 9.414e+04
1.949e-01 8.660e+04
1.780e-01 9.571e+04
2.155e-01 8.054e+04
1.859e-01 9.348e+04
2.325e-01 7.353e+04
1.927e-01 9.055e+04
1.932e-01 8.884e+04
1.771e-01 9.732e+04
1.831e-01 9.347e+04
2.332e-01 7.322e+04
1.866e-01 9.281e+04
1.805e-01 9.329e+04
2.101e-01 7.764e+04
1.803e-01 9.553e+04
1.803e-01 9.354e+04
1.802e-01 9.557e+04
2.145e-01 7.532e+04
1.785e-01 9.560e+04
1.878e-01 9.305e+04
1.857e-01 9.091e+04
1.756e-01 9.747e+04
2.306e-01 6.950e+04
1.751e-01 9.836e+04
2.308e-01 7.370e+04
1.842e-01 9.227e+04
1.836e-01 9.346e+04
1.757e-01 9.714e+04
1.877e-01 9.283e+04
1.862e-01 9.186e+04
1.980e-01 8.754e+04
1.844e-01 9.281e+04
1.806e-01 9.478e+04
1.778e-01 9.601e+04
1.730e-01 9.865e+04
1.784e-01 9.479e+04
1.937e-01 8.782e+04
1.853e-01 9.430e+04
2.041e-01 8.557e+04
1.794e-01 9.399e+04
1.976e-01 8.543e+04
1.892e-01 9.093e+04
1.824e-01 9.326e+04
1.800e-01 9.467e+04
1.796e-01 9.548e+04
1.793e-01 9.585e+04
2.320e-01 7.222e+04
1.818e-01 9.192e+04
1.872e-01 9.137e+04
1.892e-01 8.923e+04
1.762e-01 9.779e+04
2.370e-01 7.292e+04
1.805e-01 9.498e+04
1.807e-01 9.586e+04
1.804e-01 9.416e+04
1.732e-01 9.862e+04
2.020e-01 8.363e+04
1.824e-01 9.218e+04
1.822e-01 9.536e+04
1.897e-01 9.134e+04
1.770e-01 9.611e+04
1.978e-01 8.671e+04
2.324e-01 7.150e+04
1.849e-01 9.349e+04
2.431e-01 6.929e+04
1.799e-01 9.522e+04
1.849e-01 9.016e+04
1.951e-01 8.664e+04
1.887e-01 8.988e+04
1.837e-01 9.379e+04
1.903e-01 9.200e+04
1.784e-01 9.683e+04
2.541e-01 6.982e+04
1.845e-01 9.089e+04
1.758e-01 9.698e+04
2.397e-01 7.292e+04
1.802e-01 9.662e+04
1.810e-01 9.630e+04
1.855e-01 9.137e+04
1.812e-01 9.660e+04
2.019e-01 8.821e+04
2.336e-01 7.449e+04
1.835e-01 9.344e+04
1.850e-01 9.254e+04
1.810e-01 9.265e+04
1.812e-01 9.332e+04
1.804e-01 9.546e+04
2.359e-01 6.997e+04
2.175e-01 7.717e+04
1.835e-01 9.401e+04
1.768e-01 9.607e+04
1.854e-01 9.031e+04
1.779e-01 9.512e+04
1.799e-01 9.605e+04
2.080e-01 8.297e+04
2.126e-01 7.845e+04
1.804e-01 9.498e+04
1.885e-01 9.102e+04
1.741e-01 9.827e+04
1.815e-01 9.401e+04
1.794e-01 9.596e+04
1.811e-01 9.600e+04
1.801e-01 9.560e+04
1.802e-01 9.581e+04
2.183e-01 8.034e+04
1.788e-01 9.652e+04
2.440e-01 7.017e+04
1.769e-01 9.648e+04
1.908e-01 8.719e+04
2.338e-01 7.387e+04
1.846e-01 9.306e+04
2.148e-01 7.435e+04
1.831e-01 9.512e+04
2.216e-01 7.734e+04
1.778e-01 9.688e+04
2.338e-01 7.624e+04
2.006e-01 8.234e+04
1.752e-01 9.878e+04
1.818e-01 9.469e+04
1.859e-01 9.276e+04
2.110e-01 8.020e+04
1.864e-01 9.414e+04
1.750e-01 9.735e+04
1.800e-01 9.457e+04
1.863e-01 9.220e+04
1.756e-01 9.682e+04
2.212e-01 7.650e+04
1.775e-01 9.522e+04
1.788e-01 9.603e+04
1.822e-01 9.494e+04
1.906e-01 8.692e+04
2.009e-01 8.883e+04
2.492e-01 7.052e+04
1.799e-01 9.530e+04
1.792e-01 9.627e+04
1.850e-01 9.344e+04
1.766e-01 9.656e+04
1.823e-01 9.314e+04
1.820e-01 9.408e+04
1.849e-01 9.202e+04
1.757e-01 9.834e+04
1.772e-01 9.726e+04
1.889e-01 9.180e+04
1.850e-01 9.384e+04
1.828e-01 9.363e+04
1.802e-01 9.492e+04
1.845e-01 9.375e+04
2.362e-01 6.966e+04
1.860e-01 9.113e+04
1.869e-01 9.222e+04
1.822e-01 9.337e+04
1.832e-01 9.465e+04
1.875e-01 8.924e+04
1.737e-01 9.873e+04
1.854e-01 9.259e+04
1.828e-01 9.313e+04
1.768e-01 9.752e+04
1.970e-01 8.899e+04
1.744e-01 9.786e+04
1.831e-01 9.438e+04
1.759e-01 9.757e+04
1.816e-01 9.431e+04
1.816e-01 9.334e+04
2.025e-01 8.513e+04
1.758e-01 9.743e+04
2.045e-01 8.032e+04
2.257e-01 7.489e+04
1.898e-01 9.072e+04
2.280e-01 7.630e+04
2.231e-01 7.023e+04
2.266e-01 7.232e+04
1.808e-01 9.547e+04
1.875e-01 9.114e+04
1.858e-01 9.276e+04
1.803e-01 9.284e+04
1.813e-01 9.551e+04
1.785e-01 9.390e+04
1.752e-01 9.588e+04
2.273e-01 7.706e+04
1.839e-01 9.331e+04
1.770e-01 9.803e+04
1.772e-01 9.430e+04
1.774e-01 9.657e+04
1.817e-01 9.417e+04
2.020e-01 8.324e+04
1.764e-01 9.766e+04
1.865e-01 9.237e+04
1.808e-01 9.409e+04
1.871e-01 9.308e+04
1.777e-01 9.632e+04
1.822e-01 9.386e+04
2.375e-01 7.095e+04
1.765e-01 9.681e+04
1.833e-01 9.411e+04
