1.628e-01 1.008e+05
1.696e-01 1.001e+05
1.641e-01 1.008e+05
1.817e-01 9.818e+04
1.712e-01 9.795e+04
2.319e-01 9.038e+04
1.466e-01 1.056e+05
1.729e-01 9.926e+04
1.709e-01 9.868e+04
1.728e-01 9.881e+04
1.608e-01 1.020e+05
1.605e-01 1.015e+05
1.606e-01 1.019e+05
1.604e-01 1.016e+05
1.547e-01 1.021e+05
1.800e-01 9.692e+04
1.102e-05 1.449e+04
1.713e-01 9.889e+04
2.449e-01 8.775e+04
2.875e-01 8.579e+04
1.556e-01 1.028e+05
1.767e-01 9.765e+04
1.636e-01 1.003e+05
7.903e-06 1.257e+04
1.613e-01 1.008e+05
1.722e-01 9.786e+04
1.710e-01 9.902e+04
1.758e-01 9.759e+04
3.106e-01 8.258e+04
1.731e-01 9.869e+04
1.633e-01 1.015e+05
1.691e-01 9.968e+04
1.502e-01 1.037e+05
1.610e-01 1.014e+05
1.601e-01 1.015e+05
1.546e-01 1.021e+05
1.718e-01 9.793e+04
1.664e-01 9.936e+04
1.611e-01 1.004e+05
1.627e-01 1.013e+05
1.690e-01 9.953e+04
1.859e-01 9.667e+04
6.709e-06 1.390e+04
1.564e-01 1.029e+05
1.619e-01 1.015e+05
1.585e-01 1.021e+05
1.719e-01 9.885e+04
1.548e-01 1.026e+05
2.053e-01 9.399e+04
1.733e-01 9.908e+04
2.324e-01 8.914e+04
1.768e-01 9.842e+04
3.175e-01 8.298e+04
1.589e-01 1.019e+05
1.798e-01 9.746e+04
1.843e-01 9.606e+04
2.089e-01 9.209e+04
1.495e-01 1.042e+05
1.753e-01 9.909e+04
1.670e-01 9.945e+04
2.184e-01 9.200e+04
1.698e-01 9.895e+04
1.846e-01 9.582e+04
1.786e-01 9.738e+04
3.573e-06 2.575e+03
1.653e-01 1.002e+05
1.652e-01 1.000e+05
1.746e-01 9.919e+04
2.513e-01 8.830e+04
2.365e-01 9.022e+04
1.708e-01 1.004e+05
1.995e-01 9.325e+04
1.643e-01 1.001e+05
1.792e-01 9.770e+04
1.800e-01 9.647e+04
1.901e-01 9.477e+04
1.717e-01 9.793e+04
1.476e-01 1.046e+05
1.562e-01 1.016e+05
1.611e-01 1.020e+05
2.831e-01 8.239e+04
2.315e-01 8.986e+04
1.683e-01 9.851e+04
1.712e-01 9.915e+04
1.573e-01 1.025e+05
1.716e-01 9.920e+04
1.894e-01 9.630e+04
1.532e-01 1.029e+05
2.201e-01 9.230e+04
2.564e-01 8.860e+04
1.914e-01 9.479e+04
1.613e-01 1.007e+05
1.867e-06 2.478e+04
1.660e-01 9.967e+04
1.665e-01 9.929e+04
1.538e-01 1.031e+05
1.677e-01 9.910e+04
1.677e-01 1.005e+05
1.716e-01 9.868e+04
1.639e-01 9.904e+04
1.563e-01 1.029e+05
1.781e-01 9.799e+04
1.495e-01 1.046e+05
1.715e-01 9.888e+04
1.557e-01 1.029e+05
1.671e-01 9.981e+04
2.308e-01 8.965e+04
2.605e-01 8.562e+04
1.583e-01 1.016e+05
1.902e-01 9.356e+04
1.639e-01 1.011e+05
1.645e-01 1.008e+05
1.523e-01 1.036e+05
1.770e-01 9.826e+04
1.613e-01 1.013e+05
1.842e-01 9.651e+04
1.743e-01 9.822e+04
1.614e-01 1.014e+05
1.686e-01 9.905e+04
2.257e-01 8.968e+04
1.652e-01 1.002e+05
1.679e-01 9.938e+04
1.802e-01 9.739e+04
2.048e-01 9.369e+04
1.635e-01 1.015e+05
3.054e-01 8.247e+04
1.737e-01 9.875e+04
1.624e-01 1.001e+05
1.656e-01 1.005e+05
1.789e-01 9.768e+04
1.653e-01 1.006e+05
1.009e-06 9.392e+03
1.599e-01 9.999e+04
2.576e-01 8.659e+04
1.567e-01 1.020e+05
1.535e-01 1.037e+05
1.925e-01 9.478e+04
1.724e-01 9.920e+04
9.779e-06 1.561e+04
1.491e-01 1.048e+05
1.577e-01 1.023e+05
1.506e-01 1.035e+05
1.624e-01 1.007e+05
2.872e-01 8.382e+04
1.730e-01 9.868e+04
1.713e-01 9.920e+04
3.219e-01 7.609e+04
6.073e-06 1.348e+04
1.689e-01 9.898e+04
3.350e-01 8.031e+04
3.987e-01 7.906e+04
3.352e-01 7.249e+04
1.782e-01 9.872e+04
1.752e-01 9.833e+04
1.706e-01 9.990e+04
1.678e-01 9.907e+04
1.550e-01 1.029e+05
1.816e-01 9.771e+04
1.714e-01 9.861e+04
1.586e-01 1.025e+05
1.786e-01 9.751e+04
1.508e-01 1.035e+05
1.827e-01 9.563e+04
1.683e-01 1.002e+05
2.606e-01 8.670e+04
1.687e-01 9.853e+04
1.833e-01 9.706e+04
1.616e-01 1.013e+05
2.667e-01 8.626e+04
1.710e-01 9.852e+04
1.688e-01 9.903e+04
1.791e-01 9.644e+04
1.616e-01 1.007e+05
1.754e-01 9.735e+04
1.741e-01 9.886e+04
1.573e-01 1.024e+05
1.811e-01 9.699e+04
1.558e-01 1.025e+05
1.806e-01 9.786e+04
1.673e-01 9.832e+04
1.474e-01 1.050e+05
1.625e-01 9.999e+04
1.648e-01 1.006e+05
1.648e-01 9.976e+04
1.546e-01 1.029e+05
1.465e-01 1.055e+05
1.574e-01 1.018e+05
1.675e-01 9.863e+04
1.686e-01 9.834e+04
2.808e-01 7.726e+04
1.617e-01 1.012e+05
2.111e-07 1.604e+04
1.771e-01 9.755e+04
1.650e-01 9.957e+04
1.646e-01 1.002e+05
1.583e-01 1.014e+05
1.544e-01 1.034e+05
1.631e-01 1.004e+05
1.553e-01 1.025e+05
1.519e-01 1.036e+05
1.595e-01 1.013e+05
1.531e-01 1.036e+05
1.551e-01 1.023e+05
1.581e-01 1.017e+05
1.631e-01 1.012e+05
1.606e-01 1.016e+05
2.273e-01 9.061e+04
2.447e-01 8.905e+04
1.723e-01 9.896e+04
2.790e-01 8.306e+04
1.554e-01 1.013e+05
1.536e-01 1.030e+05
1.579e-01 1.021e+05
2.765e-01 8.415e+04
3.292e-06 1.004e+04
1.765e-01 9.760e+04
1.859e-01 9.554e+04
1.718e-01 9.932e+04
2.791e-01 8.650e+04
1.676e-01 9.958e+04
2.650e-05 8.120e+03
1.571e-01 1.024e+05
1.643e-01 1.011e+05
1.584e-01 1.018e+05
1.658e-01 1.005e+05
1.550e-01 1.030e+05
2.819e-01 8.453e+04
1.679e-01 9.961e+04
1.759e-01 9.847e+04
1.615e-01 1.011e+05
1.693e-01 9.773e+04
1.703e-01 9.976e+04
1.642e-01 1.005e+05
6.034e-06 2.054e+04
1.643e-01 1.005e+05
1.660e-01 9.977e+04
1.726e-01 9.726e+04
1.626e-01 1.014e+05
1.693e-01 9.870e+04
1.766e-01 9.822e+04
5.976e-06 2.395e+04
2.871e-01 8.393e+04
1.562e-01 1.024e+05
1.725e-01 9.858e+04
3.295e-01 8.130e+04
1.505e-01 1.035e+05
2.522e-01 8.680e+04
1.732e-01 9.769e+04
1.639e-01 9.998e+04
2.658e-01 8.752e+04
1.744e-01 9.816e+04
2.857e-01 7.552e+04
1.614e-01 1.013e+05
2.795e-01 8.657e+04
1.606e-01 1.015e+05
1.809e-01 9.743e+04
1.675e-01 9.964e+04
1.721e-01 9.876e+04
1.695e-01 9.959e+04
1.665e-01 9.973e+04
2.878e-01 8.648e+04
1.745e-01 9.726e+04
1.572e-01 1.021e+05
2.133e-01 9.078e+04
1.570e-01 1.032e+05
8.836e-06 8.639e+03
1.519e-01 1.034e+05
1.716e-01 9.853e+04
1.518e-01 1.036e+05
1.788e-01 9.790e+04
1.931e-01 9.441e+04
1.536e-01 1.039e+05
1.777e-01 9.767e+04
1.621e-01 1.002e+05
1.619e-01 1.012e+05
1.605e-01 1.004e+05
1.915e-01 9.406e+04
1.663e-01 1.001e+05
1.713e-01 9.858e+04
1.625e-01 1.010e+05
1.579e-01 1.030e+05
1.703e-01 9.915e+04
1.708e-01 9.917e+04
8.515e-06 1.431e+04
1.622e-01 1.006e+05
3.006e-01 8.480e+04
1.615e-01 1.011e+05
2.300e-01 9.009e+04
1.536e-01 1.027e+05
1.731e-01 9.923e+04
1.604e-01 1.011e+05
1.549e-01 1.029e+05
1.552e-01 1.018e+05
1.957e-01 9.490e+04
1.652e-01 1.006e+05
1.751e-01 9.869e+04
3.677e-06 1.016e+04
1.657e-01 9.976e+04
2.002e-01 9.303e+04
1.761e-01 9.784e+04
1.593e-01 1.012e+05
1.515e-01 1.038e+05
1.641e-01 1.002e+05
2.184e-01 9.095e+04
1.620e-01 1.012e+05
1.831e-01 9.744e+04
1.793e-01 9.678e+04
2.970e-01 7.301e+04
1.675e-01 9.955e+04
1.914e-01 9.541e+04
1.521e-01 1.030e+05
1.720e-01 9.905e+04
1.539e-01 1.024e+05
2.399e-01 8.805e+04
2.476e-01 8.833e+04
1.611e-01 1.006e+05
1.594e-01 1.020e+05
1.778e-01 9.697e+04
1.618e-01 1.005e+05
1.714e-01 9.934e+04
2.412e-01 8.456e+04
1.788e-01 9.830e+04
1.617e-01 1.013e+05
1.984e-01 9.446e+04
2.429e-01 8.692e+04
2.426e-01 8.926e+04
1.594e-01 1.010e+05
3.177e-01 7.242e+04
1.507e-01 1.032e+05
1.683e-01 9.964e+04
1.652e-01 9.986e+04
1.620e-01 1.014e+05
3.542e-01 7.811e+04
2.415e-01 8.948e+04
1.752e-01 9.887e+04
2.197e-01 9.104e+04
2.911e-01 8.464e+04
1.528e-01 1.033e+05
1.666e-01 9.875e+04
1.542e-01 1.022e+05
1.572e-01 1.018e+05
1.497e-01 1.046e+05
1.683e-01 1.001e+05
1.586e-01 1.020e+05
8.969e-06 1.342e+04
2.546e-01 8.372e+04
2.220e-01 8.963e+04
7.542e-06 1.020e+04
1.461e-01 1.052e+05
1.756e-01 9.838e+04
1.689e-01 1.005e+05
1.571e-01 1.021e+05
2.684e-01 8.756e+04
1.648e-01 1.001e+05
1.651e-01 1.008e+05
1.614e-01 1.013e+05
1.632e-01 1.013e+05
3.167e-01 8.492e+04
1.655e-01 9.976e+04
1.618e-01 9.942e+04
1.620e-01 1.009e+05
2.349e-01 8.856e+04
1.650e-01 1.008e+05
1.809e-01 9.703e+04
1.611e-01 1.011e+05
1.611e-01 1.012e+05
1.690e-01 1.002e+05
1.588e-01 1.014e+05
1.517e-01 1.030e+05
1.933e-01 9.424e+04
3.650e-06 1.520e+04
2.313e-01 8.899e+04
1.717e-01 9.975e+04
1.713e-01 9.984e+04
1.517e-01 1.035e+05
2.214e-01 9.046e+04
1.545e-01 1.029e+05
1.656e-01 1.009e+05
1.483e-01 1.038e+05
1.759e-01 9.830e+04
1.759e-01 9.779e+04
1.602e-01 1.019e+05
1.626e-01 9.966e+04
3.120e-01 8.381e+04
1.511e-01 1.032e+05
2.334e-01 8.888e+04
1.634e-01 9.974e+04
1.534e-01 1.031e+05
1.611e-01 1.010e+05
1.869e-01 9.545e+04
3.112e-01 7.259e+04
1.761e-01 9.842e+04
4.382e-06 1.959e+04
1.572e-01 1.012e+05
1.621e-01 1.007e+05
1.656e-01 9.971e+04
2.434e-01 8.878e+04
1.542e-01 1.034e+05
2.897e-01 8.352e+04
1.871e-01 9.623e+04
1.625e-01 1.008e+05
1.594e-01 1.009e+05
1.764e-01 9.769e+04
1.624e-01 1.002e+05
1.519e-01 1.042e+05
1.698e-01 9.887e+04
1.772e-01 9.795e+04
1.729e-01 9.962e+04
1.759e-01 9.788e+04
1.650e-01 1.013e+05
1.594e-01 1.014e+05
1.565e-01 1.033e+05
1.736e-01 9.767e+04
2.052e-01 9.368e+04
7.710e-06 1.794e+04
1.697e-01 9.965e+04
1.530e-01 1.034e+05
3.874e-01 7.799e+04
1.568e-01 1.024e+05
1.634e-01 1.007e+05
1.647e-01 1.007e+05
2.432e-01 8.843e+04
1.729e-01 9.828e+04
2.946e-06 1.022e+04
1.864e-01 9.662e+04
1.605e-01 1.014e+05
1.926e-01 9.455e+04
1.632e-01 1.001e+05
2.351e-01 8.769e+04
1.645e-01 9.991e+04
1.660e-01 9.985e+04
1.730e-01 9.814e+04
2.373e-01 9.033e+04
1.585e-01 1.014e+05
1.624e-01 1.002e+05
1.690e-01 9.905e+04
1.549e-01 1.017e+05
1.648e-01 1.006e+05
1.636e-01 9.968e+04
1.800e-01 9.735e+04
1.918e-01 9.684e+04
1.612e-01 1.011e+05
3.948e-01 7.377e+04
1.930e-01 9.517e+04
1.581e-01 1.020e+05
1.701e-01 9.848e+04
1.649e-01 1.008e+05
1.650e-01 1.002e+05
1.552e-01 1.024e+05
1.570e-01 1.028e+05
2.480e-01 8.739e+04
1.683e-01 1.004e+05
2.422e-01 8.799e+04
1.685e-01 1.003e+05
1.822e-01 9.645e+04
1.911e-01 9.381e+04
1.555e-01 1.034e+05
2.449e-01 8.798e+04
1.613e-01 1.011e+05
1.552e-01 1.032e+05
2.217e-01 9.146e+04
3.302e-01 7.382e+04
1.578e-01 1.016e+05
1.713e-01 9.988e+04
1.902e-01 9.448e+04
1.572e-01 1.019e+05
1.716e-01 9.827e+04
1.790e-01 9.702e+04
1.934e-01 9.538e+04
1.067e-05 2.877e+04
1.599e-01 1.015e+05
1.543e-01 1.029e+05
1.514e-01 1.040e+05
2.153e-01 9.255e+04
1.567e-01 1.012e+05
1.493e-01 1.049e+05
1.619e-01 1.002e+05
1.730e-01 9.876e+04
1.573e-01 1.010e+05
1.663e-01 1.007e+05
1.641e-01 1.007e+05
3.223e-01 7.734e+04
2.088e-01 9.397e+04
1.625e-01 1.006e+05
1.671e-01 1.005e+05
1.546e-01 1.033e+05
1.702e-01 9.771e+04
1.414e-05 9.495e+03
2.805e-01 8.571e+04
1.583e-01 1.013e+05
1.534e-01 1.034e+05
1.874e-01 9.623e+04
1.571e-01 1.026e+05
1.462e-01 1.053e+05
2.172e-06 3.823e+04
1.693e-01 9.875e+04
1.680e-01 1.001e+05
1.892e-01 9.456e+04
1.548e-01 1.030e+05
1.782e-01 9.799e+04
1.665e-01 9.903e+04
1.630e-01 1.015e+05
1.914e-06 7.552e+03
1.568e-01 1.019e+05
5.242e-06 4.270e+03
1.816e-01 9.741e+04
1.554e-01 1.034e+05
1.837e-01 9.670e+04
1.776e-01 9.776e+04
2.371e-01 8.999e+04
1.746e-01 9.869e+04
1.685e-01 9.968e+04
1.588e-01 1.015e+05
1.560e-01 1.020e+05
1.722e-01 9.803e+04
1.724e-01 9.889e+04
1.620e-01 1.009e+05
2.527e-01 8.769e+04
1.654e-01 1.000e+05
1.655e-01 1.004e+05
1.575e-01 1.029e+05
1.729e-01 9.916e+04
1.594e-01 1.005e+05
1.711e-01 9.928e+04
1.492e-01 1.041e+05
1.563e-01 1.024e+05
1.624e-01 1.009e+05
1.667e-01 1.006e+05
1.791e-01 9.819e+04
2.662e-01 8.370e+04
1.580e-01 1.009e+05
1.604e-01 1.010e+05
1.504e-01 1.048e+05
1.878e-01 9.613e+04
1.860e-01 9.514e+04
2.514e-01 8.833e+04
1.780e-01 9.873e+04
1.575e-01 1.025e+05
2.617e-01 8.538e+04
1.706e-01 9.866e+04
1.462e-01 1.051e+05
1.663e-01 9.947e+04
2.527e-01 8.524e+04
1.623e-01 1.014e+05
1.790e-01 9.721e+04
1.611e-06 8.331e+03
1.630e-01 1.006e+05
1.627e-01 1.003e+05
1.697e-01 9.857e+04
1.785e-01 9.675e+04
1.679e-01 9.970e+04
2.225e-01 9.053e+04
1.852e-01 9.642e+04
1.751e-01 9.835e+04
1.713e-01 9.982e+04
1.791e-01 9.755e+04
2.352e-01 8.909e+04
2.079e-01 9.201e+04
1.702e-01 9.903e+04
1.713e-01 9.793e+04
1.695e-01 9.956e+04
1.674e-01 1.005e+05
1.568e-01 1.023e+05
1.556e-01 1.020e+05
1.801e-01 9.737e+04
1.554e-01 1.030e+05
3.744e-01 7.422e+04
1.617e-01 1.000e+05
1.712e-01 9.901e+04
1.605e-01 1.015e+05
1.818e-01 9.728e+04
1.554e-01 1.025e+05
2.555e-01 8.653e+04
2.659e-01 8.440e+04
1.586e-01 1.010e+05
1.518e-01 1.031e+05
1.508e-01 1.039e+05
1.714e-01 9.836e+04
1.749e-01 9.885e+04
1.740e-01 9.928e+04
7.108e-06 9.614e+03
1.681e-01 9.976e+04
1.587e-01 1.015e+05
1.661e-01 9.970e+04
1.746e-01 9.858e+04
1.547e-01 1.037e+05
1.592e-01 1.017e+05
1.801e-01 9.692e+04
1.859e-01 9.591e+04
1.623e-01 1.009e+05
1.551e-01 1.018e+05
1.546e-01 1.033e+05
2.446e-05 1.950e+04
2.565e-01 8.787e+04
5.133e-06 1.991e+04
1.915e-01 9.376e+04
1.761e-01 9.646e+04
1.695e-01 9.951e+04
2.564e-01 8.787e+04
1.572e-01 1.018e+05
1.570e-01 1.026e+05
1.723e-01 9.847e+04
1.882e-01 9.487e+04
2.651e-01 8.783e+04
1.775e-01 9.781e+04
1.721e-01 9.932e+04
1.805e-01 9.800e+04
2.838e-08 1.665e+04
3.077e-01 8.269e+04
1.563e-01 1.022e+05
1.690e-01 9.912e+04
2.871e-01 8.356e+04
1.682e-01 9.996e+04
1.739e-01 9.817e+04
1.613e-01 1.011e+05
2.415e-01 9.015e+04
1.697e-01 9.863e+04
1.597e-01 1.020e+05
1.644e-01 1.001e+05
2.808e-01 8.600e+04
1.665e-01 1.007e+05
2.865e-01 8.375e+04
1.725e-01 9.879e+04
1.874e-01 9.645e+04
1.683e-01 9.961e+04
1.860e-01 9.645e+04
1.806e-01 9.692e+04
3.169e-01 8.194e+04
3.068e-01 8.029e+04
3.519e-01 8.224e+04
1.613e-01 1.008e+05
1.659e-01 1.003e+05
1.577e-01 1.029e+05
1.788e-01 9.815e+04
1.657e-01 1.002e+05
1.549e-01 1.037e+05
1.573e-01 1.016e+05
1.627e-01 1.001e+05
3.297e-01 8.372e+04
1.664e-01 9.980e+04
1.685e-01 9.994e+04
1.621e-01 1.004e+05
2.122e-05 1.538e+04
1.613e-01 1.002e+05
1.596e-01 1.020e+05
2.648e-01 8.632e+04
1.655e-01 1.006e+05
2.767e-01 8.598e+04
1.746e-01 9.775e+04
2.155e-01 9.158e+04
1.522e-01 1.032e+05
1.648e-01 1.005e+05
5.178e-01 7.402e+04
1.928e-01 9.469e+04
1.601e-01 1.010e+05
1.581e-01 1.017e+05
1.316e-05 1.893e+04
3.032e-06 1.215e+04
1.588e-01 1.017e+05
1.769e-01 9.801e+04
1.654e-01 1.011e+05
1.600e-01 1.013e+05
1.700e-01 9.986e+04
1.710e-01 9.826e+04
3.821e-01 7.229e+04
1.756e-01 9.838e+04
1.613e-01 1.006e+05
1.607e-01 1.001e+05
1.656e-01 1.005e+05
1.561e-01 1.025e+05
1.696e-01 9.907e+04
2.504e-01 8.921e+04
1.570e-01 1.024e+05
1.602e-01 1.018e+05
1.621e-01 1.007e+05
1.744e-01 9.829e+04
1.612e-01 1.015e+05
1.619e-01 1.013e+05
1.625e-01 1.014e+05
1.795e-01 9.702e+04
1.675e-01 9.923e+04
1.536e-01 1.036e+05
1.585e-01 1.021e+05
2.906e-01 8.133e+04
1.700e-01 9.897e+04
1.603e-01 1.008e+05
1.629e-01 1.003e+05
2.365e-01 9.099e+04
1.598e-01 1.014e+05
2.204e-01 9.170e+04
1.580e-01 1.024e+05
1.613e-01 1.011e+05
1.530e-01 1.035e+05
1.774e-01 9.784e+04
1.637e-01 1.006e+05
3.277e-01 8.021e+04
2.484e-01 8.614e+04
2.322e-01 8.889e+04
2.189e-01 9.071e+04
1.649e-01 9.960e+04
1.665e-01 9.936e+04
1.599e-01 1.022e+05
3.276e-01 8.299e+04
1.769e-01 9.755e+04
1.871e-01 9.591e+04
1.513e-01 1.036e+05
2.117e-01 9.301e+04
1.665e-01 1.003e+05
1.566e-01 1.020e+05
1.558e-01 1.024e+05
1.630e-01 1.002e+05
1.667e-01 1.002e+05
2.345e-01 8.694e+04
1.648e-01 1.010e+05
2.287e-01 9.091e+04
1.599e-01 1.013e+05
2.361e-01 8.943e+04
2.655e-01 8.668e+04
1.585e-01 1.019e+05
1.620e-01 1.002e+05
1.775e-01 9.836e+04
1.623e-01 1.014e+05
1.564e-01 1.021e+05
2.973e-01 8.514e+04
2.697e-01 8.810e+04
1.695e-01 9.954e+04
1.737e-01 9.874e+04
1.962e-01 9.436e+04
1.505e-01 1.040e+05
1.658e-01 1.002e+05
1.665e-01 1.002e+05
1.582e-01 1.018e+05
2.642e-01 8.522e+04
1.577e-01 1.023e+05
1.621e-01 1.005e+05
1.756e-01 9.753e+04
3.506e-01 7.419e+04
1.584e-01 1.009e+05
1.606e-01 1.017e+05
1.745e-01 9.779e+04
1.674e-01 9.963e+04
1.843e-01 9.678e+04
1.776e-01 9.856e+04
1.854e-01 9.560e+04
2.073e-01 9.354e+04
2.575e-01 8.862e+04
4.033e-06 1.538e+04
1.807e-01 9.706e+04
1.695e-01 9.918e+04
1.603e-01 1.009e+05
1.674e-01 1.002e+05
1.592e-01 1.011e+05
1.957e-01 9.422e+04
1.671e-01 1.007e+05
3.728e-01 7.865e+04
1.577e-01 1.019e+05
1.847e-01 9.659e+04
1.500e-01 1.047e+05
1.619e-01 1.013e+05
1.620e-01 1.010e+05
1.606e-01 1.013e+05
3.165e-01 8.413e+04
1.590e-01 1.014e+05
1.677e-01 9.903e+04
1.524e-01 1.028e+05
2.842e-01 7.752e+04
1.660e-01 9.967e+04
2.671e-01 8.653e+04
1.565e-01 1.021e+05
1.961e-01 9.401e+04
3.293e-01 8.218e+04
2.837e-01 8.513e+04
1.638e-01 1.004e+05
1.644e-01 1.006e+05
1.642e-01 1.004e+05
1.618e-01 1.014e+05
1.700e-01 9.883e+04
1.514e-01 1.032e+05
1.566e-01 1.032e+05
1.588e-01 1.008e+05
1.716e-01 9.848e+04
1.575e-01 1.020e+05
1.660e-01 9.944e+04
1.686e-01 9.943e+04
2.897e-01 8.534e+04
1.791e-01 9.707e+04
1.631e-01 1.006e+05
3.769e-01 8.030e+04
2.085e-01 9.334e+04
1.575e-01 1.025e+05
2.151e-01 9.173e+04
1.616e-01 1.011e+05
1.562e-01 1.015e+05
1.677e-01 9.919e+04
1.705e-01 9.878e+04
1.699e-01 9.938e+04
1.593e-06 8.400e+03
1.593e-01 1.024e+05
1.492e-01 1.041e+05
1.650e-01 9.993e+04
2.668e-01 8.677e+04
1.786e-01 9.800e+04
1.591e-01 1.012e+05
1.497e-01 1.046e+05
1.652e-01 9.986e+04
1.719e-01 9.766e+04
2.941e-01 8.488e+04
1.536e-01 1.031e+05
1.587e-01 1.008e+05
3.401e-01 8.034e+04
1.641e-01 1.010e+05
1.700e-01 9.908e+04
1.700e-01 9.960e+04
2.309e-01 8.939e+04
1.656e-01 9.980e+04
1.850e-01 9.610e+04
1.729e-01 9.845e+04
1.262e-05 2.556e+04
1.667e-01 9.965e+04
1.588e-01 1.014e+05
1.612e-01 1.008e+05
1.708e-01 9.850e+04
2.041e-06 2.609e+04
1.709e-01 9.950e+04
1.593e-01 1.020e+05
1.594e-01 1.022e+05
2.455e-01 8.797e+04
2.889e-01 8.135e+04
1.529e-01 1.036e+05
1.673e-01 9.902e+04
1.677e-01 9.950e+04
2.511e-01 8.724e+04
1.532e-01 1.024e+05
1.571e-01 1.021e+05
2.746e-01 7.539e+04
3.065e-01 8.348e+04
1.601e-01 1.014e+05
1.709e-01 9.852e+04
2.135e-01 9.114e+04
2.830e-01 8.413e+04
3.104e-01 8.282e+04
2.241e-01 9.013e+04
1.577e-01 1.017e+05
1.509e-01 1.032e+05
1.640e-01 1.001e+05
1.556e-01 1.026e+05
1.465e-01 1.054e+05
2.165e-01 8.965e+04
3.098e-01 8.141e+04
3.413e-01 7.979e+04
2.109e-01 9.129e+04
1.605e-01 1.016e+05
2.942e-01 8.204e+04
1.568e-01 1.022e+05
1.835e-01 9.609e+04
1.543e-01 1.036e+05
2.038e-01 9.159e+04
1.797e-01 9.731e+04
1.677e-01 9.965e+04
1.570e-01 1.025e+05
1.599e-01 1.013e+05
1.688e-01 9.965e+04
1.699e-01 9.957e+04
2.607e-01 8.623e+04
1.593e-01 1.018e+05
1.674e-01 9.783e+04
1.539e-01 1.024e+05
1.585e-01 1.016e+05
1.672e-01 9.954e+04
1.584e-01 1.019e+05
1.659e-01 1.003e+05
1.666e-01 9.906e+04
1.820e-01 9.578e+04
2.440e-01 8.811e+04
1.987e-01 9.463e+04
2.070e-01 9.355e+04
1.582e-01 1.024e+05
1.763e-01 9.920e+04
1.737e-01 9.789e+04
1.541e-01 1.037e+05
2.202e-01 8.921e+04
1.670e-01 9.821e+04
1.695e-01 9.893e+04
2.166e-01 9.187e+04
2.057e-01 9.330e+04
1.527e-01 1.030e+05
1.496e-01 1.046e+05
1.724e-01 9.852e+04
1.629e-01 1.015e+05
3.861e-01 7.744e+04
1.555e-01 1.025e+05
1.560e-01 1.027e+05
1.738e-01 9.827e+04
1.680e-01 9.941e+04
1.884e-01 9.616e+04
1.792e-01 9.781e+04
1.788e-01 9.751e+04
3.649e-01 8.196e+04
1.611e-01 1.014e+05
1.645e-01 1.006e+05
1.653e-01 9.990e+04
1.636e-01 1.004e+05
1.488e-01 1.040e+05
2.456e-01 8.619e+04
1.800e-01 9.692e+04
1.813e-01 9.722e+04
1.634e-01 1.006e+05
2.307e-01 8.922e+04
1.776e-01 9.884e+04
1.578e-01 1.024e+05
1.679e-01 9.981e+04
4.061e-01 7.589e+04
2.487e-01 8.848e+04
1.622e-01 1.012e+05
1.583e-01 1.017e+05
1.637e-01 9.998e+04
1.577e-01 1.024e+05
1.567e-01 1.019e+05
1.718e-01 9.850e+04
1.769e-01 9.805e+04
3.371e-01 7.406e+04
1.602e-01 1.014e+05
1.688e-01 9.951e+04
1.581e-01 1.026e+05
2.208e-01 9.004e+04
1.735e-01 9.764e+04
1.766e-01 9.800e+04
1.844e-01 9.653e+04
3.125e-01 8.445e+04
1.774e-01 9.801e+04
1.678e-01 1.006e+05
1.576e-01 1.011e+05
1.681e-01 9.982e+04
1.738e-01 9.865e+04
1.661e-01 1.004e+05
1.616e-01 1.014e+05
1.563e-01 1.022e+05
1.524e-01 1.033e+05
1.522e-01 1.033e+05
1.656e-01 9.958e+04
1.627e-01 1.011e+05
1.605e-01 1.010e+05
1.761e-01 9.811e+04
3.065e-01 8.278e+04
1.711e-01 9.908e+04
1.557e-01 1.024e+05
1.565e-01 1.025e+05
1.630e-01 1.010e+05
1.672e-01 1.001e+05
1.558e-01 1.031e+05
1.641e-01 9.974e+04
2.455e-01 8.828e+04
1.678e-01 1.005e+05
1.684e-01 9.868e+04
1.542e-01 1.024e+05
1.529e-01 1.022e+05
2.577e-01 8.767e+04
9.436e-06 1.593e+04
1.605e-01 1.011e+05
1.715e-01 9.898e+04
1.508e-01 1.039e+05
2.804e-01 8.437e+04
2.792e-01 8.513e+04
3.557e-01 7.865e+04
1.695e-01 9.893e+04
1.689e-01 9.990e+04
1.720e-01 9.881e+04
1.702e-01 9.871e+04
1.547e-01 1.026e+05
1.748e-01 9.705e+04
4.334e-01 7.604e+04
1.696e-01 9.947e+04
1.738e-01 9.923e+04
2.258e-01 9.231e+04
1.550e-01 1.021e+05
1.721e-01 9.839e+04
5.391e-06 7.179e+03
1.622e-01 1.015e+05
1.713e-01 9.912e+04
1.646e-01 1.008e+05
1.824e-01 9.606e+04
8.127e-07 5.197e+03
1.663e-01 9.985e+04
1.530e-01 1.038e+05
1.663e-01 1.003e+05
1.528e-01 1.033e+05
1.537e-01 1.028e+05
1.741e-01 9.828e+04
1.587e-01 1.019e+05
2.408e-01 8.760e+04
1.628e-01 1.004e+05
2.954e-01 8.507e+04
1.560e-01 1.029e+05
2.274e-01 8.844e+04
1.682e-01 9.937e+04
1.656e-01 1.002e+05
1.576e-01 1.030e+05
2.480e-01 8.907e+04
1.574e-01 1.020e+05
1.787e-01 9.662e+04
1.848e-01 9.723e+04
1.853e-01 9.728e+04
1.785e-01 9.749e+04
1.530e-01 1.033e+05
1.729e-01 9.845e+04
2.405e-06 1.208e+04
1.633e-01 1.009e+05
1.640e-01 1.003e+05
1.864e-01 9.623e+04
1.989e-01 9.433e+04
1.611e-01 1.016e+05
1.715e-01 9.911e+04
1.799e-01 9.763e+04
1.563e-01 1.028e+05
1.594e-01 1.005e+05
1.557e-01 1.023e+05
1.534e-01 1.023e+05
1.681e-01 9.881e+04
1.671e-01 9.978e+04
1.703e-01 9.910e+04
1.578e-01 1.022e+05
1.522e-01 1.029e+05
3.110e-01 8.334e+04
1.607e-01 1.019e+05
6.760e-06 1.225e+04
1.597e-01 1.012e+05
1.657e-01 9.958e+04
1.679e-01 9.939e+04
1.742e-01 9.811e+04
2.019e-01 9.345e+04
1.819e-01 9.675e+04
1.653e-01 1.006e+05
1.631e-01 1.003e+05
3.454e-07 2.228e+04
1.853e-01 9.558e+04
1.583e-01 1.018e+05
1.108e-05 2.223e+04
1.748e-01 9.908e+04
1.815e-01 9.706e+04
1.591e-01 1.023e+05
1.573e-01 1.019e+05
1.897e-01 9.480e+04
1.587e-01 1.028e+05
1.775e-01 9.707e+04
1.713e-01 9.936e+04
2.211e-01 9.033e+04
1.724e-01 9.820e+04
1.594e-01 1.016e+05
1.630e-01 1.010e+05
1.726e-01 9.785e+04
2.859e-01 7.828e+04
1.704e-01 9.968e+04
1.515e-01 1.034e+05
1.758e-01 9.904e+04
1.614e-01 1.010e+05
1.569e-01 1.020e+05
1.678e-01 1.009e+05
1.717e-01 9.954e+04
2.867e-01 8.326e+04
2.091e-01 9.118e+04
2.115e-01 9.173e+04
1.582e-01 1.014e+05
1.589e-01 1.018e+05
1.597e-01 1.017e+05
1.644e-01 1.005e+05
1.515e-01 1.037e+05
2.813e-01 8.476e+04
1.721e-01 9.964e+04
2.843e-01 8.393e+04
1.728e-01 9.864e+04
1.721e-01 9.825e+04
3.545e-06 2.305e+04
1.637e-01 1.015e+05
5.486e-06 1.679e+04
1.897e-01 9.684e+04
3.416e-01 7.797e+04
1.726e-01 9.890e+04
1.654e-01 1.002e+05
2.059e-01 9.220e+04
1.518e-01 1.039e+05
1.637e-01 1.005e+05
1.884e-01 9.462e+04
2.690e-01 8.346e+04
1.546e-01 1.035e+05
1.755e-01 9.856e+04
1.600e-01 1.019e+05
1.558e-01 1.013e+05
1.751e-01 9.751e+04
1.602e-01 1.014e+05
1.235e-05 2.039e+04
1.596e-01 1.013e+05
1.246e-06 1.628e+04
2.253e-01 9.030e+04
1.783e-01 9.853e+04
1.914e-01 9.451e+04
1.821e-01 9.736e+04
8.018e-06 2.519e+04
2.551e-01 8.444e+04
1.656e-01 1.008e+05
1.732e-01 9.869e+04
1.665e-01 1.006e+05
1.734e-01 9.835e+04
1.756e-01 9.815e+04
1.615e-01 1.016e+05
1.690e-01 9.936e+04
1.646e-06 2.206e+04
1.925e-01 9.440e+04
1.644e-01 1.006e+05
1.763e-01 9.852e+04
1.650e-01 1.008e+05
3.367e-01 7.843e+04
1.790e-01 9.662e+04
7.153e-07 1.187e+04
2.545e-01 8.980e+04
8.510e-06 1.532e+04
1.617e-01 1.005e+05
1.757e-01 9.650e+04
1.644e-01 1.005e+05
1.755e-01 9.848e+04
1.733e-01 9.806e+04
3.276e-06 1.496e+04
1.721e-01 9.862e+04
1.621e-01 1.007e+05
1.569e-01 1.019e+05
1.705e-01 9.916e+04
1.778e-01 9.795e+04
1.533e-01 1.029e+05
1.702e-01 9.964e+04
1.744e-01 9.819e+04
1.518e-01 1.035e+05
2.085e-01 9.312e+04
1.656e-01 1.001e+05
1.675e-01 9.973e+04
1.748e-01 9.861e+04
1.688e-01 9.973e+04
1.645e-01 1.003e+05
2.417e-01 9.005e+04
1.579e-01 1.021e+05
1.589e-01 1.003e+05
1.717e-01 9.941e+04
4.815e-06 3.595e+04
1.627e-01 1.011e+05
1.522e-01 1.032e+05
1.540e-01 1.030e+05
1.593e-01 1.007e+05
1.557e-01 1.019e+05
1.679e-01 9.940e+04
1.719e-01 9.987e+04
1.656e-01 9.943e+04
1.529e-01 1.037e+05
2.416e-01 8.896e+04
1.503e-01 1.040e+05
1.496e-01 1.039e+05
1.709e-01 9.864e+04
1.666e-01 9.975e+04
1.807e-01 9.847e+04
1.680e-01 9.958e+04
1.666e-01 9.950e+04
1.578e-01 1.018e+05
1.702e-01 1.001e+05
1.888e-01 9.320e+04
1.635e-01 1.006e+05
1.719e-01 9.938e+04
2.564e-01 8.743e+04
1.656e-01 1.002e+05
1.598e-01 1.008e+05
1.625e-01 1.003e+05
1.827e-01 9.657e+04
1.638e-01 1.000e+05
1.676e-01 9.933e+04
2.859e-01 8.606e+04
1.701e-01 9.915e+04
1.502e-01 1.045e+05
3.107e-01 8.386e+04
1.695e-01 9.966e+04
2.034e-01 9.485e+04
1.527e-01 1.037e+05
1.796e-01 9.725e+04
1.912e-01 9.529e+04
1.812e-01 9.593e+04
1.816e-01 9.706e+04
1.577e-01 1.023e+05
1.603e-01 1.007e+05
1.947e-01 9.322e+04
1.651e-01 1.008e+05
1.660e-01 1.003e+05
3.695e-01 7.448e+04
1.734e-01 9.851e+04
2.858e-01 8.191e+04
1.688e-01 9.964e+04
1.706e-01 1.002e+05
1.573e-01 1.026e+05
1.532e-01 1.027e+05
1.721e-01 9.867e+04
1.747e-01 9.880e+04
1.588e-01 1.018e+05
1.661e-01 9.921e+04
1.575e-01 1.023e+05
1.596e-01 1.016e+05
2.651e-01 8.489e+04
1.496e-01 1.040e+05
1.608e-01 1.011e+05
1.574e-01 1.024e+05
1.636e-01 1.001e+05
1.530e-01 1.034e+05
1.626e-01 1.008e+05
2.478e-01 8.823e+04
1.621e-01 1.016e+05
1.646e-01 1.006e+05
1.535e-01 1.031e+05
1.555e-01 1.018e+05
1.827e-01 9.648e+04
1.720e-01 9.937e+04
1.580e-01 1.019e+05
2.325e-01 8.937e+04
1.793e-06 1.563e+04
3.006e-01 8.459e+04
1.807e-01 9.724e+04
1.090e-05 1.023e+04
1.726e-01 9.882e+04
2.511e-01 8.852e+04
1.652e-01 1.004e+05
2.689e-01 8.657e+04
1.860e-06 1.790e+04
1.745e-01 9.845e+04
1.598e-01 1.018e+05
1.576e-01 1.021e+05
1.547e-01 1.032e+05
1.903e-01 9.598e+04
1.519e-01 1.029e+05
1.681e-01 9.988e+04
3.414e-01 7.671e+04
1.754e-05 9.801e+03
3.321e-01 7.990e+04
1.471e-06 1.773e+04
1.519e-01 1.031e+05
1.780e-01 9.699e+04
1.714e-01 9.880e+04
1.697e-01 9.933e+04
1.908e-01 9.475e+04
2.682e-01 8.681e+04
2.336e-01 8.931e+04
1.799e-01 9.585e+04
1.672e-01 9.977e+04
1.831e-01 9.633e+04
1.762e-01 9.837e+04
1.565e-01 1.026e+05
1.704e-01 9.881e+04
2.630e-01 8.803e+04
2.596e-01 8.653e+04
1.775e-01 9.792e+04
1.518e-01 1.033e+05
1.614e-01 1.005e+05
3.042e-01 8.511e+04
1.750e-01 9.811e+04
1.585e-01 1.010e+05
3.334e-01 8.025e+04
2.488e-01 8.929e+04
2.210e-01 8.834e+04
1.554e-01 1.021e+05
1.592e-01 1.005e+05
1.548e-01 1.022e+05
1.469e-01 1.051e+05
1.639e-01 1.011e+05
2.492e-01 8.843e+04
1.800e-01 9.622e+04
1.573e-01 1.017e+05
1.668e-01 9.970e+04
1.663e-01 9.958e+04
1.807e-01 9.744e+04
1.725e-01 9.890e+04
1.524e-01 1.030e+05
5.154e-06 1.930e+04
1.632e-01 1.012e+05
1.579e-01 1.028e+05
4.335e-06 3.559e+04
3.756e-01 7.887e+04
1.604e-01 1.011e+05
1.894e-01 9.641e+04
1.635e-01 1.007e+05
1.741e-01 9.763e+04
1.559e-01 1.022e+05
1.972e-01 9.524e+04
1.702e-01 9.864e+04
1.314e-05 1.963e+04
1.619e-01 1.012e+05
1.746e-01 9.753e+04
1.513e-01 1.040e+05
1.665e-01 1.003e+05
1.669e-01 9.977e+04
1.627e-01 1.001e+05
1.636e-01 1.010e+05
1.573e-01 1.016e+05
3.692e-06 6.034e+03
1.660e-01 9.983e+04
1.703e-01 9.939e+04
1.874e-01 9.599e+04
1.813e-01 9.665e+04
1.621e-01 1.008e+05
1.603e-01 1.021e+05
1.600e-01 1.021e+05
1.626e-01 1.010e+05
2.229e-01 9.085e+04
1.836e-01 9.736e+04
1.655e-01 9.999e+04
4.071e-01 7.490e+04
1.826e-01 9.721e+04
1.568e-01 1.026e+05
1.685e-01 9.933e+04
2.440e-01 8.918e+04
1.554e-01 1.037e+05
2.755e-01 8.676e+04
3.386e-01 8.256e+04
1.730e-01 9.840e+04
1.597e-01 1.021e+05
1.591e-01 1.012e+05
1.788e-01 9.701e+04
2.511e-01 8.861e+04
1.602e-01 1.004e+05
1.665e-01 1.001e+05
1.515e-01 1.029e+05
2.553e-01 8.515e+04
1.607e-01 1.010e+05
1.791e-01 9.668e+04
1.654e-01 9.996e+04
2.197e-01 9.039e+04
1.560e-01 1.017e+05
1.735e-01 9.756e+04
6.919e-06 2.002e+04
1.558e-01 1.029e+05
1.724e-01 9.879e+04
1.689e-01 9.904e+04
3.837e-06 9.885e+03
1.495e-01 1.044e+05
1.693e-01 9.925e+04
1.605e-01 1.021e+05
1.710e-01 9.982e+04
1.508e-01 1.038e+05
1.580e-01 1.028e+05
1.778e-01 9.771e+04
1.745e-01 9.902e+04
1.751e-01 9.866e+04
1.640e-01 1.007e+05
1.921e-01 9.596e+04
1.795e-01 9.774e+04
1.649e-01 9.985e+04
1.697e-01 9.931e+04
1.487e-01 1.041e+05
3.252e-01 8.375e+04
1.547e-01 1.019e+05
1.700e-01 9.904e+04
1.540e-01 1.033e+05
1.817e-01 9.671e+04
2.099e-01 9.112e+04
1.449e-05 1.251e+04
1.670e-01 1.001e+05
1.657e-01 9.966e+04
1.614e-01 1.007e+05
1.593e-01 1.018e+05
1.617e-01 1.003e+05
1.753e-01 9.759e+04
1.842e-01 9.755e+04
1.714e-01 9.853e+04
1.673e-01 9.986e+04
1.573e-01 1.020e+05
1.502e-01 1.046e+05
1.543e-01 1.025e+05
1.648e-01 1.007e+05
2.479e-01 8.725e+04
1.595e-01 1.019e+05
1.650e-01 1.004e+05
3.468e-01 7.953e+04
2.962e-06 1.685e+04
1.632e-01 9.946e+04
1.564e-01 1.018e+05
1.675e-01 1.008e+05
1.655e-01 9.995e+04
1.601e-01 1.009e+05
1.575e-01 1.024e+05
2.053e-01 9.200e+04
1.676e-01 1.000e+05
2.331e-06 2.862e+04
2.402e-01 8.963e+04
1.642e-01 9.992e+04
1.860e-01 9.679e+04
1.801e-01 9.758e+04
1.688e-01 9.876e+04
2.163e-01 9.080e+04
1.709e-01 9.888e+04
1.687e-01 1.002e+05
1.805e-01 9.698e+04
1.661e-01 9.955e+04
1.561e-01 1.021e+05
1.825e-01 9.785e+04
1.730e-01 9.872e+04
1.580e-01 1.028e+05
2.776e-01 8.639e+04
1.659e-01 9.922e+04
1.791e-01 9.732e+04
1.675e-01 9.973e+04
1.547e-01 1.032e+05
1.692e-01 9.914e+04
1.922e-06 1.370e+04
1.548e-01 1.018e+05
2.167e-01 9.244e+04
1.707e-01 9.900e+04
1.547e-01 1.020e+05
1.730e-01 9.815e+04
1.733e-01 9.900e+04
1.578e-01 1.025e+05
2.226e-01 9.041e+04
1.645e-01 1.003e+05
1.636e-01 1.013e+05
1.893e-01 9.576e+04
1.751e-01 9.807e+04
1.795e-01 9.655e+04
1.602e-01 1.009e+05
1.668e-01 1.004e+05
2.981e-01 8.397e+04
1.610e-01 1.014e+05
4.190e-01 7.256e+04
3.615e-06 7.181e+03
1.616e-01 1.013e+05
1.465e-01 1.051e+05
2.842e-01 8.646e+04
1.724e-01 9.830e+04
1.749e-01 9.887e+04
1.560e-01 1.020e+05
1.765e-01 9.818e+04
2.977e-07 8.939e+03
1.629e-01 1.009e+05
1.490e-01 1.047e+05
1.564e-01 1.029e+05
1.669e-01 1.006e+05
1.685e-01 9.862e+04
1.675e-01 1.003e+05
1.559e-01 1.031e+05
2.197e-05 9.689e+03
1.683e-01 9.915e+04
1.627e-01 1.002e+05
1.680e-01 1.001e+05
1.523e-01 1.031e+05
1.589e-01 1.019e+05
1.749e-01 9.821e+04
1.588e-01 1.020e+05
2.674e-01 8.679e+04
1.601e-01 1.007e+05
1.580e-01 1.010e+05
1.635e-01 1.001e+05
1.640e-01 1.006e+05
2.722e-01 8.413e+04
1.749e-01 9.880e+04
1.699e-01 9.817e+04
1.630e-01 1.004e+05
1.699e-01 9.906e+04
1.717e-01 9.779e+04
2.418e-01 8.977e+04
1.772e-01 9.860e+04
2.322e-01 8.949e+04
1.646e-01 1.003e+05
1.852e-01 9.636e+04
1.697e-01 9.932e+04
1.479e-01 1.046e+05
1.531e-01 1.030e+05
3.618e-01 7.904e+04
5.754e-07 2.009e+04
1.546e-01 1.027e+05
1.916e-01 9.515e+04
1.538e-01 1.036e+05
1.608e-01 1.003e+05
1.855e-01 9.635e+04
1.566e-01 1.026e+05
2.656e-01 8.508e+04
2.333e-01 8.878e+04
1.562e-01 1.013e+05
1.750e-01 9.853e+04
1.698e-01 9.907e+04
1.514e-01 1.032e+05
1.644e-01 1.009e+05
1.651e-01 1.006e+05
1.554e-01 1.030e+05
2.423e-01 8.823e+04
1.844e-01 9.664e+04
1.658e-01 1.001e+05
1.710e-01 9.871e+04
1.628e-01 1.014e+05
1.548e-01 1.029e+05
1.672e-01 1.007e+05
1.762e-01 9.800e+04
1.638e-01 1.005e+05
1.642e-01 1.005e+05
1.661e-01 9.976e+04
1.657e-01 9.951e+04
2.867e-01 8.545e+04
1.615e-01 1.011e+05
1.653e-01 1.003e+05
1.841e-01 9.655e+04
7.925e-06 1.495e+04
1.566e-01 1.012e+05
1.724e-01 9.815e+04
1.617e-01 1.020e+05
1.625e-01 1.019e+05
1.514e-01 1.042e+05
2.699e-01 8.624e+04
2.345e-01 9.040e+04
2.001e-01 9.484e+04
1.658e-01 9.990e+04
1.744e-01 9.841e+04
1.884e-01 9.618e+04
1.668e-01 9.966e+04
1.949e-01 9.533e+04
1.975e-01 9.317e+04
1.544e-01 1.029e+05
1.609e-01 1.004e+05
1.510e-01 1.043e+05
1.849e-01 9.648e+04
1.594e-01 1.018e+05
1.601e-01 1.011e+05
1.649e-01 1.006e+05
1.825e-01 9.656e+04
1.594e-01 1.012e+05
1.682e-01 9.914e+04
2.930e-01 8.389e+04
1.620e-01 1.014e+05
1.735e-01 9.775e+04
3.014e-01 7.505e+04
1.645e-01 1.003e+05
1.705e-01 9.872e+04
1.664e-01 9.989e+04
1.621e-01 1.016e+05
1.828e-01 9.777e+04
1.694e-01 9.885e+04
1.537e-01 1.029e+05
1.556e-01 1.024e+05
1.636e-01 1.002e+05
1.674e-01 9.882e+04
1.725e-01 9.865e+04
1.555e-01 1.026e+05
1.636e-01 1.001e+05
2.545e-01 8.518e+04
1.560e-01 1.025e+05
1.669e-01 1.002e+05
1.553e-01 1.026e+05
1.566e-01 1.021e+05
3.038e-01 7.554e+04
2.303e-01 8.963e+04
1.571e-01 1.021e+05
1.670e-01 9.949e+04
1.635e-01 1.015e+05
1.650e-01 1.007e+05
1.567e-01 1.023e+05
4.439e-07 3.002e+04
1.916e-01 9.456e+04
2.095e-01 9.186e+04
1.691e-01 9.984e+04
2.101e-01 9.421e+04
1.852e-01 9.475e+04
1.648e-01 1.000e+05
1.615e-01 1.001e+05
1.685e-01 1.003e+05
2.905e-01 8.242e+04
1.654e-01 9.942e+04
2.027e-01 9.195e+04
1.304e-06 7.849e+03
1.742e-01 9.750e+04
1.900e-01 9.491e+04
1.744e-01 9.828e+04
1.677e-01 9.957e+04
1.619e-01 1.012e+05
1.593e-01 1.018e+05
1.735e-01 9.858e+04
1.638e-01 1.001e+05
1.569e-01 1.022e+05
1.703e-01 9.849e+04
3.256e-01 8.148e+04
1.588e-01 1.012e+05
1.696e-01 9.974e+04
3.743e-01 7.696e+04
1.651e-01 1.000e+05
1.526e-01 1.036e+05
1.555e-01 1.023e+05
1.873e-01 9.489e+04
1.727e-01 9.870e+04
1.632e-01 9.997e+04
2.937e-01 8.084e+04
1.710e-01 9.921e+04
1.860e-01 9.670e+04
1.637e-01 1.009e+05
1.653e-01 1.008e+05
1.643e-01 9.979e+04
1.727e-01 9.896e+04
1.622e-01 9.990e+04
1.678e-01 9.964e+04
1.715e-01 9.843e+04
2.136e-01 9.081e+04
1.734e-01 9.903e+04
1.913e-01 9.562e+04
1.564e-01 1.025e+05
1.680e-01 9.941e+04
2.524e-01 8.819e+04
2.829e-01 8.452e+04
1.567e-01 1.023e+05
1.656e-01 1.006e+05
1.604e-01 1.015e+05
1.716e-01 9.932e+04
1.647e-01 9.996e+04
1.591e-01 1.012e+05
1.673e-01 9.905e+04
1.464e-01 1.051e+05
3.273e-01 8.450e+04
2.485e-01 8.825e+04
1.664e-01 9.946e+04
1.639e-01 1.008e+05
1.709e-01 9.884e+04
1.726e-01 9.991e+04
1.523e-01 1.031e+05
1.716e-01 9.903e+04
1.807e-01 9.702e+04
1.540e-06 3.765e+03
1.727e-01 9.802e+04
1.507e-01 1.044e+05
1.632e-01 1.006e+05
3.397e-01 7.923e+04
1.779e-01 9.813e+04
1.558e-01 1.025e+05
1.484e-01 1.048e+05
1.798e-01 9.771e+04
1.653e-01 1.009e+05
1.531e-01 1.036e+05
1.540e-01 1.031e+05
1.669e-01 9.997e+04
1.677e-01 9.942e+04
2.634e-01 8.671e+04
1.790e-01 9.753e+04
1.651e-01 1.008e+05
1.666e-01 1.003e+05
1.672e-01 1.005e+05
1.596e-01 1.017e+05
1.733e-01 9.825e+04
1.635e-01 1.003e+05
1.698e-01 9.908e+04
1.682e-01 9.913e+04
1.707e-01 9.896e+04
1.595e-01 1.015e+05
1.599e-01 1.018e+05
2.737e-01 8.631e+04
1.641e-01 1.017e+05
2.380e-01 9.015e+04
1.486e-01 1.042e+05
1.797e-01 9.618e+04
4.164e-01 7.526e+04
1.574e-01 1.015e+05
9.753e-07 1.733e+04
1.753e-01 9.817e+04
1.746e-01 9.706e+04
1.765e-01 9.849e+04
1.835e-01 9.683e+04
2.841e-01 8.228e+04
1.664e-01 9.955e+04
1.702e-01 9.824e+04
1.610e-01 1.011e+05
1.660e-01 9.862e+04
1.578e-01 1.024e+05
2.105e-01 9.374e+04
1.623e-01 1.009e+05
1.634e-01 1.005e+05
1.950e-01 9.475e+04
1.524e-01 1.036e+05
1.606e-01 1.011e+05
1.602e-01 1.015e+05
1.673e-01 9.923e+04
2.351e-01 8.989e+04
1.711e-01 9.955e+04
1.745e-01 9.886e+04
1.522e-01 1.027e+05
1.604e-01 1.007e+05
1.750e-01 9.843e+04
3.036e-01 8.350e+04
1.675e-01 1.007e+05
2.103e-01 9.146e+04
2.007e-01 9.505e+04
1.590e-01 1.021e+05
1.580e-01 1.019e+05
2.241e-01 9.140e+04
1.561e-01 1.022e+05
1.591e-01 1.014e+05
1.643e-01 1.005e+05
9.935e-07 9.632e+03
1.498e-01 1.042e+05
1.722e-01 9.914e+04
1.737e-01 9.929e+04
1.748e-01 9.793e+04
2.587e-01 8.582e+04
3.883e-01 7.270e+04
2.736e-01 8.507e+04
1.677e-01 9.916e+04
1.655e-01 1.011e+05
1.860e-01 9.525e+04
1.586e-01 1.018e+05
1.533e-01 1.028e+05
1.792e-01 9.650e+04
1.632e-01 9.962e+04
1.563e-01 1.027e+05
2.206e-01 8.970e+04
1.584e-01 1.023e+05
1.671e-01 9.920e+04
1.556e-01 1.025e+05
1.621e-01 1.004e+05
1.636e-01 1.005e+05
1.594e-01 1.018e+05
3.525e-01 8.225e+04
1.518e-01 1.037e+05
2.686e-01 8.492e+04
1.695e-01 9.860e+04
1.627e-01 1.005e+05
1.759e-01 9.778e+04
1.598e-01 1.020e+05
2.088e-01 9.298e+04
1.792e-01 9.761e+04
1.633e-01 1.016e+05
1.616e-01 1.013e+05
1.779e-01 9.800e+04
1.783e-01 9.771e+04
1.757e-01 9.883e+04
1.575e-01 1.025e+05
1.621e-01 1.004e+05
1.694e-01 9.905e+04
1.592e-01 1.008e+05
1.560e-01 1.030e+05
2.900e-01 8.298e+04
1.639e-01 9.911e+04
1.708e-01 1.002e+05
1.490e-06 1.206e+04
1.745e-01 9.814e+04
2.796e-01 8.656e+04
3.291e-01 8.318e+04
1.647e-01 9.950e+04
1.602e-01 1.018e+05
1.597e-01 1.010e+05
1.609e-01 1.013e+05
1.624e-01 1.009e+05
3.862e-01 7.598e+04
1.757e-01 9.850e+04
2.750e-01 8.641e+04
1.584e-01 1.019e+05
2.537e-01 8.498e+04
1.475e-01 1.044e+05
1.544e-01 1.025e+05
1.785e-01 9.760e+04
1.629e-01 1.003e+05
1.608e-01 1.005e+05
1.791e-01 9.742e+04
1.626e-01 1.016e+05
2.689e-01 8.668e+04
2.364e-01 8.922e+04
1.710e-01 9.817e+04
1.718e-01 9.918e+04
2.562e-01 8.770e+04
1.590e-01 1.008e+05
1.639e-01 1.009e+05
2.818e-05 2.361e+04
1.650e-01 1.005e+05
1.648e-01 1.008e+05
1.550e-01 1.038e+05
5.858e-07 1.282e+04
1.768e-01 9.862e+04
1.976e-01 9.361e+04
1.607e-01 1.019e+05
1.567e-01 1.026e+05
1.638e-01 1.008e+05
1.553e-01 1.030e+05
2.516e-01 8.933e+04
1.606e-01 1.020e+05
1.708e-01 9.930e+04
1.493e-01 1.042e+05
1.707e-01 9.927e+04
1.520e-01 1.032e+05
1.587e-01 1.022e+05
1.707e-01 9.938e+04
1.654e-01 1.003e+05
1.829e-01 9.628e+04
1.799e-01 9.647e+04
2.307e-01 8.937e+04
1.613e-01 1.008e+05
1.703e-01 1.000e+05
1.615e-01 1.001e+05
1.772e-01 9.705e+04
1.744e-01 9.777e+04
9.949e-07 1.264e+04
1.647e-01 1.000e+05
1.601e-01 1.015e+05
1.632e-01 1.006e+05
1.953e-01 9.524e+04
1.606e-01 1.010e+05
2.671e-01 8.488e+04
1.678e-01 9.969e+04
1.576e-01 1.023e+05
1.661e-01 1.006e+05
3.518e-01 7.524e+04
2.554e-01 8.660e+04
1.691e-01 9.914e+04
1.810e-01 9.769e+04
1.650e-01 9.900e+04
2.337e-01 9.027e+04
1.586e-01 1.016e+05
1.773e-01 9.687e+04
2.779e-01 8.537e+04
1.901e-01 9.563e+04
3.881e-01 7.225e+04
2.365e-01 8.903e+04
1.587e-01 1.015e+05
1.488e-01 1.044e+05
1.689e-01 9.944e+04
1.614e-01 1.015e+05
2.948e-01 8.302e+04
1.647e-01 9.963e+04
3.161e-01 8.442e+04
1.817e-06 1.767e+04
1.725e-01 9.858e+04
1.679e-01 9.976e+04
2.447e-01 8.835e+04
1.538e-01 1.026e+05
1.595e-01 1.022e+05
1.687e-01 9.895e+04
1.654e-01 1.002e+05
1.515e-01 1.044e+05
1.497e-01 1.043e+05
1.706e-01 9.835e+04
1.614e-01 1.011e+05
1.623e-01 1.006e+05
1.542e-01 1.034e+05
1.847e-01 9.668e+04
1.764e-01 9.668e+04
9.934e-06 7.477e+03
1.702e-01 9.786e+04
1.660e-01 1.002e+05
1.581e-01 1.021e+05
2.881e-01 8.480e+04
1.528e-01 1.038e+05
1.677e-01 9.922e+04
1.527e-01 1.025e+05
1.553e-01 1.034e+05
1.577e-01 1.027e+05
1.647e-01 1.004e+05
1.681e-01 1.001e+05
1.842e-01 9.733e+04
1.834e-01 9.663e+04
7.337e-06 2.108e+04
1.832e-01 9.703e+04
1.783e-01 9.757e+04
1.953e-01 9.344e+04
1.598e-01 1.016e+05
1.582e-01 1.022e+05
2.422e-01 8.941e+04
1.724e-01 9.922e+04
1.513e-01 1.031e+05
1.637e-01 1.018e+05
1.611e-01 1.015e+05
1.585e-01 1.011e+05
1.567e-01 1.027e+05
1.546e-01 1.033e+05
1.574e-01 1.009e+05
1.613e-01 1.020e+05
2.339e-01 8.843e+04
1.646e-01 1.004e+05
1.620e-01 1.013e+05
1.571e-01 1.024e+05
2.041e-01 9.312e+04
1.797e-01 9.839e+04
1.993e-01 9.337e+04
1.765e-01 9.873e+04
1.571e-01 1.024e+05
1.895e-01 9.586e+04
1.675e-01 9.934e+04
1.546e-01 1.028e+05
1.567e-01 1.024e+05
3.105e-01 8.391e+04
1.628e-01 1.017e+05
1.806e-01 9.741e+04
1.799e-01 9.716e+04
1.673e-01 9.999e+04
1.865e-01 9.596e+04
1.586e-01 1.014e+05
2.039e-01 9.316e+04
1.672e-01 1.006e+05
1.746e-01 9.804e+04
1.614e-01 1.014e+05
1.584e-01 1.023e+05
1.613e-01 1.012e+05
1.708e-01 9.911e+04
1.682e-01 9.968e+04
1.559e-01 1.026e+05
1.577e-01 1.022e+05
1.650e-01 1.004e+05
1.610e-01 1.006e+05
1.740e-01 9.753e+04
1.556e-01 1.033e+05
1.654e-01 9.996e+04
2.198e-01 9.046e+04
1.520e-01 1.043e+05
1.615e-01 1.010e+05
1.694e-01 9.945e+04
4.987e-07 1.154e+04
1.534e-01 1.025e+05
1.488e-01 1.042e+05
2.350e-01 8.964e+04
3.179e-06 1.280e+04
1.695e-01 9.929e+04
1.565e-01 1.020e+05
2.099e-01 9.243e+04
1.628e-01 1.006e+05
1.630e-01 1.000e+05
1.721e-01 9.845e+04
1.509e-01 1.030e+05
1.509e-01 1.045e+05
1.542e-01 1.032e+05
1.576e-01 1.022e+05
1.736e-01 9.725e+04
1.795e-01 9.687e+04
2.677e-06 1.370e+04
2.257e-01 8.809e+04
1.514e-01 1.038e+05
2.688e-01 8.834e+04
2.026e-01 9.351e+04
1.837e-01 9.491e+04
1.607e-01 1.010e+05
3.370e-01 7.657e+04
1.513e-01 1.031e+05
1.617e-01 1.007e+05
1.589e-01 1.014e+05
1.585e-01 1.021e+05
1.792e-01 9.768e+04
1.803e-01 9.706e+04
1.581e-01 1.019e+05
1.664e-01 1.001e+05
1.650e-01 1.009e+05
1.815e-01 9.655e+04
1.570e-01 1.029e+05
2.827e-01 8.435e+04
2.278e-01 8.819e+04
1.597e-01 1.007e+05
1.553e-01 1.028e+05
1.535e-01 1.032e+05
1.602e-01 1.019e+05
3.680e-01 7.778e+04
1.554e-01 1.012e+05
1.643e-01 1.009e+05
1.483e-01 1.045e+05
1.811e-01 9.697e+04
1.561e-01 1.019e+05
1.663e-01 1.002e+05
1.749e-01 9.870e+04
1.731e-01 9.878e+04
1.673e-01 9.981e+04
1.617e-01 1.015e+05
1.554e-01 1.034e+05
1.525e-01 1.034e+05
1.636e-01 1.008e+05
1.579e-01 1.019e+05
1.653e-01 1.004e+05
1.623e-01 1.005e+05
1.596e-01 1.016e+05
1.644e-01 1.003e+05
1.669e-01 9.947e+04
1.547e-01 1.033e+05
5.584e-06 2.213e+04
1.653e-01 1.009e+05
1.162e-06 2.273e+04
1.602e-01 1.013e+05
1.676e-01 9.955e+04
1.670e-01 1.004e+05
1.675e-01 1.000e+05
2.076e-01 9.246e+04
1.570e-01 1.027e+05
1.645e-01 9.999e+04
1.508e-01 1.033e+05
1.668e-01 9.924e+04
3.378e-01 8.153e+04
1.749e-05 5.193e+03
1.493e-01 1.039e+05
1.818e-01 9.804e+04
1.791e-01 9.676e+04
1.769e-01 9.730e+04
1.771e-01 9.816e+04
1.743e-01 9.949e+04
2.065e-01 9.228e+04
2.600e-01 8.728e+04
3.181e-01 8.271e+04
1.681e-01 9.976e+04
1.630e-01 1.007e+05
1.703e-01 9.759e+04
1.729e-01 9.795e+04
1.635e-01 1.005e+05
2.196e-06 1.438e+04
1.731e-01 9.864e+04
1.709e-01 9.822e+04
1.827e-01 9.733e+04
1.605e-01 1.009e+05
1.612e-01 1.001e+05
1.684e-01 9.952e+04
1.766e-01 9.716e+04
1.625e-01 1.016e+05
1.461e-01 1.056e+05
1.721e-01 9.814e+04
1.708e-01 9.961e+04
1.508e-01 1.034e+05
1.703e-01 9.882e+04
1.603e-01 1.023e+05
1.576e-01 1.016e+05
1.648e-01 1.004e+05
1.621e-01 1.005e+05
1.660e-01 1.009e+05
2.855e-01 8.378e+04
1.512e-01 1.035e+05
1.810e-01 9.746e+04
1.672e-01 9.999e+04
1.655e-01 1.004e+05
1.826e-01 9.620e+04
6.750e-06 1.264e+04
1.584e-01 1.022e+05
1.540e-01 1.026e+05
2.320e-01 8.898e+04
1.597e-01 1.016e+05
1.563e-01 1.028e+05
1.645e-01 1.002e+05
1.633e-01 1.001e+05
1.483e-01 1.051e+05
4.760e-01 7.506e+04
1.740e-01 9.793e+04
1.543e-01 1.033e+05
2.981e-01 8.328e+04
1.641e-01 1.004e+05
1.613e-01 1.017e+05
1.605e-01 1.009e+05
2.270e-01 9.156e+04
1.572e-01 1.017e+05
3.153e-01 8.163e+04
1.754e-01 9.731e+04
1.583e-01 1.019e+05
1.919e-06 1.344e+04
1.623e-01 1.007e+05
1.565e-01 1.024e+05
1.661e-01 9.941e+04
3.120e-01 7.930e+04
1.640e-01 9.985e+04
1.816e-01 9.803e+04
1.623e-01 1.014e+05
7.465e-06 2.477e+04
1.816e-01 9.736e+04
1.596e-01 1.010e+05
1.809e-01 9.646e+04
1.662e-01 9.954e+04
1.600e-01 1.017e+05
1.691e-01 9.924e+04
1.525e-01 1.032e+05
2.175e-01 9.007e+04
2.962e-01 7.156e+04
1.640e-01 1.005e+05
2.702e-01 8.448e+04
1.656e-01 9.965e+04
1.584e-01 1.018e+05
2.829e-01 8.478e+04
1.570e-01 1.018e+05
1.807e-01 9.789e+04
1.581e-01 1.022e+05
1.501e-01 1.036e+05
1.663e-01 1.004e+05
2.182e-01 9.123e+04
1.592e-01 1.023e+05
1.590e-01 1.014e+05
1.509e-01 1.031e+05
1.765e-06 6.040e+03
1.555e-01 1.019e+05
1.695e-01 9.924e+04
1.682e-01 9.868e+04
1.584e-01 1.020e+05
1.700e-01 9.940e+04
1.648e-01 9.976e+04
1.765e-01 9.807e+04
2.389e-01 8.960e+04
1.664e-01 9.987e+04
1.628e-01 1.013e+05
1.643e-01 9.981e+04
1.695e-01 9.911e+04
1.571e-01 1.021e+05
1.513e-01 1.035e+05
1.584e-01 1.012e+05
1.605e-01 1.012e+05
1.537e-01 1.038e+05
1.623e-01 1.010e+05
1.520e-01 1.038e+05
1.862e-01 9.644e+04
1.660e-01 1.004e+05
1.479e-01 1.047e+05
1.630e-01 1.005e+05
1.607e-01 1.014e+05
1.630e-01 9.983e+04
1.549e-01 1.028e+05
1.677e-01 9.937e+04
1.768e-01 9.764e+04
1.549e-01 1.031e+05
1.585e-01 1.022e+05
2.421e-01 8.818e+04
1.583e-01 1.020e+05
1.599e-01 1.013e+05
1.729e-01 9.876e+04
1.768e-01 9.732e+04
1.694e-01 9.921e+04
1.823e-01 9.650e+04
1.658e-01 1.002e+05
1.709e-01 9.945e+04
1.738e-01 9.773e+04
1.673e-01 1.004e+05
3.141e-01 8.224e+04
1.652e-01 1.005e+05
1.624e-01 1.011e+05
1.659e-01 9.970e+04
1.891e-01 9.545e+04
1.836e-01 9.466e+04
1.637e-01 1.001e+05
1.556e-01 1.021e+05
1.547e-01 1.020e+05
1.558e-01 1.026e+05
1.638e-01 1.004e+05
1.640e-01 1.002e+05
1.107e-05 2.077e+04
2.812e-01 8.213e+04
2.943e-01 8.473e+04
1.587e-01 1.018e+05
1.615e-01 1.000e+05
1.607e-01 1.015e+05
1.659e-01 9.920e+04
1.096e-05 1.906e+04
1.643e-01 1.010e+05
1.761e-01 9.790e+04
1.707e-01 9.924e+04
1.542e-01 1.032e+05
1.623e-01 1.014e+05
1.692e-01 9.897e+04
1.587e-01 1.017e+05
1.754e-01 9.705e+04
2.820e-01 8.558e+04
3.464e-01 8.172e+04
1.607e-01 1.015e+05
1.689e-01 9.804e+04
1.657e-01 1.001e+05
1.622e-01 1.007e+05
1.749e-01 9.834e+04
1.577e-01 1.023e+05
1.744e-01 9.971e+04
2.913e-01 8.491e+04
1.490e-01 1.045e+05
1.572e-01 1.022e+05
1.713e-01 9.958e+04
1.782e-01 9.703e+04
1.535e-01 1.030e+05
1.678e-01 9.982e+04
1.707e-01 9.755e+04
2.654e-01 8.489e+04
1.723e-01 9.867e+04
1.676e-01 9.914e+04
1.578e-01 1.023e+05
1.588e-01 1.015e+05
1.506e-01 1.030e+05
3.127e-01 8.294e+04
1.896e-01 9.552e+04
1.641e-01 1.003e+05
1.646e-01 9.992e+04
1.552e-01 1.022e+05
1.717e-01 9.842e+04
1.800e-01 9.706e+04
1.171e-06 1.362e+04
1.697e-01 1.004e+05
2.772e-01 8.511e+04
1.665e-01 9.975e+04
1.680e-01 9.974e+04
1.724e-01 9.910e+04
1.686e-01 1.000e+05
3.879e-01 7.356e+04
1.664e-01 9.964e+04
3.109e-06 2.230e+04
1.745e-01 9.762e+04
1.627e-01 1.002e+05
1.830e-01 9.521e+04
1.614e-01 1.001e+05
1.701e-01 9.886e+04
1.617e-01 1.011e+05
2.631e-01 8.561e+04
1.554e-01 1.023e+05
1.729e-01 9.730e+04
6.021e-06 8.679e+03
1.889e-01 9.590e+04
1.486e-01 1.045e+05
1.641e-01 1.001e+05
1.786e-01 9.665e+04
1.764e-01 9.803e+04
1.538e-01 1.035e+05
1.847e-01 9.649e+04
1.560e-01 1.024e+05
1.748e-01 9.793e+04
1.584e-01 1.021e+05
1.651e-01 1.008e+05
1.629e-01 1.007e+05
1.679e-01 9.990e+04
1.810e-01 9.703e+04
1.703e-01 9.874e+04
1.830e-01 9.762e+04
1.699e-01 9.948e+04
1.587e-01 1.014e+05
1.499e-01 1.033e+05
1.584e-01 1.019e+05
1.669e-01 1.002e+05
2.050e-01 9.377e+04
1.745e-01 9.737e+04
1.740e-01 9.829e+04
3.596e-01 8.084e+04
1.636e-01 9.957e+04
3.628e-01 7.619e+04
1.285e-06 3.752e+03
1.687e-01 9.943e+04
1.726e-01 9.915e+04
1.731e-01 9.887e+04
1.749e-01 9.906e+04
1.523e-01 1.035e+05
1.725e-01 9.864e+04
1.471e-01 1.050e+05
1.860e-01 9.600e+04
1.718e-01 9.818e+04
1.546e-01 1.028e+05
2.252e-01 8.803e+04
1.615e-01 1.014e+05
1.421e-06 2.200e+04
1.660e-01 1.001e+05
1.757e-01 9.799e+04
1.723e-01 9.745e+04
1.653e-01 9.929e+04
1.494e-01 1.039e+05
1.667e-01 9.846e+04
1.565e-01 1.019e+05
1.617e-01 1.006e+05
2.956e-01 7.357e+04
1.979e-01 9.354e+04
1.540e-01 1.026e+05
1.653e-01 1.001e+05
1.879e-01 9.475e+04
1.610e-01 1.014e+05
1.744e-01 9.800e+04
1.656e-01 1.007e+05
1.771e-01 9.786e+04
3.098e-01 8.327e+04
1.835e-01 9.691e+04
2.724e-01 8.752e+04
2.158e-01 9.180e+04
1.641e-01 1.013e+05
9.080e-07 3.609e+04
1.553e-01 1.026e+05
1.704e-01 9.951e+04
1.542e-01 1.034e+05
1.736e-01 9.795e+04
1.583e-01 1.007e+05
1.661e-01 9.945e+04
1.633e-01 1.008e+05
1.593e-01 1.008e+05
2.420e-01 8.719e+04
1.544e-01 1.023e+05
1.591e-01 1.023e+05
1.606e-01 1.011e+05
1.620e-01 1.014e+05
1.583e-01 1.020e+05
3.082e-01 7.531e+04
1.562e-01 1.020e+05
1.728e-01 9.913e+04
1.580e-01 1.022e+05
1.650e-01 1.006e+05
1.635e-01 1.009e+05
1.751e-01 9.798e+04
1.673e-01 9.990e+04
1.625e-01 1.015e+05
1.617e-01 1.016e+05
1.798e-01 9.702e+04
1.713e-01 9.887e+04
3.684e-01 7.664e+04
1.571e-01 1.022e+05
1.878e-01 9.582e+04
2.398e-01 8.825e+04
1.698e-01 9.929e+04
2.895e-01 8.359e+04
1.660e-01 1.000e+05
1.535e-01 1.037e+05
1.657e-01 1.009e+05
1.623e-01 1.004e+05
2.677e-01 8.647e+04
1.893e-01 9.384e+04
1.612e-01 1.013e+05
1.966e-01 9.343e+04
1.811e-01 9.744e+04
1.733e-01 9.909e+04
2.278e-01 8.990e+04
1.677e-01 1.003e+05
1.580e-01 1.018e+05
1.579e-01 1.018e+05
2.263e-01 8.929e+04
2.964e-01 7.702e+04
1.618e-01 1.015e+05
1.649e-01 1.006e+05
1.511e-01 1.040e+05
2.674e-01 8.636e+04
1.735e-01 9.929e+04
1.510e-01 1.036e+05
1.495e-01 1.040e+05
1.577e-01 1.016e+05
1.543e-01 1.020e+05
1.580e-01 1.008e+05
4.016e-01 7.479e+04
2.555e-06 1.647e+04
1.629e-01 1.005e+05
1.642e-01 1.002e+05
5.442e-06 1.272e+04
1.791e-01 9.786e+04
1.575e-01 1.017e+05
2.112e-01 9.072e+04
1.536e-01 1.025e+05
1.628e-01 1.007e+05
1.850e-01 9.635e+04
1.985e-01 9.292e+04
1.677e-01 1.002e+05
1.575e-01 1.011e+05
1.694e-01 9.915e+04
1.727e-01 9.888e+04
1.567e-01 1.024e+05
1.548e-01 1.034e+05
1.655e-01 9.947e+04
1.651e-01 1.003e+05
3.006e-01 8.339e+04
1.546e-01 1.027e+05
3.221e-01 7.303e+04
4.168e-06 1.239e+04
2.303e-06 2.911e+03
1.676e-01 9.885e+04
1.707e-01 1.001e+05
1.605e-01 1.014e+05
7.748e-06 1.021e+04
1.678e-01 1.006e+05
1.746e-01 9.903e+04
1.788e-01 9.732e+04
1.672e-01 9.994e+04
1.611e-01 1.000e+05
1.624e-01 1.020e+05
3.147e-01 7.862e+04
1.574e-01 1.014e+05
1.809e-01 9.662e+04
1.748e-01 9.813e+04
1.628e-01 1.009e+05
1.636e-01 1.004e+05
1.668e-01 9.885e+04
1.511e-01 1.038e+05
1.570e-01 1.019e+05
1.450e-01 1.056e+05
1.718e-01 9.850e+04
1.737e-01 9.857e+04
1.634e-01 1.009e+05
3.008e-01 8.502e+04
1.773e-01 9.885e+04
1.720e-01 9.813e+04
1.706e-01 1.000e+05
1.593e-01 1.009e+05
1.526e-01 1.024e+05
1.610e-01 1.013e+05
1.685e-01 1.003e+05
1.667e-01 1.003e+05
2.189e-01 9.024e+04
1.675e-01 1.001e+05
1.785e-01 9.724e+04
2.541e-01 8.808e+04
1.766e-01 9.880e+04
1.665e-01 9.953e+04
6.316e-06 7.886e+03
1.825e-01 9.602e+04
2.395e-01 8.965e+04
1.605e-01 1.015e+05
1.957e-01 9.406e+04
1.848e-01 9.698e+04
1.614e-01 1.008e+05
1.644e-01 1.011e+05
1.571e-01 1.019e+05
1.764e-01 9.860e+04
1.136e-05 3.227e+04
1.706e-01 9.874e+04
1.712e-01 9.937e+04
1.691e-01 9.897e+04
3.091e-06 2.022e+04
1.767e-01 9.872e+04
1.778e-01 9.774e+04
1.694e-01 9.922e+04
1.615e-01 1.013e+05
3.329e-01 8.292e+04
1.661e-01 1.005e+05
1.649e-01 1.008e+05
1.833e-01 9.523e+04
1.573e-01 1.016e+05
1.564e-01 1.019e+05
1.727e-01 9.823e+04
1.617e-01 1.013e+05
1.794e-01 9.718e+04
1.917e-01 9.604e+04
1.670e-01 9.985e+04
3.126e-06 1.590e+04
1.645e-01 9.945e+04
1.839e-01 9.654e+04
1.495e-01 1.039e+05
1.792e-01 9.695e+04
1.761e-01 9.705e+04
3.184e-01 7.569e+04
1.520e-01 1.029e+05
1.621e-01 1.007e+05
1.721e-01 9.759e+04
1.578e-01 1.020e+05
1.709e-01 9.822e+04
1.583e-01 1.012e+05
1.663e-01 9.992e+04
1.559e-01 1.036e+05
4.031e-01 7.817e+04
1.683e-01 1.006e+05
1.619e-01 9.978e+04
1.362e-05 2.711e+04
1.645e-01 1.002e+05
1.634e-01 1.014e+05
3.512e-01 7.772e+04
1.544e-01 1.031e+05
3.046e-01 8.251e+04
1.631e-01 1.002e+05
1.659e-01 1.004e+05
1.592e-01 1.011e+05
1.726e-01 9.885e+04
1.482e-01 1.045e+05
1.710e-01 9.883e+04
2.957e-01 8.434e+04
3.226e-01 7.267e+04
1.725e-01 9.913e+04
1.971e-06 1.101e+04
1.609e-01 1.008e+05
1.688e-01 9.992e+04
1.662e-01 9.934e+04
2.845e-01 8.561e+04
1.595e-01 1.010e+05
1.597e-01 1.014e+05
1.558e-01 1.021e+05
1.612e-01 1.018e+05
1.706e-01 9.861e+04
1.517e-01 1.037e+05
1.557e-01 1.033e+05
2.335e-01 8.959e+04
1.596e-01 1.017e+05
1.640e-01 1.007e+05
1.702e-01 9.880e+04
8.309e-07 2.349e+04
1.695e-01 9.971e+04
1.765e-01 9.848e+04
1.698e-01 9.941e+04
1.551e-01 1.027e+05
1.546e-01 1.026e+05
1.596e-01 1.005e+05
3.141e-01 8.468e+04
1.697e-01 9.961e+04
1.553e-01 1.027e+05
1.855e-01 9.655e+04
3.463e-01 8.098e+04
1.567e-01 1.022e+05
1.604e-01 1.018e+05
1.561e-01 1.023e+05
1.654e-01 9.965e+04
1.693e-01 9.904e+04
2.628e-01 8.614e+04
1.546e-01 1.024e+05
1.460e-01 1.054e+05
3.011e-01 8.258e+04
1.609e-01 1.013e+05
1.530e-01 1.041e+05
1.581e-01 1.012e+05
1.731e-01 9.909e+04
1.647e-01 1.008e+05
2.923e-01 8.373e+04
1.181e-06 1.106e+04
1.585e-01 1.017e+05
3.798e-01 7.750e+04
1.603e-01 1.015e+05
1.811e-01 9.738e+04
1.561e-01 1.028e+05
1.704e-01 9.953e+04
2.752e-01 8.350e+04
1.873e-01 9.661e+04
4.517e-06 5.898e+03
1.854e-01 9.602e+04
1.707e-01 9.808e+04
1.759e-01 9.854e+04
1.645e-01 9.953e+04
1.802e-01 9.777e+04
1.479e-01 1.049e+05
1.071e-05 1.311e+04
2.243e-01 9.161e+04
1.507e-01 1.033e+05
2.785e-01 8.444e+04
1.600e-01 1.019e+05
2.844e-06 1.866e+04
1.709e-01 9.901e+04
1.647e-01 1.003e+05
1.661e-01 9.986e+04
3.139e-01 8.323e+04
1.521e-01 1.035e+05
1.609e-01 1.009e+05
1.677e-01 9.971e+04
3.166e-01 7.496e+04
1.565e-01 1.022e+05
1.819e-01 9.646e+04
1.531e-01 1.041e+05
1.816e-01 9.723e+04
1.758e-01 9.757e+04
2.286e-01 8.814e+04
1.744e-01 9.785e+04
1.745e-01 9.850e+04
1.600e-01 1.004e+05
1.542e-01 1.032e+05
1.639e-01 1.009e+05
1.628e-01 1.004e+05
1.651e-01 9.990e+04
1.738e-01 9.779e+04
1.809e-01 9.735e+04
4.005e-01 7.723e+04
1.719e-01 9.895e+04
1.664e-01 9.934e+04
1.552e-01 1.019e+05
1.694e-01 9.968e+04
1.783e-01 9.809e+04
1.567e-01 1.020e+05
1.680e-01 9.952e+04
1.815e-01 9.654e+04
1.585e-01 1.021e+05
1.542e-01 1.022e+05
1.603e-01 1.014e+05
1.661e-01 9.875e+04
1.574e-01 1.018e+05
1.608e-01 1.011e+05
2.316e-01 8.986e+04
1.689e-01 9.963e+04
2.381e-01 9.084e+04
1.714e-01 9.904e+04
1.509e-01 1.042e+05
1.778e-01 9.803e+04
1.619e-01 1.009e+05
2.048e-01 9.247e+04
1.713e-01 9.927e+04
1.700e-01 9.927e+04
1.603e-01 1.009e+05
1.506e-01 1.034e+05
1.574e-01 1.023e+05
3.352e-01 7.806e+04
1.715e-01 9.976e+04
2.471e-01 8.747e+04
1.789e-01 9.687e+04
3.006e-01 7.340e+04
1.710e-01 9.882e+04
1.581e-01 1.019e+05
1.999e-01 9.320e+04
1.564e-01 1.032e+05
1.606e-01 1.017e+05
1.624e-01 1.003e+05
1.592e-01 1.016e+05
1.696e-01 9.987e+04
2.654e-01 8.653e+04
3.390e-06 1.742e+04
1.667e-01 9.977e+04
1.875e-01 9.637e+04
1.538e-01 1.035e+05
1.800e-01 9.742e+04
1.714e-01 9.956e+04
2.357e-01 8.894e+04
1.708e-01 9.873e+04
1.630e-01 1.010e+05
6.521e-07 1.483e+04
1.695e-01 9.900e+04
1.712e-01 9.860e+04
1.718e-01 9.947e+04
3.087e-01 8.459e+04
1.581e-01 1.026e+05
2.044e-01 9.353e+04
1.632e-01 1.012e+05
1.740e-01 9.904e+04
1.601e-01 1.016e+05
2.048e-01 9.335e+04
2.809e-01 8.477e+04
1.705e-01 9.938e+04
1.589e-01 1.015e+05
2.235e-01 9.177e+04
1.629e-01 1.013e+05
3.495e-01 7.413e+04
1.544e-01 1.036e+05
1.803e-01 9.678e+04
1.620e-01 1.004e+05
1.647e-01 1.005e+05
1.082e-06 8.681e+03
2.891e-01 8.486e+04
1.617e-01 1.004e+05
1.700e-01 9.902e+04
1.672e-01 1.002e+05
1.791e-01 9.735e+04
1.609e-01 1.020e+05
1.568e-01 1.029e+05
1.469e-01 1.048e+05
8.023e-06 1.007e+04
1.530e-01 1.026e+05
2.991e-01 8.024e+04
1.600e-01 1.012e+05
1.652e-01 1.006e+05
1.540e-01 1.032e+05
1.578e-01 1.029e+05
2.382e-01 8.798e+04
1.995e-01 9.520e+04
1.670e-01 9.941e+04
2.263e-01 9.068e+04
1.719e-01 9.857e+04
1.606e-01 1.012e+05
3.878e-01 7.272e+04
1.962e-01 9.367e+04
1.829e-01 9.618e+04
1.639e-01 1.009e+05
1.639e-01 1.006e+05
1.665e-01 9.986e+04
1.573e-01 1.018e+05
8.722e-06 9.180e+03
1.625e-01 1.008e+05
1.660e-01 9.914e+04
9.210e-06 2.069e+04
2.628e-01 8.646e+04
1.897e-01 9.638e+04
2.171e-01 9.046e+04
1.584e-01 1.020e+05
1.602e-01 1.008e+05
1.239e-05 2.575e+04
1.596e-01 1.013e+05
1.795e-01 9.755e+04
1.570e-01 1.026e+05
3.845e-01 7.602e+04
1.595e-01 1.014e+05
1.633e-01 1.008e+05
1.656e-01 9.997e+04
1.553e-01 1.029e+05
1.487e-01 1.041e+05
1.589e-01 1.020e+05
1.585e-01 1.018e+05
1.716e-01 9.901e+04
1.543e-01 1.022e+05
1.663e-01 1.005e+05
1.598e-01 1.017e+05
1.471e-01 1.048e+05
1.601e-01 1.011e+05
1.691e-01 9.858e+04
1.533e-01 1.038e+05
1.976e-01 9.410e+04
1.649e-01 9.947e+04
1.661e-01 9.971e+04
1.544e-01 1.029e+05
1.533e-01 1.029e+05
1.660e-01 1.002e+05
2.717e-01 8.547e+04
1.521e-01 1.032e+05
1.658e-01 9.977e+04
1.622e-01 1.000e+05
1.065e-05 2.123e+04
1.579e-01 1.021e+05
2.737e-01 8.556e+04
1.749e-01 9.712e+04
2.260e-01 9.097e+04
1.647e-01 1.002e+05
3.306e-01 8.206e+04
1.846e-01 9.696e+04
3.019e-01 8.233e+04
1.614e-01 1.003e+05
1.639e-01 1.011e+05
1.711e-01 9.910e+04
1.488e-01 1.040e+05
1.592e-01 1.007e+05
1.695e-01 9.870e+04
1.594e-01 1.015e+05
1.735e-01 9.856e+04
1.822e-01 9.694e+04
1.771e-01 9.784e+04
2.217e-01 8.901e+04
1.892e-01 9.568e+04
1.636e-01 1.007e+05
2.040e-01 9.197e+04
1.567e-01 1.027e+05
1.572e-01 1.013e+05
1.742e-01 9.863e+04
2.289e-01 8.993e+04
1.678e-01 9.988e+04
1.702e-01 9.970e+04
1.617e-01 1.001e+05
1.840e-06 2.823e+04
2.158e-01 9.092e+04
1.814e-01 9.667e+04
1.547e-01 1.029e+05
1.607e-01 1.019e+05
1.641e-01 1.002e+05
1.648e-01 1.000e+05
3.284e-06 1.582e+04
3.731e-06 1.455e+04
3.279e-01 8.389e+04
1.531e-01 1.030e+05
1.719e-01 9.839e+04
1.634e-01 1.000e+05
3.010e-01 8.327e+04
1.706e-01 9.924e+04
1.634e-01 1.007e+05
1.715e-01 9.963e+04
1.528e-01 1.032e+05
2.131e-01 8.987e+04
1.733e-01 9.854e+04
1.904e-01 9.523e+04
1.646e-01 9.995e+04
1.647e-01 1.005e+05
1.689e-01 9.982e+04
2.617e-01 8.588e+04
1.521e-01 1.033e+05
1.726e-01 9.928e+04
2.140e-06 2.824e+04
1.685e-01 9.762e+04
1.577e-01 1.020e+05
1.738e-01 9.768e+04
1.611e-01 1.019e+05
2.522e-01 8.701e+04
1.650e-01 1.002e+05
1.623e-01 1.011e+05
1.715e-01 9.849e+04
1.750e-01 9.930e+04
1.580e-01 1.005e+05
1.659e-01 9.997e+04
1.777e-01 9.743e+04
2.783e-01 8.499e+04
1.701e-01 9.967e+04
2.044e-01 9.350e+04
1.691e-01 9.889e+04
1.575e-01 1.022e+05
1.680e-01 9.910e+04
2.887e-01 8.419e+04
1.681e-01 9.963e+04
1.635e-01 1.003e+05
1.692e-01 9.902e+04
3.669e-01 7.175e+04
1.635e-01 1.013e+05
1.556e-01 1.022e+05
1.587e-01 1.016e+05
1.671e-01 1.002e+05
1.572e-01 1.022e+05
1.643e-01 1.009e+05
1.567e-01 1.019e+05
1.565e-01 1.026e+05
1.615e-01 1.012e+05
1.629e-01 1.011e+05
5.316e-06 1.417e+04
2.582e-01 8.442e+04
3.121e-01 8.074e+04
1.839e-01 9.639e+04
2.241e-01 9.214e+04
1.615e-01 1.007e+05
1.575e-01 1.013e+05
5.604e-06 3.189e+03
1.527e-01 1.032e+05
1.643e-01 1.003e+05
1.537e-01 1.033e+05
2.553e-01 8.769e+04
1.664e-01 9.983e+04
1.587e-01 1.020e+05
1.910e-01 9.611e+04
1.676e-01 9.983e+04
3.195e-01 8.193e+04
1.700e-01 9.962e+04
1.495e-01 1.038e+05
1.569e-01 1.019e+05
1.814e-01 9.562e+04
1.660e-01 1.003e+05
3.202e-01 7.637e+04
1.585e-01 1.020e+05
2.831e-01 8.515e+04
1.701e-01 9.952e+04
1.618e-01 1.016e+05
1.597e-01 1.015e+05
1.538e-01 1.026e+05
1.791e-01 9.692e+04
1.503e-01 1.040e+05
1.838e-01 9.609e+04
1.624e-01 1.007e+05
1.636e-01 1.015e+05
3.032e-01 8.293e+04
1.571e-01 1.010e+05
3.545e-01 7.381e+04
1.655e-01 1.002e+05
1.617e-01 1.008e+05
3.306e-01 7.851e+04
3.826e-01 7.591e+04
1.617e-01 1.006e+05
1.466e-01 1.050e+05
1.694e-01 9.827e+04
1.620e-01 1.010e+05
1.639e-01 1.011e+05
2.115e-01 9.079e+04
1.815e-01 9.758e+04
1.486e-01 1.043e+05
1.550e-01 1.033e+05
1.479e-01 1.047e+05
1.521e-01 1.036e+05
1.563e-01 1.026e+05
1.635e-01 1.001e+05
1.675e-01 9.973e+04
2.536e-01 8.661e+04
1.668e-01 1.006e+05
1.891e-01 9.556e+04
2.024e-01 9.308e+04
2.083e-01 9.268e+04
1.506e-01 1.044e+05
1.726e-01 9.810e+04
1.654e-01 1.006e+05
1.494e-01 1.039e+05
2.834e-01 8.557e+04
1.551e-01 1.024e+05
1.675e-01 9.921e+04
3.811e-01 7.331e+04
1.814e-01 9.648e+04
1.668e-01 9.978e+04
1.616e-01 1.011e+05
1.776e-01 9.807e+04
2.615e-06 9.262e+03
1.552e-01 1.029e+05
1.561e-01 1.024e+05
1.547e-01 1.020e+05
1.771e-01 9.888e+04
1.611e-01 1.003e+05
1.580e-01 1.010e+05
1.603e-01 1.012e+05
1.588e-01 1.014e+05
1.563e-01 1.021e+05
3.223e-01 7.486e+04
2.503e-01 8.924e+04
1.670e-01 1.007e+05
2.129e-01 9.256e+04
1.708e-01 9.893e+04
1.965e-01 9.554e+04
1.608e-01 1.005e+05
1.603e-01 1.008e+05
1.655e-01 9.987e+04
2.944e-01 8.481e+04
1.588e-01 1.021e+05
2.149e-01 9.086e+04
1.686e-01 1.003e+05
1.767e-01 9.771e+04
1.544e-01 1.030e+05
1.740e-01 9.832e+04
1.689e-01 9.969e+04
1.589e-01 1.017e+05
1.639e-01 1.000e+05
1.845e-01 9.591e+04
1.686e-01 1.003e+05
1.794e-01 9.715e+04
1.958e-01 9.457e+04
1.788e-01 9.635e+04
1.600e-01 1.015e+05
1.703e-01 9.873e+04
1.580e-01 1.027e+05
2.659e-05 8.703e+03
1.848e-01 9.623e+04
1.863e-01 9.598e+04
1.545e-01 1.032e+05
1.592e-01 1.012e+05
1.490e-01 1.040e+05
1.494e-01 1.049e+05
1.604e-01 1.023e+05
1.605e-01 1.014e+05
1.543e-01 1.025e+05
1.559e-01 1.024e+05
1.599e-01 1.017e+05
2.058e-01 9.324e+04
1.742e-01 9.858e+04
1.607e-01 1.010e+05
2.091e-01 9.152e+04
1.587e-01 1.022e+05
1.806e-01 9.640e+04
1.372e-07 8.047e+03
1.587e-01 1.019e+05
1.593e-01 1.017e+05
1.788e-01 9.821e+04
1.604e-01 1.013e+05
1.625e-01 1.010e+05
2.480e-01 8.617e+04
1.593e-01 1.019e+05
1.564e-01 1.015e+05
2.673e-01 8.600e+04
1.501e-01 1.043e+05
1.740e-01 9.838e+04
2.660e-01 8.541e+04
1.698e-01 9.994e+04
1.668e-01 9.969e+04
3.092e-01 8.394e+04
2.234e-01 8.795e+04
1.657e-01 9.924e+04
1.521e-01 1.044e+05
1.467e-01 1.049e+05
2.087e-01 9.378e+04
1.788e-01 9.747e+04
1.672e-01 9.946e+04
1.723e-01 9.858e+04
1.629e-01 1.001e+05
1.843e-01 9.682e+04
1.618e-01 1.016e+05
2.145e-01 9.148e+04
2.454e-01 8.952e+04
1.811e-01 9.749e+04
1.609e-01 1.008e+05
1.659e-01 1.010e+05
1.545e-01 1.030e+05
1.530e-01 1.032e+05
1.781e-01 9.648e+04
1.923e-01 9.534e+04
2.427e-01 8.963e+04
2.248e-01 9.012e+04
1.553e-01 1.032e+05
1.709e-01 9.892e+04
7.489e-06 1.115e+04
1.563e-01 1.027e+05
2.270e-01 9.045e+04
6.412e-06 1.560e+04
1.721e-01 9.937e+04
1.676e-01 1.004e+05
1.689e-01 9.968e+04
1.605e-01 1.013e+05
1.702e-01 9.957e+04
1.614e-01 1.019e+05
7.686e-07 9.911e+03
2.503e-01 8.788e+04
1.687e-01 9.952e+04
1.597e-01 1.015e+05
1.724e-01 9.800e+04
1.638e-01 1.002e+05
1.627e-01 1.008e+05
1.782e-01 9.707e+04
1.614e-01 1.012e+05
1.566e-01 1.025e+05
1.571e-01 1.021e+05
1.821e-01 9.625e+04
1.660e-01 1.004e+05
1.597e-01 1.023e+05
2.768e-01 8.588e+04
3.346e-01 8.377e+04
1.692e-01 9.901e+04
1.637e-01 1.000e+05
2.894e-01 7.735e+04
1.604e-01 1.009e+05
1.599e-01 1.014e+05
1.601e-01 1.017e+05
1.608e-01 9.993e+04
1.648e-01 1.000e+05
2.188e-01 9.018e+04
2.993e-01 8.347e+04
3.114e-01 8.453e+04
1.615e-01 1.017e+05
2.661e-01 8.670e+04
1.646e-01 1.000e+05
1.605e-01 1.023e+05
1.625e-01 1.013e+05
2.991e-01 7.467e+04
1.649e-01 1.004e+05
1.507e-01 1.041e+05
1.615e-01 1.009e+05
1.678e-01 9.897e+04
1.642e-01 9.899e+04
1.491e-01 1.046e+05
1.614e-01 1.007e+05
1.256e-05 1.529e+04
1.681e-01 9.983e+04
3.065e-01 7.285e+04
1.596e-01 1.007e+05
1.690e-01 9.853e+04
1.642e-01 9.929e+04
1.570e-01 1.027e+05
2.856e-06 6.626e+03
1.681e-01 9.980e+04
7.102e-06 2.244e+04
1.689e-01 9.974e+04
1.636e-01 1.001e+05
1.609e-01 1.020e+05
6.981e-06 2.771e+04
1.501e-01 1.046e+05
1.626e-01 1.010e+05
1.665e-01 1.001e+05
1.637e-01 1.007e+05
1.808e-01 9.666e+04
2.481e-01 8.502e+04
2.806e-01 8.207e+04
1.652e-01 1.007e+05
1.632e-01 1.010e+05
1.599e-01 1.019e+05
2.186e-01 9.182e+04
