1.672e-01 1.010e+05
2.019e-01 9.381e+04
1.831e-01 9.828e+04
1.632e-01 1.014e+05
1.857e-01 9.678e+04
2.030e-01 9.485e+04
1.648e-01 1.012e+05
1.738e-01 9.960e+04
1.660e-01 1.009e+05
1.699e-01 9.979e+04
2.565e-01 8.853e+04
1.672e-01 1.006e+05
1.648e-01 1.009e+05
1.786e-01 9.831e+04
1.659e-01 1.003e+05
1.792e-01 9.841e+04
1.724e-01 9.919e+04
1.656e-01 1.016e+05
1.685e-01 1.008e+05
1.751e-01 9.786e+04
1.788e-01 9.855e+04
1.980e-01 9.513e+04
1.538e-01 1.031e+05
1.645e-01 1.004e+05
7.169e-06 1.764e+04
2.637e-01 8.823e+04
1.620e-01 1.011e+05
1.670e-01 1.004e+05
1.650e-01 1.010e+05
1.717e-01 9.991e+04
1.609e-01 1.020e+05
1.728e-01 9.905e+04
1.537e-01 1.038e+05
1.710e-01 1.001e+05
1.956e-01 9.479e+04
1.871e-01 9.752e+04
1.700e-01 9.985e+04
1.654e-01 1.007e+05
1.739e-01 9.945e+04
1.611e-01 1.017e+05
1.822e-01 9.745e+04
1.663e-01 1.004e+05
1.881e-01 9.665e+04
1.631e-01 1.015e+05
2.352e-01 8.946e+04
1.691e-01 1.007e+05
2.298e-01 8.955e+04
5.106e-06 1.703e+04
1.916e-01 9.493e+04
2.263e-01 9.177e+04
1.624e-01 1.019e+05
1.193e-07 2.353e+04
1.775e-01 9.881e+04
2.564e-01 8.843e+04
1.576e-01 1.021e+05
1.705e-01 9.958e+04
1.871e-01 9.701e+04
3.592e-01 7.575e+04
1.620e-01 1.023e+05
1.555e-01 1.036e+05
1.746e-01 9.961e+04
1.848e-01 9.640e+04
1.519e-01 1.045e+05
1.731e-01 9.890e+04
1.692e-01 9.960e+04
2.113e-01 9.393e+04
1.735e-01 9.868e+04
1.844e-01 9.696e+04
1.624e-01 1.012e+05
1.668e-01 1.003e+05
2.038e-01 9.438e+04
2.043e-01 9.507e+04
1.774e-01 9.907e+04
3.007e-01 8.654e+04
4.289e-01 7.660e+04
1.833e-01 9.724e+04
1.878e-01 9.609e+04
2.335e-01 9.165e+04
1.658e-01 1.013e+05
1.604e-01 1.026e+05
1.518e-01 1.043e+05
1.728e-01 9.872e+04
1.701e-01 9.903e+04
1.550e-01 1.033e+05
1.646e-01 1.007e+05
1.667e-01 1.006e+05
6.995e-07 1.177e+04
2.798e-01 8.631e+04
1.693e-01 1.005e+05
1.793e-01 9.862e+04
2.770e-01 8.805e+04
1.674e-01 9.949e+04
1.889e-01 9.741e+04
2.742e-01 8.746e+04
1.880e-01 9.520e+04
1.687e-01 1.006e+05
1.831e-01 9.856e+04
1.554e-01 1.029e+05
1.645e-01 1.011e+05
1.635e-01 1.017e+05
1.992e-01 9.488e+04
1.575e-01 1.020e+05
2.154e-01 9.340e+04
1.867e-01 9.765e+04
1.643e-01 1.022e+05
1.696e-01 9.963e+04
1.626e-01 1.021e+05
2.798e-06 6.883e+03
1.790e-01 9.855e+04
1.709e-01 1.004e+05
1.734e-01 9.838e+04
1.660e-01 1.006e+05
1.718e-01 9.962e+04
1.663e-01 1.012e+05
1.685e-01 1.000e+05
1.884e-01 9.695e+04
2.102e-01 9.405e+04
1.711e-01 1.005e+05
1.713e-01 9.920e+04
1.699e-01 1.006e+05
3.075e-01 8.638e+04
1.769e-01 9.874e+04
1.737e-01 9.920e+04
2.061e-01 9.494e+04
4.490e-01 8.127e+04
2.031e-01 9.505e+04
1.762e-01 9.939e+04
1.701e-01 9.947e+04
1.624e-01 1.020e+05
1.634e-01 1.011e+05
1.700e-01 1.001e+05
1.731e-01 1.001e+05
1.856e-01 9.785e+04
1.732e-01 9.803e+04
1.642e-01 1.011e+05
1.788e-01 9.772e+04
1.709e-01 9.990e+04
1.763e-01 9.927e+04
1.780e-01 9.825e+04
1.563e-01 1.028e+05
1.786e-01 9.870e+04
1.611e-01 1.019e+05
1.638e-01 1.019e+05
1.732e-01 9.961e+04
1.675e-01 1.004e+05
1.642e-01 1.018e+05
1.590e-01 1.021e+05
1.836e-01 9.732e+04
3.229e-01 8.115e+04
2.687e-01 8.685e+04
3.202e-01 8.010e+04
1.690e-01 1.008e+05
1.760e-01 9.869e+04
1.596e-01 1.016e+05
1.741e-01 9.986e+04
2.080e-01 9.447e+04
1.818e-01 9.823e+04
3.485e-01 8.491e+04
1.577e-01 1.022e+05
1.610e-01 1.017e+05
3.477e-01 8.227e+04
1.793e-01 9.788e+04
2.360e-01 9.161e+04
1.859e-01 9.737e+04
1.834e-01 9.747e+04
1.581e-01 1.029e+05
1.695e-01 9.964e+04
2.175e-06 1.052e+04
1.696e-01 1.006e+05
1.888e-01 9.646e+04
1.843e-01 9.746e+04
1.730e-01 9.924e+04
3.496e-01 8.407e+04
2.272e-01 9.159e+04
1.956e-01 9.633e+04
2.413e-01 8.912e+04
7.862e-06 3.215e+03
1.685e-06 1.740e+04
1.968e-01 9.584e+04
1.622e-01 1.016e+05
1.729e-01 9.977e+04
1.936e-01 9.587e+04
1.768e-01 9.877e+04
2.555e-01 9.096e+04
1.799e-01 9.845e+04
2.949e-01 8.603e+04
1.733e-01 9.913e+04
1.631e-01 1.006e+05
1.858e-01 9.710e+04
1.836e-01 9.776e+04
1.703e-01 9.857e+04
1.662e-01 1.006e+05
2.103e-01 9.461e+04
1.806e-01 9.779e+04
1.642e-01 1.013e+05
1.729e-01 9.938e+04
1.658e-01 1.008e+05
1.829e-01 9.725e+04
1.762e-01 9.936e+04
1.886e-01 9.689e+04
1.600e-01 1.030e+05
1.582e-01 1.017e+05
3.637e-01 7.592e+04
1.605e-01 1.018e+05
1.798e-01 9.750e+04
1.734e-01 9.940e+04
1.714e-01 9.973e+04
1.900e-01 9.692e+04
1.779e-01 9.944e+04
1.729e-01 9.967e+04
1.695e-01 1.002e+05
1.581e-01 1.021e+05
1.677e-01 1.003e+05
1.710e-01 9.986e+04
1.804e-01 9.806e+04
2.828e-01 8.823e+04
1.812e-01 9.780e+04
1.749e-01 9.941e+04
1.644e-01 1.011e+05
2.247e-01 9.154e+04
1.666e-01 9.925e+04
1.702e-01 9.948e+04
2.326e-01 9.019e+04
3.153e-01 8.497e+04
2.166e-01 9.216e+04
3.922e-06 2.707e+04
1.821e-01 9.767e+04
1.871e-01 9.779e+04
1.657e-01 1.006e+05
1.573e-01 1.030e+05
1.862e-01 9.600e+04
1.600e-01 1.017e+05
1.621e-01 1.011e+05
1.741e-01 9.895e+04
2.089e-01 9.346e+04
1.661e-01 1.011e+05
1.682e-01 1.005e+05
1.741e-01 9.912e+04
2.207e-01 9.215e+04
3.252e-01 8.436e+04
1.683e-01 1.005e+05
1.543e-01 1.033e+05
1.671e-01 1.016e+05
3.672e-01 7.818e+04
1.746e-01 9.885e+04
4.313e-01 7.834e+04
1.725e-01 9.969e+04
1.691e-01 1.002e+05
1.528e-01 1.044e+05
1.873e-01 9.682e+04
1.875e-01 9.732e+04
1.655e-01 1.000e+05
1.889e-01 9.701e+04
1.807e-01 9.798e+04
1.734e-01 9.952e+04
2.048e-01 9.466e+04
1.629e-01 1.015e+05
2.303e-01 9.122e+04
1.711e-01 1.004e+05
1.691e-01 1.002e+05
1.877e-01 9.619e+04
2.525e-01 8.839e+04
1.388e-06 1.686e+04
1.703e-01 9.961e+04
1.595e-01 1.023e+05
4.147e-01 7.736e+04
1.716e-01 1.003e+05
1.557e-01 1.027e+05
1.763e-01 9.938e+04
2.300e-01 9.267e+04
1.742e-01 9.854e+04
1.718e-01 1.006e+05
1.618e-01 1.020e+05
1.745e-01 9.878e+04
1.638e-01 1.015e+05
1.622e-01 1.018e+05
1.758e-01 9.885e+04
1.666e-01 1.005e+05
2.809e-01 8.664e+04
1.677e-01 1.007e+05
2.694e-01 8.800e+04
2.466e-01 9.012e+04
1.671e-01 1.007e+05
1.717e-01 1.005e+05
1.767e-01 9.895e+04
1.724e-01 9.998e+04
1.764e-01 9.844e+04
1.686e-01 1.003e+05
1.800e-01 9.783e+04
3.012e-01 8.701e+04
1.953e-01 9.570e+04
1.756e-01 9.819e+04
1.653e-01 1.015e+05
1.738e-01 9.921e+04
1.683e-01 9.952e+04
1.854e-01 9.784e+04
2.232e-01 9.314e+04
1.599e-01 1.024e+05
3.386e-01 7.923e+04
2.563e-01 8.950e+04
1.763e-06 4.953e+03
2.151e-01 9.429e+04
1.547e-01 1.035e+05
3.750e-01 8.249e+04
1.721e-01 1.001e+05
1.896e-01 9.741e+04
3.770e-01 8.046e+04
1.753e-01 9.873e+04
1.841e-01 9.757e+04
2.814e-01 8.711e+04
1.635e-01 1.005e+05
1.880e-01 9.670e+04
1.769e-01 9.888e+04
1.861e-01 9.759e+04
1.750e-01 9.944e+04
2.868e-01 8.787e+04
1.667e-01 1.007e+05
1.607e-01 1.019e+05
1.635e-01 1.005e+05
1.615e-01 1.014e+05
1.632e-01 1.017e+05
1.696e-01 9.988e+04
2.193e-06 1.892e+04
1.712e-01 9.985e+04
1.568e-01 1.027e+05
1.777e-01 9.837e+04
2.266e-01 9.188e+04
1.851e-01 9.616e+04
1.780e-01 9.793e+04
6.214e-06 1.731e+04
1.794e-01 9.742e+04
1.661e-01 1.012e+05
1.607e-01 1.022e+05
1.837e-01 9.818e+04
3.084e-01 8.606e+04
1.620e-01 1.019e+05
1.933e-01 9.656e+04
1.755e-01 9.904e+04
1.772e-01 9.925e+04
1.612e-01 1.014e+05
3.810e-01 8.276e+04
1.771e-01 9.921e+04
1.621e-01 1.016e+05
1.652e-01 1.009e+05
2.740e-01 8.706e+04
3.026e-01 8.665e+04
2.839e-01 8.795e+04
1.707e-01 1.005e+05
2.158e-01 9.336e+04
1.894e-01 9.625e+04
9.759e-07 3.815e+03
1.503e-01 1.049e+05
1.602e-01 1.021e+05
1.848e-01 9.698e+04
1.616e-01 1.014e+05
1.821e-01 9.755e+04
1.696e-01 9.980e+04
1.689e-01 9.978e+04
3.914e-01 8.374e+04
2.403e-01 8.932e+04
1.609e-01 1.016e+05
1.774e-01 9.836e+04
3.481e-06 1.723e+04
1.695e-01 9.898e+04
1.828e-01 9.815e+04
1.838e-01 9.692e+04
2.502e-01 8.910e+04
1.902e-01 9.663e+04
1.768e-01 9.844e+04
1.707e-01 9.923e+04
1.693e-01 1.001e+05
1.766e-01 9.813e+04
1.836e-01 9.709e+04
1.692e-01 9.977e+04
1.645e-01 1.016e+05
1.597e-01 1.016e+05
1.578e-01 1.023e+05
2.445e-01 9.019e+04
1.940e-01 9.528e+04
2.265e-01 9.198e+04
1.873e-01 9.697e+04
4.440e-01 7.563e+04
1.816e-01 9.832e+04
1.616e-01 1.026e+05
1.877e-01 9.670e+04
3.080e-01 8.593e+04
3.255e-01 8.191e+04
1.724e-01 9.820e+04
1.679e-01 1.003e+05
3.051e-01 8.534e+04
1.653e-01 1.013e+05
1.854e-01 9.672e+04
4.015e-06 1.880e+04
1.684e-01 1.008e+05
1.742e-01 9.925e+04
1.675e-01 1.009e+05
1.772e-01 9.921e+04
3.349e-01 8.056e+04
1.619e-01 1.018e+05
1.773e-01 9.909e+04
1.691e-01 1.002e+05
1.714e-01 1.001e+05
1.687e-01 1.013e+05
1.725e-01 9.991e+04
1.721e-01 1.000e+05
1.634e-01 1.021e+05
1.660e-01 1.011e+05
1.692e-01 9.957e+04
1.734e-01 9.892e+04
3.961e-01 7.414e+04
1.527e-01 1.043e+05
1.672e-01 1.001e+05
3.235e-01 8.510e+04
1.807e-01 9.771e+04
1.687e-01 1.004e+05
2.204e-01 9.236e+04
1.646e-01 1.017e+05
1.683e-01 1.008e+05
1.789e-01 9.790e+04
1.821e-01 9.757e+04
1.649e-01 1.013e+05
3.239e-01 8.483e+04
1.751e-01 9.929e+04
4.340e-01 7.589e+04
1.667e-01 1.002e+05
1.641e-01 1.009e+05
1.715e-01 1.007e+05
3.572e-01 7.497e+04
1.758e-01 9.935e+04
1.107e-05 3.039e+04
1.716e-01 9.982e+04
2.320e-01 9.113e+04
1.664e-01 1.009e+05
1.730e-01 1.001e+05
1.695e-01 1.005e+05
1.697e-01 1.010e+05
1.683e-01 1.000e+05
1.629e-01 1.008e+05
2.011e-01 9.617e+04
1.729e-01 9.862e+04
2.793e-01 8.797e+04
1.829e-01 9.827e+04
3.198e-01 8.479e+04
1.784e-01 9.907e+04
1.706e-01 9.910e+04
1.764e-01 9.886e+04
1.742e-01 9.851e+04
1.602e-01 1.020e+05
1.678e-01 1.004e+05
1.672e-01 1.001e+05
2.814e-06 1.588e+04
1.627e-01 1.013e+05
1.752e-01 9.985e+04
3.327e-06 1.036e+04
2.589e-01 8.825e+04
1.877e-01 9.777e+04
1.634e-01 1.012e+05
2.338e-01 9.198e+04
1.677e-01 1.002e+05
1.586e-01 1.026e+05
1.666e-01 1.001e+05
1.652e-01 1.012e+05
1.721e-01 1.001e+05
1.719e-01 1.005e+05
1.713e-01 1.002e+05
1.620e-01 1.016e+05
1.792e-01 9.892e+04
3.304e-01 8.484e+04
3.988e-01 7.991e+04
1.778e-01 9.884e+04
1.605e-01 1.015e+05
1.868e-01 9.666e+04
1.622e-01 1.020e+05
1.808e-01 9.826e+04
3.461e-01 7.445e+04
1.653e-01 1.013e+05
1.808e-01 9.835e+04
1.930e-01 9.561e+04
1.759e-01 9.868e+04
1.692e-01 1.003e+05
1.837e-01 9.785e+04
1.755e-01 9.846e+04
1.582e-01 1.027e+05
1.801e-01 9.748e+04
2.883e-01 8.609e+04
1.669e-01 1.003e+05
1.716e-01 9.901e+04
2.527e-01 8.908e+04
1.837e-01 9.673e+04
2.430e-01 8.832e+04
3.224e-01 8.506e+04
1.863e-01 9.634e+04
2.322e-01 9.059e+04
3.098e-01 8.214e+04
1.863e-01 9.755e+04
1.671e-01 1.005e+05
1.761e-01 9.889e+04
1.718e-01 9.992e+04
1.744e-01 9.935e+04
1.823e-01 9.769e+04
1.639e-01 1.013e+05
1.811e-01 9.784e+04
1.756e-01 9.914e+04
1.640e-01 1.012e+05
4.109e-06 8.008e+03
1.637e-01 1.005e+05
1.595e-01 1.018e+05
2.730e-06 4.574e+03
1.698e-01 9.926e+04
1.819e-01 9.790e+04
1.630e-01 1.011e+05
1.685e-01 1.002e+05
3.111e-01 8.114e+04
1.650e-01 1.013e+05
1.727e-01 9.960e+04
1.904e-01 9.734e+04
1.728e-01 9.935e+04
1.697e-01 1.009e+05
1.780e-01 9.871e+04
1.682e-01 9.960e+04
1.821e-01 9.691e+04
1.778e-01 9.848e+04
1.854e-01 9.728e+04
1.756e-01 9.926e+04
3.619e-01 7.987e+04
1.833e-01 9.758e+04
1.724e-01 9.999e+04
1.579e-01 1.032e+05
1.586e-01 1.025e+05
2.875e-01 8.787e+04
1.670e-01 1.004e+05
1.712e-01 9.969e+04
1.733e-01 9.970e+04
1.716e-01 9.974e+04
1.928e-01 9.646e+04
1.692e-01 9.989e+04
1.624e-01 1.017e+05
1.642e-01 1.012e+05
1.709e-01 9.968e+04
1.829e-01 9.599e+04
1.688e-01 1.010e+05
1.770e-01 9.947e+04
1.619e-01 1.016e+05
1.855e-01 9.743e+04
1.621e-01 1.014e+05
1.995e-01 9.562e+04
1.767e-01 9.871e+04
3.259e-01 8.546e+04
1.627e-01 1.012e+05
1.997e-01 9.383e+04
1.639e-01 1.010e+05
1.789e-01 9.799e+04
1.763e-01 9.902e+04
2.280e-01 8.999e+04
1.685e-01 1.003e+05
1.740e-01 9.980e+04
2.628e-01 7.440e+04
1.535e-01 1.041e+05
1.767e-01 9.805e+04
1.620e-01 1.008e+05
1.639e-01 1.015e+05
1.617e-01 1.022e+05
1.696e-01 9.980e+04
3.623e-08 6.363e+03
1.699e-01 1.002e+05
1.716e-01 1.002e+05
1.591e-01 1.026e+05
3.501e-01 7.809e+04
1.651e-01 1.016e+05
1.810e-01 9.840e+04
1.652e-01 1.004e+05
3.624e-01 7.938e+04
1.831e-01 9.827e+04
1.683e-01 1.003e+05
1.710e-01 9.931e+04
1.785e-01 9.850e+04
1.612e-01 1.013e+05
1.764e-01 9.873e+04
1.782e-01 9.866e+04
3.421e-01 8.514e+04
1.701e-01 1.002e+05
1.654e-01 1.014e+05
1.663e-01 1.011e+05
1.779e-01 9.771e+04
1.668e-01 1.007e+05
1.625e-01 1.017e+05
1.531e-01 1.033e+05
1.968e-01 9.590e+04
1.605e-01 1.017e+05
1.778e-01 9.893e+04
1.620e-01 1.020e+05
1.690e-01 9.982e+04
2.086e-01 9.238e+04
1.758e-01 9.932e+04
1.749e-01 9.908e+04
1.813e-01 9.823e+04
1.770e-01 9.967e+04
3.281e-01 7.954e+04
1.774e-01 9.858e+04
1.678e-01 9.966e+04
5.621e-06 2.638e+04
1.723e-01 9.999e+04
1.773e-01 9.876e+04
1.560e-01 1.033e+05
2.915e-01 8.715e+04
1.649e-01 1.006e+05
1.682e-01 1.006e+05
1.624e-01 1.021e+05
1.829e-01 9.751e+04
1.831e-01 9.803e+04
1.708e-01 9.996e+04
1.714e-01 9.977e+04
3.752e-01 8.164e+04
1.696e-01 1.004e+05
1.756e-01 9.914e+04
1.725e-01 9.960e+04
1.790e-01 9.844e+04
1.657e-01 1.005e+05
1.838e-01 9.833e+04
2.980e-01 7.408e+04
1.764e-01 9.847e+04
1.940e-01 9.630e+04
1.596e-01 1.023e+05
1.769e-01 9.917e+04
1.688e-01 1.003e+05
1.695e-01 1.003e+05
1.690e-01 1.004e+05
2.688e-01 8.816e+04
1.704e-01 1.006e+05
1.753e-01 9.814e+04
1.939e-01 9.502e+04
2.178e-01 9.293e+04
2.615e-01 8.919e+04
1.603e-01 1.017e+05
2.794e-01 8.668e+04
1.684e-01 1.007e+05
3.947e-01 8.153e+04
1.652e-01 1.007e+05
1.931e-01 9.549e+04
1.587e-01 1.023e+05
2.020e-01 9.528e+04
8.503e-07 2.063e+03
1.969e-01 9.599e+04
1.515e-01 1.042e+05
1.605e-01 1.020e+05
1.785e-01 9.907e+04
1.680e-01 1.006e+05
1.696e-01 9.973e+04
1.626e-01 1.009e+05
1.847e-01 9.698e+04
1.722e-01 9.915e+04
1.772e-01 9.884e+04
1.700e-01 9.997e+04
1.526e-01 1.038e+05
1.895e-01 9.714e+04
1.935e-01 9.699e+04
1.776e-01 9.888e+04
1.593e-01 1.024e+05
1.619e-01 1.020e+05
1.550e-01 1.031e+05
1.761e-01 9.862e+04
1.880e-01 9.692e+04
2.660e-01 8.593e+04
1.661e-01 1.010e+05
1.798e-01 9.851e+04
1.684e-01 1.009e+05
2.437e-01 9.179e+04
2.950e-06 1.116e+04
2.323e-01 9.096e+04
1.755e-01 9.876e+04
1.757e-01 9.888e+04
1.560e-06 9.430e+03
1.979e-01 9.621e+04
1.764e-01 9.843e+04
1.621e-01 1.025e+05
2.790e-01 8.569e+04
1.853e-01 9.581e+04
1.723e-01 9.992e+04
1.938e-01 9.600e+04
1.917e-01 9.563e+04
1.692e-01 1.001e+05
2.676e-01 8.771e+04
3.626e-01 8.300e+04
2.937e-01 8.154e+04
4.267e-01 7.897e+04
1.823e-01 9.772e+04
1.745e-01 9.944e+04
1.630e-01 1.013e+05
1.617e-01 1.021e+05
1.736e-01 9.951e+04
1.592e-01 1.029e+05
1.631e-01 1.022e+05
2.401e-01 8.983e+04
4.483e-01 7.761e+04
1.739e-01 9.859e+04
1.612e-01 1.018e+05
5.678e-07 7.330e+03
1.680e-01 9.981e+04
3.117e-01 7.688e+04
1.670e-01 1.008e+05
1.686e-01 1.007e+05
1.662e-01 1.005e+05
1.597e-01 1.016e+05
1.707e-01 1.002e+05
2.316e-01 9.121e+04
1.614e-01 1.017e+05
2.186e-01 9.222e+04
1.656e-01 1.001e+05
1.685e-01 1.003e+05
1.894e-01 9.648e+04
1.897e-01 9.640e+04
2.647e-01 8.929e+04
1.985e-01 9.473e+04
8.611e-06 9.321e+03
2.439e-01 9.016e+04
1.664e-01 1.007e+05
1.567e-01 1.030e+05
1.681e-01 9.955e+04
1.713e-01 9.993e+04
1.829e-01 9.795e+04
1.584e-01 1.029e+05
1.642e-01 1.013e+05
1.694e-01 1.009e+05
1.801e-01 9.802e+04
1.808e-01 9.798e+04
2.845e-01 8.572e+04
1.840e-01 9.685e+04
1.547e-06 1.958e+04
1.693e-01 1.001e+05
1.941e-01 9.621e+04
1.869e-01 9.759e+04
1.810e-01 9.797e+04
2.436e-01 9.170e+04
1.658e-01 1.011e+05
1.611e-01 1.026e+05
2.966e-01 8.524e+04
1.850e-01 9.804e+04
1.726e-01 9.936e+04
1.676e-01 1.016e+05
1.839e-01 9.653e+04
1.866e-01 9.763e+04
1.838e-01 9.794e+04
2.131e-06 8.090e+03
3.649e-01 7.327e+04
1.984e-01 9.534e+04
3.155e-01 7.887e+04
2.430e-01 8.994e+04
1.624e-01 1.017e+05
1.731e-01 9.948e+04
1.724e-01 9.845e+04
1.870e-01 9.611e+04
1.736e-01 9.887e+04
1.669e-01 1.010e+05
1.628e-01 1.014e+05
3.531e-01 8.328e+04
1.506e-01 1.045e+05
1.805e-01 9.736e+04
1.803e-01 9.869e+04
1.795e-01 9.761e+04
2.678e-01 8.847e+04
1.733e-01 9.953e+04
1.609e-01 1.017e+05
1.710e-01 9.992e+04
2.662e-01 8.880e+04
1.693e-01 1.005e+05
4.543e-01 7.379e+04
1.710e-01 1.001e+05
1.680e-01 1.002e+05
2.641e-01 8.751e+04
1.718e-01 9.899e+04
1.644e-01 1.012e+05
2.787e-06 2.761e+04
1.608e-01 1.024e+05
2.236e-01 9.168e+04
1.752e-01 9.853e+04
1.603e-01 1.021e+05
1.692e-01 1.005e+05
1.729e-01 9.864e+04
1.689e-01 1.003e+05
1.778e-01 9.896e+04
1.685e-01 1.003e+05
3.175e-01 8.567e+04
1.590e-01 1.019e+05
9.068e-07 1.275e+04
1.720e-01 9.957e+04
1.723e-01 1.004e+05
1.650e-01 1.011e+05
1.857e-01 9.713e+04
1.799e-01 9.820e+04
1.638e-01 1.009e+05
1.826e-01 9.708e+04
1.738e-01 9.898e+04
1.803e-01 9.728e+04
1.557e-01 1.031e+05
1.759e-01 9.929e+04
2.494e-01 9.062e+04
1.643e-01 1.011e+05
1.669e-01 1.005e+05
1.738e-01 9.932e+04
1.626e-01 1.023e+05
1.903e-01 9.497e+04
3.364e-01 8.356e+04
1.719e-01 9.973e+04
1.746e-01 9.898e+04
1.936e-01 9.619e+04
5.263e-06 3.373e+04
1.849e-01 9.791e+04
1.760e-01 9.900e+04
1.713e-01 9.870e+04
3.526e-01 7.740e+04
1.646e-01 1.002e+05
1.562e-06 1.563e+04
1.717e-01 9.958e+04
1.744e-01 9.948e+04
3.633e-01 8.040e+04
1.694e-01 1.000e+05
1.710e-01 9.987e+04
1.593e-06 1.584e+04
2.082e-01 9.372e+04
1.781e-01 9.911e+04
2.738e-01 8.838e+04
1.930e-01 9.633e+04
1.743e-01 9.875e+04
1.743e-01 9.879e+04
1.632e-01 1.013e+05
3.854e-01 7.752e+04
1.853e-01 9.747e+04
1.699e-01 9.989e+04
1.754e-01 9.985e+04
1.800e-01 9.806e+04
1.693e-01 1.003e+05
1.598e-01 1.017e+05
1.606e-01 1.018e+05
1.734e-01 1.005e+05
3.053e-01 7.516e+04
1.703e-01 9.907e+04
1.697e-01 1.003e+05
1.845e-01 9.785e+04
1.593e-01 1.022e+05
2.370e-01 9.191e+04
1.664e-01 1.000e+05
1.680e-01 1.004e+05
2.124e-01 9.451e+04
3.446e-01 8.174e+04
3.859e-01 7.608e+04
1.681e-01 1.003e+05
1.847e-01 9.756e+04
2.552e-01 8.826e+04
3.558e-06 1.134e+04
1.683e-01 9.999e+04
1.765e-01 9.916e+04
1.749e-01 9.954e+04
1.625e-01 1.018e+05
1.639e-01 1.006e+05
1.698e-01 1.011e+05
1.632e-01 1.007e+05
1.691e-01 1.007e+05
1.841e-01 9.710e+04
1.754e-01 9.893e+04
1.294e-05 7.284e+03
1.799e-01 9.857e+04
2.813e-01 8.705e+04
1.592e-01 1.018e+05
1.658e-01 1.010e+05
2.232e-01 9.270e+04
1.795e-01 9.776e+04
1.689e-01 9.988e+04
1.724e-01 1.003e+05
2.149e-01 9.262e+04
1.869e-01 9.662e+04
1.804e-01 9.809e+04
1.960e-01 9.567e+04
1.766e-01 9.873e+04
1.754e-01 9.933e+04
1.660e-01 1.002e+05
1.644e-01 1.007e+05
1.740e-01 9.869e+04
6.197e-06 5.367e+03
3.238e-01 8.441e+04
1.568e-01 1.031e+05
1.733e-01 9.948e+04
1.765e-01 9.866e+04
1.762e-01 9.758e+04
2.122e-01 9.337e+04
1.609e-01 1.018e+05
2.239e-01 9.300e+04
2.596e-01 8.774e+04
1.556e-01 1.033e+05
2.201e-01 9.220e+04
1.720e-01 9.900e+04
2.371e-01 8.982e+04
1.720e-01 9.962e+04
2.826e-01 8.846e+04
1.787e-01 9.819e+04
1.862e-01 9.705e+04
1.807e-01 9.761e+04
1.711e-01 1.002e+05
1.757e-01 9.892e+04
1.592e-01 1.017e+05
1.619e-01 1.019e+05
1.770e-01 9.863e+04
1.707e-01 9.943e+04
1.582e-01 1.025e+05
1.593e-01 1.022e+05
1.614e-01 1.017e+05
3.661e-01 7.555e+04
2.686e-01 8.574e+04
1.702e-01 9.905e+04
1.916e-01 9.660e+04
1.916e-01 9.631e+04
1.612e-01 1.022e+05
1.654e-01 1.012e+05
1.820e-01 9.675e+04
1.621e-01 1.020e+05
1.706e-01 9.970e+04
1.761e-01 9.778e+04
1.755e-01 9.944e+04
2.547e-01 8.952e+04
2.836e-06 1.126e+04
1.837e-01 9.820e+04
1.537e-01 1.039e+05
1.745e-01 9.804e+04
1.562e-01 1.031e+05
1.600e-01 1.031e+05
1.668e-01 1.002e+05
1.842e-01 9.740e+04
1.758e-01 9.907e+04
2.678e-06 3.990e+03
2.254e-01 9.221e+04
1.782e-01 9.785e+04
1.632e-01 1.020e+05
1.710e-01 1.005e+05
1.876e-01 9.646e+04
1.746e-01 9.912e+04
1.820e-01 9.652e+04
1.633e-01 1.012e+05
2.457e-01 8.766e+04
2.001e-01 9.518e+04
1.691e-01 1.011e+05
1.709e-01 9.936e+04
3.083e-01 8.545e+04
1.640e-01 1.003e+05
1.682e-01 1.011e+05
2.080e-01 9.389e+04
1.646e-01 1.015e+05
1.688e-01 9.955e+04
1.674e-01 1.008e+05
1.712e-01 9.991e+04
1.692e-01 1.004e+05
1.813e-01 9.765e+04
1.648e-01 1.016e+05
1.579e-01 1.021e+05
1.746e-01 9.903e+04
1.663e-01 1.004e+05
1.570e-01 1.031e+05
1.888e-01 9.740e+04
1.630e-01 1.013e+05
1.612e-01 1.019e+05
1.982e-01 9.664e+04
4.031e-01 7.812e+04
1.735e-01 9.960e+04
1.729e-01 9.995e+04
2.610e-01 8.867e+04
2.661e-01 8.805e+04
1.759e-01 9.895e+04
1.666e-01 1.015e+05
1.674e-01 9.974e+04
1.628e-01 1.019e+05
2.370e-01 9.108e+04
3.420e-01 7.563e+04
1.575e-01 1.020e+05
1.660e-01 1.015e+05
2.001e-01 9.484e+04
1.575e-01 1.028e+05
1.776e-06 2.349e+04
1.787e-01 9.879e+04
2.554e-01 8.893e+04
1.644e-01 1.009e+05
1.662e-01 1.003e+05
1.703e-01 1.001e+05
1.625e-01 1.008e+05
3.641e-01 7.248e+04
1.713e-01 1.003e+05
2.653e-01 8.804e+04
3.668e-01 8.506e+04
2.029e-01 9.581e+04
1.674e-01 1.007e+05
3.305e-01 8.418e+04
1.805e-01 9.807e+04
1.603e-01 1.022e+05
2.600e-01 8.916e+04
1.607e-01 1.012e+05
1.695e-01 9.951e+04
1.649e-01 1.016e+05
1.686e-01 1.001e+05
1.634e-01 1.018e+05
1.802e-01 9.889e+04
1.704e-01 9.969e+04
1.570e-01 1.028e+05
1.725e-01 9.891e+04
1.648e-01 1.015e+05
3.030e-01 8.556e+04
1.712e-01 9.896e+04
7.837e-06 9.867e+03
1.726e-01 9.924e+04
1.767e-01 9.822e+04
1.785e-01 9.840e+04
1.628e-01 1.014e+05
1.829e-01 9.760e+04
3.610e-01 7.853e+04
1.710e-01 1.005e+05
1.773e-01 9.775e+04
1.809e-01 9.765e+04
2.625e-01 8.758e+04
1.637e-01 1.007e+05
1.743e-01 9.952e+04
1.765e-01 9.879e+04
1.850e-01 9.808e+04
1.822e-01 9.849e+04
1.884e-01 9.727e+04
3.174e-01 8.501e+04
1.669e-01 1.007e+05
3.905e-06 1.286e+04
1.705e-01 1.000e+05
1.562e-01 1.033e+05
1.826e-01 9.676e+04
1.555e-01 1.028e+05
1.589e-01 1.027e+05
1.625e-01 1.021e+05
1.807e-01 9.782e+04
1.797e-01 9.779e+04
1.615e-01 1.015e+05
1.683e-01 1.007e+05
1.788e-01 9.962e+04
2.975e-01 8.673e+04
2.125e-01 9.436e+04
1.708e-01 9.991e+04
1.913e-01 9.666e+04
1.724e-01 1.004e+05
1.767e-01 9.823e+04
3.580e-01 7.337e+04
1.912e-01 9.679e+04
1.896e-01 9.782e+04
1.612e-07 6.312e+03
1.747e-01 9.936e+04
1.952e-01 9.566e+04
1.696e-01 9.952e+04
1.690e-01 1.008e+05
2.006e-01 9.463e+04
1.625e-01 1.022e+05
1.658e-01 1.005e+05
1.943e-01 9.645e+04
1.666e-01 1.013e+05
1.877e-01 9.718e+04
2.516e-01 8.901e+04
1.888e-01 9.748e+04
1.677e-01 1.007e+05
3.212e-01 8.337e+04
1.582e-01 1.027e+05
1.566e-01 1.028e+05
2.775e-01 8.784e+04
1.702e-01 9.965e+04
1.802e-01 9.839e+04
2.066e-01 9.573e+04
1.690e-01 9.949e+04
1.671e-01 1.005e+05
1.457e-05 4.700e+03
1.629e-01 1.006e+05
1.900e-01 9.616e+04
1.539e-01 1.029e+05
1.651e-01 1.005e+05
2.234e-07 8.725e+03
1.951e-01 9.602e+04
1.719e-01 1.001e+05
1.574e-01 1.028e+05
1.634e-01 1.006e+05
1.603e-01 1.016e+05
1.378e-06 4.828e+03
1.652e-01 1.012e+05
1.726e-01 9.960e+04
1.622e-01 1.015e+05
1.737e-01 9.911e+04
2.469e-01 8.869e+04
1.583e-01 1.028e+05
3.770e-01 8.320e+04
2.447e-01 8.965e+04
1.564e-01 1.023e+05
1.590e-01 1.026e+05
1.535e-01 1.041e+05
1.526e-01 1.047e+05
2.902e-01 8.586e+04
1.852e-01 9.797e+04
2.132e-01 9.367e+04
1.780e-01 9.865e+04
1.933e-01 9.599e+04
1.551e-01 1.039e+05
2.717e-01 8.695e+04
1.726e-01 9.835e+04
1.632e-01 1.009e+05
3.925e-01 7.637e+04
1.741e-01 9.949e+04
1.873e-01 9.696e+04
1.594e-01 1.021e+05
1.685e-01 1.005e+05
1.597e-01 1.029e+05
1.731e-01 9.978e+04
1.736e-01 1.004e+05
1.668e-01 1.004e+05
1.684e-01 1.008e+05
1.610e-01 1.023e+05
1.687e-01 9.988e+04
1.722e-01 9.985e+04
1.795e-01 9.806e+04
2.531e-01 9.097e+04
2.523e-01 9.005e+04
1.592e-01 1.020e+05
1.625e-01 1.014e+05
1.914e-01 9.669e+04
1.650e-01 1.000e+05
3.138e-01 8.536e+04
2.732e-01 8.869e+04
1.858e-01 9.717e+04
1.575e-01 1.020e+05
1.906e-06 1.350e+04
1.779e-01 9.853e+04
1.653e-01 1.011e+05
1.711e-01 9.911e+04
1.659e-01 1.006e+05
1.700e-01 9.915e+04
1.684e-01 1.004e+05
3.107e-01 8.545e+04
2.706e-01 8.820e+04
8.074e-06 1.323e+03
1.656e-01 1.009e+05
2.021e-01 9.526e+04
1.612e-01 1.012e+05
1.698e-01 9.948e+04
1.795e-01 9.858e+04
1.800e-01 9.892e+04
1.640e-01 1.011e+05
1.780e-01 9.787e+04
1.652e-01 1.010e+05
2.156e-01 9.199e+04
1.632e-01 1.012e+05
1.689e-01 1.005e+05
3.379e-01 8.256e+04
1.743e-01 9.959e+04
1.779e-01 9.875e+04
1.657e-01 1.016e+05
1.648e-01 1.010e+05
1.589e-01 1.021e+05
1.647e-01 1.012e+05
1.687e-01 1.006e+05
1.644e-01 1.007e+05
2.275e-06 1.765e+04
2.223e-01 9.234e+04
3.126e-01 7.460e+04
1.785e-01 9.770e+04
1.637e-01 1.019e+05
1.814e-01 9.857e+04
1.580e-01 1.028e+05
1.597e-01 1.020e+05
3.632e-01 8.319e+04
1.626e-01 1.013e+05
3.938e-01 7.868e+04
1.775e-01 9.821e+04
2.079e-01 9.402e+04
1.725e-01 9.935e+04
1.810e-01 9.835e+04
1.796e-01 9.841e+04
1.590e-01 1.022e+05
1.692e-01 9.970e+04
3.661e-01 7.487e+04
1.773e-01 9.862e+04
1.648e-01 1.011e+05
1.826e-01 9.688e+04
1.789e-01 9.802e+04
1.662e-01 1.015e+05
1.726e-01 9.869e+04
1.638e-01 1.002e+05
1.782e-01 9.762e+04
2.488e-06 1.866e+04
1.756e-01 9.944e+04
3.115e-01 8.556e+04
1.535e-01 1.043e+05
1.668e-01 1.008e+05
1.702e-01 9.977e+04
1.574e-01 1.026e+05
2.766e-01 8.810e+04
1.765e-01 9.849e+04
3.247e-01 8.648e+04
1.740e-01 9.870e+04
1.561e-01 1.033e+05
3.139e-01 7.499e+04
1.821e-01 9.777e+04
1.777e-01 9.935e+04
1.841e-01 9.841e+04
1.812e-01 9.785e+04
1.830e-01 9.828e+04
3.570e-01 7.425e+04
2.516e-01 8.969e+04
1.913e-01 9.625e+04
3.333e-01 7.896e+04
3.302e-01 8.111e+04
3.308e-01 7.532e+04
3.024e-06 1.813e+04
1.729e-01 9.885e+04
1.850e-01 9.815e+04
1.630e-01 1.001e+05
2.166e-01 9.231e+04
1.826e-01 9.737e+04
1.794e-01 9.779e+04
2.424e-01 9.105e+04
1.747e-01 9.906e+04
1.712e-01 9.989e+04
2.194e-06 1.084e+04
1.624e-01 1.016e+05
1.624e-01 1.022e+05
2.292e-01 9.121e+04
3.364e-01 8.029e+04
1.668e-01 1.000e+05
1.948e-01 9.599e+04
1.739e-01 9.942e+04
1.678e-01 1.006e+05
1.829e-01 9.796e+04
2.582e-01 8.835e+04
2.621e-01 8.935e+04
1.716e-01 9.916e+04
1.669e-01 1.014e+05
1.589e-01 1.021e+05
1.638e-01 1.014e+05
4.483e-07 2.134e+04
1.669e-01 1.012e+05
1.777e-01 9.912e+04
1.950e-01 9.640e+04
8.061e-06 3.587e+04
1.926e-01 9.614e+04
1.656e-01 1.006e+05
1.830e-01 9.836e+04
1.746e-01 9.994e+04
1.696e-01 1.001e+05
1.684e-01 9.968e+04
1.589e-01 1.028e+05
1.693e-01 9.981e+04
1.964e-01 9.608e+04
1.664e-01 1.014e+05
1.786e-01 9.883e+04
1.843e-01 9.756e+04
1.743e-01 9.899e+04
1.690e-01 1.001e+05
1.316e-05 1.347e+04
1.532e-01 1.037e+05
4.990e-06 1.788e+04
1.702e-01 1.006e+05
1.876e-01 9.716e+04
1.719e-01 9.891e+04
3.649e-01 7.587e+04
1.753e-01 9.873e+04
1.669e-01 1.012e+05
1.720e-01 9.970e+04
1.672e-01 1.013e+05
1.603e-01 1.023e+05
1.651e-01 1.003e+05
1.569e-01 1.020e+05
1.689e-01 1.005e+05
1.911e-01 9.773e+04
1.819e-01 9.802e+04
3.129e-01 7.854e+04
1.696e-01 1.008e+05
1.508e-01 1.044e+05
1.788e-01 9.797e+04
2.729e-01 8.919e+04
2.760e-01 8.797e+04
1.637e-01 1.012e+05
1.570e-01 1.035e+05
1.568e-01 1.031e+05
1.682e-01 1.007e+05
1.715e-01 9.846e+04
1.755e-01 9.892e+04
1.822e-01 9.738e+04
1.637e-01 1.010e+05
1.628e-01 1.017e+05
1.659e-01 1.006e+05
1.841e-01 9.639e+04
1.682e-01 1.005e+05
1.982e-01 9.596e+04
3.096e-01 8.678e+04
2.461e-01 8.812e+04
1.656e-01 1.007e+05
1.517e-01 1.040e+05
3.612e-01 7.571e+04
1.626e-01 1.022e+05
2.487e-01 8.919e+04
1.758e-01 9.935e+04
1.784e-01 9.841e+04
2.175e-01 9.157e+04
2.629e-01 8.901e+04
1.821e-01 9.769e+04
1.607e-01 1.022e+05
2.405e-06 9.889e+03
1.721e-01 9.945e+04
1.657e-01 1.001e+05
1.280e-05 1.789e+04
1.874e-01 9.728e+04
1.839e-01 9.729e+04
1.804e-01 9.852e+04
1.647e-01 1.004e+05
2.850e-01 8.653e+04
1.706e-01 9.939e+04
1.936e-01 9.666e+04
2.242e-01 9.347e+04
1.763e-01 9.890e+04
1.664e-01 1.008e+05
1.591e-01 1.030e+05
1.652e-01 1.005e+05
1.816e-01 9.800e+04
1.639e-01 1.015e+05
1.718e-01 1.001e+05
1.599e-01 1.018e+05
1.704e-01 9.986e+04
1.799e-01 9.768e+04
1.662e-01 1.010e+05
3.438e-01 7.750e+04
2.556e-01 8.966e+04
1.590e-01 1.020e+05
1.676e-01 9.984e+04
1.821e-01 9.826e+04
1.804e-01 9.748e+04
1.979e-01 9.441e+04
7.513e-07 2.208e+04
3.327e-01 8.478e+04
2.970e-01 8.580e+04
2.345e-01 9.028e+04
1.886e-01 9.667e+04
1.647e-01 1.013e+05
2.311e-06 1.640e+04
1.954e-01 9.641e+04
1.594e-01 1.023e+05
4.577e-01 7.493e+04
1.937e-01 9.615e+04
1.740e-06 8.046e+03
1.758e-01 9.989e+04
1.647e-01 1.016e+05
1.937e-01 9.722e+04
1.681e-01 1.007e+05
1.669e-01 1.009e+05
1.718e-01 9.877e+04
1.589e-01 1.021e+05
3.122e-06 2.051e+04
1.841e-01 9.671e+04
1.783e-01 9.893e+04
1.849e-01 9.754e+04
1.623e-01 1.023e+05
1.693e-01 1.005e+05
1.580e-01 1.023e+05
1.623e-01 1.023e+05
1.928e-01 9.720e+04
1.704e-01 9.975e+04
1.654e-01 1.015e+05
1.663e-01 1.016e+05
1.808e-01 9.787e+04
1.736e-01 1.000e+05
1.785e-01 9.768e+04
3.208e-01 8.316e+04
1.622e-01 1.019e+05
1.620e-01 1.024e+05
1.697e-01 1.005e+05
1.832e-01 9.691e+04
1.611e-01 1.020e+05
1.774e-01 9.839e+04
1.666e-01 1.001e+05
1.750e-01 9.889e+04
6.947e-06 1.103e+04
5.700e-06 2.038e+04
3.126e-01 8.273e+04
1.664e-01 1.002e+05
1.684e-01 1.000e+05
1.597e-01 1.021e+05
2.039e-01 9.515e+04
1.769e-01 9.860e+04
2.611e-01 8.942e+04
1.970e-01 9.617e+04
2.716e-01 8.556e+04
1.735e-01 9.914e+04
4.362e-01 7.330e+04
1.565e-01 1.027e+05
1.653e-01 1.010e+05
1.736e-01 9.974e+04
1.721e-01 1.001e+05
1.745e-01 9.908e+04
1.137e-05 1.244e+04
1.888e-01 9.584e+04
1.607e-01 1.016e+05
1.724e-01 9.846e+04
1.673e-01 1.000e+05
1.764e-01 9.877e+04
1.664e-01 1.001e+05
3.804e-01 8.052e+04
1.854e-01 9.670e+04
2.660e-01 8.914e+04
1.600e-01 1.013e+05
3.045e-01 8.496e+04
1.671e-01 1.006e+05
1.845e-01 9.744e+04
2.352e-01 9.108e+04
1.859e-01 9.730e+04
1.850e-01 9.750e+04
3.171e-01 8.397e+04
4.561e-06 2.180e+04
1.692e-01 1.003e+05
1.782e-01 9.936e+04
1.654e-01 1.010e+05
1.703e-01 1.003e+05
1.602e-01 1.014e+05
1.616e-01 1.018e+05
1.760e-01 9.916e+04
1.991e-01 9.510e+04
1.702e-01 9.936e+04
1.695e-01 1.004e+05
1.676e-01 1.013e+05
2.832e-01 8.558e+04
1.707e-01 1.002e+05
1.701e-01 9.956e+04
2.263e-01 9.179e+04
1.741e-01 9.868e+04
1.666e-01 9.988e+04
1.791e-01 9.856e+04
1.611e-01 1.026e+05
1.669e-01 1.009e+05
2.974e-01 8.803e+04
1.624e-01 1.012e+05
1.539e-01 1.034e+05
2.070e-01 9.525e+04
1.765e-01 9.866e+04
1.661e-01 1.006e+05
1.726e-01 1.004e+05
1.732e-01 9.905e+04
1.628e-01 1.017e+05
1.679e-01 1.001e+05
1.721e-01 9.973e+04
1.816e-01 9.705e+04
1.810e-01 9.807e+04
1.610e-01 1.027e+05
3.074e-01 8.595e+04
1.877e-01 9.665e+04
1.744e-01 9.952e+04
1.650e-01 1.015e+05
1.853e-01 9.757e+04
3.258e-01 7.813e+04
1.793e-01 9.866e+04
1.877e-01 9.696e+04
1.651e-01 1.012e+05
1.678e-01 1.008e+05
1.839e-01 9.788e+04
1.747e-01 1.001e+05
1.655e-01 1.002e+05
2.851e-01 8.721e+04
1.659e-01 1.007e+05
1.596e-01 1.019e+05
1.736e-01 9.852e+04
1.862e-01 9.697e+04
1.657e-01 1.016e+05
1.705e-01 9.933e+04
1.752e-01 9.849e+04
1.618e-01 1.026e+05
1.780e-01 9.910e+04
1.634e-01 1.016e+05
1.687e-01 9.944e+04
1.657e-01 1.007e+05
1.821e-01 9.804e+04
4.819e-07 2.860e+04
1.620e-01 1.020e+05
1.961e-06 5.428e+03
1.756e-01 9.886e+04
1.649e-01 1.005e+05
1.663e-01 1.011e+05
1.575e-01 1.028e+05
1.882e-01 9.623e+04
3.240e-06 1.100e+04
8.876e-06 2.238e+04
1.708e-01 9.974e+04
1.680e-01 1.013e+05
1.703e-01 9.977e+04
1.735e-01 9.947e+04
1.678e-01 1.004e+05
1.702e-01 9.982e+04
5.384e-06 2.968e+03
1.744e-01 9.879e+04
1.624e-01 1.016e+05
1.641e-01 1.012e+05
1.693e-01 1.010e+05
1.709e-01 1.006e+05
1.877e-01 9.663e+04
2.404e-01 8.817e+04
3.040e-06 1.260e+04
1.700e-01 9.965e+04
1.749e-01 9.865e+04
1.735e-01 9.997e+04
1.827e-01 9.787e+04
1.673e-01 1.001e+05
3.945e-06 1.092e+04
1.776e-01 9.933e+04
1.750e-01 9.866e+04
5.841e-06 1.812e+04
1.986e-01 9.449e+04
1.742e-01 9.965e+04
1.627e-01 1.012e+05
1.735e-01 9.957e+04
2.274e-01 9.170e+04
1.775e-01 9.965e+04
1.674e-01 1.008e+05
2.284e-01 9.092e+04
1.690e-01 9.962e+04
1.877e-01 9.719e+04
1.828e-01 9.780e+04
1.719e-01 1.000e+05
1.907e-01 9.624e+04
1.746e-01 9.880e+04
1.749e-01 9.860e+04
1.643e-01 1.012e+05
3.956e-01 7.421e+04
1.584e-01 1.024e+05
6.308e-07 5.435e+03
3.165e-01 8.454e+04
1.618e-01 1.017e+05
1.783e-01 9.826e+04
1.641e-01 1.020e+05
2.677e-01 8.640e+04
1.667e-01 1.003e+05
1.953e-01 9.559e+04
3.230e-01 7.725e+04
1.768e-01 9.928e+04
1.768e-01 9.888e+04
1.606e-01 1.019e+05
2.503e-01 8.937e+04
1.673e-01 1.007e+05
1.825e-01 9.753e+04
4.489e-01 8.040e+04
1.707e-01 9.999e+04
1.709e-01 9.894e+04
1.672e-01 1.006e+05
1.884e-01 9.724e+04
1.756e-01 9.847e+04
3.717e-01 7.224e+04
1.683e-01 1.003e+05
2.048e-01 9.465e+04
3.194e-01 8.570e+04
1.719e-01 9.981e+04
1.722e-01 9.976e+04
1.672e-01 1.004e+05
1.635e-01 1.015e+05
1.791e-01 9.834e+04
1.753e-01 9.968e+04
1.675e-01 1.004e+05
1.682e-01 1.005e+05
3.484e-01 8.001e+04
1.631e-01 1.016e+05
1.709e-01 1.000e+05
1.726e-01 9.920e+04
2.540e-01 8.932e+04
1.603e-01 1.014e+05
1.532e-01 1.039e+05
1.842e-01 9.705e+04
1.637e-01 1.019e+05
1.608e-01 1.012e+05
1.776e-01 9.911e+04
1.612e-01 1.017e+05
1.861e-01 9.760e+04
1.641e-01 1.013e+05
1.828e-01 9.782e+04
1.791e-01 9.799e+04
1.536e-01 1.040e+05
2.053e-01 9.352e+04
1.842e-01 9.642e+04
1.707e-01 1.002e+05
1.811e-01 9.866e+04
9.115e-07 2.415e+04
2.678e-01 8.699e+04
1.722e-01 9.928e+04
1.670e-01 1.004e+05
2.887e-01 8.663e+04
5.306e-06 1.449e+04
1.738e-01 9.799e+04
1.742e-01 9.976e+04
2.388e-01 9.027e+04
1.887e-01 9.641e+04
3.181e-01 8.485e+04
1.801e-01 9.792e+04
1.710e-01 9.983e+04
1.764e-01 9.969e+04
1.605e-01 1.024e+05
1.701e-01 1.006e+05
1.783e-01 9.858e+04
1.715e-01 1.003e+05
2.041e-01 9.267e+04
1.599e-01 1.028e+05
1.830e-01 9.676e+04
2.240e-01 9.153e+04
2.523e-01 8.793e+04
1.662e-01 1.002e+05
1.779e-01 9.806e+04
1.601e-01 1.027e+05
1.613e-01 1.016e+05
1.708e-01 9.977e+04
3.569e-01 8.228e+04
1.640e-01 1.015e+05
1.799e-01 9.827e+04
1.684e-01 1.006e+05
1.729e-01 9.964e+04
1.630e-01 1.012e+05
1.770e-01 9.949e+04
1.699e-01 9.980e+04
6.056e-06 2.145e+04
1.689e-01 1.007e+05
1.798e-01 9.821e+04
1.999e-01 9.610e+04
1.773e-01 9.938e+04
1.848e-01 9.711e+04
3.088e-06 2.308e+04
1.796e-01 9.857e+04
1.662e-01 1.008e+05
1.669e-01 1.003e+05
1.649e-01 1.011e+05
1.695e-01 1.002e+05
3.099e-01 7.644e+04
1.821e-01 9.796e+04
1.678e-01 1.002e+05
2.610e-01 8.819e+04
3.036e-01 8.610e+04
1.715e-01 9.993e+04
1.717e-01 9.924e+04
2.230e-01 9.368e+04
1.650e-01 1.017e+05
1.853e-01 9.766e+04
1.720e-01 9.874e+04
1.684e-01 1.004e+05
1.799e-01 9.802e+04
1.521e-06 1.149e+04
1.663e-01 1.001e+05
1.652e-01 1.013e+05
1.620e-01 1.013e+05
1.723e-01 9.882e+04
1.726e-01 9.990e+04
1.722e-01 9.917e+04
1.883e-01 9.601e+04
1.679e-01 1.006e+05
2.805e-01 7.377e+04
1.805e-07 1.095e+04
1.772e-01 9.807e+04
1.536e-01 1.042e+05
1.644e-01 1.016e+05
1.589e-01 1.022e+05
1.749e-01 9.978e+04
1.688e-01 1.007e+05
1.694e-01 9.962e+04
2.125e-01 9.404e+04
3.685e-01 7.742e+04
1.647e-01 1.006e+05
2.849e-01 8.651e+04
1.692e-01 9.988e+04
1.629e-01 1.009e+05
1.650e-01 1.013e+05
1.730e-01 9.913e+04
1.546e-01 1.040e+05
1.732e-01 9.939e+04
1.597e-01 1.022e+05
2.693e-06 9.306e+03
1.799e-01 9.882e+04
1.796e-01 9.879e+04
1.662e-01 1.005e+05
1.764e-01 9.947e+04
1.620e-01 1.021e+05
1.675e-01 1.001e+05
2.685e-01 8.928e+04
1.900e-01 9.630e+04
1.670e-01 1.005e+05
1.542e-01 1.035e+05
1.997e-01 9.583e+04
1.776e-01 9.922e+04
5.893e-06 7.526e+03
1.803e-01 9.806e+04
1.632e-01 1.017e+05
1.621e-01 1.017e+05
1.317e-06 7.692e+03
1.753e-01 9.914e+04
1.989e-01 9.472e+04
1.702e-01 9.893e+04
1.658e-01 1.005e+05
1.609e-01 1.011e+05
1.947e-01 9.567e+04
1.670e-01 1.001e+05
3.512e-01 7.645e+04
1.771e-01 9.864e+04
2.165e-01 9.353e+04
1.659e-01 1.011e+05
1.714e-01 1.005e+05
1.827e-01 9.812e+04
1.774e-01 9.863e+04
1.867e-06 2.326e+04
1.840e-01 9.714e+04
1.576e-01 1.029e+05
2.852e-01 8.700e+04
1.887e-01 9.600e+04
2.146e-01 9.393e+04
1.916e-01 9.652e+04
1.719e-01 1.003e+05
1.604e-01 1.020e+05
1.708e-01 9.968e+04
1.824e-01 9.841e+04
1.807e-01 9.797e+04
2.822e-01 8.482e+04
1.702e-01 9.938e+04
2.587e-01 8.891e+04
1.763e-01 9.898e+04
1.559e-01 1.033e+05
2.359e-01 9.078e+04
3.816e-01 7.343e+04
2.100e-01 9.436e+04
2.218e-01 9.139e+04
1.680e-01 1.003e+05
3.593e-01 7.868e+04
1.612e-01 1.018e+05
2.430e-01 9.000e+04
1.968e-01 9.589e+04
1.785e-01 9.923e+04
1.773e-01 9.717e+04
1.750e-01 9.867e+04
1.819e-01 9.842e+04
4.071e-06 6.318e+03
1.847e-01 9.720e+04
1.864e-01 9.716e+04
1.713e-01 1.002e+05
4.732e-06 2.168e+04
1.672e-01 1.000e+05
1.677e-01 1.011e+05
9.596e-06 1.796e+04
1.792e-01 9.923e+04
1.886e-01 9.650e+04
1.790e-01 9.848e+04
1.646e-01 1.012e+05
1.726e-01 9.862e+04
1.674e-01 1.007e+05
1.730e-01 9.956e+04
1.905e-01 9.555e+04
1.674e-01 1.005e+05
1.740e-01 9.996e+04
3.574e-01 8.331e+04
1.970e-01 9.496e+04
1.668e-01 1.001e+05
1.578e-01 1.024e+05
2.037e-01 9.346e+04
1.710e-01 9.973e+04
1.820e-01 9.789e+04
1.923e-01 9.668e+04
1.785e-01 9.930e+04
3.010e-01 8.570e+04
1.784e-01 9.806e+04
1.722e-01 9.941e+04
1.830e-01 9.848e+04
1.630e-01 1.020e+05
1.565e-01 1.027e+05
1.677e-01 1.003e+05
1.785e-01 9.837e+04
4.734e-06 9.328e+03
1.321e-05 1.222e+04
1.804e-01 9.878e+04
1.701e-01 9.958e+04
2.802e-01 8.785e+04
1.661e-01 1.003e+05
1.541e-01 1.033e+05
1.722e-01 1.007e+05
1.716e-01 9.881e+04
1.731e-01 1.000e+05
1.737e-01 1.004e+05
1.853e-01 9.736e+04
3.433e-01 8.448e+04
1.755e-01 9.844e+04
4.852e-06 2.021e+04
1.618e-01 1.020e+05
1.635e-01 1.016e+05
1.836e-01 9.766e+04
1.595e-01 1.029e+05
1.753e-01 9.980e+04
1.725e-01 9.920e+04
3.535e-01 8.374e+04
2.414e-01 9.112e+04
1.682e-01 1.005e+05
3.095e-01 8.621e+04
1.682e-01 9.944e+04
1.546e-01 1.029e+05
1.652e-01 1.008e+05
1.710e-01 1.003e+05
2.621e-01 8.704e+04
1.850e-01 9.770e+04
1.671e-01 1.010e+05
1.670e-01 1.006e+05
1.839e-01 9.772e+04
4.145e-01 8.086e+04
2.777e-06 1.128e+04
1.742e-01 9.904e+04
2.022e-01 9.532e+04
1.679e-01 1.009e+05
1.598e-01 1.024e+05
1.653e-01 1.008e+05
2.521e-01 8.882e+04
1.738e-01 1.002e+05
2.244e-01 9.144e+04
1.738e-01 9.921e+04
1.740e-01 9.903e+04
1.628e-01 1.015e+05
2.001e-01 9.486e+04
2.568e-01 8.851e+04
1.827e-01 9.797e+04
1.895e-01 9.719e+04
1.823e-01 9.762e+04
1.712e-01 9.972e+04
1.590e-01 1.024e+05
1.694e-01 9.962e+04
1.683e-01 1.014e+05
1.801e-01 9.744e+04
3.006e-01 8.779e+04
1.597e-01 1.020e+05
1.688e-01 1.005e+05
1.841e-01 9.801e+04
3.939e-01 7.820e+04
2.380e-01 8.895e+04
1.653e-01 1.001e+05
1.724e-01 9.981e+04
1.878e-01 9.693e+04
1.708e-01 1.003e+05
1.508e-01 1.046e+05
2.031e-01 9.467e+04
1.769e-01 9.834e+04
6.899e-06 6.947e+03
3.481e-01 7.676e+04
1.625e-01 1.006e+05
1.657e-01 1.018e+05
1.749e-01 9.886e+04
1.842e-01 9.708e+04
1.895e-01 9.507e+04
1.693e-01 9.928e+04
1.581e-01 1.025e+05
8.784e-08 1.479e+04
1.780e-01 9.921e+04
1.625e-01 1.012e+05
1.711e-01 9.892e+04
1.602e-01 1.026e+05
1.802e-01 9.762e+04
1.724e-01 9.997e+04
1.138e-07 1.946e+04
1.810e-01 9.868e+04
2.939e-01 8.562e+04
1.757e-01 9.993e+04
1.714e-01 9.922e+04
1.758e-01 9.937e+04
1.715e-01 9.955e+04
1.937e-06 6.269e+03
1.597e-01 1.018e+05
1.553e-01 1.038e+05
1.729e-01 9.903e+04
1.685e-01 1.003e+05
1.661e-01 1.010e+05
1.640e-01 1.004e+05
1.655e-01 1.010e+05
1.860e-01 9.671e+04
2.535e-07 9.086e+03
1.937e-01 9.631e+04
3.105e-01 8.463e+04
1.801e-01 9.849e+04
1.766e-01 9.917e+04
1.652e-01 1.012e+05
1.656e-01 1.014e+05
1.558e-01 1.027e+05
2.361e-05 8.250e+03
1.522e-06 2.491e+03
1.733e-01 9.881e+04
1.859e-01 9.710e+04
2.173e-05 6.884e+03
2.783e-06 1.600e+04
1.643e-01 1.012e+05
9.495e-06 2.969e+04
1.567e-01 1.026e+05
1.702e-01 9.946e+04
1.891e-01 9.752e+04
2.968e-01 8.065e+04
1.622e-01 1.020e+05
1.845e-01 9.795e+04
2.735e-01 8.537e+04
2.574e-01 8.914e+04
1.669e-01 1.007e+05
1.610e-01 1.016e+05
1.715e-01 9.889e+04
1.705e-01 9.915e+04
1.729e-01 9.992e+04
1.670e-01 1.010e+05
1.704e-01 9.905e+04
1.722e-01 1.004e+05
1.697e-01 9.903e+04
1.760e-01 9.874e+04
3.536e-01 7.453e+04
1.632e-01 1.010e+05
2.702e-07 3.400e+03
1.938e-01 9.647e+04
1.750e-01 9.877e+04
2.114e-01 9.359e+04
1.645e-01 1.003e+05
1.690e-01 1.003e+05
2.892e-01 8.502e+04
1.867e-01 9.698e+04
1.777e-01 9.905e+04
1.670e-01 1.006e+05
1.629e-01 1.013e+05
1.780e-01 9.855e+04
1.923e-01 9.663e+04
1.702e-01 1.007e+05
2.171e-01 9.265e+04
1.615e-01 1.021e+05
1.742e-01 9.938e+04
1.749e-01 9.977e+04
1.604e-01 1.014e+05
2.751e-06 1.951e+04
1.578e-01 1.028e+05
1.754e-01 9.974e+04
3.002e-01 8.656e+04
1.582e-01 1.030e+05
1.698e-01 1.005e+05
1.797e-01 9.753e+04
1.746e-01 1.000e+05
1.610e-01 1.024e+05
1.831e-01 9.761e+04
1.861e-01 9.684e+04
1.768e-01 9.771e+04
1.660e-01 1.009e+05
2.838e-01 8.792e+04
1.940e-01 9.615e+04
1.651e-01 1.006e+05
1.704e-01 9.996e+04
1.782e-01 9.772e+04
2.775e-01 8.689e+04
1.176e-05 1.691e+04
1.735e-01 1.001e+05
1.779e-01 9.830e+04
2.099e-01 9.414e+04
3.492e-01 8.199e+04
1.678e-01 1.008e+05
1.719e-01 9.952e+04
1.751e-01 9.850e+04
1.763e-01 9.883e+04
1.867e-01 9.804e+04
1.702e-01 9.977e+04
3.111e-01 8.254e+04
1.706e-01 1.002e+05
2.286e-01 9.244e+04
1.598e-01 1.014e+05
1.739e-01 9.953e+04
2.662e-01 8.796e+04
1.898e-01 9.612e+04
1.766e-01 9.873e+04
1.671e-01 1.007e+05
1.773e-01 9.801e+04
1.732e-01 9.880e+04
1.578e-01 1.025e+05
3.570e-01 7.990e+04
1.786e-01 9.829e+04
3.107e-01 8.389e+04
1.871e-01 9.725e+04
1.760e-01 9.818e+04
2.315e-01 9.092e+04
1.720e-01 9.936e+04
1.723e-01 1.003e+05
6.036e-06 8.813e+03
1.647e-01 1.014e+05
1.913e-01 9.569e+04
1.368e-06 3.491e+03
1.747e-01 9.896e+04
3.156e-01 8.513e+04
1.630e-01 1.012e+05
1.716e-01 1.002e+05
1.743e-01 9.828e+04
2.592e-01 8.491e+04
1.635e-01 1.014e+05
2.101e-01 9.392e+04
3.284e-07 1.437e+04
1.651e-01 1.009e+05
1.712e-01 9.945e+04
3.423e-01 7.661e+04
1.596e-01 1.024e+05
2.354e-01 9.020e+04
1.721e-01 9.924e+04
1.977e-01 9.540e+04
1.608e-01 1.016e+05
1.764e-01 9.878e+04
1.632e-01 1.018e+05
1.920e-01 9.657e+04
1.675e-01 1.003e+05
1.918e-01 9.687e+04
1.706e-01 9.896e+04
1.690e-01 9.953e+04
1.900e-01 9.667e+04
1.871e-01 9.687e+04
3.816e-01 8.097e+04
1.619e-01 1.023e+05
1.855e-01 9.819e+04
1.753e-01 9.964e+04
1.757e-01 9.940e+04
1.743e-01 9.969e+04
1.623e-01 1.012e+05
1.056e-05 1.444e+04
1.930e-01 9.617e+04
1.637e-01 1.017e+05
1.711e-01 9.897e+04
2.706e-01 8.846e+04
1.537e-01 1.041e+05
1.847e-01 9.797e+04
1.708e-01 1.002e+05
2.656e-01 8.842e+04
2.262e-01 9.110e+04
1.800e-01 9.799e+04
1.918e-01 9.644e+04
1.820e-01 9.813e+04
1.655e-01 1.011e+05
1.643e-01 1.004e+05
1.911e-01 9.592e+04
2.382e-01 8.965e+04
1.521e-01 1.037e+05
1.635e-01 1.013e+05
3.289e-01 8.392e+04
2.332e-01 9.068e+04
1.663e-01 1.009e+05
1.647e-01 1.005e+05
1.705e-01 1.002e+05
1.815e-01 9.814e+04
2.134e-01 9.372e+04
1.690e-01 9.959e+04
1.641e-01 1.010e+05
1.728e-01 1.003e+05
1.625e-01 1.019e+05
1.712e-01 9.988e+04
1.693e-01 1.002e+05
1.569e-01 1.024e+05
1.682e-01 1.013e+05
1.691e-01 1.006e+05
1.547e-01 1.041e+05
1.810e-01 9.819e+04
1.873e-06 1.072e+04
2.365e-01 9.177e+04
1.960e-01 9.527e+04
1.760e-01 9.936e+04
1.798e-01 9.817e+04
2.184e-01 9.195e+04
1.694e-01 1.010e+05
1.773e-01 9.864e+04
1.725e-01 9.859e+04
1.593e-01 1.027e+05
1.103e-05 1.379e+04
1.678e-01 1.007e+05
3.026e-01 7.203e+04
2.429e-01 8.870e+04
1.645e-01 1.011e+05
2.833e-05 1.535e+04
1.778e-01 9.813e+04
2.014e-01 9.544e+04
3.125e-01 7.455e+04
1.751e-01 9.983e+04
4.395e-01 7.549e+04
3.307e-01 8.335e+04
2.048e-01 9.481e+04
2.251e-01 9.323e+04
1.637e-01 1.005e+05
3.387e-01 8.475e+04
1.627e-01 1.019e+05
1.703e-01 1.009e+05
3.211e-01 8.378e+04
1.530e-01 1.042e+05
1.678e-01 1.009e+05
1.986e-01 9.555e+04
3.866e-01 7.618e+04
1.587e-01 1.026e+05
1.587e-01 1.023e+05
1.656e-01 1.011e+05
1.568e-01 1.023e+05
2.005e-01 9.539e+04
1.747e-01 9.865e+04
1.892e-01 9.677e+04
1.730e-01 9.918e+04
1.713e-01 1.002e+05
1.790e-01 9.882e+04
1.823e-01 9.805e+04
1.865e-01 9.696e+04
1.570e-01 1.024e+05
1.641e-01 1.017e+05
2.157e-01 9.391e+04
1.624e-01 1.018e+05
1.834e-01 9.779e+04
2.994e-01 8.157e+04
1.844e-01 9.808e+04
1.639e-01 1.014e+05
1.592e-01 1.021e+05
1.761e-01 9.922e+04
1.806e-01 9.874e+04
1.784e-01 9.852e+04
1.732e-01 9.909e+04
2.590e-08 2.162e+04
1.712e-01 9.913e+04
1.903e-01 9.729e+04
2.102e-01 9.403e+04
1.700e-01 1.001e+05
8.280e-06 1.165e+04
1.693e-01 1.008e+05
2.241e-01 9.275e+04
1.655e-01 1.008e+05
1.638e-01 1.009e+05
1.694e-01 9.904e+04
1.612e-01 1.017e+05
1.686e-01 9.955e+04
1.979e-01 9.589e+04
1.945e-01 9.547e+04
1.703e-01 9.931e+04
5.993e-06 1.089e+04
1.632e-01 1.016e+05
1.687e-01 1.002e+05
1.744e-01 1.002e+05
2.321e-06 2.213e+04
1.628e-01 1.016e+05
1.891e-01 9.752e+04
1.750e-01 9.997e+04
1.915e-01 9.675e+04
1.665e-01 1.004e+05
1.661e-01 9.997e+04
8.615e-06 1.654e+04
1.662e-01 1.013e+05
2.099e-01 9.391e+04
1.785e-01 9.835e+04
1.561e-01 1.036e+05
1.730e-01 9.887e+04
4.236e-01 8.199e+04
1.944e-01 9.613e+04
1.645e-01 1.009e+05
1.817e-01 9.722e+04
1.652e-01 1.009e+05
1.791e-01 9.746e+04
1.645e-01 1.007e+05
1.599e-01 1.021e+05
1.727e-01 9.938e+04
2.726e-01 8.718e+04
1.841e-01 9.658e+04
1.632e-01 1.013e+05
1.641e-01 1.018e+05
1.643e-01 1.013e+05
1.627e-01 1.015e+05
3.555e-01 8.125e+04
3.159e-01 8.364e+04
2.832e-01 7.654e+04
1.805e-01 9.766e+04
2.540e-01 8.722e+04
1.959e-01 9.640e+04
1.803e-01 9.886e+04
1.686e-01 1.011e+05
2.602e-07 2.318e+04
1.587e-01 1.020e+05
1.548e-01 1.031e+05
1.674e-01 1.008e+05
2.926e-01 8.611e+04
6.561e-07 1.451e+04
1.543e-01 1.037e+05
1.092e-06 2.213e+04
1.895e-01 9.620e+04
1.676e-01 1.000e+05
1.768e-01 9.916e+04
1.972e-01 9.582e+04
2.075e-01 9.341e+04
1.921e-01 9.643e+04
2.366e-01 8.952e+04
1.718e-01 9.938e+04
1.531e-01 1.037e+05
1.606e-01 1.016e+05
2.480e-01 9.106e+04
1.579e-01 1.019e+05
1.588e-01 1.030e+05
1.784e-01 9.821e+04
2.557e-01 8.989e+04
1.726e-01 9.903e+04
1.810e-01 9.848e+04
1.745e-01 9.875e+04
1.781e-01 9.861e+04
1.850e-01 9.673e+04
2.308e-01 9.093e+04
1.785e-01 9.782e+04
2.911e-01 8.568e+04
1.876e-01 9.725e+04
1.799e-01 9.726e+04
1.718e-01 1.001e+05
1.931e-01 9.723e+04
1.861e-01 9.757e+04
2.405e-01 8.869e+04
3.519e-07 7.460e+03
1.754e-01 9.865e+04
1.794e-01 9.794e+04
1.600e-01 1.017e+05
1.909e-01 9.638e+04
1.899e-01 9.628e+04
1.849e-01 9.770e+04
3.651e-01 8.237e+04
1.567e-01 1.038e+05
1.592e-01 1.029e+05
1.859e-01 9.736e+04
2.142e-01 9.354e+04
2.828e-06 7.196e+03
1.638e-01 1.017e+05
3.605e-06 9.324e+03
1.680e-01 1.012e+05
1.710e-01 9.994e+04
2.921e-01 8.735e+04
1.770e-01 9.840e+04
3.116e-01 8.506e+04
1.845e-01 9.790e+04
1.673e-01 9.997e+04
1.634e-01 1.020e+05
2.819e-06 1.692e+04
4.442e-06 7.084e+03
1.646e-01 1.011e+05
1.737e-01 9.937e+04
1.707e-01 9.982e+04
1.651e-01 1.013e+05
2.231e-01 9.318e+04
3.136e-01 8.135e+04
1.739e-01 9.914e+04
1.755e-01 9.898e+04
1.520e-01 1.040e+05
1.646e-01 1.012e+05
1.764e-01 9.857e+04
1.560e-01 1.031e+05
1.709e-01 1.000e+05
1.883e-01 9.680e+04
1.746e-01 9.946e+04
1.732e-01 9.943e+04
1.882e-01 9.668e+04
1.715e-01 1.002e+05
1.646e-01 1.021e+05
3.801e-01 7.509e+04
1.621e-01 1.020e+05
1.862e-01 9.830e+04
2.259e-01 9.243e+04
1.748e-01 9.932e+04
1.702e-01 1.006e+05
1.678e-01 1.001e+05
1.907e-01 9.696e+04
1.576e-01 1.024e+05
1.752e-01 9.893e+04
1.628e-01 1.020e+05
1.750e-01 9.972e+04
1.784e-01 9.854e+04
1.643e-01 1.010e+05
1.876e-01 9.726e+04
1.668e-01 1.003e+05
1.739e-01 9.899e+04
2.500e-01 8.921e+04
1.713e-01 1.003e+05
1.967e-01 9.595e+04
1.789e-01 9.904e+04
3.385e-01 8.280e+04
4.330e-06 9.923e+03
1.590e-01 1.021e+05
1.649e-01 1.007e+05
1.831e-01 9.809e+04
1.668e-01 1.007e+05
1.636e-01 1.016e+05
1.906e-01 9.609e+04
1.817e-01 9.796e+04
1.700e-01 9.929e+04
1.690e-01 1.003e+05
1.634e-01 1.012e+05
1.943e-01 9.539e+04
1.748e-01 9.903e+04
1.583e-01 1.022e+05
3.791e-01 8.332e+04
1.681e-01 9.949e+04
1.726e-01 9.996e+04
3.850e-01 8.194e+04
1.802e-01 9.806e+04
1.854e-01 9.730e+04
1.661e-01 9.980e+04
1.835e-01 9.803e+04
1.580e-01 1.028e+05
3.408e-01 8.183e+04
1.670e-01 1.001e+05
1.878e-01 9.655e+04
2.328e-01 8.726e+04
1.753e-01 9.973e+04
2.894e-01 8.287e+04
1.713e-01 9.980e+04
1.718e-01 9.914e+04
1.711e-01 9.955e+04
1.685e-01 1.002e+05
3.072e-01 8.492e+04
1.716e-01 9.912e+04
1.609e-01 1.024e+05
3.454e-01 7.682e+04
1.760e-01 9.960e+04
1.712e-01 9.989e+04
1.589e-01 1.026e+05
1.690e-01 1.005e+05
1.751e-01 9.956e+04
1.712e-01 1.000e+05
4.752e-06 1.521e+04
1.819e-01 9.720e+04
2.850e-01 8.745e+04
3.357e-01 8.420e+04
1.851e-01 9.691e+04
1.775e-01 9.896e+04
1.610e-01 1.021e+05
1.701e-01 9.982e+04
1.727e-01 9.956e+04
1.584e-01 1.027e+05
1.722e-01 9.910e+04
1.667e-01 1.010e+05
1.758e-01 9.863e+04
1.941e-01 9.503e+04
1.636e-01 1.012e+05
1.951e-01 9.624e+04
2.693e-01 8.832e+04
1.660e-01 1.008e+05
1.727e-01 9.867e+04
1.648e-01 1.011e+05
1.542e-01 1.035e+05
2.852e-01 8.005e+04
1.895e-01 9.693e+04
2.557e-06 1.390e+04
1.838e-01 9.859e+04
2.543e-01 8.974e+04
1.582e-01 1.031e+05
1.685e-01 9.955e+04
1.737e-01 9.962e+04
1.712e-01 1.000e+05
3.723e-01 8.293e+04
1.776e-01 9.795e+04
1.705e-01 9.961e+04
1.801e-01 9.765e+04
1.780e-01 9.835e+04
2.976e-01 8.547e+04
2.395e-01 9.215e+04
1.585e-01 1.023e+05
1.730e-01 9.941e+04
1.678e-01 1.013e+05
1.586e-01 1.020e+05
1.848e-01 9.589e+04
1.659e-01 1.010e+05
2.804e-01 8.662e+04
1.687e-01 9.946e+04
1.746e-01 9.902e+04
1.765e-01 9.843e+04
1.548e-01 1.037e+05
1.693e-01 9.946e+04
1.694e-01 9.927e+04
1.605e-01 1.021e+05
1.703e-01 1.001e+05
1.796e-01 9.843e+04
3.469e-01 8.239e+04
3.263e-01 8.456e+04
2.553e-01 8.867e+04
1.568e-01 1.027e+05
1.884e-01 9.763e+04
1.639e-01 1.013e+05
1.690e-01 1.004e+05
1.770e-01 9.830e+04
1.837e-01 9.788e+04
1.702e-01 1.007e+05
3.561e-01 8.492e+04
1.601e-01 1.024e+05
1.754e-01 9.966e+04
3.461e-01 8.485e+04
1.746e-01 9.941e+04
2.822e-01 8.792e+04
1.675e-01 1.008e+05
1.739e-01 9.888e+04
1.690e-01 1.002e+05
3.712e-08 9.802e+03
1.536e-01 1.039e+05
1.721e-01 9.941e+04
1.875e-01 9.649e+04
1.636e-01 1.020e+05
1.683e-01 1.004e+05
7.552e-07 1.027e+04
2.557e-01 8.770e+04
1.635e-01 1.011e+05
1.734e-01 9.864e+04
2.248e-01 9.184e+04
1.674e-01 9.989e+04
1.636e-01 1.010e+05
1.558e-05 1.569e+04
1.784e-01 9.854e+04
1.641e-01 1.010e+05
2.725e-01 8.896e+04
1.844e-01 9.678e+04
2.935e-01 8.568e+04
1.787e-01 9.793e+04
1.685e-01 9.977e+04
1.863e-01 9.824e+04
1.810e-01 9.767e+04
2.333e-01 9.146e+04
1.830e-01 9.847e+04
6.344e-06 3.681e+04
2.545e-01 8.948e+04
2.567e-01 8.779e+04
1.731e-01 9.983e+04
1.571e-01 1.025e+05
2.198e-01 9.212e+04
1.672e-01 1.011e+05
1.638e-01 1.012e+05
2.042e-01 9.403e+04
1.570e-01 1.027e+05
1.641e-01 1.015e+05
1.739e-01 9.937e+04
1.770e-01 9.882e+04
1.586e-01 1.026e+05
1.795e-01 9.813e+04
1.675e-01 1.014e+05
2.698e-01 8.867e+04
1.708e-01 1.001e+05
1.819e-01 9.794e+04
7.064e-06 1.741e+04
3.133e-01 8.380e+04
4.090e-01 8.084e+04
1.790e-01 9.856e+04
1.683e-01 1.008e+05
1.581e-01 1.025e+05
2.606e-01 8.773e+04
1.651e-01 1.017e+05
2.455e-01 8.918e+04
1.561e-01 1.035e+05
1.684e-01 1.005e+05
2.162e-01 9.297e+04
1.814e-01 9.802e+04
1.733e-01 9.945e+04
2.166e-01 9.345e+04
1.542e-01 1.036e+05
1.821e-01 9.788e+04
1.802e-01 9.876e+04
1.580e-01 1.028e+05
1.830e-01 9.774e+04
1.789e-01 9.835e+04
1.627e-01 1.017e+05
1.697e-01 9.982e+04
1.646e-01 1.006e+05
1.498e-06 1.196e+04
1.878e-01 9.578e+04
1.720e-01 9.860e+04
1.728e-01 9.926e+04
2.959e-06 7.546e+03
3.804e-01 7.569e+04
1.644e-01 1.018e+05
1.772e-01 9.857e+04
1.916e-01 9.608e+04
1.806e-01 9.850e+04
1.790e-01 9.883e+04
1.706e-01 9.943e+04
2.701e-01 8.862e+04
1.565e-01 1.031e+05
3.046e-01 8.199e+04
1.620e-01 1.019e+05
1.733e-01 9.937e+04
1.672e-01 1.008e+05
1.734e-01 9.987e+04
1.671e-01 1.007e+05
1.691e-01 1.003e+05
1.840e-01 9.833e+04
1.709e-05 1.859e+04
1.874e-01 9.674e+04
2.110e-01 9.303e+04
1.705e-01 1.004e+05
1.876e-01 9.733e+04
2.194e-01 9.258e+04
1.663e-01 1.013e+05
1.675e-01 1.009e+05
2.899e-01 8.613e+04
1.769e-01 9.958e+04
1.947e-01 9.466e+04
2.799e-01 8.714e+04
3.557e-01 7.612e+04
1.758e-01 9.865e+04
2.986e-01 8.737e+04
2.989e-01 8.443e+04
2.782e-01 8.850e+04
2.231e-01 9.167e+04
1.948e-01 9.579e+04
1.719e-01 9.948e+04
3.133e-01 8.182e+04
1.789e-01 9.883e+04
1.612e-01 1.021e+05
1.542e-01 1.034e+05
1.716e-01 9.979e+04
1.854e-01 9.631e+04
1.759e-01 9.971e+04
1.771e-01 9.844e+04
1.779e-01 9.884e+04
1.771e-01 9.868e+04
1.698e-01 1.006e+05
1.587e-01 1.031e+05
1.621e-01 1.016e+05
5.063e-07 2.457e+04
2.730e-01 8.696e+04
1.870e-01 9.732e+04
1.655e-01 1.006e+05
5.258e-06 9.290e+03
1.605e-01 1.016e+05
1.661e-01 1.008e+05
1.631e-01 1.011e+05
1.985e-01 9.569e+04
1.714e-01 9.932e+04
1.566e-01 1.037e+05
1.574e-01 1.027e+05
1.825e-01 9.779e+04
1.757e-01 9.899e+04
1.717e-01 9.919e+04
3.348e-01 7.652e+04
1.505e-01 1.044e+05
1.609e-01 1.020e+05
1.643e-01 1.019e+05
4.714e-01 7.751e+04
1.767e-01 9.868e+04
1.865e-01 9.757e+04
1.664e-01 1.007e+05
1.552e-01 1.028e+05
1.667e-01 1.007e+05
2.373e-01 9.087e+04
1.819e-01 9.800e+04
1.627e-01 1.012e+05
1.744e-01 9.956e+04
1.495e-01 1.048e+05
1.699e-01 9.989e+04
1.626e-01 1.010e+05
1.784e-01 9.815e+04
1.595e-01 1.027e+05
1.726e-01 9.994e+04
1.624e-01 1.016e+05
1.676e-01 1.014e+05
1.663e-01 1.010e+05
2.878e-01 8.581e+04
1.648e-01 1.009e+05
1.719e-01 9.915e+04
3.101e-01 8.430e+04
3.660e-01 8.322e+04
2.176e-01 9.406e+04
3.069e-01 8.652e+04
1.843e-01 9.757e+04
2.332e-01 9.147e+04
1.770e-01 9.850e+04
1.695e-01 1.008e+05
1.789e-01 9.801e+04
1.642e-01 1.012e+05
3.009e-01 8.709e+04
1.614e-01 1.013e+05
1.663e-01 9.975e+04
1.594e-01 1.030e+05
1.916e-01 9.709e+04
1.708e-01 9.989e+04
2.620e-01 8.690e+04
1.620e-01 1.012e+05
2.494e-01 9.009e+04
3.415e-01 8.474e+04
1.712e-01 1.004e+05
1.969e-01 9.519e+04
1.641e-01 1.012e+05
1.724e-01 9.874e+04
1.749e-01 9.938e+04
1.602e-01 1.018e+05
1.671e-01 1.013e+05
2.738e-01 8.874e+04
2.818e-01 8.185e+04
1.653e-01 1.015e+05
1.663e-01 1.011e+05
3.086e-01 7.728e+04
1.854e-01 9.783e+04
1.666e-01 1.011e+05
2.900e-01 8.702e+04
1.527e-06 6.278e+03
1.671e-01 1.013e+05
1.933e-01 9.624e+04
1.759e-01 9.853e+04
1.736e-01 9.979e+04
3.246e-01 8.198e+04
1.810e-01 9.818e+04
1.599e-01 1.027e+05
1.841e-01 9.676e+04
1.632e-01 1.019e+05
1.701e-01 1.003e+05
1.855e-01 9.739e+04
1.859e-01 9.730e+04
2.511e-01 8.808e+04
1.721e-01 9.976e+04
2.298e-01 9.215e+04
1.943e-01 9.603e+04
3.358e-01 8.165e+04
1.756e-01 9.864e+04
2.509e-01 8.962e+04
1.696e-01 1.009e+05
1.735e-01 9.988e+04
1.590e-01 1.021e+05
1.689e-01 1.000e+05
1.704e-01 9.904e+04
1.591e-01 1.021e+05
1.674e-01 1.009e+05
2.296e-01 9.059e+04
1.782e-01 9.840e+04
1.586e-01 1.028e+05
1.885e-01 9.689e+04
1.854e-01 9.662e+04
1.732e-01 9.818e+04
1.613e-01 1.022e+05
1.697e-01 1.010e+05
1.652e-01 1.010e+05
2.612e-01 8.924e+04
6.866e-06 1.344e+04
1.631e-01 1.018e+05
1.537e-01 1.038e+05
1.543e-01 1.030e+05
1.678e-01 1.004e+05
1.883e-01 9.628e+04
3.692e-01 7.878e+04
1.564e-01 1.031e+05
1.988e-01 9.640e+04
3.310e-01 7.828e+04
1.603e-01 1.019e+05
1.851e-01 9.757e+04
1.797e-01 9.884e+04
2.036e-01 9.441e+04
1.722e-01 9.941e+04
1.776e-01 9.844e+04
1.712e-01 1.004e+05
1.070e-05 1.403e+04
5.620e-06 1.314e+04
3.457e-01 8.436e+04
3.339e-06 8.608e+03
1.605e-01 1.029e+05
1.703e-01 1.007e+05
1.636e-01 1.010e+05
1.979e-01 9.639e+04
1.741e-01 9.994e+04
1.938e-01 9.546e+04
1.748e-01 9.963e+04
4.489e-06 1.675e+04
3.414e-01 8.390e+04
1.646e-01 1.006e+05
1.848e-01 9.767e+04
1.917e-01 9.707e+04
1.074e-05 1.360e+04
1.620e-01 1.010e+05
1.742e-01 9.990e+04
2.826e-01 8.793e+04
1.729e-01 9.850e+04
2.289e-01 9.319e+04
1.760e-01 9.809e+04
1.639e-01 1.015e+05
1.922e-01 9.610e+04
1.792e-01 9.767e+04
1.678e-01 9.950e+04
4.215e-08 2.059e+04
1.685e-01 9.995e+04
1.654e-01 1.013e+05
1.834e-01 9.783e+04
1.709e-01 9.988e+04
1.718e-01 9.981e+04
1.589e-01 1.024e+05
1.670e-01 1.006e+05
2.371e-01 8.960e+04
1.740e-01 9.882e+04
1.671e-01 1.005e+05
1.654e-01 1.001e+05
1.788e-01 9.790e+04
1.627e-01 1.019e+05
1.790e-01 9.872e+04
1.594e-01 1.015e+05
1.733e-01 9.912e+04
4.057e-01 7.874e+04
1.791e-01 9.812e+04
1.736e-01 9.812e+04
1.786e-01 9.738e+04
1.754e-01 9.903e+04
1.604e-01 1.020e+05
1.535e-05 1.016e+04
2.775e-01 8.862e+04
1.773e-01 9.827e+04
1.741e-01 9.788e+04
1.581e-01 1.021e+05
1.531e-01 1.039e+05
1.849e-01 9.778e+04
1.828e-01 9.711e+04
1.826e-01 9.835e+04
1.923e-01 9.601e+04
1.691e-01 1.008e+05
1.758e-01 9.938e+04
1.697e-01 9.964e+04
1.781e-01 9.878e+04
1.627e-01 1.017e+05
1.764e-01 9.959e+04
1.678e-01 1.001e+05
1.786e-01 9.814e+04
1.640e-01 1.008e+05
1.700e-01 9.995e+04
3.670e-01 8.397e+04
1.592e-01 1.017e+05
2.788e-01 8.917e+04
1.791e-01 9.874e+04
1.652e-01 1.008e+05
1.733e-01 9.999e+04
1.627e-01 1.021e+05
1.633e-01 1.016e+05
1.842e-01 9.765e+04
1.611e-01 1.015e+05
1.743e-01 9.917e+04
2.796e-01 8.511e+04
1.619e-01 1.012e+05
1.499e-01 1.051e+05
1.886e-01 9.653e+04
1.616e-01 1.015e+05
1.675e-01 9.961e+04
1.672e-01 1.006e+05
1.833e-01 9.797e+04
2.568e-01 8.890e+04
1.767e-01 9.881e+04
2.895e-01 8.720e+04
3.480e-01 8.129e+04
1.732e-01 9.917e+04
1.951e-01 9.624e+04
1.502e-01 1.044e+05
1.696e-01 9.944e+04
1.677e-01 1.006e+05
1.689e-01 1.004e+05
1.584e-01 1.029e+05
1.938e-01 9.496e+04
1.808e-01 9.788e+04
1.686e-01 9.954e+04
1.730e-01 9.874e+04
1.783e-01 9.856e+04
1.748e-01 9.917e+04
1.585e-06 1.689e+04
1.627e-01 1.020e+05
1.714e-01 9.912e+04
3.143e-01 8.282e+04
1.811e-01 9.859e+04
1.619e-01 1.022e+05
3.201e-01 8.078e+04
1.663e-01 1.007e+05
1.882e-01 9.693e+04
1.993e-01 9.534e+04
1.845e-01 9.797e+04
1.916e-01 9.499e+04
1.802e-01 9.842e+04
1.843e-01 9.782e+04
1.553e-01 1.030e+05
1.862e-01 9.718e+04
2.023e-01 9.390e+04
4.818e-01 7.506e+04
1.572e-01 1.034e+05
1.667e-01 1.006e+05
1.693e-01 9.985e+04
1.774e-01 9.818e+04
2.305e-01 9.124e+04
1.570e-01 1.032e+05
1.727e-01 9.999e+04
1.715e-01 1.007e+05
1.776e-01 9.889e+04
1.781e-01 9.810e+04
1.683e-01 9.990e+04
1.974e-01 9.618e+04
1.721e-01 1.002e+05
1.729e-01 9.976e+04
2.410e-05 2.080e+04
1.523e-01 1.044e+05
1.686e-01 1.006e+05
1.794e-01 9.765e+04
1.644e-01 1.013e+05
2.441e-01 8.966e+04
1.668e-01 9.999e+04
1.792e-01 9.822e+04
1.762e-01 9.875e+04
1.160e-05 7.238e+03
1.783e-01 9.872e+04
1.749e-01 9.851e+04
1.798e-01 9.781e+04
1.162e-06 2.544e+04
1.864e-01 9.722e+04
2.508e-01 8.987e+04
2.611e-01 8.937e+04
1.717e-01 9.967e+04
2.934e-01 8.742e+04
1.737e-01 9.980e+04
1.621e-01 1.020e+05
3.257e-01 8.418e+04
1.680e-01 9.994e+04
1.794e-01 9.897e+04
2.041e-01 9.390e+04
1.843e-01 9.737e+04
1.650e-01 1.013e+05
1.793e-01 9.780e+04
1.930e-01 9.616e+04
2.125e-01 9.496e+04
2.554e-01 8.965e+04
1.893e-01 9.592e+04
1.566e-01 1.033e+05
1.641e-01 1.004e+05
1.892e-01 9.716e+04
1.730e-01 1.004e+05
1.516e-01 1.041e+05
1.722e-01 9.930e+04
1.668e-01 1.006e+05
1.810e-01 9.867e+04
1.673e-01 1.003e+05
2.061e-01 9.537e+04
1.845e-01 9.820e+04
1.815e-01 9.868e+04
1.649e-01 1.017e+05
2.373e-01 9.056e+04
1.706e-01 9.981e+04
1.672e-01 1.006e+05
1.658e-01 1.014e+05
1.636e-01 1.014e+05
1.802e-01 9.786e+04
1.753e-01 9.959e+04
1.684e-01 1.001e+05
1.735e-01 9.990e+04
1.796e-01 9.813e+04
1.628e-01 1.015e+05
1.914e-01 9.634e+04
1.828e-01 9.744e+04
1.697e-01 1.002e+05
1.845e-01 9.768e+04
1.767e-01 9.834e+04
1.834e-01 9.877e+04
1.745e-01 9.901e+04
3.318e-01 7.852e+04
1.638e-01 1.004e+05
1.787e-01 9.828e+04
2.739e-01 8.745e+04
1.571e-01 1.032e+05
1.669e-01 1.003e+05
1.778e-01 9.869e+04
1.639e-01 1.011e+05
1.886e-01 9.740e+04
1.620e-01 1.011e+05
1.753e-01 9.906e+04
3.869e-01 7.675e+04
1.882e-01 9.672e+04
3.345e-01 7.602e+04
1.737e-01 9.824e+04
1.680e-01 9.989e+04
1.574e-01 1.024e+05
1.786e-01 9.837e+04
1.650e-01 1.006e+05
1.539e-01 1.036e+05
1.576e-01 1.022e+05
2.163e-01 9.268e+04
1.679e-01 1.008e+05
1.724e-01 1.003e+05
1.623e-01 1.013e+05
1.851e-01 9.825e+04
1.832e-01 9.820e+04
1.725e-01 9.872e+04
1.760e-01 9.958e+04
1.606e-01 1.024e+05
3.679e-01 8.390e+04
1.739e-01 9.980e+04
1.698e-01 1.001e+05
1.911e-01 9.635e+04
1.682e-01 9.944e+04
1.895e-01 9.694e+04
1.797e-01 9.895e+04
1.674e-01 1.005e+05
1.743e-01 9.940e+04
1.636e-01 1.013e+05
1.636e-01 1.013e+05
1.719e-01 9.961e+04
1.662e-01 1.011e+05
3.326e-01 7.695e+04
1.741e-01 9.940e+04
3.519e-01 7.387e+04
1.020e-05 9.604e+03
1.829e-01 9.749e+04
1.871e-01 9.726e+04
1.772e-01 9.876e+04
1.815e-01 9.736e+04
2.708e-01 7.470e+04
1.764e-01 9.888e+04
2.518e-01 8.995e+04
1.754e-01 9.945e+04
2.806e-01 8.680e+04
1.661e-01 1.006e+05
1.798e-01 9.763e+04
1.690e-01 1.013e+05
1.668e-01 1.003e+05
1.906e-01 9.708e+04
7.037e-07 1.269e+04
1.665e-01 1.005e+05
1.764e-01 9.885e+04
1.713e-01 9.939e+04
1.725e-01 1.001e+05
1.616e-01 1.017e+05
5.711e-06 2.760e+03
2.415e-01 9.157e+04
1.677e-01 1.008e+05
1.601e-01 1.021e+05
2.071e-01 9.510e+04
1.619e-01 1.018e+05
1.646e-01 1.011e+05
1.769e-01 9.870e+04
1.647e-01 1.011e+05
1.799e-01 9.856e+04
1.800e-01 9.828e+04
1.586e-06 1.205e+04
3.551e-06 1.452e+04
1.635e-01 1.015e+05
2.750e-01 8.586e+04
1.697e-01 1.002e+05
2.365e-06 1.085e+04
1.635e-01 1.015e+05
1.609e-01 1.024e+05
7.010e-06 1.078e+04
1.572e-01 1.029e+05
1.708e-01 9.986e+04
1.707e-01 1.004e+05
1.655e-01 1.011e+05
1.728e-01 9.945e+04
1.825e-01 9.777e+04
1.567e-01 1.029e+05
1.722e-01 1.005e+05
1.841e-01 9.740e+04
3.053e-01 8.464e+04
2.521e-01 8.923e+04
3.325e-01 7.356e+04
1.772e-01 9.842e+04
1.686e-01 9.999e+04
1.824e-01 9.776e+04
1.752e-01 9.870e+04
1.921e-01 9.488e+04
1.727e-01 1.002e+05
1.653e-01 1.007e+05
2.429e-01 8.917e+04
1.754e-01 9.902e+04
1.694e-01 9.974e+04
1.946e-01 9.425e+04
1.558e-01 1.027e+05
4.419e-01 7.572e+04
1.760e-01 9.924e+04
1.692e-01 9.985e+04
1.826e-01 9.796e+04
1.721e-01 9.906e+04
1.798e-01 9.890e+04
1.815e-01 9.826e+04
1.726e-01 9.935e+04
1.647e-01 1.005e+05
1.769e-01 9.866e+04
1.609e-01 1.017e+05
1.729e-01 9.966e+04
1.673e-01 1.016e+05
1.858e-01 9.717e+04
2.233e-01 9.264e+04
2.420e-01 9.019e+04
1.788e-01 9.815e+04
1.913e-01 9.650e+04
1.621e-01 1.015e+05
1.621e-01 1.018e+05
1.780e-01 9.819e+04
1.588e-01 1.032e+05
1.565e-01 1.032e+05
2.629e-01 8.756e+04
1.540e-01 1.043e+05
1.603e-01 1.019e+05
2.084e-01 9.442e+04
1.657e-01 1.001e+05
1.686e-06 1.045e+04
2.492e-01 8.748e+04
1.691e-01 9.968e+04
1.711e-01 9.943e+04
1.824e-01 9.750e+04
1.719e-01 9.978e+04
1.591e-01 1.026e+05
1.869e-01 9.695e+04
1.666e-01 1.010e+05
1.782e-01 9.762e+04
1.621e-01 1.018e+05
2.074e-05 1.389e+04
1.787e-01 9.823e+04
1.721e-01 1.001e+05
1.738e-01 9.862e+04
1.455e-05 1.196e+04
1.924e-01 9.627e+04
1.610e-01 1.030e+05
1.757e-01 9.806e+04
2.686e-06 1.169e+04
1.177e-06 2.645e+04
3.852e-01 7.615e+04
1.935e-01 9.662e+04
1.937e-01 9.549e+04
1.110e-05 1.863e+04
1.690e-01 1.010e+05
1.719e-01 9.990e+04
1.864e-01 9.647e+04
1.708e-01 9.952e+04
1.738e-01 9.877e+04
2.518e-01 8.955e+04
