6.829e-02 1.717e+04
8.304e-02 1.586e+04
6.714e-02 1.707e+04
7.113e-02 1.672e+04
7.308e-02 1.667e+04
6.000e-02 1.809e+04
7.073e-02 1.672e+04
6.024e-02 1.794e+04
6.004e-02 1.831e+04
7.290e-02 1.670e+04
7.883e-02 1.618e+04
6.333e-02 1.766e+04
6.475e-02 1.760e+04
8.408e-02 1.581e+04
7.608e-02 1.628e+04
8.285e-02 1.587e+04
5.340e-02 1.933e+04
7.580e-02 1.645e+04
5.893e-02 1.824e+04
7.879e-02 1.631e+04
6.490e-02 1.741e+04
7.578e-02 1.633e+04
6.200e-02 1.791e+04
6.806e-02 1.710e+04
7.113e-02 1.685e+04
6.252e-02 1.772e+04
7.175e-02 1.673e+04
5.805e-02 1.841e+04
5.795e-02 1.869e+04
4.218e-06 3.625e+03
5.916e-02 1.813e+04
5.806e-02 1.859e+04
5.141e-02 1.968e+04
8.044e-02 1.613e+04
5.002e-02 1.991e+04
6.754e-02 1.718e+04
6.432e-02 1.764e+04
7.181e-02 1.689e+04
6.331e-02 1.761e+04
6.136e-02 1.780e+04
6.389e-02 1.744e+04
5.162e-02 1.976e+04
7.024e-02 1.702e+04
6.943e-02 1.725e+04
4.796e-06 3.721e+03
6.692e-02 1.721e+04
8.936e-02 1.560e+04
6.522e-02 1.749e+04
6.823e-02 1.710e+04
6.268e-02 1.772e+04
5.526e-02 1.902e+04
6.334e-02 1.765e+04
6.695e-02 1.724e+04
6.950e-02 1.700e+04
6.464e-02 1.765e+04
6.642e-02 1.735e+04
5.883e-02 1.816e+04
6.642e-02 1.731e+04
5.517e-02 1.907e+04
5.823e-02 1.841e+04
7.225e-02 1.663e+04
5.497e-02 1.932e+04
8.667e-02 1.572e+04
8.359e-02 1.586e+04
7.321e-02 1.664e+04
7.465e-02 1.661e+04
8.015e-02 1.599e+04
7.039e-02 1.686e+04
6.218e-02 1.789e+04
6.513e-02 1.733e+04
6.616e-02 1.756e+04
7.336e-02 1.668e+04
6.717e-02 1.736e+04
7.097e-02 1.673e+04
6.792e-02 1.717e+04
6.748e-02 1.709e+04
7.699e-02 1.648e+04
6.789e-02 1.726e+04
7.103e-02 1.690e+04
6.436e-02 1.762e+04
6.878e-02 1.720e+04
7.511e-02 1.642e+04
6.204e-02 1.791e+04
7.278e-02 1.682e+04
6.815e-02 1.711e+04
7.465e-02 1.657e+04
7.702e-02 1.625e+04
6.481e-02 1.758e+04
7.434e-02 1.665e+04
5.681e-02 1.853e+04
6.565e-02 1.750e+04
6.496e-02 1.760e+04
7.128e-02 1.685e+04
6.513e-02 1.741e+04
8.752e-02 1.566e+04
6.421e-02 1.765e+04
7.501e-02 1.648e+04
6.493e-02 1.759e+04
7.152e-02 1.678e+04
6.023e-02 1.832e+04
7.204e-02 1.696e+04
7.603e-02 1.638e+04
7.086e-02 1.695e+04
6.347e-02 1.768e+04
7.278e-02 1.648e+04
7.048e-02 1.698e+04
7.178e-02 1.684e+04
7.223e-02 1.656e+04
7.022e-02 1.694e+04
7.405e-02 1.661e+04
5.612e-02 1.886e+04
7.539e-02 1.657e+04
7.111e-02 1.705e+04
6.836e-02 1.723e+04
5.766e-02 1.843e+04
6.771e-02 1.705e+04
6.716e-02 1.725e+04
6.768e-02 1.746e+04
6.694e-02 1.723e+04
6.965e-02 1.695e+04
6.083e-02 1.801e+04
6.112e-02 1.804e+04
7.595e-02 1.645e+04
7.586e-02 1.649e+04
6.963e-02 1.688e+04
6.880e-02 1.707e+04
6.482e-02 1.754e+04
6.876e-02 1.703e+04
7.121e-02 1.673e+04
5.987e-02 1.829e+04
7.303e-02 1.653e+04
7.108e-02 1.680e+04
5.544e-02 1.871e+04
7.029e-02 1.687e+04
6.534e-02 1.732e+04
7.112e-02 1.676e+04
6.859e-02 1.732e+04
6.531e-02 1.746e+04
7.541e-02 1.659e+04
6.765e-02 1.721e+04
7.117e-02 1.689e+04
6.952e-02 1.687e+04
7.631e-02 1.645e+04
6.443e-02 1.759e+04
6.993e-02 1.712e+04
6.852e-02 1.702e+04
6.386e-02 1.765e+04
5.222e-02 1.973e+04
6.561e-02 1.744e+04
6.430e-02 1.751e+04
6.162e-02 1.793e+04
6.840e-02 1.708e+04
6.281e-02 1.780e+04
6.936e-02 1.722e+04
6.238e-02 1.789e+04
6.452e-02 1.749e+04
6.093e-02 1.812e+04
7.054e-02 1.695e+04
5.765e-02 1.835e+04
8.193e-02 1.599e+04
5.675e-02 1.861e+04
7.627e-02 1.652e+04
6.200e-02 1.801e+04
6.122e-02 1.809e+04
6.911e-02 1.729e+04
6.478e-02 1.750e+04
5.930e-02 1.815e+04
7.535e-02 1.651e+04
6.533e-02 1.746e+04
5.749e-02 1.862e+04
6.501e-02 1.731e+04
6.525e-02 1.727e+04
5.814e-02 1.827e+04
6.430e-02 1.750e+04
6.193e-02 1.799e+04
6.596e-02 1.732e+04
7.145e-02 1.670e+04
6.050e-02 1.809e+04
7.010e-02 1.672e+04
6.324e-02 1.761e+04
6.677e-02 1.724e+04
5.604e-02 1.892e+04
7.611e-02 1.636e+04
8.159e-02 1.606e+04
5.776e-02 1.866e+04
6.707e-02 1.698e+04
6.044e-02 1.803e+04
7.760e-02 1.631e+04
6.989e-02 1.706e+04
8.286e-02 1.596e+04
6.501e-02 1.757e+04
7.047e-02 1.692e+04
7.444e-02 1.638e+04
5.704e-02 1.881e+04
6.345e-02 1.774e+04
6.987e-02 1.702e+04
7.144e-02 1.660e+04
7.351e-02 1.674e+04
6.066e-02 1.790e+04
6.345e-02 1.769e+04
7.029e-02 1.676e+04
5.995e-02 1.813e+04
4.168e-06 2.489e+03
6.039e-02 1.803e+04
7.221e-02 1.669e+04
7.680e-02 1.647e+04
7.092e-02 1.691e+04
7.562e-02 1.655e+04
8.001e-02 1.601e+04
5.465e-02 1.917e+04
6.562e-02 1.739e+04
7.789e-02 1.631e+04
7.220e-02 1.665e+04
7.203e-02 1.684e+04
6.232e-02 1.792e+04
7.063e-02 1.684e+04
5.437e-02 1.922e+04
6.635e-02 1.730e+04
6.159e-02 1.786e+04
6.805e-02 1.707e+04
5.508e-02 1.868e+04
7.199e-02 1.663e+04
5.745e-02 1.867e+04
6.732e-02 1.733e+04
6.549e-02 1.737e+04
6.987e-02 1.698e+04
7.090e-02 1.693e+04
6.411e-02 1.753e+04
7.379e-02 1.658e+04
7.180e-02 1.668e+04
8.034e-02 1.598e+04
7.220e-02 1.668e+04
6.370e-02 1.765e+04
6.856e-02 1.722e+04
7.266e-02 1.663e+04
6.908e-02 1.718e+04
7.849e-02 1.616e+04
6.869e-02 1.708e+04
7.331e-02 1.682e+04
6.313e-02 1.763e+04
5.814e-02 1.822e+04
6.732e-02 1.716e+04
7.506e-02 1.661e+04
7.160e-02 1.686e+04
7.359e-02 1.674e+04
7.114e-02 1.681e+04
7.010e-02 1.684e+04
6.089e-02 1.800e+04
7.180e-02 1.682e+04
6.266e-02 1.799e+04
7.284e-02 1.667e+04
6.299e-02 1.764e+04
7.477e-02 1.651e+04
6.493e-02 1.755e+04
7.503e-02 1.646e+04
6.920e-02 1.702e+04
7.702e-02 1.632e+04
7.850e-02 1.614e+04
7.575e-02 1.632e+04
6.216e-02 1.766e+04
5.957e-02 1.801e+04
5.698e-02 1.874e+04
5.647e-02 1.889e+04
7.042e-02 1.707e+04
7.948e-02 1.609e+04
6.664e-02 1.716e+04
8.849e-02 1.555e+04
7.546e-02 1.656e+04
6.911e-02 1.710e+04
6.724e-02 1.712e+04
6.155e-02 1.783e+04
7.043e-02 1.692e+04
7.540e-02 1.643e+04
7.181e-02 1.658e+04
7.929e-02 1.611e+04
6.757e-02 1.718e+04
7.085e-02 1.687e+04
6.455e-02 1.762e+04
7.990e-02 1.632e+04
7.356e-02 1.624e+04
7.031e-02 1.695e+04
6.559e-02 1.736e+04
6.599e-02 1.738e+04
6.604e-02 1.750e+04
6.678e-02 1.709e+04
6.092e-02 1.826e+04
7.273e-02 1.656e+04
7.797e-02 1.624e+04
5.706e-02 1.854e+04
6.847e-02 1.716e+04
7.741e-02 1.624e+04
5.891e-02 1.827e+04
6.504e-02 1.739e+04
6.351e-02 1.771e+04
7.395e-02 1.659e+04
7.694e-02 1.637e+04
6.791e-02 1.727e+04
5.667e-02 1.893e+04
6.657e-02 1.732e+04
5.708e-02 1.863e+04
6.460e-02 1.753e+04
4.853e-02 2.036e+04
6.819e-02 1.714e+04
5.349e-02 1.936e+04
8.853e-02 1.559e+04
6.402e-02 1.772e+04
8.469e-02 1.576e+04
6.861e-02 1.719e+04
6.635e-02 1.733e+04
7.163e-02 1.690e+04
6.681e-02 1.723e+04
7.465e-02 1.656e+04
7.531e-02 1.627e+04
6.915e-02 1.701e+04
7.112e-02 1.698e+04
7.520e-02 1.638e+04
7.230e-02 1.680e+04
5.892e-02 1.845e+04
7.998e-02 1.627e+04
5.422e-02 1.901e+04
6.578e-02 1.726e+04
5.322e-02 1.921e+04
8.026e-02 1.601e+04
5.665e-02 1.870e+04
6.252e-02 1.784e+04
6.274e-02 1.786e+04
6.590e-02 1.733e+04
6.231e-02 1.776e+04
6.602e-02 1.728e+04
7.324e-02 1.664e+04
7.275e-02 1.685e+04
6.436e-02 1.770e+04
7.776e-02 1.623e+04
7.950e-02 1.626e+04
6.863e-02 1.711e+04
6.905e-02 1.715e+04
6.338e-02 1.784e+04
7.215e-02 1.664e+04
6.710e-02 1.725e+04
8.318e-02 1.590e+04
6.549e-02 1.728e+04
7.167e-02 1.676e+04
6.235e-02 1.766e+04
6.188e-02 1.784e+04
5.554e-02 1.879e+04
6.194e-02 1.777e+04
6.391e-02 1.780e+04
7.293e-02 1.672e+04
6.762e-02 1.743e+04
7.320e-02 1.672e+04
7.422e-02 1.666e+04
7.057e-02 1.691e+04
7.305e-02 1.680e+04
7.099e-02 1.688e+04
6.712e-02 1.716e+04
7.075e-02 1.677e+04
6.573e-02 1.746e+04
6.984e-02 1.691e+04
6.627e-02 1.752e+04
6.591e-02 1.735e+04
6.350e-02 1.785e+04
6.389e-02 1.762e+04
6.525e-02 1.754e+04
5.925e-02 1.838e+04
7.646e-02 1.648e+04
6.017e-02 1.810e+04
6.569e-02 1.740e+04
6.563e-02 1.741e+04
7.321e-02 1.677e+04
6.362e-02 1.783e+04
6.565e-02 1.722e+04
6.466e-02 1.751e+04
7.204e-02 1.662e+04
7.832e-02 1.620e+04
6.133e-02 1.771e+04
7.350e-02 1.665e+04
8.189e-02 1.618e+04
6.988e-02 1.690e+04
6.620e-02 1.729e+04
6.272e-02 1.772e+04
7.275e-02 1.662e+04
7.844e-02 1.617e+04
6.523e-02 1.734e+04
7.786e-02 1.626e+04
6.837e-02 1.708e+04
7.591e-02 1.631e+04
6.646e-02 1.725e+04
7.788e-02 1.611e+04
7.703e-02 1.622e+04
6.131e-02 1.795e+04
7.659e-02 1.641e+04
7.177e-02 1.685e+04
7.260e-02 1.655e+04
8.035e-02 1.638e+04
7.225e-02 1.674e+04
6.001e-02 1.811e+04
6.504e-02 1.753e+04
7.566e-02 1.637e+04
5.876e-02 1.836e+04
6.176e-02 1.780e+04
7.089e-02 1.690e+04
6.405e-02 1.756e+04
7.333e-02 1.668e+04
7.712e-02 1.641e+04
7.054e-02 1.687e+04
7.269e-02 1.672e+04
7.105e-02 1.676e+04
7.277e-02 1.671e+04
7.794e-02 1.639e+04
7.395e-02 1.671e+04
7.190e-02 1.676e+04
6.906e-02 1.713e+04
6.703e-02 1.729e+04
7.143e-02 1.686e+04
7.550e-02 1.657e+04
6.408e-02 1.761e+04
6.713e-02 1.726e+04
5.905e-02 1.816e+04
6.741e-02 1.698e+04
6.148e-06 3.962e+03
7.627e-02 1.639e+04
6.990e-02 1.704e+04
6.921e-02 1.698e+04
7.347e-02 1.660e+04
7.110e-02 1.674e+04
7.582e-02 1.633e+04
8.018e-02 1.606e+04
6.416e-02 1.764e+04
6.826e-02 1.698e+04
6.352e-02 1.766e+04
6.441e-02 1.750e+04
8.104e-02 1.604e+04
6.150e-02 1.790e+04
6.236e-02 1.791e+04
6.369e-02 1.757e+04
6.725e-02 1.728e+04
6.800e-02 1.720e+04
6.102e-02 1.797e+04
7.527e-02 1.624e+04
7.879e-02 1.612e+04
6.800e-02 1.711e+04
6.858e-02 1.711e+04
6.581e-02 1.756e+04
7.120e-02 1.693e+04
6.106e-02 1.807e+04
6.171e-02 1.778e+04
5.691e-02 1.857e+04
5.787e-02 1.833e+04
6.485e-02 1.751e+04
6.913e-02 1.700e+04
6.797e-02 1.738e+04
6.952e-02 1.711e+04
6.848e-02 1.701e+04
6.353e-02 1.756e+04
8.492e-02 1.570e+04
7.012e-02 1.673e+04
6.211e-02 1.781e+04
7.655e-02 1.632e+04
6.594e-02 1.726e+04
8.060e-02 1.606e+04
6.828e-02 1.719e+04
6.721e-02 1.727e+04
7.195e-02 1.672e+04
7.506e-02 1.644e+04
6.740e-02 1.713e+04
6.445e-02 1.748e+04
5.655e-02 1.868e+04
6.296e-02 1.786e+04
6.126e-02 1.798e+04
6.449e-02 1.756e+04
7.054e-02 1.692e+04
7.308e-02 1.648e+04
6.993e-02 1.692e+04
7.170e-02 1.658e+04
6.160e-02 1.793e+04
7.256e-02 1.673e+04
6.998e-02 1.693e+04
7.512e-02 1.651e+04
7.765e-02 1.624e+04
7.316e-02 1.663e+04
9.162e-02 1.533e+04
7.296e-02 1.668e+04
6.831e-02 1.694e+04
6.500e-02 1.726e+04
6.149e-02 1.801e+04
7.295e-02 1.680e+04
6.771e-02 1.748e+04
6.106e-02 1.802e+04
6.098e-02 1.802e+04
6.658e-02 1.747e+04
6.162e-02 1.793e+04
6.867e-02 1.699e+04
7.315e-02 1.686e+04
7.026e-02 1.686e+04
7.503e-02 1.646e+04
6.502e-02 1.756e+04
6.928e-02 1.699e+04
8.013e-02 1.614e+04
7.274e-02 1.692e+04
6.236e-02 1.775e+04
8.886e-02 1.527e+04
7.595e-02 1.633e+04
6.238e-02 1.788e+04
6.543e-02 1.759e+04
6.165e-02 1.791e+04
6.322e-02 1.768e+04
6.038e-02 1.798e+04
6.925e-02 1.695e+04
7.742e-02 1.639e+04
6.606e-02 1.737e+04
6.691e-02 1.735e+04
6.997e-02 1.709e+04
6.287e-02 1.767e+04
8.093e-02 1.616e+04
6.974e-02 1.691e+04
6.265e-02 1.795e+04
6.779e-02 1.715e+04
5.951e-02 1.839e+04
6.037e-02 1.801e+04
7.175e-02 1.682e+04
6.824e-02 1.723e+04
5.572e-02 1.875e+04
7.286e-02 1.680e+04
7.043e-02 1.690e+04
7.479e-02 1.649e+04
6.107e-02 1.794e+04
6.439e-02 1.758e+04
6.061e-02 1.805e+04
6.805e-02 1.721e+04
5.862e-02 1.824e+04
7.049e-02 1.699e+04
8.517e-02 1.576e+04
5.572e-02 1.893e+04
5.974e-02 1.810e+04
9.205e-02 1.561e+04
6.397e-02 1.762e+04
5.533e-02 1.857e+04
6.995e-02 1.705e+04
6.680e-02 1.724e+04
6.125e-02 1.782e+04
6.572e-02 1.727e+04
6.258e-02 1.752e+04
7.622e-02 1.656e+04
8.187e-02 1.617e+04
7.458e-02 1.666e+04
7.276e-02 1.671e+04
6.088e-02 1.816e+04
6.531e-02 1.740e+04
6.519e-02 1.737e+04
6.421e-02 1.759e+04
7.220e-02 1.686e+04
6.296e-02 1.775e+04
6.804e-02 1.712e+04
7.121e-02 1.693e+04
8.205e-02 1.611e+04
6.401e-02 1.772e+04
6.586e-02 1.739e+04
6.495e-02 1.758e+04
4.944e-02 2.013e+04
6.829e-02 1.717e+04
6.919e-02 1.704e+04
6.323e-02 1.782e+04
5.435e-02 1.925e+04
6.230e-02 1.761e+04
7.135e-02 1.693e+04
6.516e-02 1.752e+04
6.447e-02 1.750e+04
6.254e-02 1.774e+04
6.914e-02 1.704e+04
7.324e-02 1.672e+04
5.519e-02 1.886e+04
6.360e-02 1.769e+04
8.417e-02 1.597e+04
6.854e-02 1.707e+04
6.650e-02 1.728e+04
6.527e-02 1.728e+04
6.800e-02 1.703e+04
7.519e-02 1.645e+04
6.642e-02 1.750e+04
7.204e-02 1.685e+04
5.001e-02 1.982e+04
6.380e-02 1.762e+04
6.689e-02 1.735e+04
7.488e-02 1.639e+04
6.651e-02 1.743e+04
7.143e-02 1.652e+04
8.255e-02 1.610e+04
8.872e-06 5.170e+03
4.489e-06 1.648e+03
6.042e-02 1.816e+04
8.109e-02 1.593e+04
7.866e-02 1.632e+04
8.025e-02 1.613e+04
6.010e-02 1.805e+04
7.448e-02 1.649e+04
7.100e-02 1.695e+04
6.629e-02 1.730e+04
7.059e-02 1.662e+04
5.803e-02 1.834e+04
6.599e-02 1.739e+04
4.966e-02 1.988e+04
6.775e-02 1.712e+04
7.290e-02 1.674e+04
6.332e-02 1.774e+04
6.220e-02 1.784e+04
6.898e-02 1.703e+04
7.575e-02 1.644e+04
6.351e-02 1.766e+04
8.152e-02 1.607e+04
7.308e-02 1.671e+04
6.928e-02 1.711e+04
6.337e-02 1.779e+04
6.789e-02 1.722e+04
7.361e-02 1.676e+04
7.450e-02 1.640e+04
6.369e-02 1.762e+04
7.863e-02 1.610e+04
7.130e-02 1.682e+04
7.114e-02 1.675e+04
6.348e-02 1.751e+04
6.105e-02 1.816e+04
7.270e-02 1.661e+04
6.620e-02 1.747e+04
6.303e-02 1.765e+04
6.746e-02 1.716e+04
6.534e-02 1.732e+04
7.742e-02 1.627e+04
7.448e-02 1.667e+04
6.937e-02 1.698e+04
6.153e-02 1.796e+04
5.584e-02 1.900e+04
7.237e-02 1.658e+04
6.590e-02 1.732e+04
8.440e-02 1.580e+04
6.774e-02 1.733e+04
7.594e-02 1.648e+04
8.437e-02 1.583e+04
7.276e-02 1.686e+04
6.664e-02 1.742e+04
5.538e-02 1.910e+04
6.687e-02 1.721e+04
7.116e-02 1.676e+04
7.361e-02 1.654e+04
6.237e-02 1.790e+04
6.742e-02 1.718e+04
6.766e-02 1.729e+04
5.415e-02 1.890e+04
6.340e-02 1.779e+04
6.733e-02 1.714e+04
7.008e-02 1.692e+04
6.131e-02 1.813e+04
6.531e-02 1.749e+04
7.465e-02 1.646e+04
5.625e-02 1.866e+04
7.135e-02 1.671e+04
7.022e-02 1.691e+04
7.483e-02 1.649e+04
7.254e-02 1.661e+04
7.242e-02 1.666e+04
7.033e-02 1.695e+04
6.515e-02 1.738e+04
6.297e-02 1.778e+04
7.603e-02 1.644e+04
6.825e-02 1.712e+04
5.972e-02 1.812e+04
7.402e-02 1.672e+04
7.599e-02 1.629e+04
7.510e-02 1.629e+04
6.651e-02 1.725e+04
5.852e-02 1.831e+04
6.423e-02 1.757e+04
9.275e-02 1.530e+04
6.856e-02 1.716e+04
6.112e-02 1.803e+04
7.036e-02 1.700e+04
7.143e-02 1.677e+04
7.317e-02 1.664e+04
6.754e-02 1.725e+04
7.290e-02 1.656e+04
6.254e-02 1.770e+04
6.984e-02 1.696e+04
7.272e-02 1.674e+04
8.027e-02 1.607e+04
7.080e-02 1.691e+04
7.259e-02 1.687e+04
7.582e-02 1.623e+04
6.937e-02 1.708e+04
6.627e-02 1.752e+04
7.736e-02 1.616e+04
6.474e-02 1.755e+04
7.177e-02 1.680e+04
6.563e-02 1.748e+04
6.488e-02 1.746e+04
8.557e-02 1.595e+04
6.843e-02 1.710e+04
7.713e-02 1.632e+04
7.706e-02 1.633e+04
6.508e-02 1.738e+04
6.169e-02 1.811e+04
7.078e-02 1.684e+04
6.573e-02 1.735e+04
6.019e-02 1.821e+04
6.177e-02 1.781e+04
6.731e-02 1.718e+04
6.449e-02 1.736e+04
5.644e-02 1.873e+04
7.410e-02 1.666e+04
7.439e-02 1.660e+04
7.376e-02 1.677e+04
7.396e-02 1.674e+04
6.389e-02 1.771e+04
6.487e-02 1.754e+04
6.321e-02 1.773e+04
6.339e-02 1.762e+04
6.069e-02 1.818e+04
6.501e-02 1.759e+04
7.025e-02 1.699e+04
7.943e-02 1.615e+04
7.088e-02 1.694e+04
6.652e-02 1.716e+04
6.811e-02 1.716e+04
6.058e-02 1.816e+04
7.006e-02 1.696e+04
6.589e-02 1.737e+04
6.751e-02 1.731e+04
5.410e-02 1.904e+04
7.463e-02 1.652e+04
6.599e-02 1.718e+04
6.093e-02 1.819e+04
5.773e-02 1.867e+04
5.181e-02 1.957e+04
6.233e-02 1.769e+04
6.993e-02 1.698e+04
7.349e-02 1.677e+04
6.615e-02 1.738e+04
6.508e-02 1.760e+04
6.611e-02 1.723e+04
6.532e-02 1.735e+04
5.843e-02 1.845e+04
8.124e-02 1.600e+04
5.809e-02 1.851e+04
6.882e-02 1.687e+04
6.847e-02 1.708e+04
5.513e-02 1.893e+04
7.311e-02 1.674e+04
6.142e-02 1.817e+04
6.908e-02 1.703e+04
6.961e-02 1.705e+04
8.076e-02 1.625e+04
5.740e-02 1.846e+04
7.771e-02 1.645e+04
6.703e-02 1.706e+04
6.386e-02 1.773e+04
6.735e-02 1.710e+04
7.755e-02 1.630e+04
6.320e-02 1.784e+04
7.746e-02 1.634e+04
7.312e-02 1.679e+04
6.668e-02 1.710e+04
6.378e-02 1.779e+04
7.770e-02 1.640e+04
5.395e-02 1.918e+04
6.300e-02 1.763e+04
6.403e-02 1.769e+04
7.493e-02 1.657e+04
6.603e-02 1.732e+04
7.361e-02 1.673e+04
7.215e-02 1.676e+04
5.822e-02 1.858e+04
7.222e-02 1.671e+04
6.565e-02 1.753e+04
7.483e-02 1.650e+04
7.094e-02 1.696e+04
8.041e-02 1.606e+04
5.564e-02 1.865e+04
6.639e-02 1.733e+04
8.172e-02 1.605e+04
6.474e-02 1.764e+04
5.957e-02 1.818e+04
6.234e-02 1.791e+04
6.553e-02 1.729e+04
7.229e-02 1.674e+04
6.510e-02 1.758e+04
7.227e-02 1.671e+04
5.581e-02 1.886e+04
6.451e-02 1.755e+04
6.487e-02 1.756e+04
7.106e-02 1.681e+04
7.285e-02 1.669e+04
7.855e-02 1.598e+04
3.913e-06 2.637e+03
7.386e-02 1.655e+04
7.800e-02 1.632e+04
7.551e-02 1.648e+04
6.700e-02 1.733e+04
6.677e-02 1.735e+04
5.433e-02 1.920e+04
6.723e-02 1.733e+04
7.117e-02 1.700e+04
5.220e-02 1.951e+04
6.773e-02 1.715e+04
5.872e-02 1.820e+04
6.367e-02 1.748e+04
6.241e-02 1.787e+04
6.830e-02 1.705e+04
5.299e-02 1.909e+04
7.538e-02 1.641e+04
6.384e-02 1.751e+04
6.334e-02 1.761e+04
7.101e-02 1.718e+04
7.523e-02 1.658e+04
6.291e-02 1.761e+04
7.037e-02 1.703e+04
6.706e-02 1.726e+04
7.562e-02 1.641e+04
6.453e-02 1.741e+04
6.762e-02 1.713e+04
6.968e-02 1.702e+04
6.804e-02 1.726e+04
7.769e-02 1.623e+04
7.275e-02 1.682e+04
6.922e-02 1.719e+04
5.393e-02 1.889e+04
6.724e-02 1.726e+04
5.889e-02 1.808e+04
5.979e-02 1.836e+04
5.990e-02 1.816e+04
7.129e-02 1.674e+04
8.743e-02 1.573e+04
6.954e-02 1.698e+04
6.655e-02 1.719e+04
6.249e-02 1.768e+04
7.452e-02 1.655e+04
6.226e-02 1.767e+04
6.055e-02 1.821e+04
6.153e-02 1.797e+04
6.508e-02 1.749e+04
7.759e-02 1.630e+04
6.566e-02 1.741e+04
7.956e-02 1.619e+04
6.206e-02 1.768e+04
6.668e-02 1.720e+04
7.328e-02 1.650e+04
7.332e-02 1.679e+04
6.434e-02 1.773e+04
8.030e-02 1.607e+04
6.651e-02 1.731e+04
8.056e-02 1.594e+04
5.498e-02 1.911e+04
6.633e-02 1.742e+04
7.163e-02 1.664e+04
9.309e-02 1.541e+04
5.529e-02 1.902e+04
8.784e-02 1.566e+04
7.319e-02 1.672e+04
7.372e-02 1.660e+04
6.385e-02 1.757e+04
5.551e-02 1.866e+04
5.809e-02 1.837e+04
7.088e-02 1.689e+04
6.239e-02 1.777e+04
6.840e-02 1.710e+04
6.656e-02 1.746e+04
7.698e-02 1.643e+04
6.954e-02 1.695e+04
6.882e-02 1.702e+04
6.569e-02 1.735e+04
6.525e-02 1.756e+04
6.017e-02 1.783e+04
7.039e-02 1.709e+04
7.582e-02 1.655e+04
5.722e-02 1.862e+04
5.759e-02 1.864e+04
7.279e-02 1.668e+04
7.402e-02 1.648e+04
6.658e-02 1.727e+04
7.747e-02 1.644e+04
6.389e-02 1.773e+04
7.018e-02 1.686e+04
7.687e-02 1.648e+04
6.561e-02 1.726e+04
6.733e-02 1.726e+04
8.247e-02 1.598e+04
6.239e-02 1.804e+04
7.039e-02 1.689e+04
7.159e-02 1.683e+04
7.121e-02 1.686e+04
6.318e-02 1.767e+04
7.045e-02 1.669e+04
6.872e-02 1.693e+04
5.488e-02 1.886e+04
4.856e-02 2.041e+04
6.901e-02 1.715e+04
7.288e-02 1.659e+04
8.739e-02 1.560e+04
6.954e-02 1.703e+04
6.728e-02 1.734e+04
6.191e-02 1.775e+04
6.094e-02 1.787e+04
6.189e-02 1.789e+04
7.559e-02 1.646e+04
5.750e-02 1.857e+04
7.600e-02 1.654e+04
7.493e-02 1.657e+04
6.509e-02 1.766e+04
6.032e-02 1.815e+04
6.344e-02 1.770e+04
5.635e-02 1.843e+04
7.174e-02 1.684e+04
6.474e-02 1.754e+04
7.279e-02 1.672e+04
7.079e-02 1.681e+04
6.618e-02 1.736e+04
6.389e-02 1.775e+04
6.945e-02 1.683e+04
6.188e-02 1.799e+04
7.673e-02 1.638e+04
6.374e-02 1.756e+04
7.381e-02 1.650e+04
6.276e-02 1.778e+04
5.173e-02 1.966e+04
5.932e-02 1.825e+04
7.099e-02 1.678e+04
6.158e-02 1.802e+04
6.469e-02 1.762e+04
6.347e-02 1.761e+04
7.439e-02 1.636e+04
6.191e-02 1.793e+04
5.954e-02 1.801e+04
6.027e-02 1.804e+04
7.098e-02 1.692e+04
5.712e-02 1.837e+04
8.065e-02 1.594e+04
6.369e-02 1.756e+04
8.797e-02 1.554e+04
6.952e-02 1.718e+04
7.196e-02 1.700e+04
9.035e-02 1.538e+04
6.647e-02 1.737e+04
7.210e-02 1.676e+04
6.390e-02 1.744e+04
7.080e-02 1.696e+04
5.871e-02 1.840e+04
7.305e-02 1.656e+04
6.687e-02 1.746e+04
7.719e-02 1.658e+04
6.415e-02 1.751e+04
1.764e-05 5.435e+03
6.901e-02 1.698e+04
6.041e-02 1.806e+04
8.322e-02 1.585e+04
5.658e-02 1.892e+04
7.724e-02 1.647e+04
6.304e-02 1.795e+04
5.945e-02 1.797e+04
6.091e-02 1.778e+04
6.533e-02 1.750e+04
5.745e-02 1.860e+04
6.790e-02 1.724e+04
7.385e-02 1.663e+04
7.013e-02 1.696e+04
7.310e-02 1.680e+04
5.963e-02 1.827e+04
6.035e-02 1.794e+04
6.454e-02 1.767e+04
6.416e-02 1.767e+04
6.452e-02 1.756e+04
6.503e-02 1.766e+04
6.652e-02 1.743e+04
6.866e-02 1.713e+04
8.497e-02 1.575e+04
6.374e-02 1.753e+04
5.913e-02 1.839e+04
6.321e-02 1.757e+04
5.877e-02 1.846e+04
8.163e-02 1.593e+04
7.053e-02 1.706e+04
6.399e-02 1.771e+04
5.846e-02 1.869e+04
5.890e-02 1.832e+04
6.018e-02 1.806e+04
7.271e-02 1.668e+04
5.915e-02 1.836e+04
6.207e-02 1.761e+04
7.216e-02 1.689e+04
7.478e-02 1.661e+04
6.047e-02 1.805e+04
7.027e-02 1.700e+04
7.294e-02 1.693e+04
6.450e-02 1.770e+04
7.151e-02 1.676e+04
8.072e-02 1.617e+04
6.682e-02 1.727e+04
7.700e-02 1.638e+04
6.414e-02 1.763e+04
7.479e-02 1.639e+04
6.037e-02 1.822e+04
7.055e-02 1.702e+04
6.000e-02 1.831e+04
6.361e-02 1.758e+04
6.335e-02 1.781e+04
6.347e-02 1.782e+04
6.717e-02 1.728e+04
6.343e-02 1.749e+04
5.772e-02 1.830e+04
7.514e-02 1.647e+04
6.694e-02 1.720e+04
6.100e-02 1.817e+04
7.040e-02 1.705e+04
6.243e-02 1.787e+04
6.919e-02 1.716e+04
6.048e-02 1.806e+04
7.027e-02 1.685e+04
6.750e-02 1.722e+04
7.822e-02 1.632e+04
6.059e-02 1.823e+04
7.008e-02 1.695e+04
7.453e-02 1.650e+04
5.536e-02 1.875e+04
7.299e-02 1.661e+04
7.279e-02 1.660e+04
6.424e-02 1.760e+04
7.200e-02 1.690e+04
7.044e-02 1.694e+04
6.687e-02 1.735e+04
6.545e-02 1.758e+04
6.906e-02 1.700e+04
7.445e-02 1.665e+04
5.796e-02 1.842e+04
6.594e-02 1.731e+04
7.659e-02 1.638e+04
6.579e-02 1.741e+04
7.520e-02 1.653e+04
6.706e-02 1.711e+04
5.685e-02 1.861e+04
7.445e-02 1.643e+04
5.805e-02 1.852e+04
5.808e-02 1.841e+04
7.354e-02 1.660e+04
5.822e-02 1.827e+04
6.747e-02 1.706e+04
6.843e-02 1.707e+04
7.707e-02 1.646e+04
7.946e-02 1.633e+04
8.182e-02 1.601e+04
6.899e-02 1.693e+04
7.340e-02 1.674e+04
7.533e-02 1.638e+04
7.481e-02 1.654e+04
5.997e-02 1.830e+04
6.742e-02 1.738e+04
6.478e-02 1.757e+04
7.066e-02 1.687e+04
6.742e-02 1.736e+04
5.967e-02 1.815e+04
7.031e-02 1.679e+04
6.195e-02 1.779e+04
7.189e-02 1.693e+04
8.887e-02 1.556e+04
5.282e-02 1.941e+04
7.097e-02 1.684e+04
6.603e-02 1.729e+04
6.340e-02 1.775e+04
8.311e-02 1.591e+04
7.101e-02 1.679e+04
7.508e-02 1.646e+04
5.825e-02 1.845e+04
6.845e-02 1.712e+04
6.744e-02 1.723e+04
7.991e-02 1.620e+04
8.252e-02 1.583e+04
7.356e-02 1.665e+04
8.446e-02 1.572e+04
6.789e-02 1.716e+04
6.645e-02 1.748e+04
6.797e-02 1.716e+04
7.972e-02 1.627e+04
6.971e-02 1.696e+04
5.471e-02 1.881e+04
6.298e-02 1.792e+04
6.450e-02 1.717e+04
5.972e-02 1.818e+04
6.774e-02 1.723e+04
7.367e-02 1.672e+04
5.928e-02 1.809e+04
5.574e-02 1.892e+04
6.753e-02 1.724e+04
6.641e-02 1.718e+04
6.892e-02 1.714e+04
7.473e-02 1.660e+04
6.184e-02 1.784e+04
5.227e-02 1.949e+04
6.029e-02 1.805e+04
7.600e-02 1.640e+04
8.737e-02 1.545e+04
6.927e-02 1.688e+04
8.274e-02 1.602e+04
6.562e-02 1.762e+04
6.344e-02 1.784e+04
6.550e-02 1.729e+04
8.309e-02 1.579e+04
7.136e-02 1.672e+04
7.129e-02 1.691e+04
6.151e-02 1.799e+04
6.571e-02 1.720e+04
7.976e-02 1.620e+04
6.890e-02 1.716e+04
6.919e-02 1.701e+04
6.403e-02 1.751e+04
6.443e-02 1.752e+04
5.822e-02 1.844e+04
6.280e-02 1.786e+04
8.167e-02 1.598e+04
7.738e-02 1.642e+04
6.862e-02 1.714e+04
6.999e-02 1.697e+04
6.417e-02 1.760e+04
8.309e-02 1.601e+04
6.083e-02 1.804e+04
7.234e-02 1.671e+04
7.038e-02 1.691e+04
7.319e-02 1.654e+04
5.027e-02 1.991e+04
7.536e-02 1.644e+04
8.189e-02 1.600e+04
5.847e-02 1.842e+04
7.628e-02 1.640e+04
6.698e-02 1.732e+04
7.218e-02 1.681e+04
6.753e-02 1.709e+04
6.156e-02 1.803e+04
7.293e-02 1.667e+04
8.048e-02 1.620e+04
6.731e-02 1.718e+04
7.172e-02 1.680e+04
6.879e-02 1.723e+04
6.294e-02 1.763e+04
6.664e-02 1.739e+04
6.017e-02 1.811e+04
7.736e-02 1.640e+04
6.960e-02 1.685e+04
6.433e-02 1.745e+04
7.168e-02 1.682e+04
6.706e-02 1.714e+04
6.893e-02 1.689e+04
7.358e-02 1.665e+04
6.380e-02 1.786e+04
7.085e-02 1.690e+04
5.705e-02 1.885e+04
6.727e-02 1.725e+04
6.149e-02 1.783e+04
6.985e-02 1.698e+04
6.148e-02 1.794e+04
7.448e-02 1.668e+04
6.703e-02 1.725e+04
6.829e-02 1.713e+04
6.043e-02 1.797e+04
6.870e-02 1.697e+04
7.012e-02 1.683e+04
6.307e-02 1.779e+04
7.590e-02 1.632e+04
6.916e-02 1.693e+04
6.619e-02 1.731e+04
6.833e-02 1.729e+04
7.118e-02 1.691e+04
6.203e-02 1.778e+04
7.124e-02 1.682e+04
6.280e-02 1.763e+04
6.667e-02 1.718e+04
6.826e-02 1.706e+04
7.421e-02 1.643e+04
5.815e-02 1.832e+04
6.242e-02 1.755e+04
6.049e-02 1.841e+04
6.196e-02 1.815e+04
7.158e-02 1.688e+04
7.193e-02 1.671e+04
6.620e-02 1.734e+04
6.311e-02 1.770e+04
5.745e-02 1.841e+04
6.315e-02 1.767e+04
7.424e-02 1.650e+04
5.850e-02 1.840e+04
6.207e-02 1.777e+04
6.635e-02 1.737e+04
6.100e-02 1.806e+04
7.113e-02 1.696e+04
6.254e-02 1.784e+04
5.766e-02 1.848e+04
6.186e-02 1.786e+04
6.937e-02 1.682e+04
5.427e-02 1.909e+04
6.446e-02 1.763e+04
5.940e-02 1.825e+04
7.201e-02 1.682e+04
6.293e-02 1.773e+04
6.765e-02 1.730e+04
5.913e-02 1.852e+04
7.634e-02 1.660e+04
6.882e-02 1.709e+04
8.001e-02 1.618e+04
7.092e-02 1.701e+04
7.127e-02 1.676e+04
6.062e-02 1.805e+04
7.317e-02 1.668e+04
7.435e-02 1.660e+04
6.153e-02 1.797e+04
7.512e-02 1.628e+04
7.712e-02 1.637e+04
6.603e-02 1.758e+04
7.224e-02 1.679e+04
6.779e-02 1.715e+04
5.714e-02 1.871e+04
7.059e-02 1.708e+04
6.638e-02 1.727e+04
7.324e-02 1.665e+04
9.215e-02 1.545e+04
7.465e-02 1.649e+04
7.491e-02 1.650e+04
8.061e-02 1.601e+04
5.939e-02 1.839e+04
5.107e-02 1.966e+04
6.610e-02 1.735e+04
7.628e-02 1.631e+04
6.293e-02 1.756e+04
6.762e-02 1.722e+04
6.581e-02 1.751e+04
6.852e-02 1.723e+04
6.043e-02 1.806e+04
5.640e-02 1.881e+04
6.371e-02 1.759e+04
6.645e-02 1.721e+04
7.744e-02 1.632e+04
7.710e-02 1.638e+04
6.711e-02 1.737e+04
6.478e-02 1.755e+04
7.554e-02 1.651e+04
6.618e-02 1.742e+04
7.649e-02 1.646e+04
6.847e-02 1.719e+04
6.851e-02 1.704e+04
7.277e-02 1.673e+04
5.143e-02 1.940e+04
7.250e-02 1.664e+04
7.420e-02 1.665e+04
6.084e-02 1.814e+04
6.756e-02 1.738e+04
6.264e-02 1.792e+04
6.219e-02 1.777e+04
7.845e-02 1.626e+04
6.760e-02 1.727e+04
5.492e-02 1.905e+04
8.448e-02 1.582e+04
7.295e-02 1.690e+04
5.473e-02 1.928e+04
7.097e-02 1.671e+04
5.935e-02 1.793e+04
6.566e-02 1.772e+04
6.186e-02 1.785e+04
7.918e-02 1.622e+04
7.770e-02 1.632e+04
5.794e-02 1.836e+04
6.221e-02 1.783e+04
6.243e-02 1.786e+04
6.008e-02 1.819e+04
6.118e-02 1.793e+04
6.263e-02 1.754e+04
5.676e-02 1.858e+04
6.296e-02 1.759e+04
7.124e-02 1.682e+04
6.768e-02 1.710e+04
8.248e-02 1.592e+04
7.245e-02 1.663e+04
5.781e-02 1.867e+04
7.147e-02 1.687e+04
7.282e-02 1.666e+04
6.283e-02 1.787e+04
7.649e-02 1.654e+04
6.500e-02 1.728e+04
5.721e-02 1.843e+04
6.556e-02 1.741e+04
6.786e-02 1.721e+04
6.880e-02 1.710e+04
7.107e-02 1.662e+04
6.943e-02 1.695e+04
6.432e-02 1.765e+04
6.638e-02 1.737e+04
6.019e-02 1.802e+04
7.098e-02 1.689e+04
8.378e-02 1.590e+04
6.121e-02 1.790e+04
7.289e-02 1.663e+04
7.448e-02 1.664e+04
6.892e-02 1.702e+04
7.626e-02 1.637e+04
6.454e-02 1.767e+04
6.949e-02 1.691e+04
6.130e-02 1.837e+04
5.898e-02 1.818e+04
6.462e-02 1.741e+04
6.968e-02 1.714e+04
7.537e-02 1.649e+04
7.438e-02 1.655e+04
7.676e-02 1.636e+04
5.808e-02 1.826e+04
8.000e-02 1.603e+04
6.266e-02 1.776e+04
5.921e-02 1.828e+04
6.894e-02 1.714e+04
7.682e-02 1.624e+04
6.647e-02 1.733e+04
7.372e-02 1.683e+04
6.849e-02 1.705e+04
6.766e-02 1.710e+04
7.448e-02 1.666e+04
7.664e-02 1.639e+04
8.306e-02 1.600e+04
7.104e-02 1.694e+04
6.924e-02 1.696e+04
5.660e-02 1.848e+04
6.068e-02 1.789e+04
7.393e-02 1.645e+04
5.924e-02 1.824e+04
5.601e-02 1.879e+04
7.674e-02 1.639e+04
6.301e-02 1.786e+04
5.958e-02 1.833e+04
5.758e-02 1.844e+04
5.978e-02 1.817e+04
6.667e-02 1.719e+04
6.808e-02 1.737e+04
7.519e-02 1.644e+04
6.068e-02 1.806e+04
6.569e-02 1.736e+04
6.418e-02 1.756e+04
5.527e-02 1.881e+04
5.444e-02 1.876e+04
5.579e-02 1.898e+04
6.390e-02 1.753e+04
7.298e-02 1.680e+04
6.286e-02 1.778e+04
7.135e-02 1.690e+04
6.947e-02 1.684e+04
7.446e-02 1.669e+04
6.349e-02 1.760e+04
6.872e-02 1.716e+04
5.444e-02 1.894e+04
6.883e-02 1.716e+04
5.871e-02 1.822e+04
6.434e-02 1.770e+04
6.645e-02 1.739e+04
6.994e-02 1.678e+04
6.544e-02 1.745e+04
6.433e-02 1.758e+04
7.830e-02 1.622e+04
6.658e-02 1.743e+04
7.262e-02 1.677e+04
7.810e-02 1.632e+04
6.872e-02 1.714e+04
6.648e-02 1.719e+04
7.570e-02 1.642e+04
7.037e-02 1.713e+04
6.824e-02 1.714e+04
6.879e-02 1.723e+04
6.679e-02 1.738e+04
7.887e-02 1.612e+04
8.004e-02 1.598e+04
8.011e-02 1.635e+04
6.649e-02 1.702e+04
7.288e-02 1.672e+04
6.499e-02 1.732e+04
6.451e-02 1.761e+04
7.304e-02 1.674e+04
6.386e-02 1.755e+04
7.467e-02 1.657e+04
7.592e-02 1.637e+04
6.389e-02 1.749e+04
6.639e-02 1.731e+04
6.131e-02 1.791e+04
6.936e-02 1.703e+04
5.759e-02 1.847e+04
7.183e-02 1.666e+04
6.552e-02 1.750e+04
6.797e-02 1.736e+04
5.451e-02 1.886e+04
6.032e-02 1.811e+04
5.546e-02 1.883e+04
7.003e-02 1.699e+04
7.009e-02 1.699e+04
6.253e-02 1.776e+04
7.377e-02 1.669e+04
7.915e-02 1.618e+04
8.504e-02 1.574e+04
7.157e-02 1.682e+04
7.835e-02 1.632e+04
7.712e-02 1.633e+04
6.387e-02 1.779e+04
6.875e-02 1.713e+04
7.794e-02 1.634e+04
6.891e-02 1.689e+04
6.088e-02 1.782e+04
6.080e-02 1.804e+04
7.488e-02 1.647e+04
1.096e-05 2.525e+03
6.902e-02 1.705e+04
6.779e-02 1.708e+04
8.603e-02 1.582e+04
2.524e-06 3.982e+03
6.116e-02 1.806e+04
7.062e-02 1.690e+04
6.974e-02 1.698e+04
6.550e-02 1.743e+04
7.148e-02 1.680e+04
6.683e-02 1.724e+04
7.212e-02 1.671e+04
6.953e-02 1.692e+04
6.995e-02 1.687e+04
7.379e-02 1.664e+04
6.924e-02 1.717e+04
6.195e-02 1.771e+04
6.584e-02 1.745e+04
6.818e-02 1.699e+04
7.226e-02 1.683e+04
6.262e-02 1.808e+04
6.226e-02 1.761e+04
6.212e-02 1.771e+04
5.613e-02 1.869e+04
6.395e-02 1.766e+04
6.322e-02 1.759e+04
8.339e-02 1.583e+04
5.764e-02 1.854e+04
6.049e-02 1.803e+04
7.248e-02 1.659e+04
5.947e-02 1.831e+04
7.172e-02 1.663e+04
6.423e-02 1.757e+04
7.147e-02 1.704e+04
6.897e-02 1.701e+04
7.475e-02 1.655e+04
7.036e-02 1.695e+04
6.644e-02 1.713e+04
8.193e-02 1.593e+04
7.504e-02 1.666e+04
7.293e-02 1.688e+04
6.452e-02 1.757e+04
5.142e-02 1.972e+04
6.187e-02 1.786e+04
7.413e-02 1.641e+04
6.424e-02 1.764e+04
6.134e-02 1.793e+04
6.816e-02 1.717e+04
6.134e-02 1.804e+04
6.411e-02 1.771e+04
6.893e-02 1.712e+04
7.974e-02 1.628e+04
6.482e-02 1.758e+04
6.656e-02 1.728e+04
6.874e-02 1.709e+04
6.764e-02 1.712e+04
6.313e-02 1.765e+04
7.497e-02 1.652e+04
5.629e-02 1.856e+04
6.685e-02 1.735e+04
5.591e-02 1.901e+04
6.589e-02 1.734e+04
7.428e-02 1.665e+04
6.540e-02 1.753e+04
6.903e-02 1.699e+04
5.038e-02 1.955e+04
6.324e-02 1.769e+04
6.798e-02 1.730e+04
7.659e-02 1.637e+04
8.100e-02 1.611e+04
6.899e-02 1.717e+04
7.405e-02 1.666e+04
8.499e-02 1.571e+04
6.619e-02 1.744e+04
5.837e-02 1.860e+04
6.078e-02 1.814e+04
7.376e-02 1.663e+04
7.652e-02 1.621e+04
5.768e-02 1.836e+04
6.468e-02 1.744e+04
7.002e-02 1.703e+04
7.491e-02 1.661e+04
6.757e-02 1.710e+04
6.537e-02 1.735e+04
6.796e-02 1.709e+04
6.869e-02 1.720e+04
6.196e-02 1.808e+04
5.934e-02 1.839e+04
7.505e-02 1.643e+04
7.847e-02 1.619e+04
8.799e-02 1.564e+04
5.969e-02 1.805e+04
6.712e-02 1.713e+04
7.019e-02 1.697e+04
7.665e-02 1.635e+04
6.739e-02 1.719e+04
6.965e-02 1.687e+04
8.046e-02 1.614e+04
7.939e-02 1.621e+04
7.680e-02 1.623e+04
5.633e-02 1.892e+04
6.938e-02 1.689e+04
5.490e-02 1.910e+04
5.586e-02 1.881e+04
6.821e-02 1.716e+04
5.586e-02 1.873e+04
7.417e-02 1.657e+04
6.096e-02 1.810e+04
6.805e-02 1.725e+04
5.551e-02 1.879e+04
6.488e-02 1.727e+04
5.867e-02 1.792e+04
7.519e-02 1.644e+04
7.394e-02 1.661e+04
6.241e-02 1.788e+04
6.792e-02 1.722e+04
6.697e-02 1.717e+04
6.622e-02 1.741e+04
5.457e-02 1.895e+04
6.691e-02 1.736e+04
6.243e-02 1.773e+04
7.178e-02 1.661e+04
6.453e-02 1.759e+04
8.497e-02 1.582e+04
6.917e-02 1.705e+04
7.043e-02 1.696e+04
6.853e-02 1.707e+04
6.944e-02 1.698e+04
6.174e-02 1.789e+04
6.462e-02 1.747e+04
6.506e-02 1.744e+04
7.060e-02 1.687e+04
7.335e-02 1.666e+04
6.571e-02 1.731e+04
6.067e-02 1.808e+04
7.832e-02 1.635e+04
6.013e-02 1.805e+04
7.511e-02 1.654e+04
7.053e-02 1.681e+04
6.258e-02 1.796e+04
7.290e-02 1.673e+04
6.447e-02 1.768e+04
6.376e-02 1.767e+04
7.949e-02 1.616e+04
7.559e-02 1.647e+04
6.573e-02 1.728e+04
6.671e-02 1.742e+04
8.673e-02 1.568e+04
8.068e-02 1.612e+04
6.657e-02 1.740e+04
6.329e-02 1.776e+04
6.434e-02 1.766e+04
5.912e-02 1.843e+04
6.869e-02 1.708e+04
6.857e-02 1.726e+04
5.731e-02 1.856e+04
6.364e-02 1.773e+04
7.306e-02 1.666e+04
7.508e-02 1.645e+04
4.712e-06 2.858e+03
7.163e-02 1.657e+04
7.158e-02 1.666e+04
6.802e-02 1.719e+04
7.641e-02 1.617e+04
8.360e-02 1.600e+04
7.789e-02 1.640e+04
6.591e-02 1.718e+04
7.236e-02 1.665e+04
7.646e-02 1.622e+04
7.657e-02 1.623e+04
8.379e-02 1.588e+04
7.142e-02 1.678e+04
3.477e-07 2.474e+03
7.811e-02 1.629e+04
7.052e-02 1.676e+04
7.581e-02 1.671e+04
5.625e-02 1.880e+04
7.898e-02 1.610e+04
8.201e-02 1.600e+04
7.013e-02 1.694e+04
7.688e-02 1.639e+04
5.916e-02 1.839e+04
6.463e-02 1.745e+04
6.445e-02 1.758e+04
6.782e-02 1.729e+04
6.691e-02 1.732e+04
6.836e-02 1.715e+04
6.694e-02 1.724e+04
6.599e-02 1.751e+04
7.304e-02 1.669e+04
5.929e-02 1.813e+04
7.031e-02 1.694e+04
6.618e-02 1.731e+04
6.268e-02 1.778e+04
7.496e-02 1.673e+04
7.005e-02 1.713e+04
7.096e-02 1.688e+04
7.051e-02 1.689e+04
5.895e-02 1.838e+04
7.034e-02 1.689e+04
7.399e-02 1.635e+04
6.925e-02 1.691e+04
6.550e-02 1.743e+04
6.448e-02 1.766e+04
6.589e-02 1.743e+04
6.562e-02 1.772e+04
7.893e-02 1.643e+04
5.631e-02 1.839e+04
6.167e-02 1.785e+04
6.578e-02 1.733e+04
8.096e-02 1.595e+04
6.389e-02 1.779e+04
6.398e-02 1.775e+04
6.309e-02 1.776e+04
8.573e-02 1.582e+04
7.822e-02 1.623e+04
5.436e-02 1.909e+04
7.413e-02 1.659e+04
6.642e-02 1.737e+04
7.027e-02 1.697e+04
6.553e-02 1.736e+04
8.083e-02 1.598e+04
7.683e-02 1.637e+04
6.180e-02 1.777e+04
7.191e-02 1.672e+04
5.680e-02 1.840e+04
6.542e-02 1.729e+04
7.612e-02 1.640e+04
7.473e-02 1.672e+04
6.519e-02 1.741e+04
7.626e-02 1.640e+04
6.228e-02 1.783e+04
7.873e-02 1.621e+04
7.025e-02 1.690e+04
6.962e-02 1.712e+04
6.534e-02 1.740e+04
7.081e-02 1.688e+04
7.940e-02 1.616e+04
6.582e-02 1.744e+04
6.616e-02 1.730e+04
7.684e-02 1.643e+04
5.468e-02 1.920e+04
6.003e-02 1.809e+04
7.652e-02 1.648e+04
6.283e-02 1.777e+04
7.159e-02 1.712e+04
5.958e-02 1.808e+04
6.826e-02 1.717e+04
7.404e-02 1.665e+04
9.009e-02 1.559e+04
6.713e-02 1.726e+04
5.418e-02 1.939e+04
6.531e-02 1.773e+04
7.797e-02 1.619e+04
6.274e-02 1.788e+04
7.757e-02 1.631e+04
7.175e-02 1.676e+04
6.851e-02 1.724e+04
8.002e-02 1.617e+04
7.124e-02 1.692e+04
6.838e-02 1.711e+04
7.329e-02 1.670e+04
6.485e-02 1.762e+04
7.038e-02 1.698e+04
6.353e-02 1.770e+04
7.425e-02 1.660e+04
6.127e-02 1.803e+04
6.690e-02 1.740e+04
5.503e-02 1.898e+04
7.804e-02 1.628e+04
6.193e-02 1.802e+04
8.132e-02 1.611e+04
6.663e-02 1.738e+04
6.427e-02 1.741e+04
5.695e-02 1.851e+04
6.475e-02 1.771e+04
7.329e-02 1.671e+04
6.475e-02 1.753e+04
7.055e-02 1.681e+04
7.800e-02 1.631e+04
6.194e-02 1.805e+04
6.153e-02 1.796e+04
6.956e-02 1.711e+04
6.303e-02 1.779e+04
6.318e-02 1.763e+04
8.143e-06 4.549e+03
7.357e-02 1.652e+04
7.704e-02 1.641e+04
7.353e-02 1.666e+04
6.869e-02 1.722e+04
6.671e-02 1.740e+04
8.353e-02 1.581e+04
7.716e-02 1.635e+04
6.319e-02 1.764e+04
5.937e-02 1.822e+04
5.313e-02 1.940e+04
6.508e-02 1.745e+04
6.909e-02 1.714e+04
7.644e-02 1.639e+04
7.079e-02 1.671e+04
8.785e-02 1.581e+04
6.818e-02 1.729e+04
7.381e-02 1.657e+04
8.016e-02 1.611e+04
6.177e-02 1.798e+04
5.505e-02 1.893e+04
5.806e-02 1.838e+04
7.990e-02 1.613e+04
6.976e-02 1.698e+04
7.550e-02 1.646e+04
6.986e-02 1.704e+04
8.040e-02 1.617e+04
6.569e-02 1.716e+04
7.086e-02 1.675e+04
6.410e-02 1.747e+04
6.926e-02 1.683e+04
7.371e-02 1.649e+04
5.965e-02 1.816e+04
7.232e-02 1.670e+04
5.586e-02 1.897e+04
6.171e-02 1.797e+04
5.764e-02 1.844e+04
7.111e-02 1.670e+04
8.153e-06 1.579e+03
6.507e-02 1.737e+04
5.993e-02 1.787e+04
6.080e-02 1.803e+04
6.815e-02 1.723e+04
6.848e-02 1.706e+04
7.870e-02 1.614e+04
6.216e-02 1.783e+04
6.689e-02 1.730e+04
6.850e-02 1.730e+04
6.394e-02 1.748e+04
6.405e-02 1.768e+04
6.596e-02 1.734e+04
7.344e-02 1.673e+04
6.229e-02 1.782e+04
5.627e-02 1.865e+04
6.802e-02 1.721e+04
5.676e-02 1.865e+04
6.734e-02 1.718e+04
7.736e-02 1.651e+04
6.994e-02 1.707e+04
6.616e-02 1.746e+04
6.703e-02 1.726e+04
5.965e-02 1.823e+04
7.046e-02 1.673e+04
6.242e-06 1.862e+03
6.876e-02 1.702e+04
7.652e-02 1.640e+04
6.619e-02 1.734e+04
5.082e-02 1.962e+04
6.243e-02 1.786e+04
7.027e-02 1.685e+04
5.458e-02 1.902e+04
6.992e-02 1.709e+04
6.945e-02 1.720e+04
6.260e-02 1.797e+04
6.853e-02 1.718e+04
7.761e-02 1.628e+04
7.711e-02 1.629e+04
6.616e-02 1.748e+04
6.974e-02 1.716e+04
8.157e-02 1.609e+04
7.071e-02 1.699e+04
6.420e-02 1.747e+04
5.696e-02 1.850e+04
6.318e-02 1.777e+04
6.339e-02 1.787e+04
6.823e-02 1.716e+04
6.229e-02 1.768e+04
5.858e-02 1.821e+04
7.222e-02 1.665e+04
7.010e-02 1.681e+04
6.392e-02 1.764e+04
6.310e-02 1.767e+04
7.720e-02 1.640e+04
6.950e-02 1.700e+04
8.196e-02 1.600e+04
6.006e-02 1.817e+04
7.015e-02 1.712e+04
6.649e-02 1.730e+04
7.390e-02 1.664e+04
7.088e-02 1.681e+04
6.569e-02 1.751e+04
6.535e-02 1.733e+04
6.065e-02 1.799e+04
7.642e-02 1.638e+04
7.194e-02 1.681e+04
6.127e-02 1.801e+04
7.060e-02 1.681e+04
6.702e-02 1.729e+04
7.469e-02 1.645e+04
6.158e-02 1.792e+04
7.092e-02 1.675e+04
5.979e-02 1.825e+04
6.073e-02 1.806e+04
7.926e-02 1.616e+04
6.644e-02 1.735e+04
8.358e-02 1.597e+04
6.194e-02 1.814e+04
7.684e-02 1.633e+04
6.516e-02 1.752e+04
6.228e-02 1.753e+04
6.872e-02 1.708e+04
6.973e-02 1.706e+04
7.557e-02 1.643e+04
6.607e-02 1.741e+04
6.017e-02 1.810e+04
5.523e-02 1.905e+04
7.513e-02 1.656e+04
5.245e-02 1.933e+04
7.462e-02 1.642e+04
6.839e-02 1.699e+04
6.096e-02 1.807e+04
7.200e-02 1.665e+04
6.599e-02 1.739e+04
6.785e-02 1.713e+04
6.253e-02 1.787e+04
5.924e-02 1.837e+04
7.573e-02 1.651e+04
6.155e-02 1.776e+04
4.719e-02 2.053e+04
8.438e-02 1.576e+04
6.587e-02 1.740e+04
5.457e-02 1.903e+04
7.450e-02 1.656e+04
6.532e-02 1.751e+04
7.211e-02 1.660e+04
6.932e-02 1.706e+04
7.495e-02 1.648e+04
4.895e-02 2.003e+04
6.713e-02 1.733e+04
6.400e-02 1.766e+04
7.637e-02 1.648e+04
7.107e-02 1.680e+04
6.687e-02 1.742e+04
4.868e-02 2.033e+04
6.100e-02 1.802e+04
6.627e-02 1.721e+04
6.552e-02 1.759e+04
7.459e-02 1.657e+04
5.206e-02 1.932e+04
7.882e-02 1.628e+04
7.035e-02 1.698e+04
7.097e-02 1.691e+04
6.573e-02 1.730e+04
6.519e-02 1.762e+04
9.203e-02 1.543e+04
6.622e-02 1.708e+04
6.220e-02 1.792e+04
7.777e-02 1.637e+04
7.693e-02 1.649e+04
8.125e-02 1.617e+04
6.146e-02 1.785e+04
6.541e-02 1.739e+04
8.155e-02 1.592e+04
6.688e-02 1.731e+04
6.443e-02 1.748e+04
6.047e-02 1.813e+04
5.901e-02 1.827e+04
5.641e-02 1.866e+04
7.720e-02 1.628e+04
7.420e-02 1.654e+04
7.529e-02 1.654e+04
8.782e-02 1.562e+04
5.850e-02 1.831e+04
6.581e-02 1.740e+04
7.415e-02 1.665e+04
6.379e-02 1.755e+04
6.895e-02 1.720e+04
7.260e-02 1.681e+04
5.820e-02 1.828e+04
7.089e-02 1.678e+04
7.267e-02 1.661e+04
7.492e-02 1.658e+04
5.788e-02 1.857e+04
9.198e-02 1.541e+04
6.810e-02 1.714e+04
5.787e-02 1.840e+04
8.182e-02 1.588e+04
8.320e-02 1.601e+04
6.226e-02 1.784e+04
6.415e-02 1.766e+04
7.795e-02 1.622e+04
7.389e-02 1.665e+04
7.749e-02 1.645e+04
6.881e-02 1.713e+04
6.719e-02 1.717e+04
5.878e-02 1.852e+04
7.214e-02 1.656e+04
6.793e-02 1.734e+04
7.014e-02 1.698e+04
6.865e-02 1.704e+04
7.543e-02 1.663e+04
6.229e-02 1.766e+04
7.052e-02 1.702e+04
6.996e-02 1.706e+04
6.867e-02 1.706e+04
7.608e-02 1.644e+04
5.166e-02 1.968e+04
7.778e-02 1.633e+04
6.306e-02 1.781e+04
6.510e-02 1.757e+04
7.158e-02 1.663e+04
6.749e-02 1.731e+04
7.835e-02 1.631e+04
5.455e-02 1.910e+04
5.833e-02 1.831e+04
5.840e-02 1.856e+04
5.910e-02 1.817e+04
6.558e-02 1.742e+04
6.558e-02 1.747e+04
6.512e-02 1.737e+04
5.821e-02 1.847e+04
6.234e-02 1.771e+04
6.630e-02 1.720e+04
6.508e-02 1.735e+04
5.950e-02 1.831e+04
6.583e-02 1.731e+04
7.109e-02 1.680e+04
6.722e-02 1.708e+04
5.631e-02 1.876e+04
7.994e-02 1.608e+04
5.917e-02 1.808e+04
6.566e-02 1.739e+04
7.257e-02 1.680e+04
6.866e-02 1.714e+04
6.809e-02 1.709e+04
6.257e-02 1.787e+04
8.822e-02 1.561e+04
5.955e-02 1.846e+04
6.152e-02 1.816e+04
6.280e-02 1.796e+04
7.208e-02 1.685e+04
6.948e-02 1.721e+04
6.548e-02 1.748e+04
6.031e-02 1.810e+04
7.426e-02 1.672e+04
7.164e-02 1.676e+04
5.977e-02 1.809e+04
5.802e-02 1.819e+04
7.228e-02 1.675e+04
6.771e-02 1.716e+04
7.600e-02 1.641e+04
6.610e-02 1.742e+04
7.732e-02 1.634e+04
7.677e-02 1.630e+04
7.872e-02 1.628e+04
5.772e-02 1.829e+04
6.856e-02 1.711e+04
8.576e-02 1.571e+04
6.055e-02 1.815e+04
7.291e-02 1.671e+04
7.018e-02 1.686e+04
6.448e-02 1.743e+04
6.321e-02 1.782e+04
6.187e-02 1.804e+04
6.871e-02 1.708e+04
6.613e-02 1.727e+04
8.247e-02 1.582e+04
5.553e-02 1.879e+04
5.644e-02 1.869e+04
5.801e-06 4.015e+03
7.517e-02 1.654e+04
6.564e-02 1.741e+04
6.641e-02 1.735e+04
7.415e-02 1.666e+04
6.410e-02 1.765e+04
6.466e-02 1.751e+04
7.263e-02 1.669e+04
6.298e-02 1.765e+04
6.154e-02 1.797e+04
7.666e-02 1.647e+04
7.202e-02 1.681e+04
6.464e-02 1.763e+04
6.369e-02 1.757e+04
8.137e-02 1.614e+04
7.974e-02 1.624e+04
6.369e-02 1.784e+04
7.820e-02 1.605e+04
6.488e-02 1.752e+04
6.818e-02 1.702e+04
7.041e-02 1.703e+04
7.088e-02 1.666e+04
7.372e-02 1.654e+04
5.712e-02 1.860e+04
5.998e-02 1.822e+04
6.731e-02 1.737e+04
7.092e-02 1.681e+04
7.829e-02 1.623e+04
7.485e-02 1.639e+04
6.857e-02 1.714e+04
7.013e-02 1.699e+04
7.170e-02 1.683e+04
7.167e-02 1.665e+04
7.004e-02 1.699e+04
6.458e-02 1.769e+04
7.588e-02 1.654e+04
8.192e-02 1.598e+04
5.200e-02 1.957e+04
6.792e-02 1.705e+04
6.575e-02 1.733e+04
6.597e-02 1.746e+04
6.402e-02 1.769e+04
5.801e-02 1.830e+04
6.228e-02 1.775e+04
6.673e-02 1.712e+04
7.272e-02 1.660e+04
7.333e-02 1.660e+04
7.622e-02 1.642e+04
7.241e-02 1.683e+04
7.941e-02 1.616e+04
6.688e-02 1.732e+04
7.392e-02 1.665e+04
6.561e-02 1.745e+04
6.478e-02 1.753e+04
6.212e-02 1.780e+04
7.687e-02 1.628e+04
8.278e-02 1.596e+04
6.873e-02 1.710e+04
7.084e-02 1.695e+04
8.162e-02 1.594e+04
8.063e-02 1.602e+04
7.736e-02 1.637e+04
6.529e-02 1.734e+04
7.063e-02 1.690e+04
6.421e-02 1.773e+04
7.534e-02 1.648e+04
6.237e-02 1.773e+04
6.573e-02 1.755e+04
7.309e-02 1.654e+04
7.308e-02 1.669e+04
7.110e-02 1.685e+04
6.743e-02 1.703e+04
5.688e-02 1.876e+04
6.941e-02 1.682e+04
6.178e-02 1.801e+04
6.441e-02 1.717e+04
6.573e-02 1.737e+04
7.424e-02 1.655e+04
5.657e-02 1.838e+04
6.566e-02 1.733e+04
7.385e-02 1.666e+04
5.696e-02 1.864e+04
6.554e-02 1.728e+04
7.024e-02 1.674e+04
5.826e-02 1.833e+04
7.218e-02 1.670e+04
6.230e-02 1.787e+04
6.395e-02 1.772e+04
7.469e-02 1.650e+04
6.479e-02 1.761e+04
6.097e-02 1.797e+04
7.365e-02 1.650e+04
7.265e-02 1.665e+04
6.219e-02 1.791e+04
6.524e-02 1.741e+04
6.804e-02 1.703e+04
6.440e-02 1.755e+04
6.084e-02 1.812e+04
7.112e-02 1.684e+04
6.192e-02 1.802e+04
7.639e-02 1.634e+04
6.249e-02 1.794e+04
6.174e-02 1.789e+04
6.044e-02 1.810e+04
6.774e-02 1.740e+04
7.329e-02 1.661e+04
5.795e-02 1.848e+04
7.514e-02 1.662e+04
6.371e-02 1.756e+04
5.405e-02 1.930e+04
7.063e-02 1.682e+04
7.178e-02 1.677e+04
6.107e-02 1.792e+04
5.356e-02 1.929e+04
6.514e-02 1.758e+04
7.294e-02 1.670e+04
7.534e-02 1.638e+04
6.431e-02 1.765e+04
7.235e-02 1.685e+04
7.112e-02 1.680e+04
6.806e-02 1.705e+04
6.368e-02 1.760e+04
7.683e-02 1.632e+04
7.042e-02 1.681e+04
5.702e-02 1.874e+04
6.992e-02 1.696e+04
7.088e-02 1.694e+04
8.268e-02 1.605e+04
6.089e-02 1.777e+04
5.875e-02 1.833e+04
5.966e-02 1.820e+04
6.752e-02 1.718e+04
6.497e-02 1.762e+04
7.055e-02 1.694e+04
7.702e-02 1.643e+04
6.164e-02 1.790e+04
6.741e-02 1.701e+04
7.182e-02 1.666e+04
7.485e-02 1.657e+04
5.815e-02 1.845e+04
6.818e-02 1.727e+04
7.630e-02 1.650e+04
7.012e-02 1.672e+04
5.980e-02 1.808e+04
6.905e-02 1.703e+04
7.271e-02 1.695e+04
6.597e-02 1.743e+04
7.415e-02 1.672e+04
6.340e-02 1.775e+04
6.965e-02 1.701e+04
7.156e-02 1.690e+04
6.017e-02 1.807e+04
6.488e-02 1.744e+04
7.042e-02 1.702e+04
6.174e-02 1.813e+04
6.526e-02 1.740e+04
7.547e-02 1.649e+04
7.291e-02 1.683e+04
7.008e-02 1.703e+04
7.323e-02 1.671e+04
5.712e-02 1.845e+04
7.499e-02 1.650e+04
7.509e-02 1.652e+04
6.803e-02 1.716e+04
6.391e-02 1.759e+04
7.702e-02 1.613e+04
7.340e-02 1.656e+04
7.165e-02 1.685e+04
8.066e-02 1.594e+04
6.809e-02 1.720e+04
5.454e-02 1.898e+04
8.069e-02 1.609e+04
6.749e-02 1.718e+04
6.910e-02 1.710e+04
5.759e-02 1.860e+04
6.866e-02 1.714e+04
7.881e-02 1.619e+04
7.152e-02 1.681e+04
7.278e-02 1.670e+04
7.785e-02 1.633e+04
6.362e-02 1.757e+04
6.110e-02 1.804e+04
6.195e-02 1.803e+04
8.215e-02 1.607e+04
7.082e-02 1.693e+04
8.362e-02 1.585e+04
5.928e-02 1.798e+04
6.278e-02 1.776e+04
7.148e-02 1.676e+04
7.061e-02 1.690e+04
6.053e-02 1.812e+04
6.772e-02 1.731e+04
5.759e-02 1.849e+04
5.895e-02 1.818e+04
6.493e-02 1.743e+04
6.818e-02 1.703e+04
7.428e-02 1.657e+04
6.383e-02 1.773e+04
6.469e-02 1.759e+04
5.983e-02 1.821e+04
6.043e-02 1.820e+04
6.333e-02 1.753e+04
7.510e-02 1.660e+04
7.368e-02 1.655e+04
7.107e-02 1.683e+04
6.942e-02 1.700e+04
6.830e-02 1.704e+04
7.263e-02 1.674e+04
6.680e-02 1.719e+04
6.608e-02 1.736e+04
5.702e-02 1.838e+04
6.539e-02 1.732e+04
6.962e-02 1.688e+04
7.375e-02 1.664e+04
5.968e-02 1.828e+04
5.947e-02 1.819e+04
6.415e-02 1.763e+04
8.322e-02 1.581e+04
7.293e-02 1.656e+04
6.844e-02 1.708e+04
7.418e-02 1.666e+04
8.077e-02 1.608e+04
7.986e-02 1.618e+04
6.960e-02 1.692e+04
6.544e-02 1.745e+04
7.576e-02 1.651e+04
5.847e-02 1.825e+04
7.356e-02 1.658e+04
5.661e-02 1.892e+04
6.477e-02 1.765e+04
5.320e-02 1.948e+04
6.402e-02 1.790e+04
6.095e-02 1.797e+04
5.763e-02 1.879e+04
7.232e-02 1.683e+04
7.654e-02 1.635e+04
6.830e-02 1.719e+04
8.394e-02 1.591e+04
6.799e-02 1.702e+04
7.707e-02 1.627e+04
5.671e-02 1.871e+04
8.122e-02 1.607e+04
7.632e-02 1.651e+04
7.452e-02 1.668e+04
7.049e-02 1.685e+04
6.666e-02 1.743e+04
5.740e-02 1.850e+04
7.059e-02 1.701e+04
6.688e-02 1.753e+04
5.917e-02 1.821e+04
7.725e-02 1.626e+04
6.052e-02 1.814e+04
6.377e-02 1.764e+04
7.636e-02 1.639e+04
7.786e-02 1.627e+04
9.152e-02 1.523e+04
7.200e-02 1.681e+04
5.674e-02 1.886e+04
7.202e-02 1.684e+04
6.904e-02 1.723e+04
6.006e-02 1.820e+04
8.070e-02 1.606e+04
5.490e-02 1.905e+04
7.318e-02 1.670e+04
5.271e-02 1.903e+04
6.090e-02 1.801e+04
5.815e-02 1.832e+04
6.241e-02 1.785e+04
5.348e-02 1.916e+04
7.991e-02 1.616e+04
6.454e-02 1.749e+04
7.409e-02 1.660e+04
6.955e-02 1.679e+04
6.521e-02 1.744e+04
7.880e-02 1.614e+04
7.593e-02 1.656e+04
8.093e-02 1.620e+04
6.186e-02 1.780e+04
5.618e-02 1.870e+04
5.929e-02 1.837e+04
6.660e-02 1.735e+04
6.164e-02 1.770e+04
6.764e-02 1.727e+04
7.394e-02 1.652e+04
6.301e-02 1.758e+04
7.878e-02 1.620e+04
6.603e-02 1.722e+04
6.602e-02 1.730e+04
6.015e-02 1.810e+04
6.122e-02 1.811e+04
6.438e-02 1.752e+04
7.631e-02 1.633e+04
5.789e-02 1.858e+04
7.458e-02 1.664e+04
6.468e-02 1.747e+04
6.108e-02 1.786e+04
7.031e-02 1.695e+04
5.311e-02 1.922e+04
6.950e-02 1.732e+04
6.176e-02 1.800e+04
5.892e-02 1.852e+04
6.306e-02 1.770e+04
6.159e-02 1.790e+04
6.681e-02 1.744e+04
8.399e-02 1.587e+04
6.186e-02 1.810e+04
5.304e-02 1.936e+04
6.879e-02 1.697e+04
6.883e-02 1.709e+04
6.114e-02 1.784e+04
6.324e-02 1.766e+04
5.756e-02 1.837e+04
6.556e-02 1.757e+04
5.555e-02 1.913e+04
7.047e-02 1.690e+04
8.279e-02 1.598e+04
6.701e-02 1.720e+04
6.199e-02 1.769e+04
6.620e-02 1.742e+04
7.655e-02 1.630e+04
6.702e-02 1.711e+04
5.881e-02 1.839e+04
6.357e-02 1.773e+04
6.296e-02 1.792e+04
7.131e-02 1.696e+04
6.728e-02 1.728e+04
6.481e-02 1.744e+04
7.124e-02 1.685e+04
6.277e-02 1.779e+04
7.775e-02 1.604e+04
7.233e-02 1.683e+04
7.570e-02 1.645e+04
6.415e-02 1.804e+04
7.265e-02 1.683e+04
6.666e-02 1.730e+04
6.243e-02 1.766e+04
5.841e-02 1.843e+04
6.345e-02 1.761e+04
6.396e-02 1.760e+04
7.465e-02 1.656e+04
6.135e-02 1.804e+04
6.935e-02 1.698e+04
6.790e-02 1.714e+04
5.605e-02 1.879e+04
7.089e-02 1.693e+04
5.662e-02 1.867e+04
6.447e-02 1.747e+04
5.916e-02 1.813e+04
6.776e-02 1.713e+04
7.737e-02 1.636e+04
5.592e-02 1.879e+04
7.673e-02 1.654e+04
6.747e-02 1.713e+04
6.521e-02 1.733e+04
6.378e-02 1.761e+04
6.847e-02 1.700e+04
6.144e-02 1.781e+04
6.615e-02 1.729e+04
7.054e-02 1.678e+04
7.009e-02 1.689e+04
6.009e-02 1.801e+04
8.053e-02 1.605e+04
6.573e-02 1.745e+04
6.534e-02 1.751e+04
6.247e-02 1.795e+04
8.331e-02 1.588e+04
6.852e-02 1.704e+04
7.103e-02 1.685e+04
6.099e-02 1.797e+04
7.507e-02 1.634e+04
6.983e-02 1.696e+04
6.771e-02 1.709e+04
5.862e-02 1.830e+04
7.103e-02 1.684e+04
6.770e-02 1.713e+04
6.579e-02 1.731e+04
6.035e-02 1.804e+04
7.153e-02 1.705e+04
5.966e-02 1.836e+04
7.022e-02 1.686e+04
6.314e-02 1.770e+04
7.152e-02 1.672e+04
6.281e-02 1.773e+04
5.733e-02 1.845e+04
6.104e-02 1.814e+04
5.768e-02 1.855e+04
6.950e-02 1.695e+04
7.514e-02 1.638e+04
6.234e-02 1.773e+04
6.608e-02 1.734e+04
6.333e-02 1.762e+04
7.306e-02 1.672e+04
6.615e-02 1.754e+04
7.239e-02 1.674e+04
6.151e-02 1.775e+04
7.441e-02 1.653e+04
5.784e-02 1.860e+04
6.436e-02 1.751e+04
6.295e-02 1.781e+04
6.841e-02 1.698e+04
7.084e-02 1.672e+04
6.414e-02 1.759e+04
7.488e-02 1.656e+04
6.560e-02 1.758e+04
6.958e-02 1.688e+04
7.220e-02 1.684e+04
7.481e-02 1.658e+04
6.447e-02 1.765e+04
5.828e-02 1.846e+04
7.205e-02 1.681e+04
7.411e-02 1.648e+04
7.217e-02 1.686e+04
6.024e-02 1.821e+04
6.792e-02 1.708e+04
6.988e-02 1.709e+04
5.732e-02 1.847e+04
7.494e-02 1.648e+04
5.675e-02 1.871e+04
6.185e-02 1.783e+04
5.965e-02 1.819e+04
6.741e-02 1.732e+04
7.484e-02 1.642e+04
6.449e-02 1.748e+04
7.610e-02 1.632e+04
6.899e-02 1.720e+04
6.371e-02 1.778e+04
6.525e-02 1.756e+04
7.023e-02 1.694e+04
7.418e-02 1.658e+04
5.960e-02 1.815e+04
6.984e-02 1.694e+04
7.080e-02 1.695e+04
8.244e-02 1.581e+04
6.889e-02 1.712e+04
6.363e-02 1.770e+04
7.709e-02 1.630e+04
5.679e-02 1.837e+04
7.202e-02 1.681e+04
7.478e-02 1.654e+04
7.593e-02 1.654e+04
5.960e-02 1.819e+04
6.491e-02 1.745e+04
6.471e-02 1.765e+04
5.699e-02 1.856e+04
6.986e-02 1.719e+04
6.084e-02 1.814e+04
7.635e-02 1.639e+04
7.605e-02 1.640e+04
7.048e-02 1.688e+04
7.643e-02 1.640e+04
7.573e-02 1.651e+04
7.143e-02 1.697e+04
7.679e-02 1.635e+04
6.537e-02 1.744e+04
7.542e-02 1.651e+04
7.049e-02 1.672e+04
8.004e-02 1.600e+04
9.502e-02 1.526e+04
7.980e-02 1.621e+04
6.933e-02 1.702e+04
6.281e-02 1.784e+04
5.525e-02 1.906e+04
6.273e-02 1.764e+04
7.295e-02 1.670e+04
6.900e-02 1.705e+04
6.297e-02 1.778e+04
6.694e-02 1.730e+04
8.063e-02 1.600e+04
6.368e-02 1.772e+04
7.059e-02 1.686e+04
6.870e-02 1.713e+04
5.987e-02 1.810e+04
6.407e-02 1.757e+04
5.838e-02 1.838e+04
7.484e-02 1.637e+04
6.275e-02 1.781e+04
8.292e-02 1.597e+04
7.070e-02 1.709e+04
7.221e-02 1.683e+04
6.714e-02 1.719e+04
6.143e-02 1.807e+04
7.786e-02 1.631e+04
7.744e-02 1.634e+04
6.515e-02 1.763e+04
6.978e-02 1.707e+04
6.498e-02 1.739e+04
5.935e-02 1.818e+04
5.973e-02 1.816e+04
6.704e-02 1.718e+04
8.165e-02 1.593e+04
7.134e-02 1.687e+04
7.568e-02 1.644e+04
7.374e-02 1.660e+04
8.051e-02 1.596e+04
5.138e-02 1.944e+04
7.135e-02 1.690e+04
6.127e-02 1.802e+04
7.636e-02 1.641e+04
7.878e-02 1.614e+04
6.480e-02 1.757e+04
7.507e-02 1.655e+04
6.708e-02 1.726e+04
6.972e-02 1.689e+04
3.995e-06 1.557e+03
7.836e-02 1.604e+04
6.307e-02 1.773e+04
6.481e-02 1.761e+04
6.864e-02 1.707e+04
7.088e-02 1.703e+04
7.674e-02 1.647e+04
7.608e-02 1.648e+04
7.454e-02 1.649e+04
6.764e-02 1.703e+04
7.458e-02 1.658e+04
5.620e-02 1.870e+04
6.892e-02 1.714e+04
8.027e-02 1.620e+04
7.325e-02 1.662e+04
6.106e-02 1.808e+04
6.418e-02 1.756e+04
6.516e-02 1.763e+04
6.590e-02 1.724e+04
6.383e-02 1.775e+04
6.892e-02 1.707e+04
7.370e-02 1.659e+04
7.429e-02 1.660e+04
5.853e-02 1.833e+04
5.823e-02 1.834e+04
7.350e-02 1.652e+04
4.832e-02 2.054e+04
7.677e-02 1.622e+04
6.320e-02 1.781e+04
7.452e-02 1.672e+04
6.673e-02 1.722e+04
6.892e-02 1.728e+04
6.467e-02 1.735e+04
6.408e-02 1.756e+04
6.252e-02 1.781e+04
6.199e-02 1.773e+04
6.227e-02 1.777e+04
7.160e-02 1.674e+04
6.402e-02 1.774e+04
6.132e-02 1.802e+04
6.480e-02 1.761e+04
6.280e-02 1.778e+04
5.965e-02 1.822e+04
6.328e-02 1.768e+04
6.344e-02 1.759e+04
7.042e-02 1.674e+04
5.948e-02 1.809e+04
6.319e-02 1.753e+04
6.276e-02 1.753e+04
8.778e-02 1.562e+04
6.619e-02 1.734e+04
7.054e-02 1.690e+04
7.158e-02 1.694e+04
6.526e-02 1.742e+04
8.124e-02 1.599e+04
5.864e-02 1.861e+04
7.375e-02 1.653e+04
6.354e-02 1.762e+04
6.724e-02 1.711e+04
7.378e-02 1.663e+04
6.895e-02 1.698e+04
6.264e-02 1.777e+04
6.687e-02 1.724e+04
6.298e-02 1.774e+04
6.659e-02 1.735e+04
6.347e-02 1.763e+04
5.596e-02 1.877e+04
7.535e-02 1.633e+04
6.735e-02 1.715e+04
6.656e-02 1.738e+04
6.765e-02 1.709e+04
6.975e-02 1.697e+04
6.700e-02 1.737e+04
6.385e-02 1.778e+04
7.845e-02 1.619e+04
7.653e-02 1.649e+04
6.834e-02 1.709e+04
7.310e-02 1.664e+04
6.682e-02 1.719e+04
8.182e-02 1.603e+04
7.141e-02 1.695e+04
8.090e-02 1.595e+04
7.397e-02 1.661e+04
5.762e-02 1.847e+04
6.563e-02 1.756e+04
5.587e-02 1.871e+04
7.199e-02 1.684e+04
7.517e-02 1.652e+04
7.485e-02 1.666e+04
6.327e-02 1.759e+04
5.652e-02 1.849e+04
6.983e-02 1.716e+04
6.933e-02 1.705e+04
5.704e-02 1.867e+04
7.316e-02 1.658e+04
8.895e-02 1.558e+04
6.156e-02 1.783e+04
6.729e-02 1.735e+04
7.789e-02 1.631e+04
6.791e-02 1.701e+04
5.599e-02 1.877e+04
8.018e-02 1.597e+04
6.276e-02 1.773e+04
7.106e-02 1.690e+04
7.351e-02 1.661e+04
8.064e-02 1.608e+04
8.546e-02 1.587e+04
7.315e-02 1.677e+04
7.500e-02 1.643e+04
6.919e-02 1.715e+04
8.488e-02 1.573e+04
7.750e-02 1.650e+04
6.487e-02 1.747e+04
6.893e-02 1.713e+04
6.125e-02 1.800e+04
6.904e-02 1.706e+04
7.361e-02 1.636e+04
4.873e-02 2.016e+04
5.747e-02 1.852e+04
6.540e-02 1.744e+04
7.313e-02 1.650e+04
7.340e-02 1.664e+04
6.181e-02 1.781e+04
7.394e-02 1.653e+04
7.398e-02 1.647e+04
7.782e-02 1.622e+04
7.637e-02 1.633e+04
8.125e-02 1.597e+04
6.256e-02 1.771e+04
7.053e-02 1.708e+04
5.781e-02 1.840e+04
7.754e-02 1.625e+04
7.719e-02 1.628e+04
7.100e-02 1.697e+04
6.310e-02 1.769e+04
7.396e-02 1.632e+04
7.282e-02 1.656e+04
8.509e-02 1.566e+04
7.102e-02 1.693e+04
7.713e-02 1.635e+04
6.861e-02 1.703e+04
6.598e-02 1.721e+04
7.030e-02 1.680e+04
6.176e-02 1.818e+04
7.372e-02 1.656e+04
5.451e-02 1.889e+04
7.398e-02 1.661e+04
9.538e-02 1.525e+04
6.839e-02 1.699e+04
6.738e-02 1.724e+04
6.051e-02 1.788e+04
5.929e-02 1.822e+04
8.668e-02 1.570e+04
6.784e-02 1.727e+04
5.807e-02 1.858e+04
5.894e-02 1.820e+04
7.368e-02 1.658e+04
6.377e-02 1.762e+04
6.476e-02 1.768e+04
6.453e-02 1.750e+04
7.559e-02 1.652e+04
6.646e-02 1.740e+04
7.254e-02 1.681e+04
7.485e-02 1.657e+04
7.040e-02 1.694e+04
6.473e-02 1.732e+04
5.830e-02 1.833e+04
5.971e-02 1.817e+04
6.603e-02 1.732e+04
7.206e-02 1.660e+04
7.776e-02 1.636e+04
6.374e-02 1.782e+04
7.641e-02 1.655e+04
6.887e-02 1.703e+04
6.420e-02 1.761e+04
7.490e-02 1.641e+04
6.343e-02 1.761e+04
7.571e-02 1.635e+04
6.195e-02 1.799e+04
6.407e-02 1.768e+04
7.522e-02 1.665e+04
7.643e-02 1.618e+04
6.606e-02 1.755e+04
6.733e-02 1.736e+04
7.697e-02 1.622e+04
6.209e-02 1.777e+04
5.214e-02 1.938e+04
6.396e-02 1.767e+04
6.768e-02 1.721e+04
6.412e-02 1.769e+04
8.619e-02 1.569e+04
6.265e-02 1.762e+04
6.495e-02 1.753e+04
7.157e-02 1.682e+04
6.514e-02 1.729e+04
7.044e-02 1.699e+04
5.536e-02 1.925e+04
6.909e-02 1.713e+04
7.554e-02 1.662e+04
6.009e-02 1.829e+04
6.514e-02 1.749e+04
6.254e-02 1.763e+04
6.041e-02 1.811e+04
7.254e-02 1.680e+04
6.352e-02 1.747e+04
6.577e-02 1.723e+04
8.263e-02 1.587e+04
6.484e-02 1.747e+04
6.557e-02 1.739e+04
7.703e-02 1.635e+04
5.404e-02 1.928e+04
6.586e-02 1.755e+04
6.850e-02 1.703e+04
6.969e-02 1.689e+04
6.151e-02 1.778e+04
7.631e-02 1.624e+04
5.314e-02 1.925e+04
7.615e-02 1.645e+04
6.486e-02 1.756e+04
6.368e-02 1.767e+04
6.404e-02 1.749e+04
7.345e-02 1.662e+04
6.860e-02 1.700e+04
6.289e-02 1.777e+04
6.532e-02 1.740e+04
7.728e-02 1.616e+04
6.826e-02 1.709e+04
7.287e-02 1.670e+04
6.838e-02 1.716e+04
7.252e-02 1.681e+04
6.217e-02 1.783e+04
5.727e-02 1.864e+04
6.606e-02 1.735e+04
6.704e-02 1.747e+04
5.537e-02 1.879e+04
6.409e-02 1.754e+04
7.119e-02 1.699e+04
6.467e-02 1.771e+04
7.739e-02 1.625e+04
6.722e-02 1.723e+04
7.647e-02 1.652e+04
7.749e-02 1.630e+04
7.775e-02 1.617e+04
6.316e-02 1.760e+04
7.317e-02 1.673e+04
6.208e-02 1.772e+04
8.440e-02 1.570e+04
7.012e-02 1.688e+04
8.009e-02 1.596e+04
6.382e-02 1.726e+04
5.462e-02 1.912e+04
6.566e-02 1.765e+04
7.232e-02 1.678e+04
6.393e-02 1.780e+04
7.021e-02 1.700e+04
7.004e-02 1.701e+04
7.805e-02 1.652e+04
6.465e-02 1.751e+04
7.337e-02 1.673e+04
6.667e-02 1.737e+04
7.032e-02 1.701e+04
6.499e-02 1.755e+04
6.932e-02 1.724e+04
5.966e-02 1.808e+04
6.891e-02 1.731e+04
7.411e-02 1.652e+04
6.347e-02 1.764e+04
6.021e-02 1.831e+04
6.481e-02 1.756e+04
7.936e-02 1.627e+04
5.988e-02 1.795e+04
7.415e-02 1.647e+04
6.735e-02 1.728e+04
6.450e-02 1.757e+04
6.188e-02 1.773e+04
6.709e-02 1.724e+04
7.223e-02 1.662e+04
6.898e-02 1.708e+04
6.018e-02 1.793e+04
6.485e-02 1.761e+04
7.108e-02 1.694e+04
6.158e-02 1.785e+04
7.297e-02 1.653e+04
7.077e-02 1.710e+04
6.162e-02 1.786e+04
6.707e-02 1.725e+04
7.038e-02 1.718e+04
6.295e-02 1.777e+04
7.652e-02 1.642e+04
6.812e-02 1.702e+04
5.959e-02 1.831e+04
7.695e-02 1.639e+04
6.246e-02 1.768e+04
5.428e-02 1.913e+04
6.528e-02 1.754e+04
6.298e-02 1.783e+04
7.033e-02 1.716e+04
7.685e-02 1.629e+04
6.441e-02 1.760e+04
6.252e-02 1.769e+04
6.301e-02 1.788e+04
7.699e-02 1.614e+04
6.826e-02 1.701e+04
6.805e-02 1.714e+04
7.653e-02 1.638e+04
5.576e-02 1.908e+04
6.643e-02 1.719e+04
5.487e-02 1.880e+04
5.826e-02 1.848e+04
7.179e-02 1.700e+04
6.344e-02 1.788e+04
5.905e-02 1.832e+04
7.371e-02 1.658e+04
7.722e-02 1.622e+04
5.257e-02 1.947e+04
8.336e-02 1.578e+04
8.236e-02 1.611e+04
7.261e-02 1.671e+04
6.445e-02 1.755e+04
5.784e-02 1.843e+04
6.224e-02 1.806e+04
8.425e-02 1.580e+04
5.752e-02 1.838e+04
6.373e-02 1.758e+04
7.704e-02 1.640e+04
6.626e-02 1.722e+04
6.329e-02 1.792e+04
6.080e-02 1.792e+04
6.615e-02 1.736e+04
7.041e-02 1.684e+04
6.919e-02 1.701e+04
7.465e-02 1.628e+04
7.203e-02 1.671e+04
6.810e-02 1.714e+04
6.654e-02 1.749e+04
6.297e-02 1.782e+04
6.335e-02 1.781e+04
6.846e-02 1.708e+04
7.256e-02 1.675e+04
6.419e-02 1.768e+04
7.152e-02 1.691e+04
7.243e-02 1.671e+04
6.671e-02 1.743e+04
7.019e-02 1.681e+04
6.815e-02 1.731e+04
7.959e-02 1.623e+04
6.805e-02 1.718e+04
6.699e-02 1.729e+04
6.366e-02 1.764e+04
6.604e-02 1.741e+04
6.857e-02 1.706e+04
7.359e-02 1.667e+04
6.462e-02 1.755e+04
7.063e-02 1.685e+04
5.732e-02 1.870e+04
6.746e-02 1.729e+04
7.603e-02 1.628e+04
7.089e-02 1.694e+04
5.937e-02 1.817e+04
6.554e-02 1.734e+04
6.622e-02 1.723e+04
7.353e-02 1.662e+04
7.006e-02 1.690e+04
5.884e-02 1.834e+04
6.540e-02 1.762e+04
6.368e-02 1.782e+04
8.607e-02 1.568e+04
7.676e-02 1.644e+04
6.187e-02 1.796e+04
7.618e-02 1.632e+04
6.025e-02 1.821e+04
6.447e-02 1.763e+04
6.737e-02 1.709e+04
6.954e-02 1.709e+04
6.982e-02 1.695e+04
7.393e-02 1.668e+04
5.227e-02 1.961e+04
7.636e-02 1.647e+04
7.322e-02 1.669e+04
7.688e-02 1.664e+04
6.213e-02 1.762e+04
6.468e-02 1.766e+04
6.709e-02 1.714e+04
6.413e-02 1.774e+04
7.066e-02 1.703e+04
6.346e-02 1.749e+04
6.781e-02 1.730e+04
6.523e-02 1.727e+04
6.937e-02 1.709e+04
6.396e-02 1.772e+04
6.202e-06 1.014e+03
7.803e-02 1.617e+04
7.279e-02 1.669e+04
7.217e-02 1.674e+04
6.284e-02 1.782e+04
7.607e-02 1.632e+04
6.681e-02 1.743e+04
6.726e-02 1.746e+04
6.935e-02 1.693e+04
5.577e-02 1.895e+04
7.713e-02 1.639e+04
7.035e-02 1.714e+04
5.571e-02 1.920e+04
5.427e-02 1.910e+04
7.246e-02 1.691e+04
8.550e-02 1.585e+04
6.369e-02 1.732e+04
7.348e-02 1.659e+04
5.915e-02 1.819e+04
6.102e-02 1.796e+04
6.058e-02 1.787e+04
7.065e-02 1.687e+04
5.884e-02 1.841e+04
6.671e-02 1.724e+04
7.358e-02 1.665e+04
5.652e-02 1.859e+04
6.165e-02 1.784e+04
7.261e-02 1.667e+04
4.931e-02 2.034e+04
5.481e-02 1.904e+04
6.585e-02 1.753e+04
6.470e-02 1.759e+04
7.984e-02 1.631e+04
5.996e-02 1.845e+04
6.408e-02 1.771e+04
5.568e-02 1.878e+04
7.022e-02 1.690e+04
5.610e-02 1.883e+04
7.802e-02 1.634e+04
6.862e-02 1.698e+04
8.177e-02 1.604e+04
7.693e-02 1.634e+04
6.601e-02 1.739e+04
6.917e-02 1.692e+04
7.693e-02 1.630e+04
8.696e-02 1.554e+04
7.309e-02 1.651e+04
7.797e-02 1.617e+04
6.572e-02 1.746e+04
5.958e-02 1.822e+04
6.467e-02 1.758e+04
6.728e-02 1.739e+04
7.644e-02 1.652e+04
6.277e-02 1.773e+04
4.090e-06 4.585e+03
7.755e-02 1.621e+04
5.817e-02 1.864e+04
7.840e-02 1.610e+04
6.102e-02 1.794e+04
7.682e-02 1.651e+04
7.074e-02 1.691e+04
5.960e-02 1.827e+04
2.644e-06 3.055e+03
6.979e-02 1.715e+04
7.705e-02 1.645e+04
6.226e-02 1.779e+04
5.838e-02 1.834e+04
6.715e-02 1.729e+04
5.664e-02 1.867e+04
5.785e-02 1.841e+04
6.385e-02 1.751e+04
6.507e-02 1.751e+04
6.282e-02 1.789e+04
5.965e-02 1.842e+04
7.264e-02 1.669e+04
6.565e-02 1.753e+04
6.866e-02 1.710e+04
6.758e-02 1.725e+04
6.656e-02 1.700e+04
7.687e-02 1.642e+04
8.144e-02 1.605e+04
6.689e-02 1.711e+04
7.085e-02 1.684e+04
6.271e-02 1.805e+04
8.777e-02 1.563e+04
7.360e-02 1.668e+04
6.407e-02 1.769e+04
6.379e-02 1.783e+04
6.546e-02 1.736e+04
7.106e-02 1.679e+04
6.217e-02 1.769e+04
7.183e-02 1.665e+04
7.021e-02 1.690e+04
6.781e-02 1.712e+04
7.083e-02 1.680e+04
5.853e-02 1.857e+04
7.255e-02 1.654e+04
6.155e-02 1.781e+04
8.440e-02 1.569e+04
6.565e-02 1.748e+04
5.423e-02 1.900e+04
7.188e-02 1.670e+04
6.818e-02 1.729e+04
7.842e-02 1.600e+04
6.172e-02 1.780e+04
6.051e-02 1.806e+04
6.269e-02 1.765e+04
7.315e-02 1.678e+04
8.721e-02 1.581e+04
7.224e-02 1.682e+04
6.364e-02 1.760e+04
6.020e-02 1.796e+04
6.026e-02 1.811e+04
6.368e-02 1.757e+04
7.620e-02 1.640e+04
6.420e-02 1.753e+04
6.092e-02 1.810e+04
5.523e-02 1.877e+04
7.058e-02 1.685e+04
6.516e-02 1.757e+04
7.569e-02 1.665e+04
6.577e-02 1.742e+04
7.802e-02 1.637e+04
6.397e-02 1.756e+04
7.539e-02 1.642e+04
5.784e-02 1.825e+04
6.614e-02 1.728e+04
6.426e-02 1.742e+04
6.009e-02 1.814e+04
6.779e-02 1.727e+04
6.970e-02 1.722e+04
7.203e-02 1.686e+04
7.143e-02 1.673e+04
7.187e-02 1.693e+04
6.985e-02 1.691e+04
6.020e-02 1.826e+04
6.368e-02 1.781e+04
7.559e-02 1.661e+04
5.632e-02 1.869e+04
7.367e-02 1.656e+04
7.666e-02 1.617e+04
6.422e-02 1.773e+04
6.186e-02 1.771e+04
7.068e-02 1.694e+04
6.471e-02 1.761e+04
6.630e-02 1.740e+04
6.702e-02 1.736e+04
6.785e-02 1.698e+04
6.902e-02 1.710e+04
6.442e-02 1.745e+04
6.659e-02 1.737e+04
6.322e-02 1.776e+04
7.931e-02 1.627e+04
7.827e-02 1.637e+04
7.295e-02 1.661e+04
6.509e-02 1.746e+04
6.517e-02 1.749e+04
6.514e-02 1.770e+04
6.833e-02 1.720e+04
6.695e-02 1.734e+04
6.217e-02 1.782e+04
7.568e-02 1.653e+04
6.454e-02 1.765e+04
7.865e-02 1.619e+04
8.617e-02 1.581e+04
6.928e-02 1.711e+04
6.397e-02 1.748e+04
7.061e-02 1.704e+04
7.507e-02 1.649e+04
6.989e-02 1.692e+04
6.352e-02 1.762e+04
6.730e-02 1.732e+04
6.469e-02 1.749e+04
7.652e-02 1.643e+04
5.727e-02 1.845e+04
6.739e-02 1.733e+04
5.945e-02 1.829e+04
7.243e-02 1.681e+04
6.308e-02 1.791e+04
7.096e-02 1.691e+04
5.663e-02 1.844e+04
6.630e-02 1.725e+04
5.928e-02 1.816e+04
5.767e-02 1.835e+04
6.483e-02 1.747e+04
5.846e-02 1.857e+04
7.450e-02 1.650e+04
6.763e-02 1.710e+04
7.347e-02 1.656e+04
7.265e-02 1.677e+04
7.141e-02 1.693e+04
6.221e-02 1.789e+04
6.912e-02 1.698e+04
6.249e-02 1.773e+04
6.433e-02 1.755e+04
7.545e-02 1.653e+04
6.410e-02 1.769e+04
7.759e-02 1.612e+04
6.516e-02 1.753e+04
7.980e-02 1.611e+04
7.788e-02 1.626e+04
6.924e-02 1.697e+04
6.151e-02 1.782e+04
7.736e-02 1.631e+04
7.755e-02 1.635e+04
6.161e-02 1.814e+04
5.484e-06 2.930e+03
5.867e-02 1.835e+04
7.404e-02 1.664e+04
6.992e-02 1.690e+04
6.673e-02 1.729e+04
5.557e-02 1.876e+04
6.611e-02 1.720e+04
6.589e-02 1.724e+04
6.194e-02 1.785e+04
6.537e-02 1.730e+04
6.033e-02 1.808e+04
6.511e-02 1.747e+04
6.363e-02 1.782e+04
7.140e-02 1.690e+04
6.527e-02 1.753e+04
7.958e-02 1.604e+04
6.325e-02 1.780e+04
7.510e-02 1.656e+04
7.718e-02 1.624e+04
6.045e-02 1.814e+04
8.027e-02 1.613e+04
7.580e-02 1.625e+04
6.184e-02 1.792e+04
7.717e-02 1.635e+04
6.613e-02 1.747e+04
6.652e-02 1.744e+04
7.520e-02 1.645e+04
6.773e-02 1.738e+04
7.890e-02 1.611e+04
7.221e-02 1.685e+04
5.846e-02 1.827e+04
6.426e-02 1.748e+04
6.852e-02 1.692e+04
7.980e-02 1.601e+04
5.384e-02 1.940e+04
6.153e-02 1.789e+04
6.681e-02 1.738e+04
6.977e-02 1.721e+04
7.489e-02 1.668e+04
5.415e-02 1.925e+04
7.161e-02 1.672e+04
5.855e-02 1.834e+04
6.677e-02 1.717e+04
7.748e-02 1.628e+04
7.581e-02 1.632e+04
6.218e-02 1.789e+04
6.381e-02 1.772e+04
7.039e-02 1.698e+04
7.273e-02 1.674e+04
7.593e-02 1.629e+04
7.872e-02 1.617e+04
6.623e-02 1.741e+04
6.973e-02 1.691e+04
6.506e-02 1.748e+04
6.751e-02 1.730e+04
7.674e-02 1.650e+04
6.867e-02 1.710e+04
7.620e-02 1.647e+04
6.685e-02 1.727e+04
7.192e-02 1.678e+04
6.179e-02 1.802e+04
8.368e-02 1.576e+04
6.785e-02 1.716e+04
6.775e-02 1.726e+04
7.269e-02 1.671e+04
5.401e-02 1.920e+04
6.817e-02 1.723e+04
8.609e-02 1.571e+04
6.852e-02 1.714e+04
7.682e-02 1.649e+04
6.154e-02 1.794e+04
6.162e-02 1.803e+04
6.261e-02 1.788e+04
6.414e-02 1.750e+04
6.679e-02 1.730e+04
7.552e-02 1.629e+04
5.730e-02 1.853e+04
6.816e-02 1.715e+04
6.721e-02 1.733e+04
7.526e-02 1.654e+04
7.151e-02 1.685e+04
8.450e-02 1.587e+04
7.220e-02 1.670e+04
6.847e-02 1.703e+04
8.168e-02 1.603e+04
6.941e-02 1.693e+04
6.772e-02 1.708e+04
7.068e-02 1.683e+04
8.397e-02 1.582e+04
5.961e-02 1.831e+04
5.947e-02 1.816e+04
6.801e-02 1.717e+04
7.325e-02 1.671e+04
6.727e-02 1.740e+04
5.582e-02 1.893e+04
7.420e-02 1.656e+04
7.819e-02 1.640e+04
6.373e-02 1.762e+04
6.783e-02 1.710e+04
7.136e-02 1.672e+04
7.642e-02 1.647e+04
6.497e-02 1.758e+04
6.614e-02 1.735e+04
6.578e-02 1.714e+04
6.402e-02 1.756e+04
7.480e-02 1.662e+04
7.193e-02 1.674e+04
8.014e-02 1.610e+04
6.341e-02 1.782e+04
7.564e-02 1.647e+04
5.377e-02 1.903e+04
7.822e-02 1.638e+04
6.810e-02 1.714e+04
6.618e-02 1.730e+04
6.943e-02 1.663e+04
6.152e-02 1.799e+04
7.204e-02 1.682e+04
6.182e-02 1.792e+04
5.955e-02 1.822e+04
7.122e-02 1.696e+04
7.052e-02 1.684e+04
7.284e-02 1.668e+04
7.740e-02 1.631e+04
5.569e-02 1.903e+04
7.515e-02 1.668e+04
7.501e-02 1.653e+04
5.961e-02 1.801e+04
5.452e-02 1.866e+04
6.302e-02 1.782e+04
6.431e-02 1.773e+04
7.342e-02 1.652e+04
7.158e-02 1.676e+04
5.947e-02 1.824e+04
5.935e-02 1.827e+04
5.161e-02 1.959e+04
7.202e-02 1.673e+04
8.123e-02 1.587e+04
7.640e-02 1.654e+04
6.822e-02 1.718e+04
5.668e-02 1.842e+04
5.704e-02 1.858e+04
7.928e-02 1.627e+04
6.783e-02 1.731e+04
6.608e-02 1.733e+04
6.387e-02 1.760e+04
7.619e-02 1.642e+04
6.145e-02 1.777e+04
6.813e-02 1.703e+04
6.140e-02 1.785e+04
5.732e-02 1.853e+04
7.982e-02 1.603e+04
7.149e-02 1.689e+04
6.968e-02 1.692e+04
5.781e-02 1.855e+04
6.749e-02 1.745e+04
6.308e-02 1.763e+04
5.664e-02 1.877e+04
7.215e-02 1.657e+04
6.252e-02 1.784e+04
6.225e-02 1.779e+04
6.899e-02 1.715e+04
6.890e-02 1.686e+04
6.323e-02 1.798e+04
6.734e-02 1.722e+04
6.999e-02 1.684e+04
7.924e-02 1.626e+04
6.788e-02 1.738e+04
7.394e-02 1.655e+04
6.424e-02 1.756e+04
7.102e-02 1.697e+04
8.162e-02 1.610e+04
6.343e-02 1.770e+04
5.933e-02 1.839e+04
6.855e-02 1.698e+04
7.330e-02 1.668e+04
6.747e-02 1.720e+04
6.543e-02 1.741e+04
6.679e-02 1.735e+04
7.130e-02 1.682e+04
6.320e-02 1.781e+04
6.727e-02 1.726e+04
6.778e-02 1.726e+04
6.828e-02 1.718e+04
6.960e-02 1.692e+04
6.916e-02 1.704e+04
6.580e-02 1.740e+04
7.538e-02 1.648e+04
6.556e-02 1.744e+04
6.969e-02 1.707e+04
6.330e-02 1.766e+04
6.039e-02 1.805e+04
5.643e-02 1.877e+04
8.456e-02 1.590e+04
7.116e-02 1.695e+04
7.962e-02 1.625e+04
7.522e-02 1.658e+04
5.808e-02 1.838e+04
7.402e-02 1.668e+04
6.254e-02 1.790e+04
6.603e-02 1.734e+04
7.435e-02 1.647e+04
8.226e-02 1.600e+04
6.100e-02 1.798e+04
6.346e-02 1.767e+04
6.749e-02 1.715e+04
6.219e-02 1.779e+04
7.562e-02 1.641e+04
6.438e-02 1.757e+04
6.481e-02 1.764e+04
6.561e-02 1.754e+04
6.537e-02 1.735e+04
6.406e-02 1.778e+04
6.493e-02 1.750e+04
7.656e-02 1.641e+04
6.965e-02 1.708e+04
7.422e-02 1.643e+04
7.573e-02 1.653e+04
5.102e-02 1.968e+04
7.005e-02 1.699e+04
6.633e-02 1.718e+04
6.104e-02 1.813e+04
7.809e-02 1.606e+04
8.290e-02 1.601e+04
6.652e-02 1.731e+04
6.125e-02 1.801e+04
7.587e-02 1.649e+04
7.176e-02 1.690e+04
5.860e-02 1.820e+04
6.153e-02 1.803e+04
7.371e-02 1.663e+04
7.808e-02 1.634e+04
7.975e-02 1.609e+04
7.582e-02 1.627e+04
7.551e-02 1.624e+04
6.976e-02 1.698e+04
6.689e-02 1.726e+04
6.257e-02 1.784e+04
6.721e-02 1.732e+04
7.817e-02 1.627e+04
6.768e-02 1.722e+04
8.419e-02 1.577e+04
8.222e-02 1.593e+04
7.962e-02 1.624e+04
5.564e-02 1.879e+04
7.100e-02 1.661e+04
6.195e-02 1.798e+04
7.925e-02 1.612e+04
5.816e-02 1.854e+04
7.484e-02 1.652e+04
7.153e-02 1.682e+04
7.473e-02 1.639e+04
6.687e-02 1.716e+04
6.631e-02 1.747e+04
7.284e-02 1.659e+04
7.222e-02 1.664e+04
6.787e-02 1.719e+04
6.772e-02 1.733e+04
6.234e-02 1.793e+04
6.303e-02 1.784e+04
7.478e-02 1.662e+04
6.403e-02 1.778e+04
6.534e-02 1.743e+04
8.010e-02 1.613e+04
5.889e-02 1.833e+04
7.554e-02 1.649e+04
6.336e-02 1.753e+04
4.913e-02 2.014e+04
5.527e-02 1.878e+04
5.706e-02 1.882e+04
6.308e-02 1.767e+04
7.585e-02 1.646e+04
6.312e-02 1.769e+04
7.165e-02 1.687e+04
7.077e-02 1.690e+04
5.729e-02 1.862e+04
6.303e-02 1.767e+04
7.757e-02 1.650e+04
6.163e-02 1.790e+04
5.937e-02 1.849e+04
7.636e-02 1.648e+04
5.683e-02 1.855e+04
5.527e-02 1.891e+04
7.198e-02 1.683e+04
7.209e-02 1.666e+04
7.087e-02 1.684e+04
6.168e-02 1.785e+04
6.268e-02 1.769e+04
8.077e-02 1.615e+04
7.024e-02 1.698e+04
6.664e-02 1.741e+04
6.583e-02 1.727e+04
6.139e-02 1.805e+04
7.278e-02 1.675e+04
5.937e-02 1.811e+04
8.357e-02 1.598e+04
6.373e-02 1.743e+04
7.598e-02 1.608e+04
7.648e-02 1.623e+04
5.505e-02 1.883e+04
7.678e-02 1.648e+04
6.928e-02 1.698e+04
7.033e-02 1.696e+04
6.021e-02 1.814e+04
7.640e-02 1.654e+04
7.474e-02 1.651e+04
6.837e-02 1.696e+04
6.849e-02 1.717e+04
6.318e-02 1.769e+04
5.412e-02 1.899e+04
5.979e-02 1.802e+04
6.873e-02 1.701e+04
6.852e-02 1.732e+04
6.754e-02 1.725e+04
6.696e-02 1.730e+04
5.807e-02 1.860e+04
7.514e-02 1.652e+04
6.514e-02 1.753e+04
6.736e-02 1.718e+04
6.016e-02 1.793e+04
6.725e-02 1.710e+04
6.179e-02 1.792e+04
7.251e-02 1.672e+04
7.179e-02 1.672e+04
6.108e-02 1.786e+04
6.045e-02 1.802e+04
6.921e-02 1.713e+04
5.605e-02 1.848e+04
6.667e-02 1.736e+04
6.146e-02 1.776e+04
7.403e-02 1.666e+04
2.088e-06 2.601e+03
6.472e-02 1.752e+04
6.940e-02 1.695e+04
6.525e-02 1.745e+04
7.966e-02 1.607e+04
6.799e-02 1.721e+04
5.493e-02 1.907e+04
7.390e-02 1.654e+04
7.953e-02 1.599e+04
6.077e-02 1.790e+04
6.369e-02 1.789e+04
7.652e-02 1.649e+04
6.384e-02 1.762e+04
8.013e-02 1.605e+04
6.871e-02 1.716e+04
7.233e-02 1.681e+04
8.524e-02 1.578e+04
6.284e-02 1.771e+04
6.587e-02 1.749e+04
6.146e-02 1.797e+04
7.122e-02 1.673e+04
7.164e-02 1.678e+04
7.072e-02 1.685e+04
6.900e-02 1.717e+04
6.617e-02 1.731e+04
6.133e-02 1.799e+04
6.831e-02 1.722e+04
6.414e-02 1.764e+04
7.275e-02 1.667e+04
6.924e-02 1.721e+04
7.354e-02 1.665e+04
7.645e-02 1.642e+04
6.471e-02 1.753e+04
5.517e-02 1.884e+04
5.715e-02 1.875e+04
7.585e-02 1.651e+04
5.550e-02 1.902e+04
6.274e-02 1.768e+04
6.497e-02 1.748e+04
7.203e-02 1.674e+04
6.912e-02 1.704e+04
5.828e-02 1.847e+04
7.715e-02 1.620e+04
7.056e-02 1.689e+04
8.139e-02 1.607e+04
7.350e-02 1.685e+04
5.999e-02 1.797e+04
6.769e-02 1.730e+04
6.795e-02 1.717e+04
7.771e-02 1.637e+04
6.126e-02 1.794e+04
6.603e-02 1.748e+04
6.389e-02 1.762e+04
7.838e-02 1.621e+04
6.373e-02 1.780e+04
7.125e-02 1.679e+04
6.956e-02 1.698e+04
6.934e-02 1.692e+04
8.254e-02 1.596e+04
7.225e-02 1.671e+04
6.611e-02 1.735e+04
6.918e-02 1.706e+04
6.752e-02 1.731e+04
6.236e-02 1.794e+04
6.443e-02 1.763e+04
6.828e-02 1.708e+04
7.834e-02 1.626e+04
6.525e-02 1.751e+04
6.745e-02 1.700e+04
7.774e-02 1.644e+04
6.904e-02 1.720e+04
7.358e-02 1.669e+04
5.814e-02 1.847e+04
6.061e-02 1.822e+04
5.780e-02 1.846e+04
7.398e-02 1.659e+04
6.777e-02 1.715e+04
6.475e-02 1.742e+04
5.983e-02 1.807e+04
5.981e-02 1.806e+04
6.702e-02 1.737e+04
5.904e-02 1.829e+04
7.037e-02 1.694e+04
6.684e-02 1.719e+04
6.815e-02 1.718e+04
5.862e-02 1.819e+04
7.602e-02 1.646e+04
7.030e-02 1.688e+04
7.068e-02 1.698e+04
6.930e-02 1.713e+04
7.415e-02 1.655e+04
8.108e-02 1.624e+04
7.025e-02 1.691e+04
6.781e-02 1.710e+04
7.046e-02 1.690e+04
6.697e-02 1.734e+04
8.903e-02 1.550e+04
6.330e-02 1.755e+04
5.929e-02 1.844e+04
6.542e-02 1.754e+04
6.718e-02 1.731e+04
6.888e-02 1.692e+04
7.832e-02 1.624e+04
7.010e-02 1.676e+04
7.819e-02 1.632e+04
1.005e-05 3.443e+03
6.464e-02 1.743e+04
6.771e-02 1.744e+04
7.472e-02 1.643e+04
5.436e-02 1.883e+04
7.176e-02 1.683e+04
7.292e-02 1.649e+04
7.813e-02 1.635e+04
6.071e-02 1.803e+04
5.546e-02 1.873e+04
6.296e-02 1.778e+04
7.019e-02 1.697e+04
7.005e-02 1.714e+04
6.760e-02 1.736e+04
6.848e-02 1.714e+04
5.192e-02 1.965e+04
6.558e-02 1.751e+04
7.905e-02 1.608e+04
6.007e-02 1.825e+04
6.732e-02 1.732e+04
7.499e-02 1.652e+04
5.977e-02 1.834e+04
7.880e-02 1.633e+04
6.760e-02 1.734e+04
5.498e-02 1.904e+04
6.367e-02 1.770e+04
6.356e-02 1.775e+04
6.560e-02 1.753e+04
6.236e-02 1.766e+04
6.745e-02 1.750e+04
6.185e-02 1.798e+04
7.235e-02 1.664e+04
7.327e-02 1.668e+04
8.389e-02 1.595e+04
7.203e-02 1.661e+04
7.774e-02 1.621e+04
6.888e-02 1.711e+04
3.801e-08 4.296e+03
8.065e-02 1.603e+04
6.657e-02 1.743e+04
6.932e-02 1.698e+04
7.258e-02 1.680e+04
7.432e-02 1.649e+04
8.383e-02 1.591e+04
7.862e-02 1.615e+04
6.785e-02 1.720e+04
6.148e-02 1.802e+04
6.843e-02 1.718e+04
6.891e-02 1.705e+04
5.765e-02 1.860e+04
7.401e-02 1.655e+04
7.168e-02 1.697e+04
6.335e-02 1.777e+04
8.692e-02 1.573e+04
6.307e-02 1.774e+04
5.950e-02 1.835e+04
7.852e-02 1.617e+04
7.415e-02 1.658e+04
7.012e-02 1.675e+04
6.369e-02 1.774e+04
7.137e-02 1.688e+04
5.898e-02 1.830e+04
8.960e-02 1.552e+04
8.166e-02 1.613e+04
7.239e-02 1.672e+04
7.477e-02 1.664e+04
7.381e-02 1.646e+04
8.376e-02 1.589e+04
7.541e-02 1.654e+04
6.190e-02 1.789e+04
6.687e-02 1.742e+04
6.730e-02 1.717e+04
6.747e-02 1.729e+04
7.106e-02 1.681e+04
6.130e-02 1.803e+04
6.005e-02 1.810e+04
5.800e-02 1.853e+04
7.737e-02 1.639e+04
5.686e-02 1.859e+04
8.159e-02 1.600e+04
6.715e-02 1.749e+04
7.902e-02 1.605e+04
6.433e-02 1.768e+04
6.944e-02 1.697e+04
9.233e-02 1.530e+04
6.762e-02 1.716e+04
6.615e-02 1.766e+04
6.494e-02 1.758e+04
6.199e-02 1.781e+04
7.456e-02 1.657e+04
6.419e-02 1.765e+04
7.748e-02 1.626e+04
6.938e-02 1.701e+04
6.811e-02 1.713e+04
5.800e-02 1.841e+04
6.838e-02 1.722e+04
5.701e-02 1.848e+04
8.212e-02 1.603e+04
5.447e-02 1.901e+04
6.387e-02 1.747e+04
6.155e-02 1.797e+04
5.971e-02 1.815e+04
6.549e-02 1.745e+04
6.478e-02 1.736e+04
6.370e-02 1.776e+04
5.926e-02 1.839e+04
6.919e-02 1.699e+04
6.133e-02 1.792e+04
6.609e-02 1.742e+04
6.889e-02 1.718e+04
8.167e-02 1.605e+04
7.357e-02 1.656e+04
6.783e-02 1.728e+04
5.286e-02 1.942e+04
5.883e-02 1.817e+04
7.263e-02 1.671e+04
6.675e-02 1.734e+04
6.831e-02 1.716e+04
6.476e-02 1.740e+04
6.752e-02 1.722e+04
6.317e-02 1.790e+04
7.421e-02 1.686e+04
6.898e-02 1.709e+04
6.918e-02 1.700e+04
8.833e-02 1.572e+04
6.279e-02 1.792e+04
6.653e-02 1.728e+04
6.117e-02 1.792e+04
5.704e-02 1.834e+04
6.811e-02 1.716e+04
7.392e-02 1.665e+04
6.718e-02 1.728e+04
7.004e-02 1.697e+04
5.684e-02 1.862e+04
7.244e-02 1.683e+04
6.438e-02 1.750e+04
6.692e-02 1.724e+04
6.524e-02 1.737e+04
6.531e-02 1.735e+04
6.865e-02 1.715e+04
5.480e-02 1.916e+04
5.183e-02 1.935e+04
8.015e-02 1.609e+04
5.289e-02 1.937e+04
7.932e-02 1.624e+04
6.443e-02 1.755e+04
6.781e-02 1.724e+04
6.445e-02 1.766e+04
6.584e-02 1.727e+04
6.310e-02 1.761e+04
5.528e-02 1.866e+04
6.082e-02 1.812e+04
6.551e-02 1.744e+04
7.075e-02 1.697e+04
6.986e-02 1.706e+04
7.901e-02 1.623e+04
7.527e-02 1.655e+04
6.685e-02 1.728e+04
6.432e-02 1.751e+04
6.859e-02 1.705e+04
6.648e-02 1.749e+04
6.463e-02 1.781e+04
6.119e-02 1.796e+04
6.107e-02 1.795e+04
6.655e-02 1.756e+04
5.886e-02 1.842e+04
7.156e-02 1.675e+04
5.973e-02 1.822e+04
7.708e-02 1.624e+04
7.384e-02 1.658e+04
7.075e-02 1.716e+04
6.159e-02 1.785e+04
6.850e-02 1.709e+04
7.407e-02 1.638e+04
7.221e-02 1.684e+04
6.516e-02 1.756e+04
5.905e-02 1.832e+04
6.139e-02 1.795e+04
6.139e-02 1.806e+04
5.258e-02 1.942e+04
7.234e-02 1.673e+04
6.946e-02 1.697e+04
7.284e-02 1.665e+04
6.873e-02 1.693e+04
6.103e-02 1.797e+04
6.497e-02 1.769e+04
8.337e-02 1.590e+04
6.157e-02 1.795e+04
6.857e-02 1.713e+04
6.918e-02 1.711e+04
7.747e-02 1.615e+04
6.844e-02 1.702e+04
7.007e-02 1.704e+04
7.316e-02 1.654e+04
6.916e-02 1.706e+04
6.732e-02 1.723e+04
6.714e-02 1.726e+04
6.364e-02 1.768e+04
7.091e-02 1.686e+04
6.381e-02 1.771e+04
6.496e-02 1.752e+04
8.437e-02 1.599e+04
5.719e-02 1.893e+04
6.470e-02 1.760e+04
6.176e-02 1.789e+04
7.093e-02 1.682e+04
6.651e-02 1.731e+04
6.148e-02 1.780e+04
6.576e-02 1.744e+04
6.480e-02 1.747e+04
5.470e-02 1.877e+04
6.802e-02 1.737e+04
7.507e-02 1.658e+04
6.466e-02 1.761e+04
6.604e-02 1.723e+04
6.643e-02 1.733e+04
6.509e-02 1.778e+04
5.809e-02 1.845e+04
6.733e-02 1.716e+04
6.663e-02 1.721e+04
7.209e-02 1.687e+04
6.300e-02 1.788e+04
7.544e-02 1.646e+04
6.582e-02 1.734e+04
7.271e-02 1.669e+04
5.233e-02 1.953e+04
7.141e-02 1.682e+04
4.957e-02 1.997e+04
6.510e-02 1.748e+04
6.738e-02 1.722e+04
7.325e-02 1.659e+04
5.956e-02 1.791e+04
6.093e-02 1.816e+04
6.654e-02 1.729e+04
6.375e-02 1.741e+04
6.621e-02 1.729e+04
7.435e-02 1.661e+04
7.527e-02 1.653e+04
6.629e-02 1.738e+04
7.474e-02 1.650e+04
8.133e-02 1.603e+04
7.140e-02 1.666e+04
5.785e-02 1.847e+04
7.275e-02 1.677e+04
6.376e-02 1.748e+04
7.416e-02 1.664e+04
6.697e-02 1.717e+04
7.849e-02 1.622e+04
6.982e-02 1.701e+04
7.685e-02 1.632e+04
6.533e-02 1.746e+04
6.613e-02 1.751e+04
5.896e-02 1.824e+04
7.229e-02 1.664e+04
7.981e-02 1.622e+04
6.100e-02 1.782e+04
7.518e-02 1.645e+04
6.310e-02 1.786e+04
7.207e-02 1.664e+04
7.366e-02 1.683e+04
5.790e-02 1.859e+04
6.859e-02 1.695e+04
7.570e-02 1.630e+04
6.789e-02 1.706e+04
6.588e-02 1.725e+04
7.113e-02 1.684e+04
5.510e-02 1.913e+04
6.547e-02 1.767e+04
6.390e-02 1.765e+04
6.958e-02 1.687e+04
6.125e-02 1.781e+04
6.907e-02 1.712e+04
7.187e-02 1.685e+04
8.156e-02 1.596e+04
6.220e-02 1.800e+04
7.869e-02 1.611e+04
6.079e-02 1.790e+04
7.347e-02 1.671e+04
6.351e-02 1.741e+04
7.289e-02 1.663e+04
6.399e-02 1.767e+04
6.758e-02 1.728e+04
6.986e-02 1.706e+04
6.935e-02 1.707e+04
6.907e-02 1.707e+04
7.518e-02 1.653e+04
5.392e-02 1.920e+04
7.742e-02 1.634e+04
7.238e-02 1.659e+04
6.026e-02 1.817e+04
6.547e-02 1.742e+04
7.195e-02 1.681e+04
7.343e-02 1.683e+04
6.250e-02 1.783e+04
6.845e-02 1.717e+04
6.765e-02 1.717e+04
7.395e-02 1.645e+04
6.549e-02 1.740e+04
7.547e-02 1.637e+04
6.629e-02 1.727e+04
5.926e-02 1.821e+04
7.100e-02 1.688e+04
7.830e-02 1.631e+04
5.827e-02 1.855e+04
7.001e-02 1.699e+04
8.495e-02 1.584e+04
7.378e-02 1.674e+04
7.127e-02 1.695e+04
6.381e-02 1.749e+04
6.371e-02 1.764e+04
5.734e-02 1.863e+04
7.618e-02 1.641e+04
7.839e-02 1.619e+04
6.546e-02 1.746e+04
6.939e-02 1.723e+04
6.778e-02 1.724e+04
6.768e-02 1.735e+04
6.553e-02 1.732e+04
6.216e-02 1.783e+04
7.009e-02 1.704e+04
6.067e-02 1.808e+04
6.988e-02 1.694e+04
7.564e-02 1.652e+04
6.352e-02 1.764e+04
8.104e-02 1.607e+04
6.635e-02 1.733e+04
6.433e-02 1.758e+04
6.240e-02 1.797e+04
6.205e-02 1.800e+04
6.097e-02 1.811e+04
7.693e-02 1.639e+04
6.332e-02 1.776e+04
5.919e-02 1.859e+04
7.056e-02 1.708e+04
6.143e-02 1.775e+04
8.481e-02 1.574e+04
7.788e-02 1.630e+04
6.785e-02 1.711e+04
6.624e-02 1.748e+04
7.134e-02 1.693e+04
6.627e-02 1.736e+04
5.645e-02 1.838e+04
6.722e-02 1.699e+04
2.674e-06 4.790e+03
5.786e-02 1.833e+04
5.168e-02 1.981e+04
7.413e-02 1.649e+04
6.441e-02 1.752e+04
6.606e-02 1.732e+04
7.278e-02 1.664e+04
8.939e-02 1.555e+04
6.852e-02 1.692e+04
6.458e-02 1.737e+04
7.163e-02 1.677e+04
6.712e-02 1.729e+04
5.684e-02 1.843e+04
7.330e-02 1.671e+04
7.568e-02 1.670e+04
8.054e-02 1.608e+04
6.585e-02 1.747e+04
6.663e-02 1.747e+04
7.279e-02 1.661e+04
7.110e-02 1.680e+04
6.378e-02 1.746e+04
6.790e-02 1.727e+04
7.199e-02 1.668e+04
5.927e-02 1.831e+04
6.841e-02 1.701e+04
8.265e-02 1.600e+04
7.975e-02 1.618e+04
8.438e-02 1.596e+04
7.572e-02 1.621e+04
6.070e-02 1.787e+04
7.136e-02 1.676e+04
6.165e-02 1.791e+04
6.483e-02 1.726e+04
6.778e-02 1.718e+04
7.211e-02 1.671e+04
6.780e-02 1.715e+04
6.400e-02 1.768e+04
6.552e-02 1.735e+04
5.901e-02 1.839e+04
5.700e-02 1.860e+04
6.482e-02 1.731e+04
7.093e-02 1.703e+04
6.318e-02 1.761e+04
5.859e-02 1.839e+04
6.568e-02 1.722e+04
5.469e-02 1.911e+04
7.228e-02 1.667e+04
6.746e-02 1.699e+04
7.037e-02 1.677e+04
6.626e-02 1.747e+04
7.247e-02 1.684e+04
6.567e-02 1.739e+04
7.270e-02 1.678e+04
7.041e-02 1.690e+04
6.066e-02 1.813e+04
5.868e-02 1.854e+04
6.272e-02 1.772e+04
6.568e-02 1.738e+04
7.518e-02 1.642e+04
6.495e-02 1.767e+04
6.628e-02 1.747e+04
7.930e-02 1.606e+04
7.733e-02 1.624e+04
6.170e-02 1.788e+04
7.918e-02 1.609e+04
6.101e-02 1.784e+04
9.237e-06 1.866e+03
7.460e-02 1.659e+04
5.629e-02 1.859e+04
7.816e-02 1.623e+04
7.215e-02 1.662e+04
6.922e-02 1.689e+04
7.552e-02 1.663e+04
7.062e-02 1.702e+04
6.793e-02 1.736e+04
6.008e-02 1.802e+04
6.985e-02 1.698e+04
7.821e-02 1.635e+04
7.252e-02 1.664e+04
5.445e-02 1.904e+04
7.642e-02 1.639e+04
7.006e-02 1.682e+04
6.142e-02 1.806e+04
6.855e-02 1.713e+04
6.947e-02 1.699e+04
8.500e-02 1.591e+04
8.056e-02 1.626e+04
5.546e-02 1.882e+04
5.996e-02 1.825e+04
8.122e-02 1.596e+04
8.097e-02 1.612e+04
6.535e-02 1.751e+04
6.407e-02 1.764e+04
6.503e-02 1.762e+04
7.214e-02 1.682e+04
6.702e-02 1.729e+04
8.204e-02 1.601e+04
8.036e-02 1.609e+04
6.588e-02 1.742e+04
7.556e-02 1.653e+04
5.260e-02 1.941e+04
6.891e-02 1.701e+04
6.680e-02 1.722e+04
6.328e-02 1.782e+04
5.354e-02 1.937e+04
7.013e-02 1.692e+04
7.255e-02 1.660e+04
7.494e-02 1.642e+04
5.712e-02 1.857e+04
6.635e-02 1.739e+04
6.377e-02 1.764e+04
6.652e-02 1.726e+04
6.651e-02 1.737e+04
7.355e-07 3.272e+02
5.623e-02 1.880e+04
6.281e-02 1.747e+04
6.774e-02 1.717e+04
7.278e-02 1.685e+04
6.070e-02 1.805e+04
7.063e-02 1.691e+04
6.214e-02 1.783e+04
7.288e-02 1.652e+04
7.029e-02 1.690e+04
2.629e-06 1.106e+03
6.023e-02 1.808e+04
7.008e-02 1.698e+04
7.463e-02 1.640e+04
7.606e-02 1.659e+04
6.196e-02 1.797e+04
6.325e-02 1.772e+04
8.210e-02 1.602e+04
6.545e-02 1.717e+04
7.470e-02 1.663e+04
6.749e-02 1.730e+04
5.225e-02 1.941e+04
5.841e-02 1.841e+04
8.202e-02 1.585e+04
8.535e-02 1.575e+04
5.588e-02 1.876e+04
5.894e-02 1.843e+04
5.732e-02 1.855e+04
6.882e-02 1.700e+04
8.002e-02 1.613e+04
6.552e-02 1.751e+04
6.884e-02 1.698e+04
6.475e-02 1.752e+04
6.422e-02 1.748e+04
8.089e-02 1.602e+04
6.717e-02 1.739e+04
6.779e-02 1.733e+04
8.544e-02 1.590e+04
6.426e-02 1.757e+04
6.280e-02 1.777e+04
6.835e-02 1.732e+04
5.922e-02 1.824e+04
8.747e-02 1.568e+04
