7.951e-02 2.719e+04
7.947e-02 2.725e+04
7.487e-02 2.810e+04
7.758e-02 2.787e+04
7.097e-02 2.905e+04
7.717e-02 2.769e+04
8.009e-02 2.696e+04
8.101e-02 2.702e+04
7.417e-02 2.811e+04
7.100e-02 2.899e+04
6.807e-02 3.019e+04
7.430e-02 2.854e+04
8.031e-02 2.698e+04
7.653e-02 2.784e+04
8.309e-02 2.664e+04
7.699e-02 2.774e+04
7.688e-02 2.779e+04
7.377e-02 2.846e+04
7.841e-02 2.744e+04
7.496e-02 2.826e+04
8.105e-02 2.695e+04
6.982e-02 2.962e+04
8.051e-02 2.694e+04
7.858e-02 2.740e+04
7.498e-02 2.802e+04
7.546e-02 2.802e+04
8.111e-02 2.689e+04
6.649e-02 3.052e+04
7.804e-02 2.743e+04
7.705e-02 2.739e+04
7.629e-02 2.790e+04
7.465e-02 2.821e+04
7.012e-02 2.932e+04
7.928e-02 2.720e+04
8.018e-02 2.690e+04
7.653e-02 2.771e+04
7.943e-02 2.710e+04
7.413e-02 2.819e+04
7.691e-02 2.772e+04
7.660e-02 2.780e+04
7.682e-02 2.767e+04
6.763e-02 3.016e+04
7.432e-02 2.825e+04
8.518e-02 2.613e+04
7.423e-02 2.840e+04
7.584e-02 2.783e+04
7.658e-02 2.782e+04
6.960e-02 2.966e+04
7.690e-02 2.771e+04
7.532e-02 2.810e+04
8.175e-02 2.685e+04
7.263e-02 2.895e+04
8.036e-02 2.714e+04
7.599e-02 2.788e+04
7.382e-02 2.833e+04
7.910e-02 2.725e+04
8.065e-02 2.673e+04
7.625e-02 2.785e+04
7.827e-02 2.749e+04
6.924e-02 2.980e+04
7.546e-02 2.805e+04
8.214e-02 2.689e+04
7.567e-02 2.793e+04
7.307e-02 2.854e+04
8.353e-02 2.640e+04
7.898e-02 2.728e+04
7.602e-02 2.778e+04
7.663e-02 2.778e+04
7.741e-02 2.761e+04
8.247e-02 2.657e+04
7.748e-02 2.752e+04
6.915e-02 2.974e+04
7.904e-02 2.735e+04
8.000e-02 2.703e+04
7.433e-02 2.823e+04
7.877e-02 2.724e+04
7.287e-02 2.867e+04
7.855e-02 2.728e+04
6.784e-02 3.004e+04
7.671e-02 2.784e+04
8.212e-02 2.673e+04
7.751e-02 2.753e+04
7.877e-02 2.719e+04
8.187e-02 2.674e+04
7.759e-02 2.764e+04
7.697e-02 2.783e+04
7.621e-02 2.770e+04
7.445e-02 2.821e+04
7.339e-02 2.857e+04
7.924e-02 2.709e+04
8.013e-02 2.708e+04
7.221e-02 2.895e+04
7.749e-02 2.760e+04
8.180e-02 2.669e+04
7.964e-02 2.721e+04
7.948e-02 2.708e+04
7.560e-02 2.792e+04
7.513e-02 2.793e+04
6.913e-02 2.962e+04
7.626e-02 2.780e+04
7.639e-02 2.778e+04
7.524e-02 2.802e+04
7.369e-02 2.847e+04
7.012e-02 2.955e+04
7.582e-02 2.803e+04
8.203e-02 2.675e+04
7.376e-02 2.837e+04
7.212e-02 2.880e+04
7.856e-02 2.749e+04
7.318e-02 2.870e+04
8.514e-02 2.619e+04
7.600e-02 2.791e+04
7.859e-02 2.730e+04
7.524e-02 2.824e+04
7.352e-02 2.858e+04
6.944e-02 2.971e+04
7.422e-02 2.833e+04
8.272e-02 2.661e+04
7.862e-02 2.715e+04
7.293e-02 2.859e+04
6.864e-02 2.993e+04
7.772e-02 2.749e+04
7.237e-02 2.881e+04
8.374e-02 2.630e+04
7.387e-02 2.839e+04
7.872e-02 2.731e+04
8.232e-02 2.650e+04
7.428e-02 2.828e+04
6.837e-02 2.998e+04
8.113e-02 2.685e+04
7.944e-02 2.708e+04
7.477e-02 2.831e+04
8.176e-02 2.681e+04
7.569e-02 2.786e+04
7.701e-02 2.768e+04
7.930e-02 2.713e+04
7.500e-02 2.803e+04
7.556e-02 2.806e+04
7.896e-02 2.725e+04
7.158e-02 2.887e+04
7.144e-02 2.921e+04
7.456e-02 2.837e+04
8.023e-02 2.698e+04
7.162e-02 2.897e+04
6.906e-02 2.969e+04
7.147e-02 2.902e+04
7.864e-02 2.729e+04
7.191e-02 2.902e+04
7.421e-02 2.841e+04
7.893e-02 2.738e+04
7.552e-02 2.823e+04
7.426e-02 2.864e+04
8.282e-02 2.666e+04
7.754e-02 2.728e+04
7.367e-02 2.861e+04
8.230e-02 2.662e+04
7.266e-02 2.908e+04
8.572e-02 2.611e+04
7.241e-02 2.893e+04
7.923e-02 2.722e+04
7.491e-02 2.786e+04
7.731e-02 2.757e+04
7.606e-02 2.795e+04
8.454e-02 2.624e+04
7.344e-02 2.848e+04
7.986e-02 2.696e+04
7.780e-02 2.766e+04
7.847e-02 2.727e+04
8.092e-02 2.704e+04
7.990e-02 2.700e+04
6.893e-02 2.977e+04
7.936e-02 2.713e+04
7.841e-02 2.743e+04
8.771e-02 2.578e+04
8.109e-02 2.689e+04
9.014e-02 2.523e+04
8.216e-02 2.662e+04
7.275e-02 2.856e+04
7.280e-02 2.853e+04
7.570e-02 2.795e+04
7.799e-02 2.743e+04
7.571e-02 2.806e+04
7.389e-02 2.831e+04
8.398e-02 2.627e+04
7.610e-02 2.795e+04
7.978e-02 2.730e+04
7.041e-02 2.937e+04
7.100e-02 2.904e+04
7.421e-02 2.818e+04
7.938e-02 2.716e+04
8.346e-02 2.616e+04
7.630e-02 2.799e+04
8.561e-02 2.605e+04
7.671e-02 2.775e+04
7.304e-02 2.836e+04
7.730e-02 2.749e+04
7.119e-02 2.936e+04
7.271e-02 2.879e+04
7.344e-02 2.850e+04
7.687e-02 2.779e+04
7.067e-02 2.919e+04
7.615e-02 2.787e+04
8.194e-02 2.672e+04
7.593e-02 2.801e+04
7.634e-02 2.800e+04
7.942e-02 2.706e+04
7.733e-02 2.762e+04
7.594e-02 2.778e+04
8.054e-02 2.682e+04
8.375e-02 2.633e+04
7.382e-02 2.834e+04
7.257e-02 2.887e+04
8.172e-02 2.654e+04
8.333e-02 2.640e+04
7.197e-02 2.892e+04
7.290e-02 2.840e+04
7.318e-02 2.851e+04
7.709e-02 2.750e+04
7.491e-02 2.808e+04
7.203e-02 2.895e+04
7.867e-02 2.730e+04
7.340e-02 2.868e+04
8.277e-02 2.653e+04
7.544e-02 2.808e+04
7.174e-02 2.900e+04
6.253e-02 3.214e+04
7.720e-02 2.777e+04
7.513e-02 2.811e+04
7.394e-02 2.820e+04
7.181e-02 2.910e+04
7.437e-02 2.825e+04
7.270e-02 2.877e+04
7.852e-02 2.715e+04
8.274e-02 2.674e+04
7.756e-02 2.739e+04
7.776e-02 2.753e+04
7.691e-02 2.787e+04
8.038e-02 2.708e+04
8.171e-02 2.670e+04
7.707e-02 2.743e+04
7.816e-02 2.751e+04
7.573e-02 2.795e+04
7.044e-02 2.930e+04
7.681e-02 2.767e+04
7.263e-02 2.877e+04
7.706e-02 2.780e+04
8.272e-02 2.669e+04
7.883e-02 2.729e+04
7.153e-02 2.874e+04
7.242e-02 2.878e+04
7.743e-02 2.757e+04
7.007e-02 2.946e+04
7.712e-02 2.774e+04
8.441e-02 2.635e+04
6.975e-02 2.942e+04
7.407e-02 2.840e+04
7.825e-02 2.782e+04
7.412e-02 2.841e+04
7.778e-02 2.747e+04
8.460e-02 2.615e+04
7.323e-02 2.846e+04
7.207e-02 2.901e+04
7.077e-02 2.948e+04
8.086e-02 2.706e+04
7.097e-02 2.921e+04
7.587e-02 2.794e+04
6.857e-02 2.955e+04
7.636e-02 2.781e+04
7.644e-02 2.783e+04
6.906e-02 2.962e+04
6.820e-02 2.964e+04
8.303e-02 2.665e+04
8.113e-02 2.686e+04
7.482e-02 2.805e+04
8.170e-02 2.681e+04
8.371e-02 2.631e+04
7.656e-02 2.800e+04
7.941e-02 2.721e+04
7.917e-02 2.736e+04
7.800e-02 2.749e+04
7.413e-02 2.835e+04
7.674e-02 2.759e+04
7.544e-02 2.796e+04
8.033e-02 2.701e+04
7.535e-02 2.818e+04
7.468e-02 2.836e+04
6.895e-02 2.995e+04
7.885e-02 2.739e+04
7.427e-02 2.826e+04
8.110e-02 2.699e+04
7.188e-02 2.891e+04
7.127e-02 2.911e+04
7.412e-02 2.846e+04
8.297e-02 2.659e+04
7.822e-02 2.727e+04
8.584e-02 2.583e+04
8.186e-02 2.676e+04
7.378e-02 2.845e+04
7.274e-02 2.855e+04
8.419e-02 2.626e+04
7.547e-02 2.790e+04
7.949e-02 2.715e+04
7.653e-02 2.772e+04
8.193e-02 2.676e+04
7.124e-02 2.911e+04
7.227e-02 2.893e+04
7.594e-02 2.821e+04
7.987e-02 2.712e+04
8.029e-02 2.712e+04
7.319e-02 2.860e+04
7.409e-02 2.812e+04
6.917e-02 2.966e+04
7.552e-02 2.809e+04
7.803e-02 2.757e+04
7.489e-02 2.817e+04
7.097e-02 2.914e+04
7.705e-02 2.764e+04
7.055e-02 2.904e+04
7.636e-02 2.804e+04
7.637e-02 2.774e+04
7.487e-02 2.808e+04
7.846e-02 2.736e+04
7.437e-02 2.820e+04
8.216e-02 2.661e+04
7.841e-02 2.747e+04
6.982e-02 2.949e+04
7.733e-02 2.776e+04
7.686e-02 2.754e+04
7.828e-02 2.729e+04
7.658e-02 2.806e+04
7.957e-02 2.728e+04
7.664e-02 2.769e+04
6.827e-02 2.991e+04
7.726e-02 2.766e+04
7.532e-02 2.792e+04
7.917e-02 2.742e+04
7.491e-02 2.801e+04
7.731e-02 2.763e+04
7.422e-02 2.846e+04
6.852e-02 3.003e+04
7.452e-02 2.843e+04
7.017e-02 2.933e+04
7.764e-02 2.756e+04
7.247e-02 2.857e+04
7.230e-02 2.846e+04
7.036e-02 2.918e+04
7.456e-02 2.811e+04
7.768e-02 2.743e+04
8.001e-02 2.708e+04
7.482e-02 2.822e+04
7.479e-02 2.820e+04
7.526e-02 2.798e+04
7.705e-02 2.758e+04
7.935e-02 2.708e+04
7.197e-02 2.893e+04
8.438e-02 2.616e+04
7.330e-02 2.873e+04
7.166e-02 2.857e+04
7.007e-02 2.956e+04
7.481e-02 2.802e+04
7.276e-02 2.872e+04
7.423e-02 2.835e+04
7.390e-02 2.844e+04
7.434e-02 2.855e+04
7.653e-02 2.786e+04
8.115e-02 2.672e+04
6.762e-02 3.006e+04
7.528e-02 2.805e+04
7.328e-02 2.877e+04
7.738e-02 2.759e+04
7.884e-02 2.723e+04
7.357e-02 2.876e+04
6.932e-02 2.956e+04
7.657e-02 2.782e+04
7.620e-02 2.787e+04
7.589e-02 2.775e+04
7.879e-02 2.731e+04
7.325e-02 2.870e+04
7.321e-02 2.854e+04
8.031e-02 2.697e+04
7.656e-02 2.750e+04
7.376e-02 2.845e+04
7.677e-02 2.773e+04
7.603e-02 2.811e+04
7.726e-02 2.754e+04
7.428e-02 2.819e+04
7.849e-02 2.739e+04
7.083e-02 2.913e+04
7.955e-02 2.695e+04
7.208e-02 2.870e+04
7.698e-02 2.765e+04
7.713e-02 2.799e+04
7.332e-02 2.855e+04
7.964e-02 2.693e+04
7.422e-02 2.819e+04
7.613e-02 2.783e+04
8.300e-02 2.665e+04
7.758e-02 2.736e+04
7.750e-02 2.761e+04
8.114e-02 2.682e+04
7.139e-02 2.915e+04
8.430e-02 2.625e+04
7.897e-02 2.748e+04
7.279e-02 2.893e+04
7.594e-02 2.797e+04
7.434e-02 2.853e+04
8.088e-02 2.706e+04
7.512e-02 2.793e+04
7.345e-02 2.831e+04
7.025e-02 2.946e+04
7.468e-02 2.839e+04
7.955e-02 2.732e+04
7.843e-02 2.732e+04
7.102e-02 2.907e+04
6.948e-02 2.961e+04
7.917e-02 2.741e+04
7.954e-02 2.708e+04
7.826e-02 2.758e+04
7.385e-02 2.821e+04
7.623e-02 2.798e+04
7.641e-02 2.784e+04
7.854e-02 2.762e+04
8.233e-02 2.668e+04
7.958e-02 2.715e+04
6.860e-02 2.985e+04
7.622e-02 2.793e+04
7.629e-02 2.795e+04
7.007e-02 2.949e+04
7.953e-02 2.727e+04
7.671e-02 2.756e+04
7.809e-02 2.731e+04
7.398e-02 2.840e+04
7.523e-02 2.833e+04
7.689e-02 2.765e+04
7.344e-02 2.858e+04
7.599e-02 2.808e+04
6.831e-02 2.985e+04
7.632e-02 2.776e+04
7.271e-02 2.858e+04
8.296e-02 2.653e+04
8.012e-02 2.720e+04
7.613e-02 2.778e+04
7.824e-02 2.746e+04
7.700e-02 2.771e+04
7.359e-02 2.848e+04
7.851e-02 2.740e+04
7.568e-02 2.785e+04
7.119e-02 2.908e+04
7.586e-02 2.794e+04
8.005e-02 2.701e+04
7.734e-02 2.759e+04
7.620e-02 2.771e+04
8.223e-02 2.664e+04
7.781e-02 2.754e+04
6.605e-02 3.072e+04
8.521e-02 2.612e+04
6.975e-02 2.957e+04
7.854e-02 2.750e+04
7.967e-02 2.704e+04
8.088e-02 2.681e+04
7.991e-02 2.698e+04
7.279e-02 2.881e+04
7.470e-02 2.826e+04
7.284e-02 2.877e+04
7.695e-02 2.765e+04
7.714e-02 2.781e+04
7.791e-02 2.744e+04
8.081e-02 2.674e+04
8.010e-02 2.707e+04
7.635e-02 2.763e+04
7.104e-02 2.943e+04
7.440e-02 2.827e+04
7.898e-02 2.734e+04
7.791e-02 2.766e+04
8.262e-02 2.632e+04
7.590e-02 2.791e+04
7.480e-02 2.851e+04
7.384e-02 2.841e+04
7.845e-02 2.744e+04
7.423e-02 2.846e+04
7.681e-02 2.766e+04
8.058e-02 2.691e+04
7.195e-02 2.901e+04
7.336e-02 2.852e+04
7.524e-02 2.815e+04
8.108e-02 2.674e+04
7.565e-02 2.799e+04
7.813e-02 2.748e+04
8.217e-02 2.650e+04
7.662e-02 2.788e+04
7.525e-02 2.822e+04
7.217e-02 2.908e+04
7.105e-02 2.916e+04
7.836e-02 2.740e+04
7.377e-02 2.844e+04
7.393e-02 2.835e+04
7.581e-02 2.807e+04
7.197e-02 2.899e+04
8.110e-02 2.696e+04
7.338e-02 2.841e+04
7.341e-02 2.828e+04
7.461e-02 2.826e+04
7.772e-02 2.760e+04
7.847e-02 2.738e+04
7.258e-02 2.871e+04
8.060e-02 2.707e+04
7.305e-02 2.888e+04
7.167e-02 2.887e+04
7.703e-02 2.767e+04
8.076e-02 2.699e+04
7.792e-02 2.749e+04
7.966e-02 2.731e+04
7.386e-02 2.842e+04
7.644e-02 2.776e+04
8.122e-02 2.685e+04
8.154e-02 2.664e+04
8.630e-02 2.603e+04
7.420e-02 2.815e+04
7.837e-02 2.741e+04
7.620e-02 2.802e+04
7.420e-02 2.839e+04
6.956e-02 2.948e+04
7.224e-02 2.846e+04
7.548e-02 2.827e+04
7.519e-02 2.808e+04
7.944e-02 2.725e+04
7.658e-02 2.782e+04
7.375e-02 2.838e+04
7.556e-02 2.787e+04
7.848e-02 2.726e+04
7.640e-02 2.762e+04
7.822e-02 2.735e+04
8.494e-02 2.627e+04
7.355e-02 2.843e+04
7.544e-02 2.803e+04
7.655e-02 2.763e+04
7.709e-02 2.783e+04
7.809e-02 2.746e+04
7.400e-02 2.850e+04
7.445e-02 2.822e+04
7.917e-02 2.731e+04
7.756e-02 2.774e+04
7.115e-02 2.924e+04
7.113e-02 2.925e+04
7.963e-02 2.723e+04
7.507e-02 2.800e+04
7.702e-02 2.758e+04
7.891e-02 2.728e+04
8.058e-02 2.697e+04
8.271e-02 2.652e+04
7.573e-02 2.809e+04
7.612e-02 2.789e+04
7.109e-02 2.939e+04
7.339e-02 2.866e+04
7.975e-02 2.703e+04
7.675e-02 2.770e+04
7.481e-02 2.826e+04
7.838e-02 2.730e+04
7.125e-02 2.923e+04
7.536e-02 2.792e+04
8.338e-02 2.639e+04
8.000e-02 2.692e+04
7.825e-02 2.750e+04
7.885e-02 2.710e+04
7.418e-02 2.868e+04
7.415e-02 2.834e+04
7.642e-02 2.777e+04
7.435e-02 2.834e+04
7.439e-02 2.841e+04
7.920e-02 2.715e+04
7.695e-02 2.764e+04
7.267e-02 2.883e+04
6.904e-02 2.969e+04
6.880e-02 2.973e+04
7.388e-02 2.852e+04
7.540e-02 2.804e+04
7.898e-02 2.716e+04
8.070e-02 2.688e+04
7.713e-02 2.786e+04
7.290e-02 2.878e+04
7.299e-02 2.872e+04
7.791e-02 2.760e+04
7.748e-02 2.752e+04
7.880e-02 2.739e+04
7.848e-02 2.741e+04
7.468e-02 2.822e+04
7.760e-02 2.743e+04
7.493e-02 2.821e+04
6.816e-02 2.991e+04
7.838e-02 2.741e+04
6.874e-02 2.974e+04
7.755e-02 2.763e+04
7.702e-02 2.761e+04
7.828e-02 2.730e+04
7.619e-02 2.779e+04
7.392e-02 2.854e+04
7.819e-02 2.739e+04
7.596e-02 2.796e+04
7.483e-02 2.824e+04
8.478e-02 2.605e+04
7.650e-02 2.769e+04
7.648e-02 2.757e+04
7.114e-02 2.914e+04
7.364e-02 2.840e+04
8.417e-02 2.637e+04
8.329e-02 2.648e+04
7.792e-02 2.738e+04
6.819e-02 3.004e+04
7.261e-02 2.888e+04
8.214e-02 2.663e+04
7.535e-02 2.789e+04
6.955e-02 2.931e+04
8.072e-02 2.694e+04
7.658e-02 2.779e+04
7.901e-02 2.749e+04
7.595e-02 2.792e+04
8.000e-02 2.698e+04
7.489e-02 2.826e+04
7.893e-02 2.747e+04
7.315e-02 2.850e+04
7.301e-02 2.866e+04
6.990e-02 2.956e+04
7.201e-02 2.891e+04
7.885e-02 2.722e+04
6.928e-02 2.991e+04
7.419e-02 2.831e+04
7.236e-02 2.894e+04
7.183e-02 2.901e+04
7.779e-02 2.751e+04
7.757e-02 2.773e+04
7.901e-02 2.752e+04
7.636e-02 2.780e+04
7.044e-02 2.923e+04
8.005e-02 2.716e+04
8.241e-02 2.651e+04
7.540e-02 2.788e+04
8.033e-02 2.714e+04
7.575e-02 2.814e+04
7.345e-02 2.871e+04
7.705e-02 2.778e+04
7.482e-02 2.820e+04
7.609e-02 2.800e+04
7.242e-02 2.874e+04
7.804e-02 2.760e+04
7.457e-02 2.840e+04
7.050e-02 2.937e+04
7.650e-02 2.781e+04
7.291e-02 2.866e+04
7.261e-02 2.855e+04
8.228e-02 2.675e+04
7.162e-02 2.918e+04
8.110e-02 2.709e+04
7.458e-02 2.800e+04
7.715e-02 2.774e+04
7.065e-02 2.902e+04
7.963e-02 2.724e+04
8.233e-02 2.652e+04
7.057e-02 2.925e+04
7.275e-02 2.848e+04
7.123e-02 2.900e+04
7.843e-02 2.761e+04
7.701e-02 2.755e+04
7.301e-02 2.884e+04
8.009e-02 2.688e+04
7.890e-02 2.717e+04
8.057e-02 2.683e+04
7.635e-02 2.791e+04
7.655e-02 2.786e+04
7.606e-02 2.810e+04
8.266e-02 2.670e+04
7.545e-02 2.824e+04
8.407e-02 2.637e+04
6.852e-02 2.996e+04
7.682e-02 2.769e+04
6.792e-02 3.014e+04
7.228e-02 2.884e+04
6.773e-02 2.993e+04
7.702e-02 2.763e+04
7.813e-02 2.751e+04
7.351e-02 2.863e+04
7.366e-02 2.873e+04
7.263e-02 2.859e+04
7.594e-02 2.797e+04
7.897e-02 2.734e+04
7.413e-02 2.843e+04
7.940e-02 2.730e+04
7.329e-02 2.843e+04
7.794e-02 2.764e+04
8.006e-02 2.704e+04
7.529e-02 2.825e+04
7.269e-02 2.868e+04
7.352e-02 2.833e+04
7.199e-02 2.887e+04
7.814e-02 2.757e+04
7.920e-02 2.707e+04
7.821e-02 2.744e+04
7.402e-02 2.833e+04
6.875e-02 2.980e+04
6.893e-02 2.977e+04
7.302e-02 2.865e+04
8.189e-02 2.659e+04
7.054e-02 2.906e+04
7.617e-02 2.782e+04
7.770e-02 2.743e+04
6.917e-02 2.969e+04
7.150e-02 2.906e+04
7.526e-02 2.806e+04
7.190e-02 2.893e+04
8.011e-02 2.725e+04
7.269e-02 2.866e+04
7.358e-02 2.862e+04
7.008e-02 2.958e+04
7.515e-02 2.811e+04
8.085e-02 2.681e+04
7.054e-02 2.929e+04
7.359e-02 2.856e+04
6.841e-02 2.979e+04
7.406e-02 2.828e+04
8.089e-02 2.676e+04
7.594e-02 2.807e+04
7.837e-02 2.771e+04
7.950e-02 2.704e+04
8.709e-02 2.601e+04
8.005e-02 2.704e+04
7.729e-02 2.764e+04
8.005e-02 2.712e+04
7.684e-02 2.753e+04
7.262e-02 2.895e+04
7.504e-02 2.794e+04
7.593e-02 2.791e+04
7.871e-02 2.724e+04
7.412e-02 2.828e+04
7.742e-02 2.767e+04
7.695e-02 2.789e+04
8.278e-02 2.662e+04
7.756e-02 2.746e+04
7.927e-02 2.717e+04
7.687e-02 2.782e+04
7.696e-02 2.784e+04
7.691e-02 2.777e+04
7.101e-02 2.926e+04
7.606e-02 2.805e+04
7.406e-02 2.822e+04
7.723e-02 2.751e+04
7.028e-02 2.940e+04
7.033e-02 2.947e+04
7.527e-02 2.819e+04
8.007e-02 2.704e+04
7.769e-02 2.754e+04
7.596e-02 2.786e+04
7.606e-02 2.780e+04
7.905e-02 2.708e+04
7.625e-02 2.776e+04
7.099e-02 2.906e+04
7.931e-02 2.719e+04
7.771e-02 2.769e+04
7.121e-02 2.916e+04
7.732e-02 2.762e+04
7.063e-02 2.934e+04
7.487e-02 2.824e+04
7.596e-02 2.805e+04
7.729e-02 2.749e+04
7.336e-02 2.849e+04
7.575e-02 2.780e+04
7.245e-02 2.881e+04
7.335e-02 2.853e+04
7.244e-02 2.874e+04
7.589e-02 2.801e+04
7.171e-02 2.903e+04
7.521e-02 2.810e+04
7.487e-02 2.812e+04
6.969e-02 2.944e+04
7.532e-02 2.811e+04
7.532e-02 2.799e+04
7.723e-02 2.759e+04
6.886e-02 2.986e+04
7.872e-02 2.733e+04
8.181e-02 2.663e+04
7.524e-02 2.818e+04
8.076e-02 2.700e+04
8.057e-02 2.712e+04
7.981e-02 2.712e+04
7.837e-02 2.734e+04
6.840e-02 3.003e+04
7.571e-02 2.784e+04
8.010e-02 2.702e+04
7.777e-02 2.736e+04
7.802e-02 2.758e+04
7.631e-02 2.783e+04
7.042e-02 2.905e+04
7.616e-02 2.786e+04
7.251e-02 2.868e+04
8.118e-02 2.682e+04
7.673e-02 2.764e+04
7.217e-02 2.884e+04
7.560e-02 2.802e+04
7.933e-02 2.738e+04
7.890e-02 2.729e+04
7.701e-02 2.750e+04
8.024e-02 2.697e+04
8.070e-02 2.697e+04
6.798e-02 2.998e+04
7.669e-02 2.780e+04
7.523e-02 2.814e+04
8.030e-02 2.678e+04
7.856e-02 2.721e+04
7.775e-02 2.743e+04
7.805e-02 2.759e+04
7.549e-02 2.781e+04
7.946e-02 2.718e+04
7.366e-02 2.830e+04
7.221e-02 2.879e+04
8.194e-02 2.683e+04
7.278e-02 2.856e+04
7.937e-02 2.696e+04
7.989e-02 2.694e+04
7.133e-02 2.908e+04
7.694e-02 2.759e+04
7.760e-02 2.754e+04
7.491e-02 2.849e+04
8.095e-02 2.679e+04
7.782e-02 2.747e+04
7.626e-02 2.758e+04
7.259e-02 2.866e+04
7.854e-02 2.745e+04
7.960e-02 2.722e+04
7.351e-02 2.839e+04
8.377e-02 2.625e+04
7.087e-02 2.924e+04
7.762e-02 2.758e+04
7.343e-02 2.861e+04
7.584e-02 2.808e+04
7.625e-02 2.800e+04
8.216e-02 2.674e+04
7.413e-02 2.825e+04
7.462e-02 2.823e+04
7.325e-02 2.857e+04
7.728e-02 2.770e+04
7.465e-02 2.835e+04
7.392e-02 2.816e+04
7.369e-02 2.859e+04
7.975e-02 2.717e+04
6.861e-02 2.959e+04
7.355e-02 2.844e+04
8.561e-02 2.602e+04
7.139e-02 2.891e+04
7.406e-02 2.852e+04
7.677e-02 2.769e+04
7.103e-02 2.906e+04
7.663e-02 2.794e+04
7.533e-02 2.806e+04
7.053e-02 2.913e+04
7.662e-02 2.803e+04
7.655e-02 2.788e+04
7.070e-02 2.902e+04
7.553e-02 2.806e+04
7.763e-02 2.747e+04
7.053e-02 2.936e+04
7.794e-02 2.736e+04
7.075e-02 2.927e+04
7.458e-02 2.804e+04
7.661e-02 2.771e+04
7.662e-02 2.772e+04
6.626e-02 3.076e+04
7.655e-02 2.767e+04
7.795e-02 2.754e+04
7.974e-02 2.693e+04
8.006e-02 2.693e+04
6.591e-02 3.064e+04
7.216e-02 2.883e+04
8.516e-02 2.627e+04
7.083e-02 2.914e+04
7.333e-02 2.858e+04
6.839e-02 3.011e+04
8.017e-02 2.698e+04
7.493e-02 2.822e+04
7.244e-02 2.892e+04
8.288e-02 2.664e+04
7.168e-02 2.916e+04
7.335e-02 2.844e+04
7.153e-02 2.926e+04
7.291e-02 2.862e+04
7.392e-02 2.849e+04
7.743e-02 2.754e+04
7.635e-02 2.772e+04
7.943e-02 2.728e+04
7.562e-02 2.791e+04
7.854e-02 2.732e+04
6.986e-02 2.950e+04
7.381e-02 2.830e+04
8.114e-02 2.677e+04
8.160e-02 2.675e+04
7.942e-02 2.711e+04
7.554e-02 2.806e+04
7.483e-02 2.857e+04
6.939e-02 2.972e+04
7.354e-02 2.866e+04
7.139e-02 2.897e+04
7.593e-02 2.767e+04
7.144e-02 2.905e+04
7.519e-02 2.830e+04
8.246e-02 2.659e+04
7.774e-02 2.741e+04
7.167e-02 2.897e+04
7.512e-02 2.804e+04
8.507e-02 2.611e+04
8.126e-02 2.709e+04
7.201e-02 2.908e+04
7.463e-02 2.820e+04
7.964e-02 2.713e+04
7.515e-02 2.823e+04
7.790e-02 2.754e+04
7.249e-02 2.888e+04
7.178e-02 2.894e+04
7.990e-02 2.718e+04
7.798e-02 2.727e+04
7.301e-02 2.854e+04
7.530e-02 2.813e+04
6.896e-02 2.992e+04
7.662e-02 2.778e+04
8.263e-02 2.666e+04
7.515e-02 2.836e+04
6.912e-02 2.965e+04
8.088e-02 2.692e+04
7.853e-02 2.753e+04
8.093e-02 2.690e+04
7.785e-02 2.761e+04
8.183e-02 2.678e+04
7.620e-02 2.778e+04
7.669e-02 2.778e+04
8.066e-02 2.691e+04
7.079e-02 2.921e+04
7.424e-02 2.810e+04
8.052e-02 2.703e+04
7.845e-02 2.720e+04
7.572e-02 2.804e+04
8.121e-02 2.673e+04
8.287e-02 2.654e+04
7.602e-02 2.770e+04
8.232e-02 2.671e+04
7.807e-02 2.749e+04
7.543e-02 2.822e+04
7.670e-02 2.793e+04
8.447e-02 2.615e+04
7.973e-02 2.707e+04
7.254e-02 2.889e+04
7.992e-02 2.703e+04
8.174e-02 2.676e+04
8.265e-02 2.653e+04
8.162e-02 2.667e+04
7.383e-02 2.846e+04
7.723e-02 2.757e+04
7.744e-02 2.770e+04
8.023e-02 2.689e+04
7.563e-02 2.798e+04
8.145e-02 2.676e+04
7.750e-02 2.760e+04
7.603e-02 2.788e+04
7.774e-02 2.799e+04
7.584e-02 2.809e+04
7.650e-02 2.772e+04
7.295e-02 2.875e+04
7.737e-02 2.752e+04
7.490e-02 2.799e+04
7.629e-02 2.780e+04
7.751e-02 2.784e+04
7.567e-02 2.812e+04
7.822e-02 2.757e+04
8.299e-02 2.652e+04
8.136e-02 2.680e+04
7.525e-02 2.842e+04
7.828e-02 2.753e+04
7.750e-02 2.736e+04
7.802e-02 2.731e+04
7.603e-02 2.779e+04
7.755e-02 2.760e+04
7.900e-02 2.719e+04
7.896e-02 2.712e+04
7.765e-02 2.768e+04
8.294e-02 2.642e+04
7.570e-02 2.790e+04
7.955e-02 2.702e+04
7.284e-02 2.899e+04
7.328e-02 2.846e+04
7.387e-02 2.853e+04
7.985e-02 2.717e+04
7.855e-02 2.721e+04
7.529e-02 2.816e+04
7.978e-02 2.728e+04
7.290e-02 2.853e+04
7.848e-02 2.744e+04
8.059e-02 2.685e+04
8.058e-02 2.696e+04
7.768e-02 2.791e+04
7.435e-02 2.833e+04
7.076e-02 2.943e+04
7.940e-02 2.729e+04
8.274e-02 2.652e+04
7.661e-02 2.771e+04
7.828e-02 2.723e+04
7.294e-02 2.896e+04
8.103e-02 2.708e+04
7.543e-02 2.793e+04
8.087e-02 2.679e+04
7.640e-02 2.775e+04
7.508e-02 2.821e+04
8.154e-02 2.667e+04
7.823e-02 2.751e+04
8.037e-02 2.701e+04
7.695e-02 2.772e+04
8.190e-02 2.675e+04
7.893e-02 2.743e+04
7.677e-02 2.760e+04
7.763e-02 2.736e+04
8.032e-02 2.709e+04
7.768e-02 2.750e+04
8.167e-02 2.683e+04
7.241e-02 2.861e+04
8.733e-02 2.575e+04
7.541e-02 2.789e+04
7.917e-02 2.712e+04
7.168e-02 2.893e+04
7.509e-02 2.823e+04
7.538e-02 2.818e+04
7.704e-02 2.782e+04
7.359e-02 2.863e+04
6.889e-02 2.979e+04
7.710e-02 2.772e+04
7.835e-02 2.731e+04
7.841e-02 2.734e+04
7.806e-02 2.751e+04
7.561e-02 2.788e+04
8.093e-02 2.684e+04
7.567e-02 2.794e+04
7.562e-02 2.803e+04
7.384e-02 2.854e+04
7.257e-02 2.900e+04
7.504e-02 2.804e+04
7.430e-02 2.837e+04
8.250e-02 2.654e+04
7.404e-02 2.818e+04
7.445e-02 2.846e+04
7.898e-02 2.711e+04
7.489e-02 2.804e+04
8.027e-02 2.679e+04
7.102e-02 2.918e+04
7.240e-02 2.876e+04
8.484e-02 2.609e+04
7.724e-02 2.780e+04
7.534e-02 2.818e+04
7.951e-02 2.705e+04
8.359e-02 2.631e+04
7.601e-02 2.803e+04
8.015e-02 2.677e+04
7.441e-02 2.826e+04
6.847e-02 3.011e+04
7.201e-02 2.893e+04
7.436e-02 2.844e+04
7.517e-02 2.801e+04
7.471e-02 2.801e+04
7.750e-02 2.773e+04
7.475e-02 2.828e+04
7.845e-02 2.730e+04
7.134e-02 2.893e+04
7.746e-02 2.762e+04
7.429e-02 2.855e+04
8.142e-02 2.667e+04
7.569e-02 2.810e+04
8.404e-02 2.635e+04
7.939e-02 2.717e+04
7.829e-02 2.760e+04
7.137e-02 2.898e+04
7.931e-02 2.709e+04
7.752e-02 2.764e+04
7.465e-02 2.839e+04
7.438e-02 2.806e+04
6.570e-02 3.075e+04
7.793e-02 2.738e+04
7.032e-02 2.934e+04
7.519e-02 2.804e+04
8.523e-02 2.593e+04
7.338e-02 2.849e+04
7.288e-02 2.849e+04
7.594e-02 2.794e+04
7.875e-02 2.745e+04
7.880e-02 2.737e+04
8.047e-02 2.708e+04
7.658e-02 2.775e+04
7.960e-02 2.703e+04
7.525e-02 2.803e+04
6.933e-02 2.973e+04
7.454e-02 2.833e+04
7.108e-02 2.926e+04
7.815e-02 2.749e+04
7.894e-02 2.738e+04
8.071e-02 2.685e+04
8.055e-02 2.699e+04
7.983e-02 2.706e+04
7.176e-02 2.875e+04
7.699e-02 2.774e+04
7.690e-02 2.794e+04
7.987e-02 2.707e+04
7.972e-02 2.704e+04
7.815e-02 2.751e+04
8.396e-02 2.641e+04
7.343e-02 2.875e+04
7.760e-02 2.766e+04
7.327e-02 2.859e+04
8.130e-02 2.654e+04
7.535e-02 2.796e+04
7.945e-02 2.692e+04
7.504e-02 2.814e+04
7.573e-02 2.803e+04
8.374e-02 2.628e+04
7.539e-02 2.804e+04
7.730e-02 2.764e+04
7.609e-02 2.795e+04
7.651e-02 2.776e+04
7.404e-02 2.831e+04
7.632e-02 2.795e+04
7.545e-02 2.801e+04
8.283e-02 2.662e+04
7.274e-02 2.862e+04
8.011e-02 2.739e+04
7.824e-02 2.746e+04
7.335e-02 2.848e+04
7.093e-02 2.903e+04
7.406e-02 2.825e+04
7.671e-02 2.786e+04
7.112e-02 2.907e+04
7.545e-02 2.806e+04
8.006e-02 2.704e+04
7.966e-02 2.692e+04
7.500e-02 2.793e+04
8.212e-02 2.670e+04
7.440e-02 2.826e+04
7.892e-02 2.729e+04
7.139e-02 2.901e+04
7.673e-02 2.769e+04
7.639e-02 2.799e+04
7.780e-02 2.747e+04
7.510e-02 2.821e+04
7.485e-02 2.828e+04
7.941e-02 2.699e+04
7.757e-02 2.735e+04
7.584e-02 2.799e+04
7.853e-02 2.752e+04
7.575e-02 2.773e+04
7.566e-02 2.810e+04
8.265e-02 2.648e+04
7.901e-02 2.736e+04
7.811e-02 2.770e+04
7.965e-02 2.683e+04
7.656e-02 2.775e+04
7.655e-02 2.779e+04
7.022e-02 2.934e+04
7.312e-02 2.851e+04
7.894e-02 2.742e+04
7.911e-02 2.728e+04
8.021e-02 2.708e+04
7.253e-02 2.886e+04
7.714e-02 2.779e+04
7.709e-02 2.772e+04
8.322e-02 2.645e+04
8.662e-02 2.598e+04
7.918e-02 2.705e+04
7.887e-02 2.737e+04
7.962e-02 2.707e+04
7.199e-02 2.907e+04
7.943e-02 2.734e+04
7.749e-02 2.726e+04
7.635e-02 2.775e+04
7.499e-02 2.796e+04
7.559e-02 2.794e+04
7.396e-02 2.845e+04
7.530e-02 2.795e+04
8.367e-02 2.643e+04
7.411e-02 2.821e+04
7.614e-02 2.765e+04
7.513e-02 2.798e+04
8.054e-02 2.687e+04
7.186e-02 2.890e+04
7.702e-02 2.777e+04
7.561e-02 2.791e+04
7.989e-02 2.701e+04
7.749e-02 2.764e+04
7.849e-02 2.729e+04
7.985e-02 2.736e+04
6.785e-02 3.010e+04
7.837e-02 2.747e+04
7.577e-02 2.795e+04
7.603e-02 2.796e+04
7.833e-02 2.749e+04
7.879e-02 2.746e+04
7.535e-02 2.811e+04
6.641e-02 3.029e+04
7.796e-02 2.739e+04
7.719e-02 2.774e+04
7.920e-02 2.727e+04
8.071e-02 2.700e+04
7.868e-02 2.734e+04
7.817e-02 2.755e+04
7.453e-02 2.818e+04
8.476e-02 2.636e+04
7.603e-02 2.807e+04
6.676e-02 3.044e+04
7.600e-02 2.782e+04
6.616e-02 3.083e+04
7.658e-02 2.772e+04
7.152e-02 2.889e+04
7.137e-02 2.880e+04
7.436e-02 2.818e+04
8.310e-02 2.651e+04
7.422e-02 2.847e+04
7.709e-02 2.769e+04
7.264e-02 2.861e+04
7.603e-02 2.792e+04
7.873e-02 2.760e+04
7.741e-02 2.769e+04
7.977e-02 2.708e+04
7.820e-02 2.761e+04
9.136e-02 2.519e+04
7.344e-02 2.855e+04
7.819e-02 2.735e+04
7.356e-02 2.852e+04
7.657e-02 2.784e+04
7.389e-02 2.842e+04
8.150e-02 2.676e+04
8.096e-02 2.685e+04
6.474e-02 3.090e+04
7.317e-02 2.850e+04
7.947e-02 2.710e+04
8.103e-02 2.707e+04
7.500e-02 2.825e+04
7.479e-02 2.834e+04
6.905e-02 2.997e+04
8.091e-02 2.674e+04
7.489e-02 2.805e+04
8.048e-02 2.671e+04
7.301e-02 2.876e+04
7.968e-02 2.703e+04
7.673e-02 2.765e+04
7.839e-02 2.744e+04
8.506e-02 2.614e+04
7.254e-02 2.890e+04
8.204e-02 2.662e+04
7.122e-02 2.920e+04
7.653e-02 2.800e+04
7.611e-02 2.796e+04
7.691e-02 2.759e+04
7.631e-02 2.802e+04
7.666e-02 2.779e+04
7.590e-02 2.784e+04
7.578e-02 2.774e+04
7.757e-02 2.791e+04
7.513e-02 2.815e+04
7.742e-02 2.749e+04
7.904e-02 2.724e+04
7.625e-02 2.773e+04
7.785e-02 2.745e+04
7.874e-02 2.751e+04
7.783e-02 2.737e+04
8.346e-02 2.652e+04
7.454e-02 2.833e+04
7.584e-02 2.797e+04
8.172e-02 2.676e+04
7.177e-02 2.885e+04
7.513e-02 2.813e+04
7.356e-02 2.835e+04
7.473e-02 2.831e+04
7.693e-02 2.780e+04
7.714e-02 2.759e+04
8.282e-02 2.661e+04
7.962e-02 2.704e+04
6.753e-02 3.027e+04
7.735e-02 2.780e+04
8.021e-02 2.692e+04
8.291e-02 2.630e+04
7.843e-02 2.738e+04
7.681e-02 2.774e+04
7.671e-02 2.769e+04
7.883e-02 2.745e+04
7.300e-02 2.862e+04
7.849e-02 2.750e+04
7.800e-02 2.751e+04
7.989e-02 2.709e+04
7.112e-02 2.914e+04
7.715e-02 2.758e+04
7.705e-02 2.779e+04
7.720e-02 2.763e+04
6.982e-02 2.956e+04
7.230e-02 2.883e+04
7.540e-02 2.815e+04
7.736e-02 2.744e+04
8.067e-02 2.703e+04
7.716e-02 2.770e+04
7.719e-02 2.779e+04
7.684e-02 2.759e+04
7.891e-02 2.719e+04
8.088e-02 2.675e+04
7.633e-02 2.801e+04
7.831e-02 2.733e+04
7.274e-02 2.875e+04
8.050e-02 2.693e+04
7.448e-02 2.834e+04
7.633e-02 2.785e+04
7.284e-02 2.888e+04
7.920e-02 2.728e+04
7.693e-02 2.751e+04
7.765e-02 2.761e+04
8.615e-02 2.592e+04
8.015e-02 2.717e+04
7.986e-02 2.698e+04
7.657e-02 2.797e+04
8.159e-02 2.661e+04
7.704e-02 2.777e+04
7.569e-02 2.820e+04
7.119e-02 2.897e+04
7.470e-02 2.835e+04
7.679e-02 2.768e+04
7.279e-02 2.864e+04
6.875e-02 2.977e+04
7.791e-02 2.764e+04
8.033e-02 2.702e+04
6.994e-02 2.957e+04
7.954e-02 2.716e+04
8.035e-02 2.701e+04
8.352e-02 2.648e+04
7.265e-02 2.872e+04
6.967e-02 2.962e+04
7.205e-02 2.893e+04
7.845e-02 2.733e+04
8.496e-02 2.617e+04
8.163e-02 2.687e+04
8.152e-02 2.662e+04
7.029e-02 2.953e+04
7.558e-02 2.795e+04
7.067e-02 2.938e+04
7.887e-02 2.757e+04
8.044e-02 2.678e+04
8.282e-02 2.638e+04
7.891e-02 2.721e+04
8.025e-02 2.706e+04
7.638e-02 2.781e+04
7.331e-02 2.865e+04
8.055e-02 2.691e+04
7.917e-02 2.732e+04
7.666e-02 2.791e+04
6.715e-02 3.053e+04
7.073e-02 2.916e+04
8.174e-02 2.688e+04
7.237e-02 2.886e+04
7.751e-02 2.745e+04
7.145e-02 2.898e+04
7.526e-02 2.817e+04
8.701e-02 2.589e+04
7.760e-02 2.746e+04
7.094e-02 2.914e+04
7.619e-02 2.797e+04
7.357e-02 2.839e+04
8.052e-02 2.703e+04
7.852e-02 2.731e+04
7.833e-02 2.735e+04
7.899e-02 2.733e+04
7.779e-02 2.770e+04
6.886e-02 2.993e+04
6.771e-02 3.049e+04
6.952e-02 2.964e+04
8.220e-02 2.670e+04
7.875e-02 2.727e+04
7.462e-02 2.799e+04
7.675e-02 2.796e+04
7.596e-02 2.814e+04
7.651e-02 2.764e+04
8.252e-02 2.669e+04
7.349e-02 2.846e+04
8.346e-02 2.658e+04
7.829e-02 2.755e+04
7.409e-02 2.817e+04
7.994e-02 2.712e+04
7.469e-02 2.827e+04
7.484e-02 2.813e+04
7.147e-02 2.907e+04
7.519e-02 2.824e+04
7.514e-02 2.823e+04
8.082e-02 2.673e+04
7.282e-02 2.859e+04
7.520e-02 2.803e+04
7.502e-02 2.815e+04
7.655e-02 2.780e+04
8.105e-02 2.671e+04
7.479e-02 2.819e+04
7.629e-02 2.777e+04
7.738e-02 2.762e+04
6.832e-02 3.016e+04
7.467e-02 2.844e+04
7.164e-02 2.893e+04
7.612e-02 2.796e+04
7.516e-02 2.827e+04
7.757e-02 2.768e+04
7.290e-02 2.866e+04
7.283e-02 2.866e+04
8.059e-02 2.697e+04
8.127e-02 2.681e+04
7.687e-02 2.765e+04
7.419e-02 2.843e+04
6.435e-02 3.141e+04
7.845e-02 2.741e+04
7.553e-02 2.811e+04
8.021e-02 2.715e+04
7.448e-02 2.841e+04
7.389e-02 2.821e+04
6.855e-02 2.963e+04
7.267e-02 2.876e+04
6.944e-02 2.964e+04
8.514e-02 2.605e+04
7.948e-02 2.707e+04
6.928e-02 2.974e+04
7.908e-02 2.723e+04
8.071e-02 2.691e+04
8.454e-02 2.607e+04
7.516e-02 2.846e+04
7.354e-02 2.861e+04
6.840e-02 2.988e+04
7.838e-02 2.752e+04
8.354e-02 2.631e+04
7.432e-02 2.837e+04
7.403e-02 2.833e+04
8.327e-02 2.632e+04
7.305e-02 2.871e+04
7.474e-02 2.847e+04
7.701e-02 2.760e+04
7.767e-02 2.765e+04
7.486e-02 2.841e+04
8.057e-02 2.685e+04
7.247e-02 2.888e+04
7.438e-02 2.827e+04
6.743e-02 3.018e+04
8.248e-02 2.655e+04
8.816e-02 2.548e+04
7.458e-02 2.806e+04
7.242e-02 2.880e+04
7.203e-02 2.891e+04
7.239e-02 2.864e+04
7.703e-02 2.747e+04
7.324e-02 2.855e+04
7.254e-02 2.886e+04
8.159e-02 2.672e+04
7.577e-02 2.795e+04
7.865e-02 2.741e+04
8.064e-02 2.702e+04
7.727e-02 2.769e+04
7.892e-02 2.740e+04
7.755e-02 2.751e+04
8.127e-02 2.686e+04
7.693e-02 2.771e+04
8.244e-02 2.670e+04
7.132e-02 2.907e+04
7.729e-02 2.765e+04
7.362e-02 2.851e+04
7.524e-02 2.804e+04
7.437e-02 2.827e+04
8.036e-02 2.709e+04
7.544e-02 2.781e+04
7.733e-02 2.746e+04
6.734e-02 3.027e+04
7.325e-02 2.867e+04
8.026e-02 2.707e+04
7.265e-02 2.897e+04
7.299e-02 2.857e+04
7.430e-02 2.832e+04
7.418e-02 2.846e+04
7.911e-02 2.723e+04
7.303e-02 2.864e+04
7.715e-02 2.748e+04
7.903e-02 2.716e+04
7.506e-02 2.833e+04
7.603e-02 2.770e+04
7.756e-02 2.768e+04
7.472e-02 2.838e+04
6.869e-02 2.979e+04
7.966e-02 2.705e+04
7.549e-02 2.805e+04
7.605e-02 2.791e+04
7.720e-02 2.766e+04
7.636e-02 2.777e+04
7.658e-02 2.806e+04
7.678e-02 2.772e+04
8.482e-02 2.624e+04
8.726e-02 2.565e+04
7.781e-02 2.712e+04
7.587e-02 2.802e+04
8.022e-02 2.709e+04
6.946e-02 2.951e+04
7.868e-02 2.729e+04
8.017e-02 2.707e+04
7.456e-02 2.825e+04
7.950e-02 2.734e+04
7.000e-02 2.948e+04
7.905e-02 2.732e+04
7.929e-02 2.741e+04
7.356e-02 2.841e+04
7.676e-02 2.772e+04
7.598e-02 2.803e+04
6.829e-02 2.981e+04
8.216e-02 2.666e+04
7.767e-02 2.751e+04
7.958e-02 2.705e+04
7.528e-02 2.815e+04
7.993e-02 2.722e+04
7.020e-02 2.938e+04
8.005e-02 2.710e+04
7.579e-02 2.799e+04
7.622e-02 2.787e+04
7.318e-02 2.875e+04
7.583e-02 2.793e+04
7.506e-02 2.821e+04
7.379e-02 2.862e+04
8.061e-02 2.687e+04
7.723e-02 2.774e+04
8.137e-02 2.697e+04
7.735e-02 2.765e+04
8.001e-02 2.698e+04
7.498e-02 2.812e+04
8.150e-02 2.692e+04
7.797e-02 2.753e+04
7.293e-02 2.872e+04
7.640e-02 2.782e+04
7.801e-02 2.735e+04
7.526e-02 2.795e+04
7.988e-02 2.709e+04
8.103e-02 2.695e+04
7.687e-02 2.765e+04
8.103e-02 2.685e+04
7.722e-02 2.762e+04
7.411e-02 2.850e+04
8.415e-02 2.620e+04
7.428e-02 2.835e+04
7.355e-02 2.855e+04
6.905e-02 2.967e+04
7.627e-02 2.816e+04
7.798e-02 2.749e+04
7.764e-02 2.767e+04
7.726e-02 2.761e+04
7.316e-02 2.854e+04
7.776e-02 2.765e+04
7.999e-02 2.715e+04
7.477e-02 2.791e+04
7.259e-02 2.856e+04
7.458e-02 2.825e+04
7.842e-02 2.728e+04
8.101e-02 2.677e+04
7.305e-02 2.853e+04
7.110e-02 2.903e+04
7.194e-02 2.920e+04
8.015e-02 2.707e+04
8.043e-02 2.692e+04
7.878e-02 2.730e+04
7.696e-02 2.775e+04
8.069e-02 2.697e+04
7.993e-02 2.699e+04
7.403e-02 2.839e+04
7.546e-02 2.831e+04
7.481e-02 2.827e+04
8.299e-02 2.660e+04
7.109e-02 2.910e+04
8.399e-02 2.623e+04
7.693e-02 2.766e+04
7.694e-02 2.768e+04
7.400e-02 2.838e+04
7.063e-02 2.943e+04
7.344e-02 2.864e+04
7.507e-02 2.829e+04
7.516e-02 2.818e+04
7.066e-02 2.934e+04
8.136e-02 2.670e+04
7.667e-02 2.772e+04
7.652e-02 2.783e+04
8.483e-02 2.597e+04
6.990e-02 2.930e+04
7.294e-02 2.863e+04
8.031e-02 2.717e+04
7.502e-02 2.800e+04
7.644e-02 2.775e+04
7.286e-02 2.854e+04
7.106e-02 2.904e+04
7.693e-02 2.772e+04
7.338e-02 2.863e+04
7.043e-02 2.920e+04
6.605e-02 3.104e+04
7.696e-02 2.754e+04
7.686e-02 2.770e+04
7.187e-02 2.887e+04
7.128e-02 2.883e+04
7.714e-02 2.765e+04
7.885e-02 2.722e+04
7.604e-02 2.761e+04
7.866e-02 2.725e+04
6.962e-02 2.970e+04
7.862e-02 2.742e+04
7.474e-02 2.826e+04
7.616e-02 2.787e+04
7.662e-02 2.761e+04
7.660e-02 2.785e+04
8.026e-02 2.694e+04
7.839e-02 2.719e+04
7.875e-02 2.736e+04
7.213e-02 2.876e+04
7.532e-02 2.817e+04
7.982e-02 2.721e+04
7.166e-02 2.892e+04
7.180e-02 2.915e+04
7.640e-02 2.796e+04
7.847e-02 2.733e+04
7.331e-02 2.852e+04
7.649e-02 2.787e+04
7.442e-02 2.831e+04
7.357e-02 2.858e+04
7.605e-02 2.764e+04
8.173e-02 2.662e+04
7.394e-02 2.838e+04
7.260e-02 2.883e+04
7.445e-02 2.834e+04
7.204e-02 2.895e+04
7.757e-02 2.760e+04
7.515e-02 2.798e+04
8.055e-02 2.703e+04
7.890e-02 2.721e+04
7.187e-02 2.896e+04
7.239e-02 2.869e+04
6.658e-02 3.055e+04
7.912e-02 2.718e+04
7.988e-02 2.684e+04
7.767e-02 2.759e+04
7.657e-02 2.808e+04
7.082e-02 2.920e+04
7.656e-02 2.767e+04
8.033e-02 2.710e+04
7.908e-02 2.741e+04
7.538e-02 2.804e+04
8.004e-02 2.704e+04
7.654e-02 2.760e+04
6.887e-02 2.995e+04
7.136e-02 2.910e+04
8.124e-02 2.694e+04
7.593e-02 2.792e+04
7.661e-02 2.801e+04
7.113e-02 2.920e+04
7.904e-02 2.701e+04
7.523e-02 2.814e+04
8.185e-02 2.674e+04
8.048e-02 2.686e+04
6.895e-02 2.965e+04
8.148e-02 2.672e+04
7.923e-02 2.729e+04
7.781e-02 2.751e+04
7.732e-02 2.752e+04
8.164e-02 2.671e+04
7.742e-02 2.753e+04
7.976e-02 2.715e+04
7.508e-02 2.823e+04
8.004e-02 2.720e+04
7.874e-02 2.724e+04
7.846e-02 2.725e+04
7.416e-02 2.836e+04
7.306e-02 2.851e+04
7.592e-02 2.787e+04
6.930e-02 2.949e+04
7.794e-02 2.752e+04
7.906e-02 2.724e+04
7.799e-02 2.768e+04
6.924e-02 2.988e+04
8.175e-02 2.680e+04
7.881e-02 2.721e+04
7.953e-02 2.711e+04
8.300e-02 2.661e+04
7.486e-02 2.819e+04
7.493e-02 2.818e+04
7.728e-02 2.772e+04
7.473e-02 2.824e+04
7.661e-02 2.784e+04
8.055e-02 2.703e+04
8.321e-02 2.655e+04
8.018e-02 2.716e+04
7.661e-02 2.769e+04
7.152e-02 2.900e+04
7.208e-02 2.875e+04
7.540e-02 2.822e+04
8.057e-02 2.695e+04
7.471e-02 2.840e+04
7.720e-02 2.767e+04
8.240e-02 2.687e+04
8.056e-02 2.696e+04
7.846e-02 2.737e+04
7.866e-02 2.720e+04
6.722e-02 3.024e+04
7.512e-02 2.817e+04
7.244e-02 2.875e+04
7.350e-02 2.870e+04
7.784e-02 2.743e+04
6.918e-02 2.981e+04
8.231e-02 2.663e+04
6.915e-02 2.949e+04
7.418e-02 2.837e+04
7.413e-02 2.853e+04
7.228e-02 2.876e+04
8.105e-02 2.699e+04
8.137e-02 2.674e+04
7.826e-02 2.701e+04
8.291e-02 2.654e+04
7.041e-02 2.925e+04
7.680e-02 2.757e+04
7.327e-02 2.851e+04
8.041e-02 2.713e+04
7.765e-02 2.754e+04
7.696e-02 2.758e+04
7.265e-02 2.867e+04
7.129e-02 2.902e+04
7.579e-02 2.803e+04
6.528e-02 3.092e+04
7.692e-02 2.762e+04
7.695e-02 2.760e+04
7.704e-02 2.767e+04
7.345e-02 2.866e+04
7.823e-02 2.774e+04
6.944e-02 2.962e+04
7.828e-02 2.731e+04
7.702e-02 2.764e+04
7.886e-02 2.718e+04
7.192e-02 2.895e+04
7.968e-02 2.705e+04
7.646e-02 2.776e+04
7.493e-02 2.823e+04
7.215e-02 2.886e+04
7.588e-02 2.791e+04
7.098e-02 2.927e+04
7.450e-02 2.826e+04
8.240e-02 2.670e+04
6.737e-02 3.020e+04
7.082e-02 2.917e+04
7.715e-02 2.776e+04
7.186e-02 2.888e+04
7.385e-02 2.864e+04
7.913e-02 2.733e+04
7.700e-02 2.750e+04
7.238e-02 2.892e+04
7.637e-02 2.785e+04
8.153e-02 2.677e+04
7.488e-02 2.815e+04
7.270e-02 2.856e+04
7.386e-02 2.846e+04
7.468e-02 2.844e+04
7.461e-02 2.831e+04
7.484e-02 2.816e+04
8.051e-02 2.693e+04
7.772e-02 2.770e+04
6.948e-02 2.942e+04
7.661e-02 2.798e+04
7.297e-02 2.842e+04
8.174e-02 2.694e+04
7.538e-02 2.828e+04
7.700e-02 2.766e+04
7.402e-02 2.840e+04
7.859e-02 2.749e+04
7.789e-02 2.739e+04
7.664e-02 2.770e+04
7.452e-02 2.837e+04
7.258e-02 2.866e+04
7.488e-02 2.815e+04
7.223e-02 2.890e+04
7.053e-02 2.958e+04
8.111e-02 2.676e+04
6.980e-02 2.927e+04
7.181e-02 2.931e+04
8.254e-02 2.649e+04
7.202e-02 2.877e+04
7.040e-02 2.944e+04
7.512e-02 2.819e+04
7.806e-02 2.750e+04
7.942e-02 2.725e+04
7.777e-02 2.749e+04
8.103e-02 2.695e+04
7.266e-02 2.868e+04
7.213e-02 2.873e+04
7.767e-02 2.768e+04
6.862e-02 2.997e+04
7.486e-02 2.801e+04
7.417e-02 2.836e+04
7.046e-02 2.924e+04
7.835e-02 2.731e+04
7.342e-02 2.841e+04
7.785e-02 2.742e+04
7.239e-02 2.877e+04
7.901e-02 2.722e+04
7.231e-02 2.898e+04
6.969e-02 2.965e+04
7.489e-02 2.822e+04
7.747e-02 2.756e+04
7.222e-02 2.870e+04
7.472e-02 2.809e+04
7.497e-02 2.826e+04
7.798e-02 2.747e+04
7.698e-02 2.771e+04
7.679e-02 2.791e+04
7.545e-02 2.809e+04
8.006e-02 2.699e+04
7.220e-02 2.855e+04
8.145e-02 2.671e+04
7.462e-02 2.823e+04
7.312e-02 2.881e+04
8.533e-02 2.629e+04
7.361e-02 2.855e+04
7.047e-02 2.925e+04
8.173e-02 2.683e+04
7.194e-02 2.894e+04
8.040e-02 2.698e+04
7.968e-02 2.713e+04
7.492e-02 2.808e+04
7.408e-02 2.826e+04
7.281e-02 2.857e+04
7.887e-02 2.722e+04
7.518e-02 2.811e+04
7.288e-02 2.880e+04
7.943e-02 2.711e+04
7.341e-02 2.861e+04
6.926e-02 2.956e+04
8.034e-02 2.711e+04
7.711e-02 2.765e+04
8.066e-02 2.690e+04
8.130e-02 2.698e+04
6.854e-02 3.000e+04
7.660e-02 2.772e+04
7.908e-02 2.717e+04
7.288e-02 2.871e+04
7.244e-02 2.862e+04
7.320e-02 2.854e+04
8.136e-02 2.677e+04
7.363e-02 2.844e+04
7.977e-02 2.729e+04
7.689e-02 2.809e+04
7.298e-02 2.860e+04
8.174e-02 2.688e+04
7.998e-02 2.713e+04
7.725e-02 2.736e+04
7.076e-02 2.920e+04
7.275e-02 2.863e+04
8.023e-02 2.707e+04
7.820e-02 2.749e+04
8.819e-02 2.553e+04
7.357e-02 2.849e+04
7.072e-02 2.925e+04
8.235e-02 2.657e+04
7.367e-02 2.841e+04
8.051e-02 2.706e+04
7.974e-02 2.704e+04
8.264e-02 2.645e+04
8.072e-02 2.701e+04
8.090e-02 2.683e+04
7.217e-02 2.921e+04
7.881e-02 2.717e+04
7.582e-02 2.822e+04
8.186e-02 2.683e+04
7.698e-02 2.785e+04
6.676e-02 3.039e+04
7.774e-02 2.737e+04
7.115e-02 2.905e+04
7.833e-02 2.732e+04
7.831e-02 2.733e+04
7.689e-02 2.775e+04
7.560e-02 2.816e+04
7.790e-02 2.740e+04
7.389e-02 2.852e+04
8.159e-02 2.682e+04
7.104e-02 2.912e+04
7.798e-02 2.737e+04
7.809e-02 2.744e+04
7.711e-02 2.753e+04
7.469e-02 2.829e+04
8.044e-02 2.678e+04
7.454e-02 2.824e+04
7.357e-02 2.879e+04
7.499e-02 2.819e+04
7.244e-02 2.883e+04
7.601e-02 2.798e+04
8.365e-02 2.653e+04
7.386e-02 2.849e+04
7.116e-02 2.898e+04
7.700e-02 2.763e+04
7.347e-02 2.854e+04
8.041e-02 2.702e+04
7.381e-02 2.842e+04
7.845e-02 2.734e+04
7.989e-02 2.731e+04
7.588e-02 2.771e+04
7.940e-02 2.713e+04
7.281e-02 2.883e+04
7.158e-02 2.911e+04
6.882e-02 2.994e+04
7.526e-02 2.813e+04
8.273e-02 2.666e+04
8.069e-02 2.684e+04
8.041e-02 2.696e+04
7.444e-02 2.839e+04
7.439e-02 2.833e+04
7.603e-02 2.789e+04
6.822e-02 2.995e+04
7.538e-02 2.793e+04
7.760e-02 2.766e+04
7.120e-02 2.929e+04
7.106e-02 2.918e+04
7.616e-02 2.788e+04
8.307e-02 2.653e+04
7.838e-02 2.735e+04
7.719e-02 2.751e+04
8.098e-02 2.697e+04
7.401e-02 2.830e+04
7.930e-02 2.686e+04
7.219e-02 2.889e+04
7.436e-02 2.820e+04
7.421e-02 2.855e+04
7.691e-02 2.767e+04
8.510e-02 2.615e+04
8.131e-02 2.676e+04
8.183e-02 2.666e+04
7.823e-02 2.742e+04
7.621e-02 2.791e+04
7.955e-02 2.714e+04
7.074e-02 2.959e+04
7.317e-02 2.855e+04
7.985e-02 2.724e+04
7.678e-02 2.770e+04
7.725e-02 2.757e+04
7.808e-02 2.736e+04
7.471e-02 2.819e+04
7.213e-02 2.892e+04
7.706e-02 2.785e+04
7.907e-02 2.715e+04
8.076e-02 2.693e+04
7.174e-02 2.910e+04
7.584e-02 2.805e+04
7.833e-02 2.729e+04
7.553e-02 2.808e+04
7.855e-02 2.749e+04
7.197e-02 2.880e+04
7.730e-02 2.766e+04
8.067e-02 2.685e+04
7.954e-02 2.722e+04
8.319e-02 2.651e+04
7.746e-02 2.757e+04
7.604e-02 2.789e+04
7.789e-02 2.756e+04
7.394e-02 2.819e+04
7.182e-02 2.894e+04
7.030e-02 2.942e+04
8.199e-02 2.653e+04
8.117e-02 2.687e+04
7.228e-02 2.878e+04
7.582e-02 2.802e+04
8.138e-02 2.671e+04
8.618e-02 2.619e+04
7.748e-02 2.754e+04
8.248e-02 2.662e+04
7.954e-02 2.710e+04
7.557e-02 2.785e+04
7.553e-02 2.799e+04
7.325e-02 2.860e+04
7.002e-02 2.968e+04
8.471e-02 2.599e+04
7.984e-02 2.705e+04
7.070e-02 2.940e+04
7.516e-02 2.815e+04
7.989e-02 2.711e+04
8.084e-02 2.691e+04
7.617e-02 2.788e+04
7.942e-02 2.730e+04
7.849e-02 2.742e+04
7.195e-02 2.884e+04
7.446e-02 2.836e+04
7.551e-02 2.804e+04
8.089e-02 2.716e+04
7.951e-02 2.712e+04
7.466e-02 2.833e+04
8.258e-02 2.673e+04
7.562e-02 2.792e+04
7.869e-02 2.729e+04
7.456e-02 2.834e+04
7.701e-02 2.777e+04
7.258e-02 2.878e+04
7.509e-02 2.821e+04
8.040e-02 2.700e+04
7.997e-02 2.695e+04
7.477e-02 2.817e+04
7.769e-02 2.750e+04
7.191e-02 2.899e+04
7.752e-02 2.752e+04
7.984e-02 2.701e+04
8.222e-02 2.660e+04
7.408e-02 2.818e+04
7.834e-02 2.726e+04
7.732e-02 2.750e+04
7.416e-02 2.826e+04
7.130e-02 2.912e+04
7.455e-02 2.809e+04
7.211e-02 2.880e+04
7.142e-02 2.892e+04
8.013e-02 2.707e+04
7.793e-02 2.730e+04
7.534e-02 2.795e+04
8.101e-02 2.681e+04
8.262e-02 2.644e+04
7.998e-02 2.709e+04
7.509e-02 2.818e+04
7.284e-02 2.890e+04
7.691e-02 2.788e+04
7.578e-02 2.797e+04
7.591e-02 2.782e+04
8.731e-02 2.568e+04
6.601e-02 3.068e+04
7.902e-02 2.736e+04
7.234e-02 2.871e+04
8.070e-02 2.720e+04
8.235e-02 2.635e+04
7.337e-02 2.823e+04
7.960e-02 2.710e+04
7.853e-02 2.754e+04
7.983e-02 2.708e+04
7.308e-02 2.889e+04
7.817e-02 2.741e+04
8.092e-02 2.698e+04
7.364e-02 2.860e+04
7.868e-02 2.732e+04
7.987e-02 2.696e+04
7.549e-02 2.815e+04
7.470e-02 2.823e+04
7.668e-02 2.774e+04
7.243e-02 2.873e+04
7.563e-02 2.783e+04
7.119e-02 2.906e+04
7.153e-02 2.928e+04
7.611e-02 2.784e+04
7.561e-02 2.799e+04
6.947e-02 2.945e+04
7.448e-02 2.825e+04
7.957e-02 2.720e+04
7.533e-02 2.809e+04
7.493e-02 2.809e+04
7.591e-02 2.803e+04
8.195e-02 2.659e+04
7.856e-02 2.752e+04
7.755e-02 2.761e+04
7.617e-02 2.772e+04
7.020e-02 2.955e+04
7.150e-02 2.910e+04
7.202e-02 2.913e+04
6.890e-02 2.988e+04
7.964e-02 2.725e+04
7.575e-02 2.806e+04
7.879e-02 2.727e+04
7.983e-02 2.725e+04
8.705e-02 2.573e+04
7.172e-02 2.896e+04
8.020e-02 2.705e+04
8.346e-02 2.651e+04
7.344e-02 2.881e+04
7.563e-02 2.788e+04
8.325e-02 2.639e+04
7.336e-02 2.867e+04
7.472e-02 2.821e+04
7.860e-02 2.752e+04
7.220e-02 2.894e+04
7.622e-02 2.761e+04
7.669e-02 2.780e+04
7.478e-02 2.815e+04
6.976e-02 2.963e+04
7.629e-02 2.786e+04
7.258e-02 2.886e+04
7.761e-02 2.752e+04
7.709e-02 2.785e+04
7.288e-02 2.853e+04
8.391e-02 2.633e+04
7.709e-02 2.779e+04
7.597e-02 2.797e+04
7.559e-02 2.789e+04
8.113e-02 2.679e+04
7.681e-02 2.756e+04
7.704e-02 2.771e+04
7.417e-02 2.837e+04
7.298e-02 2.874e+04
8.084e-02 2.683e+04
7.193e-02 2.891e+04
8.213e-02 2.678e+04
7.554e-02 2.796e+04
7.786e-02 2.717e+04
7.149e-02 2.911e+04
7.614e-02 2.802e+04
7.866e-02 2.729e+04
8.205e-02 2.663e+04
6.972e-02 2.964e+04
6.639e-02 3.066e+04
8.090e-02 2.694e+04
7.605e-02 2.803e+04
7.098e-02 2.942e+04
7.271e-02 2.893e+04
7.787e-02 2.753e+04
7.840e-02 2.741e+04
7.405e-02 2.816e+04
7.950e-02 2.719e+04
8.092e-02 2.694e+04
7.205e-02 2.885e+04
7.219e-02 2.889e+04
8.108e-02 2.695e+04
8.250e-02 2.639e+04
8.201e-02 2.674e+04
8.435e-02 2.621e+04
7.898e-02 2.727e+04
7.619e-02 2.778e+04
7.323e-02 2.882e+04
7.464e-02 2.819e+04
7.858e-02 2.738e+04
7.702e-02 2.766e+04
7.517e-02 2.789e+04
8.160e-02 2.662e+04
8.274e-02 2.646e+04
7.701e-02 2.769e+04
7.207e-02 2.904e+04
7.223e-02 2.864e+04
6.907e-02 2.969e+04
7.784e-02 2.762e+04
7.967e-02 2.709e+04
8.439e-02 2.594e+04
7.462e-02 2.824e+04
7.600e-02 2.766e+04
7.885e-02 2.724e+04
7.841e-02 2.739e+04
7.765e-02 2.773e+04
7.781e-02 2.747e+04
7.577e-02 2.793e+04
8.168e-02 2.689e+04
6.943e-02 2.940e+04
7.448e-02 2.809e+04
7.129e-02 2.890e+04
7.913e-02 2.724e+04
7.728e-02 2.749e+04
8.482e-02 2.632e+04
7.561e-02 2.822e+04
7.372e-02 2.823e+04
7.661e-02 2.793e+04
8.330e-02 2.656e+04
7.816e-02 2.752e+04
7.919e-02 2.728e+04
7.393e-02 2.857e+04
7.511e-02 2.802e+04
7.064e-02 2.942e+04
7.456e-02 2.835e+04
7.543e-02 2.804e+04
6.959e-02 2.968e+04
8.053e-02 2.707e+04
7.785e-02 2.744e+04
7.677e-02 2.789e+04
7.559e-02 2.797e+04
7.396e-02 2.833e+04
8.054e-02 2.696e+04
6.852e-02 2.999e+04
7.623e-02 2.798e+04
7.640e-02 2.780e+04
7.783e-02 2.760e+04
7.554e-02 2.798e+04
7.871e-02 2.733e+04
7.529e-02 2.805e+04
6.994e-02 2.944e+04
7.886e-02 2.717e+04
7.458e-02 2.824e+04
7.725e-02 2.795e+04
7.482e-02 2.815e+04
7.734e-02 2.773e+04
7.261e-02 2.880e+04
6.914e-02 2.940e+04
7.384e-02 2.831e+04
7.504e-02 2.807e+04
7.714e-02 2.767e+04
7.877e-02 2.756e+04
7.152e-02 2.893e+04
8.220e-02 2.642e+04
7.059e-02 2.902e+04
7.442e-02 2.811e+04
7.773e-02 2.749e+04
7.805e-02 2.771e+04
6.701e-02 3.016e+04
8.574e-02 2.590e+04
7.220e-02 2.878e+04
7.449e-02 2.841e+04
7.763e-02 2.773e+04
7.185e-02 2.892e+04
7.399e-02 2.822e+04
8.201e-02 2.674e+04
8.064e-02 2.700e+04
7.395e-02 2.833e+04
7.625e-02 2.781e+04
7.961e-02 2.698e+04
7.461e-02 2.822e+04
7.768e-02 2.720e+04
7.851e-02 2.738e+04
7.658e-02 2.757e+04
7.692e-02 2.779e+04
9.136e-02 2.519e+04
7.816e-02 2.751e+04
8.653e-02 2.589e+04
8.214e-02 2.668e+04
7.439e-02 2.836e+04
7.360e-02 2.853e+04
7.590e-02 2.803e+04
7.149e-02 2.898e+04
8.557e-02 2.603e+04
7.629e-02 2.786e+04
7.048e-02 2.950e+04
8.178e-02 2.665e+04
7.509e-02 2.824e+04
7.271e-02 2.869e+04
7.524e-02 2.809e+04
7.734e-02 2.760e+04
7.454e-02 2.822e+04
7.945e-02 2.707e+04
7.155e-02 2.903e+04
7.225e-02 2.902e+04
7.542e-02 2.807e+04
7.598e-02 2.786e+04
7.270e-02 2.866e+04
6.665e-02 3.024e+04
7.113e-02 2.929e+04
7.950e-02 2.728e+04
7.704e-02 2.743e+04
7.871e-02 2.721e+04
7.081e-02 2.932e+04
7.473e-02 2.828e+04
7.986e-02 2.699e+04
7.081e-02 2.927e+04
8.043e-02 2.696e+04
7.455e-02 2.822e+04
7.932e-02 2.734e+04
7.753e-02 2.747e+04
7.843e-02 2.757e+04
7.897e-02 2.737e+04
7.753e-02 2.762e+04
8.118e-02 2.665e+04
7.817e-02 2.743e+04
7.719e-02 2.774e+04
6.487e-02 3.100e+04
7.580e-02 2.799e+04
8.013e-02 2.715e+04
8.292e-02 2.642e+04
7.399e-02 2.836e+04
6.889e-02 2.959e+04
7.529e-02 2.795e+04
8.666e-02 2.579e+04
6.564e-02 3.075e+04
7.211e-02 2.885e+04
8.196e-02 2.663e+04
8.255e-02 2.669e+04
8.697e-02 2.585e+04
7.349e-02 2.842e+04
7.861e-02 2.724e+04
8.079e-02 2.698e+04
7.961e-02 2.699e+04
7.690e-02 2.769e+04
7.389e-02 2.855e+04
7.791e-02 2.766e+04
8.389e-02 2.633e+04
7.849e-02 2.757e+04
8.302e-02 2.660e+04
7.363e-02 2.848e+04
7.874e-02 2.743e+04
8.162e-02 2.680e+04
7.206e-02 2.874e+04
7.467e-02 2.805e+04
7.581e-02 2.803e+04
7.389e-02 2.850e+04
7.780e-02 2.774e+04
7.776e-02 2.759e+04
8.001e-02 2.714e+04
7.458e-02 2.817e+04
7.135e-02 2.896e+04
7.175e-02 2.902e+04
7.394e-02 2.845e+04
7.539e-02 2.823e+04
7.491e-02 2.807e+04
7.624e-02 2.783e+04
8.290e-02 2.652e+04
7.465e-02 2.808e+04
7.540e-02 2.805e+04
7.547e-02 2.797e+04
8.041e-02 2.687e+04
7.108e-02 2.917e+04
7.831e-02 2.734e+04
7.581e-02 2.792e+04
7.458e-02 2.813e+04
8.036e-02 2.714e+04
7.952e-02 2.727e+04
7.202e-02 2.898e+04
7.792e-02 2.747e+04
8.149e-02 2.686e+04
7.382e-02 2.859e+04
7.971e-02 2.728e+04
8.544e-02 2.616e+04
7.640e-02 2.800e+04
6.826e-02 2.983e+04
7.368e-02 2.861e+04
7.491e-02 2.814e+04
7.852e-02 2.734e+04
7.643e-02 2.768e+04
7.369e-02 2.838e+04
7.558e-02 2.806e+04
7.671e-02 2.775e+04
7.140e-02 2.885e+04
6.836e-02 2.981e+04
7.859e-02 2.758e+04
7.930e-02 2.709e+04
7.707e-02 2.768e+04
7.429e-02 2.810e+04
8.268e-02 2.654e+04
7.847e-02 2.708e+04
7.506e-02 2.803e+04
7.220e-02 2.874e+04
7.498e-02 2.808e+04
7.961e-02 2.728e+04
7.756e-02 2.768e+04
7.393e-02 2.835e+04
7.556e-02 2.811e+04
7.178e-02 2.899e+04
8.541e-02 2.614e+04
8.008e-02 2.708e+04
7.171e-02 2.899e+04
7.440e-02 2.837e+04
7.131e-02 2.925e+04
7.645e-02 2.779e+04
7.821e-02 2.761e+04
8.098e-02 2.687e+04
7.631e-02 2.800e+04
7.088e-02 2.914e+04
7.853e-02 2.733e+04
7.019e-02 2.928e+04
8.004e-02 2.710e+04
7.763e-02 2.742e+04
7.262e-02 2.885e+04
7.941e-02 2.697e+04
7.540e-02 2.810e+04
7.661e-02 2.783e+04
7.622e-02 2.785e+04
7.937e-02 2.723e+04
7.830e-02 2.748e+04
7.891e-02 2.731e+04
7.565e-02 2.802e+04
6.858e-02 3.011e+04
8.185e-02 2.696e+04
7.907e-02 2.747e+04
6.974e-02 2.970e+04
7.688e-02 2.795e+04
8.062e-02 2.694e+04
7.562e-02 2.820e+04
7.613e-02 2.793e+04
7.717e-02 2.770e+04
7.340e-02 2.855e+04
7.548e-02 2.796e+04
7.486e-02 2.836e+04
7.962e-02 2.717e+04
7.457e-02 2.816e+04
7.773e-02 2.777e+04
7.516e-02 2.835e+04
7.521e-02 2.796e+04
7.702e-02 2.756e+04
8.035e-02 2.678e+04
7.335e-02 2.853e+04
8.306e-02 2.655e+04
7.411e-02 2.845e+04
7.555e-02 2.815e+04
7.242e-02 2.870e+04
8.272e-02 2.646e+04
8.007e-02 2.703e+04
7.966e-02 2.717e+04
7.625e-02 2.788e+04
7.123e-02 2.905e+04
7.753e-02 2.755e+04
6.659e-02 3.045e+04
7.625e-02 2.763e+04
7.524e-02 2.819e+04
8.629e-02 2.593e+04
7.384e-02 2.854e+04
7.761e-02 2.752e+04
7.896e-02 2.730e+04
7.578e-02 2.823e+04
8.083e-02 2.694e+04
7.935e-02 2.721e+04
8.062e-02 2.676e+04
7.846e-02 2.743e+04
7.280e-02 2.860e+04
7.507e-02 2.814e+04
7.441e-02 2.836e+04
7.932e-02 2.711e+04
8.054e-02 2.695e+04
7.691e-02 2.762e+04
7.848e-02 2.736e+04
8.030e-02 2.693e+04
7.856e-02 2.724e+04
8.043e-02 2.689e+04
7.761e-02 2.729e+04
7.494e-02 2.799e+04
7.115e-02 2.897e+04
7.429e-02 2.819e+04
7.618e-02 2.786e+04
7.822e-02 2.747e+04
7.352e-02 2.851e+04
7.243e-02 2.885e+04
7.818e-02 2.734e+04
8.542e-02 2.597e+04
7.773e-02 2.741e+04
6.782e-02 2.997e+04
7.441e-02 2.848e+04
7.174e-02 2.919e+04
7.594e-02 2.793e+04
7.392e-02 2.842e+04
7.907e-02 2.732e+04
8.415e-02 2.654e+04
7.689e-02 2.788e+04
8.362e-02 2.649e+04
7.862e-02 2.745e+04
7.448e-02 2.851e+04
7.556e-02 2.812e+04
8.256e-02 2.664e+04
7.785e-02 2.738e+04
7.862e-02 2.718e+04
8.087e-02 2.688e+04
7.604e-02 2.770e+04
7.439e-02 2.842e+04
7.558e-02 2.790e+04
7.859e-02 2.709e+04
7.725e-02 2.767e+04
8.261e-02 2.675e+04
7.654e-02 2.760e+04
7.055e-02 2.929e+04
7.325e-02 2.860e+04
7.995e-02 2.712e+04
7.136e-02 2.902e+04
7.495e-02 2.815e+04
8.225e-02 2.671e+04
7.527e-02 2.802e+04
7.679e-02 2.764e+04
7.912e-02 2.709e+04
7.520e-02 2.817e+04
7.729e-02 2.750e+04
7.062e-02 2.924e+04
8.113e-02 2.693e+04
8.229e-02 2.651e+04
7.679e-02 2.791e+04
7.548e-02 2.792e+04
8.111e-02 2.675e+04
7.610e-02 2.797e+04
7.014e-02 2.929e+04
7.518e-02 2.815e+04
7.191e-02 2.893e+04
7.760e-02 2.755e+04
7.536e-02 2.792e+04
7.883e-02 2.729e+04
8.542e-02 2.615e+04
8.345e-02 2.653e+04
6.750e-02 3.033e+04
7.243e-02 2.868e+04
7.494e-02 2.843e+04
8.012e-02 2.697e+04
7.272e-02 2.881e+04
7.834e-02 2.728e+04
7.802e-02 2.753e+04
8.262e-02 2.644e+04
8.350e-02 2.628e+04
7.775e-02 2.748e+04
8.105e-02 2.663e+04
7.785e-02 2.750e+04
7.907e-02 2.712e+04
7.468e-02 2.822e+04
7.382e-02 2.846e+04
7.135e-02 2.908e+04
7.867e-02 2.749e+04
7.622e-02 2.802e+04
7.454e-02 2.821e+04
7.336e-02 2.872e+04
7.890e-02 2.711e+04
6.686e-02 3.042e+04
7.366e-02 2.838e+04
7.690e-02 2.759e+04
8.216e-02 2.678e+04
7.276e-02 2.884e+04
7.407e-02 2.870e+04
8.129e-02 2.681e+04
7.250e-02 2.867e+04
7.632e-02 2.781e+04
7.139e-02 2.899e+04
7.529e-02 2.801e+04
7.149e-02 2.920e+04
7.578e-02 2.788e+04
6.776e-02 3.020e+04
7.957e-02 2.713e+04
7.077e-02 2.932e+04
8.350e-02 2.637e+04
7.254e-02 2.879e+04
7.990e-02 2.716e+04
7.947e-02 2.733e+04
7.529e-02 2.785e+04
7.728e-02 2.772e+04
7.323e-02 2.849e+04
7.726e-02 2.747e+04
7.399e-02 2.831e+04
7.894e-02 2.734e+04
8.169e-02 2.679e+04
7.795e-02 2.735e+04
7.806e-02 2.734e+04
6.834e-02 3.000e+04
7.108e-02 2.930e+04
7.793e-02 2.736e+04
7.621e-02 2.789e+04
8.333e-02 2.633e+04
8.138e-02 2.675e+04
7.371e-02 2.857e+04
7.589e-02 2.775e+04
7.561e-02 2.798e+04
7.559e-02 2.789e+04
7.824e-02 2.731e+04
7.350e-02 2.842e+04
7.548e-02 2.826e+04
7.249e-02 2.860e+04
7.267e-02 2.888e+04
7.784e-02 2.752e+04
7.373e-02 2.846e+04
7.494e-02 2.809e+04
7.632e-02 2.784e+04
7.751e-02 2.786e+04
8.733e-02 2.575e+04
8.083e-02 2.692e+04
8.104e-02 2.696e+04
8.020e-02 2.695e+04
7.689e-02 2.776e+04
7.185e-02 2.893e+04
8.241e-02 2.649e+04
7.979e-02 2.695e+04
8.466e-02 2.613e+04
7.634e-02 2.776e+04
8.242e-02 2.658e+04
7.230e-02 2.876e+04
7.501e-02 2.806e+04
7.444e-02 2.815e+04
8.215e-02 2.677e+04
7.579e-02 2.834e+04
7.708e-02 2.779e+04
7.317e-02 2.867e+04
7.774e-02 2.732e+04
7.339e-02 2.862e+04
8.303e-02 2.635e+04
7.637e-02 2.785e+04
7.591e-02 2.788e+04
7.549e-02 2.788e+04
7.202e-02 2.876e+04
7.406e-02 2.858e+04
7.666e-02 2.794e+04
7.691e-02 2.779e+04
8.536e-02 2.628e+04
7.787e-02 2.737e+04
7.942e-02 2.724e+04
7.703e-02 2.782e+04
7.330e-02 2.838e+04
8.018e-02 2.697e+04
7.410e-02 2.826e+04
6.952e-02 2.949e+04
7.769e-02 2.737e+04
7.976e-02 2.711e+04
7.506e-02 2.826e+04
6.873e-02 2.974e+04
8.349e-02 2.628e+04
7.144e-02 2.907e+04
8.292e-02 2.648e+04
8.350e-02 2.626e+04
7.915e-02 2.734e+04
7.743e-02 2.754e+04
8.095e-02 2.691e+04
8.089e-02 2.683e+04
7.287e-02 2.860e+04
7.845e-02 2.725e+04
7.322e-02 2.850e+04
7.782e-02 2.745e+04
7.706e-02 2.786e+04
8.112e-02 2.707e+04
8.125e-02 2.668e+04
7.982e-02 2.720e+04
7.080e-02 2.916e+04
7.649e-02 2.782e+04
7.512e-02 2.791e+04
8.039e-02 2.734e+04
7.237e-02 2.892e+04
7.424e-02 2.838e+04
7.823e-02 2.743e+04
7.362e-02 2.830e+04
8.105e-02 2.705e+04
7.864e-02 2.724e+04
8.267e-02 2.647e+04
7.057e-02 2.905e+04
7.506e-02 2.819e+04
7.240e-02 2.892e+04
7.226e-02 2.832e+04
7.493e-02 2.808e+04
8.064e-02 2.697e+04
7.633e-02 2.790e+04
7.460e-02 2.840e+04
7.949e-02 2.734e+04
8.187e-02 2.675e+04
7.809e-02 2.745e+04
7.913e-02 2.724e+04
7.297e-02 2.862e+04
7.615e-02 2.783e+04
8.032e-02 2.682e+04
7.804e-02 2.754e+04
7.470e-02 2.818e+04
8.493e-02 2.625e+04
7.791e-02 2.736e+04
7.396e-02 2.857e+04
7.170e-02 2.877e+04
7.177e-02 2.896e+04
8.016e-02 2.699e+04
8.045e-02 2.691e+04
7.793e-02 2.754e+04
6.948e-02 2.965e+04
7.285e-02 2.856e+04
7.725e-02 2.751e+04
8.079e-02 2.708e+04
7.529e-02 2.820e+04
8.310e-02 2.644e+04
7.069e-02 2.954e+04
7.386e-02 2.826e+04
7.611e-02 2.773e+04
7.713e-02 2.762e+04
8.572e-02 2.609e+04
7.820e-02 2.760e+04
7.206e-02 2.902e+04
7.059e-02 2.902e+04
8.011e-02 2.726e+04
7.684e-02 2.780e+04
7.992e-02 2.691e+04
7.557e-02 2.812e+04
7.298e-02 2.861e+04
7.606e-02 2.785e+04
7.547e-02 2.800e+04
7.754e-02 2.743e+04
8.055e-02 2.688e+04
7.845e-02 2.743e+04
8.051e-02 2.713e+04
8.150e-02 2.675e+04
7.516e-02 2.820e+04
7.652e-02 2.763e+04
7.121e-02 2.912e+04
7.499e-02 2.811e+04
7.313e-02 2.863e+04
7.382e-02 2.854e+04
7.549e-02 2.790e+04
7.099e-02 2.932e+04
7.310e-02 2.849e+04
7.196e-02 2.895e+04
7.621e-02 2.789e+04
7.592e-02 2.800e+04
7.459e-02 2.839e+04
7.327e-02 2.854e+04
7.573e-02 2.785e+04
7.566e-02 2.803e+04
7.930e-02 2.724e+04
7.128e-02 2.913e+04
7.910e-02 2.720e+04
7.853e-02 2.750e+04
7.738e-02 2.758e+04
7.912e-02 2.741e+04
7.372e-02 2.846e+04
8.208e-02 2.683e+04
7.679e-02 2.790e+04
7.355e-02 2.840e+04
7.869e-02 2.719e+04
7.911e-02 2.728e+04
7.525e-02 2.813e+04
7.487e-02 2.806e+04
7.243e-02 2.885e+04
8.893e-02 2.569e+04
7.663e-02 2.763e+04
7.171e-02 2.915e+04
7.500e-02 2.806e+04
8.295e-02 2.666e+04
8.308e-02 2.658e+04
7.775e-02 2.742e+04
7.145e-02 2.897e+04
7.950e-02 2.722e+04
6.742e-02 3.025e+04
8.219e-02 2.668e+04
8.339e-02 2.639e+04
7.876e-02 2.729e+04
7.148e-02 2.910e+04
7.261e-02 2.881e+04
7.309e-02 2.879e+04
7.750e-02 2.754e+04
7.292e-02 2.848e+04
7.881e-02 2.728e+04
7.602e-02 2.780e+04
7.876e-02 2.738e+04
7.572e-02 2.790e+04
7.273e-02 2.871e+04
7.112e-02 2.916e+04
7.676e-02 2.778e+04
7.742e-02 2.747e+04
8.230e-02 2.676e+04
7.526e-02 2.809e+04
7.397e-02 2.826e+04
7.350e-02 2.854e+04
7.902e-02 2.728e+04
7.221e-02 2.880e+04
7.248e-02 2.876e+04
8.339e-02 2.630e+04
6.878e-02 2.986e+04
7.772e-02 2.739e+04
7.055e-02 2.929e+04
7.888e-02 2.720e+04
7.869e-02 2.727e+04
7.450e-02 2.815e+04
8.225e-02 2.690e+04
7.602e-02 2.802e+04
7.870e-02 2.718e+04
7.144e-02 2.896e+04
7.977e-02 2.709e+04
7.159e-02 2.917e+04
8.083e-02 2.678e+04
7.523e-02 2.823e+04
6.846e-02 2.995e+04
8.230e-02 2.653e+04
7.981e-02 2.723e+04
8.673e-02 2.610e+04
8.318e-02 2.628e+04
6.926e-02 2.963e+04
7.995e-02 2.715e+04
8.739e-02 2.579e+04
7.127e-02 2.910e+04
7.641e-02 2.773e+04
8.386e-02 2.627e+04
7.243e-02 2.878e+04
7.512e-02 2.836e+04
7.497e-02 2.811e+04
8.519e-02 2.595e+04
7.333e-02 2.871e+04
7.669e-02 2.770e+04
7.705e-02 2.748e+04
6.993e-02 2.944e+04
7.196e-02 2.886e+04
8.335e-02 2.635e+04
8.444e-02 2.619e+04
7.754e-02 2.755e+04
7.072e-02 2.912e+04
7.030e-02 2.949e+04
7.343e-02 2.880e+04
7.847e-02 2.745e+04
7.793e-02 2.762e+04
8.173e-02 2.665e+04
7.339e-02 2.866e+04
7.974e-02 2.705e+04
7.852e-02 2.743e+04
8.083e-02 2.661e+04
7.710e-02 2.798e+04
7.878e-02 2.714e+04
7.613e-02 2.768e+04
6.864e-02 3.005e+04
8.294e-02 2.652e+04
8.093e-02 2.685e+04
7.833e-02 2.753e+04
8.033e-02 2.705e+04
7.957e-02 2.724e+04
7.652e-02 2.788e+04
7.281e-02 2.875e+04
7.750e-02 2.773e+04
6.934e-02 2.972e+04
8.131e-02 2.663e+04
7.340e-02 2.846e+04
7.507e-02 2.819e+04
8.126e-02 2.674e+04
7.291e-02 2.871e+04
6.789e-02 2.993e+04
7.226e-02 2.892e+04
7.753e-02 2.767e+04
7.436e-02 2.844e+04
7.608e-02 2.793e+04
7.733e-02 2.767e+04
7.671e-02 2.766e+04
7.548e-02 2.798e+04
7.840e-02 2.742e+04
7.299e-02 2.852e+04
7.668e-02 2.762e+04
7.738e-02 2.768e+04
7.450e-02 2.831e+04
6.909e-02 2.968e+04
7.763e-02 2.726e+04
8.728e-02 2.573e+04
8.059e-02 2.698e+04
6.795e-02 2.993e+04
7.900e-02 2.746e+04
7.442e-02 2.829e+04
8.008e-02 2.721e+04
7.642e-02 2.777e+04
7.338e-02 2.838e+04
8.879e-02 2.548e+04
7.649e-02 2.777e+04
7.274e-02 2.860e+04
7.452e-02 2.837e+04
7.705e-02 2.764e+04
8.015e-02 2.696e+04
7.777e-02 2.754e+04
7.578e-02 2.801e+04
6.889e-02 2.975e+04
7.798e-02 2.743e+04
7.713e-02 2.766e+04
7.880e-02 2.746e+04
7.787e-02 2.777e+04
7.591e-02 2.796e+04
7.307e-02 2.867e+04
8.078e-02 2.699e+04
8.075e-02 2.681e+04
7.674e-02 2.792e+04
8.043e-02 2.694e+04
7.448e-02 2.829e+04
8.175e-02 2.675e+04
8.076e-02 2.698e+04
7.675e-02 2.792e+04
7.854e-02 2.753e+04
7.900e-02 2.724e+04
7.747e-02 2.763e+04
7.595e-02 2.804e+04
7.948e-02 2.713e+04
7.763e-02 2.752e+04
7.692e-02 2.783e+04
8.396e-02 2.636e+04
8.602e-02 2.601e+04
6.879e-02 2.979e+04
8.090e-02 2.681e+04
7.873e-02 2.727e+04
7.694e-02 2.771e+04
7.832e-02 2.732e+04
7.688e-02 2.768e+04
7.582e-02 2.798e+04
7.872e-02 2.728e+04
7.462e-02 2.847e+04
8.272e-02 2.636e+04
7.637e-02 2.796e+04
7.121e-02 2.932e+04
7.618e-02 2.793e+04
7.873e-02 2.738e+04
6.997e-02 2.960e+04
7.775e-02 2.753e+04
7.513e-02 2.795e+04
7.894e-02 2.734e+04
8.282e-02 2.667e+04
8.226e-02 2.652e+04
8.200e-02 2.653e+04
7.478e-02 2.800e+04
8.267e-02 2.671e+04
7.332e-02 2.856e+04
7.396e-02 2.835e+04
7.558e-02 2.803e+04
6.518e-02 3.109e+04
8.176e-02 2.692e+04
7.119e-02 2.920e+04
8.105e-02 2.690e+04
6.776e-02 2.999e+04
7.777e-02 2.756e+04
7.734e-02 2.788e+04
7.285e-02 2.888e+04
6.977e-02 2.965e+04
8.146e-02 2.685e+04
7.876e-02 2.728e+04
7.470e-02 2.847e+04
7.550e-02 2.803e+04
7.700e-02 2.767e+04
7.385e-02 2.847e+04
8.464e-02 2.630e+04
8.178e-02 2.658e+04
8.443e-02 2.646e+04
8.003e-02 2.680e+04
8.019e-02 2.702e+04
7.189e-02 2.896e+04
7.775e-02 2.757e+04
7.412e-02 2.830e+04
7.488e-02 2.815e+04
7.993e-02 2.709e+04
7.744e-02 2.741e+04
7.562e-02 2.805e+04
7.099e-02 2.926e+04
7.966e-02 2.713e+04
7.073e-02 2.934e+04
7.296e-02 2.857e+04
7.517e-02 2.807e+04
7.954e-02 2.719e+04
8.006e-02 2.711e+04
8.123e-02 2.683e+04
7.466e-02 2.812e+04
7.848e-02 2.742e+04
8.007e-02 2.686e+04
7.146e-02 2.917e+04
7.653e-02 2.807e+04
7.941e-02 2.704e+04
7.317e-02 2.859e+04
7.002e-02 2.942e+04
7.854e-02 2.729e+04
7.562e-02 2.788e+04
6.873e-02 2.943e+04
7.797e-02 2.742e+04
7.489e-02 2.826e+04
8.153e-02 2.673e+04
7.632e-02 2.783e+04
7.247e-02 2.889e+04
8.497e-02 2.606e+04
7.527e-02 2.832e+04
7.923e-02 2.741e+04
7.979e-02 2.715e+04
7.929e-02 2.702e+04
8.524e-02 2.616e+04
7.475e-02 2.822e+04
7.978e-02 2.725e+04
8.125e-02 2.679e+04
8.218e-02 2.642e+04
8.089e-02 2.705e+04
7.542e-02 2.806e+04
7.327e-02 2.842e+04
7.816e-02 2.738e+04
7.415e-02 2.857e+04
7.541e-02 2.818e+04
7.691e-02 2.784e+04
8.045e-02 2.697e+04
7.265e-02 2.877e+04
7.357e-02 2.857e+04
7.813e-02 2.739e+04
7.178e-02 2.892e+04
8.051e-02 2.703e+04
7.709e-02 2.770e+04
8.276e-02 2.653e+04
7.287e-02 2.866e+04
7.826e-02 2.741e+04
8.159e-02 2.664e+04
7.670e-02 2.760e+04
7.707e-02 2.764e+04
7.827e-02 2.749e+04
7.970e-02 2.719e+04
8.413e-02 2.629e+04
7.315e-02 2.857e+04
7.252e-02 2.855e+04
7.245e-02 2.901e+04
7.657e-02 2.773e+04
8.078e-02 2.688e+04
7.348e-02 2.856e+04
7.595e-02 2.793e+04
8.003e-02 2.705e+04
7.345e-02 2.865e+04
7.262e-02 2.877e+04
7.128e-02 2.901e+04
8.022e-02 2.704e+04
7.245e-02 2.891e+04
7.380e-02 2.850e+04
7.477e-02 2.806e+04
7.985e-02 2.709e+04
8.212e-02 2.665e+04
7.854e-02 2.754e+04
7.998e-02 2.693e+04
7.252e-02 2.860e+04
7.209e-02 2.886e+04
7.764e-02 2.728e+04
7.746e-02 2.756e+04
7.718e-02 2.768e+04
7.939e-02 2.729e+04
8.059e-02 2.705e+04
7.433e-02 2.846e+04
7.218e-02 2.896e+04
8.434e-02 2.618e+04
7.780e-02 2.731e+04
7.589e-02 2.791e+04
8.160e-02 2.663e+04
7.404e-02 2.824e+04
7.803e-02 2.731e+04
7.684e-02 2.789e+04
7.241e-02 2.884e+04
8.829e-02 2.580e+04
7.261e-02 2.857e+04
7.726e-02 2.760e+04
8.389e-02 2.628e+04
8.662e-02 2.572e+04
7.548e-02 2.812e+04
8.408e-02 2.635e+04
7.420e-02 2.826e+04
7.824e-02 2.746e+04
7.844e-02 2.764e+04
7.413e-02 2.872e+04
8.492e-02 2.605e+04
7.362e-02 2.838e+04
7.842e-02 2.730e+04
8.116e-02 2.686e+04
7.828e-02 2.732e+04
7.787e-02 2.744e+04
7.863e-02 2.727e+04
7.619e-02 2.800e+04
7.513e-02 2.826e+04
6.837e-02 2.973e+04
8.077e-02 2.678e+04
7.479e-02 2.812e+04
8.381e-02 2.628e+04
7.963e-02 2.689e+04
7.623e-02 2.774e+04
7.502e-02 2.812e+04
7.427e-02 2.833e+04
7.591e-02 2.780e+04
7.538e-02 2.807e+04
7.543e-02 2.788e+04
6.802e-02 3.007e+04
7.861e-02 2.725e+04
7.968e-02 2.707e+04
7.103e-02 2.899e+04
7.054e-02 2.919e+04
7.681e-02 2.788e+04
6.879e-02 2.969e+04
7.128e-02 2.912e+04
7.761e-02 2.758e+04
7.513e-02 2.788e+04
7.604e-02 2.802e+04
6.420e-02 3.135e+04
7.670e-02 2.776e+04
7.449e-02 2.839e+04
7.884e-02 2.743e+04
8.062e-02 2.679e+04
8.163e-02 2.684e+04
7.619e-02 2.780e+04
7.399e-02 2.841e+04
7.783e-02 2.765e+04
7.878e-02 2.757e+04
7.004e-02 2.922e+04
7.935e-02 2.722e+04
7.842e-02 2.760e+04
7.675e-02 2.794e+04
8.023e-02 2.707e+04
7.870e-02 2.746e+04
7.419e-02 2.844e+04
7.364e-02 2.855e+04
7.654e-02 2.770e+04
7.665e-02 2.764e+04
7.383e-02 2.833e+04
8.102e-02 2.684e+04
7.136e-02 2.929e+04
8.135e-02 2.704e+04
7.992e-02 2.719e+04
8.133e-02 2.676e+04
6.756e-02 3.030e+04
7.869e-02 2.730e+04
7.714e-02 2.742e+04
7.433e-02 2.824e+04
7.598e-02 2.785e+04
7.964e-02 2.715e+04
7.600e-02 2.782e+04
7.298e-02 2.842e+04
7.331e-02 2.852e+04
7.935e-02 2.715e+04
8.087e-02 2.682e+04
7.557e-02 2.792e+04
7.921e-02 2.740e+04
8.110e-02 2.689e+04
7.612e-02 2.784e+04
7.980e-02 2.711e+04
7.426e-02 2.836e+04
7.241e-02 2.879e+04
7.217e-02 2.874e+04
7.564e-02 2.787e+04
7.750e-02 2.754e+04
7.436e-02 2.817e+04
7.919e-02 2.716e+04
7.437e-02 2.824e+04
8.341e-02 2.639e+04
7.019e-02 2.962e+04
7.756e-02 2.760e+04
7.424e-02 2.825e+04
7.434e-02 2.818e+04
7.903e-02 2.733e+04
7.704e-02 2.777e+04
7.425e-02 2.831e+04
7.364e-02 2.848e+04
7.843e-02 2.745e+04
7.703e-02 2.766e+04
7.505e-02 2.816e+04
8.353e-02 2.652e+04
7.894e-02 2.740e+04
7.831e-02 2.739e+04
7.834e-02 2.760e+04
7.860e-02 2.743e+04
8.565e-02 2.631e+04
7.896e-02 2.741e+04
7.383e-02 2.844e+04
7.469e-02 2.817e+04
8.328e-02 2.640e+04
7.579e-02 2.803e+04
8.325e-02 2.642e+04
7.467e-02 2.809e+04
7.685e-02 2.768e+04
7.686e-02 2.778e+04
7.360e-02 2.853e+04
7.181e-02 2.902e+04
7.397e-02 2.837e+04
7.306e-02 2.866e+04
8.145e-02 2.666e+04
7.811e-02 2.751e+04
8.001e-02 2.709e+04
7.654e-02 2.785e+04
7.453e-02 2.820e+04
7.896e-02 2.747e+04
7.346e-02 2.866e+04
8.062e-02 2.703e+04
7.652e-02 2.755e+04
7.069e-02 2.916e+04
7.352e-02 2.859e+04
7.276e-02 2.859e+04
7.467e-02 2.839e+04
8.094e-02 2.683e+04
7.459e-02 2.825e+04
7.375e-02 2.847e+04
7.976e-02 2.718e+04
7.750e-02 2.769e+04
8.200e-02 2.660e+04
7.417e-02 2.839e+04
8.282e-02 2.649e+04
7.741e-02 2.744e+04
7.241e-02 2.889e+04
7.929e-02 2.743e+04
8.493e-02 2.618e+04
7.776e-02 2.761e+04
8.184e-02 2.693e+04
7.361e-02 2.838e+04
7.437e-02 2.838e+04
7.242e-02 2.883e+04
7.303e-02 2.874e+04
7.536e-02 2.799e+04
7.796e-02 2.743e+04
7.914e-02 2.707e+04
8.073e-02 2.701e+04
7.654e-02 2.764e+04
7.340e-02 2.840e+04
7.816e-02 2.762e+04
7.401e-02 2.836e+04
7.473e-02 2.813e+04
7.835e-02 2.742e+04
7.095e-02 2.901e+04
7.193e-02 2.893e+04
7.435e-02 2.848e+04
8.137e-02 2.666e+04
7.628e-02 2.796e+04
7.443e-02 2.826e+04
7.293e-02 2.846e+04
7.184e-02 2.901e+04
7.775e-02 2.759e+04
7.631e-02 2.778e+04
7.315e-02 2.880e+04
7.107e-02 2.925e+04
7.566e-02 2.805e+04
8.236e-02 2.671e+04
7.708e-02 2.771e+04
6.958e-02 2.961e+04
7.626e-02 2.782e+04
7.063e-02 2.932e+04
7.633e-02 2.787e+04
7.781e-02 2.758e+04
7.531e-02 2.819e+04
7.370e-02 2.886e+04
8.419e-02 2.624e+04
7.446e-02 2.824e+04
7.863e-02 2.716e+04
7.427e-02 2.821e+04
7.603e-02 2.774e+04
7.834e-02 2.743e+04
7.893e-02 2.709e+04
7.506e-02 2.820e+04
7.821e-02 2.758e+04
7.845e-02 2.726e+04
7.387e-02 2.862e+04
7.568e-02 2.829e+04
8.717e-02 2.585e+04
8.034e-02 2.713e+04
7.774e-02 2.753e+04
8.391e-02 2.638e+04
7.720e-02 2.766e+04
7.252e-02 2.920e+04
8.214e-02 2.660e+04
6.953e-02 2.950e+04
7.427e-02 2.814e+04
6.539e-02 3.084e+04
7.088e-02 2.912e+04
7.416e-02 2.819e+04
8.022e-02 2.705e+04
7.555e-02 2.803e+04
7.176e-02 2.923e+04
7.445e-02 2.834e+04
7.423e-02 2.826e+04
8.536e-02 2.629e+04
8.122e-02 2.660e+04
7.661e-02 2.782e+04
7.586e-02 2.794e+04
7.581e-02 2.785e+04
7.985e-02 2.716e+04
7.288e-02 2.860e+04
7.034e-02 2.939e+04
8.198e-02 2.689e+04
7.929e-02 2.708e+04
7.413e-02 2.806e+04
8.149e-02 2.666e+04
8.098e-02 2.688e+04
6.921e-02 2.962e+04
8.129e-02 2.685e+04
7.911e-02 2.729e+04
7.416e-02 2.810e+04
7.817e-02 2.769e+04
8.418e-02 2.617e+04
7.580e-02 2.801e+04
8.082e-02 2.692e+04
7.943e-02 2.706e+04
7.981e-02 2.739e+04
8.435e-02 2.628e+04
8.290e-02 2.661e+04
6.882e-02 2.967e+04
7.476e-02 2.822e+04
7.659e-02 2.804e+04
7.777e-02 2.754e+04
7.064e-02 2.919e+04
7.581e-02 2.793e+04
7.165e-02 2.899e+04
7.823e-02 2.760e+04
7.976e-02 2.703e+04
7.655e-02 2.784e+04
8.247e-02 2.659e+04
7.439e-02 2.839e+04
7.970e-02 2.738e+04
7.845e-02 2.746e+04
6.828e-02 3.024e+04
7.626e-02 2.811e+04
7.109e-02 2.925e+04
7.456e-02 2.818e+04
7.899e-02 2.737e+04
7.227e-02 2.881e+04
7.262e-02 2.889e+04
6.732e-02 3.028e+04
7.281e-02 2.900e+04
7.809e-02 2.758e+04
6.898e-02 2.996e+04
8.048e-02 2.693e+04
7.918e-02 2.737e+04
7.759e-02 2.749e+04
7.696e-02 2.754e+04
8.284e-02 2.658e+04
7.456e-02 2.850e+04
6.871e-02 2.976e+04
7.431e-02 2.836e+04
7.550e-02 2.810e+04
8.257e-02 2.663e+04
7.693e-02 2.795e+04
8.038e-02 2.693e+04
7.616e-02 2.810e+04
7.734e-02 2.751e+04
7.562e-02 2.778e+04
7.197e-02 2.894e+04
8.407e-02 2.609e+04
7.673e-02 2.766e+04
7.702e-02 2.750e+04
7.460e-02 2.842e+04
7.297e-02 2.854e+04
7.440e-02 2.839e+04
8.215e-02 2.659e+04
8.103e-02 2.689e+04
7.782e-02 2.779e+04
7.866e-02 2.743e+04
7.713e-02 2.804e+04
7.877e-02 2.750e+04
7.604e-02 2.809e+04
7.160e-02 2.906e+04
7.456e-02 2.830e+04
8.591e-02 2.598e+04
7.778e-02 2.761e+04
7.233e-02 2.869e+04
8.020e-02 2.698e+04
7.554e-02 2.812e+04
7.758e-02 2.760e+04
7.952e-02 2.706e+04
7.758e-02 2.751e+04
7.521e-02 2.803e+04
7.806e-02 2.763e+04
7.274e-02 2.880e+04
7.554e-02 2.813e+04
7.496e-02 2.815e+04
7.570e-02 2.812e+04
7.270e-02 2.858e+04
7.367e-02 2.851e+04
7.667e-02 2.755e+04
8.430e-02 2.612e+04
7.968e-02 2.727e+04
7.984e-02 2.725e+04
7.458e-02 2.842e+04
7.233e-02 2.899e+04
7.759e-02 2.763e+04
7.614e-02 2.782e+04
7.917e-02 2.715e+04
7.937e-02 2.721e+04
7.948e-02 2.733e+04
7.743e-02 2.748e+04
7.477e-02 2.805e+04
7.264e-02 2.874e+04
7.235e-02 2.881e+04
7.150e-02 2.905e+04
7.586e-02 2.823e+04
7.307e-02 2.856e+04
7.799e-02 2.749e+04
8.204e-02 2.666e+04
7.851e-02 2.737e+04
7.545e-02 2.803e+04
7.535e-02 2.805e+04
8.251e-02 2.641e+04
7.217e-02 2.875e+04
7.263e-02 2.877e+04
7.827e-02 2.735e+04
7.450e-02 2.805e+04
7.946e-02 2.702e+04
7.640e-02 2.780e+04
8.096e-02 2.698e+04
7.824e-02 2.730e+04
8.258e-02 2.650e+04
7.966e-02 2.716e+04
7.768e-02 2.766e+04
7.168e-02 2.916e+04
7.192e-02 2.888e+04
7.421e-02 2.809e+04
8.221e-02 2.660e+04
7.557e-02 2.819e+04
7.787e-02 2.760e+04
8.176e-02 2.671e+04
7.476e-02 2.826e+04
7.486e-02 2.837e+04
7.681e-02 2.781e+04
7.407e-02 2.814e+04
7.987e-02 2.679e+04
7.738e-02 2.752e+04
7.776e-02 2.743e+04
7.502e-02 2.824e+04
7.599e-02 2.787e+04
8.304e-02 2.648e+04
7.278e-02 2.876e+04
7.851e-02 2.726e+04
7.796e-02 2.754e+04
8.043e-02 2.695e+04
6.805e-02 3.000e+04
8.072e-02 2.701e+04
7.645e-02 2.772e+04
7.322e-02 2.847e+04
8.051e-02 2.675e+04
7.755e-02 2.740e+04
7.386e-02 2.855e+04
7.383e-02 2.859e+04
7.954e-02 2.703e+04
7.527e-02 2.801e+04
7.401e-02 2.863e+04
7.947e-02 2.726e+04
7.206e-02 2.876e+04
8.119e-02 2.665e+04
7.399e-02 2.824e+04
7.354e-02 2.835e+04
7.150e-02 2.913e+04
7.554e-02 2.811e+04
7.652e-02 2.786e+04
7.426e-02 2.854e+04
7.382e-02 2.833e+04
7.331e-02 2.838e+04
7.863e-02 2.744e+04
8.161e-02 2.692e+04
8.226e-02 2.656e+04
7.977e-02 2.706e+04
8.230e-02 2.656e+04
7.452e-02 2.832e+04
7.308e-02 2.863e+04
7.805e-02 2.753e+04
7.099e-02 2.906e+04
7.724e-02 2.788e+04
8.024e-02 2.718e+04
7.451e-02 2.797e+04
7.755e-02 2.755e+04
7.943e-02 2.712e+04
7.439e-02 2.825e+04
7.260e-02 2.862e+04
7.419e-02 2.825e+04
7.447e-02 2.804e+04
7.809e-02 2.751e+04
7.639e-02 2.782e+04
8.000e-02 2.702e+04
7.881e-02 2.736e+04
7.947e-02 2.719e+04
7.349e-02 2.842e+04
7.836e-02 2.744e+04
8.558e-02 2.610e+04
8.153e-02 2.665e+04
7.566e-02 2.788e+04
8.149e-02 2.683e+04
6.813e-02 3.018e+04
7.854e-02 2.754e+04
8.943e-02 2.553e+04
7.214e-02 2.882e+04
8.701e-02 2.579e+04
7.571e-02 2.794e+04
7.348e-02 2.821e+04
7.556e-02 2.797e+04
6.734e-02 3.036e+04
7.518e-02 2.796e+04
7.477e-02 2.836e+04
7.957e-02 2.730e+04
7.109e-02 2.922e+04
8.444e-02 2.636e+04
7.372e-02 2.844e+04
7.036e-02 2.930e+04
7.294e-02 2.877e+04
7.473e-02 2.836e+04
7.433e-02 2.843e+04
8.419e-02 2.633e+04
7.297e-02 2.896e+04
8.153e-02 2.679e+04
7.003e-02 2.935e+04
7.599e-02 2.756e+04
7.401e-02 2.836e+04
7.384e-02 2.841e+04
7.458e-02 2.817e+04
7.307e-02 2.868e+04
7.947e-02 2.709e+04
8.216e-02 2.669e+04
7.154e-02 2.905e+04
7.457e-02 2.822e+04
7.094e-02 2.891e+04
7.188e-02 2.915e+04
7.376e-02 2.833e+04
8.114e-02 2.684e+04
7.667e-02 2.781e+04
7.462e-02 2.837e+04
7.398e-02 2.851e+04
6.851e-02 2.983e+04
7.836e-02 2.769e+04
8.427e-02 2.631e+04
7.022e-02 2.912e+04
7.981e-02 2.685e+04
7.454e-02 2.830e+04
7.724e-02 2.763e+04
7.624e-02 2.789e+04
7.273e-02 2.855e+04
7.991e-02 2.690e+04
7.200e-02 2.891e+04
8.308e-02 2.610e+04
7.233e-02 2.894e+04
7.438e-02 2.836e+04
7.475e-02 2.812e+04
7.194e-02 2.888e+04
7.214e-02 2.893e+04
7.939e-02 2.706e+04
7.912e-02 2.744e+04
8.259e-02 2.644e+04
7.399e-02 2.839e+04
8.016e-02 2.691e+04
7.238e-02 2.872e+04
8.396e-02 2.640e+04
7.752e-02 2.765e+04
7.636e-02 2.798e+04
7.127e-02 2.912e+04
7.165e-02 2.908e+04
7.169e-02 2.901e+04
8.320e-02 2.637e+04
7.769e-02 2.774e+04
7.855e-02 2.733e+04
7.609e-02 2.770e+04
7.771e-02 2.757e+04
7.872e-02 2.743e+04
7.884e-02 2.724e+04
7.842e-02 2.719e+04
7.236e-02 2.893e+04
7.367e-02 2.866e+04
8.341e-02 2.644e+04
8.051e-02 2.713e+04
7.882e-02 2.743e+04
6.941e-02 2.964e+04
8.026e-02 2.700e+04
7.592e-02 2.797e+04
8.258e-02 2.648e+04
7.765e-02 2.749e+04
7.897e-02 2.730e+04
7.515e-02 2.819e+04
7.868e-02 2.729e+04
7.668e-02 2.785e+04
7.438e-02 2.849e+04
7.721e-02 2.743e+04
7.051e-02 2.942e+04
7.938e-02 2.744e+04
6.616e-02 3.079e+04
7.111e-02 2.927e+04
7.878e-02 2.730e+04
7.094e-02 2.926e+04
8.569e-02 2.602e+04
7.395e-02 2.859e+04
8.083e-02 2.707e+04
7.186e-02 2.882e+04
6.951e-02 2.969e+04
7.185e-02 2.902e+04
6.975e-02 2.946e+04
7.444e-02 2.836e+04
7.484e-02 2.827e+04
7.790e-02 2.752e+04
6.878e-02 2.977e+04
7.626e-02 2.803e+04
7.460e-02 2.823e+04
7.419e-02 2.846e+04
8.543e-02 2.629e+04
6.753e-02 3.024e+04
8.121e-02 2.673e+04
8.265e-02 2.662e+04
7.823e-02 2.739e+04
7.987e-02 2.710e+04
7.694e-02 2.771e+04
7.721e-02 2.753e+04
7.543e-02 2.808e+04
8.057e-02 2.691e+04
7.326e-02 2.881e+04
7.810e-02 2.761e+04
7.256e-02 2.889e+04
7.581e-02 2.791e+04
7.896e-02 2.751e+04
7.602e-02 2.795e+04
7.858e-02 2.743e+04
7.564e-02 2.793e+04
8.134e-02 2.692e+04
8.116e-02 2.696e+04
7.669e-02 2.773e+04
7.573e-02 2.779e+04
7.683e-02 2.767e+04
6.847e-02 2.991e+04
7.564e-02 2.803e+04
7.454e-02 2.839e+04
8.059e-02 2.698e+04
7.419e-02 2.809e+04
7.551e-02 2.842e+04
7.444e-02 2.853e+04
7.224e-02 2.892e+04
7.227e-02 2.913e+04
7.532e-02 2.801e+04
7.429e-02 2.840e+04
6.926e-02 2.988e+04
6.839e-02 2.994e+04
7.285e-02 2.881e+04
7.144e-02 2.884e+04
8.295e-02 2.646e+04
7.244e-02 2.883e+04
6.541e-02 3.095e+04
7.681e-02 2.757e+04
7.640e-02 2.791e+04
7.856e-02 2.733e+04
7.525e-02 2.814e+04
7.840e-02 2.728e+04
7.338e-02 2.866e+04
7.453e-02 2.825e+04
8.315e-02 2.642e+04
7.677e-02 2.780e+04
7.701e-02 2.760e+04
7.488e-02 2.812e+04
6.900e-02 2.962e+04
7.452e-02 2.844e+04
7.412e-02 2.819e+04
7.043e-02 2.911e+04
7.530e-02 2.817e+04
7.591e-02 2.811e+04
8.425e-02 2.614e+04
8.666e-02 2.584e+04
8.482e-02 2.617e+04
7.628e-02 2.777e+04
6.825e-02 2.969e+04
6.989e-02 2.931e+04
7.594e-02 2.826e+04
7.489e-02 2.801e+04
7.505e-02 2.830e+04
7.458e-02 2.822e+04
7.637e-02 2.799e+04
7.651e-02 2.789e+04
7.789e-02 2.751e+04
7.997e-02 2.698e+04
7.747e-02 2.760e+04
7.692e-02 2.778e+04
7.588e-02 2.804e+04
7.617e-02 2.769e+04
7.672e-02 2.779e+04
8.347e-02 2.644e+04
7.349e-02 2.860e+04
8.201e-02 2.651e+04
7.563e-02 2.798e+04
7.263e-02 2.874e+04
7.809e-02 2.740e+04
7.792e-02 2.763e+04
7.891e-02 2.752e+04
8.114e-02 2.677e+04
7.779e-02 2.757e+04
7.954e-02 2.706e+04
7.860e-02 2.725e+04
7.143e-02 2.891e+04
7.037e-02 2.906e+04
7.578e-02 2.819e+04
7.266e-02 2.871e+04
7.626e-02 2.785e+04
8.309e-02 2.631e+04
8.226e-02 2.651e+04
7.249e-02 2.914e+04
6.966e-02 2.923e+04
7.169e-02 2.880e+04
7.932e-02 2.729e+04
7.769e-02 2.757e+04
7.138e-02 2.901e+04
7.815e-02 2.731e+04
7.359e-02 2.834e+04
7.118e-02 2.901e+04
7.409e-02 2.841e+04
7.637e-02 2.786e+04
8.193e-02 2.647e+04
7.709e-02 2.767e+04
8.018e-02 2.702e+04
7.439e-02 2.829e+04
7.319e-02 2.845e+04
7.398e-02 2.839e+04
7.335e-02 2.823e+04
7.578e-02 2.810e+04
7.544e-02 2.818e+04
7.171e-02 2.910e+04
7.399e-02 2.840e+04
7.496e-02 2.807e+04
7.475e-02 2.819e+04
7.331e-02 2.821e+04
7.713e-02 2.762e+04
7.310e-02 2.858e+04
7.716e-02 2.750e+04
7.536e-02 2.797e+04
8.032e-02 2.699e+04
7.353e-02 2.866e+04
7.366e-02 2.851e+04
7.666e-02 2.785e+04
8.348e-02 2.616e+04
7.900e-02 2.749e+04
7.597e-02 2.791e+04
7.961e-02 2.728e+04
8.336e-02 2.625e+04
7.412e-02 2.832e+04
7.775e-02 2.772e+04
7.531e-02 2.815e+04
7.898e-02 2.725e+04
7.516e-02 2.802e+04
7.898e-02 2.742e+04
7.114e-02 2.914e+04
7.890e-02 2.717e+04
7.183e-02 2.893e+04
7.841e-02 2.749e+04
8.513e-02 2.612e+04
7.858e-02 2.739e+04
7.795e-02 2.748e+04
7.134e-02 2.915e+04
8.436e-02 2.630e+04
7.668e-02 2.764e+04
7.328e-02 2.853e+04
7.538e-02 2.816e+04
7.884e-02 2.727e+04
7.320e-02 2.851e+04
6.719e-02 3.043e+04
7.339e-02 2.866e+04
8.074e-02 2.702e+04
6.939e-02 2.955e+04
7.971e-02 2.711e+04
8.047e-02 2.681e+04
8.018e-02 2.705e+04
7.233e-02 2.880e+04
7.266e-02 2.894e+04
7.644e-02 2.789e+04
7.763e-02 2.761e+04
7.533e-02 2.793e+04
7.388e-02 2.822e+04
7.775e-02 2.769e+04
8.383e-02 2.627e+04
8.093e-02 2.685e+04
7.430e-02 2.834e+04
7.471e-02 2.830e+04
7.467e-02 2.836e+04
6.887e-02 2.969e+04
7.532e-02 2.819e+04
7.128e-02 2.898e+04
7.969e-02 2.707e+04
7.352e-02 2.846e+04
7.769e-02 2.773e+04
7.629e-02 2.787e+04
7.933e-02 2.719e+04
7.596e-02 2.799e+04
7.660e-02 2.766e+04
7.622e-02 2.784e+04
7.322e-02 2.881e+04
8.161e-02 2.671e+04
7.960e-02 2.736e+04
7.123e-02 2.914e+04
7.507e-02 2.812e+04
7.767e-02 2.726e+04
7.383e-02 2.860e+04
7.699e-02 2.805e+04
6.815e-02 2.998e+04
7.433e-02 2.820e+04
7.577e-02 2.770e+04
8.246e-02 2.644e+04
7.110e-02 2.894e+04
7.931e-02 2.739e+04
7.680e-02 2.766e+04
7.503e-02 2.833e+04
7.770e-02 2.759e+04
7.594e-02 2.793e+04
7.266e-02 2.877e+04
8.054e-02 2.688e+04
7.112e-02 2.926e+04
6.795e-02 2.992e+04
7.800e-02 2.763e+04
7.442e-02 2.842e+04
7.690e-02 2.764e+04
6.809e-02 2.993e+04
7.928e-02 2.714e+04
7.547e-02 2.810e+04
8.242e-02 2.671e+04
7.843e-02 2.741e+04
7.137e-02 2.886e+04
7.823e-02 2.735e+04
8.472e-02 2.616e+04
7.694e-02 2.799e+04
7.994e-02 2.698e+04
8.471e-02 2.618e+04
7.519e-02 2.808e+04
7.776e-02 2.746e+04
7.876e-02 2.742e+04
7.743e-02 2.762e+04
7.468e-02 2.808e+04
7.431e-02 2.825e+04
8.353e-02 2.641e+04
7.420e-02 2.826e+04
7.193e-02 2.897e+04
7.912e-02 2.720e+04
7.070e-02 2.940e+04
7.361e-02 2.833e+04
7.415e-02 2.841e+04
7.901e-02 2.719e+04
7.637e-02 2.816e+04
7.260e-02 2.875e+04
7.277e-02 2.854e+04
7.843e-02 2.712e+04
8.192e-02 2.665e+04
8.240e-02 2.660e+04
7.834e-02 2.762e+04
7.751e-02 2.734e+04
7.510e-02 2.811e+04
7.370e-02 2.859e+04
8.076e-02 2.664e+04
7.326e-02 2.861e+04
7.152e-02 2.911e+04
7.489e-02 2.797e+04
7.616e-02 2.786e+04
7.328e-02 2.834e+04
8.282e-02 2.652e+04
8.055e-02 2.688e+04
7.604e-02 2.797e+04
8.290e-02 2.650e+04
8.025e-02 2.713e+04
7.059e-02 2.943e+04
7.287e-02 2.893e+04
7.414e-02 2.852e+04
7.460e-02 2.845e+04
7.266e-02 2.859e+04
7.209e-02 2.895e+04
6.634e-02 3.053e+04
7.417e-02 2.850e+04
8.370e-02 2.656e+04
8.283e-02 2.673e+04
8.170e-02 2.682e+04
7.690e-02 2.779e+04
7.427e-02 2.857e+04
7.801e-02 2.751e+04
8.162e-02 2.658e+04
7.109e-02 2.925e+04
7.643e-02 2.791e+04
7.470e-02 2.823e+04
7.806e-02 2.758e+04
8.257e-02 2.654e+04
7.563e-02 2.806e+04
7.185e-02 2.882e+04
7.385e-02 2.825e+04
8.109e-02 2.676e+04
7.529e-02 2.825e+04
7.603e-02 2.777e+04
7.885e-02 2.711e+04
7.541e-02 2.808e+04
8.032e-02 2.715e+04
7.056e-02 2.933e+04
7.824e-02 2.736e+04
7.970e-02 2.718e+04
7.480e-02 2.822e+04
7.989e-02 2.728e+04
7.557e-02 2.791e+04
8.113e-02 2.681e+04
7.289e-02 2.879e+04
7.925e-02 2.720e+04
7.659e-02 2.777e+04
8.127e-02 2.685e+04
6.943e-02 2.967e+04
7.377e-02 2.856e+04
8.357e-02 2.647e+04
8.052e-02 2.696e+04
8.244e-02 2.647e+04
7.578e-02 2.781e+04
8.025e-02 2.702e+04
8.057e-02 2.714e+04
7.864e-02 2.739e+04
8.567e-02 2.579e+04
8.115e-02 2.677e+04
7.150e-02 2.902e+04
7.581e-02 2.794e+04
7.567e-02 2.817e+04
7.624e-02 2.756e+04
7.998e-02 2.724e+04
8.143e-02 2.679e+04
8.075e-02 2.704e+04
7.895e-02 2.735e+04
8.329e-02 2.656e+04
7.742e-02 2.775e+04
7.855e-02 2.758e+04
7.293e-02 2.870e+04
7.065e-02 2.929e+04
7.998e-02 2.705e+04
7.407e-02 2.857e+04
7.839e-02 2.752e+04
7.344e-02 2.864e+04
7.539e-02 2.811e+04
7.335e-02 2.845e+04
7.294e-02 2.869e+04
7.401e-02 2.831e+04
7.742e-02 2.754e+04
7.586e-02 2.805e+04
7.664e-02 2.788e+04
7.366e-02 2.870e+04
7.897e-02 2.725e+04
7.420e-02 2.827e+04
7.976e-02 2.725e+04
7.404e-02 2.831e+04
7.315e-02 2.881e+04
7.261e-02 2.871e+04
7.256e-02 2.899e+04
7.900e-02 2.739e+04
7.296e-02 2.882e+04
7.658e-02 2.796e+04
7.258e-02 2.862e+04
7.191e-02 2.889e+04
7.854e-02 2.724e+04
7.277e-02 2.872e+04
7.702e-02 2.783e+04
8.508e-02 2.612e+04
7.596e-02 2.772e+04
8.376e-02 2.638e+04
7.831e-02 2.759e+04
7.279e-02 2.864e+04
8.039e-02 2.713e+04
7.502e-02 2.840e+04
8.255e-02 2.661e+04
7.303e-02 2.848e+04
7.409e-02 2.807e+04
8.179e-02 2.682e+04
8.142e-02 2.678e+04
7.965e-02 2.726e+04
8.365e-02 2.641e+04
7.903e-02 2.717e+04
7.030e-02 2.940e+04
7.470e-02 2.830e+04
8.151e-02 2.692e+04
7.874e-02 2.708e+04
7.954e-02 2.711e+04
7.627e-02 2.787e+04
8.172e-02 2.673e+04
7.496e-02 2.815e+04
7.477e-02 2.818e+04
7.548e-02 2.804e+04
6.750e-02 3.028e+04
7.664e-02 2.787e+04
8.941e-02 2.529e+04
7.131e-02 2.938e+04
7.999e-02 2.705e+04
8.089e-02 2.701e+04
7.691e-02 2.752e+04
7.451e-02 2.829e+04
7.451e-02 2.807e+04
7.757e-02 2.761e+04
7.115e-02 2.918e+04
7.411e-02 2.848e+04
8.390e-02 2.643e+04
8.143e-02 2.653e+04
7.030e-02 2.935e+04
7.113e-02 2.925e+04
7.332e-02 2.872e+04
8.377e-02 2.659e+04
7.028e-02 2.955e+04
7.241e-02 2.892e+04
7.589e-02 2.789e+04
7.954e-02 2.713e+04
7.598e-02 2.807e+04
7.213e-02 2.892e+04
8.006e-02 2.710e+04
7.458e-02 2.830e+04
7.681e-02 2.784e+04
7.791e-02 2.735e+04
7.354e-02 2.837e+04
7.999e-02 2.700e+04
8.058e-02 2.709e+04
7.431e-02 2.814e+04
7.414e-02 2.847e+04
7.346e-02 2.845e+04
8.405e-02 2.648e+04
8.243e-02 2.648e+04
8.251e-02 2.664e+04
7.706e-02 2.755e+04
7.864e-02 2.727e+04
8.742e-02 2.587e+04
7.515e-02 2.829e+04
6.792e-02 3.017e+04
7.510e-02 2.811e+04
7.578e-02 2.822e+04
7.966e-02 2.698e+04
7.071e-02 2.933e+04
7.260e-02 2.894e+04
7.397e-02 2.840e+04
7.161e-02 2.904e+04
7.632e-02 2.803e+04
6.723e-02 3.037e+04
7.471e-02 2.826e+04
8.417e-02 2.641e+04
7.768e-02 2.760e+04
7.075e-02 2.921e+04
8.382e-02 2.628e+04
7.455e-02 2.834e+04
7.464e-02 2.817e+04
7.393e-02 2.843e+04
7.820e-02 2.731e+04
7.267e-02 2.866e+04
7.578e-02 2.788e+04
7.434e-02 2.807e+04
7.092e-02 2.911e+04
7.603e-02 2.797e+04
7.713e-02 2.766e+04
7.567e-02 2.813e+04
7.637e-02 2.773e+04
7.237e-02 2.869e+04
7.728e-02 2.775e+04
8.211e-02 2.672e+04
8.192e-02 2.661e+04
7.954e-02 2.705e+04
8.231e-02 2.682e+04
7.385e-02 2.851e+04
8.019e-02 2.699e+04
8.493e-02 2.619e+04
7.648e-02 2.787e+04
7.767e-02 2.777e+04
8.042e-02 2.678e+04
7.398e-02 2.838e+04
7.732e-02 2.755e+04
7.451e-02 2.827e+04
7.664e-02 2.790e+04
8.126e-02 2.683e+04
7.940e-02 2.721e+04
8.563e-02 2.602e+04
7.722e-02 2.758e+04
7.604e-02 2.776e+04
7.835e-02 2.755e+04
7.773e-02 2.763e+04
7.688e-02 2.770e+04
8.099e-02 2.686e+04
8.023e-02 2.706e+04
7.724e-02 2.757e+04
7.746e-02 2.755e+04
7.408e-02 2.831e+04
7.739e-02 2.756e+04
8.147e-02 2.664e+04
7.516e-02 2.792e+04
7.830e-02 2.731e+04
7.080e-02 2.894e+04
7.621e-02 2.793e+04
7.344e-02 2.864e+04
7.986e-02 2.717e+04
7.137e-02 2.911e+04
8.522e-02 2.623e+04
8.176e-02 2.675e+04
7.961e-02 2.717e+04
7.773e-02 2.761e+04
7.536e-02 2.800e+04
8.098e-02 2.688e+04
7.439e-02 2.820e+04
7.334e-02 2.867e+04
7.393e-02 2.827e+04
7.807e-02 2.758e+04
