6.396e-02 3.325e+04
6.398e-02 3.324e+04
6.429e-02 3.299e+04
6.400e-02 3.317e+04
6.377e-02 3.340e+04
6.332e-02 3.386e+04
6.407e-02 3.311e+04
6.427e-02 3.302e+04
6.418e-02 3.297e+04
6.434e-02 3.299e+04
6.412e-02 3.310e+04
6.393e-02 3.346e+04
6.367e-02 3.343e+04
6.389e-02 3.325e+04
6.426e-02 3.292e+04
6.420e-02 3.307e+04
6.434e-02 3.287e+04
6.449e-02 3.269e+04
6.414e-02 3.298e+04
6.401e-02 3.320e+04
6.395e-02 3.337e+04
6.381e-02 3.343e+04
6.346e-02 3.380e+04
6.416e-02 3.318e+04
6.382e-02 3.337e+04
6.446e-02 3.280e+04
6.408e-02 3.320e+04
6.455e-02 3.266e+04
6.396e-02 3.308e+04
6.402e-02 3.319e+04
6.434e-02 3.289e+04
6.416e-02 3.313e+04
6.392e-02 3.325e+04
6.429e-02 3.283e+04
6.406e-02 3.302e+04
6.424e-02 3.298e+04
6.388e-02 3.321e+04
6.360e-02 3.356e+04
6.439e-02 3.275e+04
6.451e-02 3.258e+04
6.391e-02 3.339e+04
6.321e-02 3.394e+04
6.403e-02 3.318e+04
6.373e-02 3.344e+04
6.365e-02 3.352e+04
6.405e-02 3.316e+04
6.375e-02 3.352e+04
6.356e-02 3.363e+04
6.437e-02 3.298e+04
6.384e-02 3.335e+04
6.430e-02 3.289e+04
6.380e-02 3.333e+04
6.361e-02 3.345e+04
6.368e-02 3.350e+04
6.459e-02 3.247e+04
6.432e-02 3.298e+04
6.404e-02 3.322e+04
6.362e-02 3.354e+04
6.376e-02 3.342e+04
6.367e-02 3.349e+04
6.398e-02 3.310e+04
6.388e-02 3.326e+04
6.409e-02 3.315e+04
6.384e-02 3.330e+04
6.422e-02 3.293e+04
6.396e-02 3.330e+04
6.399e-02 3.330e+04
6.422e-02 3.304e+04
6.391e-02 3.340e+04
6.409e-02 3.306e+04
6.426e-02 3.294e+04
6.395e-02 3.320e+04
6.407e-02 3.309e+04
6.421e-02 3.294e+04
6.425e-02 3.308e+04
6.430e-02 3.283e+04
6.382e-02 3.345e+04
6.389e-02 3.322e+04
6.400e-02 3.321e+04
6.419e-02 3.316e+04
6.353e-02 3.364e+04
6.418e-02 3.295e+04
6.437e-02 3.287e+04
6.377e-02 3.334e+04
6.416e-02 3.317e+04
6.373e-02 3.340e+04
6.408e-02 3.305e+04
6.395e-02 3.329e+04
6.410e-02 3.312e+04
6.425e-02 3.303e+04
6.403e-02 3.314e+04
6.411e-02 3.297e+04
6.451e-02 3.250e+04
6.404e-02 3.322e+04
6.361e-02 3.360e+04
6.383e-02 3.346e+04
6.400e-02 3.331e+04
6.403e-02 3.316e+04
6.323e-02 3.388e+04
6.361e-02 3.355e+04
6.394e-02 3.327e+04
6.388e-02 3.329e+04
6.438e-02 3.290e+04
6.469e-02 3.244e+04
6.362e-02 3.351e+04
6.374e-02 3.348e+04
6.424e-02 3.289e+04
6.360e-02 3.367e+04
6.416e-02 3.308e+04
6.434e-02 3.289e+04
6.398e-02 3.328e+04
6.397e-02 3.325e+04
6.408e-02 3.307e+04
6.414e-02 3.298e+04
6.377e-02 3.339e+04
6.381e-02 3.327e+04
6.385e-02 3.333e+04
6.373e-02 3.342e+04
6.427e-02 3.296e+04
6.391e-02 3.318e+04
6.412e-02 3.304e+04
6.382e-02 3.345e+04
6.446e-02 3.284e+04
6.408e-02 3.312e+04
6.440e-02 3.285e+04
6.412e-02 3.311e+04
6.372e-02 3.356e+04
6.389e-02 3.320e+04
6.426e-02 3.306e+04
6.461e-02 3.260e+04
6.359e-02 3.360e+04
6.375e-02 3.328e+04
6.414e-02 3.304e+04
6.428e-02 3.294e+04
6.400e-02 3.330e+04
6.354e-02 3.367e+04
6.346e-02 3.374e+04
6.375e-02 3.357e+04
6.398e-02 3.327e+04
6.424e-02 3.301e+04
6.402e-02 3.314e+04
6.401e-02 3.307e+04
6.410e-02 3.298e+04
6.396e-02 3.323e+04
6.394e-02 3.329e+04
6.405e-02 3.312e+04
6.470e-02 3.270e+04
6.401e-02 3.321e+04
6.395e-02 3.328e+04
6.424e-02 3.296e+04
6.397e-02 3.310e+04
6.418e-02 3.308e+04
6.433e-02 3.293e+04
6.378e-02 3.369e+04
6.432e-02 3.288e+04
6.383e-02 3.336e+04
6.387e-02 3.347e+04
6.404e-02 3.306e+04
6.400e-02 3.327e+04
6.361e-02 3.345e+04
6.377e-02 3.345e+04
6.416e-02 3.305e+04
6.407e-02 3.312e+04
6.422e-02 3.303e+04
6.353e-02 3.375e+04
6.386e-02 3.344e+04
6.372e-02 3.345e+04
6.406e-02 3.317e+04
6.409e-02 3.321e+04
6.403e-02 3.322e+04
6.354e-02 3.364e+04
6.362e-02 3.357e+04
6.424e-02 3.305e+04
6.378e-02 3.354e+04
6.428e-02 3.289e+04
6.394e-02 3.319e+04
6.376e-02 3.337e+04
6.379e-02 3.337e+04
6.410e-02 3.322e+04
6.401e-02 3.303e+04
6.388e-02 3.321e+04
6.388e-02 3.327e+04
6.403e-02 3.333e+04
6.445e-02 3.275e+04
6.422e-02 3.296e+04
6.388e-02 3.332e+04
6.400e-02 3.324e+04
6.437e-02 3.286e+04
6.433e-02 3.285e+04
6.391e-02 3.339e+04
6.402e-02 3.321e+04
6.354e-02 3.372e+04
6.381e-02 3.335e+04
6.393e-02 3.320e+04
6.407e-02 3.312e+04
6.369e-02 3.356e+04
6.366e-02 3.357e+04
6.402e-02 3.328e+04
6.396e-02 3.305e+04
6.421e-02 3.298e+04
6.382e-02 3.351e+04
6.395e-02 3.321e+04
6.439e-02 3.280e+04
6.408e-02 3.300e+04
6.387e-02 3.325e+04
6.395e-02 3.340e+04
6.388e-02 3.333e+04
6.401e-02 3.316e+04
6.396e-02 3.316e+04
6.357e-02 3.349e+04
6.380e-02 3.334e+04
6.400e-02 3.318e+04
6.371e-02 3.365e+04
6.420e-02 3.302e+04
6.394e-02 3.311e+04
6.431e-02 3.286e+04
6.381e-02 3.332e+04
6.402e-02 3.327e+04
6.413e-02 3.296e+04
6.408e-02 3.307e+04
6.392e-02 3.324e+04
6.418e-02 3.297e+04
6.367e-02 3.345e+04
6.404e-02 3.325e+04
6.391e-02 3.326e+04
6.374e-02 3.360e+04
6.437e-02 3.278e+04
6.407e-02 3.313e+04
6.412e-02 3.304e+04
6.408e-02 3.322e+04
6.408e-02 3.319e+04
6.414e-02 3.313e+04
6.430e-02 3.279e+04
6.397e-02 3.315e+04
6.374e-02 3.343e+04
6.411e-02 3.314e+04
6.395e-02 3.324e+04
6.427e-02 3.285e+04
6.349e-02 3.359e+04
6.369e-02 3.333e+04
6.397e-02 3.315e+04
6.417e-02 3.302e+04
6.385e-02 3.323e+04
6.421e-02 3.290e+04
6.374e-02 3.337e+04
6.398e-02 3.319e+04
6.391e-02 3.318e+04
6.417e-02 3.304e+04
6.433e-02 3.297e+04
6.464e-02 3.264e+04
6.377e-02 3.344e+04
6.404e-02 3.318e+04
6.415e-02 3.300e+04
6.398e-02 3.325e+04
6.340e-02 3.390e+04
6.372e-02 3.358e+04
6.432e-02 3.288e+04
6.424e-02 3.300e+04
6.379e-02 3.334e+04
6.387e-02 3.329e+04
6.376e-02 3.349e+04
6.396e-02 3.317e+04
6.430e-02 3.293e+04
6.424e-02 3.295e+04
6.412e-02 3.311e+04
6.394e-02 3.326e+04
6.417e-02 3.304e+04
6.423e-02 3.291e+04
6.356e-02 3.364e+04
6.430e-02 3.291e+04
6.389e-02 3.335e+04
6.393e-02 3.324e+04
6.355e-02 3.369e+04
6.374e-02 3.349e+04
6.382e-02 3.344e+04
6.370e-02 3.362e+04
6.419e-02 3.295e+04
6.414e-02 3.297e+04
6.380e-02 3.329e+04
6.409e-02 3.309e+04
6.402e-02 3.320e+04
6.409e-02 3.307e+04
6.452e-02 3.268e+04
6.402e-02 3.313e+04
6.375e-02 3.342e+04
6.466e-02 3.260e+04
6.427e-02 3.287e+04
6.417e-02 3.314e+04
6.376e-02 3.350e+04
6.416e-02 3.309e+04
6.423e-02 3.303e+04
6.403e-02 3.329e+04
6.403e-02 3.334e+04
6.408e-02 3.313e+04
6.377e-02 3.345e+04
6.376e-02 3.336e+04
6.413e-02 3.301e+04
6.408e-02 3.314e+04
6.345e-02 3.378e+04
6.409e-02 3.319e+04
6.410e-02 3.322e+04
6.432e-02 3.298e+04
6.385e-02 3.330e+04
6.413e-02 3.312e+04
6.450e-02 3.284e+04
6.439e-02 3.283e+04
6.451e-02 3.257e+04
6.402e-02 3.322e+04
6.413e-02 3.297e+04
6.369e-02 3.343e+04
6.457e-02 3.275e+04
6.364e-02 3.351e+04
6.381e-02 3.344e+04
6.406e-02 3.324e+04
6.396e-02 3.316e+04
6.406e-02 3.321e+04
6.349e-02 3.375e+04
6.387e-02 3.348e+04
6.417e-02 3.303e+04
6.455e-02 3.259e+04
6.384e-02 3.342e+04
6.398e-02 3.310e+04
6.348e-02 3.361e+04
6.384e-02 3.343e+04
6.403e-02 3.311e+04
6.417e-02 3.305e+04
6.389e-02 3.325e+04
6.377e-02 3.351e+04
6.382e-02 3.328e+04
6.410e-02 3.312e+04
6.371e-02 3.341e+04
6.403e-02 3.316e+04
6.379e-02 3.343e+04
6.406e-02 3.320e+04
6.412e-02 3.307e+04
6.413e-02 3.310e+04
6.389e-02 3.335e+04
6.379e-02 3.339e+04
6.369e-02 3.349e+04
6.410e-02 3.301e+04
6.373e-02 3.352e+04
6.401e-02 3.314e+04
6.382e-02 3.333e+04
6.375e-02 3.339e+04
6.379e-02 3.331e+04
6.381e-02 3.339e+04
6.408e-02 3.307e+04
6.409e-02 3.307e+04
6.396e-02 3.344e+04
6.413e-02 3.314e+04
6.404e-02 3.306e+04
6.353e-02 3.363e+04
6.433e-02 3.288e+04
6.415e-02 3.315e+04
6.401e-02 3.323e+04
6.380e-02 3.344e+04
6.377e-02 3.351e+04
6.412e-02 3.295e+04
6.366e-02 3.360e+04
6.355e-02 3.372e+04
6.404e-02 3.317e+04
6.362e-02 3.350e+04
6.387e-02 3.342e+04
6.455e-02 3.255e+04
6.400e-02 3.332e+04
6.406e-02 3.321e+04
6.399e-02 3.318e+04
6.384e-02 3.341e+04
6.407e-02 3.310e+04
6.400e-02 3.318e+04
6.394e-02 3.325e+04
6.429e-02 3.305e+04
6.417e-02 3.297e+04
6.385e-02 3.351e+04
6.375e-02 3.337e+04
6.392e-02 3.335e+04
6.398e-02 3.315e+04
6.440e-02 3.282e+04
6.410e-02 3.309e+04
6.401e-02 3.314e+04
6.423e-02 3.298e+04
6.385e-02 3.336e+04
6.393e-02 3.321e+04
6.420e-02 3.301e+04
6.414e-02 3.316e+04
6.378e-02 3.332e+04
6.458e-02 3.282e+04
6.420e-02 3.300e+04
6.396e-02 3.329e+04
6.388e-02 3.318e+04
6.434e-02 3.285e+04
6.384e-02 3.329e+04
6.388e-02 3.336e+04
6.438e-02 3.277e+04
6.422e-02 3.297e+04
6.421e-02 3.304e+04
6.435e-02 3.286e+04
6.395e-02 3.321e+04
6.433e-02 3.302e+04
6.415e-02 3.315e+04
6.410e-02 3.318e+04
6.449e-02 3.259e+04
6.439e-02 3.275e+04
6.399e-02 3.310e+04
6.458e-02 3.259e+04
6.405e-02 3.313e+04
6.407e-02 3.314e+04
6.397e-02 3.327e+04
6.432e-02 3.287e+04
6.416e-02 3.302e+04
6.382e-02 3.331e+04
6.429e-02 3.290e+04
6.411e-02 3.296e+04
6.455e-02 3.271e+04
6.395e-02 3.308e+04
6.398e-02 3.311e+04
6.407e-02 3.321e+04
6.360e-02 3.336e+04
6.374e-02 3.338e+04
6.387e-02 3.345e+04
6.457e-02 3.263e+04
6.360e-02 3.357e+04
6.387e-02 3.326e+04
6.406e-02 3.310e+04
6.427e-02 3.305e+04
6.374e-02 3.346e+04
6.433e-02 3.285e+04
6.368e-02 3.349e+04
6.402e-02 3.313e+04
6.380e-02 3.345e+04
6.417e-02 3.306e+04
6.379e-02 3.348e+04
6.366e-02 3.346e+04
6.394e-02 3.334e+04
6.392e-02 3.334e+04
6.394e-02 3.316e+04
6.414e-02 3.308e+04
6.407e-02 3.307e+04
6.383e-02 3.344e+04
6.432e-02 3.287e+04
6.346e-02 3.369e+04
6.404e-02 3.314e+04
6.425e-02 3.300e+04
6.306e-02 3.422e+04
6.413e-02 3.310e+04
6.355e-02 3.356e+04
6.372e-02 3.330e+04
6.367e-02 3.347e+04
6.393e-02 3.325e+04
6.392e-02 3.325e+04
6.377e-02 3.328e+04
6.365e-02 3.352e+04
6.374e-02 3.343e+04
6.347e-02 3.377e+04
6.433e-02 3.291e+04
6.370e-02 3.343e+04
6.371e-02 3.350e+04
6.376e-02 3.355e+04
6.444e-02 3.290e+04
6.413e-02 3.303e+04
6.362e-02 3.345e+04
6.395e-02 3.320e+04
6.333e-02 3.398e+04
6.427e-02 3.306e+04
6.357e-02 3.354e+04
6.393e-02 3.324e+04
6.423e-02 3.302e+04
6.405e-02 3.313e+04
6.386e-02 3.346e+04
6.395e-02 3.330e+04
6.431e-02 3.309e+04
6.402e-02 3.317e+04
6.392e-02 3.335e+04
6.418e-02 3.296e+04
6.377e-02 3.337e+04
6.399e-02 3.319e+04
6.385e-02 3.328e+04
6.428e-02 3.289e+04
6.414e-02 3.302e+04
6.379e-02 3.347e+04
6.371e-02 3.351e+04
6.381e-02 3.344e+04
6.381e-02 3.332e+04
6.387e-02 3.338e+04
6.383e-02 3.325e+04
6.407e-02 3.308e+04
6.400e-02 3.335e+04
6.411e-02 3.319e+04
6.374e-02 3.349e+04
6.336e-02 3.374e+04
6.408e-02 3.305e+04
6.388e-02 3.327e+04
6.364e-02 3.342e+04
6.420e-02 3.292e+04
6.426e-02 3.299e+04
6.398e-02 3.317e+04
6.452e-02 3.269e+04
6.384e-02 3.333e+04
6.424e-02 3.302e+04
6.408e-02 3.323e+04
6.415e-02 3.297e+04
6.448e-02 3.273e+04
6.359e-02 3.366e+04
6.369e-02 3.359e+04
6.418e-02 3.308e+04
6.386e-02 3.345e+04
6.413e-02 3.292e+04
6.416e-02 3.305e+04
6.383e-02 3.342e+04
6.359e-02 3.367e+04
6.406e-02 3.307e+04
6.349e-02 3.378e+04
6.413e-02 3.313e+04
6.369e-02 3.331e+04
6.429e-02 3.288e+04
6.427e-02 3.293e+04
6.365e-02 3.359e+04
6.379e-02 3.345e+04
6.398e-02 3.333e+04
6.373e-02 3.346e+04
6.378e-02 3.337e+04
6.437e-02 3.280e+04
6.431e-02 3.288e+04
6.391e-02 3.321e+04
6.393e-02 3.339e+04
6.394e-02 3.342e+04
6.385e-02 3.327e+04
6.351e-02 3.375e+04
6.410e-02 3.311e+04
6.423e-02 3.293e+04
6.348e-02 3.373e+04
6.408e-02 3.305e+04
6.403e-02 3.322e+04
6.358e-02 3.366e+04
6.378e-02 3.350e+04
6.432e-02 3.280e+04
6.386e-02 3.324e+04
6.339e-02 3.388e+04
6.403e-02 3.309e+04
6.366e-02 3.348e+04
6.386e-02 3.323e+04
6.423e-02 3.297e+04
6.406e-02 3.316e+04
6.376e-02 3.343e+04
6.387e-02 3.338e+04
6.392e-02 3.324e+04
6.393e-02 3.315e+04
6.403e-02 3.311e+04
6.339e-02 3.387e+04
6.384e-02 3.334e+04
6.409e-02 3.310e+04
6.399e-02 3.316e+04
6.417e-02 3.297e+04
6.367e-02 3.343e+04
6.428e-02 3.302e+04
6.369e-02 3.349e+04
6.394e-02 3.328e+04
6.390e-02 3.331e+04
6.372e-02 3.353e+04
6.386e-02 3.356e+04
6.430e-02 3.291e+04
6.430e-02 3.276e+04
6.355e-02 3.369e+04
6.419e-02 3.298e+04
6.397e-02 3.338e+04
6.431e-02 3.296e+04
6.402e-02 3.327e+04
6.434e-02 3.307e+04
6.434e-02 3.294e+04
6.410e-02 3.319e+04
6.382e-02 3.335e+04
6.400e-02 3.320e+04
6.390e-02 3.339e+04
6.412e-02 3.305e+04
6.378e-02 3.340e+04
6.369e-02 3.336e+04
6.402e-02 3.322e+04
6.386e-02 3.332e+04
6.414e-02 3.307e+04
6.432e-02 3.303e+04
6.425e-02 3.295e+04
6.343e-02 3.378e+04
6.418e-02 3.295e+04
6.421e-02 3.298e+04
6.380e-02 3.328e+04
6.402e-02 3.319e+04
6.420e-02 3.296e+04
6.403e-02 3.319e+04
6.396e-02 3.332e+04
6.437e-02 3.282e+04
6.431e-02 3.285e+04
6.375e-02 3.346e+04
6.369e-02 3.349e+04
6.430e-02 3.298e+04
6.384e-02 3.342e+04
6.362e-02 3.354e+04
6.396e-02 3.304e+04
6.348e-02 3.375e+04
6.407e-02 3.316e+04
6.387e-02 3.330e+04
6.390e-02 3.324e+04
6.377e-02 3.338e+04
6.380e-02 3.349e+04
6.424e-02 3.285e+04
6.386e-02 3.326e+04
6.383e-02 3.333e+04
6.384e-02 3.342e+04
6.389e-02 3.331e+04
6.351e-02 3.363e+04
6.385e-02 3.343e+04
6.407e-02 3.318e+04
6.405e-02 3.301e+04
6.431e-02 3.286e+04
6.437e-02 3.278e+04
6.421e-02 3.300e+04
6.448e-02 3.282e+04
6.386e-02 3.334e+04
6.413e-02 3.302e+04
6.412e-02 3.308e+04
6.413e-02 3.315e+04
6.392e-02 3.317e+04
6.398e-02 3.317e+04
6.418e-02 3.294e+04
6.416e-02 3.301e+04
6.415e-02 3.312e+04
6.432e-02 3.292e+04
6.431e-02 3.291e+04
6.379e-02 3.344e+04
6.391e-02 3.332e+04
6.411e-02 3.321e+04
6.375e-02 3.350e+04
6.427e-02 3.285e+04
6.398e-02 3.318e+04
6.396e-02 3.325e+04
6.391e-02 3.317e+04
6.381e-02 3.328e+04
6.407e-02 3.309e+04
6.451e-02 3.279e+04
6.432e-02 3.283e+04
6.433e-02 3.290e+04
6.410e-02 3.315e+04
6.392e-02 3.337e+04
6.379e-02 3.339e+04
6.412e-02 3.307e+04
6.364e-02 3.347e+04
6.385e-02 3.327e+04
6.421e-02 3.284e+04
6.424e-02 3.296e+04
6.403e-02 3.318e+04
6.411e-02 3.316e+04
6.371e-02 3.340e+04
6.389e-02 3.342e+04
6.408e-02 3.314e+04
6.377e-02 3.347e+04
6.378e-02 3.349e+04
6.382e-02 3.344e+04
6.384e-02 3.330e+04
6.372e-02 3.347e+04
6.415e-02 3.313e+04
6.416e-02 3.314e+04
6.376e-02 3.338e+04
6.416e-02 3.313e+04
6.418e-02 3.310e+04
6.411e-02 3.311e+04
6.404e-02 3.319e+04
6.381e-02 3.333e+04
6.422e-02 3.295e+04
6.394e-02 3.314e+04
6.381e-02 3.315e+04
6.435e-02 3.283e+04
6.415e-02 3.302e+04
6.377e-02 3.340e+04
6.411e-02 3.299e+04
6.362e-02 3.365e+04
6.407e-02 3.307e+04
6.409e-02 3.321e+04
6.428e-02 3.296e+04
6.398e-02 3.325e+04
6.382e-02 3.324e+04
6.397e-02 3.327e+04
6.418e-02 3.293e+04
6.417e-02 3.301e+04
6.369e-02 3.362e+04
6.386e-02 3.336e+04
6.436e-02 3.282e+04
6.383e-02 3.319e+04
6.412e-02 3.287e+04
6.410e-02 3.321e+04
6.395e-02 3.313e+04
6.423e-02 3.306e+04
6.404e-02 3.304e+04
6.413e-02 3.310e+04
6.431e-02 3.297e+04
6.403e-02 3.328e+04
6.401e-02 3.311e+04
6.431e-02 3.283e+04
6.376e-02 3.351e+04
6.386e-02 3.338e+04
6.374e-02 3.346e+04
6.409e-02 3.310e+04
6.370e-02 3.347e+04
6.382e-02 3.333e+04
6.395e-02 3.337e+04
6.385e-02 3.336e+04
6.352e-02 3.353e+04
6.414e-02 3.296e+04
6.418e-02 3.304e+04
6.368e-02 3.353e+04
6.460e-02 3.262e+04
6.405e-02 3.320e+04
6.416e-02 3.317e+04
6.390e-02 3.332e+04
6.386e-02 3.327e+04
6.373e-02 3.352e+04
6.433e-02 3.277e+04
6.418e-02 3.292e+04
6.459e-02 3.273e+04
6.380e-02 3.327e+04
6.446e-02 3.281e+04
6.370e-02 3.354e+04
6.467e-02 3.258e+04
6.405e-02 3.330e+04
6.406e-02 3.318e+04
6.446e-02 3.283e+04
6.353e-02 3.362e+04
6.380e-02 3.341e+04
6.380e-02 3.344e+04
6.403e-02 3.315e+04
6.391e-02 3.343e+04
6.352e-02 3.354e+04
6.419e-02 3.288e+04
6.402e-02 3.334e+04
6.399e-02 3.310e+04
6.384e-02 3.323e+04
6.379e-02 3.343e+04
6.421e-02 3.300e+04
6.438e-02 3.276e+04
6.435e-02 3.289e+04
6.372e-02 3.345e+04
6.427e-02 3.279e+04
6.321e-02 3.400e+04
6.396e-02 3.321e+04
6.353e-02 3.361e+04
6.356e-02 3.373e+04
6.414e-02 3.312e+04
6.417e-02 3.303e+04
6.424e-02 3.287e+04
6.403e-02 3.309e+04
6.391e-02 3.324e+04
6.394e-02 3.326e+04
6.396e-02 3.329e+04
6.379e-02 3.344e+04
6.376e-02 3.363e+04
6.428e-02 3.296e+04
6.378e-02 3.337e+04
6.434e-02 3.277e+04
6.382e-02 3.340e+04
6.369e-02 3.369e+04
6.383e-02 3.340e+04
6.371e-02 3.360e+04
6.398e-02 3.327e+04
6.468e-02 3.256e+04
6.439e-02 3.267e+04
6.355e-02 3.371e+04
6.414e-02 3.306e+04
6.383e-02 3.330e+04
6.336e-02 3.385e+04
6.432e-02 3.290e+04
6.390e-02 3.319e+04
6.365e-02 3.356e+04
6.448e-02 3.281e+04
6.422e-02 3.299e+04
6.403e-02 3.311e+04
6.380e-02 3.336e+04
6.411e-02 3.306e+04
6.371e-02 3.343e+04
6.461e-02 3.264e+04
6.388e-02 3.322e+04
6.400e-02 3.313e+04
6.353e-02 3.357e+04
6.355e-02 3.367e+04
6.375e-02 3.335e+04
6.411e-02 3.300e+04
6.398e-02 3.314e+04
6.396e-02 3.329e+04
6.387e-02 3.333e+04
6.412e-02 3.300e+04
6.376e-02 3.344e+04
6.370e-02 3.352e+04
6.390e-02 3.326e+04
6.419e-02 3.296e+04
6.381e-02 3.338e+04
6.380e-02 3.352e+04
6.383e-02 3.337e+04
6.418e-02 3.301e+04
6.406e-02 3.319e+04
6.360e-02 3.355e+04
6.401e-02 3.330e+04
6.375e-02 3.356e+04
6.396e-02 3.310e+04
6.356e-02 3.358e+04
6.358e-02 3.367e+04
6.425e-02 3.298e+04
6.389e-02 3.332e+04
6.407e-02 3.316e+04
6.446e-02 3.263e+04
6.377e-02 3.339e+04
6.374e-02 3.347e+04
6.412e-02 3.320e+04
6.357e-02 3.362e+04
6.371e-02 3.340e+04
6.411e-02 3.321e+04
6.399e-02 3.328e+04
6.429e-02 3.304e+04
6.434e-02 3.288e+04
6.385e-02 3.331e+04
6.390e-02 3.338e+04
6.399e-02 3.317e+04
6.400e-02 3.314e+04
6.395e-02 3.309e+04
6.396e-02 3.332e+04
6.384e-02 3.346e+04
6.402e-02 3.307e+04
6.445e-02 3.279e+04
6.361e-02 3.344e+04
6.368e-02 3.345e+04
6.380e-02 3.342e+04
6.399e-02 3.313e+04
6.413e-02 3.318e+04
6.395e-02 3.319e+04
6.358e-02 3.370e+04
6.398e-02 3.322e+04
6.376e-02 3.341e+04
6.394e-02 3.314e+04
6.427e-02 3.295e+04
6.387e-02 3.341e+04
6.387e-02 3.334e+04
6.402e-02 3.313e+04
6.397e-02 3.323e+04
6.417e-02 3.301e+04
6.385e-02 3.330e+04
6.438e-02 3.290e+04
6.373e-02 3.353e+04
6.409e-02 3.305e+04
6.409e-02 3.329e+04
6.432e-02 3.283e+04
6.385e-02 3.338e+04
6.403e-02 3.321e+04
6.398e-02 3.314e+04
6.367e-02 3.365e+04
6.373e-02 3.341e+04
6.396e-02 3.329e+04
6.396e-02 3.327e+04
6.464e-02 3.252e+04
6.421e-02 3.302e+04
6.446e-02 3.270e+04
6.380e-02 3.334e+04
6.358e-02 3.352e+04
6.381e-02 3.356e+04
6.393e-02 3.320e+04
6.377e-02 3.340e+04
6.399e-02 3.332e+04
6.465e-02 3.262e+04
6.370e-02 3.342e+04
6.425e-02 3.304e+04
6.423e-02 3.287e+04
6.397e-02 3.327e+04
6.365e-02 3.351e+04
6.434e-02 3.273e+04
6.412e-02 3.323e+04
6.389e-02 3.333e+04
6.370e-02 3.346e+04
6.386e-02 3.337e+04
6.403e-02 3.321e+04
6.384e-02 3.344e+04
6.355e-02 3.350e+04
6.387e-02 3.344e+04
6.400e-02 3.325e+04
6.367e-02 3.362e+04
6.386e-02 3.330e+04
6.371e-02 3.335e+04
6.424e-02 3.308e+04
6.351e-02 3.375e+04
6.438e-02 3.295e+04
6.367e-02 3.348e+04
6.443e-02 3.296e+04
6.373e-02 3.354e+04
6.388e-02 3.329e+04
6.399e-02 3.330e+04
6.402e-02 3.319e+04
6.392e-02 3.328e+04
6.369e-02 3.354e+04
6.428e-02 3.270e+04
6.392e-02 3.316e+04
6.412e-02 3.326e+04
6.388e-02 3.341e+04
6.413e-02 3.301e+04
6.405e-02 3.306e+04
6.389e-02 3.321e+04
6.421e-02 3.306e+04
6.383e-02 3.331e+04
6.381e-02 3.346e+04
6.412e-02 3.302e+04
6.402e-02 3.309e+04
6.367e-02 3.358e+04
6.411e-02 3.310e+04
6.371e-02 3.360e+04
6.410e-02 3.319e+04
6.387e-02 3.328e+04
6.420e-02 3.300e+04
6.409e-02 3.311e+04
6.424e-02 3.279e+04
6.382e-02 3.327e+04
6.401e-02 3.318e+04
6.395e-02 3.327e+04
6.407e-02 3.313e+04
6.389e-02 3.335e+04
6.451e-02 3.271e+04
6.430e-02 3.293e+04
6.411e-02 3.312e+04
6.422e-02 3.301e+04
6.406e-02 3.323e+04
6.409e-02 3.312e+04
6.400e-02 3.319e+04
6.407e-02 3.307e+04
6.435e-02 3.284e+04
6.331e-02 3.384e+04
6.401e-02 3.313e+04
6.425e-02 3.299e+04
6.409e-02 3.318e+04
6.400e-02 3.318e+04
6.429e-02 3.284e+04
6.389e-02 3.334e+04
6.378e-02 3.326e+04
6.398e-02 3.326e+04
6.424e-02 3.306e+04
6.378e-02 3.337e+04
6.391e-02 3.327e+04
6.401e-02 3.320e+04
6.421e-02 3.295e+04
6.387e-02 3.340e+04
6.378e-02 3.337e+04
6.384e-02 3.349e+04
6.417e-02 3.296e+04
6.375e-02 3.351e+04
6.408e-02 3.318e+04
6.401e-02 3.320e+04
6.420e-02 3.297e+04
6.363e-02 3.360e+04
6.382e-02 3.340e+04
6.350e-02 3.356e+04
6.387e-02 3.327e+04
6.450e-02 3.274e+04
6.353e-02 3.374e+04
6.363e-02 3.345e+04
6.390e-02 3.340e+04
6.431e-02 3.278e+04
6.382e-02 3.329e+04
6.379e-02 3.340e+04
6.425e-02 3.306e+04
6.394e-02 3.316e+04
6.402e-02 3.329e+04
6.358e-02 3.361e+04
6.404e-02 3.326e+04
6.389e-02 3.329e+04
6.368e-02 3.340e+04
6.404e-02 3.321e+04
6.402e-02 3.323e+04
6.394e-02 3.331e+04
6.450e-02 3.261e+04
6.420e-02 3.303e+04
6.416e-02 3.309e+04
6.433e-02 3.290e+04
6.353e-02 3.355e+04
6.393e-02 3.320e+04
6.392e-02 3.318e+04
6.420e-02 3.292e+04
6.372e-02 3.344e+04
6.411e-02 3.307e+04
6.442e-02 3.280e+04
6.444e-02 3.278e+04
6.411e-02 3.322e+04
6.378e-02 3.342e+04
6.389e-02 3.345e+04
6.435e-02 3.289e+04
6.372e-02 3.341e+04
6.367e-02 3.354e+04
6.378e-02 3.349e+04
6.364e-02 3.352e+04
6.387e-02 3.328e+04
6.420e-02 3.288e+04
6.376e-02 3.348e+04
6.411e-02 3.319e+04
6.405e-02 3.323e+04
6.398e-02 3.309e+04
6.398e-02 3.326e+04
6.352e-02 3.352e+04
6.443e-02 3.296e+04
6.420e-02 3.303e+04
6.388e-02 3.325e+04
6.377e-02 3.333e+04
6.351e-02 3.363e+04
6.424e-02 3.302e+04
6.401e-02 3.312e+04
6.382e-02 3.342e+04
6.388e-02 3.327e+04
6.365e-02 3.356e+04
6.332e-02 3.382e+04
6.392e-02 3.337e+04
6.399e-02 3.332e+04
6.378e-02 3.347e+04
6.378e-02 3.352e+04
6.396e-02 3.334e+04
6.379e-02 3.326e+04
6.400e-02 3.314e+04
6.434e-02 3.275e+04
6.379e-02 3.345e+04
6.409e-02 3.300e+04
6.388e-02 3.342e+04
6.343e-02 3.391e+04
6.408e-02 3.306e+04
6.434e-02 3.273e+04
6.404e-02 3.310e+04
6.388e-02 3.343e+04
6.432e-02 3.291e+04
6.426e-02 3.301e+04
6.370e-02 3.357e+04
6.384e-02 3.329e+04
6.418e-02 3.308e+04
6.369e-02 3.360e+04
6.396e-02 3.330e+04
6.368e-02 3.337e+04
6.405e-02 3.317e+04
6.382e-02 3.342e+04
6.391e-02 3.331e+04
6.372e-02 3.323e+04
6.396e-02 3.330e+04
6.433e-02 3.286e+04
6.384e-02 3.326e+04
6.396e-02 3.312e+04
6.419e-02 3.294e+04
6.461e-02 3.261e+04
6.384e-02 3.336e+04
6.371e-02 3.360e+04
6.398e-02 3.325e+04
6.404e-02 3.334e+04
6.376e-02 3.332e+04
6.395e-02 3.326e+04
6.366e-02 3.342e+04
6.421e-02 3.296e+04
6.397e-02 3.335e+04
6.408e-02 3.309e+04
6.400e-02 3.304e+04
6.440e-02 3.282e+04
6.429e-02 3.291e+04
6.412e-02 3.312e+04
6.369e-02 3.343e+04
6.466e-02 3.255e+04
6.398e-02 3.319e+04
6.461e-02 3.255e+04
6.405e-02 3.330e+04
6.393e-02 3.326e+04
6.388e-02 3.333e+04
6.416e-02 3.297e+04
6.420e-02 3.300e+04
6.390e-02 3.319e+04
6.360e-02 3.348e+04
6.397e-02 3.313e+04
6.358e-02 3.359e+04
6.381e-02 3.334e+04
6.395e-02 3.336e+04
6.399e-02 3.318e+04
6.427e-02 3.294e+04
6.416e-02 3.305e+04
6.386e-02 3.323e+04
6.413e-02 3.309e+04
6.371e-02 3.360e+04
6.349e-02 3.376e+04
6.365e-02 3.349e+04
6.441e-02 3.279e+04
6.377e-02 3.339e+04
6.440e-02 3.281e+04
6.399e-02 3.313e+04
6.388e-02 3.323e+04
6.377e-02 3.338e+04
6.399e-02 3.323e+04
6.356e-02 3.367e+04
6.396e-02 3.340e+04
6.374e-02 3.341e+04
6.396e-02 3.318e+04
6.387e-02 3.330e+04
6.415e-02 3.302e+04
6.372e-02 3.363e+04
6.400e-02 3.310e+04
6.411e-02 3.327e+04
6.398e-02 3.324e+04
6.417e-02 3.301e+04
6.404e-02 3.330e+04
6.414e-02 3.315e+04
6.433e-02 3.281e+04
6.410e-02 3.320e+04
6.379e-02 3.347e+04
6.424e-02 3.295e+04
6.379e-02 3.345e+04
6.435e-02 3.277e+04
6.376e-02 3.337e+04
6.391e-02 3.325e+04
6.449e-02 3.273e+04
6.381e-02 3.331e+04
6.415e-02 3.299e+04
6.364e-02 3.362e+04
6.440e-02 3.275e+04
6.397e-02 3.332e+04
6.390e-02 3.351e+04
6.378e-02 3.339e+04
6.410e-02 3.307e+04
6.428e-02 3.289e+04
6.437e-02 3.287e+04
6.419e-02 3.298e+04
6.421e-02 3.297e+04
6.449e-02 3.287e+04
6.392e-02 3.308e+04
6.399e-02 3.328e+04
6.391e-02 3.313e+04
6.377e-02 3.341e+04
6.405e-02 3.327e+04
6.398e-02 3.314e+04
6.405e-02 3.317e+04
6.361e-02 3.362e+04
6.407e-02 3.314e+04
6.360e-02 3.349e+04
6.390e-02 3.327e+04
6.368e-02 3.354e+04
6.397e-02 3.322e+04
6.400e-02 3.329e+04
6.439e-02 3.283e+04
6.372e-02 3.348e+04
6.353e-02 3.361e+04
6.346e-02 3.355e+04
6.373e-02 3.345e+04
6.423e-02 3.283e+04
6.400e-02 3.322e+04
6.407e-02 3.305e+04
6.397e-02 3.334e+04
6.332e-02 3.404e+04
6.433e-02 3.291e+04
6.374e-02 3.359e+04
6.411e-02 3.307e+04
6.334e-02 3.386e+04
6.339e-02 3.379e+04
6.416e-02 3.303e+04
6.384e-02 3.343e+04
6.373e-02 3.353e+04
6.435e-02 3.275e+04
6.385e-02 3.330e+04
6.433e-02 3.285e+04
6.400e-02 3.318e+04
6.400e-02 3.328e+04
6.424e-02 3.305e+04
6.378e-02 3.336e+04
6.390e-02 3.328e+04
6.346e-02 3.376e+04
6.406e-02 3.308e+04
6.412e-02 3.296e+04
6.428e-02 3.274e+04
6.387e-02 3.320e+04
6.402e-02 3.320e+04
6.439e-02 3.271e+04
6.409e-02 3.304e+04
6.425e-02 3.300e+04
6.356e-02 3.365e+04
6.476e-02 3.253e+04
6.431e-02 3.295e+04
6.395e-02 3.329e+04
6.368e-02 3.353e+04
6.382e-02 3.334e+04
6.419e-02 3.297e+04
6.401e-02 3.320e+04
6.450e-02 3.270e+04
6.394e-02 3.331e+04
6.433e-02 3.292e+04
6.410e-02 3.313e+04
6.391e-02 3.343e+04
6.363e-02 3.345e+04
6.378e-02 3.347e+04
6.401e-02 3.318e+04
6.427e-02 3.299e+04
6.404e-02 3.314e+04
6.376e-02 3.339e+04
6.413e-02 3.299e+04
6.421e-02 3.295e+04
6.427e-02 3.283e+04
6.350e-02 3.369e+04
6.379e-02 3.340e+04
6.408e-02 3.315e+04
6.400e-02 3.313e+04
6.462e-02 3.256e+04
6.393e-02 3.336e+04
6.443e-02 3.281e+04
6.433e-02 3.276e+04
6.420e-02 3.294e+04
6.393e-02 3.338e+04
6.392e-02 3.335e+04
6.397e-02 3.322e+04
6.361e-02 3.356e+04
6.394e-02 3.318e+04
6.395e-02 3.324e+04
6.394e-02 3.337e+04
6.417e-02 3.312e+04
6.352e-02 3.375e+04
6.372e-02 3.344e+04
6.451e-02 3.277e+04
6.376e-02 3.347e+04
6.363e-02 3.335e+04
6.398e-02 3.333e+04
6.391e-02 3.329e+04
6.408e-02 3.307e+04
6.414e-02 3.311e+04
6.389e-02 3.336e+04
6.371e-02 3.332e+04
6.364e-02 3.353e+04
6.381e-02 3.334e+04
6.426e-02 3.290e+04
6.337e-02 3.381e+04
6.373e-02 3.344e+04
6.382e-02 3.330e+04
6.367e-02 3.358e+04
6.397e-02 3.337e+04
6.397e-02 3.324e+04
6.357e-02 3.364e+04
6.376e-02 3.343e+04
6.428e-02 3.289e+04
6.430e-02 3.291e+04
6.384e-02 3.342e+04
6.428e-02 3.296e+04
6.411e-02 3.306e+04
6.390e-02 3.335e+04
6.400e-02 3.323e+04
6.433e-02 3.293e+04
6.390e-02 3.327e+04
6.375e-02 3.347e+04
6.395e-02 3.310e+04
6.409e-02 3.299e+04
6.436e-02 3.291e+04
6.413e-02 3.317e+04
6.378e-02 3.328e+04
6.441e-02 3.269e+04
6.392e-02 3.329e+04
6.410e-02 3.297e+04
6.334e-02 3.378e+04
6.396e-02 3.337e+04
6.383e-02 3.338e+04
6.398e-02 3.318e+04
6.426e-02 3.286e+04
6.377e-02 3.339e+04
6.412e-02 3.308e+04
6.367e-02 3.369e+04
6.406e-02 3.315e+04
6.378e-02 3.340e+04
6.429e-02 3.293e+04
6.388e-02 3.330e+04
6.395e-02 3.317e+04
6.406e-02 3.325e+04
6.400e-02 3.333e+04
6.430e-02 3.297e+04
6.369e-02 3.353e+04
6.388e-02 3.330e+04
6.371e-02 3.342e+04
6.361e-02 3.358e+04
6.385e-02 3.334e+04
6.394e-02 3.336e+04
6.407e-02 3.315e+04
6.398e-02 3.320e+04
6.378e-02 3.344e+04
6.444e-02 3.293e+04
6.398e-02 3.322e+04
6.372e-02 3.332e+04
6.401e-02 3.319e+04
6.397e-02 3.324e+04
6.413e-02 3.316e+04
6.354e-02 3.364e+04
6.400e-02 3.326e+04
6.457e-02 3.256e+04
6.406e-02 3.304e+04
6.414e-02 3.311e+04
6.411e-02 3.313e+04
6.413e-02 3.295e+04
6.412e-02 3.300e+04
6.413e-02 3.311e+04
6.380e-02 3.337e+04
6.397e-02 3.320e+04
6.381e-02 3.346e+04
6.410e-02 3.318e+04
6.422e-02 3.305e+04
6.361e-02 3.365e+04
6.428e-02 3.273e+04
6.402e-02 3.326e+04
6.434e-02 3.286e+04
6.419e-02 3.298e+04
6.386e-02 3.331e+04
6.398e-02 3.310e+04
6.365e-02 3.364e+04
6.425e-02 3.297e+04
6.374e-02 3.353e+04
6.344e-02 3.370e+04
6.379e-02 3.355e+04
6.419e-02 3.297e+04
6.384e-02 3.322e+04
6.401e-02 3.312e+04
6.407e-02 3.314e+04
6.418e-02 3.296e+04
6.435e-02 3.293e+04
6.348e-02 3.380e+04
6.369e-02 3.355e+04
6.435e-02 3.289e+04
6.394e-02 3.307e+04
6.382e-02 3.325e+04
6.356e-02 3.374e+04
6.398e-02 3.315e+04
6.401e-02 3.324e+04
6.385e-02 3.337e+04
6.397e-02 3.327e+04
6.371e-02 3.354e+04
6.402e-02 3.313e+04
6.408e-02 3.314e+04
6.428e-02 3.282e+04
6.384e-02 3.340e+04
6.402e-02 3.305e+04
6.458e-02 3.275e+04
6.384e-02 3.346e+04
6.440e-02 3.277e+04
6.401e-02 3.329e+04
6.439e-02 3.275e+04
6.409e-02 3.304e+04
6.397e-02 3.338e+04
6.396e-02 3.335e+04
6.361e-02 3.352e+04
6.359e-02 3.352e+04
6.430e-02 3.279e+04
6.383e-02 3.332e+04
6.396e-02 3.331e+04
6.441e-02 3.274e+04
6.387e-02 3.341e+04
6.401e-02 3.317e+04
6.430e-02 3.311e+04
6.396e-02 3.311e+04
6.377e-02 3.343e+04
6.400e-02 3.319e+04
6.382e-02 3.338e+04
6.389e-02 3.319e+04
6.393e-02 3.329e+04
6.379e-02 3.344e+04
6.366e-02 3.342e+04
6.413e-02 3.307e+04
6.365e-02 3.347e+04
6.363e-02 3.354e+04
6.433e-02 3.294e+04
6.397e-02 3.321e+04
6.414e-02 3.303e+04
6.429e-02 3.283e+04
6.426e-02 3.293e+04
6.363e-02 3.370e+04
6.374e-02 3.349e+04
6.372e-02 3.350e+04
6.394e-02 3.328e+04
6.376e-02 3.349e+04
6.441e-02 3.278e+04
6.421e-02 3.298e+04
6.399e-02 3.326e+04
6.371e-02 3.326e+04
6.449e-02 3.257e+04
6.367e-02 3.354e+04
6.419e-02 3.288e+04
6.403e-02 3.339e+04
6.393e-02 3.331e+04
6.380e-02 3.346e+04
6.389e-02 3.319e+04
6.355e-02 3.359e+04
6.424e-02 3.290e+04
6.413e-02 3.307e+04
6.404e-02 3.316e+04
6.429e-02 3.291e+04
6.448e-02 3.283e+04
6.421e-02 3.303e+04
6.396e-02 3.309e+04
6.343e-02 3.370e+04
6.417e-02 3.304e+04
6.375e-02 3.336e+04
6.390e-02 3.322e+04
6.407e-02 3.309e+04
6.353e-02 3.376e+04
6.369e-02 3.344e+04
6.413e-02 3.313e+04
6.410e-02 3.310e+04
6.417e-02 3.313e+04
6.370e-02 3.352e+04
6.407e-02 3.322e+04
6.393e-02 3.335e+04
6.359e-02 3.355e+04
6.435e-02 3.289e+04
6.372e-02 3.353e+04
6.388e-02 3.326e+04
6.401e-02 3.325e+04
6.426e-02 3.289e+04
6.379e-02 3.332e+04
6.414e-02 3.321e+04
6.415e-02 3.312e+04
6.416e-02 3.309e+04
6.372e-02 3.344e+04
6.371e-02 3.355e+04
6.464e-02 3.262e+04
6.404e-02 3.313e+04
6.381e-02 3.335e+04
6.380e-02 3.320e+04
6.424e-02 3.292e+04
6.359e-02 3.362e+04
6.390e-02 3.323e+04
6.414e-02 3.306e+04
6.368e-02 3.347e+04
6.387e-02 3.338e+04
6.400e-02 3.336e+04
6.413e-02 3.313e+04
6.423e-02 3.295e+04
6.389e-02 3.343e+04
6.428e-02 3.292e+04
6.346e-02 3.383e+04
6.407e-02 3.316e+04
6.441e-02 3.279e+04
6.440e-02 3.293e+04
6.386e-02 3.331e+04
6.384e-02 3.325e+04
6.420e-02 3.309e+04
6.400e-02 3.304e+04
6.420e-02 3.298e+04
6.412e-02 3.301e+04
6.362e-02 3.334e+04
6.404e-02 3.307e+04
6.392e-02 3.327e+04
6.414e-02 3.303e+04
6.381e-02 3.340e+04
6.382e-02 3.336e+04
6.396e-02 3.326e+04
6.360e-02 3.358e+04
6.460e-02 3.247e+04
6.408e-02 3.306e+04
6.359e-02 3.359e+04
6.418e-02 3.295e+04
6.391e-02 3.330e+04
6.377e-02 3.338e+04
6.390e-02 3.329e+04
6.390e-02 3.323e+04
6.402e-02 3.329e+04
6.378e-02 3.361e+04
6.382e-02 3.337e+04
6.402e-02 3.317e+04
6.404e-02 3.310e+04
6.458e-02 3.281e+04
6.408e-02 3.304e+04
6.343e-02 3.365e+04
6.373e-02 3.340e+04
6.367e-02 3.349e+04
6.391e-02 3.325e+04
6.409e-02 3.319e+04
6.406e-02 3.312e+04
6.407e-02 3.306e+04
6.375e-02 3.331e+04
6.389e-02 3.338e+04
6.381e-02 3.337e+04
6.397e-02 3.337e+04
6.376e-02 3.340e+04
6.415e-02 3.306e+04
6.351e-02 3.362e+04
6.382e-02 3.344e+04
6.382e-02 3.332e+04
6.444e-02 3.272e+04
6.410e-02 3.317e+04
6.360e-02 3.370e+04
6.379e-02 3.330e+04
6.385e-02 3.339e+04
6.433e-02 3.288e+04
6.373e-02 3.349e+04
6.403e-02 3.299e+04
6.385e-02 3.335e+04
6.412e-02 3.319e+04
6.398e-02 3.322e+04
6.419e-02 3.289e+04
6.392e-02 3.326e+04
6.443e-02 3.276e+04
6.353e-02 3.364e+04
6.381e-02 3.343e+04
6.405e-02 3.310e+04
6.431e-02 3.292e+04
6.392e-02 3.340e+04
6.414e-02 3.302e+04
6.385e-02 3.333e+04
6.418e-02 3.316e+04
6.392e-02 3.334e+04
6.382e-02 3.338e+04
6.440e-02 3.275e+04
6.385e-02 3.329e+04
6.381e-02 3.339e+04
6.426e-02 3.299e+04
6.353e-02 3.372e+04
6.371e-02 3.347e+04
6.410e-02 3.304e+04
6.420e-02 3.301e+04
6.378e-02 3.358e+04
6.438e-02 3.289e+04
6.360e-02 3.363e+04
6.403e-02 3.312e+04
6.439e-02 3.275e+04
6.445e-02 3.282e+04
6.399e-02 3.321e+04
6.427e-02 3.280e+04
6.374e-02 3.348e+04
6.393e-02 3.323e+04
6.370e-02 3.346e+04
6.428e-02 3.295e+04
6.407e-02 3.315e+04
6.358e-02 3.360e+04
6.435e-02 3.275e+04
6.400e-02 3.328e+04
6.378e-02 3.358e+04
6.440e-02 3.292e+04
6.403e-02 3.309e+04
6.409e-02 3.319e+04
6.390e-02 3.341e+04
6.398e-02 3.331e+04
6.414e-02 3.310e+04
6.377e-02 3.352e+04
6.433e-02 3.291e+04
6.413e-02 3.300e+04
6.403e-02 3.329e+04
6.403e-02 3.317e+04
6.413e-02 3.320e+04
6.351e-02 3.359e+04
6.432e-02 3.293e+04
6.411e-02 3.307e+04
6.449e-02 3.267e+04
6.382e-02 3.336e+04
6.440e-02 3.281e+04
6.430e-02 3.300e+04
6.418e-02 3.309e+04
6.379e-02 3.328e+04
6.423e-02 3.303e+04
6.398e-02 3.319e+04
6.401e-02 3.309e+04
6.421e-02 3.292e+04
6.463e-02 3.254e+04
6.373e-02 3.345e+04
6.378e-02 3.339e+04
6.435e-02 3.285e+04
6.439e-02 3.282e+04
6.430e-02 3.302e+04
6.415e-02 3.301e+04
6.395e-02 3.310e+04
6.348e-02 3.357e+04
6.422e-02 3.311e+04
6.393e-02 3.326e+04
6.347e-02 3.372e+04
6.371e-02 3.349e+04
6.398e-02 3.319e+04
6.414e-02 3.318e+04
6.420e-02 3.306e+04
6.379e-02 3.335e+04
6.436e-02 3.287e+04
6.424e-02 3.299e+04
6.450e-02 3.274e+04
6.412e-02 3.303e+04
6.351e-02 3.362e+04
6.402e-02 3.303e+04
6.384e-02 3.341e+04
6.360e-02 3.354e+04
6.409e-02 3.310e+04
6.402e-02 3.313e+04
6.383e-02 3.331e+04
6.398e-02 3.321e+04
6.425e-02 3.295e+04
6.396e-02 3.336e+04
6.432e-02 3.283e+04
6.400e-02 3.328e+04
6.361e-02 3.364e+04
6.426e-02 3.292e+04
6.395e-02 3.323e+04
6.420e-02 3.300e+04
6.421e-02 3.301e+04
6.403e-02 3.312e+04
6.420e-02 3.294e+04
6.404e-02 3.334e+04
6.403e-02 3.316e+04
6.354e-02 3.362e+04
6.419e-02 3.302e+04
6.436e-02 3.290e+04
6.408e-02 3.317e+04
6.374e-02 3.351e+04
6.404e-02 3.321e+04
6.387e-02 3.325e+04
6.433e-02 3.284e+04
6.400e-02 3.319e+04
6.397e-02 3.313e+04
6.378e-02 3.334e+04
6.408e-02 3.307e+04
6.375e-02 3.342e+04
6.385e-02 3.335e+04
6.362e-02 3.366e+04
6.406e-02 3.313e+04
6.370e-02 3.345e+04
6.361e-02 3.370e+04
6.413e-02 3.297e+04
6.432e-02 3.280e+04
6.434e-02 3.289e+04
6.433e-02 3.278e+04
6.361e-02 3.365e+04
6.411e-02 3.304e+04
6.354e-02 3.373e+04
6.415e-02 3.305e+04
6.362e-02 3.346e+04
6.410e-02 3.305e+04
6.384e-02 3.346e+04
6.426e-02 3.282e+04
6.311e-02 3.407e+04
6.389e-02 3.340e+04
6.436e-02 3.294e+04
6.396e-02 3.324e+04
6.422e-02 3.297e+04
6.431e-02 3.291e+04
6.403e-02 3.315e+04
6.401e-02 3.319e+04
6.400e-02 3.321e+04
6.392e-02 3.319e+04
6.397e-02 3.337e+04
6.352e-02 3.367e+04
6.373e-02 3.347e+04
6.384e-02 3.336e+04
6.389e-02 3.339e+04
6.400e-02 3.328e+04
6.343e-02 3.364e+04
6.379e-02 3.352e+04
6.404e-02 3.309e+04
6.357e-02 3.363e+04
6.414e-02 3.299e+04
6.419e-02 3.290e+04
6.375e-02 3.323e+04
6.395e-02 3.321e+04
6.442e-02 3.282e+04
6.400e-02 3.321e+04
6.397e-02 3.329e+04
6.435e-02 3.284e+04
6.430e-02 3.286e+04
6.433e-02 3.276e+04
6.403e-02 3.315e+04
6.412e-02 3.307e+04
6.369e-02 3.348e+04
6.378e-02 3.360e+04
6.373e-02 3.335e+04
6.437e-02 3.281e+04
6.402e-02 3.307e+04
6.424e-02 3.299e+04
6.395e-02 3.320e+04
6.411e-02 3.293e+04
6.415e-02 3.299e+04
6.382e-02 3.327e+04
6.428e-02 3.287e+04
6.435e-02 3.290e+04
6.382e-02 3.336e+04
6.365e-02 3.353e+04
6.430e-02 3.287e+04
6.414e-02 3.311e+04
6.367e-02 3.360e+04
6.430e-02 3.289e+04
6.391e-02 3.327e+04
6.365e-02 3.357e+04
6.332e-02 3.387e+04
6.393e-02 3.332e+04
6.411e-02 3.306e+04
6.405e-02 3.313e+04
6.381e-02 3.341e+04
6.366e-02 3.356e+04
6.390e-02 3.343e+04
6.410e-02 3.297e+04
6.379e-02 3.344e+04
6.410e-02 3.318e+04
6.416e-02 3.298e+04
6.448e-02 3.272e+04
6.408e-02 3.302e+04
6.414e-02 3.303e+04
6.422e-02 3.294e+04
6.421e-02 3.300e+04
6.399e-02 3.319e+04
6.388e-02 3.339e+04
6.402e-02 3.318e+04
6.405e-02 3.305e+04
6.420e-02 3.303e+04
6.432e-02 3.293e+04
6.394e-02 3.329e+04
6.402e-02 3.307e+04
6.406e-02 3.315e+04
6.393e-02 3.340e+04
6.383e-02 3.327e+04
6.350e-02 3.360e+04
6.406e-02 3.318e+04
6.354e-02 3.372e+04
6.444e-02 3.275e+04
6.397e-02 3.326e+04
6.371e-02 3.348e+04
6.436e-02 3.278e+04
6.388e-02 3.314e+04
6.391e-02 3.323e+04
6.362e-02 3.352e+04
6.366e-02 3.357e+04
6.438e-02 3.289e+04
6.360e-02 3.342e+04
6.399e-02 3.328e+04
6.407e-02 3.325e+04
6.425e-02 3.291e+04
6.352e-02 3.381e+04
6.397e-02 3.316e+04
6.415e-02 3.307e+04
6.369e-02 3.346e+04
6.450e-02 3.275e+04
6.379e-02 3.341e+04
6.417e-02 3.310e+04
6.458e-02 3.268e+04
6.390e-02 3.330e+04
6.459e-02 3.262e+04
6.401e-02 3.320e+04
6.398e-02 3.304e+04
6.411e-02 3.303e+04
6.400e-02 3.323e+04
6.391e-02 3.322e+04
6.436e-02 3.288e+04
6.427e-02 3.298e+04
6.383e-02 3.350e+04
6.433e-02 3.290e+04
6.379e-02 3.338e+04
6.374e-02 3.343e+04
6.402e-02 3.312e+04
6.394e-02 3.323e+04
6.377e-02 3.339e+04
6.387e-02 3.322e+04
6.389e-02 3.339e+04
6.430e-02 3.288e+04
6.389e-02 3.325e+04
6.401e-02 3.324e+04
6.401e-02 3.313e+04
6.420e-02 3.313e+04
6.396e-02 3.318e+04
6.390e-02 3.313e+04
6.365e-02 3.361e+04
6.392e-02 3.325e+04
6.398e-02 3.327e+04
6.399e-02 3.311e+04
6.454e-02 3.264e+04
6.388e-02 3.333e+04
6.500e-02 3.228e+04
6.420e-02 3.304e+04
6.395e-02 3.329e+04
6.367e-02 3.345e+04
6.372e-02 3.350e+04
6.369e-02 3.348e+04
6.406e-02 3.311e+04
6.383e-02 3.332e+04
6.390e-02 3.324e+04
6.411e-02 3.309e+04
6.374e-02 3.359e+04
6.401e-02 3.324e+04
6.406e-02 3.318e+04
6.373e-02 3.355e+04
6.405e-02 3.330e+04
6.359e-02 3.352e+04
6.410e-02 3.307e+04
6.445e-02 3.297e+04
6.403e-02 3.310e+04
6.384e-02 3.322e+04
6.389e-02 3.331e+04
6.389e-02 3.325e+04
6.415e-02 3.292e+04
6.366e-02 3.361e+04
6.436e-02 3.293e+04
6.402e-02 3.307e+04
6.411e-02 3.315e+04
6.422e-02 3.289e+04
6.392e-02 3.339e+04
6.372e-02 3.354e+04
6.427e-02 3.293e+04
6.346e-02 3.377e+04
6.375e-02 3.343e+04
6.415e-02 3.313e+04
6.440e-02 3.285e+04
6.443e-02 3.282e+04
6.406e-02 3.305e+04
6.387e-02 3.333e+04
6.365e-02 3.367e+04
6.348e-02 3.373e+04
6.389e-02 3.324e+04
6.389e-02 3.324e+04
6.397e-02 3.316e+04
6.399e-02 3.321e+04
6.348e-02 3.373e+04
6.399e-02 3.317e+04
6.333e-02 3.394e+04
6.389e-02 3.329e+04
6.444e-02 3.271e+04
6.444e-02 3.287e+04
6.426e-02 3.312e+04
6.425e-02 3.310e+04
6.338e-02 3.377e+04
6.426e-02 3.295e+04
6.409e-02 3.298e+04
6.391e-02 3.318e+04
6.393e-02 3.324e+04
6.380e-02 3.337e+04
6.444e-02 3.282e+04
6.366e-02 3.348e+04
6.396e-02 3.324e+04
6.428e-02 3.292e+04
6.361e-02 3.365e+04
6.388e-02 3.340e+04
6.373e-02 3.339e+04
6.428e-02 3.294e+04
6.392e-02 3.310e+04
6.433e-02 3.296e+04
6.377e-02 3.331e+04
6.362e-02 3.350e+04
6.401e-02 3.329e+04
6.373e-02 3.342e+04
6.394e-02 3.319e+04
6.420e-02 3.309e+04
6.393e-02 3.331e+04
6.365e-02 3.355e+04
6.394e-02 3.318e+04
6.432e-02 3.290e+04
6.415e-02 3.310e+04
6.396e-02 3.316e+04
6.435e-02 3.286e+04
6.406e-02 3.330e+04
6.400e-02 3.307e+04
6.447e-02 3.269e+04
6.421e-02 3.286e+04
6.379e-02 3.342e+04
6.370e-02 3.336e+04
6.401e-02 3.312e+04
6.436e-02 3.287e+04
6.420e-02 3.310e+04
6.415e-02 3.294e+04
6.383e-02 3.343e+04
6.374e-02 3.348e+04
6.506e-02 3.239e+04
6.423e-02 3.290e+04
6.406e-02 3.315e+04
6.396e-02 3.331e+04
6.420e-02 3.291e+04
6.388e-02 3.323e+04
6.396e-02 3.335e+04
6.402e-02 3.306e+04
6.373e-02 3.351e+04
6.348e-02 3.380e+04
6.420e-02 3.306e+04
6.404e-02 3.329e+04
6.367e-02 3.345e+04
6.386e-02 3.338e+04
6.360e-02 3.352e+04
6.403e-02 3.305e+04
6.404e-02 3.330e+04
6.411e-02 3.296e+04
6.396e-02 3.331e+04
6.413e-02 3.294e+04
6.412e-02 3.315e+04
6.406e-02 3.327e+04
6.416e-02 3.297e+04
6.396e-02 3.320e+04
6.410e-02 3.317e+04
6.406e-02 3.314e+04
6.394e-02 3.310e+04
6.388e-02 3.339e+04
6.350e-02 3.352e+04
6.417e-02 3.305e+04
6.358e-02 3.370e+04
6.366e-02 3.366e+04
6.355e-02 3.361e+04
6.413e-02 3.311e+04
6.436e-02 3.276e+04
6.443e-02 3.285e+04
6.415e-02 3.297e+04
6.360e-02 3.349e+04
6.403e-02 3.311e+04
6.398e-02 3.331e+04
6.370e-02 3.338e+04
6.399e-02 3.328e+04
6.412e-02 3.313e+04
6.425e-02 3.297e+04
6.452e-02 3.275e+04
6.400e-02 3.335e+04
6.434e-02 3.286e+04
6.397e-02 3.325e+04
6.424e-02 3.301e+04
6.429e-02 3.284e+04
6.422e-02 3.297e+04
6.412e-02 3.306e+04
6.391e-02 3.320e+04
6.394e-02 3.326e+04
6.365e-02 3.364e+04
6.414e-02 3.312e+04
6.419e-02 3.292e+04
6.456e-02 3.263e+04
6.378e-02 3.334e+04
6.370e-02 3.347e+04
6.371e-02 3.353e+04
6.394e-02 3.313e+04
6.403e-02 3.318e+04
6.386e-02 3.328e+04
6.374e-02 3.345e+04
6.383e-02 3.345e+04
6.330e-02 3.403e+04
6.373e-02 3.348e+04
6.366e-02 3.347e+04
6.404e-02 3.317e+04
6.405e-02 3.326e+04
6.407e-02 3.310e+04
6.373e-02 3.359e+04
6.408e-02 3.328e+04
6.444e-02 3.276e+04
6.394e-02 3.313e+04
6.384e-02 3.328e+04
6.445e-02 3.278e+04
6.438e-02 3.304e+04
6.427e-02 3.301e+04
6.421e-02 3.301e+04
6.397e-02 3.321e+04
6.358e-02 3.350e+04
6.375e-02 3.344e+04
6.402e-02 3.308e+04
6.414e-02 3.297e+04
6.439e-02 3.287e+04
6.363e-02 3.364e+04
6.393e-02 3.318e+04
6.354e-02 3.365e+04
6.352e-02 3.369e+04
6.423e-02 3.297e+04
6.434e-02 3.286e+04
6.373e-02 3.331e+04
6.387e-02 3.325e+04
6.387e-02 3.329e+04
6.408e-02 3.322e+04
6.414e-02 3.299e+04
6.435e-02 3.297e+04
6.431e-02 3.286e+04
6.385e-02 3.337e+04
6.402e-02 3.317e+04
6.409e-02 3.309e+04
6.452e-02 3.265e+04
6.404e-02 3.307e+04
6.402e-02 3.323e+04
6.373e-02 3.347e+04
6.410e-02 3.308e+04
6.417e-02 3.300e+04
6.392e-02 3.324e+04
6.380e-02 3.334e+04
6.415e-02 3.288e+04
6.367e-02 3.334e+04
6.392e-02 3.322e+04
6.410e-02 3.291e+04
6.466e-02 3.253e+04
6.383e-02 3.339e+04
6.420e-02 3.296e+04
6.370e-02 3.342e+04
6.383e-02 3.346e+04
6.419e-02 3.297e+04
6.420e-02 3.296e+04
6.403e-02 3.313e+04
6.426e-02 3.281e+04
6.402e-02 3.337e+04
6.427e-02 3.314e+04
6.422e-02 3.285e+04
6.436e-02 3.288e+04
6.389e-02 3.335e+04
6.418e-02 3.294e+04
6.361e-02 3.358e+04
6.382e-02 3.337e+04
6.389e-02 3.340e+04
6.400e-02 3.318e+04
6.440e-02 3.275e+04
6.439e-02 3.291e+04
6.405e-02 3.319e+04
6.394e-02 3.320e+04
6.406e-02 3.318e+04
6.406e-02 3.312e+04
6.402e-02 3.328e+04
6.427e-02 3.292e+04
6.369e-02 3.336e+04
6.370e-02 3.344e+04
6.383e-02 3.328e+04
6.391e-02 3.318e+04
6.381e-02 3.335e+04
6.408e-02 3.320e+04
6.411e-02 3.313e+04
6.432e-02 3.300e+04
6.362e-02 3.357e+04
6.361e-02 3.351e+04
6.422e-02 3.300e+04
6.396e-02 3.308e+04
6.430e-02 3.286e+04
6.391e-02 3.333e+04
6.399e-02 3.313e+04
6.361e-02 3.371e+04
6.351e-02 3.372e+04
6.417e-02 3.308e+04
6.401e-02 3.327e+04
6.448e-02 3.270e+04
6.359e-02 3.353e+04
6.440e-02 3.277e+04
6.390e-02 3.316e+04
6.402e-02 3.327e+04
6.367e-02 3.365e+04
6.376e-02 3.340e+04
6.377e-02 3.345e+04
6.400e-02 3.317e+04
6.394e-02 3.315e+04
6.400e-02 3.325e+04
6.417e-02 3.304e+04
6.371e-02 3.334e+04
6.408e-02 3.306e+04
6.435e-02 3.287e+04
6.403e-02 3.324e+04
6.367e-02 3.346e+04
6.378e-02 3.339e+04
6.409e-02 3.313e+04
6.401e-02 3.312e+04
6.369e-02 3.342e+04
6.414e-02 3.304e+04
6.410e-02 3.319e+04
6.408e-02 3.307e+04
6.353e-02 3.362e+04
6.396e-02 3.326e+04
6.346e-02 3.377e+04
6.403e-02 3.329e+04
6.437e-02 3.283e+04
6.432e-02 3.289e+04
6.374e-02 3.361e+04
6.436e-02 3.283e+04
6.392e-02 3.313e+04
6.374e-02 3.353e+04
6.383e-02 3.337e+04
6.389e-02 3.331e+04
6.412e-02 3.299e+04
6.351e-02 3.368e+04
6.378e-02 3.349e+04
6.422e-02 3.290e+04
6.356e-02 3.369e+04
6.406e-02 3.316e+04
6.363e-02 3.354e+04
6.356e-02 3.373e+04
6.472e-02 3.243e+04
6.435e-02 3.290e+04
6.424e-02 3.285e+04
6.350e-02 3.377e+04
6.416e-02 3.299e+04
6.375e-02 3.353e+04
6.404e-02 3.307e+04
6.398e-02 3.320e+04
6.429e-02 3.300e+04
6.429e-02 3.297e+04
6.360e-02 3.356e+04
6.379e-02 3.345e+04
6.368e-02 3.349e+04
6.407e-02 3.325e+04
6.394e-02 3.323e+04
6.380e-02 3.337e+04
6.385e-02 3.333e+04
6.387e-02 3.341e+04
6.392e-02 3.339e+04
6.400e-02 3.321e+04
6.407e-02 3.313e+04
6.381e-02 3.346e+04
6.371e-02 3.348e+04
6.373e-02 3.357e+04
6.379e-02 3.355e+04
6.418e-02 3.301e+04
6.357e-02 3.367e+04
6.413e-02 3.302e+04
6.393e-02 3.337e+04
6.393e-02 3.321e+04
6.392e-02 3.322e+04
6.384e-02 3.344e+04
6.412e-02 3.297e+04
6.395e-02 3.327e+04
6.432e-02 3.297e+04
6.417e-02 3.297e+04
6.405e-02 3.301e+04
6.339e-02 3.378e+04
6.438e-02 3.286e+04
6.413e-02 3.314e+04
6.370e-02 3.345e+04
6.380e-02 3.343e+04
6.401e-02 3.325e+04
6.420e-02 3.290e+04
6.403e-02 3.323e+04
6.426e-02 3.295e+04
6.367e-02 3.362e+04
6.416e-02 3.304e+04
6.395e-02 3.332e+04
6.421e-02 3.295e+04
6.387e-02 3.344e+04
6.476e-02 3.253e+04
6.379e-02 3.333e+04
6.444e-02 3.261e+04
6.381e-02 3.334e+04
6.414e-02 3.314e+04
6.378e-02 3.349e+04
6.379e-02 3.342e+04
6.387e-02 3.345e+04
6.365e-02 3.350e+04
6.375e-02 3.355e+04
6.401e-02 3.307e+04
6.385e-02 3.321e+04
6.413e-02 3.301e+04
6.364e-02 3.348e+04
6.381e-02 3.338e+04
6.359e-02 3.351e+04
6.362e-02 3.359e+04
6.376e-02 3.344e+04
6.413e-02 3.317e+04
6.450e-02 3.287e+04
6.394e-02 3.316e+04
6.416e-02 3.285e+04
6.341e-02 3.383e+04
6.404e-02 3.316e+04
6.363e-02 3.368e+04
6.383e-02 3.344e+04
6.379e-02 3.327e+04
6.415e-02 3.315e+04
6.423e-02 3.307e+04
6.399e-02 3.323e+04
6.357e-02 3.367e+04
6.378e-02 3.340e+04
6.385e-02 3.353e+04
6.391e-02 3.339e+04
6.391e-02 3.339e+04
6.405e-02 3.308e+04
6.347e-02 3.367e+04
6.343e-02 3.390e+04
6.389e-02 3.347e+04
6.366e-02 3.352e+04
6.417e-02 3.303e+04
6.403e-02 3.318e+04
6.387e-02 3.332e+04
6.389e-02 3.323e+04
6.357e-02 3.361e+04
6.385e-02 3.331e+04
6.435e-02 3.292e+04
6.381e-02 3.336e+04
6.430e-02 3.281e+04
6.393e-02 3.325e+04
6.403e-02 3.315e+04
6.412e-02 3.311e+04
6.407e-02 3.306e+04
6.406e-02 3.302e+04
6.428e-02 3.296e+04
6.378e-02 3.339e+04
6.463e-02 3.262e+04
6.384e-02 3.322e+04
6.418e-02 3.300e+04
6.370e-02 3.368e+04
6.420e-02 3.283e+04
6.408e-02 3.313e+04
6.390e-02 3.344e+04
6.412e-02 3.314e+04
6.380e-02 3.326e+04
6.350e-02 3.376e+04
6.396e-02 3.307e+04
6.422e-02 3.294e+04
6.393e-02 3.317e+04
6.427e-02 3.304e+04
6.407e-02 3.316e+04
6.370e-02 3.354e+04
6.371e-02 3.340e+04
6.437e-02 3.280e+04
6.386e-02 3.333e+04
6.410e-02 3.318e+04
6.429e-02 3.298e+04
6.411e-02 3.307e+04
6.367e-02 3.344e+04
6.399e-02 3.321e+04
6.405e-02 3.311e+04
6.350e-02 3.358e+04
6.385e-02 3.329e+04
6.348e-02 3.385e+04
6.369e-02 3.345e+04
6.390e-02 3.324e+04
6.437e-02 3.284e+04
6.390e-02 3.336e+04
6.429e-02 3.303e+04
6.361e-02 3.360e+04
6.413e-02 3.303e+04
6.360e-02 3.360e+04
6.397e-02 3.319e+04
6.407e-02 3.308e+04
6.397e-02 3.304e+04
6.414e-02 3.314e+04
6.402e-02 3.329e+04
6.386e-02 3.325e+04
6.361e-02 3.347e+04
6.380e-02 3.342e+04
6.405e-02 3.325e+04
6.402e-02 3.314e+04
6.434e-02 3.287e+04
6.434e-02 3.294e+04
6.434e-02 3.278e+04
6.422e-02 3.305e+04
6.402e-02 3.320e+04
6.408e-02 3.303e+04
6.402e-02 3.308e+04
6.415e-02 3.302e+04
6.362e-02 3.358e+04
6.404e-02 3.314e+04
6.403e-02 3.307e+04
6.395e-02 3.334e+04
6.370e-02 3.335e+04
6.418e-02 3.308e+04
6.398e-02 3.342e+04
6.397e-02 3.308e+04
6.389e-02 3.322e+04
6.416e-02 3.307e+04
6.367e-02 3.351e+04
6.413e-02 3.294e+04
6.439e-02 3.283e+04
6.420e-02 3.299e+04
6.431e-02 3.301e+04
6.361e-02 3.352e+04
6.369e-02 3.339e+04
6.393e-02 3.329e+04
6.407e-02 3.305e+04
6.395e-02 3.318e+04
6.392e-02 3.331e+04
6.370e-02 3.351e+04
6.379e-02 3.341e+04
6.398e-02 3.321e+04
6.414e-02 3.295e+04
6.392e-02 3.329e+04
6.372e-02 3.352e+04
6.414e-02 3.314e+04
6.399e-02 3.314e+04
6.388e-02 3.335e+04
6.407e-02 3.316e+04
6.396e-02 3.312e+04
6.462e-02 3.253e+04
6.359e-02 3.360e+04
6.388e-02 3.331e+04
6.422e-02 3.286e+04
6.370e-02 3.352e+04
6.345e-02 3.374e+04
6.432e-02 3.294e+04
6.433e-02 3.302e+04
6.440e-02 3.274e+04
6.371e-02 3.332e+04
6.382e-02 3.345e+04
6.369e-02 3.347e+04
6.368e-02 3.352e+04
6.424e-02 3.289e+04
6.390e-02 3.322e+04
6.397e-02 3.340e+04
6.396e-02 3.325e+04
6.430e-02 3.287e+04
6.406e-02 3.316e+04
6.432e-02 3.284e+04
6.385e-02 3.331e+04
6.434e-02 3.282e+04
6.409e-02 3.311e+04
6.413e-02 3.302e+04
6.372e-02 3.358e+04
6.419e-02 3.314e+04
6.398e-02 3.305e+04
6.429e-02 3.291e+04
6.412e-02 3.314e+04
6.372e-02 3.341e+04
6.446e-02 3.280e+04
6.369e-02 3.349e+04
6.437e-02 3.277e+04
6.389e-02 3.321e+04
6.400e-02 3.313e+04
6.367e-02 3.355e+04
6.400e-02 3.334e+04
6.384e-02 3.329e+04
6.372e-02 3.342e+04
6.410e-02 3.298e+04
6.390e-02 3.345e+04
6.389e-02 3.333e+04
6.414e-02 3.318e+04
6.448e-02 3.281e+04
6.380e-02 3.351e+04
6.427e-02 3.296e+04
6.431e-02 3.289e+04
6.389e-02 3.332e+04
6.383e-02 3.332e+04
6.393e-02 3.334e+04
6.376e-02 3.355e+04
6.368e-02 3.347e+04
6.384e-02 3.343e+04
6.341e-02 3.381e+04
6.380e-02 3.335e+04
6.390e-02 3.338e+04
6.391e-02 3.328e+04
6.390e-02 3.329e+04
6.406e-02 3.311e+04
6.407e-02 3.319e+04
6.401e-02 3.322e+04
6.397e-02 3.339e+04
6.425e-02 3.277e+04
6.381e-02 3.333e+04
6.397e-02 3.322e+04
6.432e-02 3.275e+04
6.389e-02 3.317e+04
6.384e-02 3.331e+04
6.373e-02 3.339e+04
6.408e-02 3.315e+04
6.403e-02 3.324e+04
6.448e-02 3.273e+04
6.364e-02 3.357e+04
6.383e-02 3.333e+04
6.380e-02 3.339e+04
6.427e-02 3.304e+04
6.403e-02 3.316e+04
6.451e-02 3.256e+04
6.383e-02 3.336e+04
6.384e-02 3.342e+04
6.400e-02 3.323e+04
6.362e-02 3.348e+04
6.401e-02 3.308e+04
6.377e-02 3.341e+04
6.460e-02 3.265e+04
6.399e-02 3.326e+04
6.446e-02 3.282e+04
6.387e-02 3.337e+04
6.411e-02 3.304e+04
6.414e-02 3.302e+04
6.411e-02 3.305e+04
6.415e-02 3.306e+04
6.391e-02 3.325e+04
6.421e-02 3.296e+04
6.445e-02 3.273e+04
6.402e-02 3.304e+04
6.399e-02 3.326e+04
6.429e-02 3.306e+04
6.390e-02 3.331e+04
6.432e-02 3.290e+04
6.419e-02 3.281e+04
6.383e-02 3.335e+04
6.343e-02 3.386e+04
6.401e-02 3.330e+04
6.428e-02 3.283e+04
6.378e-02 3.356e+04
6.428e-02 3.283e+04
6.405e-02 3.304e+04
6.378e-02 3.339e+04
6.418e-02 3.302e+04
6.376e-02 3.346e+04
6.368e-02 3.352e+04
6.413e-02 3.312e+04
6.400e-02 3.312e+04
6.366e-02 3.351e+04
6.402e-02 3.328e+04
6.380e-02 3.352e+04
6.405e-02 3.312e+04
6.366e-02 3.364e+04
6.375e-02 3.343e+04
6.428e-02 3.288e+04
6.421e-02 3.298e+04
6.401e-02 3.329e+04
6.419e-02 3.294e+04
6.371e-02 3.365e+04
6.376e-02 3.339e+04
6.382e-02 3.345e+04
6.380e-02 3.347e+04
6.415e-02 3.298e+04
6.428e-02 3.284e+04
6.437e-02 3.289e+04
6.407e-02 3.313e+04
6.389e-02 3.329e+04
6.386e-02 3.332e+04
6.364e-02 3.364e+04
6.412e-02 3.311e+04
6.381e-02 3.333e+04
6.404e-02 3.309e+04
6.427e-02 3.300e+04
6.397e-02 3.322e+04
6.409e-02 3.304e+04
6.402e-02 3.324e+04
6.391e-02 3.323e+04
6.366e-02 3.363e+04
6.428e-02 3.296e+04
6.409e-02 3.311e+04
6.393e-02 3.319e+04
6.421e-02 3.304e+04
6.392e-02 3.334e+04
6.406e-02 3.315e+04
6.469e-02 3.242e+04
6.420e-02 3.292e+04
6.397e-02 3.318e+04
6.449e-02 3.271e+04
6.375e-02 3.349e+04
6.369e-02 3.367e+04
6.384e-02 3.344e+04
6.377e-02 3.328e+04
6.390e-02 3.324e+04
6.414e-02 3.309e+04
6.371e-02 3.344e+04
6.448e-02 3.276e+04
6.416e-02 3.308e+04
6.396e-02 3.310e+04
6.354e-02 3.368e+04
6.415e-02 3.313e+04
6.406e-02 3.325e+04
6.406e-02 3.310e+04
6.407e-02 3.327e+04
6.363e-02 3.362e+04
6.383e-02 3.337e+04
6.387e-02 3.325e+04
6.396e-02 3.311e+04
6.444e-02 3.270e+04
6.436e-02 3.289e+04
6.412e-02 3.318e+04
6.401e-02 3.307e+04
6.438e-02 3.285e+04
6.391e-02 3.331e+04
6.427e-02 3.305e+04
6.402e-02 3.324e+04
6.417e-02 3.308e+04
6.423e-02 3.292e+04
6.373e-02 3.356e+04
6.445e-02 3.275e+04
6.368e-02 3.361e+04
6.390e-02 3.323e+04
6.406e-02 3.321e+04
6.418e-02 3.316e+04
6.372e-02 3.346e+04
6.369e-02 3.351e+04
6.381e-02 3.352e+04
6.395e-02 3.325e+04
6.388e-02 3.326e+04
6.339e-02 3.384e+04
6.395e-02 3.318e+04
6.442e-02 3.284e+04
6.421e-02 3.285e+04
6.363e-02 3.365e+04
6.397e-02 3.324e+04
6.370e-02 3.332e+04
6.431e-02 3.282e+04
6.427e-02 3.305e+04
6.404e-02 3.302e+04
6.365e-02 3.355e+04
6.406e-02 3.338e+04
6.380e-02 3.328e+04
6.385e-02 3.331e+04
6.367e-02 3.359e+04
6.382e-02 3.346e+04
6.394e-02 3.324e+04
6.415e-02 3.299e+04
6.381e-02 3.336e+04
6.392e-02 3.333e+04
6.382e-02 3.350e+04
6.461e-02 3.266e+04
6.397e-02 3.323e+04
6.393e-02 3.318e+04
6.400e-02 3.323e+04
6.365e-02 3.349e+04
6.392e-02 3.332e+04
6.402e-02 3.314e+04
6.429e-02 3.276e+04
6.402e-02 3.317e+04
6.432e-02 3.297e+04
6.397e-02 3.328e+04
6.425e-02 3.286e+04
6.416e-02 3.302e+04
6.375e-02 3.341e+04
6.388e-02 3.342e+04
6.384e-02 3.330e+04
6.378e-02 3.325e+04
6.351e-02 3.367e+04
6.404e-02 3.319e+04
6.402e-02 3.325e+04
6.440e-02 3.281e+04
6.393e-02 3.320e+04
6.355e-02 3.368e+04
6.437e-02 3.303e+04
6.423e-02 3.298e+04
6.394e-02 3.330e+04
6.375e-02 3.351e+04
6.382e-02 3.339e+04
6.420e-02 3.307e+04
6.409e-02 3.314e+04
6.409e-02 3.304e+04
6.387e-02 3.339e+04
6.370e-02 3.338e+04
6.421e-02 3.304e+04
6.428e-02 3.291e+04
6.396e-02 3.326e+04
6.342e-02 3.375e+04
6.431e-02 3.283e+04
6.391e-02 3.324e+04
6.374e-02 3.347e+04
6.353e-02 3.364e+04
6.406e-02 3.325e+04
6.387e-02 3.340e+04
6.390e-02 3.340e+04
6.361e-02 3.354e+04
6.392e-02 3.326e+04
6.414e-02 3.307e+04
6.440e-02 3.286e+04
6.424e-02 3.306e+04
6.372e-02 3.344e+04
6.380e-02 3.334e+04
6.369e-02 3.353e+04
6.407e-02 3.305e+04
6.373e-02 3.342e+04
6.326e-02 3.390e+04
6.415e-02 3.303e+04
6.418e-02 3.291e+04
6.423e-02 3.279e+04
6.391e-02 3.333e+04
6.405e-02 3.319e+04
6.427e-02 3.302e+04
6.418e-02 3.312e+04
6.436e-02 3.283e+04
6.369e-02 3.354e+04
6.436e-02 3.279e+04
6.367e-02 3.355e+04
6.385e-02 3.331e+04
6.362e-02 3.360e+04
6.436e-02 3.279e+04
6.383e-02 3.335e+04
6.457e-02 3.263e+04
6.418e-02 3.304e+04
6.358e-02 3.361e+04
6.399e-02 3.322e+04
6.414e-02 3.311e+04
6.429e-02 3.293e+04
6.414e-02 3.301e+04
6.360e-02 3.360e+04
6.365e-02 3.364e+04
6.415e-02 3.301e+04
6.413e-02 3.297e+04
6.384e-02 3.343e+04
6.381e-02 3.337e+04
6.379e-02 3.333e+04
6.399e-02 3.317e+04
6.375e-02 3.351e+04
6.380e-02 3.333e+04
6.362e-02 3.352e+04
6.374e-02 3.352e+04
6.435e-02 3.287e+04
6.397e-02 3.328e+04
6.369e-02 3.352e+04
6.395e-02 3.334e+04
6.395e-02 3.329e+04
6.394e-02 3.318e+04
6.422e-02 3.304e+04
6.411e-02 3.315e+04
6.400e-02 3.326e+04
6.345e-02 3.374e+04
6.441e-02 3.273e+04
6.423e-02 3.303e+04
6.411e-02 3.299e+04
6.385e-02 3.324e+04
6.390e-02 3.332e+04
6.408e-02 3.313e+04
6.405e-02 3.305e+04
6.411e-02 3.310e+04
6.407e-02 3.311e+04
6.360e-02 3.360e+04
6.375e-02 3.348e+04
6.386e-02 3.331e+04
6.319e-02 3.406e+04
6.408e-02 3.313e+04
6.382e-02 3.329e+04
6.433e-02 3.283e+04
6.435e-02 3.297e+04
6.398e-02 3.326e+04
6.360e-02 3.342e+04
6.379e-02 3.339e+04
6.416e-02 3.278e+04
6.401e-02 3.304e+04
6.435e-02 3.293e+04
6.382e-02 3.347e+04
6.374e-02 3.342e+04
6.367e-02 3.359e+04
6.418e-02 3.300e+04
6.436e-02 3.278e+04
6.388e-02 3.338e+04
6.396e-02 3.319e+04
6.423e-02 3.293e+04
6.405e-02 3.304e+04
6.346e-02 3.364e+04
6.329e-02 3.394e+04
6.384e-02 3.333e+04
6.393e-02 3.344e+04
6.408e-02 3.312e+04
6.429e-02 3.288e+04
6.404e-02 3.314e+04
6.422e-02 3.295e+04
6.435e-02 3.284e+04
6.375e-02 3.345e+04
6.399e-02 3.324e+04
6.380e-02 3.332e+04
6.387e-02 3.346e+04
6.408e-02 3.311e+04
6.387e-02 3.338e+04
6.390e-02 3.330e+04
6.450e-02 3.282e+04
6.362e-02 3.352e+04
6.394e-02 3.319e+04
6.369e-02 3.351e+04
6.361e-02 3.360e+04
6.424e-02 3.284e+04
6.393e-02 3.329e+04
6.442e-02 3.267e+04
6.426e-02 3.292e+04
6.396e-02 3.333e+04
6.419e-02 3.292e+04
6.394e-02 3.321e+04
6.440e-02 3.258e+04
6.372e-02 3.348e+04
6.385e-02 3.330e+04
6.407e-02 3.322e+04
6.447e-02 3.261e+04
6.381e-02 3.340e+04
6.373e-02 3.356e+04
6.408e-02 3.316e+04
6.388e-02 3.331e+04
6.358e-02 3.367e+04
6.360e-02 3.367e+04
6.385e-02 3.327e+04
6.365e-02 3.356e+04
6.397e-02 3.316e+04
6.385e-02 3.333e+04
6.415e-02 3.314e+04
6.439e-02 3.294e+04
6.371e-02 3.359e+04
6.409e-02 3.309e+04
6.391e-02 3.316e+04
6.365e-02 3.358e+04
6.385e-02 3.346e+04
6.411e-02 3.318e+04
6.369e-02 3.349e+04
6.370e-02 3.352e+04
6.416e-02 3.306e+04
6.383e-02 3.339e+04
6.411e-02 3.301e+04
6.409e-02 3.303e+04
6.375e-02 3.344e+04
6.380e-02 3.335e+04
6.367e-02 3.343e+04
6.409e-02 3.306e+04
6.429e-02 3.289e+04
6.449e-02 3.276e+04
6.403e-02 3.318e+04
6.396e-02 3.325e+04
6.409e-02 3.306e+04
6.406e-02 3.312e+04
6.433e-02 3.276e+04
6.356e-02 3.365e+04
6.393e-02 3.330e+04
6.370e-02 3.351e+04
6.414e-02 3.298e+04
6.367e-02 3.356e+04
6.398e-02 3.325e+04
6.416e-02 3.296e+04
6.371e-02 3.348e+04
6.368e-02 3.347e+04
6.391e-02 3.336e+04
6.424e-02 3.298e+04
6.410e-02 3.306e+04
6.321e-02 3.399e+04
6.329e-02 3.393e+04
6.444e-02 3.270e+04
6.399e-02 3.307e+04
6.376e-02 3.338e+04
6.372e-02 3.344e+04
6.425e-02 3.306e+04
6.380e-02 3.359e+04
6.407e-02 3.299e+04
6.418e-02 3.310e+04
6.430e-02 3.294e+04
6.406e-02 3.317e+04
6.372e-02 3.345e+04
6.362e-02 3.364e+04
6.355e-02 3.365e+04
6.427e-02 3.292e+04
6.387e-02 3.341e+04
6.376e-02 3.325e+04
6.393e-02 3.317e+04
6.433e-02 3.284e+04
6.408e-02 3.318e+04
6.397e-02 3.325e+04
6.400e-02 3.314e+04
6.407e-02 3.321e+04
6.364e-02 3.351e+04
6.429e-02 3.299e+04
6.380e-02 3.331e+04
6.414e-02 3.317e+04
6.390e-02 3.329e+04
6.400e-02 3.301e+04
6.369e-02 3.346e+04
6.452e-02 3.269e+04
6.390e-02 3.323e+04
6.400e-02 3.309e+04
6.399e-02 3.310e+04
6.397e-02 3.322e+04
6.425e-02 3.303e+04
6.409e-02 3.307e+04
6.411e-02 3.309e+04
6.428e-02 3.301e+04
6.400e-02 3.326e+04
6.402e-02 3.314e+04
6.392e-02 3.325e+04
6.403e-02 3.330e+04
6.386e-02 3.333e+04
6.377e-02 3.346e+04
6.412e-02 3.303e+04
6.349e-02 3.369e+04
6.422e-02 3.309e+04
6.396e-02 3.313e+04
6.414e-02 3.306e+04
6.426e-02 3.290e+04
6.418e-02 3.329e+04
6.377e-02 3.348e+04
6.364e-02 3.353e+04
6.411e-02 3.306e+04
6.395e-02 3.317e+04
6.406e-02 3.312e+04
6.383e-02 3.337e+04
6.433e-02 3.274e+04
6.384e-02 3.339e+04
6.427e-02 3.286e+04
6.395e-02 3.320e+04
6.414e-02 3.316e+04
6.429e-02 3.307e+04
6.418e-02 3.305e+04
6.380e-02 3.352e+04
6.429e-02 3.299e+04
6.380e-02 3.329e+04
6.402e-02 3.313e+04
6.371e-02 3.354e+04
6.386e-02 3.341e+04
6.418e-02 3.313e+04
6.374e-02 3.351e+04
6.406e-02 3.321e+04
6.385e-02 3.348e+04
6.365e-02 3.357e+04
6.391e-02 3.338e+04
6.413e-02 3.311e+04
6.401e-02 3.313e+04
6.429e-02 3.291e+04
6.358e-02 3.366e+04
6.398e-02 3.309e+04
6.435e-02 3.279e+04
6.433e-02 3.281e+04
6.398e-02 3.321e+04
6.385e-02 3.334e+04
6.407e-02 3.305e+04
6.381e-02 3.344e+04
6.425e-02 3.285e+04
6.437e-02 3.287e+04
6.411e-02 3.326e+04
6.427e-02 3.295e+04
6.414e-02 3.317e+04
6.410e-02 3.306e+04
6.474e-02 3.247e+04
6.409e-02 3.300e+04
6.420e-02 3.297e+04
6.392e-02 3.341e+04
6.450e-02 3.276e+04
6.367e-02 3.349e+04
6.380e-02 3.322e+04
6.425e-02 3.302e+04
6.413e-02 3.310e+04
6.355e-02 3.371e+04
6.385e-02 3.327e+04
6.399e-02 3.324e+04
6.411e-02 3.316e+04
6.369e-02 3.341e+04
6.364e-02 3.359e+04
6.400e-02 3.326e+04
6.339e-02 3.370e+04
6.398e-02 3.331e+04
6.378e-02 3.351e+04
6.394e-02 3.334e+04
6.433e-02 3.279e+04
6.354e-02 3.366e+04
6.372e-02 3.346e+04
6.409e-02 3.325e+04
6.380e-02 3.334e+04
6.417e-02 3.300e+04
6.410e-02 3.306e+04
6.373e-02 3.362e+04
6.409e-02 3.292e+04
6.397e-02 3.300e+04
6.402e-02 3.308e+04
6.406e-02 3.313e+04
6.383e-02 3.340e+04
6.378e-02 3.329e+04
6.418e-02 3.303e+04
6.388e-02 3.327e+04
6.432e-02 3.281e+04
6.375e-02 3.359e+04
6.385e-02 3.343e+04
6.350e-02 3.369e+04
6.427e-02 3.288e+04
6.431e-02 3.285e+04
6.364e-02 3.353e+04
6.364e-02 3.348e+04
6.409e-02 3.316e+04
6.398e-02 3.320e+04
6.331e-02 3.399e+04
6.383e-02 3.333e+04
6.404e-02 3.313e+04
6.361e-02 3.362e+04
6.390e-02 3.327e+04
6.327e-02 3.389e+04
6.408e-02 3.306e+04
6.410e-02 3.311e+04
6.365e-02 3.360e+04
6.374e-02 3.353e+04
6.358e-02 3.357e+04
6.376e-02 3.344e+04
6.421e-02 3.297e+04
6.432e-02 3.297e+04
6.369e-02 3.340e+04
6.384e-02 3.337e+04
6.376e-02 3.354e+04
6.371e-02 3.340e+04
6.395e-02 3.342e+04
6.406e-02 3.308e+04
6.395e-02 3.330e+04
6.373e-02 3.338e+04
6.437e-02 3.265e+04
6.414e-02 3.315e+04
6.416e-02 3.309e+04
6.362e-02 3.366e+04
6.446e-02 3.274e+04
6.329e-02 3.401e+04
6.384e-02 3.337e+04
6.362e-02 3.362e+04
6.433e-02 3.298e+04
6.398e-02 3.327e+04
6.437e-02 3.290e+04
6.384e-02 3.337e+04
6.385e-02 3.354e+04
6.414e-02 3.303e+04
6.410e-02 3.301e+04
6.394e-02 3.330e+04
6.411e-02 3.308e+04
6.385e-02 3.340e+04
6.379e-02 3.357e+04
6.397e-02 3.318e+04
6.408e-02 3.297e+04
6.377e-02 3.333e+04
6.342e-02 3.375e+04
6.410e-02 3.319e+04
6.385e-02 3.350e+04
6.420e-02 3.286e+04
6.371e-02 3.338e+04
6.363e-02 3.347e+04
6.396e-02 3.324e+04
6.333e-02 3.383e+04
6.386e-02 3.335e+04
6.421e-02 3.316e+04
6.434e-02 3.282e+04
6.388e-02 3.329e+04
6.408e-02 3.317e+04
6.382e-02 3.340e+04
6.422e-02 3.297e+04
6.389e-02 3.331e+04
6.356e-02 3.359e+04
6.380e-02 3.320e+04
6.401e-02 3.309e+04
6.361e-02 3.357e+04
6.424e-02 3.296e+04
6.370e-02 3.350e+04
6.441e-02 3.264e+04
6.384e-02 3.346e+04
6.385e-02 3.347e+04
6.385e-02 3.348e+04
6.398e-02 3.318e+04
6.432e-02 3.281e+04
6.426e-02 3.293e+04
6.389e-02 3.338e+04
6.351e-02 3.363e+04
6.341e-02 3.383e+04
6.435e-02 3.282e+04
6.367e-02 3.359e+04
6.383e-02 3.343e+04
6.431e-02 3.286e+04
6.420e-02 3.293e+04
6.395e-02 3.334e+04
6.386e-02 3.349e+04
6.436e-02 3.290e+04
6.401e-02 3.308e+04
6.376e-02 3.343e+04
6.407e-02 3.319e+04
6.471e-02 3.228e+04
6.397e-02 3.331e+04
6.429e-02 3.287e+04
6.339e-02 3.375e+04
6.383e-02 3.330e+04
6.353e-02 3.363e+04
6.378e-02 3.342e+04
6.405e-02 3.310e+04
6.374e-02 3.348e+04
6.338e-02 3.387e+04
6.393e-02 3.321e+04
6.366e-02 3.355e+04
6.370e-02 3.345e+04
6.406e-02 3.311e+04
6.375e-02 3.361e+04
6.434e-02 3.285e+04
6.420e-02 3.294e+04
6.421e-02 3.299e+04
6.406e-02 3.311e+04
6.383e-02 3.337e+04
6.409e-02 3.317e+04
6.359e-02 3.365e+04
6.394e-02 3.326e+04
6.406e-02 3.309e+04
6.422e-02 3.295e+04
6.424e-02 3.298e+04
6.337e-02 3.378e+04
6.433e-02 3.305e+04
6.406e-02 3.306e+04
6.417e-02 3.296e+04
6.382e-02 3.348e+04
6.371e-02 3.348e+04
6.373e-02 3.356e+04
6.412e-02 3.318e+04
6.440e-02 3.279e+04
6.422e-02 3.306e+04
6.375e-02 3.341e+04
6.448e-02 3.273e+04
6.431e-02 3.296e+04
6.384e-02 3.317e+04
6.423e-02 3.290e+04
6.378e-02 3.330e+04
6.364e-02 3.349e+04
6.433e-02 3.288e+04
6.378e-02 3.331e+04
6.413e-02 3.305e+04
6.414e-02 3.301e+04
6.362e-02 3.358e+04
6.462e-02 3.253e+04
6.414e-02 3.313e+04
6.379e-02 3.337e+04
6.347e-02 3.383e+04
6.430e-02 3.281e+04
6.387e-02 3.316e+04
6.407e-02 3.308e+04
6.394e-02 3.332e+04
6.389e-02 3.344e+04
6.378e-02 3.342e+04
6.403e-02 3.320e+04
6.403e-02 3.326e+04
6.389e-02 3.328e+04
6.373e-02 3.343e+04
6.388e-02 3.333e+04
6.398e-02 3.326e+04
6.392e-02 3.319e+04
6.352e-02 3.356e+04
6.340e-02 3.387e+04
6.414e-02 3.296e+04
6.350e-02 3.380e+04
6.378e-02 3.341e+04
6.430e-02 3.293e+04
6.372e-02 3.352e+04
6.377e-02 3.341e+04
6.400e-02 3.332e+04
6.386e-02 3.327e+04
6.368e-02 3.364e+04
6.417e-02 3.308e+04
6.436e-02 3.298e+04
6.395e-02 3.336e+04
6.378e-02 3.330e+04
6.416e-02 3.297e+04
6.361e-02 3.358e+04
6.408e-02 3.343e+04
6.440e-02 3.284e+04
6.414e-02 3.303e+04
6.352e-02 3.356e+04
6.448e-02 3.266e+04
6.430e-02 3.298e+04
6.392e-02 3.339e+04
6.414e-02 3.307e+04
6.358e-02 3.379e+04
6.371e-02 3.333e+04
6.358e-02 3.372e+04
6.400e-02 3.319e+04
6.337e-02 3.375e+04
6.410e-02 3.304e+04
6.403e-02 3.313e+04
6.405e-02 3.321e+04
6.436e-02 3.279e+04
6.419e-02 3.306e+04
6.402e-02 3.323e+04
6.350e-02 3.365e+04
6.396e-02 3.331e+04
6.387e-02 3.325e+04
6.399e-02 3.315e+04
6.403e-02 3.317e+04
6.442e-02 3.278e+04
6.425e-02 3.284e+04
6.409e-02 3.323e+04
6.385e-02 3.343e+04
6.415e-02 3.306e+04
6.392e-02 3.340e+04
6.435e-02 3.290e+04
6.421e-02 3.300e+04
6.379e-02 3.340e+04
6.360e-02 3.355e+04
6.413e-02 3.305e+04
6.361e-02 3.363e+04
6.394e-02 3.336e+04
6.369e-02 3.348e+04
6.418e-02 3.314e+04
6.375e-02 3.349e+04
6.432e-02 3.282e+04
6.420e-02 3.317e+04
6.390e-02 3.323e+04
6.381e-02 3.331e+04
6.414e-02 3.307e+04
6.403e-02 3.333e+04
6.396e-02 3.328e+04
6.434e-02 3.270e+04
6.401e-02 3.305e+04
6.397e-02 3.315e+04
6.376e-02 3.339e+04
6.413e-02 3.296e+04
6.463e-02 3.264e+04
6.375e-02 3.336e+04
6.353e-02 3.374e+04
6.385e-02 3.347e+04
6.366e-02 3.353e+04
6.421e-02 3.305e+04
6.345e-02 3.377e+04
6.353e-02 3.373e+04
6.404e-02 3.322e+04
6.368e-02 3.352e+04
6.384e-02 3.317e+04
6.381e-02 3.326e+04
6.401e-02 3.313e+04
6.392e-02 3.327e+04
6.367e-02 3.347e+04
6.429e-02 3.292e+04
6.401e-02 3.322e+04
6.427e-02 3.300e+04
6.419e-02 3.303e+04
6.373e-02 3.349e+04
6.384e-02 3.341e+04
6.366e-02 3.357e+04
6.411e-02 3.316e+04
6.391e-02 3.333e+04
6.357e-02 3.374e+04
6.413e-02 3.311e+04
6.392e-02 3.327e+04
6.457e-02 3.269e+04
6.405e-02 3.308e+04
6.414e-02 3.315e+04
6.399e-02 3.316e+04
6.402e-02 3.321e+04
6.361e-02 3.366e+04
6.428e-02 3.291e+04
6.422e-02 3.312e+04
6.391e-02 3.331e+04
6.408e-02 3.321e+04
6.479e-02 3.252e+04
6.386e-02 3.335e+04
6.420e-02 3.308e+04
6.398e-02 3.317e+04
6.427e-02 3.289e+04
6.351e-02 3.369e+04
6.372e-02 3.348e+04
6.396e-02 3.332e+04
6.430e-02 3.289e+04
6.428e-02 3.281e+04
6.378e-02 3.345e+04
6.394e-02 3.318e+04
6.421e-02 3.292e+04
6.399e-02 3.317e+04
6.402e-02 3.313e+04
6.397e-02 3.325e+04
6.397e-02 3.323e+04
6.415e-02 3.314e+04
6.387e-02 3.337e+04
6.361e-02 3.357e+04
6.394e-02 3.334e+04
6.381e-02 3.345e+04
6.349e-02 3.368e+04
6.445e-02 3.275e+04
6.345e-02 3.370e+04
6.457e-02 3.259e+04
6.398e-02 3.317e+04
6.403e-02 3.312e+04
6.396e-02 3.329e+04
6.415e-02 3.289e+04
6.413e-02 3.306e+04
6.352e-02 3.379e+04
6.392e-02 3.329e+04
6.386e-02 3.327e+04
6.339e-02 3.380e+04
6.374e-02 3.353e+04
6.372e-02 3.338e+04
6.372e-02 3.336e+04
6.405e-02 3.317e+04
6.398e-02 3.317e+04
6.362e-02 3.365e+04
6.423e-02 3.288e+04
6.402e-02 3.334e+04
6.424e-02 3.304e+04
6.367e-02 3.337e+04
6.447e-02 3.287e+04
6.378e-02 3.340e+04
6.382e-02 3.333e+04
6.364e-02 3.352e+04
6.426e-02 3.283e+04
6.367e-02 3.349e+04
6.413e-02 3.318e+04
6.390e-02 3.336e+04
6.420e-02 3.294e+04
6.451e-02 3.282e+04
6.408e-02 3.304e+04
6.354e-02 3.372e+04
6.429e-02 3.291e+04
6.392e-02 3.322e+04
6.424e-02 3.307e+04
6.397e-02 3.323e+04
6.429e-02 3.289e+04
6.390e-02 3.322e+04
6.424e-02 3.290e+04
6.420e-02 3.299e+04
6.403e-02 3.321e+04
6.355e-02 3.357e+04
6.448e-02 3.287e+04
6.424e-02 3.291e+04
6.374e-02 3.351e+04
6.386e-02 3.330e+04
6.442e-02 3.278e+04
6.424e-02 3.309e+04
6.404e-02 3.324e+04
6.367e-02 3.345e+04
6.413e-02 3.305e+04
6.413e-02 3.305e+04
6.361e-02 3.370e+04
6.411e-02 3.298e+04
6.393e-02 3.318e+04
6.372e-02 3.345e+04
6.415e-02 3.297e+04
6.356e-02 3.361e+04
6.425e-02 3.299e+04
6.443e-02 3.283e+04
6.413e-02 3.315e+04
6.390e-02 3.319e+04
6.366e-02 3.363e+04
6.390e-02 3.326e+04
6.400e-02 3.316e+04
6.398e-02 3.309e+04
6.432e-02 3.296e+04
6.382e-02 3.337e+04
6.374e-02 3.351e+04
6.418e-02 3.306e+04
6.416e-02 3.300e+04
6.388e-02 3.342e+04
6.382e-02 3.317e+04
6.356e-02 3.360e+04
6.413e-02 3.308e+04
6.360e-02 3.361e+04
6.431e-02 3.289e+04
6.418e-02 3.303e+04
6.369e-02 3.347e+04
6.338e-02 3.367e+04
6.399e-02 3.312e+04
6.396e-02 3.312e+04
6.366e-02 3.344e+04
6.379e-02 3.338e+04
6.437e-02 3.285e+04
6.395e-02 3.320e+04
6.408e-02 3.301e+04
6.406e-02 3.323e+04
6.379e-02 3.337e+04
6.384e-02 3.341e+04
6.390e-02 3.331e+04
6.429e-02 3.297e+04
6.404e-02 3.310e+04
6.424e-02 3.304e+04
6.360e-02 3.354e+04
6.406e-02 3.302e+04
6.387e-02 3.334e+04
6.401e-02 3.310e+04
6.390e-02 3.317e+04
6.369e-02 3.362e+04
6.437e-02 3.282e+04
6.403e-02 3.320e+04
6.333e-02 3.398e+04
6.362e-02 3.360e+04
6.350e-02 3.355e+04
6.411e-02 3.298e+04
6.361e-02 3.359e+04
6.398e-02 3.319e+04
6.397e-02 3.320e+04
6.461e-02 3.269e+04
6.398e-02 3.333e+04
6.402e-02 3.307e+04
6.407e-02 3.301e+04
6.390e-02 3.326e+04
6.461e-02 3.264e+04
6.379e-02 3.343e+04
6.374e-02 3.336e+04
6.445e-02 3.269e+04
6.401e-02 3.332e+04
6.402e-02 3.313e+04
6.374e-02 3.343e+04
6.408e-02 3.316e+04
6.389e-02 3.337e+04
6.378e-02 3.346e+04
6.409e-02 3.292e+04
6.402e-02 3.316e+04
6.394e-02 3.331e+04
6.416e-02 3.313e+04
6.360e-02 3.362e+04
6.353e-02 3.355e+04
6.389e-02 3.331e+04
6.447e-02 3.279e+04
6.361e-02 3.372e+04
6.358e-02 3.373e+04
6.348e-02 3.386e+04
6.392e-02 3.333e+04
6.363e-02 3.362e+04
6.407e-02 3.318e+04
6.403e-02 3.311e+04
6.395e-02 3.321e+04
6.444e-02 3.278e+04
6.408e-02 3.324e+04
6.426e-02 3.304e+04
6.427e-02 3.287e+04
6.400e-02 3.311e+04
6.433e-02 3.285e+04
6.359e-02 3.366e+04
6.417e-02 3.298e+04
6.404e-02 3.311e+04
6.393e-02 3.328e+04
6.434e-02 3.287e+04
6.466e-02 3.252e+04
6.394e-02 3.344e+04
6.465e-02 3.261e+04
6.365e-02 3.350e+04
6.412e-02 3.313e+04
6.395e-02 3.326e+04
6.443e-02 3.276e+04
6.381e-02 3.334e+04
6.387e-02 3.347e+04
6.365e-02 3.346e+04
6.369e-02 3.365e+04
6.361e-02 3.349e+04
6.405e-02 3.316e+04
6.416e-02 3.310e+04
6.366e-02 3.349e+04
6.385e-02 3.343e+04
6.358e-02 3.372e+04
6.346e-02 3.368e+04
6.414e-02 3.303e+04
6.391e-02 3.323e+04
6.379e-02 3.337e+04
6.404e-02 3.314e+04
6.401e-02 3.314e+04
6.389e-02 3.342e+04
6.406e-02 3.319e+04
6.399e-02 3.314e+04
6.397e-02 3.330e+04
6.379e-02 3.331e+04
6.373e-02 3.364e+04
6.402e-02 3.314e+04
6.386e-02 3.320e+04
6.400e-02 3.329e+04
6.362e-02 3.358e+04
6.377e-02 3.349e+04
6.385e-02 3.334e+04
6.375e-02 3.352e+04
6.384e-02 3.330e+04
6.409e-02 3.329e+04
6.389e-02 3.329e+04
6.410e-02 3.308e+04
6.390e-02 3.323e+04
6.397e-02 3.321e+04
6.397e-02 3.317e+04
6.414e-02 3.295e+04
6.389e-02 3.340e+04
6.382e-02 3.334e+04
6.389e-02 3.332e+04
6.431e-02 3.282e+04
6.427e-02 3.290e+04
6.413e-02 3.312e+04
6.416e-02 3.301e+04
6.408e-02 3.313e+04
6.400e-02 3.319e+04
6.399e-02 3.319e+04
6.391e-02 3.333e+04
6.403e-02 3.311e+04
6.455e-02 3.264e+04
6.360e-02 3.356e+04
6.423e-02 3.297e+04
6.433e-02 3.282e+04
6.389e-02 3.332e+04
6.394e-02 3.344e+04
6.438e-02 3.272e+04
6.375e-02 3.359e+04
6.417e-02 3.305e+04
6.389e-02 3.330e+04
6.374e-02 3.360e+04
6.411e-02 3.304e+04
6.426e-02 3.296e+04
6.372e-02 3.348e+04
6.345e-02 3.374e+04
6.432e-02 3.289e+04
6.367e-02 3.359e+04
6.424e-02 3.300e+04
6.371e-02 3.350e+04
6.369e-02 3.356e+04
6.413e-02 3.298e+04
6.372e-02 3.336e+04
6.400e-02 3.315e+04
6.422e-02 3.282e+04
6.393e-02 3.328e+04
6.395e-02 3.328e+04
6.408e-02 3.305e+04
6.439e-02 3.286e+04
6.435e-02 3.297e+04
6.373e-02 3.348e+04
6.400e-02 3.311e+04
6.406e-02 3.304e+04
6.377e-02 3.334e+04
6.412e-02 3.316e+04
6.444e-02 3.279e+04
6.427e-02 3.295e+04
6.384e-02 3.311e+04
6.394e-02 3.330e+04
6.382e-02 3.326e+04
6.379e-02 3.335e+04
6.399e-02 3.325e+04
6.346e-02 3.376e+04
6.417e-02 3.304e+04
6.399e-02 3.302e+04
6.367e-02 3.348e+04
6.387e-02 3.332e+04
6.316e-02 3.396e+04
6.420e-02 3.297e+04
6.403e-02 3.314e+04
6.408e-02 3.315e+04
6.421e-02 3.307e+04
6.353e-02 3.365e+04
6.394e-02 3.329e+04
6.377e-02 3.347e+04
6.425e-02 3.306e+04
6.392e-02 3.334e+04
6.384e-02 3.330e+04
6.430e-02 3.299e+04
6.423e-02 3.310e+04
6.378e-02 3.347e+04
6.413e-02 3.299e+04
6.457e-02 3.257e+04
6.396e-02 3.323e+04
6.387e-02 3.338e+04
6.387e-02 3.343e+04
6.389e-02 3.328e+04
6.417e-02 3.305e+04
6.401e-02 3.318e+04
6.414e-02 3.294e+04
6.357e-02 3.366e+04
6.381e-02 3.339e+04
6.394e-02 3.323e+04
6.350e-02 3.366e+04
6.431e-02 3.296e+04
6.395e-02 3.318e+04
6.384e-02 3.333e+04
6.440e-02 3.282e+04
6.395e-02 3.321e+04
6.390e-02 3.332e+04
6.436e-02 3.276e+04
6.418e-02 3.288e+04
6.397e-02 3.325e+04
6.423e-02 3.291e+04
6.354e-02 3.369e+04
6.418e-02 3.290e+04
6.393e-02 3.334e+04
6.393e-02 3.315e+04
6.364e-02 3.352e+04
6.431e-02 3.283e+04
6.378e-02 3.342e+04
6.406e-02 3.320e+04
6.387e-02 3.334e+04
6.387e-02 3.330e+04
6.419e-02 3.299e+04
6.397e-02 3.321e+04
6.435e-02 3.283e+04
6.421e-02 3.300e+04
6.459e-02 3.265e+04
6.458e-02 3.258e+04
6.401e-02 3.315e+04
6.393e-02 3.334e+04
6.444e-02 3.280e+04
6.371e-02 3.362e+04
6.403e-02 3.318e+04
6.340e-02 3.384e+04
6.432e-02 3.293e+04
6.387e-02 3.339e+04
6.403e-02 3.332e+04
6.399e-02 3.316e+04
6.387e-02 3.324e+04
6.390e-02 3.334e+04
6.361e-02 3.367e+04
6.384e-02 3.337e+04
6.400e-02 3.331e+04
6.458e-02 3.254e+04
6.379e-02 3.340e+04
6.414e-02 3.307e+04
6.356e-02 3.369e+04
6.402e-02 3.307e+04
6.386e-02 3.345e+04
6.424e-02 3.286e+04
6.360e-02 3.347e+04
6.431e-02 3.300e+04
6.389e-02 3.323e+04
6.391e-02 3.325e+04
6.441e-02 3.275e+04
6.357e-02 3.355e+04
6.409e-02 3.306e+04
6.410e-02 3.315e+04
6.385e-02 3.336e+04
6.336e-02 3.385e+04
6.375e-02 3.352e+04
6.366e-02 3.355e+04
6.427e-02 3.274e+04
6.351e-02 3.375e+04
6.402e-02 3.324e+04
6.401e-02 3.331e+04
6.403e-02 3.325e+04
6.406e-02 3.315e+04
6.369e-02 3.362e+04
6.450e-02 3.270e+04
6.345e-02 3.366e+04
6.411e-02 3.308e+04
6.331e-02 3.387e+04
6.371e-02 3.358e+04
6.408e-02 3.307e+04
6.392e-02 3.322e+04
6.386e-02 3.335e+04
6.462e-02 3.265e+04
6.384e-02 3.341e+04
6.350e-02 3.375e+04
6.381e-02 3.339e+04
6.355e-02 3.357e+04
6.397e-02 3.336e+04
6.417e-02 3.307e+04
6.359e-02 3.352e+04
6.465e-02 3.249e+04
6.417e-02 3.293e+04
6.400e-02 3.320e+04
6.422e-02 3.305e+04
6.418e-02 3.296e+04
6.405e-02 3.315e+04
6.398e-02 3.326e+04
6.404e-02 3.310e+04
6.415e-02 3.292e+04
6.389e-02 3.331e+04
6.379e-02 3.346e+04
6.407e-02 3.316e+04
6.393e-02 3.339e+04
6.454e-02 3.263e+04
6.427e-02 3.298e+04
6.426e-02 3.303e+04
6.372e-02 3.351e+04
6.375e-02 3.337e+04
6.366e-02 3.369e+04
6.421e-02 3.310e+04
6.415e-02 3.302e+04
6.391e-02 3.328e+04
6.390e-02 3.323e+04
6.417e-02 3.294e+04
6.397e-02 3.339e+04
6.410e-02 3.312e+04
6.382e-02 3.332e+04
6.410e-02 3.320e+04
6.351e-02 3.381e+04
6.337e-02 3.387e+04
6.441e-02 3.267e+04
6.397e-02 3.319e+04
6.373e-02 3.351e+04
6.420e-02 3.307e+04
6.409e-02 3.307e+04
6.368e-02 3.349e+04
6.388e-02 3.337e+04
6.395e-02 3.317e+04
6.419e-02 3.291e+04
6.347e-02 3.367e+04
6.422e-02 3.299e+04
6.397e-02 3.319e+04
6.383e-02 3.348e+04
6.388e-02 3.334e+04
6.424e-02 3.293e+04
6.408e-02 3.322e+04
6.444e-02 3.269e+04
6.422e-02 3.311e+04
6.404e-02 3.305e+04
6.354e-02 3.367e+04
6.398e-02 3.320e+04
6.459e-02 3.278e+04
6.399e-02 3.328e+04
6.415e-02 3.300e+04
6.415e-02 3.307e+04
6.367e-02 3.356e+04
6.419e-02 3.293e+04
6.442e-02 3.282e+04
6.455e-02 3.269e+04
6.382e-02 3.336e+04
6.414e-02 3.315e+04
6.393e-02 3.326e+04
6.416e-02 3.295e+04
6.402e-02 3.317e+04
6.416e-02 3.293e+04
6.389e-02 3.328e+04
6.401e-02 3.307e+04
6.426e-02 3.303e+04
6.356e-02 3.353e+04
6.382e-02 3.351e+04
6.429e-02 3.285e+04
6.423e-02 3.298e+04
6.376e-02 3.350e+04
6.355e-02 3.351e+04
6.370e-02 3.348e+04
6.359e-02 3.361e+04
6.393e-02 3.321e+04
6.378e-02 3.331e+04
6.450e-02 3.262e+04
6.366e-02 3.361e+04
6.402e-02 3.319e+04
6.396e-02 3.327e+04
6.432e-02 3.282e+04
6.392e-02 3.321e+04
6.386e-02 3.343e+04
6.407e-02 3.311e+04
6.333e-02 3.383e+04
6.408e-02 3.305e+04
6.381e-02 3.324e+04
6.412e-02 3.312e+04
6.391e-02 3.335e+04
6.409e-02 3.308e+04
6.408e-02 3.308e+04
6.457e-02 3.263e+04
6.342e-02 3.378e+04
6.398e-02 3.328e+04
6.420e-02 3.301e+04
6.389e-02 3.322e+04
6.453e-02 3.268e+04
6.400e-02 3.320e+04
6.384e-02 3.332e+04
6.354e-02 3.364e+04
6.390e-02 3.326e+04
6.392e-02 3.332e+04
6.369e-02 3.345e+04
6.366e-02 3.356e+04
6.362e-02 3.356e+04
6.402e-02 3.321e+04
6.409e-02 3.315e+04
6.409e-02 3.304e+04
6.369e-02 3.353e+04
6.386e-02 3.335e+04
6.338e-02 3.387e+04
6.420e-02 3.290e+04
6.388e-02 3.333e+04
6.392e-02 3.320e+04
6.402e-02 3.311e+04
6.468e-02 3.245e+04
6.395e-02 3.325e+04
6.373e-02 3.352e+04
6.331e-02 3.384e+04
6.451e-02 3.280e+04
6.408e-02 3.307e+04
6.383e-02 3.326e+04
6.388e-02 3.326e+04
6.410e-02 3.309e+04
6.416e-02 3.292e+04
6.397e-02 3.321e+04
6.403e-02 3.313e+04
6.410e-02 3.311e+04
6.354e-02 3.361e+04
6.403e-02 3.308e+04
6.420e-02 3.295e+04
6.383e-02 3.338e+04
6.400e-02 3.320e+04
6.355e-02 3.366e+04
6.418e-02 3.311e+04
6.423e-02 3.303e+04
6.372e-02 3.352e+04
6.412e-02 3.309e+04
6.372e-02 3.337e+04
6.433e-02 3.297e+04
6.401e-02 3.333e+04
6.440e-02 3.290e+04
6.385e-02 3.332e+04
6.405e-02 3.313e+04
6.397e-02 3.315e+04
6.405e-02 3.324e+04
6.367e-02 3.354e+04
6.359e-02 3.357e+04
6.329e-02 3.386e+04
6.407e-02 3.333e+04
6.357e-02 3.356e+04
6.373e-02 3.348e+04
6.409e-02 3.296e+04
6.413e-02 3.320e+04
6.362e-02 3.365e+04
6.410e-02 3.308e+04
6.371e-02 3.350e+04
6.414e-02 3.306e+04
6.460e-02 3.253e+04
6.411e-02 3.312e+04
6.407e-02 3.305e+04
6.426e-02 3.283e+04
6.421e-02 3.299e+04
6.383e-02 3.342e+04
6.381e-02 3.333e+04
6.420e-02 3.294e+04
6.400e-02 3.325e+04
6.445e-02 3.285e+04
6.408e-02 3.317e+04
6.403e-02 3.314e+04
6.422e-02 3.294e+04
6.344e-02 3.375e+04
6.344e-02 3.369e+04
6.403e-02 3.305e+04
6.420e-02 3.308e+04
6.381e-02 3.340e+04
6.385e-02 3.341e+04
6.348e-02 3.355e+04
6.385e-02 3.345e+04
6.426e-02 3.292e+04
6.345e-02 3.370e+04
6.355e-02 3.375e+04
6.371e-02 3.340e+04
6.421e-02 3.297e+04
6.385e-02 3.327e+04
6.373e-02 3.353e+04
6.425e-02 3.294e+04
6.408e-02 3.313e+04
6.386e-02 3.344e+04
6.419e-02 3.306e+04
6.442e-02 3.280e+04
6.389e-02 3.334e+04
6.413e-02 3.283e+04
6.348e-02 3.380e+04
6.377e-02 3.355e+04
6.353e-02 3.365e+04
6.401e-02 3.335e+04
6.405e-02 3.309e+04
6.372e-02 3.346e+04
6.409e-02 3.301e+04
6.431e-02 3.291e+04
6.407e-02 3.324e+04
6.396e-02 3.325e+04
6.394e-02 3.319e+04
6.393e-02 3.340e+04
6.382e-02 3.342e+04
6.397e-02 3.333e+04
6.389e-02 3.326e+04
6.382e-02 3.341e+04
6.375e-02 3.344e+04
6.403e-02 3.313e+04
6.412e-02 3.305e+04
6.402e-02 3.322e+04
6.399e-02 3.330e+04
6.411e-02 3.311e+04
6.376e-02 3.341e+04
6.376e-02 3.327e+04
6.423e-02 3.297e+04
6.429e-02 3.304e+04
6.429e-02 3.294e+04
6.408e-02 3.303e+04
6.455e-02 3.269e+04
6.390e-02 3.331e+04
6.396e-02 3.321e+04
6.395e-02 3.332e+04
6.392e-02 3.326e+04
6.400e-02 3.309e+04
6.445e-02 3.271e+04
6.402e-02 3.318e+04
6.378e-02 3.346e+04
6.347e-02 3.372e+04
6.394e-02 3.325e+04
6.448e-02 3.261e+04
6.368e-02 3.340e+04
6.386e-02 3.324e+04
6.424e-02 3.296e+04
6.404e-02 3.315e+04
6.385e-02 3.326e+04
6.397e-02 3.327e+04
6.346e-02 3.369e+04
6.445e-02 3.272e+04
6.375e-02 3.354e+04
6.393e-02 3.335e+04
6.429e-02 3.291e+04
6.370e-02 3.344e+04
6.401e-02 3.336e+04
6.400e-02 3.316e+04
6.370e-02 3.353e+04
6.426e-02 3.274e+04
6.407e-02 3.311e+04
6.387e-02 3.331e+04
6.411e-02 3.303e+04
6.395e-02 3.335e+04
6.367e-02 3.347e+04
6.359e-02 3.366e+04
6.403e-02 3.315e+04
6.375e-02 3.333e+04
6.433e-02 3.286e+04
6.389e-02 3.313e+04
6.421e-02 3.313e+04
6.371e-02 3.349e+04
6.397e-02 3.334e+04
6.394e-02 3.331e+04
6.428e-02 3.284e+04
6.418e-02 3.294e+04
6.385e-02 3.349e+04
6.369e-02 3.365e+04
6.403e-02 3.312e+04
6.406e-02 3.307e+04
6.410e-02 3.316e+04
6.415e-02 3.294e+04
6.393e-02 3.333e+04
6.366e-02 3.364e+04
6.370e-02 3.354e+04
6.392e-02 3.335e+04
6.425e-02 3.297e+04
6.384e-02 3.326e+04
6.436e-02 3.287e+04
6.384e-02 3.334e+04
6.357e-02 3.366e+04
6.391e-02 3.334e+04
6.440e-02 3.286e+04
6.400e-02 3.322e+04
6.396e-02 3.313e+04
6.386e-02 3.326e+04
6.420e-02 3.306e+04
6.416e-02 3.305e+04
6.334e-02 3.389e+04
6.385e-02 3.331e+04
6.427e-02 3.291e+04
6.369e-02 3.346e+04
6.421e-02 3.304e+04
6.386e-02 3.333e+04
6.384e-02 3.337e+04
6.409e-02 3.309e+04
6.397e-02 3.329e+04
6.378e-02 3.342e+04
6.429e-02 3.297e+04
6.411e-02 3.308e+04
6.411e-02 3.304e+04
6.409e-02 3.320e+04
6.398e-02 3.317e+04
6.374e-02 3.343e+04
6.394e-02 3.333e+04
6.409e-02 3.315e+04
6.398e-02 3.307e+04
6.415e-02 3.296e+04
6.446e-02 3.266e+04
6.420e-02 3.302e+04
6.378e-02 3.336e+04
6.417e-02 3.291e+04
6.399e-02 3.319e+04
6.373e-02 3.346e+04
6.381e-02 3.336e+04
6.425e-02 3.298e+04
6.397e-02 3.321e+04
6.394e-02 3.330e+04
6.389e-02 3.329e+04
6.402e-02 3.324e+04
6.418e-02 3.312e+04
6.421e-02 3.304e+04
6.391e-02 3.334e+04
6.420e-02 3.303e+04
6.417e-02 3.307e+04
6.395e-02 3.334e+04
6.384e-02 3.329e+04
6.415e-02 3.309e+04
6.397e-02 3.317e+04
6.398e-02 3.319e+04
6.407e-02 3.303e+04
6.433e-02 3.300e+04
6.379e-02 3.333e+04
6.380e-02 3.349e+04
6.468e-02 3.240e+04
6.369e-02 3.346e+04
6.385e-02 3.347e+04
6.359e-02 3.350e+04
6.393e-02 3.340e+04
6.413e-02 3.306e+04
6.402e-02 3.309e+04
6.412e-02 3.307e+04
6.396e-02 3.324e+04
6.374e-02 3.347e+04
6.429e-02 3.296e+04
6.422e-02 3.276e+04
6.409e-02 3.305e+04
6.372e-02 3.345e+04
6.406e-02 3.318e+04
6.377e-02 3.332e+04
6.420e-02 3.296e+04
6.414e-02 3.314e+04
6.415e-02 3.303e+04
6.392e-02 3.335e+04
6.436e-02 3.289e+04
6.419e-02 3.300e+04
6.366e-02 3.360e+04
6.379e-02 3.344e+04
6.369e-02 3.353e+04
6.364e-02 3.357e+04
6.384e-02 3.330e+04
6.414e-02 3.314e+04
6.362e-02 3.348e+04
6.374e-02 3.337e+04
6.386e-02 3.345e+04
6.425e-02 3.297e+04
6.406e-02 3.304e+04
6.390e-02 3.331e+04
6.380e-02 3.343e+04
6.404e-02 3.330e+04
6.399e-02 3.328e+04
6.431e-02 3.281e+04
6.377e-02 3.342e+04
6.390e-02 3.325e+04
6.400e-02 3.327e+04
6.380e-02 3.350e+04
6.387e-02 3.339e+04
6.372e-02 3.352e+04
6.406e-02 3.321e+04
6.396e-02 3.329e+04
6.393e-02 3.311e+04
6.413e-02 3.307e+04
6.379e-02 3.341e+04
6.410e-02 3.316e+04
6.350e-02 3.375e+04
6.379e-02 3.349e+04
6.373e-02 3.347e+04
6.464e-02 3.269e+04
6.405e-02 3.309e+04
6.363e-02 3.352e+04
6.420e-02 3.299e+04
6.349e-02 3.366e+04
6.427e-02 3.298e+04
6.428e-02 3.288e+04
6.416e-02 3.293e+04
6.431e-02 3.277e+04
6.388e-02 3.332e+04
6.407e-02 3.321e+04
6.434e-02 3.282e+04
6.359e-02 3.367e+04
6.432e-02 3.288e+04
6.423e-02 3.307e+04
6.378e-02 3.331e+04
6.436e-02 3.299e+04
6.355e-02 3.368e+04
6.411e-02 3.313e+04
6.436e-02 3.291e+04
6.405e-02 3.315e+04
6.412e-02 3.310e+04
6.450e-02 3.260e+04
6.431e-02 3.291e+04
6.439e-02 3.265e+04
6.397e-02 3.304e+04
6.419e-02 3.313e+04
6.381e-02 3.345e+04
6.411e-02 3.314e+04
6.416e-02 3.288e+04
6.441e-02 3.291e+04
6.413e-02 3.306e+04
6.400e-02 3.318e+04
6.387e-02 3.347e+04
6.448e-02 3.275e+04
6.376e-02 3.339e+04
6.386e-02 3.337e+04
6.370e-02 3.355e+04
6.390e-02 3.342e+04
6.387e-02 3.329e+04
6.387e-02 3.336e+04
6.443e-02 3.279e+04
6.395e-02 3.332e+04
6.414e-02 3.318e+04
6.412e-02 3.312e+04
6.406e-02 3.325e+04
6.413e-02 3.297e+04
6.380e-02 3.330e+04
6.415e-02 3.293e+04
6.407e-02 3.313e+04
6.405e-02 3.309e+04
6.382e-02 3.337e+04
6.422e-02 3.286e+04
6.353e-02 3.354e+04
6.370e-02 3.345e+04
6.433e-02 3.283e+04
6.395e-02 3.323e+04
6.391e-02 3.322e+04
6.392e-02 3.324e+04
6.410e-02 3.310e+04
6.380e-02 3.339e+04
6.401e-02 3.309e+04
6.422e-02 3.297e+04
6.409e-02 3.300e+04
6.385e-02 3.345e+04
6.417e-02 3.300e+04
6.317e-02 3.412e+04
6.386e-02 3.332e+04
6.424e-02 3.294e+04
6.340e-02 3.374e+04
6.407e-02 3.311e+04
6.426e-02 3.285e+04
6.425e-02 3.297e+04
6.430e-02 3.279e+04
6.367e-02 3.354e+04
6.409e-02 3.319e+04
6.435e-02 3.285e+04
6.442e-02 3.269e+04
6.426e-02 3.302e+04
6.403e-02 3.327e+04
6.368e-02 3.343e+04
6.451e-02 3.261e+04
6.383e-02 3.339e+04
6.390e-02 3.339e+04
6.372e-02 3.353e+04
6.350e-02 3.376e+04
6.376e-02 3.333e+04
6.389e-02 3.328e+04
6.395e-02 3.333e+04
6.368e-02 3.368e+04
6.407e-02 3.314e+04
6.397e-02 3.321e+04
6.409e-02 3.325e+04
6.377e-02 3.349e+04
6.419e-02 3.305e+04
6.409e-02 3.322e+04
6.337e-02 3.365e+04
6.409e-02 3.307e+04
6.387e-02 3.323e+04
6.392e-02 3.326e+04
6.425e-02 3.277e+04
6.361e-02 3.343e+04
6.437e-02 3.265e+04
6.411e-02 3.324e+04
6.408e-02 3.310e+04
6.455e-02 3.261e+04
6.380e-02 3.347e+04
6.399e-02 3.333e+04
6.404e-02 3.304e+04
6.431e-02 3.290e+04
6.367e-02 3.322e+04
6.436e-02 3.280e+04
6.421e-02 3.291e+04
6.399e-02 3.312e+04
6.391e-02 3.330e+04
6.376e-02 3.341e+04
6.461e-02 3.252e+04
6.385e-02 3.338e+04
6.380e-02 3.339e+04
6.392e-02 3.341e+04
6.348e-02 3.378e+04
6.391e-02 3.333e+04
6.400e-02 3.315e+04
6.408e-02 3.321e+04
6.394e-02 3.336e+04
6.395e-02 3.347e+04
6.400e-02 3.315e+04
6.405e-02 3.306e+04
6.337e-02 3.382e+04
6.396e-02 3.325e+04
6.366e-02 3.362e+04
6.397e-02 3.330e+04
6.419e-02 3.300e+04
6.412e-02 3.318e+04
6.368e-02 3.344e+04
6.372e-02 3.347e+04
6.364e-02 3.356e+04
6.420e-02 3.309e+04
6.343e-02 3.379e+04
6.355e-02 3.362e+04
6.416e-02 3.308e+04
6.370e-02 3.344e+04
6.408e-02 3.307e+04
6.445e-02 3.275e+04
6.370e-02 3.340e+04
6.413e-02 3.308e+04
6.340e-02 3.386e+04
6.399e-02 3.331e+04
6.412e-02 3.301e+04
6.441e-02 3.280e+04
6.371e-02 3.344e+04
6.394e-02 3.316e+04
6.390e-02 3.332e+04
6.402e-02 3.330e+04
