1 13155
2 13830
3 14505
4 15178
5 15845
6 16506
7 17159
8 17801
9 18431
10 19048
11 19650
12 20237
13 20807
14 21361
15 21896
16 22413
17 22911
18 23390
19 23851
20 24292
21 24715
22 25119
23 25505
24 25873
25 26224
26 26557
27 26874
28 27175
29 27460
30 27730
31 27986
32 28228
33 28456
34 28672
35 28876
36 29068
37 29249
38 29420
39 29580
40 29732
41 29874
42 30007
43 30133
44 30251
45 30362
46 30466
47 30564
48 30655
49 30741
50 30822
51 30898
52 30968
53 31035
54 31097
55 31155
56 31210
57 31261
58 31309
59 31354
60 31396
61 31435
62 31472
