1 13155
2 13818
3 14479
4 15137
5 15789
6 16433
7 17070
8 17696
9 18311
10 18914
11 19504
12 20080
13 20641
14 21187
15 21717
16 22232
17 22730
18 23211
19 23676
20 24125
21 24557
22 24973
23 25373
24 25756
25 26125
26 26477
27 26815
28 27138
29 27447
30 27742
31 28024
32 28293
33 28549
34 28793
35 29026
36 29247
37 29457
38 29657
39 29848
40 30028
41 30200
42 30363
43 30517
44 30664
45 30803
46 30935
47 31059
48 31178
49 31290
50 31396
51 31496
52 31592
53 31682
54 31767
55 31847
56 31924
57 31996
58 32064
59 32128
60 32189
61 32247
62 32301
