6.021e-02 1.068e+04
5.931e-02 1.126e+04
5.895e-02 1.128e+04
6.047e-02 1.054e+04
5.966e-02 1.100e+04
6.098e-02 1.036e+04
6.131e-02 1.009e+04
6.119e-02 1.026e+04
6.035e-02 1.053e+04
6.061e-02 1.040e+04
6.005e-02 1.085e+04
6.075e-02 1.036e+04
6.025e-02 1.062e+04
5.925e-02 1.126e+04
6.083e-02 1.033e+04
6.072e-02 1.034e+04
6.041e-02 1.047e+04
5.969e-02 1.080e+04
6.051e-02 1.061e+04
5.921e-02 1.132e+04
6.073e-02 1.047e+04
6.055e-02 1.057e+04
6.022e-02 1.079e+04
6.017e-02 1.076e+04
5.982e-02 1.097e+04
5.864e-02 1.145e+04
6.077e-02 1.023e+04
5.931e-02 1.109e+04
5.957e-02 1.103e+04
5.906e-02 1.117e+04
5.939e-02 1.116e+04
6.060e-02 1.048e+04
6.072e-02 1.044e+04
6.029e-02 1.065e+04
5.843e-02 1.171e+04
5.952e-02 1.110e+04
5.963e-02 1.098e+04
6.071e-02 1.042e+04
5.946e-02 1.111e+04
6.055e-02 1.064e+04
5.942e-02 1.102e+04
5.987e-02 1.088e+04
6.009e-02 1.079e+04
6.074e-02 1.033e+04
6.008e-02 1.064e+04
6.055e-02 1.046e+04
5.950e-02 1.110e+04
6.032e-02 1.058e+04
5.991e-02 1.083e+04
5.980e-02 1.075e+04
5.873e-02 1.133e+04
5.994e-02 1.081e+04
5.928e-02 1.122e+04
6.043e-02 1.069e+04
5.876e-02 1.145e+04
5.935e-02 1.114e+04
5.986e-02 1.070e+04
6.046e-02 1.047e+04
5.966e-02 1.100e+04
6.171e-02 9.731e+03
5.944e-02 1.106e+04
5.883e-02 1.146e+04
5.980e-02 1.086e+04
5.985e-02 1.097e+04
5.920e-02 1.128e+04
5.962e-02 1.100e+04
6.079e-02 1.031e+04
5.999e-02 1.063e+04
6.024e-02 1.045e+04
6.009e-02 1.075e+04
6.009e-02 1.068e+04
5.870e-02 1.152e+04
6.102e-02 1.016e+04
5.968e-02 1.094e+04
5.942e-02 1.121e+04
5.937e-02 1.125e+04
6.015e-02 1.065e+04
6.003e-02 1.086e+04
5.963e-02 1.098e+04
6.021e-02 1.069e+04
5.886e-02 1.126e+04
6.080e-02 1.043e+04
5.963e-02 1.097e+04
6.135e-02 1.015e+04
5.985e-02 1.075e+04
6.081e-02 1.031e+04
5.979e-02 1.084e+04
6.144e-02 9.999e+03
6.035e-02 1.068e+04
5.885e-02 1.135e+04
5.866e-02 1.140e+04
6.096e-02 1.032e+04
5.977e-02 1.081e+04
5.885e-02 1.140e+04
5.959e-02 1.099e+04
6.060e-02 1.045e+04
6.113e-02 1.011e+04
5.921e-02 1.122e+04
5.907e-02 1.138e+04
6.001e-02 1.077e+04
5.967e-02 1.105e+04
5.985e-02 1.090e+04
5.959e-02 1.095e+04
6.058e-02 1.058e+04
5.972e-02 1.106e+04
5.967e-02 1.092e+04
5.955e-02 1.102e+04
5.971e-02 1.103e+04
6.056e-02 1.036e+04
5.997e-02 1.079e+04
6.023e-02 1.061e+04
6.135e-02 1.013e+04
6.019e-02 1.062e+04
5.896e-02 1.111e+04
6.084e-02 1.037e+04
6.017e-02 1.068e+04
5.984e-02 1.086e+04
5.967e-02 1.096e+04
5.953e-02 1.103e+04
5.994e-02 1.087e+04
5.894e-02 1.131e+04
6.053e-02 1.058e+04
5.922e-02 1.114e+04
6.001e-02 1.084e+04
5.988e-02 1.072e+04
6.012e-02 1.064e+04
6.077e-02 1.041e+04
6.147e-02 1.005e+04
6.084e-02 1.037e+04
5.815e-02 1.176e+04
6.023e-02 1.063e+04
5.910e-02 1.118e+04
6.049e-02 1.055e+04
6.084e-02 1.038e+04
6.127e-02 1.015e+04
5.930e-02 1.119e+04
6.057e-02 1.051e+04
5.979e-02 1.074e+04
6.095e-02 1.018e+04
6.039e-02 1.059e+04
5.900e-02 1.128e+04
6.024e-02 1.068e+04
5.967e-02 1.106e+04
5.987e-02 1.072e+04
5.961e-02 1.096e+04
5.852e-02 1.162e+04
6.126e-02 1.018e+04
5.977e-02 1.101e+04
5.914e-02 1.118e+04
6.006e-02 1.081e+04
6.034e-02 1.062e+04
6.085e-02 1.044e+04
6.061e-02 1.044e+04
5.985e-02 1.074e+04
6.039e-02 1.066e+04
6.150e-02 1.008e+04
5.975e-02 1.088e+04
5.839e-02 1.162e+04
6.095e-02 1.029e+04
5.912e-02 1.130e+04
5.999e-02 1.086e+04
5.895e-02 1.125e+04
5.987e-02 1.072e+04
5.960e-02 1.092e+04
6.030e-02 1.062e+04
5.994e-02 1.076e+04
5.960e-02 1.106e+04
5.877e-02 1.146e+04
5.861e-02 1.146e+04
5.914e-02 1.124e+04
5.979e-02 1.082e+04
5.917e-02 1.132e+04
5.862e-02 1.154e+04
5.963e-02 1.087e+04
5.910e-02 1.130e+04
5.824e-02 1.171e+04
5.985e-02 1.093e+04
6.110e-02 1.031e+04
5.993e-02 1.077e+04
5.950e-02 1.092e+04
5.922e-02 1.129e+04
6.054e-02 1.047e+04
6.023e-02 1.072e+04
5.977e-02 1.097e+04
5.921e-02 1.131e+04
6.006e-02 1.074e+04
6.070e-02 1.035e+04
6.056e-02 1.046e+04
6.010e-02 1.073e+04
6.013e-02 1.070e+04
5.959e-02 1.095e+04
5.983e-02 1.094e+04
5.878e-02 1.126e+04
6.059e-02 1.045e+04
5.964e-02 1.098e+04
6.003e-02 1.079e+04
5.970e-02 1.103e+04
6.011e-02 1.073e+04
6.024e-02 1.076e+04
5.952e-02 1.114e+04
5.953e-02 1.107e+04
6.022e-02 1.071e+04
6.038e-02 1.055e+04
6.064e-02 1.035e+04
5.887e-02 1.129e+04
6.134e-02 1.007e+04
6.025e-02 1.069e+04
5.972e-02 1.089e+04
6.030e-02 1.061e+04
5.961e-02 1.090e+04
6.119e-02 1.032e+04
5.994e-02 1.087e+04
6.022e-02 1.060e+04
6.033e-02 1.060e+04
6.065e-02 1.041e+04
5.975e-02 1.100e+04
5.944e-02 1.109e+04
6.039e-02 1.053e+04
5.949e-02 1.098e+04
5.945e-02 1.113e+04
6.055e-02 1.043e+04
6.122e-02 1.018e+04
5.958e-02 1.104e+04
5.842e-02 1.168e+04
5.971e-02 1.086e+04
5.948e-02 1.100e+04
5.922e-02 1.129e+04
6.064e-02 1.043e+04
6.016e-02 1.075e+04
6.037e-02 1.048e+04
6.151e-02 1.009e+04
6.107e-02 1.029e+04
6.072e-02 1.033e+04
5.938e-02 1.107e+04
5.980e-02 1.087e+04
6.004e-02 1.072e+04
6.017e-02 1.077e+04
6.063e-02 1.036e+04
5.834e-02 1.173e+04
6.077e-02 1.046e+04
5.918e-02 1.122e+04
5.963e-02 1.095e+04
6.062e-02 1.038e+04
5.922e-02 1.115e+04
6.011e-02 1.072e+04
6.023e-02 1.071e+04
5.957e-02 1.103e+04
6.121e-02 1.014e+04
6.056e-02 1.052e+04
5.957e-02 1.093e+04
6.009e-02 1.070e+04
6.071e-02 1.048e+04
6.106e-02 1.026e+04
5.932e-02 1.115e+04
6.116e-02 1.014e+04
5.968e-02 1.104e+04
5.943e-02 1.110e+04
6.143e-02 1.013e+04
6.081e-02 1.034e+04
5.860e-02 1.145e+04
6.010e-02 1.078e+04
5.928e-02 1.111e+04
6.050e-02 1.038e+04
5.962e-02 1.087e+04
6.047e-02 1.056e+04
6.052e-02 1.058e+04
6.149e-02 1.013e+04
6.076e-02 1.041e+04
5.797e-02 1.201e+04
5.972e-02 1.086e+04
6.026e-02 1.056e+04
5.919e-02 1.110e+04
5.799e-02 1.177e+04
5.908e-02 1.121e+04
6.116e-02 1.020e+04
6.027e-02 1.071e+04
5.866e-02 1.142e+04
5.996e-02 1.100e+04
6.134e-02 1.001e+04
6.015e-02 1.077e+04
5.936e-02 1.096e+04
5.950e-02 1.110e+04
6.071e-02 1.035e+04
5.979e-02 1.080e+04
5.894e-02 1.129e+04
5.966e-02 1.091e+04
5.988e-02 1.067e+04
5.960e-02 1.099e+04
5.871e-02 1.137e+04
6.057e-02 1.045e+04
5.937e-02 1.112e+04
6.087e-02 1.034e+04
6.187e-02 9.884e+03
6.082e-02 1.043e+04
5.995e-02 1.071e+04
5.961e-02 1.100e+04
5.832e-02 1.154e+04
5.947e-02 1.111e+04
6.037e-02 1.071e+04
6.049e-02 1.052e+04
6.123e-02 1.024e+04
5.944e-02 1.100e+04
6.045e-02 1.063e+04
5.998e-02 1.079e+04
5.916e-02 1.108e+04
6.033e-02 1.058e+04
6.045e-02 1.050e+04
6.021e-02 1.060e+04
6.074e-02 1.036e+04
5.992e-02 1.075e+04
5.971e-02 1.074e+04
6.019e-02 1.062e+04
5.873e-02 1.151e+04
6.017e-02 1.075e+04
5.963e-02 1.094e+04
6.061e-02 1.043e+04
6.019e-02 1.060e+04
6.067e-02 1.048e+04
6.011e-02 1.082e+04
6.036e-02 1.058e+04
5.998e-02 1.072e+04
5.992e-02 1.073e+04
6.098e-02 1.029e+04
5.980e-02 1.073e+04
6.058e-02 1.043e+04
6.041e-02 1.054e+04
6.053e-02 1.062e+04
6.030e-02 1.064e+04
5.970e-02 1.094e+04
5.986e-02 1.103e+04
5.976e-02 1.093e+04
5.908e-02 1.127e+04
6.026e-02 1.075e+04
6.005e-02 1.071e+04
5.968e-02 1.091e+04
5.992e-02 1.079e+04
5.991e-02 1.077e+04
5.860e-02 1.151e+04
5.937e-02 1.101e+04
6.040e-02 1.068e+04
6.004e-02 1.085e+04
6.037e-02 1.067e+04
5.922e-02 1.113e+04
6.052e-02 1.055e+04
5.982e-02 1.079e+04
6.087e-02 1.052e+04
5.981e-02 1.083e+04
6.070e-02 1.039e+04
6.115e-02 1.031e+04
6.019e-02 1.066e+04
5.900e-02 1.121e+04
5.995e-02 1.084e+04
6.067e-02 1.040e+04
5.961e-02 1.089e+04
6.134e-02 1.010e+04
6.098e-02 1.020e+04
6.000e-02 1.077e+04
5.984e-02 1.073e+04
6.086e-02 1.024e+04
6.010e-02 1.082e+04
6.059e-02 1.043e+04
5.960e-02 1.095e+04
6.024e-02 1.056e+04
5.969e-02 1.095e+04
5.984e-02 1.092e+04
6.027e-02 1.060e+04
6.103e-02 1.016e+04
6.114e-02 1.023e+04
5.948e-02 1.103e+04
5.999e-02 1.067e+04
6.085e-02 1.030e+04
6.190e-02 9.829e+03
6.065e-02 1.045e+04
6.056e-02 1.055e+04
5.946e-02 1.100e+04
6.003e-02 1.069e+04
6.139e-02 1.015e+04
5.922e-02 1.119e+04
6.116e-02 1.022e+04
5.940e-02 1.111e+04
6.008e-02 1.066e+04
5.963e-02 1.096e+04
5.946e-02 1.099e+04
5.968e-02 1.091e+04
6.109e-02 1.018e+04
6.053e-02 1.051e+04
6.034e-02 1.060e+04
6.008e-02 1.072e+04
5.990e-02 1.080e+04
6.049e-02 1.057e+04
5.888e-02 1.132e+04
5.906e-02 1.127e+04
6.025e-02 1.064e+04
6.002e-02 1.067e+04
6.068e-02 1.037e+04
6.029e-02 1.063e+04
5.999e-02 1.076e+04
6.101e-02 1.027e+04
6.105e-02 1.033e+04
6.173e-02 9.772e+03
6.018e-02 1.080e+04
6.053e-02 1.054e+04
6.041e-02 1.035e+04
6.051e-02 1.055e+04
5.976e-02 1.101e+04
6.119e-02 1.010e+04
5.980e-02 1.072e+04
6.069e-02 1.033e+04
6.128e-02 1.015e+04
6.029e-02 1.067e+04
5.850e-02 1.163e+04
5.882e-02 1.156e+04
5.991e-02 1.074e+04
6.110e-02 1.012e+04
5.982e-02 1.096e+04
6.025e-02 1.061e+04
5.937e-02 1.119e+04
6.033e-02 1.057e+04
6.012e-02 1.080e+04
5.884e-02 1.141e+04
5.978e-02 1.082e+04
6.021e-02 1.083e+04
5.960e-02 1.097e+04
5.987e-02 1.068e+04
5.967e-02 1.098e+04
5.950e-02 1.114e+04
6.027e-02 1.068e+04
6.073e-02 1.050e+04
6.126e-02 1.021e+04
6.030e-02 1.061e+04
5.988e-02 1.083e+04
5.987e-02 1.096e+04
6.056e-02 1.049e+04
5.947e-02 1.100e+04
5.908e-02 1.134e+04
6.024e-02 1.060e+04
6.009e-02 1.086e+04
6.020e-02 1.068e+04
5.950e-02 1.083e+04
6.023e-02 1.055e+04
6.043e-02 1.056e+04
6.155e-02 1.006e+04
6.078e-02 1.050e+04
6.009e-02 1.071e+04
6.113e-02 1.030e+04
5.973e-02 1.105e+04
5.958e-02 1.087e+04
5.995e-02 1.084e+04
6.160e-02 9.974e+03
6.047e-02 1.057e+04
6.020e-02 1.067e+04
6.011e-02 1.062e+04
5.948e-02 1.107e+04
5.979e-02 1.087e+04
5.941e-02 1.104e+04
5.974e-02 1.088e+04
5.973e-02 1.093e+04
6.005e-02 1.067e+04
6.035e-02 1.064e+04
5.986e-02 1.079e+04
6.010e-02 1.069e+04
6.046e-02 1.042e+04
5.986e-02 1.097e+04
5.918e-02 1.108e+04
6.013e-02 1.070e+04
6.086e-02 1.033e+04
6.075e-02 1.043e+04
5.987e-02 1.084e+04
5.904e-02 1.138e+04
5.965e-02 1.091e+04
6.034e-02 1.061e+04
6.004e-02 1.072e+04
6.091e-02 1.035e+04
5.978e-02 1.097e+04
6.019e-02 1.070e+04
6.162e-02 1.014e+04
5.958e-02 1.094e+04
5.932e-02 1.118e+04
5.990e-02 1.088e+04
6.027e-02 1.066e+04
6.056e-02 1.042e+04
6.082e-02 1.035e+04
5.962e-02 1.104e+04
6.109e-02 1.025e+04
6.105e-02 1.030e+04
5.911e-02 1.101e+04
6.011e-02 1.061e+04
6.011e-02 1.084e+04
5.939e-02 1.117e+04
6.018e-02 1.078e+04
5.908e-02 1.131e+04
5.958e-02 1.098e+04
5.895e-02 1.126e+04
6.069e-02 1.044e+04
5.928e-02 1.112e+04
5.958e-02 1.096e+04
6.006e-02 1.070e+04
6.086e-02 1.036e+04
6.094e-02 1.027e+04
6.027e-02 1.070e+04
6.039e-02 1.065e+04
6.027e-02 1.064e+04
5.987e-02 1.089e+04
5.952e-02 1.110e+04
6.065e-02 1.047e+04
5.929e-02 1.100e+04
5.884e-02 1.135e+04
6.071e-02 1.043e+04
6.057e-02 1.047e+04
6.046e-02 1.052e+04
6.097e-02 1.020e+04
6.033e-02 1.051e+04
6.037e-02 1.047e+04
5.998e-02 1.074e+04
6.018e-02 1.067e+04
5.994e-02 1.072e+04
6.003e-02 1.078e+04
5.822e-02 1.176e+04
6.041e-02 1.055e+04
5.953e-02 1.086e+04
6.025e-02 1.067e+04
6.003e-02 1.065e+04
5.960e-02 1.098e+04
5.989e-02 1.070e+04
5.985e-02 1.078e+04
6.064e-02 1.038e+04
6.007e-02 1.074e+04
5.915e-02 1.109e+04
5.950e-02 1.101e+04
6.041e-02 1.048e+04
6.047e-02 1.055e+04
5.985e-02 1.090e+04
6.035e-02 1.059e+04
6.082e-02 1.022e+04
5.931e-02 1.112e+04
5.969e-02 1.089e+04
5.901e-02 1.124e+04
5.998e-02 1.071e+04
5.953e-02 1.106e+04
6.065e-02 1.048e+04
6.117e-02 1.014e+04
6.071e-02 1.048e+04
6.015e-02 1.070e+04
6.043e-02 1.060e+04
6.071e-02 1.046e+04
6.024e-02 1.082e+04
5.932e-02 1.121e+04
5.951e-02 1.110e+04
6.043e-02 1.052e+04
5.988e-02 1.085e+04
6.001e-02 1.073e+04
5.866e-02 1.152e+04
5.853e-02 1.153e+04
6.024e-02 1.055e+04
6.053e-02 1.061e+04
5.984e-02 1.083e+04
5.964e-02 1.099e+04
5.916e-02 1.128e+04
6.069e-02 1.033e+04
5.879e-02 1.123e+04
5.931e-02 1.123e+04
5.983e-02 1.073e+04
6.116e-02 1.019e+04
6.058e-02 1.047e+04
5.939e-02 1.098e+04
5.915e-02 1.125e+04
5.939e-02 1.113e+04
5.943e-02 1.113e+04
6.102e-02 1.025e+04
5.978e-02 1.098e+04
6.012e-02 1.067e+04
5.950e-02 1.108e+04
6.011e-02 1.065e+04
6.095e-02 1.018e+04
6.118e-02 1.024e+04
6.023e-02 1.070e+04
5.993e-02 1.089e+04
5.952e-02 1.115e+04
6.061e-02 1.056e+04
6.011e-02 1.060e+04
6.100e-02 1.019e+04
5.931e-02 1.120e+04
5.977e-02 1.097e+04
5.946e-02 1.117e+04
6.020e-02 1.067e+04
5.953e-02 1.098e+04
6.009e-02 1.082e+04
5.891e-02 1.131e+04
5.983e-02 1.102e+04
6.015e-02 1.079e+04
6.030e-02 1.069e+04
6.001e-02 1.089e+04
6.106e-02 1.019e+04
6.116e-02 1.026e+04
6.014e-02 1.072e+04
6.099e-02 1.034e+04
6.036e-02 1.064e+04
6.038e-02 1.057e+04
5.968e-02 1.098e+04
6.054e-02 1.062e+04
6.081e-02 1.043e+04
6.034e-02 1.067e+04
5.922e-02 1.098e+04
5.995e-02 1.064e+04
5.920e-02 1.113e+04
6.084e-02 1.035e+04
6.178e-02 9.734e+03
6.129e-02 9.980e+03
5.981e-02 1.091e+04
6.014e-02 1.063e+04
5.993e-02 1.087e+04
6.065e-02 1.046e+04
5.988e-02 1.079e+04
6.079e-02 1.032e+04
6.036e-02 1.055e+04
6.034e-02 1.068e+04
5.980e-02 1.096e+04
5.970e-02 1.086e+04
6.020e-02 1.066e+04
5.982e-02 1.098e+04
5.974e-02 1.089e+04
6.006e-02 1.073e+04
6.107e-02 1.023e+04
5.956e-02 1.095e+04
5.962e-02 1.102e+04
6.102e-02 1.019e+04
5.983e-02 1.100e+04
6.012e-02 1.074e+04
6.008e-02 1.061e+04
6.016e-02 1.054e+04
6.164e-02 1.010e+04
5.998e-02 1.080e+04
6.015e-02 1.075e+04
5.999e-02 1.074e+04
5.941e-02 1.103e+04
6.043e-02 1.054e+04
6.100e-02 1.041e+04
5.986e-02 1.087e+04
6.042e-02 1.054e+04
6.003e-02 1.084e+04
5.994e-02 1.085e+04
6.003e-02 1.060e+04
6.130e-02 1.006e+04
6.069e-02 1.042e+04
6.116e-02 1.008e+04
6.044e-02 1.051e+04
5.891e-02 1.144e+04
6.042e-02 1.071e+04
5.975e-02 1.085e+04
6.054e-02 1.049e+04
5.956e-02 1.087e+04
6.017e-02 1.082e+04
6.119e-02 1.030e+04
6.117e-02 1.024e+04
5.944e-02 1.102e+04
5.881e-02 1.150e+04
6.070e-02 1.039e+04
6.029e-02 1.063e+04
5.965e-02 1.101e+04
5.920e-02 1.115e+04
6.042e-02 1.053e+04
5.973e-02 1.090e+04
5.940e-02 1.107e+04
6.048e-02 1.040e+04
6.003e-02 1.070e+04
6.047e-02 1.055e+04
6.043e-02 1.041e+04
6.096e-02 1.035e+04
5.957e-02 1.089e+04
6.026e-02 1.069e+04
5.961e-02 1.098e+04
6.090e-02 1.026e+04
6.006e-02 1.060e+04
5.945e-02 1.121e+04
6.089e-02 1.042e+04
5.941e-02 1.105e+04
5.989e-02 1.077e+04
5.885e-02 1.153e+04
5.934e-02 1.119e+04
5.917e-02 1.116e+04
6.022e-02 1.070e+04
5.974e-02 1.078e+04
5.940e-02 1.091e+04
5.985e-02 1.095e+04
5.960e-02 1.096e+04
6.082e-02 1.026e+04
6.008e-02 1.076e+04
5.983e-02 1.084e+04
6.090e-02 1.033e+04
6.062e-02 1.054e+04
5.995e-02 1.083e+04
5.919e-02 1.122e+04
6.037e-02 1.051e+04
6.068e-02 1.030e+04
5.937e-02 1.101e+04
6.071e-02 1.045e+04
5.945e-02 1.095e+04
6.064e-02 1.050e+04
5.973e-02 1.083e+04
6.057e-02 1.062e+04
6.121e-02 1.024e+04
6.068e-02 1.038e+04
6.033e-02 1.062e+04
6.016e-02 1.074e+04
6.091e-02 1.033e+04
6.007e-02 1.079e+04
6.010e-02 1.074e+04
6.175e-02 9.925e+03
6.143e-02 1.005e+04
5.978e-02 1.079e+04
6.150e-02 1.000e+04
6.109e-02 1.017e+04
5.997e-02 1.077e+04
5.884e-02 1.122e+04
6.041e-02 1.053e+04
6.196e-02 9.785e+03
6.028e-02 1.052e+04
6.040e-02 1.048e+04
6.008e-02 1.076e+04
5.940e-02 1.123e+04
6.067e-02 1.039e+04
5.966e-02 1.101e+04
6.001e-02 1.086e+04
5.957e-02 1.098e+04
6.031e-02 1.066e+04
6.079e-02 1.049e+04
6.079e-02 1.033e+04
6.059e-02 1.042e+04
5.956e-02 1.108e+04
6.156e-02 1.006e+04
5.903e-02 1.132e+04
6.040e-02 1.053e+04
5.940e-02 1.115e+04
6.079e-02 1.043e+04
6.004e-02 1.068e+04
5.934e-02 1.115e+04
6.025e-02 1.066e+04
5.942e-02 1.113e+04
5.891e-02 1.136e+04
6.040e-02 1.047e+04
6.050e-02 1.052e+04
5.943e-02 1.115e+04
6.046e-02 1.043e+04
6.055e-02 1.042e+04
5.991e-02 1.079e+04
5.967e-02 1.113e+04
5.863e-02 1.153e+04
6.129e-02 1.018e+04
5.980e-02 1.083e+04
5.915e-02 1.131e+04
6.045e-02 1.060e+04
5.884e-02 1.141e+04
6.057e-02 1.039e+04
5.948e-02 1.101e+04
5.928e-02 1.114e+04
6.017e-02 1.083e+04
5.942e-02 1.117e+04
5.859e-02 1.149e+04
6.139e-02 1.003e+04
6.070e-02 1.045e+04
5.931e-02 1.103e+04
5.972e-02 1.091e+04
6.067e-02 1.042e+04
5.979e-02 1.071e+04
5.954e-02 1.103e+04
5.909e-02 1.125e+04
6.005e-02 1.076e+04
6.041e-02 1.074e+04
6.045e-02 1.056e+04
5.939e-02 1.113e+04
6.093e-02 1.033e+04
6.081e-02 1.047e+04
5.996e-02 1.085e+04
6.150e-02 1.004e+04
5.977e-02 1.083e+04
6.134e-02 1.010e+04
5.893e-02 1.138e+04
6.235e-02 9.684e+03
6.122e-02 1.024e+04
6.147e-02 9.933e+03
6.157e-02 9.954e+03
5.869e-02 1.139e+04
6.036e-02 1.055e+04
5.900e-02 1.134e+04
5.971e-02 1.087e+04
6.037e-02 1.052e+04
6.082e-02 1.037e+04
6.049e-02 1.056e+04
5.990e-02 1.082e+04
6.055e-02 1.058e+04
6.086e-02 1.026e+04
6.102e-02 1.023e+04
5.999e-02 1.079e+04
6.001e-02 1.080e+04
5.992e-02 1.070e+04
5.967e-02 1.085e+04
6.014e-02 1.075e+04
6.085e-02 1.029e+04
6.120e-02 1.025e+04
5.951e-02 1.112e+04
5.939e-02 1.103e+04
6.128e-02 1.011e+04
6.071e-02 1.045e+04
5.960e-02 1.095e+04
6.038e-02 1.056e+04
6.041e-02 1.060e+04
6.039e-02 1.080e+04
6.034e-02 1.069e+04
6.086e-02 1.046e+04
5.957e-02 1.098e+04
6.125e-02 1.012e+04
6.016e-02 1.070e+04
6.076e-02 1.048e+04
5.895e-02 1.130e+04
5.922e-02 1.117e+04
5.954e-02 1.100e+04
6.013e-02 1.074e+04
6.065e-02 1.057e+04
6.027e-02 1.064e+04
6.040e-02 1.048e+04
6.205e-02 9.911e+03
5.992e-02 1.073e+04
6.059e-02 1.033e+04
6.092e-02 1.033e+04
6.067e-02 1.037e+04
6.027e-02 1.064e+04
5.928e-02 1.122e+04
5.961e-02 1.102e+04
5.960e-02 1.099e+04
6.045e-02 1.059e+04
6.042e-02 1.058e+04
6.018e-02 1.066e+04
5.971e-02 1.082e+04
6.024e-02 1.075e+04
6.083e-02 1.024e+04
5.931e-02 1.103e+04
6.212e-02 9.913e+03
6.087e-02 1.044e+04
5.936e-02 1.111e+04
6.050e-02 1.051e+04
5.933e-02 1.110e+04
6.010e-02 1.068e+04
6.075e-02 1.042e+04
6.033e-02 1.048e+04
5.967e-02 1.093e+04
6.008e-02 1.071e+04
6.047e-02 1.046e+04
6.024e-02 1.071e+04
6.118e-02 1.027e+04
6.021e-02 1.072e+04
5.957e-02 1.095e+04
5.940e-02 1.111e+04
6.005e-02 1.083e+04
6.089e-02 1.040e+04
6.043e-02 1.062e+04
6.066e-02 1.036e+04
5.878e-02 1.147e+04
6.213e-02 9.774e+03
6.039e-02 1.039e+04
6.040e-02 1.048e+04
5.956e-02 1.102e+04
6.073e-02 1.039e+04
6.109e-02 1.018e+04
5.986e-02 1.084e+04
5.988e-02 1.075e+04
5.960e-02 1.088e+04
6.014e-02 1.088e+04
6.012e-02 1.082e+04
6.054e-02 1.051e+04
6.019e-02 1.072e+04
6.050e-02 1.050e+04
5.979e-02 1.098e+04
6.015e-02 1.074e+04
6.126e-02 1.016e+04
6.015e-02 1.060e+04
5.980e-02 1.089e+04
6.069e-02 1.047e+04
5.992e-02 1.073e+04
6.094e-02 1.034e+04
5.967e-02 1.096e+04
6.147e-02 1.005e+04
5.953e-02 1.112e+04
5.950e-02 1.108e+04
5.997e-02 1.087e+04
6.026e-02 1.074e+04
6.109e-02 1.008e+04
5.991e-02 1.092e+04
6.040e-02 1.059e+04
5.997e-02 1.078e+04
5.958e-02 1.107e+04
5.972e-02 1.086e+04
6.061e-02 1.046e+04
5.994e-02 1.094e+04
6.018e-02 1.060e+04
6.049e-02 1.057e+04
5.967e-02 1.099e+04
5.990e-02 1.096e+04
5.919e-02 1.118e+04
6.003e-02 1.070e+04
5.921e-02 1.125e+04
5.864e-02 1.149e+04
6.003e-02 1.068e+04
5.972e-02 1.081e+04
6.006e-02 1.078e+04
5.954e-02 1.104e+04
5.885e-02 1.135e+04
5.952e-02 1.110e+04
6.037e-02 1.050e+04
6.127e-02 1.008e+04
5.966e-02 1.103e+04
5.965e-02 1.101e+04
5.901e-02 1.124e+04
6.152e-02 1.011e+04
6.069e-02 1.036e+04
6.003e-02 1.075e+04
6.059e-02 1.044e+04
6.083e-02 1.027e+04
6.010e-02 1.065e+04
6.150e-02 1.013e+04
6.017e-02 1.065e+04
5.914e-02 1.117e+04
5.952e-02 1.108e+04
5.984e-02 1.090e+04
6.027e-02 1.064e+04
6.054e-02 1.037e+04
6.162e-02 9.999e+03
6.051e-02 1.063e+04
6.121e-02 1.017e+04
5.960e-02 1.106e+04
5.918e-02 1.128e+04
6.024e-02 1.061e+04
5.887e-02 1.121e+04
5.994e-02 1.069e+04
5.895e-02 1.143e+04
6.004e-02 1.063e+04
5.933e-02 1.113e+04
6.080e-02 1.038e+04
5.955e-02 1.094e+04
6.108e-02 1.020e+04
5.882e-02 1.127e+04
5.996e-02 1.071e+04
6.026e-02 1.059e+04
6.137e-02 1.020e+04
5.999e-02 1.075e+04
6.000e-02 1.078e+04
6.012e-02 1.075e+04
5.951e-02 1.103e+04
5.859e-02 1.159e+04
5.899e-02 1.136e+04
5.997e-02 1.085e+04
5.977e-02 1.087e+04
5.931e-02 1.114e+04
6.018e-02 1.070e+04
6.100e-02 1.034e+04
5.911e-02 1.130e+04
6.043e-02 1.050e+04
5.920e-02 1.119e+04
5.977e-02 1.077e+04
5.992e-02 1.081e+04
6.042e-02 1.045e+04
6.056e-02 1.036e+04
5.950e-02 1.105e+04
6.018e-02 1.061e+04
6.083e-02 1.028e+04
6.180e-02 9.938e+03
5.987e-02 1.078e+04
5.929e-02 1.118e+04
5.925e-02 1.124e+04
6.089e-02 1.026e+04
6.149e-02 9.940e+03
5.904e-02 1.119e+04
5.863e-02 1.152e+04
6.000e-02 1.064e+04
6.066e-02 1.051e+04
5.867e-02 1.147e+04
6.056e-02 1.048e+04
6.181e-02 9.809e+03
6.061e-02 1.054e+04
6.013e-02 1.066e+04
6.044e-02 1.060e+04
5.941e-02 1.104e+04
5.890e-02 1.128e+04
6.065e-02 1.058e+04
5.895e-02 1.130e+04
6.003e-02 1.086e+04
5.993e-02 1.082e+04
5.947e-02 1.104e+04
5.920e-02 1.119e+04
6.107e-02 1.043e+04
6.094e-02 1.030e+04
5.981e-02 1.080e+04
6.038e-02 1.065e+04
6.014e-02 1.073e+04
6.057e-02 1.055e+04
6.005e-02 1.069e+04
5.953e-02 1.114e+04
6.008e-02 1.085e+04
6.083e-02 1.044e+04
5.999e-02 1.076e+04
5.968e-02 1.098e+04
5.952e-02 1.120e+04
6.034e-02 1.052e+04
6.033e-02 1.072e+04
5.940e-02 1.113e+04
6.087e-02 1.026e+04
5.921e-02 1.117e+04
5.953e-02 1.106e+04
6.161e-02 1.010e+04
5.911e-02 1.126e+04
6.017e-02 1.070e+04
6.059e-02 1.050e+04
5.961e-02 1.100e+04
5.832e-02 1.178e+04
6.006e-02 1.070e+04
5.948e-02 1.090e+04
5.932e-02 1.118e+04
6.033e-02 1.057e+04
5.950e-02 1.114e+04
6.004e-02 1.081e+04
6.015e-02 1.074e+04
5.931e-02 1.121e+04
6.052e-02 1.049e+04
5.860e-02 1.162e+04
5.903e-02 1.116e+04
6.013e-02 1.071e+04
6.101e-02 1.032e+04
5.992e-02 1.087e+04
6.042e-02 1.055e+04
6.021e-02 1.055e+04
6.036e-02 1.062e+04
6.067e-02 1.051e+04
6.080e-02 1.036e+04
6.091e-02 1.024e+04
6.028e-02 1.065e+04
6.074e-02 1.051e+04
6.059e-02 1.047e+04
6.084e-02 1.032e+04
6.019e-02 1.074e+04
5.961e-02 1.107e+04
6.016e-02 1.074e+04
6.123e-02 1.007e+04
5.920e-02 1.126e+04
5.898e-02 1.133e+04
5.917e-02 1.117e+04
5.876e-02 1.154e+04
6.122e-02 1.022e+04
6.124e-02 1.001e+04
5.888e-02 1.128e+04
5.911e-02 1.115e+04
6.080e-02 1.038e+04
5.914e-02 1.138e+04
6.086e-02 1.037e+04
6.032e-02 1.089e+04
6.085e-02 1.039e+04
6.044e-02 1.053e+04
6.116e-02 1.014e+04
5.941e-02 1.112e+04
6.054e-02 1.046e+04
6.012e-02 1.058e+04
6.029e-02 1.069e+04
5.924e-02 1.126e+04
5.840e-02 1.172e+04
6.080e-02 1.026e+04
6.170e-02 9.969e+03
5.915e-02 1.141e+04
5.999e-02 1.080e+04
5.942e-02 1.116e+04
6.064e-02 1.047e+04
6.010e-02 1.080e+04
5.904e-02 1.142e+04
5.977e-02 1.086e+04
5.998e-02 1.066e+04
6.031e-02 1.057e+04
6.163e-02 1.001e+04
6.069e-02 1.047e+04
5.969e-02 1.085e+04
6.092e-02 1.020e+04
5.994e-02 1.074e+04
5.947e-02 1.110e+04
6.011e-02 1.069e+04
6.063e-02 1.050e+04
6.186e-02 9.942e+03
5.995e-02 1.081e+04
5.993e-02 1.074e+04
6.101e-02 1.029e+04
6.062e-02 1.049e+04
5.918e-02 1.101e+04
5.926e-02 1.119e+04
6.124e-02 1.008e+04
5.982e-02 1.072e+04
5.926e-02 1.114e+04
6.084e-02 1.038e+04
5.909e-02 1.138e+04
5.971e-02 1.103e+04
6.033e-02 1.071e+04
6.030e-02 1.067e+04
6.027e-02 1.067e+04
6.057e-02 1.041e+04
6.049e-02 1.048e+04
5.967e-02 1.107e+04
6.063e-02 1.046e+04
6.046e-02 1.043e+04
5.914e-02 1.131e+04
6.015e-02 1.071e+04
6.006e-02 1.072e+04
5.983e-02 1.084e+04
5.991e-02 1.099e+04
6.118e-02 1.020e+04
5.890e-02 1.134e+04
6.025e-02 1.072e+04
6.038e-02 1.040e+04
6.047e-02 1.051e+04
6.101e-02 1.033e+04
5.991e-02 1.089e+04
6.005e-02 1.075e+04
6.137e-02 1.010e+04
6.032e-02 1.071e+04
5.837e-02 1.166e+04
5.908e-02 1.117e+04
5.984e-02 1.089e+04
6.074e-02 1.036e+04
6.095e-02 1.032e+04
6.082e-02 1.032e+04
5.846e-02 1.168e+04
5.994e-02 1.076e+04
5.917e-02 1.120e+04
5.947e-02 1.115e+04
5.902e-02 1.134e+04
6.055e-02 1.055e+04
6.086e-02 1.021e+04
6.092e-02 1.030e+04
6.009e-02 1.070e+04
6.062e-02 1.042e+04
6.031e-02 1.062e+04
6.123e-02 1.014e+04
5.878e-02 1.144e+04
6.097e-02 1.041e+04
6.031e-02 1.068e+04
6.085e-02 1.042e+04
5.981e-02 1.075e+04
5.837e-02 1.150e+04
5.912e-02 1.124e+04
5.984e-02 1.091e+04
6.094e-02 1.019e+04
6.060e-02 1.050e+04
6.093e-02 1.016e+04
6.032e-02 1.069e+04
5.981e-02 1.088e+04
5.948e-02 1.102e+04
5.948e-02 1.099e+04
5.903e-02 1.114e+04
6.016e-02 1.085e+04
5.957e-02 1.098e+04
5.990e-02 1.075e+04
5.954e-02 1.099e+04
5.989e-02 1.068e+04
6.021e-02 1.056e+04
5.935e-02 1.110e+04
5.925e-02 1.116e+04
5.781e-02 1.197e+04
6.142e-02 1.008e+04
5.949e-02 1.097e+04
5.975e-02 1.091e+04
6.029e-02 1.068e+04
6.088e-02 1.034e+04
5.994e-02 1.077e+04
6.095e-02 1.021e+04
5.907e-02 1.130e+04
5.881e-02 1.136e+04
5.985e-02 1.073e+04
6.111e-02 1.012e+04
5.910e-02 1.127e+04
6.093e-02 1.025e+04
5.966e-02 1.100e+04
5.988e-02 1.083e+04
5.995e-02 1.074e+04
6.175e-02 9.922e+03
5.996e-02 1.081e+04
6.078e-02 1.040e+04
6.039e-02 1.062e+04
6.015e-02 1.078e+04
5.868e-02 1.149e+04
6.047e-02 1.055e+04
5.941e-02 1.105e+04
6.016e-02 1.055e+04
5.995e-02 1.091e+04
5.948e-02 1.108e+04
6.002e-02 1.076e+04
5.994e-02 1.080e+04
5.962e-02 1.103e+04
5.924e-02 1.109e+04
5.934e-02 1.111e+04
6.073e-02 1.040e+04
6.048e-02 1.046e+04
6.044e-02 1.053e+04
6.035e-02 1.052e+04
6.043e-02 1.055e+04
5.992e-02 1.070e+04
5.971e-02 1.082e+04
5.906e-02 1.130e+04
6.129e-02 1.015e+04
6.088e-02 1.033e+04
5.928e-02 1.101e+04
6.076e-02 1.044e+04
6.128e-02 1.027e+04
5.989e-02 1.082e+04
5.962e-02 1.105e+04
6.045e-02 1.065e+04
5.978e-02 1.088e+04
5.966e-02 1.097e+04
6.011e-02 1.069e+04
5.962e-02 1.094e+04
6.158e-02 1.004e+04
6.093e-02 1.035e+04
6.006e-02 1.076e+04
5.980e-02 1.090e+04
5.952e-02 1.099e+04
6.078e-02 1.033e+04
6.056e-02 1.055e+04
6.090e-02 1.032e+04
6.068e-02 1.041e+04
6.012e-02 1.080e+04
6.016e-02 1.073e+04
6.127e-02 1.016e+04
6.036e-02 1.060e+04
5.969e-02 1.094e+04
5.976e-02 1.078e+04
5.899e-02 1.142e+04
5.928e-02 1.110e+04
6.042e-02 1.062e+04
6.029e-02 1.076e+04
5.899e-02 1.121e+04
6.121e-02 1.015e+04
5.937e-02 1.111e+04
6.015e-02 1.064e+04
5.997e-02 1.086e+04
6.056e-02 1.062e+04
5.906e-02 1.134e+04
6.047e-02 1.044e+04
5.940e-02 1.096e+04
5.960e-02 1.090e+04
5.959e-02 1.102e+04
6.015e-02 1.068e+04
6.144e-02 1.002e+04
5.924e-02 1.124e+04
6.031e-02 1.059e+04
6.018e-02 1.067e+04
5.916e-02 1.127e+04
6.061e-02 1.049e+04
5.911e-02 1.120e+04
6.127e-02 1.012e+04
5.864e-02 1.163e+04
5.984e-02 1.079e+04
5.919e-02 1.134e+04
5.980e-02 1.081e+04
6.080e-02 1.047e+04
5.975e-02 1.095e+04
5.908e-02 1.128e+04
5.965e-02 1.086e+04
6.036e-02 1.062e+04
6.098e-02 1.034e+04
5.990e-02 1.071e+04
5.958e-02 1.102e+04
5.989e-02 1.092e+04
5.851e-02 1.148e+04
6.006e-02 1.082e+04
6.040e-02 1.050e+04
5.935e-02 1.103e+04
6.053e-02 1.045e+04
6.056e-02 1.051e+04
5.905e-02 1.137e+04
5.889e-02 1.141e+04
5.999e-02 1.083e+04
5.992e-02 1.082e+04
5.977e-02 1.103e+04
5.889e-02 1.119e+04
6.009e-02 1.077e+04
6.072e-02 1.032e+04
6.012e-02 1.065e+04
5.997e-02 1.077e+04
5.809e-02 1.192e+04
6.002e-02 1.079e+04
6.183e-02 9.913e+03
6.020e-02 1.070e+04
5.972e-02 1.077e+04
5.987e-02 1.090e+04
5.917e-02 1.125e+04
5.951e-02 1.095e+04
6.069e-02 1.055e+04
6.099e-02 1.036e+04
5.988e-02 1.089e+04
5.994e-02 1.075e+04
6.225e-02 9.644e+03
6.045e-02 1.044e+04
6.003e-02 1.067e+04
5.945e-02 1.101e+04
5.968e-02 1.091e+04
5.960e-02 1.088e+04
6.036e-02 1.055e+04
5.898e-02 1.139e+04
6.009e-02 1.064e+04
6.064e-02 1.044e+04
5.946e-02 1.104e+04
6.026e-02 1.074e+04
5.948e-02 1.130e+04
5.914e-02 1.123e+04
5.982e-02 1.088e+04
6.014e-02 1.069e+04
5.913e-02 1.103e+04
5.942e-02 1.100e+04
6.046e-02 1.054e+04
5.939e-02 1.118e+04
6.011e-02 1.062e+04
5.937e-02 1.109e+04
5.942e-02 1.102e+04
5.971e-02 1.092e+04
5.861e-02 1.135e+04
5.919e-02 1.130e+04
6.030e-02 1.073e+04
5.969e-02 1.107e+04
5.998e-02 1.087e+04
6.009e-02 1.059e+04
5.996e-02 1.086e+04
5.911e-02 1.121e+04
5.968e-02 1.090e+04
6.266e-02 9.523e+03
5.996e-02 1.074e+04
6.103e-02 1.037e+04
6.047e-02 1.045e+04
6.081e-02 1.032e+04
5.945e-02 1.104e+04
5.924e-02 1.116e+04
6.152e-02 1.004e+04
5.915e-02 1.118e+04
6.002e-02 1.071e+04
5.949e-02 1.107e+04
5.938e-02 1.109e+04
6.062e-02 1.048e+04
5.996e-02 1.076e+04
6.168e-02 9.989e+03
6.015e-02 1.078e+04
6.049e-02 1.050e+04
5.984e-02 1.070e+04
6.031e-02 1.058e+04
6.123e-02 1.008e+04
5.990e-02 1.088e+04
6.130e-02 1.026e+04
6.030e-02 1.061e+04
5.951e-02 1.105e+04
6.051e-02 1.055e+04
5.910e-02 1.115e+04
6.064e-02 1.037e+04
5.880e-02 1.137e+04
6.038e-02 1.066e+04
5.924e-02 1.115e+04
5.992e-02 1.088e+04
5.981e-02 1.090e+04
6.162e-02 9.934e+03
6.000e-02 1.071e+04
6.093e-02 1.034e+04
5.962e-02 1.086e+04
5.976e-02 1.092e+04
5.904e-02 1.127e+04
6.081e-02 1.028e+04
6.136e-02 1.006e+04
5.999e-02 1.074e+04
6.003e-02 1.067e+04
6.065e-02 1.046e+04
6.085e-02 1.038e+04
6.111e-02 1.027e+04
5.897e-02 1.126e+04
6.096e-02 1.030e+04
6.063e-02 1.046e+04
6.015e-02 1.078e+04
6.042e-02 1.053e+04
5.933e-02 1.111e+04
5.755e-02 1.224e+04
6.048e-02 1.047e+04
5.995e-02 1.080e+04
6.001e-02 1.077e+04
5.891e-02 1.130e+04
5.984e-02 1.101e+04
6.148e-02 1.007e+04
5.863e-02 1.155e+04
5.988e-02 1.078e+04
6.009e-02 1.076e+04
6.121e-02 1.011e+04
6.016e-02 1.068e+04
5.959e-02 1.104e+04
5.878e-02 1.139e+04
6.155e-02 1.005e+04
6.058e-02 1.040e+04
6.095e-02 1.023e+04
5.848e-02 1.157e+04
5.941e-02 1.101e+04
6.071e-02 1.055e+04
6.044e-02 1.063e+04
5.905e-02 1.136e+04
5.978e-02 1.099e+04
5.930e-02 1.098e+04
5.907e-02 1.128e+04
6.085e-02 1.031e+04
6.092e-02 1.032e+04
6.038e-02 1.061e+04
6.105e-02 1.037e+04
5.991e-02 1.084e+04
6.074e-02 1.054e+04
6.209e-02 9.813e+03
6.035e-02 1.066e+04
6.055e-02 1.061e+04
5.988e-02 1.075e+04
6.024e-02 1.075e+04
6.104e-02 1.026e+04
6.053e-02 1.052e+04
5.950e-02 1.109e+04
5.994e-02 1.077e+04
5.947e-02 1.098e+04
6.014e-02 1.050e+04
6.024e-02 1.059e+04
6.195e-02 9.898e+03
6.129e-02 1.019e+04
6.018e-02 1.068e+04
6.041e-02 1.067e+04
6.108e-02 1.028e+04
6.036e-02 1.041e+04
5.986e-02 1.087e+04
5.959e-02 1.109e+04
6.060e-02 1.061e+04
6.067e-02 1.047e+04
5.909e-02 1.131e+04
5.986e-02 1.076e+04
5.988e-02 1.087e+04
6.056e-02 1.056e+04
6.108e-02 1.027e+04
5.949e-02 1.101e+04
5.923e-02 1.115e+04
5.853e-02 1.158e+04
6.011e-02 1.070e+04
6.075e-02 1.046e+04
6.005e-02 1.073e+04
5.944e-02 1.107e+04
6.007e-02 1.082e+04
6.052e-02 1.053e+04
5.998e-02 1.084e+04
5.952e-02 1.098e+04
6.036e-02 1.054e+04
6.031e-02 1.066e+04
6.003e-02 1.071e+04
5.970e-02 1.096e+04
6.096e-02 1.033e+04
6.049e-02 1.038e+04
6.046e-02 1.047e+04
6.008e-02 1.067e+04
5.998e-02 1.086e+04
5.947e-02 1.087e+04
5.900e-02 1.118e+04
5.862e-02 1.141e+04
6.052e-02 1.034e+04
6.019e-02 1.066e+04
6.016e-02 1.071e+04
6.112e-02 1.016e+04
5.949e-02 1.104e+04
5.921e-02 1.106e+04
5.984e-02 1.081e+04
5.972e-02 1.082e+04
6.081e-02 1.050e+04
6.041e-02 1.055e+04
5.983e-02 1.083e+04
5.957e-02 1.104e+04
6.022e-02 1.053e+04
6.010e-02 1.069e+04
6.009e-02 1.074e+04
6.032e-02 1.056e+04
6.064e-02 1.049e+04
6.071e-02 1.040e+04
5.951e-02 1.110e+04
6.046e-02 1.048e+04
5.962e-02 1.080e+04
5.972e-02 1.103e+04
6.101e-02 1.030e+04
5.912e-02 1.124e+04
6.278e-02 9.399e+03
6.150e-02 1.000e+04
5.932e-02 1.113e+04
5.969e-02 1.096e+04
6.082e-02 1.042e+04
6.035e-02 1.067e+04
5.900e-02 1.141e+04
5.969e-02 1.101e+04
5.997e-02 1.067e+04
5.989e-02 1.077e+04
5.949e-02 1.094e+04
6.010e-02 1.084e+04
5.984e-02 1.090e+04
5.924e-02 1.118e+04
5.949e-02 1.101e+04
5.902e-02 1.133e+04
5.939e-02 1.107e+04
5.966e-02 1.087e+04
5.969e-02 1.103e+04
5.883e-02 1.127e+04
6.031e-02 1.051e+04
6.031e-02 1.061e+04
5.925e-02 1.105e+04
6.058e-02 1.057e+04
6.168e-02 1.006e+04
5.949e-02 1.101e+04
6.037e-02 1.062e+04
6.101e-02 1.024e+04
6.052e-02 1.041e+04
6.064e-02 1.053e+04
5.947e-02 1.095e+04
5.985e-02 1.088e+04
6.010e-02 1.060e+04
5.913e-02 1.128e+04
5.980e-02 1.089e+04
6.024e-02 1.064e+04
6.100e-02 1.016e+04
6.052e-02 1.056e+04
6.086e-02 1.047e+04
6.041e-02 1.060e+04
5.996e-02 1.071e+04
5.965e-02 1.107e+04
6.030e-02 1.059e+04
6.040e-02 1.051e+04
6.056e-02 1.052e+04
6.023e-02 1.072e+04
5.972e-02 1.098e+04
5.979e-02 1.082e+04
6.111e-02 1.024e+04
5.880e-02 1.154e+04
5.877e-02 1.146e+04
5.904e-02 1.139e+04
5.999e-02 1.092e+04
6.036e-02 1.051e+04
5.911e-02 1.127e+04
5.982e-02 1.085e+04
6.002e-02 1.089e+04
6.040e-02 1.065e+04
5.998e-02 1.070e+04
6.025e-02 1.051e+04
6.010e-02 1.067e+04
5.985e-02 1.071e+04
5.974e-02 1.094e+04
6.063e-02 1.042e+04
6.103e-02 1.038e+04
5.987e-02 1.078e+04
6.086e-02 1.030e+04
6.025e-02 1.067e+04
5.945e-02 1.116e+04
6.080e-02 1.032e+04
5.958e-02 1.104e+04
5.942e-02 1.107e+04
6.130e-02 1.022e+04
6.150e-02 9.998e+03
6.172e-02 9.895e+03
6.034e-02 1.066e+04
6.042e-02 1.051e+04
5.950e-02 1.105e+04
5.938e-02 1.113e+04
5.981e-02 1.092e+04
5.980e-02 1.084e+04
5.934e-02 1.112e+04
5.954e-02 1.091e+04
6.087e-02 1.030e+04
5.950e-02 1.092e+04
6.049e-02 1.034e+04
6.038e-02 1.064e+04
5.952e-02 1.113e+04
5.937e-02 1.102e+04
5.895e-02 1.124e+04
5.891e-02 1.138e+04
6.047e-02 1.037e+04
6.062e-02 1.050e+04
5.994e-02 1.092e+04
6.080e-02 1.041e+04
6.018e-02 1.073e+04
5.946e-02 1.112e+04
6.060e-02 1.048e+04
6.128e-02 1.016e+04
6.044e-02 1.058e+04
6.008e-02 1.059e+04
5.911e-02 1.117e+04
6.014e-02 1.054e+04
5.863e-02 1.150e+04
5.945e-02 1.117e+04
6.016e-02 1.075e+04
6.093e-02 1.035e+04
6.029e-02 1.058e+04
6.003e-02 1.084e+04
6.056e-02 1.048e+04
6.054e-02 1.044e+04
5.808e-02 1.173e+04
6.018e-02 1.061e+04
5.932e-02 1.108e+04
6.088e-02 1.023e+04
6.047e-02 1.057e+04
5.898e-02 1.130e+04
5.919e-02 1.117e+04
6.044e-02 1.054e+04
6.078e-02 1.044e+04
5.944e-02 1.115e+04
6.084e-02 1.037e+04
5.979e-02 1.091e+04
5.982e-02 1.091e+04
6.012e-02 1.070e+04
5.861e-02 1.137e+04
5.992e-02 1.076e+04
6.113e-02 1.021e+04
5.961e-02 1.106e+04
6.044e-02 1.058e+04
5.927e-02 1.128e+04
5.852e-02 1.157e+04
5.998e-02 1.089e+04
5.983e-02 1.090e+04
5.937e-02 1.110e+04
6.011e-02 1.072e+04
6.060e-02 1.055e+04
5.921e-02 1.123e+04
6.095e-02 1.023e+04
5.916e-02 1.119e+04
6.091e-02 1.028e+04
6.065e-02 1.055e+04
6.056e-02 1.054e+04
5.932e-02 1.116e+04
6.001e-02 1.079e+04
5.957e-02 1.096e+04
6.044e-02 1.052e+04
5.962e-02 1.096e+04
5.975e-02 1.083e+04
6.075e-02 1.030e+04
5.906e-02 1.143e+04
6.116e-02 1.022e+04
6.049e-02 1.052e+04
5.979e-02 1.081e+04
6.052e-02 1.049e+04
5.937e-02 1.114e+04
5.909e-02 1.125e+04
5.957e-02 1.085e+04
6.043e-02 1.058e+04
5.943e-02 1.091e+04
5.841e-02 1.159e+04
5.941e-02 1.106e+04
6.076e-02 1.041e+04
5.976e-02 1.080e+04
5.988e-02 1.088e+04
6.020e-02 1.053e+04
5.925e-02 1.121e+04
6.067e-02 1.045e+04
6.074e-02 1.025e+04
5.972e-02 1.086e+04
6.001e-02 1.090e+04
6.115e-02 1.031e+04
5.957e-02 1.091e+04
6.079e-02 1.040e+04
5.968e-02 1.080e+04
5.950e-02 1.102e+04
6.045e-02 1.061e+04
6.053e-02 1.056e+04
6.115e-02 1.034e+04
6.031e-02 1.059e+04
5.898e-02 1.130e+04
6.034e-02 1.070e+04
6.009e-02 1.082e+04
5.929e-02 1.105e+04
6.016e-02 1.056e+04
6.201e-02 9.776e+03
5.882e-02 1.134e+04
6.013e-02 1.062e+04
5.991e-02 1.082e+04
5.981e-02 1.089e+04
6.038e-02 1.063e+04
6.049e-02 1.048e+04
6.260e-02 9.647e+03
5.858e-02 1.151e+04
6.045e-02 1.066e+04
5.934e-02 1.095e+04
6.013e-02 1.084e+04
6.002e-02 1.081e+04
6.113e-02 1.027e+04
5.936e-02 1.110e+04
6.074e-02 1.050e+04
6.007e-02 1.074e+04
6.044e-02 1.059e+04
6.034e-02 1.071e+04
6.010e-02 1.059e+04
6.111e-02 1.013e+04
5.982e-02 1.091e+04
5.970e-02 1.095e+04
6.007e-02 1.060e+04
6.164e-02 1.003e+04
5.937e-02 1.115e+04
5.945e-02 1.104e+04
5.922e-02 1.114e+04
6.092e-02 1.038e+04
6.001e-02 1.071e+04
6.116e-02 1.011e+04
5.905e-02 1.126e+04
6.034e-02 1.064e+04
5.883e-02 1.121e+04
6.005e-02 1.078e+04
6.051e-02 1.057e+04
5.824e-02 1.178e+04
5.970e-02 1.089e+04
6.025e-02 1.059e+04
6.109e-02 1.004e+04
5.987e-02 1.094e+04
5.949e-02 1.100e+04
6.126e-02 1.003e+04
5.874e-02 1.143e+04
6.065e-02 1.056e+04
6.118e-02 1.022e+04
6.006e-02 1.087e+04
6.010e-02 1.066e+04
5.960e-02 1.111e+04
6.131e-02 1.012e+04
6.087e-02 1.044e+04
5.968e-02 1.080e+04
6.001e-02 1.063e+04
5.940e-02 1.114e+04
5.857e-02 1.153e+04
6.035e-02 1.049e+04
6.026e-02 1.076e+04
5.911e-02 1.123e+04
6.009e-02 1.076e+04
5.917e-02 1.113e+04
6.053e-02 1.056e+04
6.044e-02 1.050e+04
5.925e-02 1.122e+04
5.979e-02 1.096e+04
6.097e-02 1.029e+04
6.047e-02 1.049e+04
5.907e-02 1.120e+04
5.962e-02 1.098e+04
6.019e-02 1.072e+04
5.946e-02 1.105e+04
6.009e-02 1.077e+04
6.007e-02 1.063e+04
6.014e-02 1.066e+04
6.000e-02 1.081e+04
5.944e-02 1.104e+04
5.976e-02 1.097e+04
5.854e-02 1.154e+04
5.961e-02 1.091e+04
6.024e-02 1.076e+04
5.922e-02 1.112e+04
6.109e-02 1.035e+04
5.980e-02 1.097e+04
6.075e-02 1.044e+04
5.936e-02 1.111e+04
6.022e-02 1.061e+04
6.057e-02 1.053e+04
6.009e-02 1.080e+04
5.998e-02 1.075e+04
5.953e-02 1.108e+04
6.034e-02 1.059e+04
5.975e-02 1.097e+04
5.994e-02 1.074e+04
6.022e-02 1.055e+04
6.005e-02 1.077e+04
5.928e-02 1.117e+04
5.891e-02 1.129e+04
5.897e-02 1.141e+04
5.952e-02 1.091e+04
5.820e-02 1.168e+04
6.076e-02 1.037e+04
5.968e-02 1.090e+04
5.969e-02 1.086e+04
5.947e-02 1.104e+04
6.052e-02 1.046e+04
6.009e-02 1.067e+04
5.978e-02 1.074e+04
5.908e-02 1.115e+04
6.196e-02 9.805e+03
6.011e-02 1.061e+04
5.910e-02 1.138e+04
6.044e-02 1.053e+04
6.014e-02 1.060e+04
5.946e-02 1.102e+04
5.999e-02 1.085e+04
5.973e-02 1.080e+04
6.014e-02 1.073e+04
6.042e-02 1.054e+04
6.086e-02 1.023e+04
5.932e-02 1.103e+04
5.957e-02 1.111e+04
5.967e-02 1.085e+04
5.962e-02 1.101e+04
5.932e-02 1.120e+04
5.853e-02 1.162e+04
6.000e-02 1.085e+04
5.996e-02 1.087e+04
5.986e-02 1.090e+04
5.972e-02 1.097e+04
6.023e-02 1.075e+04
5.913e-02 1.112e+04
5.976e-02 1.095e+04
5.932e-02 1.102e+04
6.069e-02 1.033e+04
6.001e-02 1.083e+04
5.987e-02 1.081e+04
6.033e-02 1.062e+04
6.076e-02 1.041e+04
5.951e-02 1.105e+04
6.041e-02 1.050e+04
6.149e-02 9.925e+03
6.072e-02 1.037e+04
5.913e-02 1.120e+04
6.007e-02 1.078e+04
5.947e-02 1.120e+04
5.990e-02 1.091e+04
6.020e-02 1.063e+04
6.031e-02 1.079e+04
5.989e-02 1.083e+04
6.042e-02 1.054e+04
6.043e-02 1.068e+04
6.008e-02 1.070e+04
6.098e-02 1.037e+04
6.109e-02 1.032e+04
5.879e-02 1.143e+04
6.046e-02 1.049e+04
6.075e-02 1.046e+04
6.009e-02 1.066e+04
5.840e-02 1.170e+04
6.003e-02 1.078e+04
5.913e-02 1.135e+04
6.047e-02 1.072e+04
6.042e-02 1.041e+04
5.946e-02 1.111e+04
6.036e-02 1.051e+04
6.189e-02 9.912e+03
5.986e-02 1.080e+04
6.138e-02 1.013e+04
6.031e-02 1.063e+04
5.988e-02 1.091e+04
6.103e-02 1.035e+04
5.916e-02 1.134e+04
5.971e-02 1.099e+04
6.006e-02 1.073e+04
5.970e-02 1.098e+04
6.029e-02 1.050e+04
5.985e-02 1.083e+04
5.936e-02 1.115e+04
6.068e-02 1.035e+04
6.071e-02 1.040e+04
6.087e-02 1.037e+04
6.036e-02 1.069e+04
5.983e-02 1.097e+04
5.939e-02 1.107e+04
5.918e-02 1.100e+04
6.039e-02 1.054e+04
6.029e-02 1.057e+04
6.014e-02 1.073e+04
6.053e-02 1.052e+04
5.946e-02 1.113e+04
6.072e-02 1.047e+04
5.991e-02 1.079e+04
6.083e-02 1.024e+04
6.012e-02 1.079e+04
6.055e-02 1.048e+04
6.064e-02 1.039e+04
5.987e-02 1.081e+04
6.118e-02 1.029e+04
6.055e-02 1.060e+04
5.976e-02 1.086e+04
5.941e-02 1.097e+04
5.944e-02 1.101e+04
6.074e-02 1.035e+04
6.053e-02 1.051e+04
5.966e-02 1.100e+04
5.913e-02 1.123e+04
6.021e-02 1.053e+04
6.138e-02 1.016e+04
5.923e-02 1.122e+04
6.107e-02 1.024e+04
6.117e-02 1.026e+04
6.116e-02 1.033e+04
6.135e-02 1.012e+04
6.067e-02 1.044e+04
6.090e-02 1.029e+04
6.020e-02 1.068e+04
6.055e-02 1.054e+04
5.973e-02 1.070e+04
5.898e-02 1.132e+04
6.005e-02 1.075e+04
5.899e-02 1.136e+04
5.914e-02 1.133e+04
5.999e-02 1.073e+04
6.208e-02 9.898e+03
5.981e-02 1.082e+04
6.016e-02 1.067e+04
6.041e-02 1.060e+04
5.864e-02 1.145e+04
5.967e-02 1.089e+04
5.805e-02 1.172e+04
6.093e-02 1.025e+04
6.184e-02 9.897e+03
6.031e-02 1.050e+04
6.014e-02 1.080e+04
6.032e-02 1.061e+04
6.118e-02 1.013e+04
5.911e-02 1.118e+04
5.822e-02 1.176e+04
6.016e-02 1.080e+04
6.142e-02 1.004e+04
6.045e-02 1.036e+04
6.081e-02 1.041e+04
5.983e-02 1.095e+04
6.078e-02 1.032e+04
5.955e-02 1.095e+04
5.915e-02 1.127e+04
6.119e-02 1.016e+04
5.941e-02 1.100e+04
6.007e-02 1.079e+04
6.088e-02 1.037e+04
6.058e-02 1.056e+04
6.061e-02 1.045e+04
6.006e-02 1.071e+04
5.846e-02 1.165e+04
6.050e-02 1.043e+04
6.188e-02 9.838e+03
5.960e-02 1.098e+04
5.934e-02 1.114e+04
6.117e-02 1.031e+04
5.973e-02 1.085e+04
5.968e-02 1.093e+04
5.970e-02 1.081e+04
6.081e-02 1.024e+04
6.052e-02 1.052e+04
5.961e-02 1.102e+04
6.034e-02 1.065e+04
5.935e-02 1.112e+04
5.930e-02 1.120e+04
6.057e-02 1.041e+04
5.947e-02 1.102e+04
5.937e-02 1.125e+04
5.913e-02 1.128e+04
5.979e-02 1.087e+04
5.995e-02 1.075e+04
5.879e-02 1.139e+04
5.915e-02 1.125e+04
6.164e-02 1.007e+04
5.937e-02 1.115e+04
6.072e-02 1.050e+04
6.043e-02 1.063e+04
5.981e-02 1.079e+04
6.123e-02 1.007e+04
6.008e-02 1.065e+04
6.026e-02 1.072e+04
6.024e-02 1.058e+04
6.039e-02 1.059e+04
5.909e-02 1.129e+04
6.181e-02 1.001e+04
6.099e-02 1.018e+04
6.048e-02 1.059e+04
6.020e-02 1.062e+04
5.889e-02 1.150e+04
6.060e-02 1.058e+04
5.940e-02 1.109e+04
5.951e-02 1.086e+04
6.010e-02 1.062e+04
6.028e-02 1.057e+04
6.067e-02 1.044e+04
5.793e-02 1.189e+04
5.930e-02 1.111e+04
5.986e-02 1.072e+04
6.091e-02 1.021e+04
5.996e-02 1.074e+04
6.012e-02 1.081e+04
5.921e-02 1.122e+04
5.987e-02 1.079e+04
6.021e-02 1.072e+04
5.931e-02 1.111e+04
6.069e-02 1.035e+04
6.105e-02 1.013e+04
6.030e-02 1.052e+04
6.011e-02 1.070e+04
5.956e-02 1.092e+04
5.874e-02 1.162e+04
5.858e-02 1.163e+04
6.027e-02 1.062e+04
6.116e-02 1.018e+04
6.015e-02 1.058e+04
5.852e-02 1.157e+04
6.103e-02 1.015e+04
6.007e-02 1.071e+04
6.009e-02 1.073e+04
5.975e-02 1.101e+04
6.102e-02 1.022e+04
5.990e-02 1.080e+04
6.059e-02 1.051e+04
5.977e-02 1.088e+04
6.125e-02 1.013e+04
5.990e-02 1.098e+04
6.045e-02 1.057e+04
5.973e-02 1.084e+04
5.925e-02 1.112e+04
5.986e-02 1.076e+04
6.038e-02 1.054e+04
6.024e-02 1.062e+04
5.936e-02 1.122e+04
5.983e-02 1.080e+04
6.045e-02 1.051e+04
6.030e-02 1.063e+04
5.994e-02 1.086e+04
6.091e-02 1.022e+04
5.852e-02 1.161e+04
5.994e-02 1.076e+04
5.946e-02 1.099e+04
5.977e-02 1.091e+04
6.106e-02 1.029e+04
6.069e-02 1.039e+04
5.968e-02 1.078e+04
6.077e-02 1.038e+04
6.106e-02 1.016e+04
5.967e-02 1.086e+04
5.942e-02 1.119e+04
6.035e-02 1.077e+04
6.076e-02 1.039e+04
5.894e-02 1.139e+04
6.023e-02 1.075e+04
6.090e-02 1.025e+04
5.986e-02 1.088e+04
6.066e-02 1.042e+04
6.114e-02 1.020e+04
6.013e-02 1.077e+04
5.940e-02 1.104e+04
5.927e-02 1.117e+04
5.997e-02 1.075e+04
6.007e-02 1.078e+04
6.080e-02 1.046e+04
6.016e-02 1.079e+04
5.949e-02 1.106e+04
6.180e-02 9.899e+03
6.037e-02 1.061e+04
5.935e-02 1.111e+04
6.001e-02 1.088e+04
5.916e-02 1.110e+04
5.984e-02 1.085e+04
6.143e-02 1.015e+04
6.000e-02 1.067e+04
6.193e-02 9.926e+03
6.067e-02 1.042e+04
6.003e-02 1.085e+04
6.051e-02 1.047e+04
6.040e-02 1.055e+04
5.967e-02 1.096e+04
6.062e-02 1.035e+04
5.972e-02 1.096e+04
5.887e-02 1.142e+04
6.055e-02 1.058e+04
6.060e-02 1.048e+04
6.021e-02 1.062e+04
6.008e-02 1.080e+04
6.093e-02 1.042e+04
5.972e-02 1.091e+04
5.943e-02 1.100e+04
6.121e-02 1.008e+04
5.954e-02 1.099e+04
6.076e-02 1.038e+04
5.994e-02 1.079e+04
5.924e-02 1.118e+04
6.063e-02 1.049e+04
6.059e-02 1.049e+04
6.034e-02 1.070e+04
5.945e-02 1.108e+04
5.972e-02 1.094e+04
5.994e-02 1.085e+04
6.009e-02 1.079e+04
6.143e-02 1.013e+04
5.894e-02 1.138e+04
5.951e-02 1.102e+04
6.133e-02 1.021e+04
6.064e-02 1.043e+04
5.916e-02 1.119e+04
5.929e-02 1.124e+04
6.041e-02 1.057e+04
5.957e-02 1.100e+04
6.118e-02 1.018e+04
5.948e-02 1.114e+04
6.038e-02 1.050e+04
5.991e-02 1.086e+04
5.979e-02 1.083e+04
6.060e-02 1.044e+04
5.911e-02 1.123e+04
5.991e-02 1.072e+04
6.122e-02 1.011e+04
6.079e-02 1.048e+04
6.013e-02 1.071e+04
5.948e-02 1.105e+04
6.152e-02 1.003e+04
5.996e-02 1.085e+04
5.953e-02 1.098e+04
6.004e-02 1.081e+04
6.037e-02 1.059e+04
5.914e-02 1.122e+04
6.080e-02 1.036e+04
6.001e-02 1.075e+04
5.958e-02 1.114e+04
6.119e-02 1.013e+04
6.038e-02 1.047e+04
5.999e-02 1.092e+04
5.872e-02 1.151e+04
6.086e-02 1.040e+04
5.954e-02 1.105e+04
5.836e-02 1.177e+04
5.960e-02 1.099e+04
5.982e-02 1.078e+04
5.946e-02 1.111e+04
5.914e-02 1.119e+04
5.926e-02 1.126e+04
5.984e-02 1.089e+04
5.997e-02 1.072e+04
6.021e-02 1.060e+04
5.978e-02 1.090e+04
6.061e-02 1.050e+04
5.921e-02 1.128e+04
6.069e-02 1.035e+04
6.043e-02 1.047e+04
6.002e-02 1.090e+04
6.061e-02 1.041e+04
6.079e-02 1.032e+04
5.975e-02 1.093e+04
6.015e-02 1.075e+04
6.018e-02 1.071e+04
6.064e-02 1.047e+04
6.070e-02 1.040e+04
5.930e-02 1.108e+04
6.049e-02 1.046e+04
5.994e-02 1.081e+04
5.982e-02 1.078e+04
6.010e-02 1.068e+04
6.055e-02 1.045e+04
5.994e-02 1.087e+04
6.029e-02 1.073e+04
6.146e-02 9.972e+03
6.047e-02 1.051e+04
5.993e-02 1.067e+04
6.042e-02 1.060e+04
6.035e-02 1.067e+04
6.038e-02 1.056e+04
5.974e-02 1.084e+04
5.938e-02 1.110e+04
5.938e-02 1.092e+04
6.118e-02 1.021e+04
5.828e-02 1.172e+04
5.947e-02 1.107e+04
5.988e-02 1.077e+04
5.902e-02 1.130e+04
5.945e-02 1.100e+04
5.948e-02 1.114e+04
6.141e-02 1.014e+04
6.140e-02 1.004e+04
5.931e-02 1.119e+04
5.961e-02 1.096e+04
5.916e-02 1.120e+04
6.051e-02 1.041e+04
6.068e-02 1.036e+04
6.004e-02 1.067e+04
6.032e-02 1.065e+04
5.939e-02 1.115e+04
6.139e-02 1.019e+04
6.068e-02 1.038e+04
6.004e-02 1.089e+04
6.014e-02 1.067e+04
6.053e-02 1.047e+04
6.017e-02 1.076e+04
5.930e-02 1.109e+04
6.070e-02 1.041e+04
6.002e-02 1.072e+04
6.037e-02 1.070e+04
5.910e-02 1.101e+04
5.979e-02 1.081e+04
6.037e-02 1.060e+04
5.948e-02 1.111e+04
5.943e-02 1.114e+04
6.071e-02 1.039e+04
5.964e-02 1.101e+04
6.020e-02 1.081e+04
5.875e-02 1.148e+04
5.989e-02 1.070e+04
6.057e-02 1.053e+04
6.002e-02 1.079e+04
6.018e-02 1.060e+04
5.990e-02 1.102e+04
5.915e-02 1.122e+04
6.067e-02 1.054e+04
6.108e-02 1.025e+04
6.153e-02 1.001e+04
5.951e-02 1.099e+04
5.872e-02 1.148e+04
6.053e-02 1.051e+04
6.048e-02 1.051e+04
5.999e-02 1.080e+04
6.036e-02 1.051e+04
6.086e-02 1.030e+04
5.957e-02 1.099e+04
5.940e-02 1.113e+04
6.009e-02 1.079e+04
5.987e-02 1.073e+04
5.948e-02 1.104e+04
5.846e-02 1.155e+04
6.052e-02 1.042e+04
5.999e-02 1.083e+04
5.977e-02 1.086e+04
6.046e-02 1.045e+04
5.891e-02 1.136e+04
6.046e-02 1.050e+04
6.002e-02 1.082e+04
6.140e-02 9.990e+03
6.139e-02 1.011e+04
6.005e-02 1.094e+04
5.974e-02 1.078e+04
6.026e-02 1.070e+04
6.041e-02 1.061e+04
6.003e-02 1.075e+04
6.011e-02 1.067e+04
5.978e-02 1.075e+04
5.988e-02 1.078e+04
6.065e-02 1.047e+04
5.905e-02 1.121e+04
6.008e-02 1.070e+04
6.095e-02 1.025e+04
6.051e-02 1.056e+04
5.940e-02 1.099e+04
6.036e-02 1.059e+04
6.009e-02 1.081e+04
5.983e-02 1.079e+04
6.062e-02 1.050e+04
6.021e-02 1.070e+04
6.048e-02 1.058e+04
5.922e-02 1.116e+04
6.034e-02 1.043e+04
6.078e-02 1.038e+04
5.994e-02 1.087e+04
6.030e-02 1.070e+04
6.095e-02 1.036e+04
5.785e-02 1.207e+04
5.960e-02 1.095e+04
5.953e-02 1.116e+04
5.996e-02 1.081e+04
6.071e-02 1.050e+04
5.953e-02 1.102e+04
5.998e-02 1.082e+04
6.062e-02 1.044e+04
5.985e-02 1.072e+04
6.008e-02 1.067e+04
5.939e-02 1.114e+04
6.060e-02 1.047e+04
5.978e-02 1.083e+04
6.096e-02 1.024e+04
5.975e-02 1.095e+04
6.022e-02 1.066e+04
5.959e-02 1.089e+04
6.020e-02 1.070e+04
6.001e-02 1.072e+04
6.076e-02 1.038e+04
6.074e-02 1.048e+04
6.086e-02 1.034e+04
6.141e-02 9.998e+03
5.873e-02 1.147e+04
5.905e-02 1.137e+04
5.967e-02 1.081e+04
6.062e-02 1.042e+04
6.101e-02 1.023e+04
6.185e-02 9.893e+03
5.989e-02 1.097e+04
5.984e-02 1.080e+04
6.008e-02 1.083e+04
5.952e-02 1.106e+04
6.115e-02 1.042e+04
5.985e-02 1.093e+04
5.901e-02 1.127e+04
6.135e-02 1.016e+04
5.966e-02 1.095e+04
6.004e-02 1.076e+04
5.970e-02 1.084e+04
6.075e-02 1.042e+04
6.041e-02 1.045e+04
6.035e-02 1.063e+04
5.965e-02 1.092e+04
5.913e-02 1.111e+04
6.054e-02 1.055e+04
5.971e-02 1.086e+04
6.174e-02 9.867e+03
6.008e-02 1.069e+04
6.048e-02 1.052e+04
5.974e-02 1.087e+04
6.033e-02 1.075e+04
6.060e-02 1.045e+04
5.966e-02 1.086e+04
6.008e-02 1.072e+04
6.069e-02 1.038e+04
5.990e-02 1.081e+04
6.045e-02 1.056e+04
6.069e-02 1.038e+04
6.029e-02 1.063e+04
5.884e-02 1.131e+04
6.007e-02 1.082e+04
6.054e-02 1.052e+04
6.116e-02 1.007e+04
6.034e-02 1.061e+04
6.035e-02 1.058e+04
6.105e-02 1.027e+04
6.115e-02 1.023e+04
5.946e-02 1.105e+04
5.953e-02 1.107e+04
6.033e-02 1.048e+04
6.077e-02 1.051e+04
6.011e-02 1.065e+04
5.974e-02 1.097e+04
5.894e-02 1.116e+04
6.032e-02 1.060e+04
5.989e-02 1.087e+04
6.047e-02 1.057e+04
6.004e-02 1.090e+04
6.108e-02 1.029e+04
6.090e-02 1.028e+04
5.927e-02 1.110e+04
5.974e-02 1.081e+04
6.030e-02 1.061e+04
6.109e-02 1.010e+04
6.075e-02 1.040e+04
6.010e-02 1.072e+04
6.019e-02 1.049e+04
5.931e-02 1.117e+04
6.169e-02 1.005e+04
5.892e-02 1.138e+04
6.137e-02 1.008e+04
5.929e-02 1.128e+04
6.027e-02 1.057e+04
5.974e-02 1.093e+04
5.991e-02 1.079e+04
5.952e-02 1.103e+04
6.139e-02 1.003e+04
6.072e-02 1.050e+04
5.913e-02 1.116e+04
5.917e-02 1.121e+04
5.858e-02 1.173e+04
6.151e-02 1.004e+04
6.148e-02 1.008e+04
6.014e-02 1.078e+04
6.091e-02 1.028e+04
6.062e-02 1.042e+04
6.000e-02 1.075e+04
5.942e-02 1.111e+04
5.951e-02 1.086e+04
6.039e-02 1.056e+04
6.016e-02 1.063e+04
5.902e-02 1.125e+04
5.984e-02 1.073e+04
6.079e-02 1.042e+04
6.035e-02 1.063e+04
5.971e-02 1.081e+04
5.901e-02 1.125e+04
6.092e-02 1.034e+04
6.021e-02 1.062e+04
6.016e-02 1.079e+04
5.941e-02 1.112e+04
5.981e-02 1.093e+04
6.130e-02 1.007e+04
6.058e-02 1.044e+04
5.972e-02 1.090e+04
6.009e-02 1.070e+04
5.945e-02 1.093e+04
5.992e-02 1.077e+04
5.997e-02 1.079e+04
6.015e-02 1.082e+04
6.082e-02 1.042e+04
5.984e-02 1.078e+04
6.104e-02 1.018e+04
6.076e-02 1.047e+04
6.061e-02 1.049e+04
5.882e-02 1.155e+04
5.903e-02 1.140e+04
5.949e-02 1.112e+04
5.906e-02 1.131e+04
6.013e-02 1.062e+04
6.087e-02 1.039e+04
6.023e-02 1.060e+04
6.023e-02 1.066e+04
5.919e-02 1.116e+04
6.006e-02 1.075e+04
5.988e-02 1.076e+04
6.031e-02 1.059e+04
6.037e-02 1.052e+04
5.900e-02 1.129e+04
5.935e-02 1.096e+04
6.062e-02 1.043e+04
6.028e-02 1.059e+04
6.097e-02 1.022e+04
6.024e-02 1.060e+04
5.876e-02 1.124e+04
5.945e-02 1.088e+04
5.957e-02 1.090e+04
5.931e-02 1.113e+04
6.015e-02 1.071e+04
6.043e-02 1.065e+04
6.006e-02 1.072e+04
6.129e-02 1.022e+04
6.031e-02 1.060e+04
5.955e-02 1.088e+04
6.014e-02 1.078e+04
5.976e-02 1.092e+04
6.034e-02 1.051e+04
5.854e-02 1.160e+04
5.967e-02 1.090e+04
5.949e-02 1.108e+04
6.116e-02 1.030e+04
6.088e-02 1.021e+04
6.052e-02 1.048e+04
5.955e-02 1.092e+04
6.078e-02 1.042e+04
6.066e-02 1.041e+04
6.077e-02 1.033e+04
5.946e-02 1.108e+04
6.094e-02 1.033e+04
6.141e-02 1.015e+04
6.056e-02 1.057e+04
5.943e-02 1.107e+04
5.949e-02 1.092e+04
6.011e-02 1.069e+04
5.985e-02 1.088e+04
6.014e-02 1.059e+04
6.078e-02 1.044e+04
6.002e-02 1.061e+04
6.072e-02 1.044e+04
6.070e-02 1.045e+04
5.922e-02 1.115e+04
5.962e-02 1.092e+04
6.097e-02 1.024e+04
6.069e-02 1.042e+04
5.993e-02 1.084e+04
6.008e-02 1.067e+04
5.937e-02 1.100e+04
5.911e-02 1.119e+04
6.009e-02 1.066e+04
5.967e-02 1.096e+04
6.024e-02 1.056e+04
5.915e-02 1.145e+04
5.906e-02 1.130e+04
5.988e-02 1.085e+04
5.954e-02 1.103e+04
6.021e-02 1.060e+04
6.194e-02 9.839e+03
6.125e-02 1.010e+04
6.157e-02 1.013e+04
6.038e-02 1.058e+04
5.950e-02 1.102e+04
5.952e-02 1.097e+04
6.003e-02 1.086e+04
6.077e-02 1.042e+04
6.059e-02 1.042e+04
5.994e-02 1.085e+04
5.875e-02 1.151e+04
6.097e-02 1.032e+04
5.994e-02 1.081e+04
6.082e-02 1.043e+04
5.943e-02 1.116e+04
5.952e-02 1.106e+04
5.896e-02 1.144e+04
6.093e-02 1.024e+04
5.955e-02 1.116e+04
6.020e-02 1.058e+04
5.980e-02 1.088e+04
5.999e-02 1.074e+04
5.965e-02 1.105e+04
6.099e-02 1.029e+04
5.977e-02 1.092e+04
5.928e-02 1.115e+04
6.009e-02 1.060e+04
5.940e-02 1.110e+04
6.107e-02 1.036e+04
6.011e-02 1.074e+04
5.882e-02 1.136e+04
6.026e-02 1.056e+04
6.034e-02 1.066e+04
6.085e-02 1.030e+04
5.816e-02 1.158e+04
5.870e-02 1.167e+04
6.019e-02 1.076e+04
5.958e-02 1.095e+04
6.017e-02 1.070e+04
5.985e-02 1.093e+04
5.957e-02 1.096e+04
5.946e-02 1.106e+04
5.980e-02 1.096e+04
6.002e-02 1.060e+04
6.205e-02 9.930e+03
6.063e-02 1.040e+04
5.944e-02 1.119e+04
6.097e-02 1.029e+04
5.983e-02 1.096e+04
6.020e-02 1.063e+04
5.951e-02 1.117e+04
6.003e-02 1.072e+04
6.144e-02 1.001e+04
6.014e-02 1.073e+04
5.914e-02 1.124e+04
6.018e-02 1.077e+04
6.061e-02 1.061e+04
6.008e-02 1.081e+04
5.954e-02 1.099e+04
6.047e-02 1.059e+04
5.952e-02 1.103e+04
6.029e-02 1.062e+04
6.042e-02 1.052e+04
5.989e-02 1.097e+04
6.058e-02 1.064e+04
5.959e-02 1.097e+04
5.976e-02 1.091e+04
6.039e-02 1.061e+04
6.092e-02 1.028e+04
5.994e-02 1.077e+04
5.942e-02 1.109e+04
6.008e-02 1.082e+04
6.008e-02 1.073e+04
6.106e-02 1.021e+04
5.839e-02 1.156e+04
5.870e-02 1.148e+04
6.029e-02 1.056e+04
5.964e-02 1.107e+04
6.074e-02 1.041e+04
6.023e-02 1.076e+04
6.113e-02 1.010e+04
6.151e-02 1.011e+04
5.995e-02 1.082e+04
5.951e-02 1.096e+04
5.971e-02 1.101e+04
6.111e-02 1.030e+04
5.973e-02 1.076e+04
6.028e-02 1.064e+04
5.979e-02 1.099e+04
6.007e-02 1.079e+04
5.954e-02 1.109e+04
5.991e-02 1.074e+04
6.022e-02 1.066e+04
6.188e-02 9.886e+03
5.997e-02 1.092e+04
6.053e-02 1.043e+04
5.877e-02 1.143e+04
5.917e-02 1.130e+04
5.981e-02 1.092e+04
6.080e-02 1.032e+04
6.037e-02 1.063e+04
5.901e-02 1.115e+04
6.119e-02 1.011e+04
5.876e-02 1.141e+04
5.897e-02 1.128e+04
6.059e-02 1.037e+04
6.026e-02 1.069e+04
5.930e-02 1.124e+04
5.964e-02 1.096e+04
5.996e-02 1.084e+04
6.044e-02 1.070e+04
6.035e-02 1.065e+04
5.970e-02 1.085e+04
6.047e-02 1.058e+04
6.053e-02 1.055e+04
6.147e-02 1.006e+04
6.157e-02 9.985e+03
6.017e-02 1.073e+04
6.101e-02 1.025e+04
5.967e-02 1.101e+04
5.970e-02 1.085e+04
6.069e-02 1.046e+04
5.986e-02 1.089e+04
6.140e-02 1.013e+04
6.022e-02 1.068e+04
6.196e-02 9.734e+03
6.041e-02 1.055e+04
6.084e-02 1.027e+04
6.043e-02 1.047e+04
5.974e-02 1.088e+04
6.127e-02 1.017e+04
5.961e-02 1.093e+04
6.074e-02 1.042e+04
6.063e-02 1.038e+04
5.999e-02 1.087e+04
6.107e-02 1.024e+04
6.020e-02 1.072e+04
6.056e-02 1.050e+04
5.954e-02 1.108e+04
6.081e-02 1.040e+04
5.985e-02 1.092e+04
5.990e-02 1.078e+04
5.995e-02 1.072e+04
5.975e-02 1.095e+04
5.963e-02 1.099e+04
5.991e-02 1.080e+04
6.100e-02 1.022e+04
6.028e-02 1.073e+04
6.079e-02 1.031e+04
6.037e-02 1.049e+04
6.042e-02 1.064e+04
6.011e-02 1.074e+04
6.092e-02 1.037e+04
6.055e-02 1.046e+04
6.005e-02 1.062e+04
5.872e-02 1.133e+04
6.137e-02 1.015e+04
5.828e-02 1.163e+04
5.958e-02 1.098e+04
5.920e-02 1.122e+04
6.027e-02 1.067e+04
5.925e-02 1.129e+04
6.067e-02 1.043e+04
6.008e-02 1.070e+04
6.054e-02 1.044e+04
6.108e-02 1.032e+04
5.812e-02 1.192e+04
6.051e-02 1.064e+04
6.069e-02 1.053e+04
6.073e-02 1.046e+04
5.904e-02 1.126e+04
5.974e-02 1.088e+04
6.092e-02 1.036e+04
5.929e-02 1.113e+04
6.030e-02 1.065e+04
6.100e-02 1.031e+04
6.049e-02 1.059e+04
6.051e-02 1.048e+04
5.882e-02 1.144e+04
5.973e-02 1.102e+04
5.982e-02 1.090e+04
6.024e-02 1.063e+04
6.033e-02 1.059e+04
6.040e-02 1.056e+04
6.028e-02 1.059e+04
5.969e-02 1.080e+04
5.888e-02 1.144e+04
5.966e-02 1.105e+04
5.971e-02 1.099e+04
6.005e-02 1.084e+04
5.936e-02 1.113e+04
5.935e-02 1.101e+04
5.928e-02 1.118e+04
6.022e-02 1.064e+04
6.073e-02 1.043e+04
5.965e-02 1.101e+04
6.133e-02 1.006e+04
5.912e-02 1.112e+04
5.968e-02 1.100e+04
5.982e-02 1.098e+04
6.059e-02 1.041e+04
5.891e-02 1.139e+04
5.959e-02 1.104e+04
5.924e-02 1.118e+04
5.950e-02 1.110e+04
6.109e-02 1.030e+04
5.996e-02 1.088e+04
5.980e-02 1.084e+04
6.019e-02 1.065e+04
5.954e-02 1.105e+04
6.046e-02 1.065e+04
6.115e-02 1.017e+04
5.970e-02 1.082e+04
6.067e-02 1.028e+04
5.955e-02 1.098e+04
6.024e-02 1.084e+04
5.987e-02 1.096e+04
6.067e-02 1.055e+04
6.053e-02 1.045e+04
6.007e-02 1.063e+04
6.181e-02 1.002e+04
5.982e-02 1.089e+04
5.892e-02 1.129e+04
6.014e-02 1.070e+04
6.021e-02 1.077e+04
5.914e-02 1.118e+04
5.980e-02 1.084e+04
5.904e-02 1.139e+04
6.070e-02 1.049e+04
6.129e-02 1.017e+04
6.132e-02 1.025e+04
5.840e-02 1.170e+04
6.104e-02 1.027e+04
6.048e-02 1.045e+04
6.011e-02 1.061e+04
5.849e-02 1.166e+04
6.036e-02 1.069e+04
5.928e-02 1.128e+04
6.032e-02 1.055e+04
5.974e-02 1.098e+04
6.187e-02 9.987e+03
6.027e-02 1.058e+04
5.999e-02 1.080e+04
6.021e-02 1.064e+04
6.069e-02 1.036e+04
6.046e-02 1.061e+04
5.942e-02 1.105e+04
5.918e-02 1.124e+04
6.044e-02 1.058e+04
5.924e-02 1.118e+04
5.925e-02 1.113e+04
5.945e-02 1.101e+04
6.124e-02 1.018e+04
5.990e-02 1.077e+04
5.994e-02 1.090e+04
5.905e-02 1.141e+04
5.865e-02 1.143e+04
5.968e-02 1.095e+04
5.949e-02 1.115e+04
6.001e-02 1.069e+04
6.037e-02 1.059e+04
5.979e-02 1.089e+04
6.082e-02 1.039e+04
6.060e-02 1.050e+04
6.002e-02 1.080e+04
6.016e-02 1.063e+04
5.924e-02 1.106e+04
6.109e-02 1.029e+04
5.957e-02 1.117e+04
6.032e-02 1.049e+04
5.846e-02 1.156e+04
6.010e-02 1.062e+04
6.073e-02 1.058e+04
6.112e-02 1.017e+04
6.048e-02 1.051e+04
6.002e-02 1.080e+04
5.967e-02 1.079e+04
5.950e-02 1.110e+04
5.975e-02 1.094e+04
6.045e-02 1.049e+04
6.013e-02 1.068e+04
6.033e-02 1.055e+04
5.901e-02 1.139e+04
6.101e-02 1.024e+04
6.057e-02 1.048e+04
6.003e-02 1.079e+04
6.099e-02 1.033e+04
5.962e-02 1.087e+04
6.043e-02 1.043e+04
5.938e-02 1.112e+04
5.967e-02 1.080e+04
6.113e-02 1.026e+04
6.120e-02 1.015e+04
6.150e-02 1.021e+04
5.948e-02 1.103e+04
6.061e-02 1.043e+04
6.087e-02 1.034e+04
5.963e-02 1.085e+04
5.895e-02 1.129e+04
6.054e-02 1.045e+04
5.979e-02 1.091e+04
6.060e-02 1.058e+04
6.026e-02 1.069e+04
5.770e-02 1.197e+04
6.041e-02 1.064e+04
6.065e-02 1.056e+04
6.043e-02 1.064e+04
6.014e-02 1.060e+04
6.135e-02 1.010e+04
6.074e-02 1.041e+04
6.039e-02 1.057e+04
5.960e-02 1.098e+04
5.960e-02 1.109e+04
5.948e-02 1.111e+04
5.935e-02 1.124e+04
6.010e-02 1.060e+04
6.002e-02 1.073e+04
5.952e-02 1.093e+04
6.155e-02 1.003e+04
5.998e-02 1.085e+04
6.021e-02 1.065e+04
5.943e-02 1.106e+04
5.985e-02 1.081e+04
5.929e-02 1.113e+04
6.116e-02 1.023e+04
5.918e-02 1.125e+04
6.071e-02 1.027e+04
5.951e-02 1.112e+04
5.998e-02 1.083e+04
6.049e-02 1.054e+04
6.001e-02 1.087e+04
5.862e-02 1.164e+04
6.025e-02 1.071e+04
6.022e-02 1.059e+04
6.069e-02 1.045e+04
6.053e-02 1.043e+04
6.043e-02 1.052e+04
6.067e-02 1.034e+04
5.958e-02 1.094e+04
5.802e-02 1.185e+04
6.034e-02 1.068e+04
5.918e-02 1.124e+04
5.905e-02 1.131e+04
6.124e-02 1.029e+04
6.090e-02 1.034e+04
6.072e-02 1.040e+04
5.922e-02 1.115e+04
5.991e-02 1.074e+04
6.039e-02 1.053e+04
6.095e-02 1.022e+04
6.050e-02 1.054e+04
5.964e-02 1.111e+04
5.945e-02 1.099e+04
6.036e-02 1.067e+04
5.979e-02 1.097e+04
6.071e-02 1.050e+04
6.019e-02 1.068e+04
5.987e-02 1.077e+04
5.986e-02 1.089e+04
5.941e-02 1.103e+04
6.176e-02 9.944e+03
6.040e-02 1.050e+04
5.937e-02 1.125e+04
6.020e-02 1.072e+04
6.002e-02 1.066e+04
6.015e-02 1.078e+04
6.078e-02 1.041e+04
5.976e-02 1.098e+04
5.907e-02 1.128e+04
6.095e-02 1.046e+04
6.053e-02 1.049e+04
6.001e-02 1.070e+04
5.856e-02 1.164e+04
5.976e-02 1.083e+04
5.921e-02 1.116e+04
5.960e-02 1.101e+04
6.143e-02 1.014e+04
5.991e-02 1.080e+04
6.006e-02 1.076e+04
6.133e-02 1.023e+04
5.959e-02 1.096e+04
6.020e-02 1.062e+04
6.048e-02 1.046e+04
5.977e-02 1.078e+04
6.024e-02 1.059e+04
5.907e-02 1.123e+04
5.944e-02 1.100e+04
6.069e-02 1.042e+04
6.020e-02 1.070e+04
5.995e-02 1.072e+04
6.038e-02 1.060e+04
6.143e-02 1.021e+04
6.150e-02 1.017e+04
6.108e-02 1.031e+04
6.056e-02 1.050e+04
6.009e-02 1.080e+04
6.091e-02 1.034e+04
6.085e-02 1.040e+04
5.966e-02 1.098e+04
6.036e-02 1.062e+04
6.043e-02 1.050e+04
6.018e-02 1.072e+04
6.064e-02 1.040e+04
6.030e-02 1.064e+04
6.038e-02 1.061e+04
6.068e-02 1.043e+04
5.932e-02 1.116e+04
5.980e-02 1.088e+04
6.063e-02 1.032e+04
5.794e-02 1.175e+04
5.938e-02 1.110e+04
6.052e-02 1.052e+04
6.062e-02 1.042e+04
5.969e-02 1.090e+04
6.067e-02 1.038e+04
6.094e-02 1.032e+04
5.985e-02 1.089e+04
6.149e-02 9.956e+03
5.899e-02 1.123e+04
5.975e-02 1.095e+04
6.022e-02 1.078e+04
6.052e-02 1.057e+04
6.080e-02 1.030e+04
6.144e-02 1.017e+04
6.148e-02 1.004e+04
5.966e-02 1.096e+04
5.927e-02 1.111e+04
5.900e-02 1.135e+04
6.131e-02 1.002e+04
6.013e-02 1.069e+04
5.990e-02 1.090e+04
6.019e-02 1.073e+04
6.235e-02 9.730e+03
6.143e-02 1.008e+04
5.998e-02 1.075e+04
5.998e-02 1.094e+04
6.074e-02 1.046e+04
5.981e-02 1.082e+04
6.084e-02 1.046e+04
5.955e-02 1.099e+04
5.930e-02 1.111e+04
6.028e-02 1.052e+04
6.065e-02 1.054e+04
6.064e-02 1.055e+04
5.955e-02 1.093e+04
6.044e-02 1.059e+04
6.035e-02 1.052e+04
5.945e-02 1.109e+04
5.974e-02 1.094e+04
6.038e-02 1.060e+04
5.970e-02 1.100e+04
5.969e-02 1.098e+04
6.151e-02 1.001e+04
6.037e-02 1.056e+04
5.947e-02 1.097e+04
6.159e-02 1.002e+04
5.983e-02 1.097e+04
6.093e-02 1.034e+04
5.990e-02 1.089e+04
5.922e-02 1.112e+04
6.071e-02 1.033e+04
6.027e-02 1.059e+04
6.129e-02 1.012e+04
6.118e-02 1.027e+04
6.057e-02 1.040e+04
6.056e-02 1.053e+04
6.064e-02 1.047e+04
6.020e-02 1.064e+04
5.993e-02 1.087e+04
6.006e-02 1.073e+04
6.070e-02 1.036e+04
6.034e-02 1.060e+04
6.023e-02 1.069e+04
6.046e-02 1.062e+04
6.057e-02 1.057e+04
6.015e-02 1.079e+04
6.071e-02 1.052e+04
6.064e-02 1.046e+04
6.044e-02 1.058e+04
6.150e-02 9.981e+03
5.940e-02 1.115e+04
5.950e-02 1.106e+04
5.904e-02 1.128e+04
6.057e-02 1.048e+04
5.868e-02 1.156e+04
6.032e-02 1.064e+04
6.098e-02 1.040e+04
6.078e-02 1.039e+04
5.966e-02 1.091e+04
6.043e-02 1.047e+04
6.166e-02 9.889e+03
5.919e-02 1.130e+04
6.026e-02 1.068e+04
5.858e-02 1.165e+04
6.028e-02 1.059e+04
5.900e-02 1.120e+04
5.971e-02 1.098e+04
6.019e-02 1.064e+04
6.069e-02 1.035e+04
5.987e-02 1.091e+04
5.988e-02 1.083e+04
6.011e-02 1.071e+04
6.066e-02 1.046e+04
6.052e-02 1.053e+04
6.040e-02 1.055e+04
6.032e-02 1.061e+04
6.001e-02 1.078e+04
5.914e-02 1.115e+04
5.972e-02 1.108e+04
5.978e-02 1.086e+04
6.037e-02 1.060e+04
5.996e-02 1.069e+04
6.056e-02 1.056e+04
6.046e-02 1.057e+04
6.038e-02 1.069e+04
5.998e-02 1.068e+04
6.059e-02 1.042e+04
5.993e-02 1.077e+04
5.963e-02 1.092e+04
6.022e-02 1.062e+04
6.129e-02 1.021e+04
5.987e-02 1.093e+04
6.052e-02 1.051e+04
5.805e-02 1.167e+04
6.096e-02 1.024e+04
6.106e-02 1.022e+04
6.041e-02 1.051e+04
6.070e-02 1.047e+04
6.069e-02 1.036e+04
6.091e-02 1.041e+04
5.979e-02 1.083e+04
5.985e-02 1.089e+04
5.937e-02 1.106e+04
5.901e-02 1.132e+04
6.082e-02 1.038e+04
6.092e-02 1.029e+04
6.118e-02 1.021e+04
6.058e-02 1.030e+04
6.024e-02 1.066e+04
5.953e-02 1.102e+04
6.048e-02 1.076e+04
5.946e-02 1.093e+04
5.946e-02 1.115e+04
6.114e-02 1.028e+04
6.074e-02 1.025e+04
5.930e-02 1.108e+04
5.989e-02 1.093e+04
6.042e-02 1.041e+04
5.876e-02 1.145e+04
6.133e-02 1.015e+04
5.985e-02 1.087e+04
6.046e-02 1.050e+04
6.018e-02 1.064e+04
6.004e-02 1.067e+04
6.170e-02 9.931e+03
6.049e-02 1.048e+04
5.954e-02 1.100e+04
5.932e-02 1.107e+04
5.914e-02 1.122e+04
6.068e-02 1.044e+04
6.067e-02 1.053e+04
6.037e-02 1.065e+04
6.015e-02 1.057e+04
5.921e-02 1.122e+04
5.971e-02 1.086e+04
5.875e-02 1.143e+04
6.020e-02 1.060e+04
6.110e-02 1.019e+04
5.915e-02 1.124e+04
6.016e-02 1.073e+04
6.048e-02 1.059e+04
6.043e-02 1.049e+04
5.955e-02 1.098e+04
5.972e-02 1.093e+04
5.987e-02 1.104e+04
5.903e-02 1.129e+04
6.098e-02 1.023e+04
6.065e-02 1.038e+04
6.016e-02 1.082e+04
5.920e-02 1.112e+04
6.142e-02 1.003e+04
6.027e-02 1.066e+04
6.143e-02 1.000e+04
6.065e-02 1.039e+04
6.081e-02 1.038e+04
6.099e-02 1.029e+04
6.083e-02 1.030e+04
6.022e-02 1.070e+04
5.968e-02 1.119e+04
6.013e-02 1.073e+04
5.901e-02 1.125e+04
5.892e-02 1.133e+04
5.986e-02 1.092e+04
5.999e-02 1.075e+04
6.011e-02 1.074e+04
5.824e-02 1.171e+04
6.054e-02 1.060e+04
5.940e-02 1.114e+04
6.137e-02 1.015e+04
5.961e-02 1.103e+04
5.987e-02 1.068e+04
5.877e-02 1.143e+04
5.942e-02 1.107e+04
6.027e-02 1.066e+04
6.132e-02 1.010e+04
5.940e-02 1.112e+04
5.982e-02 1.073e+04
6.032e-02 1.081e+04
6.092e-02 1.028e+04
5.986e-02 1.079e+04
6.083e-02 1.038e+04
5.997e-02 1.086e+04
5.886e-02 1.143e+04
6.120e-02 1.018e+04
6.091e-02 1.035e+04
6.002e-02 1.077e+04
6.080e-02 1.035e+04
5.944e-02 1.106e+04
5.984e-02 1.075e+04
5.926e-02 1.116e+04
5.959e-02 1.095e+04
6.003e-02 1.079e+04
5.991e-02 1.083e+04
5.936e-02 1.120e+04
6.044e-02 1.052e+04
5.892e-02 1.128e+04
6.049e-02 1.040e+04
6.060e-02 1.034e+04
6.062e-02 1.040e+04
6.032e-02 1.076e+04
5.866e-02 1.139e+04
5.950e-02 1.108e+04
5.925e-02 1.118e+04
6.011e-02 1.077e+04
6.108e-02 1.011e+04
6.014e-02 1.062e+04
6.007e-02 1.073e+04
5.962e-02 1.110e+04
6.123e-02 1.023e+04
6.087e-02 1.018e+04
5.913e-02 1.115e+04
6.083e-02 1.037e+04
5.994e-02 1.066e+04
5.940e-02 1.108e+04
6.037e-02 1.060e+04
5.958e-02 1.097e+04
6.167e-02 1.003e+04
5.912e-02 1.127e+04
6.016e-02 1.076e+04
5.938e-02 1.104e+04
6.029e-02 1.053e+04
6.038e-02 1.077e+04
6.037e-02 1.060e+04
6.093e-02 1.031e+04
6.071e-02 1.042e+04
6.041e-02 1.050e+04
5.948e-02 1.105e+04
5.891e-02 1.142e+04
5.980e-02 1.096e+04
6.125e-02 1.016e+04
5.884e-02 1.129e+04
6.006e-02 1.065e+04
6.102e-02 1.035e+04
5.991e-02 1.082e+04
6.019e-02 1.066e+04
6.046e-02 1.057e+04
5.860e-02 1.138e+04
5.899e-02 1.124e+04
6.077e-02 1.037e+04
6.030e-02 1.061e+04
6.122e-02 1.023e+04
6.012e-02 1.078e+04
5.920e-02 1.115e+04
6.059e-02 1.035e+04
6.029e-02 1.063e+04
6.047e-02 1.061e+04
6.019e-02 1.071e+04
5.955e-02 1.095e+04
5.990e-02 1.093e+04
5.936e-02 1.113e+04
6.072e-02 1.045e+04
5.869e-02 1.151e+04
5.973e-02 1.089e+04
6.070e-02 1.043e+04
5.945e-02 1.113e+04
5.876e-02 1.136e+04
6.003e-02 1.056e+04
5.994e-02 1.077e+04
5.915e-02 1.121e+04
6.006e-02 1.065e+04
5.822e-02 1.172e+04
6.082e-02 1.044e+04
6.052e-02 1.058e+04
5.957e-02 1.086e+04
6.015e-02 1.085e+04
5.953e-02 1.105e+04
5.969e-02 1.108e+04
5.986e-02 1.088e+04
6.057e-02 1.058e+04
6.076e-02 1.039e+04
5.905e-02 1.145e+04
5.909e-02 1.147e+04
6.152e-02 9.982e+03
6.112e-02 1.018e+04
6.064e-02 1.041e+04
5.960e-02 1.098e+04
6.055e-02 1.041e+04
6.100e-02 1.029e+04
5.985e-02 1.080e+04
6.080e-02 1.032e+04
5.956e-02 1.095e+04
6.041e-02 1.058e+04
5.972e-02 1.075e+04
6.111e-02 1.011e+04
5.962e-02 1.087e+04
5.972e-02 1.097e+04
6.053e-02 1.060e+04
5.973e-02 1.100e+04
5.956e-02 1.097e+04
5.962e-02 1.090e+04
5.915e-02 1.133e+04
5.929e-02 1.109e+04
5.911e-02 1.125e+04
5.988e-02 1.078e+04
5.855e-02 1.150e+04
5.948e-02 1.094e+04
6.085e-02 1.035e+04
6.019e-02 1.066e+04
5.919e-02 1.119e+04
5.867e-02 1.141e+04
6.069e-02 1.050e+04
6.015e-02 1.056e+04
5.954e-02 1.096e+04
6.062e-02 1.050e+04
5.990e-02 1.082e+04
5.891e-02 1.129e+04
5.917e-02 1.114e+04
5.961e-02 1.082e+04
5.928e-02 1.121e+04
6.081e-02 1.040e+04
5.979e-02 1.094e+04
6.020e-02 1.066e+04
5.987e-02 1.082e+04
6.050e-02 1.052e+04
5.950e-02 1.094e+04
5.857e-02 1.168e+04
6.022e-02 1.072e+04
5.967e-02 1.083e+04
6.081e-02 1.041e+04
6.045e-02 1.042e+04
5.986e-02 1.073e+04
6.021e-02 1.067e+04
5.946e-02 1.111e+04
5.934e-02 1.103e+04
5.927e-02 1.119e+04
5.903e-02 1.128e+04
6.051e-02 1.043e+04
6.023e-02 1.070e+04
6.040e-02 1.050e+04
5.903e-02 1.130e+04
5.967e-02 1.106e+04
6.052e-02 1.042e+04
6.014e-02 1.090e+04
5.957e-02 1.090e+04
6.012e-02 1.082e+04
6.018e-02 1.073e+04
6.094e-02 1.025e+04
5.924e-02 1.112e+04
6.095e-02 1.031e+04
5.929e-02 1.113e+04
6.040e-02 1.064e+04
5.962e-02 1.094e+04
5.972e-02 1.094e+04
5.941e-02 1.111e+04
5.981e-02 1.084e+04
6.004e-02 1.080e+04
6.021e-02 1.077e+04
6.039e-02 1.055e+04
6.056e-02 1.048e+04
6.084e-02 1.041e+04
5.996e-02 1.087e+04
5.959e-02 1.090e+04
6.076e-02 1.030e+04
6.114e-02 1.026e+04
6.065e-02 1.039e+04
6.065e-02 1.052e+04
6.021e-02 1.070e+04
6.075e-02 1.044e+04
6.040e-02 1.040e+04
6.107e-02 1.020e+04
6.075e-02 1.052e+04
6.103e-02 1.024e+04
5.953e-02 1.094e+04
5.847e-02 1.159e+04
5.963e-02 1.115e+04
6.056e-02 1.033e+04
6.020e-02 1.053e+04
5.965e-02 1.087e+04
5.986e-02 1.078e+04
6.080e-02 1.035e+04
5.989e-02 1.075e+04
5.966e-02 1.089e+04
6.038e-02 1.049e+04
5.941e-02 1.114e+04
6.120e-02 1.015e+04
5.878e-02 1.138e+04
6.034e-02 1.056e+04
6.029e-02 1.056e+04
5.984e-02 1.097e+04
6.033e-02 1.063e+04
6.128e-02 1.023e+04
5.926e-02 1.117e+04
6.008e-02 1.072e+04
6.020e-02 1.065e+04
6.131e-02 1.010e+04
6.125e-02 1.023e+04
6.157e-02 1.005e+04
6.194e-02 9.916e+03
6.025e-02 1.068e+04
6.048e-02 1.049e+04
6.036e-02 1.043e+04
6.071e-02 1.043e+04
5.975e-02 1.097e+04
6.080e-02 1.026e+04
5.994e-02 1.075e+04
5.923e-02 1.116e+04
6.142e-02 1.020e+04
6.085e-02 1.036e+04
6.074e-02 1.038e+04
6.045e-02 1.068e+04
6.030e-02 1.049e+04
6.071e-02 1.045e+04
5.989e-02 1.096e+04
5.919e-02 1.137e+04
6.061e-02 1.047e+04
5.936e-02 1.112e+04
6.032e-02 1.048e+04
6.142e-02 1.012e+04
6.022e-02 1.069e+04
5.992e-02 1.064e+04
5.830e-02 1.166e+04
5.942e-02 1.106e+04
6.057e-02 1.058e+04
5.913e-02 1.116e+04
6.015e-02 1.089e+04
5.990e-02 1.093e+04
6.110e-02 1.024e+04
5.913e-02 1.127e+04
5.928e-02 1.115e+04
6.035e-02 1.070e+04
6.041e-02 1.037e+04
6.105e-02 1.026e+04
5.977e-02 1.092e+04
6.042e-02 1.054e+04
6.043e-02 1.065e+04
6.038e-02 1.058e+04
6.107e-02 1.023e+04
5.954e-02 1.113e+04
5.821e-02 1.176e+04
6.066e-02 1.052e+04
6.042e-02 1.071e+04
6.099e-02 1.032e+04
6.081e-02 1.033e+04
6.038e-02 1.059e+04
6.061e-02 1.058e+04
5.856e-02 1.149e+04
5.971e-02 1.084e+04
6.113e-02 1.014e+04
6.123e-02 1.019e+04
5.902e-02 1.141e+04
5.936e-02 1.107e+04
6.125e-02 1.028e+04
6.183e-02 9.927e+03
5.888e-02 1.166e+04
5.915e-02 1.122e+04
6.069e-02 1.053e+04
5.977e-02 1.095e+04
6.094e-02 1.024e+04
5.997e-02 1.086e+04
6.031e-02 1.062e+04
5.962e-02 1.095e+04
5.970e-02 1.087e+04
6.083e-02 1.031e+04
5.966e-02 1.092e+04
5.987e-02 1.092e+04
6.000e-02 1.063e+04
5.968e-02 1.079e+04
6.036e-02 1.061e+04
5.976e-02 1.105e+04
5.970e-02 1.100e+04
5.986e-02 1.098e+04
6.099e-02 1.020e+04
6.009e-02 1.078e+04
6.121e-02 1.020e+04
5.942e-02 1.112e+04
5.982e-02 1.082e+04
6.007e-02 1.068e+04
5.950e-02 1.107e+04
6.099e-02 1.033e+04
6.067e-02 1.038e+04
6.011e-02 1.073e+04
6.143e-02 1.012e+04
5.987e-02 1.082e+04
5.961e-02 1.087e+04
5.920e-02 1.116e+04
5.982e-02 1.070e+04
6.135e-02 1.006e+04
5.971e-02 1.084e+04
6.068e-02 1.053e+04
6.017e-02 1.066e+04
6.034e-02 1.049e+04
5.862e-02 1.148e+04
6.034e-02 1.050e+04
5.964e-02 1.095e+04
6.179e-02 9.897e+03
5.956e-02 1.103e+04
6.024e-02 1.062e+04
6.167e-02 9.942e+03
5.981e-02 1.092e+04
6.038e-02 1.055e+04
6.016e-02 1.074e+04
6.048e-02 1.053e+04
5.921e-02 1.112e+04
6.138e-02 1.016e+04
5.935e-02 1.114e+04
5.987e-02 1.088e+04
6.038e-02 1.065e+04
5.985e-02 1.088e+04
6.041e-02 1.049e+04
6.137e-02 1.012e+04
6.012e-02 1.085e+04
6.042e-02 1.053e+04
5.924e-02 1.115e+04
5.977e-02 1.082e+04
6.007e-02 1.073e+04
6.127e-02 1.018e+04
5.922e-02 1.114e+04
6.048e-02 1.060e+04
5.949e-02 1.103e+04
5.949e-02 1.116e+04
5.809e-02 1.171e+04
6.063e-02 1.055e+04
5.950e-02 1.103e+04
5.964e-02 1.105e+04
5.933e-02 1.108e+04
5.931e-02 1.104e+04
5.915e-02 1.116e+04
6.022e-02 1.066e+04
6.084e-02 1.028e+04
6.068e-02 1.052e+04
5.951e-02 1.113e+04
6.016e-02 1.073e+04
5.980e-02 1.084e+04
6.031e-02 1.060e+04
6.210e-02 9.678e+03
5.967e-02 1.098e+04
6.029e-02 1.072e+04
6.007e-02 1.074e+04
5.990e-02 1.074e+04
6.059e-02 1.038e+04
6.057e-02 1.049e+04
6.036e-02 1.061e+04
6.068e-02 1.037e+04
5.829e-02 1.166e+04
6.039e-02 1.049e+04
5.814e-02 1.181e+04
5.956e-02 1.091e+04
5.993e-02 1.076e+04
6.009e-02 1.067e+04
6.144e-02 1.022e+04
6.082e-02 1.039e+04
6.127e-02 1.006e+04
6.057e-02 1.040e+04
5.982e-02 1.088e+04
5.963e-02 1.089e+04
5.877e-02 1.146e+04
6.087e-02 1.034e+04
5.967e-02 1.077e+04
5.806e-02 1.173e+04
5.998e-02 1.081e+04
6.098e-02 1.030e+04
6.116e-02 1.022e+04
5.945e-02 1.121e+04
5.956e-02 1.099e+04
6.021e-02 1.072e+04
6.042e-02 1.048e+04
5.991e-02 1.075e+04
6.123e-02 1.020e+04
6.047e-02 1.059e+04
6.048e-02 1.049e+04
5.997e-02 1.073e+04
6.035e-02 1.058e+04
6.091e-02 1.032e+04
6.025e-02 1.069e+04
6.030e-02 1.042e+04
5.977e-02 1.078e+04
6.017e-02 1.076e+04
5.957e-02 1.090e+04
6.070e-02 1.035e+04
5.934e-02 1.108e+04
5.971e-02 1.097e+04
6.010e-02 1.074e+04
6.028e-02 1.076e+04
6.025e-02 1.068e+04
6.049e-02 1.050e+04
5.949e-02 1.108e+04
6.079e-02 1.040e+04
6.068e-02 1.050e+04
6.107e-02 1.021e+04
5.938e-02 1.106e+04
6.138e-02 1.002e+04
5.987e-02 1.081e+04
5.974e-02 1.080e+04
6.053e-02 1.057e+04
6.070e-02 1.039e+04
5.945e-02 1.117e+04
5.977e-02 1.083e+04
5.872e-02 1.143e+04
6.054e-02 1.046e+04
5.966e-02 1.093e+04
6.014e-02 1.060e+04
6.013e-02 1.075e+04
6.013e-02 1.067e+04
5.892e-02 1.124e+04
5.945e-02 1.116e+04
6.115e-02 1.033e+04
5.915e-02 1.122e+04
5.996e-02 1.076e+04
6.058e-02 1.053e+04
6.068e-02 1.044e+04
6.097e-02 1.046e+04
6.046e-02 1.064e+04
6.117e-02 1.017e+04
6.018e-02 1.068e+04
6.061e-02 1.039e+04
6.043e-02 1.064e+04
5.879e-02 1.145e+04
5.990e-02 1.072e+04
6.026e-02 1.066e+04
6.011e-02 1.085e+04
6.048e-02 1.043e+04
5.901e-02 1.139e+04
6.004e-02 1.070e+04
6.011e-02 1.072e+04
6.026e-02 1.065e+04
6.033e-02 1.060e+04
5.947e-02 1.111e+04
5.967e-02 1.102e+04
6.132e-02 1.007e+04
5.911e-02 1.122e+04
5.995e-02 1.073e+04
5.931e-02 1.112e+04
5.902e-02 1.115e+04
6.089e-02 1.035e+04
6.019e-02 1.066e+04
6.052e-02 1.039e+04
5.936e-02 1.119e+04
6.056e-02 1.038e+04
6.023e-02 1.060e+04
5.976e-02 1.093e+04
5.987e-02 1.084e+04
6.020e-02 1.069e+04
6.081e-02 1.027e+04
6.080e-02 1.044e+04
5.906e-02 1.124e+04
5.986e-02 1.080e+04
5.885e-02 1.144e+04
6.001e-02 1.065e+04
6.002e-02 1.079e+04
6.086e-02 1.035e+04
5.928e-02 1.126e+04
6.069e-02 1.051e+04
6.014e-02 1.069e+04
5.986e-02 1.088e+04
6.087e-02 1.031e+04
6.015e-02 1.070e+04
6.050e-02 1.061e+04
5.975e-02 1.089e+04
5.996e-02 1.082e+04
5.984e-02 1.095e+04
5.978e-02 1.078e+04
5.957e-02 1.105e+04
5.951e-02 1.100e+04
6.128e-02 1.029e+04
6.075e-02 1.039e+04
5.996e-02 1.092e+04
5.976e-02 1.091e+04
5.968e-02 1.097e+04
5.991e-02 1.073e+04
6.049e-02 1.050e+04
6.025e-02 1.065e+04
6.040e-02 1.043e+04
5.969e-02 1.104e+04
5.957e-02 1.102e+04
6.110e-02 1.027e+04
6.067e-02 1.037e+04
6.118e-02 1.020e+04
5.991e-02 1.092e+04
6.035e-02 1.051e+04
6.084e-02 1.035e+04
5.899e-02 1.127e+04
5.952e-02 1.083e+04
6.186e-02 9.857e+03
6.088e-02 1.046e+04
6.023e-02 1.068e+04
6.013e-02 1.070e+04
5.886e-02 1.126e+04
5.992e-02 1.085e+04
5.973e-02 1.075e+04
5.942e-02 1.110e+04
5.948e-02 1.110e+04
5.930e-02 1.105e+04
5.928e-02 1.127e+04
6.039e-02 1.049e+04
6.035e-02 1.052e+04
5.849e-02 1.146e+04
6.008e-02 1.069e+04
6.064e-02 1.056e+04
5.984e-02 1.085e+04
6.155e-02 1.012e+04
6.156e-02 1.001e+04
5.988e-02 1.091e+04
5.907e-02 1.129e+04
6.020e-02 1.071e+04
5.927e-02 1.119e+04
6.088e-02 1.034e+04
6.046e-02 1.046e+04
6.023e-02 1.059e+04
5.966e-02 1.086e+04
6.007e-02 1.081e+04
5.980e-02 1.082e+04
6.002e-02 1.068e+04
5.874e-02 1.139e+04
5.853e-02 1.152e+04
6.002e-02 1.079e+04
5.851e-02 1.149e+04
5.940e-02 1.112e+04
5.962e-02 1.096e+04
6.015e-02 1.075e+04
6.005e-02 1.075e+04
5.893e-02 1.132e+04
6.108e-02 1.026e+04
5.963e-02 1.116e+04
6.045e-02 1.049e+04
6.033e-02 1.060e+04
6.124e-02 1.018e+04
5.921e-02 1.127e+04
5.895e-02 1.136e+04
6.084e-02 1.042e+04
6.217e-02 9.763e+03
5.879e-02 1.147e+04
6.137e-02 1.019e+04
6.024e-02 1.065e+04
5.960e-02 1.113e+04
5.971e-02 1.090e+04
5.882e-02 1.139e+04
5.970e-02 1.084e+04
6.021e-02 1.062e+04
6.035e-02 1.059e+04
5.928e-02 1.116e+04
5.940e-02 1.116e+04
5.986e-02 1.080e+04
6.042e-02 1.064e+04
6.003e-02 1.067e+04
6.035e-02 1.064e+04
6.125e-02 1.027e+04
5.899e-02 1.153e+04
6.039e-02 1.059e+04
6.007e-02 1.087e+04
5.969e-02 1.095e+04
5.999e-02 1.074e+04
6.013e-02 1.074e+04
5.999e-02 1.085e+04
6.100e-02 1.031e+04
5.920e-02 1.114e+04
5.948e-02 1.102e+04
5.989e-02 1.076e+04
6.161e-02 9.987e+03
6.013e-02 1.070e+04
6.040e-02 1.059e+04
5.987e-02 1.093e+04
6.116e-02 1.022e+04
5.943e-02 1.108e+04
6.123e-02 1.015e+04
5.943e-02 1.111e+04
6.031e-02 1.060e+04
6.061e-02 1.045e+04
5.939e-02 1.122e+04
6.095e-02 1.039e+04
5.940e-02 1.112e+04
6.147e-02 1.003e+04
5.969e-02 1.103e+04
6.056e-02 1.045e+04
5.992e-02 1.087e+04
5.991e-02 1.089e+04
5.938e-02 1.105e+04
5.953e-02 1.094e+04
5.969e-02 1.097e+04
6.117e-02 1.019e+04
5.901e-02 1.121e+04
6.063e-02 1.047e+04
6.025e-02 1.064e+04
5.999e-02 1.072e+04
6.114e-02 1.007e+04
6.031e-02 1.061e+04
6.068e-02 1.042e+04
6.074e-02 1.036e+04
6.135e-02 1.007e+04
6.042e-02 1.052e+04
5.942e-02 1.106e+04
6.023e-02 1.063e+04
5.926e-02 1.110e+04
5.963e-02 1.114e+04
6.043e-02 1.049e+04
6.117e-02 1.016e+04
6.004e-02 1.071e+04
6.121e-02 1.015e+04
6.093e-02 1.022e+04
5.986e-02 1.091e+04
6.105e-02 1.030e+04
6.105e-02 1.012e+04
6.019e-02 1.075e+04
6.015e-02 1.071e+04
6.042e-02 1.056e+04
6.094e-02 1.034e+04
6.015e-02 1.067e+04
6.017e-02 1.079e+04
5.936e-02 1.110e+04
6.028e-02 1.075e+04
5.912e-02 1.123e+04
5.964e-02 1.094e+04
5.989e-02 1.073e+04
5.946e-02 1.118e+04
5.997e-02 1.089e+04
5.977e-02 1.080e+04
5.941e-02 1.094e+04
6.162e-02 9.945e+03
5.980e-02 1.088e+04
6.058e-02 1.057e+04
6.079e-02 1.051e+04
6.028e-02 1.067e+04
6.072e-02 1.046e+04
5.905e-02 1.120e+04
6.106e-02 1.023e+04
6.012e-02 1.070e+04
6.060e-02 1.028e+04
5.992e-02 1.092e+04
6.029e-02 1.062e+04
5.969e-02 1.108e+04
6.051e-02 1.057e+04
6.040e-02 1.068e+04
6.123e-02 1.015e+04
6.018e-02 1.068e+04
6.170e-02 1.009e+04
6.053e-02 1.055e+04
6.020e-02 1.066e+04
5.981e-02 1.103e+04
6.026e-02 1.060e+04
5.967e-02 1.094e+04
6.048e-02 1.055e+04
5.935e-02 1.105e+04
5.961e-02 1.092e+04
5.875e-02 1.154e+04
5.906e-02 1.131e+04
5.953e-02 1.103e+04
6.020e-02 1.070e+04
6.015e-02 1.066e+04
5.943e-02 1.104e+04
6.014e-02 1.073e+04
6.007e-02 1.072e+04
5.949e-02 1.108e+04
5.993e-02 1.094e+04
5.982e-02 1.084e+04
6.011e-02 1.080e+04
6.108e-02 1.019e+04
6.028e-02 1.066e+04
6.031e-02 1.068e+04
6.125e-02 1.023e+04
6.084e-02 1.028e+04
5.980e-02 1.108e+04
6.058e-02 1.033e+04
6.164e-02 9.918e+03
5.965e-02 1.094e+04
5.951e-02 1.117e+04
6.041e-02 1.060e+04
5.991e-02 1.083e+04
5.989e-02 1.087e+04
5.981e-02 1.083e+04
6.100e-02 1.017e+04
5.996e-02 1.082e+04
5.973e-02 1.087e+04
6.087e-02 1.037e+04
5.974e-02 1.095e+04
5.927e-02 1.120e+04
6.125e-02 1.017e+04
6.029e-02 1.066e+04
6.083e-02 1.040e+04
6.064e-02 1.050e+04
6.169e-02 1.001e+04
6.001e-02 1.088e+04
6.006e-02 1.062e+04
6.105e-02 1.026e+04
5.976e-02 1.091e+04
5.900e-02 1.120e+04
5.984e-02 1.079e+04
5.982e-02 1.089e+04
6.019e-02 1.075e+04
6.168e-02 1.003e+04
5.968e-02 1.086e+04
5.980e-02 1.078e+04
5.948e-02 1.096e+04
6.048e-02 1.059e+04
6.027e-02 1.062e+04
6.074e-02 1.030e+04
6.174e-02 9.894e+03
6.088e-02 1.039e+04
6.029e-02 1.062e+04
5.957e-02 1.092e+04
5.968e-02 1.090e+04
6.102e-02 1.021e+04
6.092e-02 1.029e+04
6.033e-02 1.057e+04
6.101e-02 1.033e+04
5.999e-02 1.076e+04
6.016e-02 1.065e+04
5.929e-02 1.118e+04
6.049e-02 1.050e+04
6.063e-02 1.053e+04
6.036e-02 1.057e+04
5.981e-02 1.090e+04
6.125e-02 1.023e+04
5.949e-02 1.102e+04
6.079e-02 1.033e+04
5.970e-02 1.087e+04
5.989e-02 1.094e+04
5.976e-02 1.095e+04
6.027e-02 1.067e+04
5.971e-02 1.081e+04
6.072e-02 1.048e+04
6.001e-02 1.065e+04
6.110e-02 1.024e+04
5.855e-02 1.158e+04
5.907e-02 1.134e+04
5.934e-02 1.112e+04
6.103e-02 1.031e+04
5.970e-02 1.100e+04
6.086e-02 1.032e+04
5.916e-02 1.119e+04
5.992e-02 1.081e+04
6.123e-02 1.008e+04
5.972e-02 1.102e+04
5.998e-02 1.087e+04
6.038e-02 1.060e+04
6.071e-02 1.046e+04
6.125e-02 1.019e+04
5.925e-02 1.117e+04
6.020e-02 1.052e+04
5.959e-02 1.103e+04
6.069e-02 1.041e+04
5.990e-02 1.088e+04
6.115e-02 1.023e+04
6.005e-02 1.070e+04
5.951e-02 1.119e+04
5.975e-02 1.097e+04
6.094e-02 1.045e+04
6.004e-02 1.068e+04
6.187e-02 9.900e+03
6.154e-02 9.939e+03
5.866e-02 1.146e+04
5.916e-02 1.124e+04
5.880e-02 1.144e+04
6.011e-02 1.080e+04
6.110e-02 1.029e+04
5.976e-02 1.092e+04
6.049e-02 1.058e+04
5.952e-02 1.094e+04
5.940e-02 1.109e+04
5.985e-02 1.086e+04
5.964e-02 1.112e+04
5.982e-02 1.099e+04
5.974e-02 1.082e+04
5.984e-02 1.080e+04
6.062e-02 1.059e+04
5.977e-02 1.090e+04
6.023e-02 1.069e+04
5.939e-02 1.110e+04
6.013e-02 1.061e+04
6.117e-02 1.018e+04
5.964e-02 1.089e+04
5.925e-02 1.109e+04
6.072e-02 1.052e+04
5.905e-02 1.133e+04
5.804e-02 1.179e+04
5.949e-02 1.110e+04
5.987e-02 1.087e+04
6.042e-02 1.046e+04
6.124e-02 1.011e+04
5.959e-02 1.090e+04
6.005e-02 1.074e+04
5.993e-02 1.076e+04
6.003e-02 1.080e+04
6.001e-02 1.077e+04
5.984e-02 1.090e+04
5.794e-02 1.193e+04
5.934e-02 1.124e+04
6.005e-02 1.082e+04
5.982e-02 1.075e+04
5.879e-02 1.148e+04
5.981e-02 1.094e+04
5.813e-02 1.180e+04
5.966e-02 1.100e+04
5.956e-02 1.102e+04
6.099e-02 1.023e+04
5.991e-02 1.083e+04
6.031e-02 1.066e+04
6.138e-02 1.008e+04
5.937e-02 1.122e+04
6.104e-02 1.028e+04
5.993e-02 1.081e+04
5.937e-02 1.117e+04
6.071e-02 1.044e+04
6.091e-02 1.027e+04
6.051e-02 1.036e+04
6.053e-02 1.057e+04
5.986e-02 1.076e+04
6.023e-02 1.071e+04
6.009e-02 1.084e+04
6.063e-02 1.043e+04
6.149e-02 1.009e+04
6.075e-02 1.043e+04
5.942e-02 1.110e+04
5.997e-02 1.074e+04
5.993e-02 1.076e+04
6.119e-02 1.016e+04
5.894e-02 1.132e+04
5.920e-02 1.108e+04
6.121e-02 1.022e+04
5.954e-02 1.105e+04
5.982e-02 1.098e+04
6.054e-02 1.057e+04
6.155e-02 1.003e+04
5.934e-02 1.104e+04
6.053e-02 1.054e+04
5.897e-02 1.131e+04
6.007e-02 1.078e+04
6.051e-02 1.053e+04
6.000e-02 1.066e+04
5.937e-02 1.102e+04
6.048e-02 1.048e+04
5.972e-02 1.098e+04
6.099e-02 1.033e+04
6.066e-02 1.041e+04
6.067e-02 1.048e+04
5.868e-02 1.150e+04
5.988e-02 1.097e+04
5.875e-02 1.143e+04
5.909e-02 1.129e+04
6.189e-02 9.776e+03
6.217e-02 9.747e+03
6.069e-02 1.051e+04
5.956e-02 1.093e+04
5.993e-02 1.075e+04
6.103e-02 1.018e+04
6.023e-02 1.070e+04
6.050e-02 1.042e+04
6.123e-02 1.016e+04
6.109e-02 1.001e+04
6.038e-02 1.058e+04
6.046e-02 1.054e+04
6.141e-02 1.011e+04
6.039e-02 1.050e+04
5.919e-02 1.114e+04
6.000e-02 1.075e+04
5.950e-02 1.110e+04
5.975e-02 1.096e+04
6.075e-02 1.040e+04
5.964e-02 1.095e+04
5.955e-02 1.107e+04
5.951e-02 1.119e+04
5.910e-02 1.121e+04
5.983e-02 1.094e+04
6.067e-02 1.047e+04
5.898e-02 1.136e+04
5.923e-02 1.124e+04
5.929e-02 1.121e+04
6.002e-02 1.072e+04
5.941e-02 1.100e+04
6.121e-02 1.014e+04
5.891e-02 1.135e+04
5.995e-02 1.088e+04
5.893e-02 1.120e+04
6.109e-02 1.019e+04
6.062e-02 1.061e+04
6.001e-02 1.074e+04
6.060e-02 1.045e+04
5.931e-02 1.119e+04
6.045e-02 1.056e+04
5.997e-02 1.081e+04
5.909e-02 1.133e+04
5.897e-02 1.131e+04
6.093e-02 1.020e+04
6.000e-02 1.074e+04
6.002e-02 1.082e+04
5.951e-02 1.101e+04
6.075e-02 1.054e+04
6.028e-02 1.063e+04
5.914e-02 1.113e+04
6.018e-02 1.061e+04
6.109e-02 1.022e+04
6.078e-02 1.036e+04
6.038e-02 1.052e+04
5.999e-02 1.087e+04
6.009e-02 1.078e+04
6.046e-02 1.047e+04
5.793e-02 1.200e+04
6.182e-02 9.974e+03
5.870e-02 1.153e+04
6.054e-02 1.066e+04
6.142e-02 1.003e+04
5.925e-02 1.120e+04
6.054e-02 1.045e+04
6.059e-02 1.047e+04
5.993e-02 1.091e+04
6.151e-02 1.015e+04
5.954e-02 1.094e+04
5.900e-02 1.123e+04
6.017e-02 1.071e+04
6.012e-02 1.077e+04
6.028e-02 1.072e+04
6.014e-02 1.068e+04
6.170e-02 9.976e+03
5.983e-02 1.077e+04
6.002e-02 1.086e+04
5.983e-02 1.080e+04
6.042e-02 1.057e+04
6.161e-02 1.008e+04
6.018e-02 1.070e+04
6.058e-02 1.051e+04
6.203e-02 9.873e+03
5.987e-02 1.080e+04
5.999e-02 1.080e+04
6.030e-02 1.047e+04
5.936e-02 1.110e+04
6.025e-02 1.062e+04
6.068e-02 1.043e+04
5.936e-02 1.107e+04
6.030e-02 1.057e+04
6.169e-02 1.000e+04
6.046e-02 1.071e+04
5.987e-02 1.093e+04
5.885e-02 1.135e+04
5.981e-02 1.085e+04
6.072e-02 1.036e+04
5.864e-02 1.148e+04
6.039e-02 1.055e+04
6.073e-02 1.042e+04
