7.485e-02 7.385e+03
7.591e-02 7.104e+03
7.375e-02 7.624e+03
7.493e-02 7.396e+03
7.456e-02 7.458e+03
7.242e-02 8.011e+03
7.370e-02 7.609e+03
7.072e-02 8.401e+03
7.269e-02 7.921e+03
7.443e-02 7.461e+03
7.559e-02 7.274e+03
7.392e-02 7.709e+03
7.306e-02 7.721e+03
7.311e-02 7.818e+03
7.358e-02 7.673e+03
7.382e-02 7.567e+03
7.389e-02 7.582e+03
7.563e-02 7.243e+03
7.381e-02 7.719e+03
7.247e-02 7.989e+03
7.537e-02 7.399e+03
7.452e-02 7.553e+03
7.524e-02 7.246e+03
7.321e-02 7.783e+03
7.371e-02 7.635e+03
7.250e-02 7.912e+03
7.382e-02 7.513e+03
7.558e-02 7.226e+03
7.486e-02 7.507e+03
7.297e-02 7.876e+03
7.282e-02 7.798e+03
7.376e-02 7.597e+03
7.272e-02 7.929e+03
7.403e-02 7.529e+03
7.564e-02 7.299e+03
7.502e-02 7.330e+03
7.331e-02 7.733e+03
7.341e-02 7.619e+03
7.363e-02 7.733e+03
7.364e-02 7.648e+03
7.284e-02 7.845e+03
7.495e-02 7.320e+03
7.385e-02 7.528e+03
7.224e-02 7.951e+03
7.439e-02 7.549e+03
7.305e-02 7.730e+03
7.555e-02 7.253e+03
7.282e-02 7.734e+03
7.269e-02 7.846e+03
7.419e-02 7.548e+03
7.731e-02 6.980e+03
7.422e-02 7.589e+03
7.638e-02 7.099e+03
7.604e-02 7.111e+03
7.390e-02 7.550e+03
6.986e-02 8.504e+03
7.418e-02 7.452e+03
7.364e-02 7.780e+03
7.550e-02 7.200e+03
7.589e-02 7.205e+03
7.265e-02 7.847e+03
7.518e-02 7.348e+03
7.350e-02 7.730e+03
7.481e-02 7.427e+03
7.336e-02 7.674e+03
7.530e-02 7.331e+03
7.406e-02 7.639e+03
7.261e-02 7.929e+03
7.449e-02 7.500e+03
7.408e-02 7.507e+03
7.283e-02 7.769e+03
7.501e-02 7.279e+03
7.404e-02 7.557e+03
7.213e-02 8.035e+03
7.553e-02 7.276e+03
7.468e-02 7.466e+03
7.364e-02 7.643e+03
7.505e-02 7.322e+03
7.478e-02 7.306e+03
7.479e-02 7.418e+03
7.203e-02 8.148e+03
7.637e-02 7.160e+03
7.331e-02 7.666e+03
7.256e-02 7.778e+03
7.275e-02 7.769e+03
7.415e-02 7.635e+03
7.527e-02 7.322e+03
7.367e-02 7.587e+03
7.345e-02 7.788e+03
7.343e-02 7.764e+03
7.526e-02 7.315e+03
7.510e-02 7.378e+03
7.298e-02 7.874e+03
7.209e-02 8.026e+03
7.360e-02 7.560e+03
7.360e-02 7.643e+03
7.297e-02 7.783e+03
7.108e-02 8.299e+03
7.660e-02 7.056e+03
7.504e-02 7.400e+03
7.379e-02 7.611e+03
7.581e-02 7.212e+03
7.381e-02 7.726e+03
7.412e-02 7.467e+03
7.376e-02 7.636e+03
7.382e-02 7.632e+03
7.412e-02 7.541e+03
7.430e-02 7.621e+03
7.394e-02 7.526e+03
7.152e-02 8.138e+03
7.364e-02 7.468e+03
7.296e-02 7.788e+03
7.428e-02 7.530e+03
7.473e-02 7.442e+03
7.487e-02 7.459e+03
7.288e-02 7.774e+03
7.342e-02 7.631e+03
7.488e-02 7.429e+03
7.493e-02 7.344e+03
7.535e-02 7.286e+03
7.485e-02 7.429e+03
7.437e-02 7.511e+03
7.411e-02 7.509e+03
7.347e-02 7.640e+03
7.476e-02 7.430e+03
7.308e-02 7.816e+03
7.431e-02 7.541e+03
7.487e-02 7.371e+03
7.541e-02 7.225e+03
7.434e-02 7.550e+03
7.333e-02 7.714e+03
7.238e-02 7.857e+03
7.639e-02 7.139e+03
7.272e-02 7.927e+03
7.504e-02 7.416e+03
7.401e-02 7.606e+03
7.482e-02 7.365e+03
7.562e-02 7.321e+03
7.402e-02 7.572e+03
7.440e-02 7.493e+03
7.358e-02 7.650e+03
7.335e-02 7.694e+03
7.581e-02 7.215e+03
7.530e-02 7.319e+03
7.216e-02 7.971e+03
7.513e-02 7.313e+03
7.533e-02 7.326e+03
7.483e-02 7.280e+03
7.426e-02 7.597e+03
7.414e-02 7.610e+03
7.282e-02 7.735e+03
7.398e-02 7.616e+03
7.174e-02 8.058e+03
7.250e-02 7.934e+03
7.167e-02 8.038e+03
7.092e-02 8.282e+03
7.449e-02 7.567e+03
7.385e-02 7.502e+03
7.450e-02 7.467e+03
7.476e-02 7.391e+03
7.321e-02 7.822e+03
7.482e-02 7.386e+03
7.520e-02 7.331e+03
7.466e-02 7.480e+03
7.252e-02 7.836e+03
7.495e-02 7.412e+03
7.421e-02 7.510e+03
7.477e-02 7.406e+03
7.142e-02 8.080e+03
7.413e-02 7.498e+03
7.304e-02 7.724e+03
7.140e-02 8.267e+03
7.503e-02 7.436e+03
7.462e-02 7.428e+03
7.380e-02 7.639e+03
7.501e-02 7.290e+03
7.519e-02 7.366e+03
7.160e-02 8.125e+03
7.305e-02 7.830e+03
7.420e-02 7.622e+03
7.211e-02 7.997e+03
7.209e-02 8.059e+03
7.042e-02 8.459e+03
7.458e-02 7.414e+03
7.539e-02 7.255e+03
7.385e-02 7.574e+03
7.311e-02 7.770e+03
7.218e-02 7.859e+03
7.407e-02 7.468e+03
7.365e-02 7.563e+03
7.372e-02 7.614e+03
7.448e-02 7.583e+03
7.418e-02 7.637e+03
7.507e-02 7.452e+03
7.188e-02 8.081e+03
7.265e-02 7.905e+03
7.528e-02 7.248e+03
7.282e-02 7.869e+03
7.261e-02 7.760e+03
7.076e-02 8.420e+03
7.396e-02 7.593e+03
7.430e-02 7.503e+03
7.541e-02 7.316e+03
7.450e-02 7.450e+03
7.307e-02 7.790e+03
7.341e-02 7.782e+03
7.279e-02 7.767e+03
7.263e-02 7.929e+03
7.295e-02 7.880e+03
7.242e-02 7.959e+03
7.647e-02 7.154e+03
7.386e-02 7.636e+03
7.387e-02 7.578e+03
7.336e-02 7.807e+03
7.574e-02 7.176e+03
7.305e-02 7.776e+03
7.513e-02 7.281e+03
7.522e-02 7.392e+03
7.580e-02 7.177e+03
7.286e-02 7.787e+03
7.329e-02 7.690e+03
7.448e-02 7.467e+03
7.447e-02 7.473e+03
7.129e-02 8.271e+03
7.497e-02 7.458e+03
7.424e-02 7.608e+03
7.373e-02 7.678e+03
7.608e-02 7.229e+03
7.457e-02 7.542e+03
7.599e-02 7.248e+03
7.396e-02 7.634e+03
7.506e-02 7.365e+03
7.544e-02 7.236e+03
7.436e-02 7.476e+03
7.617e-02 7.214e+03
7.190e-02 8.126e+03
7.347e-02 7.685e+03
7.264e-02 7.905e+03
7.289e-02 7.746e+03
7.510e-02 7.363e+03
7.332e-02 7.689e+03
7.213e-02 7.949e+03
7.531e-02 7.371e+03
7.462e-02 7.481e+03
7.426e-02 7.580e+03
7.273e-02 7.896e+03
7.336e-02 7.790e+03
7.341e-02 7.614e+03
7.470e-02 7.383e+03
7.364e-02 7.761e+03
7.393e-02 7.623e+03
7.334e-02 7.776e+03
7.482e-02 7.426e+03
7.209e-02 8.024e+03
7.188e-02 8.047e+03
7.322e-02 7.767e+03
7.433e-02 7.580e+03
7.494e-02 7.311e+03
7.203e-02 8.049e+03
7.504e-02 7.346e+03
7.307e-02 7.875e+03
7.299e-02 7.709e+03
7.400e-02 7.603e+03
7.452e-02 7.490e+03
7.488e-02 7.384e+03
7.428e-02 7.599e+03
7.281e-02 7.871e+03
7.326e-02 7.733e+03
7.183e-02 8.018e+03
7.210e-02 8.074e+03
7.556e-02 7.303e+03
7.326e-02 7.768e+03
7.599e-02 7.262e+03
7.319e-02 7.813e+03
7.529e-02 7.266e+03
7.432e-02 7.469e+03
7.393e-02 7.561e+03
7.417e-02 7.541e+03
7.421e-02 7.737e+03
7.474e-02 7.376e+03
7.317e-02 7.857e+03
7.274e-02 7.895e+03
7.269e-02 7.954e+03
7.276e-02 7.972e+03
7.284e-02 7.837e+03
7.327e-02 7.677e+03
7.494e-02 7.376e+03
7.208e-02 8.012e+03
7.408e-02 7.617e+03
7.181e-02 8.060e+03
7.425e-02 7.526e+03
7.465e-02 7.413e+03
7.347e-02 7.722e+03
7.470e-02 7.387e+03
7.541e-02 7.323e+03
7.461e-02 7.513e+03
7.070e-02 8.287e+03
7.442e-02 7.418e+03
7.289e-02 7.822e+03
7.365e-02 7.653e+03
7.397e-02 7.647e+03
7.375e-02 7.639e+03
7.480e-02 7.434e+03
7.427e-02 7.509e+03
7.305e-02 7.835e+03
7.462e-02 7.496e+03
7.204e-02 7.958e+03
7.186e-02 8.038e+03
7.550e-02 7.310e+03
7.343e-02 7.623e+03
7.369e-02 7.557e+03
7.255e-02 7.850e+03
7.305e-02 7.803e+03
7.297e-02 7.851e+03
7.294e-02 7.795e+03
7.230e-02 7.936e+03
7.373e-02 7.651e+03
7.605e-02 7.335e+03
7.256e-02 7.900e+03
7.211e-02 8.007e+03
7.486e-02 7.365e+03
7.356e-02 7.630e+03
7.316e-02 7.829e+03
7.604e-02 7.184e+03
7.610e-02 7.141e+03
7.289e-02 7.758e+03
7.541e-02 7.264e+03
7.315e-02 7.761e+03
7.513e-02 7.344e+03
7.504e-02 7.407e+03
7.428e-02 7.646e+03
7.583e-02 7.256e+03
7.559e-02 7.363e+03
7.595e-02 7.289e+03
7.411e-02 7.525e+03
7.533e-02 7.261e+03
7.488e-02 7.410e+03
7.063e-02 8.354e+03
7.546e-02 7.254e+03
7.544e-02 7.249e+03
7.502e-02 7.344e+03
7.318e-02 7.737e+03
7.555e-02 7.228e+03
7.206e-02 7.949e+03
7.079e-02 8.366e+03
7.438e-02 7.530e+03
7.458e-02 7.562e+03
7.406e-02 7.525e+03
7.354e-02 7.675e+03
7.340e-02 7.646e+03
7.344e-02 7.629e+03
7.392e-02 7.632e+03
7.251e-02 7.961e+03
7.223e-02 7.919e+03
7.282e-02 7.921e+03
7.396e-02 7.591e+03
7.537e-02 7.335e+03
7.457e-02 7.425e+03
7.446e-02 7.512e+03
7.598e-02 7.111e+03
7.492e-02 7.338e+03
7.532e-02 7.284e+03
7.402e-02 7.575e+03
7.498e-02 7.355e+03
7.570e-02 7.286e+03
7.409e-02 7.560e+03
7.326e-02 7.796e+03
7.337e-02 7.667e+03
7.505e-02 7.431e+03
7.286e-02 7.778e+03
7.457e-02 7.413e+03
7.456e-02 7.469e+03
7.610e-02 7.174e+03
7.264e-02 7.870e+03
7.512e-02 7.379e+03
7.298e-02 7.815e+03
7.408e-02 7.489e+03
7.344e-02 7.730e+03
7.393e-02 7.559e+03
7.455e-02 7.551e+03
7.248e-02 7.940e+03
7.524e-02 7.283e+03
7.207e-02 7.960e+03
7.561e-02 7.334e+03
7.390e-02 7.600e+03
7.520e-02 7.470e+03
7.399e-02 7.597e+03
7.187e-02 8.003e+03
7.554e-02 7.193e+03
7.442e-02 7.432e+03
7.495e-02 7.407e+03
7.381e-02 7.602e+03
7.266e-02 7.893e+03
7.146e-02 8.184e+03
7.433e-02 7.508e+03
7.487e-02 7.445e+03
7.377e-02 7.543e+03
7.412e-02 7.668e+03
7.180e-02 8.060e+03
7.331e-02 7.701e+03
7.567e-02 7.200e+03
7.467e-02 7.518e+03
7.492e-02 7.349e+03
7.452e-02 7.531e+03
7.582e-02 7.260e+03
7.370e-02 7.620e+03
7.372e-02 7.634e+03
7.275e-02 7.774e+03
7.555e-02 7.402e+03
7.446e-02 7.452e+03
7.540e-02 7.322e+03
7.463e-02 7.429e+03
7.431e-02 7.441e+03
7.348e-02 7.756e+03
7.309e-02 7.792e+03
7.361e-02 7.633e+03
7.360e-02 7.770e+03
7.519e-02 7.334e+03
7.206e-02 8.054e+03
7.309e-02 7.743e+03
7.526e-02 7.295e+03
7.399e-02 7.679e+03
7.394e-02 7.546e+03
7.633e-02 7.134e+03
7.439e-02 7.387e+03
7.398e-02 7.546e+03
7.203e-02 8.030e+03
7.595e-02 7.186e+03
7.583e-02 7.265e+03
7.494e-02 7.433e+03
7.301e-02 7.845e+03
7.452e-02 7.450e+03
7.497e-02 7.339e+03
7.392e-02 7.579e+03
7.429e-02 7.523e+03
7.376e-02 7.621e+03
7.378e-02 7.599e+03
7.340e-02 7.701e+03
7.456e-02 7.434e+03
7.570e-02 7.164e+03
7.264e-02 7.909e+03
7.486e-02 7.419e+03
7.437e-02 7.592e+03
7.364e-02 7.650e+03
7.430e-02 7.553e+03
7.357e-02 7.584e+03
7.434e-02 7.514e+03
7.244e-02 8.031e+03
7.271e-02 7.783e+03
7.407e-02 7.562e+03
7.506e-02 7.381e+03
7.254e-02 7.894e+03
7.350e-02 7.724e+03
7.422e-02 7.487e+03
7.342e-02 7.757e+03
7.483e-02 7.336e+03
7.616e-02 7.081e+03
7.338e-02 7.715e+03
7.398e-02 7.597e+03
7.356e-02 7.711e+03
7.264e-02 7.892e+03
7.636e-02 7.188e+03
7.335e-02 7.692e+03
7.525e-02 7.308e+03
7.321e-02 7.672e+03
7.369e-02 7.605e+03
7.419e-02 7.564e+03
7.193e-02 8.080e+03
7.493e-02 7.322e+03
7.510e-02 7.342e+03
7.436e-02 7.428e+03
7.382e-02 7.611e+03
7.339e-02 7.671e+03
7.551e-02 7.228e+03
7.443e-02 7.497e+03
7.544e-02 7.274e+03
7.402e-02 7.647e+03
7.209e-02 7.930e+03
7.528e-02 7.332e+03
7.480e-02 7.363e+03
7.286e-02 7.857e+03
7.345e-02 7.721e+03
7.515e-02 7.460e+03
7.458e-02 7.487e+03
7.334e-02 7.700e+03
7.534e-02 7.315e+03
7.325e-02 7.601e+03
7.510e-02 7.386e+03
7.219e-02 7.981e+03
7.518e-02 7.346e+03
7.243e-02 7.941e+03
7.546e-02 7.268e+03
7.387e-02 7.605e+03
7.535e-02 7.225e+03
7.589e-02 7.268e+03
7.322e-02 7.778e+03
7.391e-02 7.551e+03
7.102e-02 8.230e+03
7.375e-02 7.555e+03
7.296e-02 7.802e+03
7.547e-02 7.266e+03
7.557e-02 7.178e+03
7.560e-02 7.183e+03
7.412e-02 7.549e+03
7.246e-02 7.816e+03
7.429e-02 7.489e+03
7.393e-02 7.691e+03
7.139e-02 8.227e+03
7.498e-02 7.345e+03
7.495e-02 7.346e+03
7.518e-02 7.323e+03
7.557e-02 7.288e+03
7.317e-02 7.815e+03
7.543e-02 7.258e+03
7.308e-02 7.688e+03
7.298e-02 7.736e+03
7.464e-02 7.466e+03
7.175e-02 8.069e+03
7.369e-02 7.677e+03
7.312e-02 7.676e+03
7.180e-02 8.006e+03
7.254e-02 7.927e+03
7.398e-02 7.611e+03
7.363e-02 7.727e+03
7.661e-02 7.083e+03
7.256e-02 7.941e+03
7.590e-02 7.177e+03
7.364e-02 7.590e+03
7.339e-02 7.731e+03
7.604e-02 7.220e+03
7.467e-02 7.508e+03
7.462e-02 7.454e+03
7.402e-02 7.522e+03
7.439e-02 7.413e+03
7.452e-02 7.397e+03
7.214e-02 7.976e+03
7.397e-02 7.684e+03
7.411e-02 7.547e+03
7.441e-02 7.500e+03
7.368e-02 7.521e+03
7.301e-02 7.730e+03
7.487e-02 7.444e+03
7.553e-02 7.215e+03
7.392e-02 7.701e+03
7.480e-02 7.468e+03
7.213e-02 7.950e+03
7.393e-02 7.624e+03
7.523e-02 7.436e+03
7.197e-02 8.099e+03
7.437e-02 7.585e+03
7.527e-02 7.335e+03
7.423e-02 7.519e+03
7.296e-02 7.719e+03
7.414e-02 7.513e+03
7.008e-02 8.421e+03
7.285e-02 7.834e+03
7.601e-02 7.239e+03
7.366e-02 7.626e+03
7.149e-02 8.210e+03
7.446e-02 7.471e+03
7.335e-02 7.691e+03
7.480e-02 7.362e+03
7.396e-02 7.598e+03
7.631e-02 7.168e+03
7.064e-02 8.449e+03
7.461e-02 7.566e+03
7.556e-02 7.295e+03
7.479e-02 7.303e+03
7.451e-02 7.524e+03
7.566e-02 7.239e+03
7.221e-02 8.025e+03
7.470e-02 7.480e+03
7.353e-02 7.702e+03
7.470e-02 7.501e+03
7.508e-02 7.349e+03
7.339e-02 7.598e+03
7.217e-02 7.899e+03
7.527e-02 7.348e+03
7.463e-02 7.489e+03
7.352e-02 7.724e+03
7.471e-02 7.439e+03
7.270e-02 7.898e+03
7.523e-02 7.277e+03
7.423e-02 7.530e+03
7.172e-02 8.020e+03
7.545e-02 7.303e+03
7.503e-02 7.375e+03
7.474e-02 7.400e+03
7.542e-02 7.193e+03
7.370e-02 7.611e+03
7.366e-02 7.633e+03
7.345e-02 7.620e+03
7.298e-02 7.755e+03
7.756e-02 6.963e+03
7.191e-02 8.141e+03
7.616e-02 7.192e+03
7.532e-02 7.280e+03
7.494e-02 7.440e+03
7.345e-02 7.648e+03
7.339e-02 7.723e+03
7.332e-02 7.686e+03
7.338e-02 7.727e+03
7.223e-02 8.052e+03
7.247e-02 7.913e+03
7.389e-02 7.564e+03
7.433e-02 7.468e+03
7.163e-02 8.222e+03
7.423e-02 7.529e+03
7.401e-02 7.635e+03
7.506e-02 7.315e+03
7.516e-02 7.313e+03
7.366e-02 7.629e+03
7.556e-02 7.171e+03
7.152e-02 8.107e+03
7.422e-02 7.495e+03
7.522e-02 7.260e+03
7.313e-02 7.713e+03
7.215e-02 7.886e+03
7.414e-02 7.553e+03
7.397e-02 7.592e+03
7.542e-02 7.280e+03
7.694e-02 7.056e+03
7.051e-02 8.390e+03
7.330e-02 7.703e+03
7.484e-02 7.333e+03
7.361e-02 7.605e+03
7.281e-02 7.825e+03
7.364e-02 7.783e+03
7.292e-02 7.729e+03
7.455e-02 7.396e+03
7.370e-02 7.643e+03
7.253e-02 7.895e+03
7.664e-02 7.132e+03
7.473e-02 7.397e+03
7.436e-02 7.478e+03
7.552e-02 7.202e+03
7.451e-02 7.534e+03
7.467e-02 7.396e+03
7.400e-02 7.616e+03
7.443e-02 7.467e+03
7.582e-02 7.127e+03
7.592e-02 7.191e+03
7.319e-02 7.766e+03
7.499e-02 7.317e+03
7.367e-02 7.602e+03
7.385e-02 7.570e+03
7.203e-02 8.057e+03
7.406e-02 7.504e+03
7.409e-02 7.427e+03
7.538e-02 7.290e+03
7.504e-02 7.412e+03
7.444e-02 7.523e+03
7.506e-02 7.437e+03
7.511e-02 7.333e+03
7.515e-02 7.320e+03
7.383e-02 7.695e+03
7.424e-02 7.522e+03
7.442e-02 7.563e+03
7.511e-02 7.259e+03
7.333e-02 7.753e+03
7.342e-02 7.640e+03
7.598e-02 7.194e+03
7.287e-02 7.889e+03
7.353e-02 7.754e+03
7.352e-02 7.724e+03
7.456e-02 7.476e+03
7.432e-02 7.503e+03
7.608e-02 7.133e+03
7.220e-02 7.936e+03
7.249e-02 7.912e+03
7.212e-02 8.000e+03
7.426e-02 7.579e+03
7.460e-02 7.472e+03
7.555e-02 7.258e+03
7.233e-02 7.891e+03
7.261e-02 7.833e+03
7.222e-02 7.858e+03
7.569e-02 7.260e+03
7.543e-02 7.311e+03
7.378e-02 7.598e+03
7.228e-02 7.984e+03
7.352e-02 7.668e+03
7.466e-02 7.487e+03
7.551e-02 7.295e+03
7.379e-02 7.613e+03
7.485e-02 7.300e+03
7.393e-02 7.669e+03
7.527e-02 7.361e+03
7.353e-02 7.627e+03
7.454e-02 7.422e+03
7.434e-02 7.471e+03
7.430e-02 7.443e+03
7.476e-02 7.389e+03
7.314e-02 7.737e+03
7.310e-02 7.789e+03
7.474e-02 7.417e+03
7.444e-02 7.453e+03
7.292e-02 7.714e+03
7.282e-02 7.855e+03
7.564e-02 7.263e+03
7.242e-02 7.951e+03
7.379e-02 7.599e+03
7.307e-02 7.728e+03
7.342e-02 7.622e+03
7.481e-02 7.509e+03
7.365e-02 7.663e+03
7.536e-02 7.329e+03
7.341e-02 7.649e+03
7.452e-02 7.423e+03
7.343e-02 7.678e+03
7.541e-02 7.304e+03
7.610e-02 7.109e+03
7.552e-02 7.206e+03
7.378e-02 7.603e+03
7.228e-02 7.916e+03
7.502e-02 7.399e+03
7.412e-02 7.473e+03
7.393e-02 7.567e+03
7.452e-02 7.496e+03
7.515e-02 7.309e+03
7.340e-02 7.675e+03
7.448e-02 7.415e+03
7.401e-02 7.538e+03
7.628e-02 7.081e+03
7.281e-02 7.798e+03
7.335e-02 7.730e+03
7.329e-02 7.718e+03
7.265e-02 7.884e+03
7.625e-02 7.168e+03
7.552e-02 7.242e+03
7.089e-02 8.170e+03
7.380e-02 7.627e+03
7.694e-02 7.003e+03
7.477e-02 7.373e+03
7.197e-02 7.923e+03
7.304e-02 7.774e+03
7.273e-02 7.844e+03
7.350e-02 7.686e+03
7.238e-02 7.967e+03
7.473e-02 7.571e+03
7.352e-02 7.667e+03
7.638e-02 7.087e+03
7.412e-02 7.562e+03
7.762e-02 6.913e+03
7.231e-02 7.925e+03
7.525e-02 7.279e+03
7.531e-02 7.307e+03
7.405e-02 7.620e+03
7.144e-02 8.084e+03
7.175e-02 8.081e+03
7.639e-02 7.055e+03
7.265e-02 7.783e+03
7.514e-02 7.437e+03
7.370e-02 7.603e+03
7.479e-02 7.387e+03
7.416e-02 7.463e+03
7.301e-02 7.784e+03
7.538e-02 7.254e+03
7.588e-02 7.104e+03
7.230e-02 7.925e+03
7.391e-02 7.599e+03
7.454e-02 7.517e+03
7.283e-02 7.740e+03
7.229e-02 7.852e+03
7.526e-02 7.361e+03
7.300e-02 7.954e+03
7.335e-02 7.724e+03
7.500e-02 7.453e+03
7.304e-02 7.831e+03
7.581e-02 7.122e+03
7.349e-02 7.639e+03
7.208e-02 8.017e+03
7.220e-02 8.058e+03
7.373e-02 7.599e+03
7.312e-02 7.811e+03
7.412e-02 7.453e+03
7.148e-02 8.153e+03
7.353e-02 7.600e+03
7.470e-02 7.440e+03
7.445e-02 7.547e+03
7.418e-02 7.505e+03
7.648e-02 7.111e+03
7.515e-02 7.299e+03
7.365e-02 7.718e+03
7.529e-02 7.345e+03
7.505e-02 7.376e+03
7.216e-02 7.895e+03
7.352e-02 7.658e+03
7.525e-02 7.408e+03
7.453e-02 7.520e+03
7.438e-02 7.486e+03
7.214e-02 7.967e+03
7.614e-02 7.168e+03
7.534e-02 7.281e+03
7.441e-02 7.539e+03
7.190e-02 8.005e+03
7.364e-02 7.716e+03
7.518e-02 7.387e+03
7.335e-02 7.778e+03
7.310e-02 7.796e+03
7.463e-02 7.421e+03
7.282e-02 7.704e+03
7.312e-02 7.747e+03
7.297e-02 7.719e+03
7.496e-02 7.289e+03
7.333e-02 7.741e+03
7.383e-02 7.632e+03
7.411e-02 7.575e+03
7.246e-02 7.876e+03
7.549e-02 7.290e+03
7.514e-02 7.338e+03
7.435e-02 7.528e+03
7.368e-02 7.670e+03
7.523e-02 7.220e+03
7.599e-02 7.235e+03
7.293e-02 7.887e+03
7.410e-02 7.520e+03
7.424e-02 7.433e+03
7.317e-02 7.632e+03
7.406e-02 7.557e+03
7.587e-02 7.115e+03
7.355e-02 7.663e+03
7.256e-02 7.958e+03
7.458e-02 7.546e+03
7.481e-02 7.430e+03
7.447e-02 7.407e+03
7.359e-02 7.641e+03
7.276e-02 7.722e+03
7.569e-02 7.220e+03
7.181e-02 8.038e+03
7.264e-02 7.740e+03
7.519e-02 7.364e+03
7.447e-02 7.528e+03
7.364e-02 7.628e+03
7.202e-02 7.996e+03
7.512e-02 7.324e+03
7.547e-02 7.302e+03
7.401e-02 7.597e+03
7.694e-02 6.908e+03
7.472e-02 7.294e+03
7.253e-02 7.951e+03
7.309e-02 7.794e+03
7.347e-02 7.640e+03
7.423e-02 7.486e+03
7.375e-02 7.644e+03
7.417e-02 7.614e+03
7.346e-02 7.725e+03
7.474e-02 7.425e+03
7.407e-02 7.545e+03
7.292e-02 7.843e+03
7.366e-02 7.597e+03
7.409e-02 7.619e+03
7.270e-02 7.812e+03
7.242e-02 7.927e+03
7.342e-02 7.812e+03
7.152e-02 8.111e+03
7.387e-02 7.577e+03
7.434e-02 7.426e+03
7.224e-02 8.000e+03
7.580e-02 7.220e+03
7.367e-02 7.614e+03
7.575e-02 7.249e+03
7.184e-02 8.134e+03
7.247e-02 7.938e+03
7.431e-02 7.421e+03
7.310e-02 7.736e+03
7.454e-02 7.422e+03
7.413e-02 7.579e+03
7.433e-02 7.544e+03
7.321e-02 7.623e+03
7.442e-02 7.475e+03
7.455e-02 7.531e+03
7.267e-02 7.801e+03
7.458e-02 7.509e+03
7.457e-02 7.451e+03
7.423e-02 7.546e+03
7.449e-02 7.421e+03
7.419e-02 7.454e+03
7.480e-02 7.383e+03
7.377e-02 7.544e+03
7.429e-02 7.515e+03
7.235e-02 7.898e+03
7.332e-02 7.769e+03
7.237e-02 7.934e+03
7.479e-02 7.339e+03
7.432e-02 7.479e+03
7.453e-02 7.436e+03
7.434e-02 7.498e+03
7.509e-02 7.375e+03
7.480e-02 7.431e+03
7.444e-02 7.448e+03
7.364e-02 7.638e+03
7.631e-02 7.147e+03
7.362e-02 7.597e+03
7.351e-02 7.606e+03
7.499e-02 7.400e+03
7.295e-02 7.813e+03
7.346e-02 7.731e+03
7.211e-02 7.979e+03
7.478e-02 7.444e+03
7.189e-02 8.090e+03
7.529e-02 7.338e+03
7.337e-02 7.649e+03
7.424e-02 7.559e+03
7.565e-02 7.225e+03
7.431e-02 7.493e+03
7.531e-02 7.219e+03
7.469e-02 7.455e+03
7.354e-02 7.722e+03
7.479e-02 7.392e+03
7.374e-02 7.530e+03
7.462e-02 7.446e+03
7.435e-02 7.575e+03
7.529e-02 7.379e+03
7.509e-02 7.386e+03
7.502e-02 7.286e+03
7.441e-02 7.478e+03
7.355e-02 7.610e+03
7.316e-02 7.725e+03
7.260e-02 7.895e+03
7.202e-02 7.947e+03
7.276e-02 7.822e+03
7.284e-02 7.741e+03
7.212e-02 7.887e+03
7.520e-02 7.353e+03
7.447e-02 7.440e+03
7.359e-02 7.630e+03
7.168e-02 8.063e+03
7.390e-02 7.649e+03
7.450e-02 7.483e+03
7.267e-02 7.867e+03
7.215e-02 8.040e+03
7.238e-02 7.874e+03
7.438e-02 7.453e+03
7.396e-02 7.464e+03
7.421e-02 7.535e+03
7.292e-02 7.857e+03
7.167e-02 8.069e+03
7.304e-02 7.809e+03
7.344e-02 7.639e+03
7.371e-02 7.693e+03
7.206e-02 8.128e+03
7.427e-02 7.535e+03
7.300e-02 7.768e+03
7.644e-02 7.164e+03
7.394e-02 7.616e+03
7.581e-02 7.295e+03
7.423e-02 7.517e+03
7.278e-02 7.786e+03
7.277e-02 7.883e+03
7.354e-02 7.626e+03
7.434e-02 7.438e+03
7.425e-02 7.520e+03
7.535e-02 7.296e+03
7.399e-02 7.561e+03
7.545e-02 7.192e+03
7.374e-02 7.737e+03
7.426e-02 7.487e+03
7.274e-02 7.835e+03
7.587e-02 7.289e+03
7.428e-02 7.509e+03
7.500e-02 7.345e+03
7.323e-02 7.790e+03
7.163e-02 8.058e+03
7.609e-02 7.153e+03
7.429e-02 7.489e+03
7.299e-02 7.824e+03
7.252e-02 7.902e+03
7.348e-02 7.737e+03
7.261e-02 7.952e+03
7.178e-02 8.076e+03
7.447e-02 7.574e+03
7.332e-02 7.705e+03
7.606e-02 7.199e+03
7.595e-02 7.131e+03
7.177e-02 8.055e+03
6.987e-02 8.507e+03
7.560e-02 7.216e+03
7.192e-02 8.112e+03
7.099e-02 8.272e+03
7.348e-02 7.774e+03
7.301e-02 7.853e+03
7.259e-02 7.859e+03
7.490e-02 7.361e+03
7.587e-02 7.294e+03
7.029e-02 8.341e+03
7.417e-02 7.590e+03
7.441e-02 7.576e+03
7.335e-02 7.633e+03
7.493e-02 7.321e+03
7.352e-02 7.676e+03
7.390e-02 7.610e+03
7.493e-02 7.428e+03
7.474e-02 7.369e+03
7.301e-02 7.742e+03
7.530e-02 7.266e+03
7.309e-02 7.783e+03
7.426e-02 7.529e+03
7.701e-02 6.994e+03
7.457e-02 7.399e+03
7.475e-02 7.463e+03
7.244e-02 7.898e+03
7.494e-02 7.354e+03
7.297e-02 7.756e+03
7.095e-02 8.357e+03
7.327e-02 7.835e+03
7.432e-02 7.394e+03
7.469e-02 7.437e+03
7.398e-02 7.478e+03
7.381e-02 7.642e+03
7.499e-02 7.462e+03
7.211e-02 8.029e+03
7.470e-02 7.407e+03
7.353e-02 7.695e+03
7.533e-02 7.341e+03
7.406e-02 7.487e+03
7.574e-02 7.205e+03
7.598e-02 7.149e+03
7.518e-02 7.397e+03
7.358e-02 7.597e+03
7.418e-02 7.478e+03
7.345e-02 7.515e+03
7.224e-02 8.067e+03
7.030e-02 8.455e+03
7.835e-02 6.730e+03
7.257e-02 7.962e+03
7.468e-02 7.409e+03
7.306e-02 7.777e+03
7.445e-02 7.564e+03
7.401e-02 7.590e+03
7.172e-02 8.089e+03
7.228e-02 7.952e+03
7.321e-02 7.711e+03
7.326e-02 7.681e+03
7.468e-02 7.506e+03
7.486e-02 7.414e+03
7.427e-02 7.470e+03
7.553e-02 7.234e+03
7.470e-02 7.425e+03
7.499e-02 7.369e+03
7.349e-02 7.703e+03
7.354e-02 7.634e+03
7.381e-02 7.539e+03
7.478e-02 7.459e+03
7.594e-02 7.135e+03
7.468e-02 7.500e+03
7.486e-02 7.309e+03
7.212e-02 7.928e+03
7.354e-02 7.641e+03
7.468e-02 7.357e+03
7.561e-02 7.156e+03
7.276e-02 7.873e+03
7.555e-02 7.229e+03
7.402e-02 7.549e+03
7.390e-02 7.509e+03
7.292e-02 7.745e+03
7.506e-02 7.468e+03
7.523e-02 7.331e+03
7.318e-02 7.822e+03
7.512e-02 7.411e+03
7.493e-02 7.399e+03
7.434e-02 7.512e+03
7.468e-02 7.501e+03
7.368e-02 7.681e+03
7.248e-02 8.019e+03
7.183e-02 7.999e+03
7.485e-02 7.499e+03
7.291e-02 7.790e+03
7.497e-02 7.276e+03
7.539e-02 7.298e+03
7.264e-02 7.995e+03
7.318e-02 7.800e+03
7.201e-02 7.973e+03
7.371e-02 7.593e+03
7.225e-02 7.837e+03
7.420e-02 7.623e+03
7.418e-02 7.535e+03
7.492e-02 7.359e+03
7.239e-02 7.981e+03
7.115e-02 8.237e+03
7.266e-02 7.826e+03
7.273e-02 7.848e+03
7.572e-02 7.153e+03
7.422e-02 7.498e+03
7.505e-02 7.354e+03
7.473e-02 7.411e+03
7.543e-02 7.391e+03
7.470e-02 7.346e+03
7.307e-02 7.740e+03
7.319e-02 7.721e+03
7.481e-02 7.469e+03
7.479e-02 7.358e+03
7.350e-02 7.693e+03
7.694e-02 6.967e+03
7.261e-02 7.891e+03
7.473e-02 7.379e+03
7.246e-02 7.985e+03
7.389e-02 7.594e+03
7.525e-02 7.250e+03
7.236e-02 7.993e+03
7.280e-02 7.887e+03
7.404e-02 7.646e+03
7.405e-02 7.455e+03
7.319e-02 7.720e+03
7.135e-02 8.218e+03
7.552e-02 7.228e+03
7.419e-02 7.600e+03
7.323e-02 7.732e+03
7.191e-02 7.942e+03
7.463e-02 7.386e+03
7.243e-02 7.911e+03
7.429e-02 7.548e+03
7.297e-02 7.801e+03
7.524e-02 7.367e+03
7.571e-02 7.261e+03
7.481e-02 7.447e+03
7.353e-02 7.642e+03
7.393e-02 7.611e+03
7.476e-02 7.354e+03
7.468e-02 7.449e+03
7.237e-02 7.969e+03
7.455e-02 7.471e+03
7.385e-02 7.631e+03
7.470e-02 7.466e+03
7.583e-02 7.154e+03
7.430e-02 7.503e+03
7.426e-02 7.535e+03
7.406e-02 7.628e+03
7.185e-02 8.065e+03
7.525e-02 7.444e+03
7.345e-02 7.604e+03
7.421e-02 7.527e+03
7.622e-02 7.168e+03
7.490e-02 7.443e+03
7.570e-02 7.299e+03
7.290e-02 7.723e+03
7.484e-02 7.434e+03
7.263e-02 7.809e+03
7.443e-02 7.493e+03
7.429e-02 7.585e+03
7.373e-02 7.711e+03
7.471e-02 7.479e+03
7.266e-02 7.849e+03
7.415e-02 7.578e+03
7.323e-02 7.734e+03
7.444e-02 7.446e+03
7.386e-02 7.582e+03
7.111e-02 8.217e+03
7.391e-02 7.500e+03
7.290e-02 7.835e+03
7.243e-02 7.892e+03
7.074e-02 8.218e+03
7.392e-02 7.464e+03
7.475e-02 7.434e+03
7.382e-02 7.625e+03
7.392e-02 7.610e+03
7.270e-02 7.937e+03
7.433e-02 7.461e+03
7.466e-02 7.388e+03
7.448e-02 7.404e+03
7.507e-02 7.440e+03
7.286e-02 7.803e+03
7.454e-02 7.519e+03
7.435e-02 7.426e+03
7.293e-02 7.796e+03
7.490e-02 7.353e+03
7.588e-02 7.218e+03
7.483e-02 7.402e+03
7.435e-02 7.604e+03
7.537e-02 7.329e+03
7.429e-02 7.528e+03
7.345e-02 7.734e+03
7.351e-02 7.719e+03
7.525e-02 7.244e+03
7.179e-02 8.017e+03
7.267e-02 7.900e+03
7.423e-02 7.502e+03
7.340e-02 7.689e+03
7.451e-02 7.433e+03
7.361e-02 7.613e+03
7.413e-02 7.540e+03
7.449e-02 7.532e+03
7.406e-02 7.632e+03
7.219e-02 7.894e+03
7.568e-02 7.367e+03
7.354e-02 7.641e+03
7.412e-02 7.517e+03
7.466e-02 7.431e+03
7.356e-02 7.691e+03
7.240e-02 7.976e+03
7.379e-02 7.575e+03
7.245e-02 7.950e+03
7.351e-02 7.713e+03
7.498e-02 7.400e+03
7.484e-02 7.443e+03
7.437e-02 7.478e+03
7.274e-02 7.794e+03
7.219e-02 7.976e+03
7.490e-02 7.393e+03
7.245e-02 8.020e+03
7.417e-02 7.500e+03
7.389e-02 7.585e+03
7.372e-02 7.596e+03
7.422e-02 7.504e+03
7.407e-02 7.527e+03
7.434e-02 7.522e+03
7.434e-02 7.514e+03
7.320e-02 7.760e+03
7.350e-02 7.617e+03
7.231e-02 7.997e+03
7.470e-02 7.514e+03
7.517e-02 7.261e+03
7.316e-02 7.685e+03
7.377e-02 7.715e+03
7.733e-02 6.968e+03
7.421e-02 7.634e+03
7.174e-02 8.085e+03
7.718e-02 6.846e+03
7.162e-02 8.053e+03
7.524e-02 7.366e+03
7.199e-02 8.009e+03
7.509e-02 7.255e+03
7.584e-02 7.245e+03
7.505e-02 7.308e+03
7.655e-02 7.086e+03
7.228e-02 8.005e+03
7.362e-02 7.570e+03
7.365e-02 7.668e+03
7.411e-02 7.588e+03
7.458e-02 7.354e+03
7.594e-02 7.190e+03
7.152e-02 8.166e+03
7.507e-02 7.400e+03
7.699e-02 7.098e+03
7.498e-02 7.415e+03
7.550e-02 7.390e+03
7.320e-02 7.773e+03
7.343e-02 7.633e+03
7.376e-02 7.570e+03
7.343e-02 7.713e+03
7.378e-02 7.550e+03
7.349e-02 7.753e+03
7.575e-02 7.220e+03
7.158e-02 8.157e+03
7.577e-02 7.313e+03
7.580e-02 7.226e+03
7.455e-02 7.563e+03
7.431e-02 7.530e+03
7.674e-02 6.927e+03
7.456e-02 7.505e+03
7.500e-02 7.350e+03
7.477e-02 7.440e+03
7.388e-02 7.586e+03
7.532e-02 7.221e+03
7.185e-02 8.016e+03
7.417e-02 7.499e+03
7.608e-02 7.227e+03
7.399e-02 7.590e+03
7.468e-02 7.480e+03
7.484e-02 7.416e+03
7.442e-02 7.553e+03
7.612e-02 7.133e+03
7.234e-02 7.906e+03
7.419e-02 7.537e+03
7.215e-02 7.898e+03
7.508e-02 7.403e+03
7.303e-02 7.801e+03
7.435e-02 7.532e+03
7.327e-02 7.775e+03
7.383e-02 7.620e+03
7.244e-02 7.958e+03
7.234e-02 7.915e+03
7.545e-02 7.333e+03
7.526e-02 7.312e+03
7.370e-02 7.710e+03
7.461e-02 7.508e+03
7.397e-02 7.598e+03
7.480e-02 7.427e+03
7.214e-02 8.082e+03
7.292e-02 7.727e+03
7.303e-02 7.777e+03
7.498e-02 7.376e+03
7.375e-02 7.649e+03
7.821e-02 6.798e+03
7.568e-02 7.287e+03
7.460e-02 7.387e+03
7.417e-02 7.573e+03
7.562e-02 7.263e+03
7.352e-02 7.609e+03
7.147e-02 8.133e+03
7.549e-02 7.306e+03
7.490e-02 7.318e+03
7.318e-02 7.806e+03
7.246e-02 7.986e+03
7.579e-02 7.221e+03
7.429e-02 7.589e+03
7.309e-02 7.811e+03
7.315e-02 7.756e+03
7.412e-02 7.469e+03
7.443e-02 7.515e+03
7.353e-02 7.608e+03
7.325e-02 7.803e+03
7.317e-02 7.730e+03
7.458e-02 7.404e+03
7.373e-02 7.562e+03
7.337e-02 7.690e+03
7.672e-02 7.040e+03
7.279e-02 7.836e+03
7.615e-02 7.204e+03
7.312e-02 7.872e+03
7.495e-02 7.427e+03
7.275e-02 7.833e+03
7.516e-02 7.319e+03
7.520e-02 7.393e+03
7.465e-02 7.522e+03
7.194e-02 7.982e+03
7.479e-02 7.442e+03
7.686e-02 7.117e+03
7.417e-02 7.539e+03
7.494e-02 7.388e+03
7.551e-02 7.268e+03
7.490e-02 7.418e+03
7.344e-02 7.639e+03
7.452e-02 7.502e+03
7.327e-02 7.719e+03
7.306e-02 7.675e+03
7.427e-02 7.447e+03
7.362e-02 7.588e+03
7.421e-02 7.555e+03
7.321e-02 7.742e+03
7.680e-02 7.012e+03
7.626e-02 7.108e+03
7.266e-02 7.868e+03
7.543e-02 7.247e+03
7.156e-02 8.116e+03
7.514e-02 7.429e+03
7.425e-02 7.553e+03
7.353e-02 7.734e+03
7.579e-02 7.164e+03
7.219e-02 8.043e+03
7.294e-02 7.820e+03
7.377e-02 7.571e+03
7.420e-02 7.612e+03
7.592e-02 7.267e+03
7.318e-02 7.772e+03
7.346e-02 7.629e+03
7.325e-02 7.692e+03
7.361e-02 7.685e+03
7.504e-02 7.463e+03
7.583e-02 7.260e+03
7.210e-02 8.028e+03
7.358e-02 7.621e+03
7.536e-02 7.269e+03
7.361e-02 7.702e+03
7.442e-02 7.489e+03
7.214e-02 8.000e+03
7.159e-02 8.148e+03
7.650e-02 7.050e+03
7.505e-02 7.330e+03
7.223e-02 7.963e+03
7.494e-02 7.460e+03
7.240e-02 7.967e+03
7.326e-02 7.747e+03
7.363e-02 7.666e+03
7.271e-02 7.843e+03
7.340e-02 7.580e+03
7.180e-02 8.081e+03
7.409e-02 7.576e+03
7.420e-02 7.501e+03
7.288e-02 7.801e+03
7.457e-02 7.471e+03
7.335e-02 7.750e+03
7.388e-02 7.603e+03
7.452e-02 7.438e+03
7.479e-02 7.518e+03
7.499e-02 7.414e+03
7.170e-02 8.171e+03
7.165e-02 8.217e+03
7.512e-02 7.218e+03
7.498e-02 7.333e+03
7.328e-02 7.742e+03
7.287e-02 7.918e+03
7.410e-02 7.640e+03
7.615e-02 7.143e+03
7.340e-02 7.671e+03
7.396e-02 7.572e+03
7.476e-02 7.383e+03
7.695e-02 6.927e+03
7.432e-02 7.451e+03
7.461e-02 7.388e+03
7.354e-02 7.691e+03
7.379e-02 7.560e+03
7.397e-02 7.561e+03
7.680e-02 6.956e+03
7.394e-02 7.643e+03
7.355e-02 7.728e+03
7.606e-02 7.227e+03
7.541e-02 7.268e+03
7.293e-02 7.683e+03
7.501e-02 7.316e+03
7.383e-02 7.641e+03
7.468e-02 7.467e+03
7.441e-02 7.546e+03
7.296e-02 7.789e+03
7.349e-02 7.730e+03
7.201e-02 8.053e+03
7.415e-02 7.589e+03
7.285e-02 7.711e+03
7.402e-02 7.472e+03
7.636e-02 7.119e+03
7.303e-02 7.794e+03
7.270e-02 7.848e+03
7.356e-02 7.791e+03
7.600e-02 7.180e+03
7.556e-02 7.296e+03
7.407e-02 7.557e+03
7.604e-02 7.122e+03
7.593e-02 7.216e+03
7.355e-02 7.728e+03
7.621e-02 7.127e+03
7.342e-02 7.746e+03
7.557e-02 7.230e+03
7.612e-02 7.137e+03
7.444e-02 7.479e+03
7.260e-02 7.930e+03
7.498e-02 7.368e+03
7.453e-02 7.555e+03
7.271e-02 7.864e+03
7.386e-02 7.572e+03
7.404e-02 7.544e+03
7.401e-02 7.520e+03
7.531e-02 7.202e+03
7.285e-02 7.797e+03
7.746e-02 7.013e+03
7.233e-02 8.013e+03
7.416e-02 7.508e+03
7.206e-02 8.035e+03
7.450e-02 7.449e+03
7.357e-02 7.644e+03
7.094e-02 8.303e+03
7.579e-02 7.277e+03
7.448e-02 7.410e+03
7.377e-02 7.691e+03
7.472e-02 7.401e+03
7.215e-02 7.936e+03
7.409e-02 7.522e+03
7.464e-02 7.456e+03
7.415e-02 7.478e+03
7.355e-02 7.644e+03
7.438e-02 7.585e+03
7.376e-02 7.612e+03
7.315e-02 7.745e+03
7.396e-02 7.505e+03
7.483e-02 7.397e+03
7.166e-02 8.020e+03
7.718e-02 6.945e+03
7.322e-02 7.771e+03
7.601e-02 7.163e+03
7.445e-02 7.514e+03
7.262e-02 7.875e+03
7.521e-02 7.291e+03
7.377e-02 7.559e+03
7.531e-02 7.335e+03
7.641e-02 7.161e+03
7.236e-02 7.843e+03
7.332e-02 7.574e+03
7.419e-02 7.443e+03
7.502e-02 7.357e+03
7.273e-02 7.783e+03
7.499e-02 7.475e+03
7.312e-02 7.746e+03
7.335e-02 7.816e+03
7.337e-02 7.675e+03
7.490e-02 7.350e+03
7.312e-02 7.836e+03
7.527e-02 7.267e+03
7.632e-02 7.181e+03
7.601e-02 7.312e+03
7.480e-02 7.353e+03
7.392e-02 7.497e+03
7.390e-02 7.513e+03
7.354e-02 7.721e+03
7.491e-02 7.362e+03
7.629e-02 7.070e+03
7.601e-02 7.247e+03
7.219e-02 7.874e+03
7.555e-02 7.309e+03
7.540e-02 7.323e+03
7.272e-02 7.880e+03
7.366e-02 7.629e+03
7.401e-02 7.521e+03
7.253e-02 7.815e+03
7.255e-02 7.899e+03
7.396e-02 7.583e+03
7.488e-02 7.337e+03
7.554e-02 7.289e+03
7.272e-02 7.822e+03
7.572e-02 7.289e+03
7.215e-02 7.983e+03
7.283e-02 7.795e+03
7.455e-02 7.360e+03
7.560e-02 7.226e+03
7.283e-02 7.746e+03
7.423e-02 7.502e+03
7.487e-02 7.462e+03
7.667e-02 7.018e+03
7.515e-02 7.223e+03
7.415e-02 7.596e+03
7.689e-02 7.034e+03
7.410e-02 7.504e+03
7.250e-02 7.965e+03
7.449e-02 7.435e+03
7.586e-02 7.175e+03
7.446e-02 7.428e+03
7.441e-02 7.443e+03
7.280e-02 7.896e+03
7.552e-02 7.372e+03
7.326e-02 7.644e+03
7.491e-02 7.297e+03
7.430e-02 7.512e+03
7.495e-02 7.347e+03
7.311e-02 7.757e+03
7.409e-02 7.635e+03
7.489e-02 7.401e+03
7.176e-02 8.124e+03
7.336e-02 7.670e+03
7.412e-02 7.449e+03
7.067e-02 8.389e+03
7.467e-02 7.498e+03
7.084e-02 8.313e+03
7.481e-02 7.477e+03
7.382e-02 7.639e+03
7.322e-02 7.713e+03
7.460e-02 7.416e+03
7.479e-02 7.372e+03
7.446e-02 7.492e+03
7.374e-02 7.627e+03
7.446e-02 7.410e+03
7.391e-02 7.564e+03
7.580e-02 7.263e+03
7.557e-02 7.307e+03
7.616e-02 7.205e+03
7.414e-02 7.488e+03
7.227e-02 8.010e+03
7.557e-02 7.285e+03
7.460e-02 7.468e+03
7.749e-02 6.967e+03
7.394e-02 7.530e+03
7.602e-02 7.165e+03
7.432e-02 7.566e+03
7.532e-02 7.333e+03
7.588e-02 7.221e+03
7.104e-02 8.197e+03
7.289e-02 7.896e+03
7.378e-02 7.634e+03
7.303e-02 7.727e+03
7.416e-02 7.511e+03
7.209e-02 8.052e+03
7.454e-02 7.460e+03
7.395e-02 7.504e+03
7.488e-02 7.400e+03
7.420e-02 7.519e+03
7.341e-02 7.745e+03
7.136e-02 8.131e+03
7.238e-02 8.012e+03
7.425e-02 7.492e+03
7.306e-02 7.789e+03
7.493e-02 7.334e+03
7.423e-02 7.448e+03
7.205e-02 8.138e+03
7.491e-02 7.379e+03
7.546e-02 7.353e+03
7.365e-02 7.762e+03
7.423e-02 7.536e+03
7.512e-02 7.301e+03
7.288e-02 7.763e+03
7.626e-02 7.149e+03
7.425e-02 7.420e+03
7.637e-02 7.137e+03
7.359e-02 7.542e+03
7.327e-02 7.686e+03
7.565e-02 7.290e+03
7.494e-02 7.456e+03
7.411e-02 7.501e+03
7.303e-02 7.794e+03
7.353e-02 7.605e+03
7.308e-02 7.729e+03
7.569e-02 7.194e+03
7.378e-02 7.570e+03
7.305e-02 7.861e+03
7.409e-02 7.703e+03
7.603e-02 7.227e+03
7.397e-02 7.513e+03
7.401e-02 7.556e+03
7.223e-02 7.932e+03
7.390e-02 7.615e+03
7.431e-02 7.518e+03
7.342e-02 7.730e+03
7.354e-02 7.647e+03
7.432e-02 7.514e+03
7.253e-02 7.921e+03
7.517e-02 7.297e+03
7.433e-02 7.528e+03
7.720e-02 6.951e+03
7.308e-02 7.778e+03
7.446e-02 7.480e+03
7.457e-02 7.375e+03
7.353e-02 7.596e+03
7.154e-02 8.111e+03
7.506e-02 7.375e+03
7.331e-02 7.772e+03
7.334e-02 7.731e+03
7.464e-02 7.425e+03
7.429e-02 7.472e+03
7.105e-02 8.200e+03
7.278e-02 7.854e+03
7.685e-02 7.013e+03
7.557e-02 7.390e+03
7.524e-02 7.292e+03
7.174e-02 8.083e+03
7.259e-02 7.795e+03
7.480e-02 7.439e+03
7.554e-02 7.286e+03
7.485e-02 7.491e+03
7.418e-02 7.652e+03
7.256e-02 7.910e+03
7.207e-02 8.114e+03
7.433e-02 7.486e+03
7.350e-02 7.669e+03
7.549e-02 7.398e+03
7.476e-02 7.401e+03
7.367e-02 7.632e+03
7.407e-02 7.693e+03
7.406e-02 7.512e+03
7.424e-02 7.487e+03
7.538e-02 7.381e+03
7.295e-02 7.751e+03
7.370e-02 7.588e+03
7.375e-02 7.598e+03
7.303e-02 7.656e+03
7.227e-02 7.889e+03
7.577e-02 7.286e+03
7.221e-02 7.955e+03
7.308e-02 7.716e+03
7.384e-02 7.608e+03
7.236e-02 7.962e+03
7.334e-02 7.789e+03
7.476e-02 7.435e+03
7.370e-02 7.714e+03
7.510e-02 7.307e+03
7.380e-02 7.633e+03
7.443e-02 7.424e+03
7.392e-02 7.554e+03
7.474e-02 7.437e+03
7.648e-02 7.087e+03
7.557e-02 7.252e+03
7.389e-02 7.529e+03
7.517e-02 7.299e+03
7.362e-02 7.645e+03
7.583e-02 7.236e+03
7.432e-02 7.536e+03
7.545e-02 7.279e+03
7.346e-02 7.695e+03
7.413e-02 7.517e+03
7.192e-02 8.012e+03
7.346e-02 7.623e+03
7.356e-02 7.668e+03
7.586e-02 7.156e+03
7.489e-02 7.326e+03
7.520e-02 7.333e+03
7.325e-02 7.758e+03
7.144e-02 8.206e+03
7.295e-02 7.818e+03
7.467e-02 7.443e+03
7.537e-02 7.332e+03
7.571e-02 7.342e+03
7.381e-02 7.645e+03
7.535e-02 7.274e+03
7.482e-02 7.504e+03
7.533e-02 7.227e+03
7.124e-02 8.230e+03
7.300e-02 7.838e+03
7.459e-02 7.455e+03
7.456e-02 7.490e+03
7.730e-02 6.909e+03
7.418e-02 7.635e+03
7.552e-02 7.226e+03
7.559e-02 7.280e+03
7.333e-02 7.754e+03
7.316e-02 7.759e+03
7.360e-02 7.690e+03
7.459e-02 7.413e+03
7.415e-02 7.498e+03
7.393e-02 7.526e+03
7.267e-02 7.891e+03
7.347e-02 7.696e+03
7.379e-02 7.610e+03
7.162e-02 8.034e+03
7.371e-02 7.722e+03
7.359e-02 7.735e+03
7.282e-02 7.889e+03
7.525e-02 7.335e+03
7.091e-02 8.272e+03
7.374e-02 7.733e+03
7.111e-02 8.209e+03
7.313e-02 7.778e+03
7.543e-02 7.309e+03
7.382e-02 7.650e+03
7.561e-02 7.331e+03
7.497e-02 7.400e+03
7.409e-02 7.572e+03
7.356e-02 7.674e+03
7.310e-02 7.713e+03
7.341e-02 7.665e+03
7.487e-02 7.429e+03
7.187e-02 8.002e+03
7.388e-02 7.645e+03
7.345e-02 7.727e+03
7.434e-02 7.525e+03
7.528e-02 7.239e+03
7.412e-02 7.558e+03
7.242e-02 8.023e+03
7.356e-02 7.655e+03
7.405e-02 7.606e+03
7.410e-02 7.572e+03
7.312e-02 7.758e+03
7.505e-02 7.322e+03
7.397e-02 7.594e+03
7.517e-02 7.293e+03
7.185e-02 8.018e+03
7.465e-02 7.385e+03
7.476e-02 7.435e+03
7.291e-02 7.817e+03
7.546e-02 7.278e+03
7.378e-02 7.521e+03
7.591e-02 7.209e+03
7.413e-02 7.578e+03
7.631e-02 7.131e+03
7.280e-02 7.749e+03
7.349e-02 7.654e+03
7.350e-02 7.683e+03
7.566e-02 7.229e+03
7.325e-02 7.760e+03
7.267e-02 7.868e+03
7.176e-02 8.089e+03
7.284e-02 7.860e+03
7.584e-02 7.188e+03
7.320e-02 7.822e+03
7.239e-02 7.833e+03
7.366e-02 7.723e+03
7.354e-02 7.571e+03
7.458e-02 7.437e+03
7.403e-02 7.651e+03
7.550e-02 7.297e+03
7.360e-02 7.720e+03
7.420e-02 7.553e+03
7.540e-02 7.366e+03
7.282e-02 7.833e+03
7.417e-02 7.558e+03
7.328e-02 7.654e+03
7.470e-02 7.362e+03
7.270e-02 7.749e+03
7.465e-02 7.476e+03
7.635e-02 7.185e+03
7.391e-02 7.590e+03
7.391e-02 7.496e+03
7.418e-02 7.505e+03
7.303e-02 7.796e+03
7.419e-02 7.556e+03
7.577e-02 7.323e+03
7.437e-02 7.533e+03
7.474e-02 7.436e+03
7.297e-02 7.844e+03
7.628e-02 7.117e+03
7.260e-02 7.834e+03
7.378e-02 7.578e+03
7.557e-02 7.263e+03
7.491e-02 7.468e+03
7.430e-02 7.497e+03
7.476e-02 7.313e+03
7.486e-02 7.431e+03
7.338e-02 7.756e+03
7.750e-02 6.861e+03
7.494e-02 7.375e+03
7.517e-02 7.365e+03
7.590e-02 7.144e+03
7.500e-02 7.342e+03
7.438e-02 7.452e+03
7.432e-02 7.523e+03
7.303e-02 7.804e+03
7.177e-02 7.943e+03
7.392e-02 7.581e+03
7.502e-02 7.329e+03
7.257e-02 7.701e+03
7.395e-02 7.566e+03
7.428e-02 7.518e+03
7.515e-02 7.375e+03
7.266e-02 7.897e+03
7.370e-02 7.608e+03
7.417e-02 7.565e+03
7.413e-02 7.514e+03
7.218e-02 7.876e+03
7.415e-02 7.449e+03
7.125e-02 8.317e+03
7.382e-02 7.616e+03
7.313e-02 7.796e+03
7.507e-02 7.477e+03
7.389e-02 7.589e+03
7.449e-02 7.547e+03
7.482e-02 7.484e+03
7.227e-02 7.976e+03
7.578e-02 7.242e+03
7.323e-02 7.737e+03
7.376e-02 7.595e+03
7.317e-02 7.649e+03
7.196e-02 8.015e+03
7.706e-02 6.986e+03
7.339e-02 7.729e+03
7.433e-02 7.590e+03
7.501e-02 7.318e+03
7.483e-02 7.493e+03
7.362e-02 7.732e+03
7.522e-02 7.259e+03
7.456e-02 7.436e+03
7.515e-02 7.430e+03
7.238e-02 7.964e+03
7.420e-02 7.613e+03
7.292e-02 7.829e+03
7.749e-02 6.891e+03
7.349e-02 7.739e+03
7.406e-02 7.575e+03
7.383e-02 7.603e+03
7.644e-02 7.124e+03
7.440e-02 7.475e+03
7.389e-02 7.596e+03
7.380e-02 7.691e+03
7.486e-02 7.456e+03
7.588e-02 7.138e+03
7.319e-02 7.784e+03
7.312e-02 7.778e+03
7.435e-02 7.508e+03
7.265e-02 7.816e+03
7.241e-02 7.910e+03
7.349e-02 7.777e+03
7.491e-02 7.439e+03
7.422e-02 7.613e+03
7.241e-02 7.947e+03
7.419e-02 7.545e+03
7.418e-02 7.528e+03
7.259e-02 7.905e+03
7.406e-02 7.544e+03
7.250e-02 7.943e+03
7.432e-02 7.526e+03
7.314e-02 7.653e+03
7.422e-02 7.584e+03
7.599e-02 7.145e+03
7.446e-02 7.432e+03
7.433e-02 7.459e+03
7.533e-02 7.217e+03
7.527e-02 7.330e+03
7.588e-02 7.222e+03
7.422e-02 7.583e+03
7.577e-02 7.175e+03
7.194e-02 7.964e+03
7.537e-02 7.295e+03
7.435e-02 7.453e+03
7.406e-02 7.462e+03
7.285e-02 7.810e+03
7.284e-02 7.880e+03
7.357e-02 7.755e+03
7.441e-02 7.506e+03
7.362e-02 7.609e+03
7.373e-02 7.699e+03
7.427e-02 7.519e+03
7.426e-02 7.537e+03
7.274e-02 7.769e+03
7.456e-02 7.478e+03
7.492e-02 7.377e+03
7.469e-02 7.566e+03
7.315e-02 7.835e+03
7.169e-02 8.100e+03
7.445e-02 7.417e+03
7.623e-02 7.082e+03
7.513e-02 7.347e+03
7.402e-02 7.623e+03
7.364e-02 7.612e+03
7.321e-02 7.685e+03
7.312e-02 7.809e+03
7.497e-02 7.346e+03
7.392e-02 7.641e+03
7.447e-02 7.538e+03
7.532e-02 7.384e+03
7.621e-02 7.134e+03
7.390e-02 7.497e+03
7.285e-02 7.791e+03
7.464e-02 7.364e+03
7.334e-02 7.779e+03
7.643e-02 7.147e+03
7.408e-02 7.688e+03
7.490e-02 7.352e+03
7.467e-02 7.422e+03
7.330e-02 7.685e+03
7.406e-02 7.589e+03
7.212e-02 8.095e+03
7.480e-02 7.471e+03
7.355e-02 7.628e+03
7.299e-02 7.734e+03
7.429e-02 7.533e+03
7.291e-02 7.757e+03
7.388e-02 7.654e+03
7.605e-02 7.120e+03
7.535e-02 7.299e+03
7.283e-02 7.815e+03
7.310e-02 7.726e+03
7.423e-02 7.570e+03
7.510e-02 7.335e+03
7.369e-02 7.680e+03
7.382e-02 7.569e+03
7.492e-02 7.362e+03
7.400e-02 7.591e+03
7.696e-02 7.024e+03
7.443e-02 7.455e+03
7.472e-02 7.498e+03
7.469e-02 7.359e+03
7.335e-02 7.797e+03
7.264e-02 7.857e+03
7.422e-02 7.594e+03
7.500e-02 7.385e+03
7.501e-02 7.356e+03
7.691e-02 7.017e+03
7.488e-02 7.390e+03
7.283e-02 7.906e+03
7.567e-02 7.250e+03
7.431e-02 7.506e+03
7.618e-02 7.165e+03
7.176e-02 8.016e+03
7.343e-02 7.707e+03
7.469e-02 7.424e+03
7.419e-02 7.559e+03
7.400e-02 7.551e+03
7.609e-02 7.198e+03
7.417e-02 7.529e+03
7.487e-02 7.472e+03
7.481e-02 7.343e+03
7.359e-02 7.681e+03
7.421e-02 7.598e+03
7.018e-02 8.404e+03
7.547e-02 7.236e+03
7.359e-02 7.601e+03
7.755e-02 6.888e+03
7.476e-02 7.422e+03
7.413e-02 7.412e+03
7.338e-02 7.733e+03
7.479e-02 7.409e+03
7.287e-02 7.822e+03
7.562e-02 7.369e+03
7.329e-02 7.731e+03
7.240e-02 7.861e+03
7.603e-02 7.195e+03
7.471e-02 7.421e+03
7.428e-02 7.507e+03
7.434e-02 7.537e+03
7.334e-02 7.743e+03
7.337e-02 7.647e+03
7.419e-02 7.495e+03
7.383e-02 7.672e+03
7.460e-02 7.395e+03
7.510e-02 7.274e+03
7.365e-02 7.608e+03
7.212e-02 7.989e+03
7.501e-02 7.344e+03
7.394e-02 7.708e+03
7.575e-02 7.230e+03
7.360e-02 7.684e+03
7.581e-02 7.212e+03
7.132e-02 8.097e+03
7.161e-02 8.138e+03
7.383e-02 7.698e+03
7.459e-02 7.481e+03
7.544e-02 7.261e+03
7.183e-02 8.002e+03
7.530e-02 7.309e+03
7.466e-02 7.461e+03
7.403e-02 7.615e+03
7.278e-02 7.950e+03
7.428e-02 7.560e+03
7.494e-02 7.398e+03
7.360e-02 7.627e+03
7.424e-02 7.658e+03
7.249e-02 7.893e+03
7.582e-02 7.217e+03
7.457e-02 7.442e+03
7.575e-02 7.279e+03
7.467e-02 7.462e+03
7.296e-02 7.782e+03
7.314e-02 7.773e+03
7.437e-02 7.468e+03
7.573e-02 7.177e+03
7.344e-02 7.703e+03
7.341e-02 7.646e+03
7.436e-02 7.490e+03
7.564e-02 7.282e+03
7.496e-02 7.432e+03
7.288e-02 7.827e+03
7.375e-02 7.659e+03
7.331e-02 7.686e+03
7.705e-02 7.054e+03
7.541e-02 7.274e+03
7.657e-02 7.017e+03
7.483e-02 7.393e+03
7.261e-02 7.884e+03
7.527e-02 7.268e+03
7.575e-02 7.216e+03
7.378e-02 7.648e+03
7.212e-02 8.062e+03
7.693e-02 7.005e+03
7.536e-02 7.383e+03
7.181e-02 8.055e+03
7.450e-02 7.534e+03
7.770e-02 6.884e+03
7.313e-02 7.581e+03
7.376e-02 7.704e+03
7.642e-02 7.154e+03
7.467e-02 7.434e+03
7.501e-02 7.347e+03
7.339e-02 7.646e+03
7.428e-02 7.427e+03
7.408e-02 7.526e+03
7.346e-02 7.650e+03
7.362e-02 7.662e+03
7.455e-02 7.505e+03
7.477e-02 7.408e+03
7.315e-02 7.779e+03
7.512e-02 7.384e+03
7.416e-02 7.470e+03
7.213e-02 7.895e+03
7.313e-02 7.771e+03
7.517e-02 7.350e+03
7.318e-02 7.700e+03
7.378e-02 7.591e+03
7.237e-02 8.013e+03
7.418e-02 7.440e+03
7.478e-02 7.462e+03
7.368e-02 7.726e+03
7.152e-02 8.119e+03
7.275e-02 7.807e+03
7.566e-02 7.235e+03
7.435e-02 7.575e+03
7.120e-02 8.269e+03
7.157e-02 8.188e+03
7.496e-02 7.252e+03
7.147e-02 8.125e+03
7.375e-02 7.744e+03
7.390e-02 7.663e+03
7.442e-02 7.549e+03
7.375e-02 7.558e+03
7.363e-02 7.605e+03
7.165e-02 8.146e+03
7.580e-02 7.236e+03
7.430e-02 7.453e+03
7.434e-02 7.505e+03
7.812e-02 6.874e+03
7.371e-02 7.603e+03
7.351e-02 7.670e+03
7.468e-02 7.425e+03
7.429e-02 7.540e+03
7.197e-02 8.105e+03
7.473e-02 7.462e+03
7.451e-02 7.440e+03
7.441e-02 7.494e+03
7.333e-02 7.738e+03
7.278e-02 7.773e+03
7.417e-02 7.615e+03
7.454e-02 7.380e+03
7.307e-02 7.735e+03
7.241e-02 7.942e+03
7.373e-02 7.644e+03
7.447e-02 7.517e+03
7.596e-02 7.175e+03
7.366e-02 7.695e+03
7.242e-02 7.916e+03
7.510e-02 7.439e+03
7.719e-02 6.963e+03
7.227e-02 7.955e+03
7.598e-02 7.102e+03
7.486e-02 7.394e+03
7.333e-02 7.690e+03
7.397e-02 7.607e+03
7.313e-02 7.721e+03
7.525e-02 7.153e+03
7.535e-02 7.212e+03
7.473e-02 7.460e+03
7.459e-02 7.545e+03
7.081e-02 8.298e+03
7.257e-02 8.009e+03
7.515e-02 7.414e+03
7.306e-02 7.792e+03
7.505e-02 7.371e+03
7.475e-02 7.395e+03
7.519e-02 7.392e+03
7.466e-02 7.402e+03
7.383e-02 7.609e+03
7.532e-02 7.334e+03
7.465e-02 7.392e+03
7.451e-02 7.395e+03
7.412e-02 7.437e+03
7.393e-02 7.632e+03
7.424e-02 7.547e+03
7.556e-02 7.232e+03
7.250e-02 7.849e+03
7.375e-02 7.663e+03
7.246e-02 7.840e+03
7.453e-02 7.543e+03
7.556e-02 7.241e+03
7.366e-02 7.631e+03
7.531e-02 7.340e+03
7.264e-02 7.938e+03
7.389e-02 7.595e+03
7.508e-02 7.326e+03
7.432e-02 7.577e+03
7.526e-02 7.290e+03
7.621e-02 7.037e+03
7.473e-02 7.581e+03
7.374e-02 7.649e+03
7.507e-02 7.350e+03
7.500e-02 7.409e+03
7.368e-02 7.699e+03
7.542e-02 7.168e+03
7.312e-02 7.784e+03
7.453e-02 7.473e+03
7.495e-02 7.385e+03
7.301e-02 7.769e+03
7.415e-02 7.453e+03
7.513e-02 7.397e+03
7.377e-02 7.543e+03
7.399e-02 7.535e+03
7.482e-02 7.401e+03
7.560e-02 7.272e+03
7.462e-02 7.429e+03
7.301e-02 7.851e+03
7.367e-02 7.685e+03
7.357e-02 7.771e+03
7.566e-02 7.257e+03
7.402e-02 7.531e+03
7.465e-02 7.523e+03
7.352e-02 7.703e+03
7.356e-02 7.653e+03
7.599e-02 7.263e+03
7.249e-02 7.879e+03
7.154e-02 8.083e+03
7.471e-02 7.457e+03
7.392e-02 7.662e+03
7.401e-02 7.577e+03
7.415e-02 7.524e+03
7.273e-02 7.892e+03
7.585e-02 7.191e+03
7.476e-02 7.452e+03
7.287e-02 7.767e+03
7.361e-02 7.636e+03
7.295e-02 7.863e+03
7.620e-02 7.280e+03
7.428e-02 7.519e+03
7.403e-02 7.642e+03
7.041e-02 8.466e+03
7.169e-02 8.187e+03
7.574e-02 7.163e+03
7.520e-02 7.319e+03
7.313e-02 7.709e+03
7.409e-02 7.629e+03
7.414e-02 7.599e+03
7.568e-02 7.218e+03
7.390e-02 7.627e+03
7.392e-02 7.615e+03
7.433e-02 7.502e+03
7.405e-02 7.664e+03
7.371e-02 7.625e+03
7.514e-02 7.298e+03
7.322e-02 7.738e+03
7.061e-02 8.310e+03
7.399e-02 7.491e+03
7.090e-02 8.248e+03
7.071e-02 8.334e+03
7.475e-02 7.384e+03
7.566e-02 7.237e+03
7.684e-02 7.037e+03
7.454e-02 7.451e+03
7.272e-02 7.910e+03
7.527e-02 7.351e+03
7.322e-02 7.743e+03
7.393e-02 7.542e+03
7.404e-02 7.461e+03
7.609e-02 7.092e+03
7.378e-02 7.632e+03
7.354e-02 7.615e+03
7.413e-02 7.541e+03
7.372e-02 7.699e+03
7.376e-02 7.613e+03
7.595e-02 7.269e+03
7.760e-02 6.922e+03
7.413e-02 7.634e+03
7.360e-02 7.600e+03
7.377e-02 7.666e+03
7.163e-02 8.109e+03
7.511e-02 7.339e+03
7.477e-02 7.406e+03
7.146e-02 8.139e+03
7.398e-02 7.591e+03
7.623e-02 7.092e+03
7.327e-02 7.840e+03
7.376e-02 7.770e+03
7.510e-02 7.416e+03
7.498e-02 7.463e+03
7.110e-02 8.146e+03
7.555e-02 7.384e+03
7.354e-02 7.712e+03
7.450e-02 7.486e+03
7.445e-02 7.415e+03
7.441e-02 7.512e+03
7.388e-02 7.524e+03
7.326e-02 7.813e+03
7.415e-02 7.481e+03
7.409e-02 7.566e+03
7.441e-02 7.426e+03
7.469e-02 7.317e+03
7.518e-02 7.339e+03
7.319e-02 7.770e+03
7.557e-02 7.226e+03
7.158e-02 8.036e+03
7.575e-02 7.264e+03
7.360e-02 7.560e+03
7.590e-02 7.175e+03
7.534e-02 7.213e+03
7.313e-02 7.611e+03
7.257e-02 7.876e+03
7.519e-02 7.244e+03
7.311e-02 7.826e+03
7.238e-02 7.902e+03
7.347e-02 7.640e+03
7.401e-02 7.596e+03
7.226e-02 7.990e+03
7.345e-02 7.751e+03
7.384e-02 7.616e+03
7.144e-02 8.266e+03
7.347e-02 7.735e+03
7.488e-02 7.416e+03
7.394e-02 7.614e+03
7.321e-02 7.760e+03
7.568e-02 7.243e+03
7.499e-02 7.479e+03
7.518e-02 7.243e+03
7.446e-02 7.514e+03
7.561e-02 7.302e+03
7.475e-02 7.472e+03
7.312e-02 7.786e+03
7.309e-02 7.914e+03
7.282e-02 7.731e+03
7.425e-02 7.549e+03
7.233e-02 7.957e+03
7.659e-02 7.094e+03
7.171e-02 8.090e+03
7.495e-02 7.291e+03
7.547e-02 7.342e+03
7.335e-02 7.717e+03
7.356e-02 7.685e+03
7.391e-02 7.557e+03
7.335e-02 7.698e+03
7.358e-02 7.564e+03
7.071e-02 8.398e+03
7.887e-02 6.742e+03
7.038e-02 8.559e+03
7.583e-02 7.244e+03
7.398e-02 7.607e+03
7.269e-02 7.847e+03
7.551e-02 7.217e+03
7.420e-02 7.606e+03
7.492e-02 7.412e+03
7.201e-02 8.020e+03
7.315e-02 7.696e+03
7.286e-02 7.745e+03
7.220e-02 7.997e+03
7.434e-02 7.463e+03
7.360e-02 7.674e+03
7.135e-02 8.144e+03
7.521e-02 7.319e+03
7.415e-02 7.522e+03
7.333e-02 7.696e+03
7.200e-02 8.019e+03
7.618e-02 7.120e+03
7.491e-02 7.429e+03
7.337e-02 7.762e+03
7.599e-02 7.197e+03
7.136e-02 8.237e+03
7.417e-02 7.538e+03
7.418e-02 7.465e+03
7.335e-02 7.729e+03
7.438e-02 7.498e+03
7.206e-02 8.075e+03
7.402e-02 7.596e+03
7.525e-02 7.256e+03
7.413e-02 7.590e+03
7.451e-02 7.418e+03
7.446e-02 7.441e+03
7.371e-02 7.670e+03
7.236e-02 7.998e+03
7.066e-02 8.362e+03
7.405e-02 7.589e+03
7.598e-02 7.095e+03
7.401e-02 7.541e+03
7.225e-02 7.920e+03
7.422e-02 7.422e+03
7.144e-02 8.084e+03
7.474e-02 7.418e+03
7.299e-02 7.774e+03
7.489e-02 7.392e+03
7.534e-02 7.287e+03
7.359e-02 7.557e+03
7.218e-02 7.958e+03
7.579e-02 7.301e+03
7.360e-02 7.712e+03
7.307e-02 7.792e+03
7.245e-02 7.918e+03
7.651e-02 7.121e+03
7.369e-02 7.618e+03
7.593e-02 7.171e+03
7.212e-02 7.975e+03
7.858e-02 6.743e+03
7.199e-02 8.096e+03
7.306e-02 7.778e+03
7.650e-02 7.134e+03
7.271e-02 7.918e+03
7.673e-02 7.072e+03
7.377e-02 7.602e+03
7.281e-02 7.801e+03
7.299e-02 7.815e+03
7.522e-02 7.355e+03
7.660e-02 7.104e+03
7.238e-02 7.981e+03
7.277e-02 7.841e+03
7.216e-02 7.941e+03
7.268e-02 7.865e+03
7.101e-02 8.102e+03
7.306e-02 7.752e+03
7.246e-02 7.913e+03
7.522e-02 7.345e+03
7.660e-02 7.163e+03
7.447e-02 7.605e+03
7.508e-02 7.331e+03
7.281e-02 7.790e+03
7.372e-02 7.632e+03
7.271e-02 7.749e+03
7.234e-02 7.893e+03
7.415e-02 7.513e+03
7.344e-02 7.693e+03
7.511e-02 7.421e+03
7.477e-02 7.297e+03
7.363e-02 7.638e+03
7.352e-02 7.707e+03
7.434e-02 7.537e+03
7.337e-02 7.782e+03
7.495e-02 7.316e+03
7.190e-02 8.003e+03
7.437e-02 7.547e+03
7.599e-02 7.219e+03
7.666e-02 7.019e+03
7.172e-02 8.125e+03
7.518e-02 7.419e+03
7.432e-02 7.683e+03
7.277e-02 7.903e+03
7.417e-02 7.537e+03
7.380e-02 7.598e+03
7.266e-02 7.887e+03
7.401e-02 7.580e+03
7.469e-02 7.503e+03
7.244e-02 7.822e+03
7.324e-02 7.699e+03
7.288e-02 7.707e+03
7.468e-02 7.442e+03
7.319e-02 7.684e+03
7.423e-02 7.477e+03
7.579e-02 7.218e+03
7.407e-02 7.627e+03
7.368e-02 7.706e+03
7.526e-02 7.276e+03
7.419e-02 7.510e+03
7.247e-02 7.840e+03
7.520e-02 7.367e+03
7.224e-02 8.027e+03
7.471e-02 7.483e+03
7.510e-02 7.450e+03
7.281e-02 7.823e+03
7.499e-02 7.372e+03
7.504e-02 7.383e+03
7.427e-02 7.561e+03
7.150e-02 8.073e+03
7.377e-02 7.735e+03
7.485e-02 7.426e+03
7.351e-02 7.575e+03
7.590e-02 7.124e+03
7.215e-02 7.971e+03
7.400e-02 7.537e+03
7.324e-02 7.831e+03
7.391e-02 7.596e+03
7.296e-02 7.895e+03
7.407e-02 7.513e+03
7.333e-02 7.757e+03
7.532e-02 7.229e+03
7.367e-02 7.744e+03
7.460e-02 7.431e+03
7.546e-02 7.250e+03
7.571e-02 7.277e+03
7.399e-02 7.562e+03
7.179e-02 8.116e+03
7.496e-02 7.340e+03
7.441e-02 7.398e+03
7.539e-02 7.241e+03
7.429e-02 7.512e+03
7.458e-02 7.383e+03
7.423e-02 7.523e+03
7.234e-02 7.922e+03
7.606e-02 7.189e+03
7.567e-02 7.239e+03
7.339e-02 7.673e+03
7.383e-02 7.594e+03
7.433e-02 7.576e+03
7.453e-02 7.430e+03
7.528e-02 7.284e+03
7.358e-02 7.700e+03
7.416e-02 7.574e+03
7.734e-02 6.913e+03
7.347e-02 7.637e+03
7.259e-02 7.878e+03
7.302e-02 7.867e+03
7.549e-02 7.216e+03
7.426e-02 7.472e+03
7.192e-02 8.070e+03
7.665e-02 7.092e+03
7.499e-02 7.390e+03
7.429e-02 7.542e+03
7.409e-02 7.554e+03
7.364e-02 7.662e+03
7.421e-02 7.534e+03
7.474e-02 7.429e+03
7.245e-02 7.861e+03
7.272e-02 7.744e+03
7.431e-02 7.423e+03
7.409e-02 7.598e+03
7.509e-02 7.379e+03
7.343e-02 7.654e+03
7.485e-02 7.474e+03
7.449e-02 7.516e+03
7.253e-02 8.035e+03
7.278e-02 7.847e+03
7.525e-02 7.434e+03
7.625e-02 7.104e+03
7.763e-02 6.802e+03
7.577e-02 7.190e+03
7.449e-02 7.585e+03
7.449e-02 7.535e+03
7.508e-02 7.363e+03
7.115e-02 8.153e+03
7.482e-02 7.377e+03
7.285e-02 7.814e+03
7.512e-02 7.323e+03
7.540e-02 7.306e+03
7.432e-02 7.623e+03
7.297e-02 7.817e+03
7.376e-02 7.662e+03
7.272e-02 7.889e+03
7.486e-02 7.397e+03
7.067e-02 8.306e+03
7.471e-02 7.419e+03
7.498e-02 7.479e+03
7.311e-02 7.720e+03
7.219e-02 7.970e+03
7.596e-02 7.238e+03
7.524e-02 7.344e+03
7.504e-02 7.296e+03
7.452e-02 7.455e+03
7.384e-02 7.681e+03
7.454e-02 7.557e+03
7.526e-02 7.341e+03
7.502e-02 7.342e+03
7.389e-02 7.603e+03
7.054e-02 8.268e+03
7.319e-02 7.790e+03
7.371e-02 7.647e+03
7.492e-02 7.350e+03
7.364e-02 7.692e+03
7.472e-02 7.411e+03
7.175e-02 7.902e+03
7.346e-02 7.651e+03
7.456e-02 7.479e+03
7.549e-02 7.266e+03
7.585e-02 7.226e+03
7.710e-02 7.011e+03
7.379e-02 7.607e+03
7.397e-02 7.520e+03
7.343e-02 7.735e+03
7.528e-02 7.307e+03
7.614e-02 7.154e+03
7.484e-02 7.402e+03
7.266e-02 7.906e+03
7.418e-02 7.536e+03
7.491e-02 7.348e+03
7.248e-02 7.868e+03
7.161e-02 8.110e+03
7.369e-02 7.594e+03
7.454e-02 7.430e+03
7.395e-02 7.627e+03
7.584e-02 7.199e+03
7.551e-02 7.278e+03
7.560e-02 7.266e+03
7.240e-02 7.983e+03
7.282e-02 7.886e+03
7.596e-02 7.182e+03
7.248e-02 7.944e+03
7.504e-02 7.359e+03
7.350e-02 7.847e+03
7.439e-02 7.562e+03
7.325e-02 7.683e+03
7.273e-02 7.887e+03
7.223e-02 7.862e+03
7.143e-02 8.181e+03
7.489e-02 7.381e+03
7.240e-02 7.881e+03
7.558e-02 7.318e+03
7.439e-02 7.543e+03
7.413e-02 7.484e+03
7.687e-02 7.112e+03
7.404e-02 7.566e+03
7.480e-02 7.325e+03
7.361e-02 7.649e+03
7.249e-02 7.868e+03
7.422e-02 7.581e+03
7.370e-02 7.628e+03
7.479e-02 7.501e+03
7.403e-02 7.630e+03
7.416e-02 7.540e+03
7.449e-02 7.495e+03
7.227e-02 7.957e+03
7.210e-02 8.012e+03
7.541e-02 7.409e+03
7.485e-02 7.341e+03
7.447e-02 7.414e+03
7.356e-02 7.761e+03
7.388e-02 7.559e+03
7.541e-02 7.295e+03
7.647e-02 7.066e+03
7.520e-02 7.472e+03
7.209e-02 8.004e+03
7.257e-02 7.884e+03
7.503e-02 7.335e+03
7.486e-02 7.382e+03
7.453e-02 7.369e+03
7.412e-02 7.503e+03
7.623e-02 7.123e+03
7.214e-02 8.056e+03
7.269e-02 7.829e+03
7.426e-02 7.549e+03
7.331e-02 7.709e+03
7.659e-02 7.075e+03
7.208e-02 7.991e+03
7.309e-02 7.732e+03
7.372e-02 7.672e+03
7.682e-02 6.995e+03
7.610e-02 7.226e+03
7.391e-02 7.566e+03
7.537e-02 7.360e+03
7.413e-02 7.555e+03
7.238e-02 7.914e+03
7.298e-02 7.745e+03
7.328e-02 7.723e+03
7.400e-02 7.618e+03
7.367e-02 7.637e+03
7.170e-02 7.991e+03
7.336e-02 7.673e+03
7.327e-02 7.737e+03
7.385e-02 7.711e+03
7.408e-02 7.525e+03
7.432e-02 7.468e+03
7.589e-02 7.150e+03
7.526e-02 7.281e+03
7.527e-02 7.465e+03
7.687e-02 7.019e+03
7.365e-02 7.651e+03
7.157e-02 8.078e+03
7.502e-02 7.438e+03
7.413e-02 7.598e+03
7.206e-02 7.949e+03
7.542e-02 7.383e+03
7.484e-02 7.426e+03
7.436e-02 7.547e+03
7.321e-02 7.669e+03
7.592e-02 7.214e+03
7.399e-02 7.677e+03
7.408e-02 7.524e+03
7.403e-02 7.535e+03
7.534e-02 7.236e+03
7.400e-02 7.537e+03
7.446e-02 7.537e+03
7.574e-02 7.168e+03
7.378e-02 7.514e+03
7.695e-02 7.016e+03
7.331e-02 7.752e+03
7.199e-02 7.979e+03
7.540e-02 7.182e+03
7.384e-02 7.666e+03
7.331e-02 7.729e+03
7.234e-02 7.966e+03
7.576e-02 7.179e+03
7.344e-02 7.644e+03
7.512e-02 7.441e+03
7.384e-02 7.637e+03
7.678e-02 7.049e+03
7.097e-02 8.262e+03
7.423e-02 7.545e+03
7.397e-02 7.596e+03
7.355e-02 7.641e+03
7.374e-02 7.629e+03
7.182e-02 8.115e+03
7.366e-02 7.581e+03
7.476e-02 7.382e+03
7.312e-02 7.775e+03
7.332e-02 7.737e+03
7.307e-02 7.703e+03
7.366e-02 7.688e+03
7.568e-02 7.254e+03
7.342e-02 7.798e+03
7.365e-02 7.657e+03
7.218e-02 8.094e+03
7.215e-02 7.980e+03
7.316e-02 7.721e+03
7.385e-02 7.545e+03
7.235e-02 7.932e+03
7.708e-02 6.917e+03
7.519e-02 7.374e+03
7.319e-02 7.732e+03
7.250e-02 7.988e+03
7.210e-02 8.057e+03
7.625e-02 7.120e+03
7.417e-02 7.602e+03
7.713e-02 7.032e+03
7.618e-02 7.104e+03
7.364e-02 7.600e+03
7.524e-02 7.387e+03
7.474e-02 7.393e+03
7.619e-02 7.160e+03
7.242e-02 7.935e+03
7.419e-02 7.615e+03
7.176e-02 7.967e+03
7.423e-02 7.562e+03
7.275e-02 7.770e+03
7.404e-02 7.530e+03
7.339e-02 7.654e+03
7.404e-02 7.584e+03
7.347e-02 7.622e+03
7.143e-02 8.167e+03
7.487e-02 7.383e+03
7.426e-02 7.550e+03
7.216e-02 7.905e+03
7.530e-02 7.322e+03
7.390e-02 7.477e+03
7.731e-02 6.818e+03
7.296e-02 7.808e+03
7.500e-02 7.296e+03
7.625e-02 7.210e+03
7.304e-02 7.695e+03
7.447e-02 7.545e+03
7.469e-02 7.524e+03
7.496e-02 7.368e+03
7.411e-02 7.545e+03
7.255e-02 8.041e+03
7.356e-02 7.638e+03
7.530e-02 7.311e+03
7.566e-02 7.234e+03
7.373e-02 7.585e+03
7.376e-02 7.604e+03
7.423e-02 7.535e+03
7.491e-02 7.436e+03
7.729e-02 6.953e+03
7.394e-02 7.519e+03
7.424e-02 7.518e+03
7.367e-02 7.627e+03
7.509e-02 7.417e+03
7.458e-02 7.452e+03
7.335e-02 7.666e+03
7.357e-02 7.685e+03
7.149e-02 8.101e+03
7.451e-02 7.501e+03
7.358e-02 7.676e+03
7.230e-02 7.909e+03
7.277e-02 7.855e+03
7.278e-02 7.850e+03
7.365e-02 7.664e+03
7.304e-02 7.903e+03
7.430e-02 7.403e+03
7.283e-02 7.924e+03
7.671e-02 7.023e+03
7.418e-02 7.491e+03
7.324e-02 7.748e+03
7.411e-02 7.571e+03
7.509e-02 7.276e+03
7.503e-02 7.329e+03
7.375e-02 7.598e+03
7.438e-02 7.454e+03
7.233e-02 7.893e+03
7.526e-02 7.244e+03
7.480e-02 7.363e+03
7.388e-02 7.607e+03
7.542e-02 7.287e+03
7.453e-02 7.396e+03
7.482e-02 7.445e+03
7.481e-02 7.385e+03
7.120e-02 8.318e+03
7.391e-02 7.591e+03
7.241e-02 7.942e+03
7.347e-02 7.713e+03
7.404e-02 7.551e+03
7.335e-02 7.759e+03
7.256e-02 7.964e+03
7.178e-02 8.172e+03
7.330e-02 7.767e+03
7.338e-02 7.696e+03
7.282e-02 7.806e+03
7.235e-02 7.990e+03
7.424e-02 7.493e+03
7.552e-02 7.272e+03
7.627e-02 7.241e+03
7.552e-02 7.333e+03
7.353e-02 7.832e+03
7.362e-02 7.682e+03
7.547e-02 7.320e+03
7.415e-02 7.519e+03
7.358e-02 7.676e+03
7.412e-02 7.616e+03
7.425e-02 7.559e+03
7.483e-02 7.395e+03
7.583e-02 7.200e+03
7.543e-02 7.365e+03
7.658e-02 7.098e+03
7.417e-02 7.558e+03
7.448e-02 7.502e+03
7.358e-02 7.636e+03
7.381e-02 7.625e+03
7.342e-02 7.573e+03
7.457e-02 7.522e+03
7.255e-02 7.859e+03
7.416e-02 7.567e+03
7.248e-02 7.829e+03
7.327e-02 7.739e+03
7.450e-02 7.513e+03
7.571e-02 7.224e+03
7.474e-02 7.509e+03
7.254e-02 7.884e+03
7.465e-02 7.403e+03
7.671e-02 7.081e+03
7.410e-02 7.529e+03
7.605e-02 7.155e+03
7.657e-02 7.096e+03
7.504e-02 7.221e+03
7.475e-02 7.453e+03
7.494e-02 7.401e+03
7.401e-02 7.608e+03
7.310e-02 7.729e+03
7.307e-02 7.702e+03
7.364e-02 7.672e+03
7.409e-02 7.623e+03
7.415e-02 7.553e+03
7.525e-02 7.296e+03
7.319e-02 7.756e+03
7.272e-02 7.848e+03
7.368e-02 7.734e+03
7.438e-02 7.526e+03
7.646e-02 7.064e+03
7.331e-02 7.672e+03
7.402e-02 7.488e+03
7.428e-02 7.601e+03
7.273e-02 7.952e+03
7.536e-02 7.406e+03
7.390e-02 7.602e+03
7.277e-02 7.836e+03
7.295e-02 7.831e+03
7.390e-02 7.639e+03
7.275e-02 7.899e+03
7.467e-02 7.426e+03
7.166e-02 8.083e+03
7.312e-02 7.727e+03
7.590e-02 7.189e+03
7.420e-02 7.494e+03
7.344e-02 7.690e+03
7.315e-02 7.886e+03
7.402e-02 7.589e+03
7.421e-02 7.486e+03
7.213e-02 7.984e+03
7.417e-02 7.470e+03
7.647e-02 7.102e+03
7.441e-02 7.569e+03
7.518e-02 7.398e+03
7.549e-02 7.294e+03
7.343e-02 7.713e+03
7.401e-02 7.569e+03
7.344e-02 7.562e+03
7.300e-02 7.739e+03
7.419e-02 7.547e+03
7.326e-02 7.751e+03
7.212e-02 7.989e+03
7.256e-02 7.993e+03
7.373e-02 7.548e+03
7.403e-02 7.517e+03
7.446e-02 7.532e+03
7.569e-02 7.265e+03
7.465e-02 7.473e+03
7.613e-02 7.126e+03
7.438e-02 7.610e+03
7.278e-02 7.768e+03
7.340e-02 7.664e+03
7.563e-02 7.265e+03
7.429e-02 7.520e+03
7.344e-02 7.588e+03
7.589e-02 7.262e+03
7.194e-02 7.954e+03
7.476e-02 7.474e+03
7.261e-02 7.801e+03
7.411e-02 7.525e+03
7.487e-02 7.284e+03
7.310e-02 7.752e+03
7.310e-02 7.806e+03
7.403e-02 7.598e+03
7.177e-02 8.074e+03
7.458e-02 7.397e+03
7.304e-02 7.800e+03
7.535e-02 7.268e+03
7.184e-02 8.046e+03
7.553e-02 7.341e+03
7.752e-02 6.986e+03
7.359e-02 7.577e+03
7.308e-02 7.717e+03
7.493e-02 7.325e+03
7.426e-02 7.499e+03
7.387e-02 7.531e+03
7.348e-02 7.687e+03
7.519e-02 7.310e+03
7.557e-02 7.282e+03
7.128e-02 8.246e+03
7.414e-02 7.648e+03
7.673e-02 7.059e+03
7.770e-02 6.842e+03
7.410e-02 7.644e+03
7.481e-02 7.467e+03
7.515e-02 7.304e+03
7.310e-02 7.781e+03
7.472e-02 7.424e+03
7.474e-02 7.343e+03
7.323e-02 7.657e+03
7.530e-02 7.341e+03
7.290e-02 7.759e+03
7.339e-02 7.668e+03
7.206e-02 8.019e+03
7.420e-02 7.485e+03
7.496e-02 7.347e+03
7.413e-02 7.623e+03
7.430e-02 7.532e+03
7.298e-02 7.805e+03
7.247e-02 7.985e+03
7.376e-02 7.628e+03
7.444e-02 7.501e+03
7.353e-02 7.665e+03
7.129e-02 8.260e+03
7.343e-02 7.734e+03
7.337e-02 7.742e+03
7.322e-02 7.701e+03
7.368e-02 7.712e+03
7.414e-02 7.646e+03
7.380e-02 7.518e+03
7.307e-02 7.728e+03
7.421e-02 7.605e+03
7.407e-02 7.640e+03
7.741e-02 6.934e+03
7.338e-02 7.684e+03
7.312e-02 7.641e+03
7.396e-02 7.595e+03
7.224e-02 7.926e+03
7.464e-02 7.441e+03
7.552e-02 7.159e+03
7.536e-02 7.296e+03
7.561e-02 7.302e+03
7.581e-02 7.268e+03
7.318e-02 7.832e+03
7.462e-02 7.467e+03
7.437e-02 7.558e+03
7.547e-02 7.166e+03
7.375e-02 7.603e+03
7.313e-02 7.727e+03
7.179e-02 8.007e+03
7.441e-02 7.519e+03
7.259e-02 7.962e+03
7.519e-02 7.251e+03
7.428e-02 7.499e+03
7.300e-02 7.723e+03
7.334e-02 7.754e+03
7.479e-02 7.475e+03
7.461e-02 7.393e+03
7.243e-02 7.955e+03
7.418e-02 7.527e+03
7.135e-02 8.125e+03
7.326e-02 7.712e+03
7.294e-02 7.830e+03
7.380e-02 7.605e+03
7.457e-02 7.435e+03
7.407e-02 7.506e+03
7.570e-02 7.247e+03
7.406e-02 7.585e+03
7.315e-02 7.626e+03
7.507e-02 7.359e+03
7.493e-02 7.388e+03
7.304e-02 7.720e+03
7.259e-02 7.928e+03
7.253e-02 7.909e+03
7.229e-02 8.045e+03
7.476e-02 7.384e+03
7.287e-02 7.823e+03
7.405e-02 7.523e+03
7.387e-02 7.584e+03
7.383e-02 7.758e+03
7.558e-02 7.293e+03
7.220e-02 7.951e+03
7.401e-02 7.593e+03
7.544e-02 7.322e+03
7.299e-02 7.825e+03
7.372e-02 7.542e+03
7.318e-02 7.775e+03
7.335e-02 7.805e+03
7.310e-02 7.870e+03
7.589e-02 7.195e+03
7.369e-02 7.641e+03
7.433e-02 7.581e+03
7.559e-02 7.259e+03
7.409e-02 7.611e+03
7.394e-02 7.584e+03
7.183e-02 8.042e+03
7.448e-02 7.514e+03
7.298e-02 7.841e+03
7.423e-02 7.535e+03
7.591e-02 7.122e+03
7.592e-02 7.234e+03
7.702e-02 6.864e+03
7.575e-02 7.105e+03
7.433e-02 7.507e+03
7.464e-02 7.484e+03
7.581e-02 7.205e+03
7.446e-02 7.535e+03
7.611e-02 7.116e+03
7.179e-02 8.089e+03
7.458e-02 7.408e+03
7.328e-02 7.672e+03
7.346e-02 7.665e+03
7.432e-02 7.537e+03
7.403e-02 7.660e+03
7.266e-02 7.861e+03
7.176e-02 8.081e+03
7.389e-02 7.579e+03
7.402e-02 7.487e+03
7.674e-02 7.055e+03
7.349e-02 7.652e+03
7.261e-02 7.895e+03
7.207e-02 7.893e+03
7.433e-02 7.511e+03
7.201e-02 8.095e+03
7.409e-02 7.529e+03
7.646e-02 7.140e+03
7.297e-02 7.724e+03
7.375e-02 7.658e+03
7.577e-02 7.276e+03
7.281e-02 7.754e+03
7.661e-02 6.969e+03
7.553e-02 7.294e+03
7.418e-02 7.489e+03
7.420e-02 7.580e+03
7.532e-02 7.259e+03
7.468e-02 7.365e+03
7.342e-02 7.689e+03
7.407e-02 7.544e+03
7.288e-02 7.954e+03
7.527e-02 7.361e+03
7.246e-02 7.919e+03
7.387e-02 7.636e+03
7.196e-02 7.968e+03
7.381e-02 7.534e+03
7.429e-02 7.513e+03
7.463e-02 7.493e+03
7.392e-02 7.506e+03
7.285e-02 7.889e+03
7.523e-02 7.309e+03
7.234e-02 7.896e+03
7.606e-02 7.232e+03
7.282e-02 7.842e+03
7.306e-02 7.692e+03
7.360e-02 7.710e+03
7.448e-02 7.509e+03
7.407e-02 7.506e+03
7.629e-02 6.990e+03
7.517e-02 7.314e+03
7.237e-02 7.970e+03
7.763e-02 6.840e+03
7.366e-02 7.689e+03
7.358e-02 7.692e+03
7.611e-02 7.207e+03
7.188e-02 8.033e+03
7.398e-02 7.677e+03
7.495e-02 7.470e+03
7.368e-02 7.651e+03
7.464e-02 7.385e+03
7.617e-02 7.213e+03
7.313e-02 7.690e+03
7.272e-02 7.867e+03
7.349e-02 7.665e+03
7.348e-02 7.753e+03
7.389e-02 7.579e+03
7.413e-02 7.520e+03
7.456e-02 7.486e+03
7.375e-02 7.702e+03
7.553e-02 7.326e+03
7.434e-02 7.490e+03
7.476e-02 7.459e+03
7.403e-02 7.560e+03
7.600e-02 7.166e+03
7.602e-02 7.216e+03
7.351e-02 7.752e+03
7.446e-02 7.489e+03
7.207e-02 8.046e+03
7.518e-02 7.287e+03
7.185e-02 7.918e+03
7.521e-02 7.294e+03
7.492e-02 7.440e+03
7.383e-02 7.688e+03
7.186e-02 8.023e+03
7.513e-02 7.370e+03
7.180e-02 8.024e+03
7.384e-02 7.639e+03
7.385e-02 7.614e+03
7.121e-02 8.190e+03
7.333e-02 7.778e+03
7.364e-02 7.646e+03
7.342e-02 7.679e+03
7.494e-02 7.390e+03
7.507e-02 7.369e+03
7.526e-02 7.325e+03
7.111e-02 8.326e+03
7.447e-02 7.492e+03
7.374e-02 7.708e+03
7.436e-02 7.509e+03
7.294e-02 7.764e+03
7.243e-02 7.877e+03
7.466e-02 7.420e+03
7.305e-02 7.804e+03
7.602e-02 7.188e+03
7.343e-02 7.706e+03
7.449e-02 7.483e+03
7.443e-02 7.440e+03
7.251e-02 7.936e+03
7.243e-02 7.888e+03
7.381e-02 7.656e+03
7.300e-02 7.793e+03
7.790e-02 6.818e+03
7.435e-02 7.493e+03
7.382e-02 7.583e+03
7.439e-02 7.533e+03
7.463e-02 7.442e+03
7.465e-02 7.394e+03
7.374e-02 7.554e+03
7.401e-02 7.660e+03
7.261e-02 7.965e+03
7.284e-02 7.800e+03
7.519e-02 7.312e+03
7.450e-02 7.479e+03
7.485e-02 7.377e+03
7.395e-02 7.552e+03
7.264e-02 7.925e+03
7.389e-02 7.596e+03
7.412e-02 7.520e+03
7.463e-02 7.403e+03
7.635e-02 7.151e+03
7.343e-02 7.771e+03
7.151e-02 8.028e+03
7.437e-02 7.519e+03
7.401e-02 7.612e+03
7.485e-02 7.427e+03
7.416e-02 7.576e+03
7.515e-02 7.344e+03
7.256e-02 7.883e+03
7.514e-02 7.336e+03
7.423e-02 7.612e+03
7.559e-02 7.147e+03
7.531e-02 7.257e+03
7.362e-02 7.682e+03
7.302e-02 7.757e+03
7.398e-02 7.560e+03
7.293e-02 7.862e+03
7.320e-02 7.766e+03
7.273e-02 7.773e+03
7.436e-02 7.535e+03
7.379e-02 7.446e+03
7.504e-02 7.350e+03
7.520e-02 7.261e+03
7.521e-02 7.397e+03
7.252e-02 7.969e+03
7.443e-02 7.428e+03
7.633e-02 7.215e+03
7.312e-02 7.686e+03
7.211e-02 8.013e+03
7.371e-02 7.663e+03
7.342e-02 7.796e+03
7.406e-02 7.548e+03
7.429e-02 7.491e+03
7.367e-02 7.672e+03
7.227e-02 7.877e+03
7.403e-02 7.559e+03
7.600e-02 7.177e+03
7.237e-02 7.918e+03
7.507e-02 7.414e+03
7.405e-02 7.616e+03
7.609e-02 7.118e+03
7.392e-02 7.551e+03
7.370e-02 7.716e+03
7.436e-02 7.524e+03
7.335e-02 7.627e+03
7.617e-02 7.156e+03
7.476e-02 7.456e+03
7.310e-02 7.782e+03
7.293e-02 7.749e+03
7.521e-02 7.296e+03
7.279e-02 7.821e+03
7.219e-02 8.108e+03
7.563e-02 7.181e+03
7.376e-02 7.526e+03
7.546e-02 7.232e+03
7.502e-02 7.369e+03
7.367e-02 7.662e+03
7.319e-02 7.721e+03
7.366e-02 7.552e+03
7.278e-02 7.807e+03
7.354e-02 7.650e+03
7.386e-02 7.592e+03
7.370e-02 7.662e+03
7.476e-02 7.474e+03
7.340e-02 7.760e+03
7.454e-02 7.434e+03
7.230e-02 7.923e+03
7.385e-02 7.587e+03
7.408e-02 7.500e+03
7.479e-02 7.393e+03
7.215e-02 7.948e+03
7.312e-02 7.747e+03
7.530e-02 7.378e+03
7.235e-02 7.947e+03
7.351e-02 7.646e+03
7.278e-02 7.814e+03
7.511e-02 7.371e+03
7.339e-02 7.641e+03
7.346e-02 7.696e+03
7.299e-02 7.768e+03
7.458e-02 7.432e+03
7.543e-02 7.405e+03
7.429e-02 7.530e+03
7.284e-02 7.848e+03
7.303e-02 7.865e+03
7.397e-02 7.570e+03
7.537e-02 7.327e+03
7.469e-02 7.468e+03
7.116e-02 8.203e+03
7.515e-02 7.355e+03
7.301e-02 7.792e+03
7.320e-02 7.764e+03
7.644e-02 7.161e+03
7.247e-02 7.968e+03
7.498e-02 7.373e+03
7.133e-02 8.239e+03
7.465e-02 7.493e+03
7.261e-02 7.846e+03
7.392e-02 7.593e+03
7.431e-02 7.499e+03
7.419e-02 7.580e+03
7.047e-02 8.311e+03
7.424e-02 7.490e+03
7.225e-02 7.941e+03
7.377e-02 7.602e+03
7.223e-02 7.934e+03
7.243e-02 7.904e+03
7.190e-02 7.987e+03
7.524e-02 7.310e+03
7.351e-02 7.672e+03
7.442e-02 7.421e+03
7.648e-02 7.017e+03
7.258e-02 7.860e+03
7.325e-02 7.817e+03
7.322e-02 7.758e+03
7.487e-02 7.442e+03
7.398e-02 7.549e+03
7.475e-02 7.387e+03
7.283e-02 7.705e+03
7.501e-02 7.372e+03
7.226e-02 7.977e+03
7.660e-02 7.019e+03
7.327e-02 7.754e+03
7.255e-02 7.914e+03
7.535e-02 7.303e+03
7.475e-02 7.491e+03
7.543e-02 7.309e+03
7.400e-02 7.545e+03
7.317e-02 7.708e+03
7.424e-02 7.516e+03
7.381e-02 7.507e+03
7.132e-02 8.093e+03
7.348e-02 7.671e+03
7.074e-02 8.412e+03
7.376e-02 7.621e+03
7.179e-02 8.025e+03
7.389e-02 7.562e+03
7.389e-02 7.680e+03
7.487e-02 7.400e+03
7.686e-02 6.980e+03
7.293e-02 7.824e+03
7.411e-02 7.644e+03
7.499e-02 7.406e+03
7.412e-02 7.506e+03
7.460e-02 7.546e+03
7.462e-02 7.329e+03
7.493e-02 7.355e+03
7.449e-02 7.441e+03
7.450e-02 7.454e+03
7.137e-02 8.166e+03
7.671e-02 7.012e+03
7.415e-02 7.578e+03
7.391e-02 7.545e+03
7.618e-02 7.122e+03
7.367e-02 7.630e+03
7.583e-02 7.284e+03
7.347e-02 7.606e+03
7.413e-02 7.629e+03
7.359e-02 7.647e+03
7.116e-02 8.225e+03
7.397e-02 7.521e+03
7.607e-02 7.219e+03
7.512e-02 7.298e+03
7.500e-02 7.344e+03
7.348e-02 7.701e+03
7.253e-02 7.925e+03
7.542e-02 7.303e+03
7.364e-02 7.692e+03
7.555e-02 7.334e+03
7.593e-02 7.160e+03
7.559e-02 7.211e+03
7.307e-02 7.766e+03
7.559e-02 7.185e+03
7.503e-02 7.432e+03
7.451e-02 7.493e+03
7.715e-02 7.111e+03
7.450e-02 7.408e+03
7.500e-02 7.366e+03
7.374e-02 7.716e+03
7.313e-02 7.776e+03
7.542e-02 7.193e+03
7.401e-02 7.631e+03
7.397e-02 7.570e+03
7.294e-02 7.913e+03
7.295e-02 7.768e+03
7.436e-02 7.442e+03
7.653e-02 7.086e+03
7.114e-02 8.203e+03
7.533e-02 7.425e+03
7.480e-02 7.432e+03
7.310e-02 7.759e+03
7.229e-02 7.993e+03
7.697e-02 6.949e+03
7.393e-02 7.649e+03
7.348e-02 7.753e+03
7.142e-02 8.122e+03
7.323e-02 7.707e+03
7.622e-02 7.232e+03
7.480e-02 7.461e+03
7.391e-02 7.581e+03
7.532e-02 7.280e+03
7.321e-02 7.667e+03
7.533e-02 7.242e+03
7.349e-02 7.743e+03
7.340e-02 7.639e+03
7.437e-02 7.656e+03
7.529e-02 7.294e+03
7.588e-02 7.269e+03
7.457e-02 7.351e+03
7.381e-02 7.636e+03
7.568e-02 7.355e+03
7.444e-02 7.425e+03
7.243e-02 7.908e+03
7.086e-02 8.370e+03
7.324e-02 7.775e+03
7.468e-02 7.457e+03
7.386e-02 7.637e+03
7.358e-02 7.663e+03
7.121e-02 8.152e+03
7.292e-02 7.761e+03
7.314e-02 7.767e+03
7.574e-02 7.254e+03
7.515e-02 7.307e+03
7.211e-02 7.978e+03
7.278e-02 7.766e+03
7.324e-02 7.767e+03
7.505e-02 7.290e+03
7.638e-02 7.141e+03
7.509e-02 7.361e+03
7.060e-02 8.366e+03
7.258e-02 7.867e+03
7.300e-02 7.693e+03
7.299e-02 7.748e+03
7.382e-02 7.537e+03
7.511e-02 7.335e+03
7.460e-02 7.476e+03
7.279e-02 7.842e+03
7.405e-02 7.620e+03
7.617e-02 7.146e+03
7.378e-02 7.666e+03
7.357e-02 7.721e+03
7.171e-02 8.033e+03
7.584e-02 7.288e+03
7.384e-02 7.546e+03
7.110e-02 8.212e+03
7.355e-02 7.584e+03
7.349e-02 7.753e+03
7.623e-02 7.192e+03
7.201e-02 7.986e+03
7.413e-02 7.483e+03
7.501e-02 7.382e+03
7.368e-02 7.680e+03
7.348e-02 7.622e+03
7.597e-02 7.045e+03
7.421e-02 7.375e+03
7.357e-02 7.651e+03
7.343e-02 7.637e+03
7.441e-02 7.427e+03
7.367e-02 7.673e+03
7.323e-02 7.765e+03
7.494e-02 7.286e+03
7.320e-02 7.757e+03
7.591e-02 7.152e+03
7.606e-02 7.191e+03
7.330e-02 7.761e+03
7.557e-02 7.241e+03
7.499e-02 7.407e+03
7.336e-02 7.635e+03
7.404e-02 7.545e+03
7.333e-02 7.801e+03
7.447e-02 7.535e+03
7.267e-02 7.919e+03
7.455e-02 7.410e+03
7.547e-02 7.278e+03
7.280e-02 7.804e+03
7.471e-02 7.412e+03
7.403e-02 7.659e+03
7.406e-02 7.548e+03
7.426e-02 7.532e+03
7.419e-02 7.528e+03
7.302e-02 7.703e+03
7.415e-02 7.529e+03
7.404e-02 7.712e+03
7.433e-02 7.420e+03
7.588e-02 7.220e+03
7.562e-02 7.271e+03
7.395e-02 7.619e+03
7.466e-02 7.477e+03
7.310e-02 7.760e+03
7.460e-02 7.509e+03
7.334e-02 7.797e+03
7.449e-02 7.408e+03
7.530e-02 7.340e+03
7.359e-02 7.679e+03
7.591e-02 7.180e+03
7.413e-02 7.471e+03
7.443e-02 7.451e+03
7.318e-02 7.697e+03
7.440e-02 7.545e+03
7.283e-02 7.863e+03
7.242e-02 7.953e+03
7.309e-02 7.833e+03
7.258e-02 7.912e+03
7.387e-02 7.641e+03
7.346e-02 7.824e+03
7.449e-02 7.510e+03
7.407e-02 7.544e+03
7.532e-02 7.273e+03
7.232e-02 7.888e+03
7.547e-02 7.252e+03
7.498e-02 7.521e+03
7.533e-02 7.386e+03
7.510e-02 7.365e+03
7.480e-02 7.409e+03
7.545e-02 7.307e+03
7.189e-02 8.041e+03
7.621e-02 7.210e+03
7.466e-02 7.492e+03
7.530e-02 7.295e+03
7.303e-02 7.794e+03
7.204e-02 8.003e+03
7.345e-02 7.682e+03
7.484e-02 7.408e+03
7.279e-02 7.822e+03
7.282e-02 7.841e+03
7.337e-02 7.696e+03
7.472e-02 7.467e+03
7.320e-02 7.713e+03
7.505e-02 7.366e+03
7.355e-02 7.679e+03
7.226e-02 7.979e+03
7.538e-02 7.319e+03
7.460e-02 7.409e+03
7.294e-02 7.761e+03
7.425e-02 7.539e+03
7.347e-02 7.710e+03
7.332e-02 7.725e+03
7.415e-02 7.611e+03
7.383e-02 7.603e+03
7.410e-02 7.599e+03
7.327e-02 7.695e+03
7.118e-02 8.206e+03
7.483e-02 7.397e+03
7.408e-02 7.538e+03
7.672e-02 7.146e+03
7.409e-02 7.593e+03
7.345e-02 7.635e+03
7.169e-02 8.037e+03
7.447e-02 7.508e+03
7.424e-02 7.373e+03
7.437e-02 7.574e+03
7.499e-02 7.354e+03
7.381e-02 7.644e+03
7.803e-02 6.834e+03
7.407e-02 7.575e+03
7.537e-02 7.297e+03
7.501e-02 7.338e+03
7.192e-02 7.994e+03
7.400e-02 7.599e+03
7.223e-02 7.961e+03
7.588e-02 7.186e+03
7.598e-02 7.212e+03
7.302e-02 7.814e+03
7.309e-02 7.702e+03
7.407e-02 7.587e+03
7.341e-02 7.795e+03
7.457e-02 7.377e+03
7.503e-02 7.392e+03
7.411e-02 7.563e+03
7.503e-02 7.334e+03
7.445e-02 7.512e+03
7.243e-02 7.892e+03
7.348e-02 7.664e+03
7.345e-02 7.759e+03
7.393e-02 7.535e+03
7.444e-02 7.436e+03
7.478e-02 7.393e+03
7.336e-02 7.711e+03
7.446e-02 7.442e+03
7.457e-02 7.466e+03
7.327e-02 7.677e+03
7.624e-02 7.140e+03
7.392e-02 7.642e+03
7.233e-02 7.968e+03
7.416e-02 7.466e+03
7.366e-02 7.704e+03
7.445e-02 7.453e+03
7.388e-02 7.665e+03
7.367e-02 7.694e+03
7.421e-02 7.502e+03
7.240e-02 7.917e+03
7.214e-02 8.048e+03
7.246e-02 7.959e+03
7.681e-02 7.007e+03
7.329e-02 7.718e+03
7.423e-02 7.449e+03
7.242e-02 7.994e+03
7.329e-02 7.673e+03
7.329e-02 7.673e+03
7.200e-02 7.991e+03
7.704e-02 7.011e+03
7.240e-02 7.939e+03
7.575e-02 7.158e+03
7.311e-02 7.799e+03
7.362e-02 7.690e+03
7.420e-02 7.545e+03
7.381e-02 7.631e+03
7.210e-02 8.085e+03
7.457e-02 7.498e+03
7.394e-02 7.479e+03
7.472e-02 7.412e+03
7.504e-02 7.398e+03
7.367e-02 7.707e+03
7.310e-02 7.692e+03
7.169e-02 8.029e+03
7.433e-02 7.492e+03
7.464e-02 7.395e+03
7.294e-02 7.829e+03
7.676e-02 6.993e+03
7.332e-02 7.754e+03
7.416e-02 7.564e+03
7.519e-02 7.389e+03
7.527e-02 7.242e+03
7.344e-02 7.671e+03
7.182e-02 8.035e+03
7.320e-02 7.681e+03
7.222e-02 7.948e+03
7.296e-02 7.722e+03
7.362e-02 7.764e+03
7.406e-02 7.499e+03
7.693e-02 7.072e+03
7.365e-02 7.680e+03
7.230e-02 7.886e+03
7.471e-02 7.493e+03
7.414e-02 7.549e+03
7.450e-02 7.529e+03
7.224e-02 7.978e+03
7.206e-02 8.056e+03
7.278e-02 7.909e+03
7.478e-02 7.472e+03
7.243e-02 7.975e+03
7.283e-02 7.756e+03
7.191e-02 7.969e+03
7.323e-02 7.739e+03
7.295e-02 7.845e+03
7.512e-02 7.423e+03
7.391e-02 7.631e+03
7.640e-02 7.186e+03
7.258e-02 7.786e+03
7.418e-02 7.519e+03
7.555e-02 7.338e+03
7.578e-02 7.209e+03
7.329e-02 7.656e+03
7.326e-02 7.761e+03
7.488e-02 7.376e+03
7.365e-02 7.527e+03
7.294e-02 7.833e+03
7.443e-02 7.474e+03
7.293e-02 7.756e+03
7.543e-02 7.366e+03
7.307e-02 7.831e+03
7.260e-02 7.888e+03
7.331e-02 7.775e+03
7.215e-02 7.896e+03
7.609e-02 7.252e+03
7.325e-02 7.717e+03
7.473e-02 7.440e+03
7.370e-02 7.622e+03
7.394e-02 7.545e+03
7.163e-02 8.102e+03
7.532e-02 7.239e+03
7.398e-02 7.721e+03
7.486e-02 7.486e+03
7.341e-02 7.723e+03
7.103e-02 8.260e+03
7.435e-02 7.450e+03
7.622e-02 7.124e+03
7.251e-02 7.943e+03
7.257e-02 7.957e+03
7.217e-02 7.988e+03
7.324e-02 7.695e+03
7.364e-02 7.543e+03
7.446e-02 7.490e+03
7.330e-02 7.673e+03
7.405e-02 7.524e+03
7.551e-02 7.231e+03
7.353e-02 7.635e+03
7.326e-02 7.708e+03
7.485e-02 7.347e+03
7.624e-02 7.103e+03
7.499e-02 7.387e+03
7.278e-02 7.876e+03
7.487e-02 7.467e+03
7.456e-02 7.469e+03
7.443e-02 7.460e+03
7.236e-02 7.887e+03
7.368e-02 7.600e+03
7.616e-02 7.148e+03
7.529e-02 7.343e+03
7.356e-02 7.704e+03
7.324e-02 7.738e+03
7.418e-02 7.620e+03
7.352e-02 7.677e+03
7.491e-02 7.406e+03
7.344e-02 7.733e+03
7.440e-02 7.473e+03
7.381e-02 7.665e+03
7.266e-02 7.913e+03
7.327e-02 7.732e+03
7.448e-02 7.431e+03
7.542e-02 7.248e+03
7.565e-02 7.299e+03
7.201e-02 7.998e+03
7.511e-02 7.341e+03
7.305e-02 7.798e+03
7.545e-02 7.304e+03
7.527e-02 7.289e+03
7.435e-02 7.505e+03
7.480e-02 7.396e+03
7.593e-02 7.192e+03
7.424e-02 7.526e+03
7.385e-02 7.740e+03
7.373e-02 7.600e+03
7.504e-02 7.419e+03
7.613e-02 7.113e+03
7.686e-02 7.039e+03
7.333e-02 7.720e+03
7.533e-02 7.317e+03
7.380e-02 7.700e+03
7.532e-02 7.361e+03
7.306e-02 7.775e+03
7.427e-02 7.505e+03
7.746e-02 6.989e+03
7.319e-02 7.712e+03
7.538e-02 7.359e+03
7.431e-02 7.533e+03
7.543e-02 7.255e+03
7.738e-02 6.978e+03
7.433e-02 7.553e+03
7.338e-02 7.735e+03
7.389e-02 7.600e+03
7.450e-02 7.486e+03
7.402e-02 7.498e+03
7.268e-02 7.806e+03
7.467e-02 7.461e+03
7.301e-02 7.791e+03
7.345e-02 7.631e+03
7.352e-02 7.724e+03
7.392e-02 7.586e+03
7.412e-02 7.618e+03
7.291e-02 7.859e+03
7.318e-02 7.739e+03
7.428e-02 7.454e+03
7.461e-02 7.425e+03
7.475e-02 7.476e+03
7.065e-02 8.357e+03
7.422e-02 7.494e+03
7.692e-02 7.040e+03
7.292e-02 7.730e+03
7.423e-02 7.544e+03
7.507e-02 7.216e+03
7.268e-02 7.945e+03
7.577e-02 7.275e+03
7.439e-02 7.488e+03
7.523e-02 7.386e+03
7.603e-02 7.186e+03
7.496e-02 7.401e+03
7.356e-02 7.705e+03
7.340e-02 7.824e+03
7.160e-02 8.061e+03
7.433e-02 7.478e+03
7.546e-02 7.289e+03
7.469e-02 7.520e+03
7.459e-02 7.459e+03
7.378e-02 7.484e+03
7.296e-02 7.844e+03
7.383e-02 7.620e+03
7.296e-02 7.716e+03
7.393e-02 7.532e+03
7.346e-02 7.634e+03
7.280e-02 7.807e+03
7.518e-02 7.350e+03
7.376e-02 7.807e+03
7.510e-02 7.313e+03
7.307e-02 7.816e+03
7.404e-02 7.625e+03
7.423e-02 7.524e+03
7.234e-02 7.899e+03
7.353e-02 7.704e+03
7.401e-02 7.596e+03
7.334e-02 7.691e+03
7.394e-02 7.606e+03
7.357e-02 7.763e+03
7.341e-02 7.797e+03
7.307e-02 7.789e+03
7.429e-02 7.459e+03
7.432e-02 7.451e+03
7.602e-02 7.227e+03
7.543e-02 7.150e+03
7.227e-02 7.979e+03
7.619e-02 7.154e+03
7.308e-02 7.701e+03
7.557e-02 7.271e+03
7.446e-02 7.472e+03
7.379e-02 7.538e+03
7.344e-02 7.731e+03
7.457e-02 7.490e+03
7.258e-02 7.797e+03
7.354e-02 7.647e+03
7.438e-02 7.438e+03
7.421e-02 7.556e+03
7.349e-02 7.633e+03
7.423e-02 7.552e+03
7.534e-02 7.269e+03
7.363e-02 7.698e+03
7.434e-02 7.460e+03
7.545e-02 7.255e+03
7.378e-02 7.566e+03
7.369e-02 7.495e+03
7.510e-02 7.343e+03
7.474e-02 7.526e+03
7.173e-02 8.143e+03
7.515e-02 7.327e+03
7.225e-02 7.860e+03
7.416e-02 7.590e+03
7.287e-02 7.846e+03
7.506e-02 7.419e+03
7.405e-02 7.568e+03
7.495e-02 7.459e+03
7.595e-02 7.272e+03
7.390e-02 7.643e+03
7.481e-02 7.491e+03
7.435e-02 7.530e+03
7.598e-02 7.229e+03
7.345e-02 7.663e+03
7.211e-02 7.958e+03
7.622e-02 7.132e+03
7.361e-02 7.596e+03
7.335e-02 7.735e+03
7.507e-02 7.543e+03
7.454e-02 7.456e+03
7.405e-02 7.551e+03
7.454e-02 7.419e+03
7.698e-02 7.011e+03
7.410e-02 7.569e+03
7.309e-02 7.737e+03
7.390e-02 7.585e+03
7.362e-02 7.741e+03
7.262e-02 7.892e+03
7.322e-02 7.714e+03
7.250e-02 7.896e+03
7.470e-02 7.483e+03
7.364e-02 7.648e+03
7.600e-02 7.171e+03
7.374e-02 7.731e+03
7.547e-02 7.361e+03
7.322e-02 7.719e+03
7.372e-02 7.598e+03
7.397e-02 7.644e+03
7.309e-02 7.729e+03
7.394e-02 7.521e+03
7.332e-02 7.750e+03
7.634e-02 7.206e+03
7.575e-02 7.216e+03
7.408e-02 7.566e+03
7.448e-02 7.519e+03
7.414e-02 7.545e+03
7.279e-02 7.803e+03
7.459e-02 7.526e+03
7.326e-02 7.827e+03
7.311e-02 7.803e+03
7.418e-02 7.549e+03
7.249e-02 7.856e+03
7.451e-02 7.387e+03
7.561e-02 7.223e+03
7.420e-02 7.614e+03
7.427e-02 7.515e+03
7.282e-02 7.840e+03
7.726e-02 6.989e+03
7.170e-02 8.030e+03
7.137e-02 8.153e+03
7.637e-02 7.114e+03
7.299e-02 7.855e+03
7.483e-02 7.294e+03
7.371e-02 7.672e+03
7.543e-02 7.275e+03
7.307e-02 7.717e+03
7.274e-02 7.766e+03
7.370e-02 7.607e+03
7.179e-02 8.008e+03
7.500e-02 7.358e+03
7.450e-02 7.535e+03
7.274e-02 7.935e+03
7.474e-02 7.434e+03
7.522e-02 7.348e+03
7.381e-02 7.530e+03
7.317e-02 7.751e+03
7.300e-02 7.830e+03
7.403e-02 7.584e+03
7.334e-02 7.681e+03
7.431e-02 7.369e+03
7.451e-02 7.353e+03
7.325e-02 7.731e+03
7.526e-02 7.317e+03
7.357e-02 7.709e+03
7.414e-02 7.593e+03
7.293e-02 7.759e+03
7.208e-02 8.088e+03
7.442e-02 7.476e+03
7.364e-02 7.682e+03
7.435e-02 7.548e+03
7.344e-02 7.628e+03
7.331e-02 7.797e+03
7.425e-02 7.486e+03
7.404e-02 7.600e+03
7.313e-02 7.670e+03
7.347e-02 7.716e+03
7.385e-02 7.602e+03
7.205e-02 7.969e+03
7.359e-02 7.764e+03
7.355e-02 7.676e+03
7.250e-02 7.791e+03
7.521e-02 7.296e+03
7.294e-02 7.719e+03
7.281e-02 7.796e+03
7.431e-02 7.551e+03
7.468e-02 7.429e+03
7.306e-02 7.737e+03
7.446e-02 7.445e+03
7.411e-02 7.482e+03
7.258e-02 7.859e+03
7.468e-02 7.521e+03
7.362e-02 7.657e+03
7.413e-02 7.556e+03
7.296e-02 7.702e+03
7.400e-02 7.588e+03
7.274e-02 7.803e+03
7.400e-02 7.512e+03
7.372e-02 7.620e+03
7.211e-02 8.032e+03
7.332e-02 7.681e+03
7.619e-02 7.158e+03
7.471e-02 7.550e+03
7.307e-02 7.698e+03
7.171e-02 8.070e+03
7.276e-02 7.855e+03
7.770e-02 6.882e+03
7.572e-02 7.215e+03
7.454e-02 7.402e+03
7.401e-02 7.601e+03
7.168e-02 8.079e+03
7.451e-02 7.444e+03
7.421e-02 7.589e+03
7.360e-02 7.635e+03
7.320e-02 7.790e+03
7.479e-02 7.390e+03
7.206e-02 8.085e+03
7.406e-02 7.578e+03
7.506e-02 7.332e+03
7.272e-02 7.766e+03
7.673e-02 6.951e+03
7.282e-02 7.734e+03
7.635e-02 7.212e+03
7.336e-02 7.673e+03
7.269e-02 7.795e+03
7.451e-02 7.477e+03
7.514e-02 7.352e+03
7.596e-02 7.204e+03
7.370e-02 7.615e+03
7.584e-02 7.237e+03
7.296e-02 7.817e+03
7.276e-02 7.876e+03
7.262e-02 7.906e+03
7.104e-02 8.243e+03
7.198e-02 8.022e+03
7.388e-02 7.564e+03
7.414e-02 7.639e+03
7.353e-02 7.628e+03
7.346e-02 7.719e+03
7.355e-02 7.711e+03
7.430e-02 7.355e+03
7.506e-02 7.360e+03
7.612e-02 7.128e+03
7.305e-02 7.834e+03
7.348e-02 7.696e+03
7.545e-02 7.222e+03
7.533e-02 7.272e+03
7.154e-02 8.171e+03
7.494e-02 7.470e+03
7.189e-02 7.961e+03
7.468e-02 7.416e+03
7.012e-02 8.476e+03
7.505e-02 7.313e+03
7.458e-02 7.477e+03
7.830e-02 6.817e+03
7.367e-02 7.638e+03
7.194e-02 8.054e+03
7.271e-02 7.882e+03
7.531e-02 7.393e+03
7.535e-02 7.344e+03
7.524e-02 7.355e+03
7.719e-02 6.937e+03
7.222e-02 8.039e+03
7.404e-02 7.559e+03
7.642e-02 7.103e+03
7.299e-02 7.759e+03
7.516e-02 7.388e+03
7.526e-02 7.240e+03
7.353e-02 7.727e+03
7.366e-02 7.658e+03
7.094e-02 8.189e+03
7.386e-02 7.734e+03
7.432e-02 7.553e+03
7.290e-02 7.844e+03
7.475e-02 7.452e+03
7.554e-02 7.329e+03
7.430e-02 7.506e+03
7.367e-02 7.653e+03
7.520e-02 7.314e+03
7.673e-02 7.125e+03
7.556e-02 7.200e+03
7.399e-02 7.502e+03
7.307e-02 7.726e+03
7.222e-02 7.919e+03
7.448e-02 7.561e+03
7.500e-02 7.330e+03
7.694e-02 7.031e+03
7.343e-02 7.720e+03
7.265e-02 7.788e+03
7.260e-02 7.878e+03
7.291e-02 7.877e+03
7.502e-02 7.366e+03
7.633e-02 7.087e+03
7.420e-02 7.622e+03
7.569e-02 7.121e+03
7.519e-02 7.381e+03
7.210e-02 7.968e+03
7.280e-02 7.873e+03
7.560e-02 7.264e+03
7.428e-02 7.502e+03
7.223e-02 7.956e+03
7.321e-02 7.671e+03
7.579e-02 7.193e+03
7.501e-02 7.354e+03
7.416e-02 7.516e+03
7.401e-02 7.607e+03
7.378e-02 7.610e+03
7.122e-02 8.310e+03
7.468e-02 7.400e+03
7.312e-02 7.837e+03
7.369e-02 7.688e+03
7.249e-02 7.972e+03
7.368e-02 7.650e+03
7.685e-02 7.093e+03
7.495e-02 7.447e+03
7.375e-02 7.565e+03
7.530e-02 7.272e+03
7.494e-02 7.484e+03
7.500e-02 7.401e+03
7.309e-02 7.745e+03
7.515e-02 7.345e+03
7.358e-02 7.708e+03
7.527e-02 7.337e+03
7.457e-02 7.477e+03
7.352e-02 7.750e+03
7.290e-02 7.789e+03
7.341e-02 7.683e+03
7.421e-02 7.508e+03
7.447e-02 7.488e+03
7.590e-02 7.154e+03
7.495e-02 7.396e+03
7.546e-02 7.363e+03
7.390e-02 7.559e+03
7.340e-02 7.702e+03
7.396e-02 7.625e+03
7.456e-02 7.469e+03
7.485e-02 7.437e+03
7.424e-02 7.564e+03
7.479e-02 7.360e+03
7.297e-02 7.754e+03
7.492e-02 7.449e+03
7.480e-02 7.509e+03
7.224e-02 7.984e+03
7.406e-02 7.577e+03
7.411e-02 7.622e+03
7.520e-02 7.308e+03
7.446e-02 7.540e+03
7.296e-02 7.749e+03
7.450e-02 7.441e+03
7.273e-02 7.886e+03
7.283e-02 7.826e+03
7.470e-02 7.451e+03
7.211e-02 7.990e+03
7.420e-02 7.679e+03
7.522e-02 7.241e+03
7.396e-02 7.632e+03
7.234e-02 7.877e+03
7.300e-02 7.715e+03
7.503e-02 7.443e+03
7.444e-02 7.453e+03
7.414e-02 7.535e+03
7.358e-02 7.699e+03
7.367e-02 7.525e+03
7.243e-02 8.008e+03
7.293e-02 7.833e+03
7.474e-02 7.430e+03
7.150e-02 8.128e+03
7.485e-02 7.400e+03
7.568e-02 7.169e+03
7.278e-02 7.817e+03
7.387e-02 7.621e+03
7.437e-02 7.539e+03
7.600e-02 7.122e+03
7.288e-02 7.794e+03
7.434e-02 7.606e+03
7.552e-02 7.270e+03
7.580e-02 7.196e+03
7.484e-02 7.362e+03
7.325e-02 7.749e+03
